"uid","namedLocation","domainID","siteID","plotID","trapID","weighDate","setDate","collectDate","ovenStartDate","ovenEndDate","fieldSampleID","massSampleID","samplingProtocolVersion","functionalGroup","dryMass","qaDryMass","remarks","measuredBy"
"6a44faf3-eaed-4ea2-8f20-d6286a1614ba","BART_037.basePlot.ltr","D01","BART","BART_037","BART_037_158","2016-04-25","2015-11-24","2016-04-06","2016-04-21T20:36Z","2016-04-25T13:45Z","NEON.LTR.BART037158.20160406","NEON.LTR.BART037158.20160406.TWI","NEON.DOC.001710vE","Twigs/branches",0.09,"N",NA,"2xX6mTIEU2zzk+aGAURxuwRthSzBo/kx"
"6fa4dbc3-44f2-4a54-953a-1eddf5474456","BART_037.basePlot.ltr","D01","BART","BART_037","BART_037_158","2016-04-25","2015-11-24","2016-04-06","2016-04-21T20:36Z","2016-04-25T13:45Z","NEON.LTR.BART037158.20160406","NEON.LTR.BART037158.20160406.NDL","NEON.DOC.001710vE","Needles",0.11,"N",NA,"2xX6mTIEU2zzk+aGAURxuwRthSzBo/kx"
"acf81a7b-03bd-40a6-a611-9d27c5a02f0e","BART_037.basePlot.ltr","D01","BART","BART_037","BART_037_158","2016-04-25","2015-11-24","2016-04-06","2016-04-21T20:36Z","2016-04-25T13:45Z","NEON.LTR.BART037158.20160406","NEON.LTR.BART037158.20160406.OTH","NEON.DOC.001710vE","Other",0.37,"N",NA,"2xX6mTIEU2zzk+aGAURxuwRthSzBo/kx"
"015782e2-59ab-4491-a12c-f48d1d30ab34","BART_037.basePlot.ltr","D01","BART","BART_037","BART_037_158","2016-04-25","2015-11-24","2016-04-06","2016-04-21T20:36Z","2016-04-25T13:45Z","NEON.LTR.BART037158.20160406","NEON.LTR.BART037158.20160406.WDY","NEON.DOC.001710vE","Woody material",0.14,"N",NA,"2xX6mTIEU2zzk+aGAURxuwRthSzBo/kx"
"fb9470b0-db13-4636-97e9-7982a2f7724c","BART_039.basePlot.ltr","D01","BART","BART_039","BART_039_587","2016-04-25","2015-11-24","2016-04-06","2016-04-21T20:36Z","2016-04-25T13:45Z","NEON.LTR.BART039587.20160406","NEON.LTR.BART039587.20160406.NDL","NEON.DOC.001710vE","Needles",1.07,"N",NA,"2xX6mTIEU2zzk+aGAURxuwRthSzBo/kx"
"7f29dfc7-0e9c-4824-a20b-05682c0fee87","BART_039.basePlot.ltr","D01","BART","BART_039","BART_039_587","2016-04-25","2015-11-24","2016-04-06","2016-04-21T20:36Z","2016-04-25T13:45Z","NEON.LTR.BART039587.20160406","NEON.LTR.BART039587.20160406.FLR","NEON.DOC.001710vE","Flowers",0.02,"N",NA,"2xX6mTIEU2zzk+aGAURxuwRthSzBo/kx"
"1f81e452-c20d-4d70-b059-109dc90c0229","BART_039.basePlot.ltr","D01","BART","BART_039","BART_039_587","2016-04-25","2015-11-24","2016-04-06","2016-04-21T20:36Z","2016-04-25T13:45Z","NEON.LTR.BART039587.20160406","NEON.LTR.BART039587.20160406.TWI","NEON.DOC.001710vE","Twigs/branches",4.01,"N",NA,"2xX6mTIEU2zzk+aGAURxuwRthSzBo/kx"
"1127a38e-9f1a-408a-8b62-b4b1a5acecba","BART_039.basePlot.ltr","D01","BART","BART_039","BART_039_587","2016-04-25","2015-11-24","2016-04-06","2016-04-21T20:36Z","2016-04-25T13:45Z","NEON.LTR.BART039587.20160406","NEON.LTR.BART039587.20160406.WDY","NEON.DOC.001710vE","Woody material",1.53,"N",NA,"2xX6mTIEU2zzk+aGAURxuwRthSzBo/kx"
"a5ecc741-5e3f-4516-a074-8d7039648855","BART_039.basePlot.ltr","D01","BART","BART_039","BART_039_587","2016-04-25","2015-11-24","2016-04-06","2016-04-21T20:36Z","2016-04-25T13:45Z","NEON.LTR.BART039587.20160406","NEON.LTR.BART039587.20160406.LVS","NEON.DOC.001710vE","Leaves",0.27,"N",NA,"2xX6mTIEU2zzk+aGAURxuwRthSzBo/kx"
"604ba1ab-5a83-4b4a-bc3d-ff4f12fbeea7","BART_039.basePlot.ltr","D01","BART","BART_039","BART_039_587","2016-04-25","2015-11-24","2016-04-06","2016-04-21T20:36Z","2016-04-25T13:45Z","NEON.LTR.BART039587.20160406","NEON.LTR.BART039587.20160406.SDS","NEON.DOC.001710vE","Seeds",0.46,"N",NA,"2xX6mTIEU2zzk+aGAURxuwRthSzBo/kx"
"0ab09b41-50ee-4f0b-90d8-cb9cad47cc36","BART_039.basePlot.ltr","D01","BART","BART_039","BART_039_587","2016-04-25","2015-11-24","2016-04-06","2016-04-21T20:36Z","2016-04-25T13:45Z","NEON.LTR.BART039587.20160406","NEON.LTR.BART039587.20160406.OTH","NEON.DOC.001710vE","Other",1.94,"N",NA,"2xX6mTIEU2zzk+aGAURxuwRthSzBo/kx"
"b1f86c8f-5e4a-4639-b9a4-bfa54a9008ba","BART_034.basePlot.ltr","D01","BART","BART_034","BART_034_451","2016-04-25","2015-11-24","2016-04-06","2016-04-21T20:36Z","2016-04-25T13:45Z","NEON.LTR.BART034451.20160406","NEON.LTR.BART034451.20160406.OTH","NEON.DOC.001710vE","Other",3.19,"N",NA,"2xX6mTIEU2zzk+aGAURxuwRthSzBo/kx"
"9342a28a-499b-44b9-9159-7f407b05e8e9","BART_034.basePlot.ltr","D01","BART","BART_034","BART_034_451","2016-04-25","2015-11-24","2016-04-06","2016-04-21T20:36Z","2016-04-25T13:45Z","NEON.LTR.BART034451.20160406","NEON.LTR.BART034451.20160406.FLR","NEON.DOC.001710vE","Flowers",0.14,"N",NA,"2xX6mTIEU2zzk+aGAURxuwRthSzBo/kx"
"2bb072ad-f08c-471d-b198-36a409c8629f","BART_034.basePlot.ltr","D01","BART","BART_034","BART_034_451","2016-04-25","2015-11-24","2016-04-06","2016-04-21T20:36Z","2016-04-25T13:45Z","NEON.LTR.BART034451.20160406","NEON.LTR.BART034451.20160406.WDY","NEON.DOC.001710vE","Woody material",1.11,"N",NA,"2xX6mTIEU2zzk+aGAURxuwRthSzBo/kx"
"69b8653d-5b05-4cb6-bab4-cdc5f9383bc4","BART_034.basePlot.ltr","D01","BART","BART_034","BART_034_451","2016-04-25","2015-11-24","2016-04-06","2016-04-21T20:36Z","2016-04-25T13:45Z","NEON.LTR.BART034451.20160406","NEON.LTR.BART034451.20160406.SDS","NEON.DOC.001710vE","Seeds",0.16,"N",NA,"2xX6mTIEU2zzk+aGAURxuwRthSzBo/kx"
"17b2445e-fdbe-486f-ae0a-7e56eee7c3b6","BART_034.basePlot.ltr","D01","BART","BART_034","BART_034_451","2016-04-25","2015-11-24","2016-04-06","2016-04-21T20:36Z","2016-04-25T13:45Z","NEON.LTR.BART034451.20160406","NEON.LTR.BART034451.20160406.LVS","NEON.DOC.001710vE","Leaves",0.08,"N",NA,"2xX6mTIEU2zzk+aGAURxuwRthSzBo/kx"
"3790499f-5091-4b7c-ac0b-fa1d8ba86d30","BART_034.basePlot.ltr","D01","BART","BART_034","BART_034_451","2016-04-25","2015-11-24","2016-04-06","2016-04-21T20:36Z","2016-04-25T13:45Z","NEON.LTR.BART034451.20160406","NEON.LTR.BART034451.20160406.TWI","NEON.DOC.001710vE","Twigs/branches",4.01,"N",NA,"2xX6mTIEU2zzk+aGAURxuwRthSzBo/kx"
"66acaae2-2df9-4ec7-8b9f-c7c820c1da22","BART_034.basePlot.ltr","D01","BART","BART_034","BART_034_451","2016-04-25","2015-11-24","2016-04-06","2016-04-21T20:36Z","2016-04-25T13:45Z","NEON.LTR.BART034451.20160406","NEON.LTR.BART034451.20160406.NDL","NEON.DOC.001710vE","Needles",1.03,"N",NA,"2xX6mTIEU2zzk+aGAURxuwRthSzBo/kx"
"f409c19e-b21d-436b-b5f3-d9d72e6c37a9","BART_051.basePlot.ltr","D01","BART","BART_051","BART_051_813","2016-04-25","2015-11-24","2016-04-06","2016-04-21T20:36Z","2016-04-25T13:45Z","NEON.LTR.BART051813.20160406","NEON.LTR.BART051813.20160406.LVS","NEON.DOC.001710vE","Leaves",0.23,"N",NA,"2xX6mTIEU2zzk+aGAURxuwRthSzBo/kx"
"b3ad0d2e-9f29-4eca-b6ee-e81f1dcc9ef9","BART_051.basePlot.ltr","D01","BART","BART_051","BART_051_813","2016-04-25","2015-11-24","2016-04-06","2016-04-21T20:36Z","2016-04-25T13:45Z","NEON.LTR.BART051813.20160406","NEON.LTR.BART051813.20160406.FLR","NEON.DOC.001710vE","Flowers",0.06,"N",NA,"2xX6mTIEU2zzk+aGAURxuwRthSzBo/kx"
"bdc1fdfe-0d50-4379-afd8-004738e77b3a","BART_051.basePlot.ltr","D01","BART","BART_051","BART_051_813","2016-04-25","2015-11-24","2016-04-06","2016-04-21T20:36Z","2016-04-25T13:45Z","NEON.LTR.BART051813.20160406","NEON.LTR.BART051813.20160406.NDL","NEON.DOC.001710vE","Needles",1.28,"Y",NA,"2xX6mTIEU2zzk+aGAURxuwRthSzBo/kx"
"1f0a312f-6f72-4bcb-82c1-4005438f24ab","BART_051.basePlot.ltr","D01","BART","BART_051","BART_051_813","2016-04-25","2015-11-24","2016-04-06","2016-04-21T20:36Z","2016-04-25T13:45Z","NEON.LTR.BART051813.20160406","NEON.LTR.BART051813.20160406.OTH","NEON.DOC.001710vE","Other",3.01,"N",NA,"2xX6mTIEU2zzk+aGAURxuwRthSzBo/kx"
"af16f8e8-1d93-466e-b101-453f7c253de6","BART_051.basePlot.ltr","D01","BART","BART_051","BART_051_813","2016-04-25","2015-11-24","2016-04-06","2016-04-21T20:36Z","2016-04-25T13:45Z","NEON.LTR.BART051813.20160406","NEON.LTR.BART051813.20160406.WDY","NEON.DOC.001710vE","Woody material",4.18,"N",NA,"2xX6mTIEU2zzk+aGAURxuwRthSzBo/kx"
"f749688d-7a96-4325-809d-59dcdb9d8c7b","BART_051.basePlot.ltr","D01","BART","BART_051","BART_051_813","2016-04-25","2015-11-24","2016-04-06","2016-04-21T20:36Z","2016-04-25T13:45Z","NEON.LTR.BART051813.20160406","NEON.LTR.BART051813.20160406.TWI","NEON.DOC.001710vE","Twigs/branches",5.49,"N",NA,"2xX6mTIEU2zzk+aGAURxuwRthSzBo/kx"
"66369f17-ff5c-429b-a3f9-63f3179348a4","BART_051.basePlot.ltr","D01","BART","BART_051","BART_051_813","2016-04-25","2015-11-24","2016-04-06","2016-04-21T20:36Z","2016-04-25T13:45Z","NEON.LTR.BART051813.20160406","NEON.LTR.BART051813.20160406.SDS","NEON.DOC.001710vE","Seeds",0.23,"N",NA,"2xX6mTIEU2zzk+aGAURxuwRthSzBo/kx"
"97f35fc0-b18e-44ab-b22d-012dc9fb3e79","BART_073.basePlot.ltr","D01","BART","BART_073","BART_073_409","2016-04-25","2015-11-24","2016-04-06","2016-04-21T20:36Z","2016-04-25T13:45Z","NEON.LTR.BART073409.20160406","NEON.LTR.BART073409.20160406.NDL","NEON.DOC.001710vE","Needles",1.88,"N",NA,"2xX6mTIEU2zzk+aGAURxuwRthSzBo/kx"
"8683ec80-38f9-4a52-a5bb-065a13aa7f97","BART_073.basePlot.ltr","D01","BART","BART_073","BART_073_409","2016-04-25","2015-11-24","2016-04-06","2016-04-21T20:36Z","2016-04-25T13:45Z","NEON.LTR.BART073409.20160406","NEON.LTR.BART073409.20160406.TWI","NEON.DOC.001710vE","Twigs/branches",3.2,"N",NA,"2xX6mTIEU2zzk+aGAURxuwRthSzBo/kx"
"6396e8d3-14b7-4768-8c2b-f4ae34740609","BART_073.basePlot.ltr","D01","BART","BART_073","BART_073_409","2016-04-25","2015-11-24","2016-04-06","2016-04-21T20:36Z","2016-04-25T13:45Z","NEON.LTR.BART073409.20160406","NEON.LTR.BART073409.20160406.WDY","NEON.DOC.001710vE","Woody material",0.75,"N",NA,"2xX6mTIEU2zzk+aGAURxuwRthSzBo/kx"
"b8ed5647-b2df-4577-8293-30d236c12019","BART_073.basePlot.ltr","D01","BART","BART_073","BART_073_409","2016-04-25","2015-11-24","2016-04-06","2016-04-21T20:36Z","2016-04-25T13:45Z","NEON.LTR.BART073409.20160406","NEON.LTR.BART073409.20160406.OTH","NEON.DOC.001710vE","Other",1.11,"N",NA,"2xX6mTIEU2zzk+aGAURxuwRthSzBo/kx"
"81c066fe-a6a5-4d3d-920b-784986223663","BART_073.basePlot.ltr","D01","BART","BART_073","BART_073_409","2016-04-25","2015-11-24","2016-04-06","2016-04-21T20:36Z","2016-04-25T13:45Z","NEON.LTR.BART073409.20160406","NEON.LTR.BART073409.20160406.SDS","NEON.DOC.001710vE","Seeds",0.11,"N",NA,"2xX6mTIEU2zzk+aGAURxuwRthSzBo/kx"
"cb0b183a-923a-400c-89c5-fd9709eae1bb","BART_073.basePlot.ltr","D01","BART","BART_073","BART_073_409","2016-04-25","2015-11-24","2016-04-06","2016-04-21T20:36Z","2016-04-25T13:45Z","NEON.LTR.BART073409.20160406","NEON.LTR.BART073409.20160406.FLR","NEON.DOC.001710vE","Flowers",0.06,"N",NA,"2xX6mTIEU2zzk+aGAURxuwRthSzBo/kx"
"af9dadf1-0905-480e-9344-276bc9c9b995","BART_073.basePlot.ltr","D01","BART","BART_073","BART_073_409","2016-04-25","2015-11-24","2016-04-06","2016-04-21T20:36Z","2016-04-25T13:45Z","NEON.LTR.BART073409.20160406","NEON.LTR.BART073409.20160406.LVS","NEON.DOC.001710vE","Leaves",0.02,"Y",NA,"2xX6mTIEU2zzk+aGAURxuwRthSzBo/kx"
"120846c6-eb2c-487d-b7ad-09845eb49e69","BART_034.basePlot.ltr","D01","BART","BART_034","BART_034_531","2016-04-25","2015-11-24","2016-04-06","2016-04-21T20:36Z","2016-04-25T13:45Z","NEON.LTR.BART034531.20160406","NEON.LTR.BART034531.20160406.SDS","NEON.DOC.001710vE","Seeds",0.3,"N",NA,"2xX6mTIEU2zzk+aGAURxuwRthSzBo/kx"
"3775b524-ebe6-4e3d-82f7-1d1d01164d53","BART_034.basePlot.ltr","D01","BART","BART_034","BART_034_531","2016-04-25","2015-11-24","2016-04-06","2016-04-21T20:36Z","2016-04-25T13:45Z","NEON.LTR.BART034531.20160406","NEON.LTR.BART034531.20160406.OTH","NEON.DOC.001710vE","Other",2.4,"N",NA,"2xX6mTIEU2zzk+aGAURxuwRthSzBo/kx"
"a601a64b-b75c-4cc3-82b7-e9347f972982","BART_034.basePlot.ltr","D01","BART","BART_034","BART_034_531","2016-04-25","2015-11-24","2016-04-06","2016-04-21T20:36Z","2016-04-25T13:45Z","NEON.LTR.BART034531.20160406","NEON.LTR.BART034531.20160406.WDY","NEON.DOC.001710vE","Woody material",4.12,"N",NA,"2xX6mTIEU2zzk+aGAURxuwRthSzBo/kx"
"a1bae225-1044-4ec5-97bc-4dfd991b6f2e","BART_034.basePlot.ltr","D01","BART","BART_034","BART_034_531","2016-04-25","2015-11-24","2016-04-06","2016-04-21T20:36Z","2016-04-25T13:45Z","NEON.LTR.BART034531.20160406","NEON.LTR.BART034531.20160406.LVS","NEON.DOC.001710vE","Leaves",0.33,"N",NA,"2xX6mTIEU2zzk+aGAURxuwRthSzBo/kx"
"63a85ecc-ba32-473a-8510-7bd362cb6038","BART_034.basePlot.ltr","D01","BART","BART_034","BART_034_531","2016-04-25","2015-11-24","2016-04-06","2016-04-21T20:36Z","2016-04-25T13:45Z","NEON.LTR.BART034531.20160406","NEON.LTR.BART034531.20160406.FLR","NEON.DOC.001710vE","Flowers",0.06,"N",NA,"2xX6mTIEU2zzk+aGAURxuwRthSzBo/kx"
"dc3975e4-015c-43c1-a69f-a45163c10e20","BART_034.basePlot.ltr","D01","BART","BART_034","BART_034_531","2016-04-25","2015-11-24","2016-04-06","2016-04-21T20:36Z","2016-04-25T13:45Z","NEON.LTR.BART034531.20160406","NEON.LTR.BART034531.20160406.NDL","NEON.DOC.001710vE","Needles",0.46,"Y",NA,"2xX6mTIEU2zzk+aGAURxuwRthSzBo/kx"
"10b1aa2d-f880-4733-bdd2-6b91844e14b4","BART_034.basePlot.ltr","D01","BART","BART_034","BART_034_531","2016-04-25","2015-11-24","2016-04-06","2016-04-21T20:36Z","2016-04-25T13:45Z","NEON.LTR.BART034531.20160406","NEON.LTR.BART034531.20160406.TWI","NEON.DOC.001710vE","Twigs/branches",1.46,"N",NA,"2xX6mTIEU2zzk+aGAURxuwRthSzBo/kx"
"8676718f-5db9-4d41-9ea1-b2bbc6505a06","BART_044.basePlot.ltr","D01","BART","BART_044","BART_044_410","2016-04-25","2015-11-24","2016-04-06","2016-04-21T20:36Z","2016-04-25T13:45Z","NEON.LTR.BART044410.20160406","NEON.LTR.BART044410.20160406.TWI","NEON.DOC.001710vE","Twigs/branches",0.82,"N",NA,"2xX6mTIEU2zzk+aGAURxuwRthSzBo/kx"
"88fdc765-1fea-4bf3-aa4a-0a944dd60ee4","BART_044.basePlot.ltr","D01","BART","BART_044","BART_044_410","2016-04-25","2015-11-24","2016-04-06","2016-04-21T20:36Z","2016-04-25T13:45Z","NEON.LTR.BART044410.20160406","NEON.LTR.BART044410.20160406.OTH","NEON.DOC.001710vE","Other",0.3,"N",NA,"2xX6mTIEU2zzk+aGAURxuwRthSzBo/kx"
"e6a0b0d4-4682-420e-b6b8-8c08a963e3ac","BART_044.basePlot.ltr","D01","BART","BART_044","BART_044_410","2016-04-25","2015-11-24","2016-04-06","2016-04-21T20:36Z","2016-04-25T13:45Z","NEON.LTR.BART044410.20160406","NEON.LTR.BART044410.20160406.FLR","NEON.DOC.001710vE","Flowers",0.05,"N",NA,"2xX6mTIEU2zzk+aGAURxuwRthSzBo/kx"
"e77a9063-a778-4657-857d-56da9511c5ce","BART_044.basePlot.ltr","D01","BART","BART_044","BART_044_410","2016-04-25","2015-11-24","2016-04-06","2016-04-21T20:36Z","2016-04-25T13:45Z","NEON.LTR.BART044410.20160406","NEON.LTR.BART044410.20160406.LVS","NEON.DOC.001710vE","Leaves",0.02,"N",NA,"2xX6mTIEU2zzk+aGAURxuwRthSzBo/kx"
"4ed27bd3-4389-4444-baea-1564f740af9d","BART_044.basePlot.ltr","D01","BART","BART_044","BART_044_410","2016-04-25","2015-11-24","2016-04-06","2016-04-21T20:36Z","2016-04-25T13:45Z","NEON.LTR.BART044410.20160406","NEON.LTR.BART044410.20160406.SDS","NEON.DOC.001710vE","Seeds",0.71,"N",NA,"2xX6mTIEU2zzk+aGAURxuwRthSzBo/kx"
"b72a5ef9-9219-46d7-855b-34ec8b9b09c8","BART_044.basePlot.ltr","D01","BART","BART_044","BART_044_410","2016-04-25","2015-11-24","2016-04-06","2016-04-21T20:36Z","2016-04-25T13:45Z","NEON.LTR.BART044410.20160406","NEON.LTR.BART044410.20160406.WDY","NEON.DOC.001710vE","Woody material",2.88,"N",NA,"2xX6mTIEU2zzk+aGAURxuwRthSzBo/kx"
"982adbe3-c35c-4383-8174-2fb3a72abd55","BART_044.basePlot.ltr","D01","BART","BART_044","BART_044_410","2016-04-25","2015-11-24","2016-04-06","2016-04-21T20:36Z","2016-04-25T13:45Z","NEON.LTR.BART044410.20160406","NEON.LTR.BART044410.20160406.NDL","NEON.DOC.001710vE","Needles",0.41,"N",NA,"2xX6mTIEU2zzk+aGAURxuwRthSzBo/kx"
"90f68988-9f6f-4d1a-b80a-8da956840990","BART_032.basePlot.ltr","D01","BART","BART_032","BART_032_293","2016-04-25","2015-11-24","2016-04-06","2016-04-21T20:36Z","2016-04-25T13:45Z","NEON.LTR.BART032293.20160406","NEON.LTR.BART032293.20160406.WDY","NEON.DOC.001710vE","Woody material",1.18,"N",NA,"2xX6mTIEU2zzk+aGAURxuwRthSzBo/kx"
"f2361ad2-7b63-4bf5-98d5-f9255f7cae54","BART_032.basePlot.ltr","D01","BART","BART_032","BART_032_293","2016-04-25","2015-11-24","2016-04-06","2016-04-21T20:36Z","2016-04-25T13:45Z","NEON.LTR.BART032293.20160406","NEON.LTR.BART032293.20160406.SDS","NEON.DOC.001710vE","Seeds",0.1,"N",NA,"2xX6mTIEU2zzk+aGAURxuwRthSzBo/kx"
"605b951d-31bd-4c88-abd8-1846afb9a59d","BART_032.basePlot.ltr","D01","BART","BART_032","BART_032_293","2016-04-25","2015-11-24","2016-04-06","2016-04-21T20:36Z","2016-04-25T13:45Z","NEON.LTR.BART032293.20160406","NEON.LTR.BART032293.20160406.NDL","NEON.DOC.001710vE","Needles",0.11,"N",NA,"2xX6mTIEU2zzk+aGAURxuwRthSzBo/kx"
"9268edf7-06e2-4950-a91b-3d187447b956","BART_032.basePlot.ltr","D01","BART","BART_032","BART_032_293","2016-04-25","2015-11-24","2016-04-06","2016-04-21T20:36Z","2016-04-25T13:45Z","NEON.LTR.BART032293.20160406","NEON.LTR.BART032293.20160406.LVS","NEON.DOC.001710vE","Leaves",0.15,"N",NA,"2xX6mTIEU2zzk+aGAURxuwRthSzBo/kx"
"38edb03f-54b1-4e9f-a967-05de88c740b3","BART_032.basePlot.ltr","D01","BART","BART_032","BART_032_293","2016-04-25","2015-11-24","2016-04-06","2016-04-21T20:36Z","2016-04-25T13:45Z","NEON.LTR.BART032293.20160406","NEON.LTR.BART032293.20160406.OTH","NEON.DOC.001710vE","Other",1.14,"N",NA,"2xX6mTIEU2zzk+aGAURxuwRthSzBo/kx"
"63d10a1e-4c64-425b-b36d-d73a9b2a0078","BART_032.basePlot.ltr","D01","BART","BART_032","BART_032_293","2016-04-25","2015-11-24","2016-04-06","2016-04-21T20:36Z","2016-04-25T13:45Z","NEON.LTR.BART032293.20160406","NEON.LTR.BART032293.20160406.TWI","NEON.DOC.001710vE","Twigs/branches",30.73,"Y",NA,"2xX6mTIEU2zzk+aGAURxuwRthSzBo/kx"
"c582bba1-be17-461c-924a-b3db5d01b68a","BART_032.basePlot.ltr","D01","BART","BART_032","BART_032_293","2016-04-25","2015-11-24","2016-04-06","2016-04-21T20:36Z","2016-04-25T13:45Z","NEON.LTR.BART032293.20160406","NEON.LTR.BART032293.20160406.FLR","NEON.DOC.001710vE","Flowers",0.02,"N",NA,"2xX6mTIEU2zzk+aGAURxuwRthSzBo/kx"
"75aa4e93-5cfb-4e90-8731-99cd2b586fb7","BART_072.basePlot.ltr","D01","BART","BART_072","BART_072_162","2016-04-25","2015-11-24","2016-04-06","2016-04-21T20:36Z","2016-04-25T13:45Z","NEON.LTR.BART072162.20160406","NEON.LTR.BART072162.20160406.LVS","NEON.DOC.001710vE","Leaves",0.06,"N",NA,"2xX6mTIEU2zzk+aGAURxuwRthSzBo/kx"
"79c2b959-4abf-4759-a443-ccb4e5cd9d85","BART_072.basePlot.ltr","D01","BART","BART_072","BART_072_162","2016-04-25","2015-11-24","2016-04-06","2016-04-21T20:36Z","2016-04-25T13:45Z","NEON.LTR.BART072162.20160406","NEON.LTR.BART072162.20160406.FLR","NEON.DOC.001710vE","Flowers",0.06,"N",NA,"2xX6mTIEU2zzk+aGAURxuwRthSzBo/kx"
"131706ee-301b-4490-b909-caad76c874fb","BART_072.basePlot.ltr","D01","BART","BART_072","BART_072_162","2016-04-25","2015-11-24","2016-04-06","2016-04-21T20:36Z","2016-04-25T13:45Z","NEON.LTR.BART072162.20160406","NEON.LTR.BART072162.20160406.SDS","NEON.DOC.001710vE","Seeds",0.62,"Y",NA,"2xX6mTIEU2zzk+aGAURxuwRthSzBo/kx"
"533e23c7-1a79-4034-97fb-7d7b186b9ce6","BART_072.basePlot.ltr","D01","BART","BART_072","BART_072_162","2016-04-25","2015-11-24","2016-04-06","2016-04-21T20:36Z","2016-04-25T13:45Z","NEON.LTR.BART072162.20160406","NEON.LTR.BART072162.20160406.NDL","NEON.DOC.001710vE","Needles",0.31,"N",NA,"2xX6mTIEU2zzk+aGAURxuwRthSzBo/kx"
"b69130d3-587c-4991-858a-2091d7ee88c8","BART_072.basePlot.ltr","D01","BART","BART_072","BART_072_162","2016-04-25","2015-11-24","2016-04-06","2016-04-21T20:36Z","2016-04-25T13:45Z","NEON.LTR.BART072162.20160406","NEON.LTR.BART072162.20160406.WDY","NEON.DOC.001710vE","Woody material",2.39,"Y",NA,"2xX6mTIEU2zzk+aGAURxuwRthSzBo/kx"
"8d12c905-3c62-4b0d-a201-8f831ccb2a07","BART_072.basePlot.ltr","D01","BART","BART_072","BART_072_162","2016-04-25","2015-11-24","2016-04-06","2016-04-21T20:36Z","2016-04-25T13:45Z","NEON.LTR.BART072162.20160406","NEON.LTR.BART072162.20160406.OTH","NEON.DOC.001710vE","Other",1.2,"N",NA,"2xX6mTIEU2zzk+aGAURxuwRthSzBo/kx"
"bac28a48-dbe6-4ecd-9d33-93cbf5c39b4d","BART_072.basePlot.ltr","D01","BART","BART_072","BART_072_162","2016-04-25","2015-11-24","2016-04-06","2016-04-21T20:36Z","2016-04-25T13:45Z","NEON.LTR.BART072162.20160406","NEON.LTR.BART072162.20160406.TWI","NEON.DOC.001710vE","Twigs/branches",4.26,"N",NA,"2xX6mTIEU2zzk+aGAURxuwRthSzBo/kx"
"88b187a5-5930-49cf-9bc8-2cefce354440","BART_050.basePlot.ltr","D01","BART","BART_050","BART_050_046","2016-04-25","2015-11-24","2016-04-06","2016-04-21T20:36Z","2016-04-25T13:45Z","NEON.LTR.BART050046.20160406","NEON.LTR.BART050046.20160406.LVS","NEON.DOC.001710vE","Leaves",0.16,"Y",NA,"2xX6mTIEU2zzk+aGAURxuwRthSzBo/kx"
"7851abe1-001a-4a93-b8ce-c41bf5c1395d","BART_050.basePlot.ltr","D01","BART","BART_050","BART_050_046","2016-04-25","2015-11-24","2016-04-06","2016-04-21T20:36Z","2016-04-25T13:45Z","NEON.LTR.BART050046.20160406","NEON.LTR.BART050046.20160406.TWI","NEON.DOC.001710vE","Twigs/branches",6.32,"Y",NA,"2xX6mTIEU2zzk+aGAURxuwRthSzBo/kx"
"36943ebb-edf4-4d2d-b581-0bd46d8ad69d","BART_050.basePlot.ltr","D01","BART","BART_050","BART_050_046","2016-04-25","2015-11-24","2016-04-06","2016-04-21T20:36Z","2016-04-25T13:45Z","NEON.LTR.BART050046.20160406","NEON.LTR.BART050046.20160406.SDS","NEON.DOC.001710vE","Seeds",0.45,"N",NA,"2xX6mTIEU2zzk+aGAURxuwRthSzBo/kx"
"dec0e991-3408-4d31-a60e-28955c607383","BART_050.basePlot.ltr","D01","BART","BART_050","BART_050_046","2016-04-25","2015-11-24","2016-04-06","2016-04-21T20:36Z","2016-04-25T13:45Z","NEON.LTR.BART050046.20160406","NEON.LTR.BART050046.20160406.WDY","NEON.DOC.001710vE","Woody material",4.69,"N",NA,"2xX6mTIEU2zzk+aGAURxuwRthSzBo/kx"
"ac00f340-ce21-46ba-a9f4-2472c0e75f7c","BART_050.basePlot.ltr","D01","BART","BART_050","BART_050_046","2016-04-25","2015-11-24","2016-04-06","2016-04-21T20:36Z","2016-04-25T13:45Z","NEON.LTR.BART050046.20160406","NEON.LTR.BART050046.20160406.FLR","NEON.DOC.001710vE","Flowers",0.04,"N",NA,"2xX6mTIEU2zzk+aGAURxuwRthSzBo/kx"
"93b20487-0bb3-4fb2-bc3c-19d5ebc38c29","BART_050.basePlot.ltr","D01","BART","BART_050","BART_050_046","2016-04-25","2015-11-24","2016-04-06","2016-04-21T20:36Z","2016-04-25T13:45Z","NEON.LTR.BART050046.20160406","NEON.LTR.BART050046.20160406.NDL","NEON.DOC.001710vE","Needles",1.46,"N",NA,"2xX6mTIEU2zzk+aGAURxuwRthSzBo/kx"
"1285f504-8871-4e62-8588-026b0c0edafe","BART_050.basePlot.ltr","D01","BART","BART_050","BART_050_046","2016-04-25","2015-11-24","2016-04-06","2016-04-21T20:36Z","2016-04-25T13:45Z","NEON.LTR.BART050046.20160406","NEON.LTR.BART050046.20160406.OTH","NEON.DOC.001710vE","Other",8.34,"N",NA,"2xX6mTIEU2zzk+aGAURxuwRthSzBo/kx"
"ce7df364-c47b-4a88-9c06-e9b507cc876e","BART_047.basePlot.ltr","D01","BART","BART_047","BART_047_864","2016-04-25","2015-11-24","2016-04-06","2016-04-21T20:36Z","2016-04-25T13:45Z","NEON.LTR.BART047864.20160406","NEON.LTR.BART047864.20160406.OTH","NEON.DOC.001710vE","Other",0.35,"N",NA,"2xX6mTIEU2zzk+aGAURxuwRthSzBo/kx"
"3ce77143-bd75-41ad-87ca-fc615c4c9988","BART_047.basePlot.ltr","D01","BART","BART_047","BART_047_864","2016-04-25","2015-11-24","2016-04-06","2016-04-21T20:36Z","2016-04-25T13:45Z","NEON.LTR.BART047864.20160406","NEON.LTR.BART047864.20160406.FLR","NEON.DOC.001710vE","Flowers",0.005,"N",NA,"2xX6mTIEU2zzk+aGAURxuwRthSzBo/kx"
"9e0a3dc1-a0ab-4b15-a63a-f0e6520f68ec","BART_047.basePlot.ltr","D01","BART","BART_047","BART_047_864","2016-04-25","2015-11-24","2016-04-06","2016-04-21T20:36Z","2016-04-25T13:45Z","NEON.LTR.BART047864.20160406","NEON.LTR.BART047864.20160406.SDS","NEON.DOC.001710vE","Seeds",0.45,"N",NA,"2xX6mTIEU2zzk+aGAURxuwRthSzBo/kx"
"e592a467-b0fb-4ad9-8813-14ac4fc01f55","BART_047.basePlot.ltr","D01","BART","BART_047","BART_047_864","2016-04-25","2015-11-24","2016-04-06","2016-04-21T20:36Z","2016-04-25T13:45Z","NEON.LTR.BART047864.20160406","NEON.LTR.BART047864.20160406.LVS","NEON.DOC.001710vE","Leaves",0.46,"N",NA,"2xX6mTIEU2zzk+aGAURxuwRthSzBo/kx"
"6e048a31-93be-469d-ad4a-c7cf471b96bc","BART_046.basePlot.ltr","D01","BART","BART_046","BART_046_852","2016-04-25","2015-11-24","2016-04-06","2016-04-21T20:36Z","2016-04-25T13:45Z","NEON.LTR.BART046852.20160406","NEON.LTR.BART046852.20160406.OTH","NEON.DOC.001710vE","Other",0.18,"N",NA,"2xX6mTIEU2zzk+aGAURxuwRthSzBo/kx"
"267bfd48-cff7-48f2-a7e1-e918ee80a546","BART_046.basePlot.ltr","D01","BART","BART_046","BART_046_852","2016-04-25","2015-11-24","2016-04-06","2016-04-21T20:36Z","2016-04-25T13:45Z","NEON.LTR.BART046852.20160406","NEON.LTR.BART046852.20160406.TWI","NEON.DOC.001710vE","Twigs/branches",0.73,"N",NA,"2xX6mTIEU2zzk+aGAURxuwRthSzBo/kx"
"8c17f65c-6f3e-4878-bef6-1385bd3048cc","BART_046.basePlot.ltr","D01","BART","BART_046","BART_046_852","2016-04-25","2015-11-24","2016-04-06","2016-04-21T20:36Z","2016-04-25T13:45Z","NEON.LTR.BART046852.20160406","NEON.LTR.BART046852.20160406.SDS","NEON.DOC.001710vE","Seeds",0.39,"N",NA,"2xX6mTIEU2zzk+aGAURxuwRthSzBo/kx"
"b9240946-0cdd-4a85-ac09-e4ff2de51546","BART_046.basePlot.ltr","D01","BART","BART_046","BART_046_852","2016-04-25","2015-11-24","2016-04-06","2016-04-21T20:36Z","2016-04-25T13:45Z","NEON.LTR.BART046852.20160406","NEON.LTR.BART046852.20160406.LVS","NEON.DOC.001710vE","Leaves",0.005,"N",NA,"2xX6mTIEU2zzk+aGAURxuwRthSzBo/kx"
"15251c82-bd9e-4045-911e-0c3caa314da4","BART_046.basePlot.ltr","D01","BART","BART_046","BART_046_852","2016-04-25","2015-11-24","2016-04-06","2016-04-21T20:36Z","2016-04-25T13:45Z","NEON.LTR.BART046852.20160406","NEON.LTR.BART046852.20160406.WDY","NEON.DOC.001710vE","Woody material",0.14,"N",NA,"2xX6mTIEU2zzk+aGAURxuwRthSzBo/kx"
"77825149-91cf-47ee-aab9-b17fc70c159d","BART_047.basePlot.ltr","D01","BART","BART_047","BART_047_864","2016-04-25","2015-11-24","2016-04-06","2016-04-21T20:36Z","2016-04-25T13:45Z","NEON.LTR.BART047864.20160406","NEON.LTR.BART047864.20160406.WDY","NEON.DOC.001710vE","Woody material",0.13,"N",NA,"2xX6mTIEU2zzk+aGAURxuwRthSzBo/kx"
"1361b8ee-99e8-4d87-8107-107507208d20","BART_047.basePlot.ltr","D01","BART","BART_047","BART_047_864","2016-04-25","2015-11-24","2016-04-06","2016-04-21T20:36Z","2016-04-25T13:45Z","NEON.LTR.BART047864.20160406","NEON.LTR.BART047864.20160406.TWI","NEON.DOC.001710vE","Twigs/branches",0.79,"N",NA,"2xX6mTIEU2zzk+aGAURxuwRthSzBo/kx"
"cf3a0ead-db9d-4d10-89f4-5987f73b9283","BART_046.basePlot.ltr","D01","BART","BART_046","BART_046_852","2016-04-25","2015-11-24","2016-04-06","2016-04-21T20:36Z","2016-04-25T13:45Z","NEON.LTR.BART046852.20160406","NEON.LTR.BART046852.20160406.FLR","NEON.DOC.001710vE","Flowers",0.21,"N",NA,"2xX6mTIEU2zzk+aGAURxuwRthSzBo/kx"
"62e01c3a-3af1-481e-a0a0-9fd6c987d9ec","BART_047.basePlot.ltr","D01","BART","BART_047","BART_047_864","2016-04-25","2015-11-24","2016-04-06","2016-04-21T20:36Z","2016-04-25T13:45Z","NEON.LTR.BART047864.20160406","NEON.LTR.BART047864.20160406.NDL","NEON.DOC.001710vE","Needles",0.29,"N",NA,"2xX6mTIEU2zzk+aGAURxuwRthSzBo/kx"
"8d482515-67e7-4d6e-84c9-7c4fe81ed7d4","BART_046.basePlot.ltr","D01","BART","BART_046","BART_046_852","2016-04-25","2015-11-24","2016-04-06","2016-04-21T20:36Z","2016-04-25T13:45Z","NEON.LTR.BART046852.20160406","NEON.LTR.BART046852.20160406.NDL","NEON.DOC.001710vE","Needles",0.06,"N",NA,"2xX6mTIEU2zzk+aGAURxuwRthSzBo/kx"
"24b60a4e-7fb7-4ba5-9969-11d52680e19d","BART_050.basePlot.ltr","D01","BART","BART_050","BART_050_808","2016-04-25","2015-11-24","2016-04-06","2016-04-21T20:36Z","2016-04-25T13:45Z","NEON.LTR.BART050808.20160406","NEON.LTR.BART050808.20160406.LVS","NEON.DOC.001710vE","Leaves",1.57,"N",NA,"2xX6mTIEU2zzk+aGAURxuwRthSzBo/kx"
"5a7f479f-2efa-442d-a712-52770ea39f41","BART_050.basePlot.ltr","D01","BART","BART_050","BART_050_808","2016-04-25","2015-11-24","2016-04-06","2016-04-21T20:36Z","2016-04-25T13:45Z","NEON.LTR.BART050808.20160406","NEON.LTR.BART050808.20160406.NDL","NEON.DOC.001710vE","Needles",1.06,"N",NA,"2xX6mTIEU2zzk+aGAURxuwRthSzBo/kx"
"583a9db5-e850-4c68-9d52-b97b54cc5888","BART_050.basePlot.ltr","D01","BART","BART_050","BART_050_808","2016-04-25","2015-11-24","2016-04-06","2016-04-21T20:36Z","2016-04-25T13:45Z","NEON.LTR.BART050808.20160406","NEON.LTR.BART050808.20160406.WDY","NEON.DOC.001710vE","Woody material",4.78,"N",NA,"2xX6mTIEU2zzk+aGAURxuwRthSzBo/kx"
"93f6eb20-2239-4495-80b7-ddd572151b69","BART_050.basePlot.ltr","D01","BART","BART_050","BART_050_808","2016-04-25","2015-11-24","2016-04-06","2016-04-21T20:36Z","2016-04-25T13:45Z","NEON.LTR.BART050808.20160406","NEON.LTR.BART050808.20160406.TWI","NEON.DOC.001710vE","Twigs/branches",5.44,"N",NA,"2xX6mTIEU2zzk+aGAURxuwRthSzBo/kx"
"e148a24e-c21c-41e9-aac5-649bfbd60ec9","BART_050.basePlot.ltr","D01","BART","BART_050","BART_050_808","2016-04-25","2015-11-24","2016-04-06","2016-04-21T20:36Z","2016-04-25T13:45Z","NEON.LTR.BART050808.20160406","NEON.LTR.BART050808.20160406.OTH","NEON.DOC.001710vE","Other",4.7,"N",NA,"2xX6mTIEU2zzk+aGAURxuwRthSzBo/kx"
"5cef5d3b-bc36-47e4-b20e-24b861400dae","BART_050.basePlot.ltr","D01","BART","BART_050","BART_050_808","2016-04-25","2015-11-24","2016-04-06","2016-04-21T20:36Z","2016-04-25T13:45Z","NEON.LTR.BART050808.20160406","NEON.LTR.BART050808.20160406.FLR","NEON.DOC.001710vE","Flowers",0.03,"N",NA,"2xX6mTIEU2zzk+aGAURxuwRthSzBo/kx"
"564c955f-b906-4c26-b575-1fa4206dcf2b","BART_050.basePlot.ltr","D01","BART","BART_050","BART_050_808","2016-04-25","2015-11-24","2016-04-06","2016-04-21T20:36Z","2016-04-25T13:45Z","NEON.LTR.BART050808.20160406","NEON.LTR.BART050808.20160406.SDS","NEON.DOC.001710vE","Seeds",1.09,"N",NA,"2xX6mTIEU2zzk+aGAURxuwRthSzBo/kx"
"4be71528-1ab9-45c0-92ef-d8304b07b088","BART_042.basePlot.ltr","D01","BART","BART_042","BART_042_935","2016-04-25","2015-11-24","2016-04-06","2016-04-21T20:36Z","2016-04-25T13:45Z","NEON.LTR.BART042935.20160406","NEON.LTR.BART042935.20160406.OTH","NEON.DOC.001710vE","Other",1.25,"N",NA,"2xX6mTIEU2zzk+aGAURxuwRthSzBo/kx"
"63fb65b8-4bf3-48ce-afd8-7df4c5c95d0a","BART_042.basePlot.ltr","D01","BART","BART_042","BART_042_935","2016-04-25","2015-11-24","2016-04-06","2016-04-21T20:36Z","2016-04-25T13:45Z","NEON.LTR.BART042935.20160406","NEON.LTR.BART042935.20160406.LVS","NEON.DOC.001710vE","Leaves",0.26,"Y",NA,"2xX6mTIEU2zzk+aGAURxuwRthSzBo/kx"
"9057c09c-aba5-4429-a9a9-55fd95fcc1bb","BART_042.basePlot.ltr","D01","BART","BART_042","BART_042_935","2016-04-25","2015-11-24","2016-04-06","2016-04-21T20:36Z","2016-04-25T13:45Z","NEON.LTR.BART042935.20160406","NEON.LTR.BART042935.20160406.WDY","NEON.DOC.001710vE","Woody material",0.19,"N",NA,"2xX6mTIEU2zzk+aGAURxuwRthSzBo/kx"
"7d699cac-754a-42c9-a2cc-5e25169f20c1","BART_042.basePlot.ltr","D01","BART","BART_042","BART_042_935","2016-04-25","2015-11-24","2016-04-06","2016-04-21T20:36Z","2016-04-25T13:45Z","NEON.LTR.BART042935.20160406","NEON.LTR.BART042935.20160406.FLR","NEON.DOC.001710vE","Flowers",0.04,"N",NA,"2xX6mTIEU2zzk+aGAURxuwRthSzBo/kx"
"16364312-6f9d-4c3b-99b9-f87155e95b22","BART_042.basePlot.ltr","D01","BART","BART_042","BART_042_935","2016-04-25","2015-11-24","2016-04-06","2016-04-21T20:36Z","2016-04-25T13:45Z","NEON.LTR.BART042935.20160406","NEON.LTR.BART042935.20160406.TWI","NEON.DOC.001710vE","Twigs/branches",5.33,"Y",NA,"2xX6mTIEU2zzk+aGAURxuwRthSzBo/kx"
"221829af-91ab-4576-8edf-4c69d05bf031","BART_042.basePlot.ltr","D01","BART","BART_042","BART_042_935","2016-04-25","2015-11-24","2016-04-06","2016-04-21T20:36Z","2016-04-25T13:45Z","NEON.LTR.BART042935.20160406","NEON.LTR.BART042935.20160406.NDL","NEON.DOC.001710vE","Needles",0.53,"N",NA,"2xX6mTIEU2zzk+aGAURxuwRthSzBo/kx"
"97a1402e-c13b-4a0a-a3ec-73bf5bf239a3","BART_042.basePlot.ltr","D01","BART","BART_042","BART_042_935","2016-04-25","2015-11-24","2016-04-06","2016-04-21T20:36Z","2016-04-25T13:45Z","NEON.LTR.BART042935.20160406","NEON.LTR.BART042935.20160406.SDS","NEON.DOC.001710vE","Seeds",1.19,"N",NA,"2xX6mTIEU2zzk+aGAURxuwRthSzBo/kx"
"ad05e068-e184-4ac4-ac87-9bad4fc0a8fe","BART_051.basePlot.ltr","D01","BART","BART_051","BART_051_574","2016-04-25","2015-11-24","2016-04-06","2016-04-21T20:36Z","2016-04-25T13:45Z","NEON.LTR.BART051574.20160406","NEON.LTR.BART051574.20160406.TWI","NEON.DOC.001710vE","Twigs/branches",5.06,"N",NA,"2xX6mTIEU2zzk+aGAURxuwRthSzBo/kx"
"910b7905-b595-454e-a3c7-8eaf1243c335","BART_051.basePlot.ltr","D01","BART","BART_051","BART_051_574","2016-04-25","2015-11-24","2016-04-06","2016-04-21T20:36Z","2016-04-25T13:45Z","NEON.LTR.BART051574.20160406","NEON.LTR.BART051574.20160406.WDY","NEON.DOC.001710vE","Woody material",0.44,"Y",NA,"2xX6mTIEU2zzk+aGAURxuwRthSzBo/kx"
"77cb58b5-6d4b-4f8b-86f8-3c6083e34529","BART_051.basePlot.ltr","D01","BART","BART_051","BART_051_574","2016-04-25","2015-11-24","2016-04-06","2016-04-21T20:36Z","2016-04-25T13:45Z","NEON.LTR.BART051574.20160406","NEON.LTR.BART051574.20160406.LVS","NEON.DOC.001710vE","Leaves",0.35,"N",NA,"2xX6mTIEU2zzk+aGAURxuwRthSzBo/kx"
"713bfdb5-3fb9-4505-bf19-87bcaae50c24","BART_051.basePlot.ltr","D01","BART","BART_051","BART_051_574","2016-04-25","2015-11-24","2016-04-06","2016-04-21T20:36Z","2016-04-25T13:45Z","NEON.LTR.BART051574.20160406","NEON.LTR.BART051574.20160406.NDL","NEON.DOC.001710vE","Needles",2.23,"Y",NA,"2xX6mTIEU2zzk+aGAURxuwRthSzBo/kx"
"948a823f-354b-4781-be1a-5af13b813d70","BART_051.basePlot.ltr","D01","BART","BART_051","BART_051_574","2016-04-25","2015-11-24","2016-04-06","2016-04-21T20:36Z","2016-04-25T13:45Z","NEON.LTR.BART051574.20160406","NEON.LTR.BART051574.20160406.OTH","NEON.DOC.001710vE","Other",2.78,"N",NA,"2xX6mTIEU2zzk+aGAURxuwRthSzBo/kx"
"2ff4e972-adbb-480b-90cb-05f2b3e26489","BART_051.basePlot.ltr","D01","BART","BART_051","BART_051_574","2016-04-25","2015-11-24","2016-04-06","2016-04-21T20:36Z","2016-04-25T13:45Z","NEON.LTR.BART051574.20160406","NEON.LTR.BART051574.20160406.SDS","NEON.DOC.001710vE","Seeds",0.23,"N",NA,"2xX6mTIEU2zzk+aGAURxuwRthSzBo/kx"
"6d936ec5-52f4-4934-b52d-e9f2fe0c82fa","BART_051.basePlot.ltr","D01","BART","BART_051","BART_051_574","2016-04-25","2015-11-24","2016-04-06","2016-04-21T20:36Z","2016-04-25T13:45Z","NEON.LTR.BART051574.20160406","NEON.LTR.BART051574.20160406.FLR","NEON.DOC.001710vE","Flowers",0.12,"N",NA,"2xX6mTIEU2zzk+aGAURxuwRthSzBo/kx"
"f2e2aaa8-b92a-4e34-86ea-664940afe390","BART_073.basePlot.ltr","D01","BART","BART_073","BART_073_539","2016-04-25","2015-11-24","2016-04-06","2016-04-21T20:36Z","2016-04-25T13:45Z","NEON.LTR.BART073539.20160406","NEON.LTR.BART073539.20160406.FLR","NEON.DOC.001710vE","Flowers",0.96,"N",NA,"2xX6mTIEU2zzk+aGAURxuwRthSzBo/kx"
"458f1543-7a92-4dae-9150-4cef62213629","BART_042.basePlot.ltr","D01","BART","BART_042","BART_042_587","2016-04-25","2015-11-24","2016-04-06","2016-04-21T20:36Z","2016-04-25T13:45Z","NEON.LTR.BART042587.20160406","NEON.LTR.BART042587.20160406.TWI","NEON.DOC.001710vE","Twigs/branches",10.26,"N",NA,"2xX6mTIEU2zzk+aGAURxuwRthSzBo/kx"
"1ef7f26b-2f0b-40ba-b657-de790553bc64","BART_042.basePlot.ltr","D01","BART","BART_042","BART_042_587","2016-04-25","2015-11-24","2016-04-06","2016-04-21T20:36Z","2016-04-25T13:45Z","NEON.LTR.BART042587.20160406","NEON.LTR.BART042587.20160406.NDL","NEON.DOC.001710vE","Needles",0.76,"N",NA,"2xX6mTIEU2zzk+aGAURxuwRthSzBo/kx"
"5f035667-ec15-42e4-abac-4d5f3c5e3e60","BART_042.basePlot.ltr","D01","BART","BART_042","BART_042_587","2016-04-25","2015-11-24","2016-04-06","2016-04-21T20:36Z","2016-04-25T13:45Z","NEON.LTR.BART042587.20160406","NEON.LTR.BART042587.20160406.LVS","NEON.DOC.001710vE","Leaves",0.16,"N",NA,"2xX6mTIEU2zzk+aGAURxuwRthSzBo/kx"
"a1c79160-19b5-4077-bf81-85a41425cd02","BART_073.basePlot.ltr","D01","BART","BART_073","BART_073_539","2016-04-25","2015-11-24","2016-04-06","2016-04-21T20:36Z","2016-04-25T13:45Z","NEON.LTR.BART073539.20160406","NEON.LTR.BART073539.20160406.TWI","NEON.DOC.001710vE","Twigs/branches",1.97,"N",NA,"2xX6mTIEU2zzk+aGAURxuwRthSzBo/kx"
"69af8bfc-0448-4c37-8da2-7afcdbd312a9","BART_073.basePlot.ltr","D01","BART","BART_073","BART_073_539","2016-04-25","2015-11-24","2016-04-06","2016-04-21T20:36Z","2016-04-25T13:45Z","NEON.LTR.BART073539.20160406","NEON.LTR.BART073539.20160406.NDL","NEON.DOC.001710vE","Needles",0.88,"N",NA,"2xX6mTIEU2zzk+aGAURxuwRthSzBo/kx"
"73dfe35c-5a73-404d-9bde-7b9ad620bc31","BART_073.basePlot.ltr","D01","BART","BART_073","BART_073_539","2016-04-25","2015-11-24","2016-04-06","2016-04-21T20:36Z","2016-04-25T13:45Z","NEON.LTR.BART073539.20160406","NEON.LTR.BART073539.20160406.OTH","NEON.DOC.001710vE","Other",1.79,"N",NA,"2xX6mTIEU2zzk+aGAURxuwRthSzBo/kx"
"9b640e58-10b2-4e19-9e42-10d0c919e1a5","BART_073.basePlot.ltr","D01","BART","BART_073","BART_073_539","2016-04-25","2015-11-24","2016-04-06","2016-04-21T20:36Z","2016-04-25T13:45Z","NEON.LTR.BART073539.20160406","NEON.LTR.BART073539.20160406.WDY","NEON.DOC.001710vE","Woody material",0.78,"N",NA,"2xX6mTIEU2zzk+aGAURxuwRthSzBo/kx"
"09c0c849-a5ed-41c1-a0d5-2f84dab18371","BART_042.basePlot.ltr","D01","BART","BART_042","BART_042_587","2016-04-25","2015-11-24","2016-04-06","2016-04-21T20:36Z","2016-04-25T13:45Z","NEON.LTR.BART042587.20160406","NEON.LTR.BART042587.20160406.SDS","NEON.DOC.001710vE","Seeds",0.45,"N",NA,"2xX6mTIEU2zzk+aGAURxuwRthSzBo/kx"
"c42c6452-d1e3-48d3-bdea-2008fa57b7f5","BART_073.basePlot.ltr","D01","BART","BART_073","BART_073_539","2016-04-25","2015-11-24","2016-04-06","2016-04-21T20:36Z","2016-04-25T13:45Z","NEON.LTR.BART073539.20160406","NEON.LTR.BART073539.20160406.LVS","NEON.DOC.001710vE","Leaves",0.19,"N",NA,"2xX6mTIEU2zzk+aGAURxuwRthSzBo/kx"
"2a6e6b2f-c294-473b-abc2-439b0c68ebf5","BART_042.basePlot.ltr","D01","BART","BART_042","BART_042_587","2016-04-25","2015-11-24","2016-04-06","2016-04-21T20:36Z","2016-04-25T13:45Z","NEON.LTR.BART042587.20160406","NEON.LTR.BART042587.20160406.FLR","NEON.DOC.001710vE","Flowers",0.08,"N",NA,"2xX6mTIEU2zzk+aGAURxuwRthSzBo/kx"
"0c7f04f9-1643-455b-8f35-79720955f52d","BART_042.basePlot.ltr","D01","BART","BART_042","BART_042_587","2016-04-25","2015-11-24","2016-04-06","2016-04-21T20:36Z","2016-04-25T13:45Z","NEON.LTR.BART042587.20160406","NEON.LTR.BART042587.20160406.OTH","NEON.DOC.001710vE","Other",0.65,"N",NA,"2xX6mTIEU2zzk+aGAURxuwRthSzBo/kx"
"a683f18a-dd64-4411-a232-fe16f1ed6e09","BART_042.basePlot.ltr","D01","BART","BART_042","BART_042_587","2016-04-25","2015-11-24","2016-04-06","2016-04-21T20:36Z","2016-04-25T13:45Z","NEON.LTR.BART042587.20160406","NEON.LTR.BART042587.20160406.WDY","NEON.DOC.001710vE","Woody material",0.69,"N",NA,"2xX6mTIEU2zzk+aGAURxuwRthSzBo/kx"
"416880d2-492d-4fe3-b58a-7108fdb2a42e","BART_073.basePlot.ltr","D01","BART","BART_073","BART_073_539","2016-04-25","2015-11-24","2016-04-06","2016-04-21T20:36Z","2016-04-25T13:45Z","NEON.LTR.BART073539.20160406","NEON.LTR.BART073539.20160406.SDS","NEON.DOC.001710vE","Seeds",0.23,"N",NA,"2xX6mTIEU2zzk+aGAURxuwRthSzBo/kx"
"04a554c0-69e9-4e7b-8bb0-a245f385c8c6","BART_046.basePlot.ltr","D01","BART","BART_046","BART_046_687","2016-04-25","2015-11-24","2016-04-06","2016-04-21T20:36Z","2016-04-25T13:45Z","NEON.LTR.BART046687.20160406","NEON.LTR.BART046687.20160406.NDL","NEON.DOC.001710vE","Needles",0.04,"N",NA,"2xX6mTIEU2zzk+aGAURxuwRthSzBo/kx"
"795cb593-1088-41a2-a05c-fc91342a7e63","BART_046.basePlot.ltr","D01","BART","BART_046","BART_046_687","2016-04-25","2015-11-24","2016-04-06","2016-04-21T20:36Z","2016-04-25T13:45Z","NEON.LTR.BART046687.20160406","NEON.LTR.BART046687.20160406.OTH","NEON.DOC.001710vE","Other",0.24,"N",NA,"2xX6mTIEU2zzk+aGAURxuwRthSzBo/kx"
"d9affc7f-b8c4-40f3-8445-39901d373f6d","BART_046.basePlot.ltr","D01","BART","BART_046","BART_046_687","2016-04-25","2015-11-24","2016-04-06","2016-04-21T20:36Z","2016-04-25T13:45Z","NEON.LTR.BART046687.20160406","NEON.LTR.BART046687.20160406.SDS","NEON.DOC.001710vE","Seeds",0.22,"N",NA,"2xX6mTIEU2zzk+aGAURxuwRthSzBo/kx"
"d211f0d7-3427-4e34-9cd2-a5fe715bf3c3","BART_046.basePlot.ltr","D01","BART","BART_046","BART_046_687","2016-04-25","2015-11-24","2016-04-06","2016-04-21T20:36Z","2016-04-25T13:45Z","NEON.LTR.BART046687.20160406","NEON.LTR.BART046687.20160406.LVS","NEON.DOC.001710vE","Leaves",0.07,"N",NA,"2xX6mTIEU2zzk+aGAURxuwRthSzBo/kx"
"d90f0f7c-d1a5-41f2-bba1-abcd310af296","BART_046.basePlot.ltr","D01","BART","BART_046","BART_046_687","2016-04-25","2015-11-24","2016-04-06","2016-04-21T20:36Z","2016-04-25T13:45Z","NEON.LTR.BART046687.20160406","NEON.LTR.BART046687.20160406.FLR","NEON.DOC.001710vE","Flowers",0.15,"Y",NA,"2xX6mTIEU2zzk+aGAURxuwRthSzBo/kx"
"d24fce39-d345-42a2-9ef7-127ba325154f","BART_046.basePlot.ltr","D01","BART","BART_046","BART_046_687","2016-04-25","2015-11-24","2016-04-06","2016-04-21T20:36Z","2016-04-25T13:45Z","NEON.LTR.BART046687.20160406","NEON.LTR.BART046687.20160406.TWI","NEON.DOC.001710vE","Twigs/branches",0.94,"N",NA,"2xX6mTIEU2zzk+aGAURxuwRthSzBo/kx"
"5e8b0acc-ecf1-4325-be93-196a9568e58e","BART_046.basePlot.ltr","D01","BART","BART_046","BART_046_687","2016-04-25","2015-11-24","2016-04-06","2016-04-21T20:36Z","2016-04-25T13:45Z","NEON.LTR.BART046687.20160406","NEON.LTR.BART046687.20160406.WDY","NEON.DOC.001710vE","Woody material",0.17,"N",NA,"2xX6mTIEU2zzk+aGAURxuwRthSzBo/kx"
"48277e4b-f05e-4a47-8f40-6def7a422314","BART_074.basePlot.ltr","D01","BART","BART_074","BART_074_555","2016-04-25","2015-11-24","2016-04-06","2016-04-21T20:36Z","2016-04-25T13:45Z","NEON.LTR.BART074555.20160406","NEON.LTR.BART074555.20160406.OTH","NEON.DOC.001710vE","Other",0.61,"N",NA,"2xX6mTIEU2zzk+aGAURxuwRthSzBo/kx"
"1c4b8d1c-b7f3-4a5c-9170-2f5b324dd304","BART_074.basePlot.ltr","D01","BART","BART_074","BART_074_555","2016-04-25","2015-11-24","2016-04-06","2016-04-21T20:36Z","2016-04-25T13:45Z","NEON.LTR.BART074555.20160406","NEON.LTR.BART074555.20160406.FLR","NEON.DOC.001710vE","Flowers",0.005,"N",NA,"2xX6mTIEU2zzk+aGAURxuwRthSzBo/kx"
"38c62938-1c8b-4efe-8c0e-84507db05f1c","BART_074.basePlot.ltr","D01","BART","BART_074","BART_074_555","2016-04-25","2015-11-24","2016-04-06","2016-04-21T20:36Z","2016-04-25T13:45Z","NEON.LTR.BART074555.20160406","NEON.LTR.BART074555.20160406.SDS","NEON.DOC.001710vE","Seeds",0.14,"N",NA,"2xX6mTIEU2zzk+aGAURxuwRthSzBo/kx"
"bae51361-8c58-469c-986e-7897a7e1beb4","BART_074.basePlot.ltr","D01","BART","BART_074","BART_074_555","2016-04-25","2015-11-24","2016-04-06","2016-04-21T20:36Z","2016-04-25T13:45Z","NEON.LTR.BART074555.20160406","NEON.LTR.BART074555.20160406.TWI","NEON.DOC.001710vE","Twigs/branches",2.76,"N",NA,"2xX6mTIEU2zzk+aGAURxuwRthSzBo/kx"
"050d796b-00b6-49c2-a1d7-56da2d893d14","BART_074.basePlot.ltr","D01","BART","BART_074","BART_074_555","2016-04-25","2015-11-24","2016-04-06","2016-04-21T20:36Z","2016-04-25T13:45Z","NEON.LTR.BART074555.20160406","NEON.LTR.BART074555.20160406.LVS","NEON.DOC.001710vE","Leaves",0.19,"N",NA,"2xX6mTIEU2zzk+aGAURxuwRthSzBo/kx"
"20598c2b-e3ff-4a84-b7c3-1102f59e1e5d","BART_074.basePlot.ltr","D01","BART","BART_074","BART_074_555","2016-04-25","2015-11-24","2016-04-06","2016-04-21T20:36Z","2016-04-25T13:45Z","NEON.LTR.BART074555.20160406","NEON.LTR.BART074555.20160406.WDY","NEON.DOC.001710vE","Woody material",1.95,"N",NA,"2xX6mTIEU2zzk+aGAURxuwRthSzBo/kx"
"ea00beb3-348e-4e28-94d0-8cff891343da","BART_074.basePlot.ltr","D01","BART","BART_074","BART_074_555","2016-04-25","2015-11-24","2016-04-06","2016-04-21T20:36Z","2016-04-25T13:45Z","NEON.LTR.BART074555.20160406","NEON.LTR.BART074555.20160406.NDL","NEON.DOC.001710vE","Needles",1.12,"N",NA,"2xX6mTIEU2zzk+aGAURxuwRthSzBo/kx"
"b3f314bc-8cdc-4f9b-9beb-06ec1abdd9c1","BART_041.basePlot.ltr","D01","BART","BART_041","BART_041_292","2016-04-25","2015-11-24","2016-04-06","2016-04-21T20:36Z","2016-04-25T13:45Z","NEON.LTR.BART041292.20160406","NEON.LTR.BART041292.20160406.TWI","NEON.DOC.001710vE","Twigs/branches",3.3,"N",NA,"2xX6mTIEU2zzk+aGAURxuwRthSzBo/kx"
"338c5274-da3f-43d6-be68-2f3f5d2efc3b","BART_041.basePlot.ltr","D01","BART","BART_041","BART_041_292","2016-04-25","2015-11-24","2016-04-06","2016-04-21T20:36Z","2016-04-25T13:45Z","NEON.LTR.BART041292.20160406","NEON.LTR.BART041292.20160406.LVS","NEON.DOC.001710vE","Leaves",0.09,"Y",NA,"2xX6mTIEU2zzk+aGAURxuwRthSzBo/kx"
"b087a0aa-2ea3-4ee2-8aa0-200827378ce1","BART_041.basePlot.ltr","D01","BART","BART_041","BART_041_292","2016-04-25","2015-11-24","2016-04-06","2016-04-21T20:36Z","2016-04-25T13:45Z","NEON.LTR.BART041292.20160406","NEON.LTR.BART041292.20160406.NDL","NEON.DOC.001710vE","Needles",1.04,"N",NA,"2xX6mTIEU2zzk+aGAURxuwRthSzBo/kx"
"7a85ccc0-0b7c-4cf5-9159-a818e7e2056e","BART_041.basePlot.ltr","D01","BART","BART_041","BART_041_292","2016-04-25","2015-11-24","2016-04-06","2016-04-21T20:36Z","2016-04-25T13:45Z","NEON.LTR.BART041292.20160406","NEON.LTR.BART041292.20160406.OTH","NEON.DOC.001710vE","Other",1.35,"N",NA,"2xX6mTIEU2zzk+aGAURxuwRthSzBo/kx"
"963daf0b-c514-478c-80d7-6b4d299944a7","BART_041.basePlot.ltr","D01","BART","BART_041","BART_041_292","2016-04-25","2015-11-24","2016-04-06","2016-04-21T20:36Z","2016-04-25T13:45Z","NEON.LTR.BART041292.20160406","NEON.LTR.BART041292.20160406.SDS","NEON.DOC.001710vE","Seeds",1.11,"N",NA,"2xX6mTIEU2zzk+aGAURxuwRthSzBo/kx"
"b2f40c76-8f8b-493f-a7a6-2bc8387c869f","BART_041.basePlot.ltr","D01","BART","BART_041","BART_041_292","2016-04-25","2015-11-24","2016-04-06","2016-04-21T20:36Z","2016-04-25T13:45Z","NEON.LTR.BART041292.20160406","NEON.LTR.BART041292.20160406.FLR","NEON.DOC.001710vE","Flowers",0.54,"N",NA,"2xX6mTIEU2zzk+aGAURxuwRthSzBo/kx"
"b5203527-a842-4123-8c6d-4e6d940ab98d","BART_041.basePlot.ltr","D01","BART","BART_041","BART_041_292","2016-04-25","2015-11-24","2016-04-06","2016-04-21T20:36Z","2016-04-25T13:45Z","NEON.LTR.BART041292.20160406","NEON.LTR.BART041292.20160406.WDY","NEON.DOC.001710vE","Woody material",3.15,"N",NA,"2xX6mTIEU2zzk+aGAURxuwRthSzBo/kx"
"73ee354f-bb27-4cc5-91c3-051d2fdcd484","BART_047.basePlot.ltr","D01","BART","BART_047","BART_047_046","2016-04-25","2015-11-24","2016-04-06","2016-04-21T20:36Z","2016-04-25T13:45Z","NEON.LTR.BART047046.20160406","NEON.LTR.BART047046.20160406.SDS","NEON.DOC.001710vE","Seeds",0.77,"N",NA,"2xX6mTIEU2zzk+aGAURxuwRthSzBo/kx"
"6a9c94c3-157e-4997-b074-023f1f4cdb8a","BART_047.basePlot.ltr","D01","BART","BART_047","BART_047_046","2016-04-25","2015-11-24","2016-04-06","2016-04-21T20:36Z","2016-04-25T13:45Z","NEON.LTR.BART047046.20160406","NEON.LTR.BART047046.20160406.TWI","NEON.DOC.001710vE","Twigs/branches",3.01,"N",NA,"2xX6mTIEU2zzk+aGAURxuwRthSzBo/kx"
"16091d31-d0c9-4dbf-b3bb-0c1f2a4a48cf","BART_047.basePlot.ltr","D01","BART","BART_047","BART_047_046","2016-04-25","2015-11-24","2016-04-06","2016-04-21T20:36Z","2016-04-25T13:45Z","NEON.LTR.BART047046.20160406","NEON.LTR.BART047046.20160406.FLR","NEON.DOC.001710vE","Flowers",0.32,"Y",NA,"2xX6mTIEU2zzk+aGAURxuwRthSzBo/kx"
"6c8a592a-cb21-4760-8c8a-69ca3cd19da6","BART_047.basePlot.ltr","D01","BART","BART_047","BART_047_046","2016-04-25","2015-11-24","2016-04-06","2016-04-21T20:36Z","2016-04-25T13:45Z","NEON.LTR.BART047046.20160406","NEON.LTR.BART047046.20160406.LVS","NEON.DOC.001710vE","Leaves",0.11,"N",NA,"2xX6mTIEU2zzk+aGAURxuwRthSzBo/kx"
"a648529a-8cc7-49ed-b77a-f58a8da374f4","BART_047.basePlot.ltr","D01","BART","BART_047","BART_047_046","2016-04-25","2015-11-24","2016-04-06","2016-04-21T20:36Z","2016-04-25T13:45Z","NEON.LTR.BART047046.20160406","NEON.LTR.BART047046.20160406.OTH","NEON.DOC.001710vE","Other",0.75,"N",NA,"2xX6mTIEU2zzk+aGAURxuwRthSzBo/kx"
"3ca02e32-f1e4-4011-9798-559f354c19be","BART_047.basePlot.ltr","D01","BART","BART_047","BART_047_046","2016-04-25","2015-11-24","2016-04-06","2016-04-21T20:36Z","2016-04-25T13:45Z","NEON.LTR.BART047046.20160406","NEON.LTR.BART047046.20160406.WDY","NEON.DOC.001710vE","Woody material",0.65,"N",NA,"2xX6mTIEU2zzk+aGAURxuwRthSzBo/kx"
"076594d1-f725-4602-a56b-65302077542a","BART_047.basePlot.ltr","D01","BART","BART_047","BART_047_046","2016-04-25","2015-11-24","2016-04-06","2016-04-21T20:36Z","2016-04-25T13:45Z","NEON.LTR.BART047046.20160406","NEON.LTR.BART047046.20160406.NDL","NEON.DOC.001710vE","Needles",0.4,"N",NA,"2xX6mTIEU2zzk+aGAURxuwRthSzBo/kx"
"6c088f7a-b4f5-43db-bac3-1d03c7999783","BART_032.basePlot.ltr","D01","BART","BART_032","BART_032_662","2016-04-25","2015-11-24","2016-04-06","2016-04-21T20:36Z","2016-04-25T13:45Z","NEON.LTR.BART032662.20160406","NEON.LTR.BART032662.20160406.LVS","NEON.DOC.001710vE","Leaves",0.26,"N",NA,"2xX6mTIEU2zzk+aGAURxuwRthSzBo/kx"
"efedd016-8852-40cf-b737-f6696bd6df0a","BART_072.basePlot.ltr","D01","BART","BART_072","BART_072_567","2016-04-25","2015-11-24","2016-04-06","2016-04-21T20:36Z","2016-04-25T13:45Z","NEON.LTR.BART072567.20160406","NEON.LTR.BART072567.20160406.SDS","NEON.DOC.001710vE","Seeds",0.38,"Y",NA,"2xX6mTIEU2zzk+aGAURxuwRthSzBo/kx"
"45fe2432-b914-4b49-9ae5-156e6cf21275","BART_032.basePlot.ltr","D01","BART","BART_032","BART_032_662","2016-04-25","2015-11-24","2016-04-06","2016-04-21T20:36Z","2016-04-25T13:45Z","NEON.LTR.BART032662.20160406","NEON.LTR.BART032662.20160406.FLR","NEON.DOC.001710vE","Flowers",0.02,"N",NA,"2xX6mTIEU2zzk+aGAURxuwRthSzBo/kx"
"f86ec1ba-8eab-4c3b-a23a-7199408d0af2","BART_072.basePlot.ltr","D01","BART","BART_072","BART_072_567","2016-04-25","2015-11-24","2016-04-06","2016-04-21T20:36Z","2016-04-25T13:45Z","NEON.LTR.BART072567.20160406","NEON.LTR.BART072567.20160406.LVS","NEON.DOC.001710vE","Leaves",0.93,"N",NA,"2xX6mTIEU2zzk+aGAURxuwRthSzBo/kx"
"d69fe6a7-b246-4d5c-a7fc-0907ec5037a2","BART_072.basePlot.ltr","D01","BART","BART_072","BART_072_567","2016-04-25","2015-11-24","2016-04-06","2016-04-21T20:36Z","2016-04-25T13:45Z","NEON.LTR.BART072567.20160406","NEON.LTR.BART072567.20160406.NDL","NEON.DOC.001710vE","Needles",0.63,"N",NA,"2xX6mTIEU2zzk+aGAURxuwRthSzBo/kx"
"bd1a40f9-b4f4-47da-a086-f54a8dd50dfc","BART_072.basePlot.ltr","D01","BART","BART_072","BART_072_567","2016-04-25","2015-11-24","2016-04-06","2016-04-21T20:36Z","2016-04-25T13:45Z","NEON.LTR.BART072567.20160406","NEON.LTR.BART072567.20160406.OTH","NEON.DOC.001710vE","Other",2.19,"N",NA,"2xX6mTIEU2zzk+aGAURxuwRthSzBo/kx"
"6f19c629-30bc-48a0-92e3-9199143dec14","BART_072.basePlot.ltr","D01","BART","BART_072","BART_072_567","2016-04-25","2015-11-24","2016-04-06","2016-04-21T20:36Z","2016-04-25T13:45Z","NEON.LTR.BART072567.20160406","NEON.LTR.BART072567.20160406.WDY","NEON.DOC.001710vE","Woody material",2.2,"Y",NA,"2xX6mTIEU2zzk+aGAURxuwRthSzBo/kx"
"1155683a-0874-4582-85c8-2ff9f0bf5c23","BART_072.basePlot.ltr","D01","BART","BART_072","BART_072_567","2016-04-25","2015-11-24","2016-04-06","2016-04-21T20:36Z","2016-04-25T13:45Z","NEON.LTR.BART072567.20160406","NEON.LTR.BART072567.20160406.TWI","NEON.DOC.001710vE","Twigs/branches",4.48,"N",NA,"2xX6mTIEU2zzk+aGAURxuwRthSzBo/kx"
"d794db50-8c4a-4b36-9f59-fa38b5d30775","BART_032.basePlot.ltr","D01","BART","BART_032","BART_032_662","2016-04-25","2015-11-24","2016-04-06","2016-04-21T20:36Z","2016-04-25T13:45Z","NEON.LTR.BART032662.20160406","NEON.LTR.BART032662.20160406.TWI","NEON.DOC.001710vE","Twigs/branches",0.15,"N",NA,"2xX6mTIEU2zzk+aGAURxuwRthSzBo/kx"
"db5d2e6f-905b-4718-9ddf-50609d6741da","BART_032.basePlot.ltr","D01","BART","BART_032","BART_032_662","2016-04-25","2015-11-24","2016-04-06","2016-04-21T20:36Z","2016-04-25T13:45Z","NEON.LTR.BART032662.20160406","NEON.LTR.BART032662.20160406.SDS","NEON.DOC.001710vE","Seeds",1.12,"N",NA,"2xX6mTIEU2zzk+aGAURxuwRthSzBo/kx"
"958808de-1510-4d47-90b3-ed475b137606","BART_072.basePlot.ltr","D01","BART","BART_072","BART_072_567","2016-04-25","2015-11-24","2016-04-06","2016-04-21T20:36Z","2016-04-25T13:45Z","NEON.LTR.BART072567.20160406","NEON.LTR.BART072567.20160406.FLR","NEON.DOC.001710vE","Flowers",0.06,"N",NA,"2xX6mTIEU2zzk+aGAURxuwRthSzBo/kx"
"4f736247-b448-4c0c-bdc3-d160783f8802","BART_032.basePlot.ltr","D01","BART","BART_032","BART_032_662","2016-04-25","2015-11-24","2016-04-06","2016-04-21T20:36Z","2016-04-25T13:45Z","NEON.LTR.BART032662.20160406","NEON.LTR.BART032662.20160406.WDY","NEON.DOC.001710vE","Woody material",2.49,"N",NA,"2xX6mTIEU2zzk+aGAURxuwRthSzBo/kx"
"62706ff7-1f93-48cc-901f-1635238af755","BART_032.basePlot.ltr","D01","BART","BART_032","BART_032_662","2016-04-25","2015-11-24","2016-04-06","2016-04-21T20:36Z","2016-04-25T13:45Z","NEON.LTR.BART032662.20160406","NEON.LTR.BART032662.20160406.OTH","NEON.DOC.001710vE","Other",0.36,"N",NA,"2xX6mTIEU2zzk+aGAURxuwRthSzBo/kx"
"bc0502c9-a1ad-4186-bd19-fd44ac7bbfc2","BART_032.basePlot.ltr","D01","BART","BART_032","BART_032_662","2016-04-25","2015-11-24","2016-04-06","2016-04-21T20:36Z","2016-04-25T13:45Z","NEON.LTR.BART032662.20160406","NEON.LTR.BART032662.20160406.NDL","NEON.DOC.001710vE","Needles",0.12,"N",NA,"2xX6mTIEU2zzk+aGAURxuwRthSzBo/kx"
"0a978fdf-f1b5-4166-8fbf-b7ccc078a45b","BART_075.basePlot.ltr","D01","BART","BART_075","BART_075_389","2016-04-25","2015-11-24","2016-04-06","2016-04-21T20:36Z","2016-04-25T13:45Z","NEON.LTR.BART075389.20160406","NEON.LTR.BART075389.20160406.NDL","NEON.DOC.001710vE","Needles",0.72,"N",NA,"2xX6mTIEU2zzk+aGAURxuwRthSzBo/kx"
"7660d9a6-4dbb-46aa-8e9e-11db6a5d5c74","BART_075.basePlot.ltr","D01","BART","BART_075","BART_075_389","2016-04-25","2015-11-24","2016-04-06","2016-04-21T20:36Z","2016-04-25T13:45Z","NEON.LTR.BART075389.20160406","NEON.LTR.BART075389.20160406.LVS","NEON.DOC.001710vE","Leaves",0.22,"N",NA,"2xX6mTIEU2zzk+aGAURxuwRthSzBo/kx"
"e45f8936-228d-42f0-a322-d176981867f7","BART_075.basePlot.ltr","D01","BART","BART_075","BART_075_389","2016-04-25","2015-11-24","2016-04-06","2016-04-21T20:36Z","2016-04-25T13:45Z","NEON.LTR.BART075389.20160406","NEON.LTR.BART075389.20160406.WDY","NEON.DOC.001710vE","Woody material",7.08,"N",NA,"2xX6mTIEU2zzk+aGAURxuwRthSzBo/kx"
"fb9a3b16-d395-4928-9539-0b9b6fcb1948","BART_075.basePlot.ltr","D01","BART","BART_075","BART_075_389","2016-04-25","2015-11-24","2016-04-06","2016-04-21T20:36Z","2016-04-25T13:45Z","NEON.LTR.BART075389.20160406","NEON.LTR.BART075389.20160406.FLR","NEON.DOC.001710vE","Flowers",0.03,"N",NA,"2xX6mTIEU2zzk+aGAURxuwRthSzBo/kx"
"77972da9-def7-460e-aaa2-8c187f96a68e","BART_075.basePlot.ltr","D01","BART","BART_075","BART_075_389","2016-04-25","2015-11-24","2016-04-06","2016-04-21T20:36Z","2016-04-25T13:45Z","NEON.LTR.BART075389.20160406","NEON.LTR.BART075389.20160406.OTH","NEON.DOC.001710vE","Other",4.33,"N",NA,"2xX6mTIEU2zzk+aGAURxuwRthSzBo/kx"
"07293775-5ad8-416e-98ce-009262a97e45","BART_075.basePlot.ltr","D01","BART","BART_075","BART_075_389","2016-04-25","2015-11-24","2016-04-06","2016-04-21T20:36Z","2016-04-25T13:45Z","NEON.LTR.BART075389.20160406","NEON.LTR.BART075389.20160406.SDS","NEON.DOC.001710vE","Seeds",0.86,"N",NA,"2xX6mTIEU2zzk+aGAURxuwRthSzBo/kx"
"efbdc751-9ffc-4b80-808e-247aced0844e","BART_075.basePlot.ltr","D01","BART","BART_075","BART_075_389","2016-04-25","2015-11-24","2016-04-06","2016-04-21T20:36Z","2016-04-25T13:45Z","NEON.LTR.BART075389.20160406","NEON.LTR.BART075389.20160406.TWI","NEON.DOC.001710vE","Twigs/branches",5.15,"Y",NA,"2xX6mTIEU2zzk+aGAURxuwRthSzBo/kx"
"e3c3f304-75e9-4155-a7af-467b8440c7eb","BART_074.basePlot.ltr","D01","BART","BART_074","BART_074_942","2016-04-25","2015-11-24","2016-04-06","2016-04-21T20:36Z","2016-04-25T13:45Z","NEON.LTR.BART074942.20160406","NEON.LTR.BART074942.20160406.LVS","NEON.DOC.001710vE","Leaves",0.14,"Y",NA,"2xX6mTIEU2zzk+aGAURxuwRthSzBo/kx"
"e18e0988-db20-4b7e-9d7b-0d2cdc9b8bac","BART_074.basePlot.ltr","D01","BART","BART_074","BART_074_942","2016-04-25","2015-11-24","2016-04-06","2016-04-21T20:36Z","2016-04-25T13:45Z","NEON.LTR.BART074942.20160406","NEON.LTR.BART074942.20160406.TWI","NEON.DOC.001710vE","Twigs/branches",1.71,"N",NA,"2xX6mTIEU2zzk+aGAURxuwRthSzBo/kx"
"7f350c0c-5361-41c4-aeac-a8a57f967e06","BART_074.basePlot.ltr","D01","BART","BART_074","BART_074_942","2016-04-25","2015-11-24","2016-04-06","2016-04-21T20:36Z","2016-04-25T13:45Z","NEON.LTR.BART074942.20160406","NEON.LTR.BART074942.20160406.FLR","NEON.DOC.001710vE","Flowers",0.04,"N",NA,"2xX6mTIEU2zzk+aGAURxuwRthSzBo/kx"
"8d292d43-8d33-40b0-afa0-db983e01d1b1","BART_074.basePlot.ltr","D01","BART","BART_074","BART_074_942","2016-04-25","2015-11-24","2016-04-06","2016-04-21T20:36Z","2016-04-25T13:45Z","NEON.LTR.BART074942.20160406","NEON.LTR.BART074942.20160406.NDL","NEON.DOC.001710vE","Needles",1.26,"N",NA,"2xX6mTIEU2zzk+aGAURxuwRthSzBo/kx"
"bf56ad64-b128-4408-a7f2-650a6a06ba27","BART_074.basePlot.ltr","D01","BART","BART_074","BART_074_942","2016-04-25","2015-11-24","2016-04-06","2016-04-21T20:36Z","2016-04-25T13:45Z","NEON.LTR.BART074942.20160406","NEON.LTR.BART074942.20160406.WDY","NEON.DOC.001710vE","Woody material",4.8,"N",NA,"2xX6mTIEU2zzk+aGAURxuwRthSzBo/kx"
"5a340a79-c17a-4216-b931-df4f5840e59a","BART_074.basePlot.ltr","D01","BART","BART_074","BART_074_942","2016-04-25","2015-11-24","2016-04-06","2016-04-21T20:36Z","2016-04-25T13:45Z","NEON.LTR.BART074942.20160406","NEON.LTR.BART074942.20160406.OTH","NEON.DOC.001710vE","Other",0.35,"N",NA,"2xX6mTIEU2zzk+aGAURxuwRthSzBo/kx"
"edbd1faa-214e-42cc-bb10-55acaa67cb48","BART_074.basePlot.ltr","D01","BART","BART_074","BART_074_942","2016-04-25","2015-11-24","2016-04-06","2016-04-21T20:36Z","2016-04-25T13:45Z","NEON.LTR.BART074942.20160406","NEON.LTR.BART074942.20160406.SDS","NEON.DOC.001710vE","Seeds",0.21,"N",NA,"2xX6mTIEU2zzk+aGAURxuwRthSzBo/kx"
"576e1410-5b0d-4245-9724-5bdf4da81a5d","BART_071.basePlot.ltr","D01","BART","BART_071","BART_071_952","2016-04-25","2015-11-24","2016-04-06","2016-04-21T20:36Z","2016-04-25T13:45Z","NEON.LTR.BART071952.20160406","NEON.LTR.BART071952.20160406.WDY","NEON.DOC.001710vE","Woody material",2.62,"N",NA,"2xX6mTIEU2zzk+aGAURxuwRthSzBo/kx"
"e103d039-e17e-4389-a98b-2e493e161493","BART_041.basePlot.ltr","D01","BART","BART_041","BART_041_578","2016-04-25","2015-11-24","2016-04-06","2016-04-21T20:36Z","2016-04-25T13:45Z","NEON.LTR.BART041578.20160406","NEON.LTR.BART041578.20160406.OTH","NEON.DOC.001710vE","Other",4.29,"N",NA,"2xX6mTIEU2zzk+aGAURxuwRthSzBo/kx"
"ec650c21-f0a2-40ff-bdc8-a7f81d993039","BART_041.basePlot.ltr","D01","BART","BART_041","BART_041_578","2016-04-25","2015-11-24","2016-04-06","2016-04-21T20:36Z","2016-04-25T13:45Z","NEON.LTR.BART041578.20160406","NEON.LTR.BART041578.20160406.WDY","NEON.DOC.001710vE","Woody material",16.34,"Y",NA,"2xX6mTIEU2zzk+aGAURxuwRthSzBo/kx"
"81a804ba-071e-4e17-81c9-feb7bd6fd9aa","BART_071.basePlot.ltr","D01","BART","BART_071","BART_071_952","2016-04-25","2015-11-24","2016-04-06","2016-04-21T20:36Z","2016-04-25T13:45Z","NEON.LTR.BART071952.20160406","NEON.LTR.BART071952.20160406.FLR","NEON.DOC.001710vE","Flowers",0.23,"N",NA,"2xX6mTIEU2zzk+aGAURxuwRthSzBo/kx"
"3b7e8054-cd71-4f07-b51b-57ae2750099c","BART_071.basePlot.ltr","D01","BART","BART_071","BART_071_952","2016-04-25","2015-11-24","2016-04-06","2016-04-21T20:36Z","2016-04-25T13:45Z","NEON.LTR.BART071952.20160406","NEON.LTR.BART071952.20160406.OTH","NEON.DOC.001710vE","Other",2.74,"N",NA,"2xX6mTIEU2zzk+aGAURxuwRthSzBo/kx"
"382e513f-4fd5-40fe-ad6d-c468a28bd473","BART_041.basePlot.ltr","D01","BART","BART_041","BART_041_578","2016-04-25","2015-11-24","2016-04-06","2016-04-21T20:36Z","2016-04-25T13:45Z","NEON.LTR.BART041578.20160406","NEON.LTR.BART041578.20160406.FLR","NEON.DOC.001710vE","Flowers",0.16,"N",NA,"2xX6mTIEU2zzk+aGAURxuwRthSzBo/kx"
"6014e9a1-ccb9-4f32-b3b9-cdf954059645","BART_041.basePlot.ltr","D01","BART","BART_041","BART_041_578","2016-04-25","2015-11-24","2016-04-06","2016-04-21T20:36Z","2016-04-25T13:45Z","NEON.LTR.BART041578.20160406","NEON.LTR.BART041578.20160406.TWI","NEON.DOC.001710vE","Twigs/branches",6.83,"N",NA,"2xX6mTIEU2zzk+aGAURxuwRthSzBo/kx"
"337f001b-3b8b-4b80-85a9-751169916f67","BART_071.basePlot.ltr","D01","BART","BART_071","BART_071_952","2016-04-25","2015-11-24","2016-04-06","2016-04-21T20:36Z","2016-04-25T13:45Z","NEON.LTR.BART071952.20160406","NEON.LTR.BART071952.20160406.NDL","NEON.DOC.001710vE","Needles",0.82,"N",NA,"2xX6mTIEU2zzk+aGAURxuwRthSzBo/kx"
"40ed7ba4-0b05-42a1-86be-84c5312fb3f3","BART_071.basePlot.ltr","D01","BART","BART_071","BART_071_952","2016-04-25","2015-11-24","2016-04-06","2016-04-21T20:36Z","2016-04-25T13:45Z","NEON.LTR.BART071952.20160406","NEON.LTR.BART071952.20160406.LVS","NEON.DOC.001710vE","Leaves",0.17,"N",NA,"2xX6mTIEU2zzk+aGAURxuwRthSzBo/kx"
"f1aff92b-ae12-4054-9d70-5483ea40c8b3","BART_041.basePlot.ltr","D01","BART","BART_041","BART_041_578","2016-04-25","2015-11-24","2016-04-06","2016-04-21T20:36Z","2016-04-25T13:45Z","NEON.LTR.BART041578.20160406","NEON.LTR.BART041578.20160406.NDL","NEON.DOC.001710vE","Needles",0.2,"N",NA,"2xX6mTIEU2zzk+aGAURxuwRthSzBo/kx"
"2fde200b-47e1-4cf4-94af-9824a21fdbdf","BART_071.basePlot.ltr","D01","BART","BART_071","BART_071_952","2016-04-25","2015-11-24","2016-04-06","2016-04-21T20:36Z","2016-04-25T13:45Z","NEON.LTR.BART071952.20160406","NEON.LTR.BART071952.20160406.TWI","NEON.DOC.001710vE","Twigs/branches",6.35,"Y",NA,"2xX6mTIEU2zzk+aGAURxuwRthSzBo/kx"
"7c2e5a3c-2201-4084-8f24-16476d765c19","BART_041.basePlot.ltr","D01","BART","BART_041","BART_041_578","2016-04-25","2015-11-24","2016-04-06","2016-04-21T20:36Z","2016-04-25T13:45Z","NEON.LTR.BART041578.20160406","NEON.LTR.BART041578.20160406.SDS","NEON.DOC.001710vE","Seeds",0.42,"N",NA,"2xX6mTIEU2zzk+aGAURxuwRthSzBo/kx"
"9085f039-b316-46cb-97b0-6ae1bdba7126","BART_041.basePlot.ltr","D01","BART","BART_041","BART_041_578","2016-04-25","2015-11-24","2016-04-06","2016-04-21T20:36Z","2016-04-25T13:45Z","NEON.LTR.BART041578.20160406","NEON.LTR.BART041578.20160406.LVS","NEON.DOC.001710vE","Leaves",0.43,"N",NA,"2xX6mTIEU2zzk+aGAURxuwRthSzBo/kx"
"b68efe09-6204-4992-9b19-e949a52e4782","BART_071.basePlot.ltr","D01","BART","BART_071","BART_071_952","2016-04-25","2015-11-24","2016-04-06","2016-04-21T20:36Z","2016-04-25T13:45Z","NEON.LTR.BART071952.20160406","NEON.LTR.BART071952.20160406.SDS","NEON.DOC.001710vE","Seeds",0.11,"N",NA,"2xX6mTIEU2zzk+aGAURxuwRthSzBo/kx"
"3510bfdf-c3b0-4873-b7d7-933bacec2908","BART_071.basePlot.ltr","D01","BART","BART_071","BART_071_382","2016-04-25","2015-11-24","2016-04-06","2016-04-21T20:36Z","2016-04-25T13:45Z","NEON.LTR.BART071382.20160406","NEON.LTR.BART071382.20160406.OTH","NEON.DOC.001710vE","Other",1.04,"N",NA,"2xX6mTIEU2zzk+aGAURxuwRthSzBo/kx"
"f0e63f5e-d0f5-4b81-9cf5-34c76c8438a2","BART_071.basePlot.ltr","D01","BART","BART_071","BART_071_382","2016-04-25","2015-11-24","2016-04-06","2016-04-21T20:36Z","2016-04-25T13:45Z","NEON.LTR.BART071382.20160406","NEON.LTR.BART071382.20160406.LVS","NEON.DOC.001710vE","Leaves",0.24,"Y",NA,"2xX6mTIEU2zzk+aGAURxuwRthSzBo/kx"
"4d36e6df-2354-4040-9cc0-d0500248fc6b","BART_071.basePlot.ltr","D01","BART","BART_071","BART_071_382","2016-04-25","2015-11-24","2016-04-06","2016-04-21T20:36Z","2016-04-25T13:45Z","NEON.LTR.BART071382.20160406","NEON.LTR.BART071382.20160406.WDY","NEON.DOC.001710vE","Woody material",3.49,"Y",NA,"2xX6mTIEU2zzk+aGAURxuwRthSzBo/kx"
"3c96fde4-ad3a-42d6-bac4-5c5d8b491590","BART_071.basePlot.ltr","D01","BART","BART_071","BART_071_382","2016-04-25","2015-11-24","2016-04-06","2016-04-21T20:36Z","2016-04-25T13:45Z","NEON.LTR.BART071382.20160406","NEON.LTR.BART071382.20160406.SDS","NEON.DOC.001710vE","Seeds",0.09,"N",NA,"2xX6mTIEU2zzk+aGAURxuwRthSzBo/kx"
"0221a85a-6b84-4387-968d-25ba22493221","BART_071.basePlot.ltr","D01","BART","BART_071","BART_071_382","2016-04-25","2015-11-24","2016-04-06","2016-04-21T20:36Z","2016-04-25T13:45Z","NEON.LTR.BART071382.20160406","NEON.LTR.BART071382.20160406.FLR","NEON.DOC.001710vE","Flowers",0.08,"N",NA,"2xX6mTIEU2zzk+aGAURxuwRthSzBo/kx"
"be51b762-6784-4c52-8025-b7aadf25cff1","BART_071.basePlot.ltr","D01","BART","BART_071","BART_071_382","2016-04-25","2015-11-24","2016-04-06","2016-04-21T20:36Z","2016-04-25T13:45Z","NEON.LTR.BART071382.20160406","NEON.LTR.BART071382.20160406.NDL","NEON.DOC.001710vE","Needles",0.94,"N",NA,"2xX6mTIEU2zzk+aGAURxuwRthSzBo/kx"
"bf00c941-e342-49b7-ac5d-ce55bded19fe","BART_071.basePlot.ltr","D01","BART","BART_071","BART_071_382","2016-04-25","2015-11-24","2016-04-06","2016-04-21T20:36Z","2016-04-25T13:45Z","NEON.LTR.BART071382.20160406","NEON.LTR.BART071382.20160406.TWI","NEON.DOC.001710vE","Twigs/branches",5.22,"N",NA,"2xX6mTIEU2zzk+aGAURxuwRthSzBo/kx"
"98fcdcf2-d02a-40d6-9fcc-549d4cde6a0c","BART_036.basePlot.ltr","D01","BART","BART_036","BART_036_925","2016-04-25","2015-11-24","2016-04-06","2016-04-21T20:36Z","2016-04-25T13:45Z","NEON.LTR.BART036925.20160406","NEON.LTR.BART036925.20160406.FLR","NEON.DOC.001710vE","Flowers",0.04,"N",NA,"2xX6mTIEU2zzk+aGAURxuwRthSzBo/kx"
"58136026-a6f7-4e8c-b5cf-a18bfe76bbfc","BART_036.basePlot.ltr","D01","BART","BART_036","BART_036_925","2016-04-25","2015-11-24","2016-04-06","2016-04-21T20:36Z","2016-04-25T13:45Z","NEON.LTR.BART036925.20160406","NEON.LTR.BART036925.20160406.OTH","NEON.DOC.001710vE","Other",0.45,"N",NA,"2xX6mTIEU2zzk+aGAURxuwRthSzBo/kx"
"53c0239e-7522-4b61-8e48-ea512f4a12a8","BART_036.basePlot.ltr","D01","BART","BART_036","BART_036_925","2016-04-25","2015-11-24","2016-04-06","2016-04-21T20:36Z","2016-04-25T13:45Z","NEON.LTR.BART036925.20160406","NEON.LTR.BART036925.20160406.SDS","NEON.DOC.001710vE","Seeds",0.57,"N",NA,"2xX6mTIEU2zzk+aGAURxuwRthSzBo/kx"
"8a2649d5-4e80-487d-84d0-b6f515a94019","BART_036.basePlot.ltr","D01","BART","BART_036","BART_036_925","2016-04-25","2015-11-24","2016-04-06","2016-04-21T20:36Z","2016-04-25T13:45Z","NEON.LTR.BART036925.20160406","NEON.LTR.BART036925.20160406.LVS","NEON.DOC.001710vE","Leaves",0.15,"N",NA,"2xX6mTIEU2zzk+aGAURxuwRthSzBo/kx"
"190ecadc-172f-4b12-8d3a-a77192b2b521","BART_036.basePlot.ltr","D01","BART","BART_036","BART_036_925","2016-04-25","2015-11-24","2016-04-06","2016-04-21T20:36Z","2016-04-25T13:45Z","NEON.LTR.BART036925.20160406","NEON.LTR.BART036925.20160406.NDL","NEON.DOC.001710vE","Needles",0.17,"N",NA,"2xX6mTIEU2zzk+aGAURxuwRthSzBo/kx"
"f235b8f1-6ba6-4837-a7b7-cfd519456d4a","BART_036.basePlot.ltr","D01","BART","BART_036","BART_036_925","2016-04-25","2015-11-24","2016-04-06","2016-04-21T20:36Z","2016-04-25T13:45Z","NEON.LTR.BART036925.20160406","NEON.LTR.BART036925.20160406.TWI","NEON.DOC.001710vE","Twigs/branches",1.38,"N",NA,"2xX6mTIEU2zzk+aGAURxuwRthSzBo/kx"
"6c558a16-dcea-4591-8890-0b113065376c","BART_036.basePlot.ltr","D01","BART","BART_036","BART_036_925","2016-04-25","2015-11-24","2016-04-06","2016-04-21T20:36Z","2016-04-25T13:45Z","NEON.LTR.BART036925.20160406","NEON.LTR.BART036925.20160406.WDY","NEON.DOC.001710vE","Woody material",0.94,"N",NA,"2xX6mTIEU2zzk+aGAURxuwRthSzBo/kx"
"ac5b96b7-a881-4374-81f9-cf3556aace70","BART_033.basePlot.ltr","D01","BART","BART_033","BART_033_453","2016-04-25","2015-11-24","2016-04-06","2016-04-21T20:36Z","2016-04-25T13:45Z","NEON.LTR.BART033453.20160406","NEON.LTR.BART033453.20160406.LVS","NEON.DOC.001710vE","Leaves",0.005,"N",NA,"2xX6mTIEU2zzk+aGAURxuwRthSzBo/kx"
"b014a0b2-844b-4fcc-904c-eaba6d717ddd","BART_033.basePlot.ltr","D01","BART","BART_033","BART_033_453","2016-04-25","2015-11-24","2016-04-06","2016-04-21T20:36Z","2016-04-25T13:45Z","NEON.LTR.BART033453.20160406","NEON.LTR.BART033453.20160406.OTH","NEON.DOC.001710vE","Other",0.14,"Y",NA,"2xX6mTIEU2zzk+aGAURxuwRthSzBo/kx"
"29b03838-5cb2-47db-8720-01720632b23b","BART_033.basePlot.ltr","D01","BART","BART_033","BART_033_453","2016-04-25","2015-11-24","2016-04-06","2016-04-21T20:36Z","2016-04-25T13:45Z","NEON.LTR.BART033453.20160406","NEON.LTR.BART033453.20160406.TWI","NEON.DOC.001710vE","Twigs/branches",0.57,"N",NA,"2xX6mTIEU2zzk+aGAURxuwRthSzBo/kx"
"4614b4e7-2f8d-40fe-ab94-5394b02204c9","BART_033.basePlot.ltr","D01","BART","BART_033","BART_033_453","2016-04-25","2015-11-24","2016-04-06","2016-04-21T20:36Z","2016-04-25T13:45Z","NEON.LTR.BART033453.20160406","NEON.LTR.BART033453.20160406.FLR","NEON.DOC.001710vE","Flowers",0.005,"N",NA,"2xX6mTIEU2zzk+aGAURxuwRthSzBo/kx"
"d6a230ee-2208-4c48-912a-63be1d9ed9f3","BART_033.basePlot.ltr","D01","BART","BART_033","BART_033_453","2016-04-25","2015-11-24","2016-04-06","2016-04-21T20:36Z","2016-04-25T13:45Z","NEON.LTR.BART033453.20160406","NEON.LTR.BART033453.20160406.NDL","NEON.DOC.001710vE","Needles",0.13,"N",NA,"2xX6mTIEU2zzk+aGAURxuwRthSzBo/kx"
"4c77ad64-f68b-4cc7-9f6c-5b1ce2eda485","BART_033.basePlot.ltr","D01","BART","BART_033","BART_033_453","2016-04-25","2015-11-24","2016-04-06","2016-04-21T20:36Z","2016-04-25T13:45Z","NEON.LTR.BART033453.20160406","NEON.LTR.BART033453.20160406.WDY","NEON.DOC.001710vE","Woody material",0.07,"N",NA,"2xX6mTIEU2zzk+aGAURxuwRthSzBo/kx"
"0f8c4771-edb4-4366-808b-df784b28c80f","BART_033.basePlot.ltr","D01","BART","BART_033","BART_033_453","2016-04-25","2015-11-24","2016-04-06","2016-04-21T20:36Z","2016-04-25T13:45Z","NEON.LTR.BART033453.20160406","NEON.LTR.BART033453.20160406.SDS","NEON.DOC.001710vE","Seeds",0.44,"N",NA,"2xX6mTIEU2zzk+aGAURxuwRthSzBo/kx"
"68263c9e-fca2-495a-b3e0-19ae2468143e","BART_070.basePlot.ltr","D01","BART","BART_070","BART_070_553","2016-04-25","2015-11-24","2016-04-06","2016-04-21T20:36Z","2016-04-25T13:45Z","NEON.LTR.BART070553.20160406","NEON.LTR.BART070553.20160406.NDL","NEON.DOC.001710vE","Needles",0.62,"N",NA,"2xX6mTIEU2zzk+aGAURxuwRthSzBo/kx"
"21f57855-63d7-4384-91fb-e378814a81dc","BART_070.basePlot.ltr","D01","BART","BART_070","BART_070_553","2016-04-25","2015-11-24","2016-04-06","2016-04-21T20:36Z","2016-04-25T13:45Z","NEON.LTR.BART070553.20160406","NEON.LTR.BART070553.20160406.OTH","NEON.DOC.001710vE","Other",9.26,"N",NA,"2xX6mTIEU2zzk+aGAURxuwRthSzBo/kx"
"039aff6e-a606-40a4-8aac-cf9b02ab77bb","BART_070.basePlot.ltr","D01","BART","BART_070","BART_070_553","2016-04-25","2015-11-24","2016-04-06","2016-04-21T20:36Z","2016-04-25T13:45Z","NEON.LTR.BART070553.20160406","NEON.LTR.BART070553.20160406.FLR","NEON.DOC.001710vE","Flowers",0,"N",NA,"2xX6mTIEU2zzk+aGAURxuwRthSzBo/kx"
"14396e83-6848-4d19-8fe7-cc7b5535ca54","BART_070.basePlot.ltr","D01","BART","BART_070","BART_070_553","2016-04-25","2015-11-24","2016-04-06","2016-04-21T20:36Z","2016-04-25T13:45Z","NEON.LTR.BART070553.20160406","NEON.LTR.BART070553.20160406.TWI","NEON.DOC.001710vE","Twigs/branches",13.59,"N",NA,"2xX6mTIEU2zzk+aGAURxuwRthSzBo/kx"
"54533cfe-1d9f-44cb-b549-000c9cd46896","BART_070.basePlot.ltr","D01","BART","BART_070","BART_070_553","2016-04-25","2015-11-24","2016-04-06","2016-04-21T20:36Z","2016-04-25T13:45Z","NEON.LTR.BART070553.20160406","NEON.LTR.BART070553.20160406.WDY","NEON.DOC.001710vE","Woody material",21.94,"Y",NA,"2xX6mTIEU2zzk+aGAURxuwRthSzBo/kx"
"a5f83f35-e3f5-4b75-9576-7d43341c241e","BART_070.basePlot.ltr","D01","BART","BART_070","BART_070_553","2016-04-25","2015-11-24","2016-04-06","2016-04-21T20:36Z","2016-04-25T13:45Z","NEON.LTR.BART070553.20160406","NEON.LTR.BART070553.20160406.SDS","NEON.DOC.001710vE","Seeds",0.07,"N",NA,"2xX6mTIEU2zzk+aGAURxuwRthSzBo/kx"
"a2c97356-c74f-492b-9514-503b4131b324","BART_070.basePlot.ltr","D01","BART","BART_070","BART_070_553","2016-04-25","2015-11-24","2016-04-06","2016-04-21T20:36Z","2016-04-25T13:45Z","NEON.LTR.BART070553.20160406","NEON.LTR.BART070553.20160406.LVS","NEON.DOC.001710vE","Leaves",0.09,"Y",NA,"2xX6mTIEU2zzk+aGAURxuwRthSzBo/kx"
"79f238a8-d411-4277-a93d-2631b906249a","BART_075.basePlot.ltr","D01","BART","BART_075","BART_075_819","2016-04-25","2015-11-24","2016-04-06","2016-04-21T20:36Z","2016-04-25T13:45Z","NEON.LTR.BART075819.20160406","NEON.LTR.BART075819.20160406.TWI","NEON.DOC.001710vE","Twigs/branches",1.37,"N",NA,"2xX6mTIEU2zzk+aGAURxuwRthSzBo/kx"
"eb5297da-d065-4cdc-b8e9-730d2d6bb2ea","BART_075.basePlot.ltr","D01","BART","BART_075","BART_075_819","2016-04-25","2015-11-24","2016-04-06","2016-04-21T20:36Z","2016-04-25T13:45Z","NEON.LTR.BART075819.20160406","NEON.LTR.BART075819.20160406.SDS","NEON.DOC.001710vE","Seeds",0.17,"N",NA,"2xX6mTIEU2zzk+aGAURxuwRthSzBo/kx"
"98fb54e2-8f14-435b-a5fa-7a3a888d80af","BART_075.basePlot.ltr","D01","BART","BART_075","BART_075_819","2016-04-25","2015-11-24","2016-04-06","2016-04-21T20:36Z","2016-04-25T13:45Z","NEON.LTR.BART075819.20160406","NEON.LTR.BART075819.20160406.FLR","NEON.DOC.001710vE","Flowers",0.08,"N",NA,"2xX6mTIEU2zzk+aGAURxuwRthSzBo/kx"
"895f9924-18db-454f-bbf4-97d6017a0825","BART_075.basePlot.ltr","D01","BART","BART_075","BART_075_819","2016-04-25","2015-11-24","2016-04-06","2016-04-21T20:36Z","2016-04-25T13:45Z","NEON.LTR.BART075819.20160406","NEON.LTR.BART075819.20160406.WDY","NEON.DOC.001710vE","Woody material",2.19,"N",NA,"2xX6mTIEU2zzk+aGAURxuwRthSzBo/kx"
"7ae94aa8-195b-40cb-918b-9526451eacf8","BART_075.basePlot.ltr","D01","BART","BART_075","BART_075_819","2016-04-25","2015-11-24","2016-04-06","2016-04-21T20:36Z","2016-04-25T13:45Z","NEON.LTR.BART075819.20160406","NEON.LTR.BART075819.20160406.OTH","NEON.DOC.001710vE","Other",2.28,"N",NA,"2xX6mTIEU2zzk+aGAURxuwRthSzBo/kx"
"79ea5f4b-d945-4bc7-9547-76fd8a85fe76","BART_075.basePlot.ltr","D01","BART","BART_075","BART_075_819","2016-04-25","2015-11-24","2016-04-06","2016-04-21T20:36Z","2016-04-25T13:45Z","NEON.LTR.BART075819.20160406","NEON.LTR.BART075819.20160406.NDL","NEON.DOC.001710vE","Needles",0.38,"N",NA,"2xX6mTIEU2zzk+aGAURxuwRthSzBo/kx"
"6d2d3cb8-0dfe-44b1-b6b9-6c9d7c6c740a","BART_075.basePlot.ltr","D01","BART","BART_075","BART_075_819","2016-04-25","2015-11-24","2016-04-06","2016-04-21T20:36Z","2016-04-25T13:45Z","NEON.LTR.BART075819.20160406","NEON.LTR.BART075819.20160406.LVS","NEON.DOC.001710vE","Leaves",0.45,"N",NA,"2xX6mTIEU2zzk+aGAURxuwRthSzBo/kx"
"a102475b-d0b9-436b-a78e-c3364341124b","BART_044.basePlot.ltr","D01","BART","BART_044","BART_044_531","2016-04-25","2015-11-24","2016-04-06","2016-04-21T20:36Z","2016-04-25T13:45Z","NEON.LTR.BART044531.20160406","NEON.LTR.BART044531.20160406.WDY","NEON.DOC.001710vE","Woody material",0.61,"N",NA,"2xX6mTIEU2zzk+aGAURxuwRthSzBo/kx"
"bd240cab-f985-42db-8075-30f90e99a5c7","BART_044.basePlot.ltr","D01","BART","BART_044","BART_044_531","2016-04-25","2015-11-24","2016-04-06","2016-04-21T20:36Z","2016-04-25T13:45Z","NEON.LTR.BART044531.20160406","NEON.LTR.BART044531.20160406.TWI","NEON.DOC.001710vE","Twigs/branches",5.9,"N",NA,"2xX6mTIEU2zzk+aGAURxuwRthSzBo/kx"
"5660eae0-ac07-4283-a7c1-49b635550a5b","BART_044.basePlot.ltr","D01","BART","BART_044","BART_044_531","2016-04-25","2015-11-24","2016-04-06","2016-04-21T20:36Z","2016-04-25T13:45Z","NEON.LTR.BART044531.20160406","NEON.LTR.BART044531.20160406.OTH","NEON.DOC.001710vE","Other",0.64,"N",NA,"2xX6mTIEU2zzk+aGAURxuwRthSzBo/kx"
"583677af-3117-414f-a0ea-f36b51e85bd1","BART_044.basePlot.ltr","D01","BART","BART_044","BART_044_531","2016-04-25","2015-11-24","2016-04-06","2016-04-21T20:36Z","2016-04-25T13:45Z","NEON.LTR.BART044531.20160406","NEON.LTR.BART044531.20160406.SDS","NEON.DOC.001710vE","Seeds",0.88,"N",NA,"2xX6mTIEU2zzk+aGAURxuwRthSzBo/kx"
"d478c9ae-7c75-4563-a619-4029f8eed9cd","BART_044.basePlot.ltr","D01","BART","BART_044","BART_044_531","2016-04-25","2015-11-24","2016-04-06","2016-04-21T20:36Z","2016-04-25T13:45Z","NEON.LTR.BART044531.20160406","NEON.LTR.BART044531.20160406.NDL","NEON.DOC.001710vE","Needles",0.23,"N",NA,"2xX6mTIEU2zzk+aGAURxuwRthSzBo/kx"
"f616eac3-30dd-4416-8584-18bde948c7bd","BART_044.basePlot.ltr","D01","BART","BART_044","BART_044_531","2016-04-25","2015-11-24","2016-04-06","2016-04-21T20:36Z","2016-04-25T13:45Z","NEON.LTR.BART044531.20160406","NEON.LTR.BART044531.20160406.FLR","NEON.DOC.001710vE","Flowers",0.06,"N",NA,"2xX6mTIEU2zzk+aGAURxuwRthSzBo/kx"
"b641b3d5-28df-4b30-8821-0672cb008b23","BART_044.basePlot.ltr","D01","BART","BART_044","BART_044_531","2016-04-25","2015-11-24","2016-04-06","2016-04-21T20:36Z","2016-04-25T13:45Z","NEON.LTR.BART044531.20160406","NEON.LTR.BART044531.20160406.LVS","NEON.DOC.001710vE","Leaves",0.01,"N",NA,"2xX6mTIEU2zzk+aGAURxuwRthSzBo/kx"
"ed99b180-3034-4069-9104-df37c8b19dc5","BART_039.basePlot.ltr","D01","BART","BART_039","BART_039_930","2016-04-25","2015-11-24","2016-04-06","2016-04-21T20:36Z","2016-04-25T13:45Z","NEON.LTR.BART039930.20160406","NEON.LTR.BART039930.20160406.OTH","NEON.DOC.001710vE","Other",2.2,"N",NA,"2xX6mTIEU2zzk+aGAURxuwRthSzBo/kx"
"40231c81-cc63-4f30-b317-029bd277a094","BART_040.basePlot.ltr","D01","BART","BART_040","BART_040_884","2016-04-25","2015-11-24","2016-04-06","2016-04-21T20:36Z","2016-04-25T13:45Z","NEON.LTR.BART040884.20160406","NEON.LTR.BART040884.20160406.SDS","NEON.DOC.001710vE","Seeds",0.3,"N",NA,"2xX6mTIEU2zzk+aGAURxuwRthSzBo/kx"
"896ee362-e3f6-47d1-bc92-93c7ff1bb092","BART_039.basePlot.ltr","D01","BART","BART_039","BART_039_930","2016-04-25","2015-11-24","2016-04-06","2016-04-21T20:36Z","2016-04-25T13:45Z","NEON.LTR.BART039930.20160406","NEON.LTR.BART039930.20160406.TWI","NEON.DOC.001710vE","Twigs/branches",4.57,"Y",NA,"2xX6mTIEU2zzk+aGAURxuwRthSzBo/kx"
"bcb9ac9d-afac-4297-bcc7-72f75bf24e0b","BART_039.basePlot.ltr","D01","BART","BART_039","BART_039_930","2016-04-25","2015-11-24","2016-04-06","2016-04-21T20:36Z","2016-04-25T13:45Z","NEON.LTR.BART039930.20160406","NEON.LTR.BART039930.20160406.WDY","NEON.DOC.001710vE","Woody material",1.53,"N",NA,"2xX6mTIEU2zzk+aGAURxuwRthSzBo/kx"
"6c4e87fc-ddb6-4fdf-bd8f-779371c6e0f8","BART_039.basePlot.ltr","D01","BART","BART_039","BART_039_930","2016-04-25","2015-11-24","2016-04-06","2016-04-21T20:36Z","2016-04-25T13:45Z","NEON.LTR.BART039930.20160406","NEON.LTR.BART039930.20160406.SDS","NEON.DOC.001710vE","Seeds",0.16,"N",NA,"2xX6mTIEU2zzk+aGAURxuwRthSzBo/kx"
"3f701d8e-d28c-47e9-b1d4-19bda2820baa","BART_039.basePlot.ltr","D01","BART","BART_039","BART_039_930","2016-04-25","2015-11-24","2016-04-06","2016-04-21T20:36Z","2016-04-25T13:45Z","NEON.LTR.BART039930.20160406","NEON.LTR.BART039930.20160406.FLR","NEON.DOC.001710vE","Flowers",0.06,"N",NA,"2xX6mTIEU2zzk+aGAURxuwRthSzBo/kx"
"218fba64-1f31-4013-bfb8-b9a7d06af3b2","BART_040.basePlot.ltr","D01","BART","BART_040","BART_040_884","2016-04-25","2015-11-24","2016-04-06","2016-04-21T20:36Z","2016-04-25T13:45Z","NEON.LTR.BART040884.20160406","NEON.LTR.BART040884.20160406.OTH","NEON.DOC.001710vE","Other",0.3,"N",NA,"2xX6mTIEU2zzk+aGAURxuwRthSzBo/kx"
"ce1d657e-58a5-4889-b99f-a319a4edd911","BART_040.basePlot.ltr","D01","BART","BART_040","BART_040_884","2016-04-25","2015-11-24","2016-04-06","2016-04-21T20:36Z","2016-04-25T13:45Z","NEON.LTR.BART040884.20160406","NEON.LTR.BART040884.20160406.TWI","NEON.DOC.001710vE","Twigs/branches",1.63,"N",NA,"2xX6mTIEU2zzk+aGAURxuwRthSzBo/kx"
"84a5ab99-854e-4be9-bee5-513cbc9877b9","BART_039.basePlot.ltr","D01","BART","BART_039","BART_039_930","2016-04-25","2015-11-24","2016-04-06","2016-04-21T20:36Z","2016-04-25T13:45Z","NEON.LTR.BART039930.20160406","NEON.LTR.BART039930.20160406.LVS","NEON.DOC.001710vE","Leaves",0.18,"N",NA,"2xX6mTIEU2zzk+aGAURxuwRthSzBo/kx"
"a4710beb-ad13-443d-a567-3e36da9a0742","BART_040.basePlot.ltr","D01","BART","BART_040","BART_040_884","2016-04-25","2015-11-24","2016-04-06","2016-04-21T20:36Z","2016-04-25T13:45Z","NEON.LTR.BART040884.20160406","NEON.LTR.BART040884.20160406.FLR","NEON.DOC.001710vE","Flowers",0.06,"N",NA,"2xX6mTIEU2zzk+aGAURxuwRthSzBo/kx"
"dfb61b28-4213-4138-8e67-5150b4b58cb4","BART_040.basePlot.ltr","D01","BART","BART_040","BART_040_884","2016-04-25","2015-11-24","2016-04-06","2016-04-21T20:36Z","2016-04-25T13:45Z","NEON.LTR.BART040884.20160406","NEON.LTR.BART040884.20160406.NDL","NEON.DOC.001710vE","Needles",0.12,"N",NA,"2xX6mTIEU2zzk+aGAURxuwRthSzBo/kx"
"62d423b0-cfe7-4388-895a-c2748de22fb7","BART_039.basePlot.ltr","D01","BART","BART_039","BART_039_930","2016-04-25","2015-11-24","2016-04-06","2016-04-21T20:36Z","2016-04-25T13:45Z","NEON.LTR.BART039930.20160406","NEON.LTR.BART039930.20160406.NDL","NEON.DOC.001710vE","Needles",0.92,"N",NA,"2xX6mTIEU2zzk+aGAURxuwRthSzBo/kx"
"6f958759-b100-4ba0-b4da-e6bbbb830b9c","BART_040.basePlot.ltr","D01","BART","BART_040","BART_040_884","2016-04-25","2015-11-24","2016-04-06","2016-04-21T20:36Z","2016-04-25T13:45Z","NEON.LTR.BART040884.20160406","NEON.LTR.BART040884.20160406.WDY","NEON.DOC.001710vE","Woody material",0.39,"N",NA,"2xX6mTIEU2zzk+aGAURxuwRthSzBo/kx"
"a0aa648d-738f-4a2b-bb29-a2b71e3c011b","BART_040.basePlot.ltr","D01","BART","BART_040","BART_040_884","2016-04-25","2015-11-24","2016-04-06","2016-04-21T20:36Z","2016-04-25T13:45Z","NEON.LTR.BART040884.20160406","NEON.LTR.BART040884.20160406.LVS","NEON.DOC.001710vE","Leaves",0.08,"N",NA,"2xX6mTIEU2zzk+aGAURxuwRthSzBo/kx"
"a4d8d7f6-feba-4ff3-8512-e41aee3d9eda","BART_037.basePlot.ltr","D01","BART","BART_037","BART_037_884","2016-04-25","2015-11-24","2016-04-06","2016-04-21T20:36Z","2016-04-25T13:45Z","NEON.LTR.BART037884.20160406","NEON.LTR.BART037884.20160406.WDY","NEON.DOC.001710vE","Woody material",0.27,"N",NA,"2xX6mTIEU2zzk+aGAURxuwRthSzBo/kx"
"5b0cbc3e-f154-46d7-ae4d-3e4814adc319","BART_037.basePlot.ltr","D01","BART","BART_037","BART_037_884","2016-04-25","2015-11-24","2016-04-06","2016-04-21T20:36Z","2016-04-25T13:45Z","NEON.LTR.BART037884.20160406","NEON.LTR.BART037884.20160406.TWI","NEON.DOC.001710vE","Twigs/branches",0.76,"N",NA,"2xX6mTIEU2zzk+aGAURxuwRthSzBo/kx"
"37461e24-5770-43ec-992e-9482b790b993","BART_037.basePlot.ltr","D01","BART","BART_037","BART_037_884","2016-04-25","2015-11-24","2016-04-06","2016-04-21T20:36Z","2016-04-25T13:45Z","NEON.LTR.BART037884.20160406","NEON.LTR.BART037884.20160406.NDL","NEON.DOC.001710vE","Needles",0.3,"Y",NA,"2xX6mTIEU2zzk+aGAURxuwRthSzBo/kx"
"fbaf6f68-4574-4d0f-9d7f-ceb834b1ac67","BART_037.basePlot.ltr","D01","BART","BART_037","BART_037_884","2016-04-25","2015-11-24","2016-04-06","2016-04-21T20:36Z","2016-04-25T13:45Z","NEON.LTR.BART037884.20160406","NEON.LTR.BART037884.20160406.LVS","NEON.DOC.001710vE","Leaves",0.37,"N",NA,"2xX6mTIEU2zzk+aGAURxuwRthSzBo/kx"
"b8853ac9-4150-45e1-8049-f67e1e0598e7","BART_037.basePlot.ltr","D01","BART","BART_037","BART_037_884","2016-04-25","2015-11-24","2016-04-06","2016-04-21T20:36Z","2016-04-25T13:45Z","NEON.LTR.BART037884.20160406","NEON.LTR.BART037884.20160406.FLR","NEON.DOC.001710vE","Flowers",0.005,"N",NA,"2xX6mTIEU2zzk+aGAURxuwRthSzBo/kx"
"0195d8ed-47f6-497e-bad1-57d4cba50a12","BART_037.basePlot.ltr","D01","BART","BART_037","BART_037_884","2016-04-25","2015-11-24","2016-04-06","2016-04-21T20:36Z","2016-04-25T13:45Z","NEON.LTR.BART037884.20160406","NEON.LTR.BART037884.20160406.SDS","NEON.DOC.001710vE","Seeds",0.68,"N",NA,"2xX6mTIEU2zzk+aGAURxuwRthSzBo/kx"
"a0566edc-ceee-4751-86fb-61fad09d91cd","BART_037.basePlot.ltr","D01","BART","BART_037","BART_037_884","2016-04-25","2015-11-24","2016-04-06","2016-04-21T20:36Z","2016-04-25T13:45Z","NEON.LTR.BART037884.20160406","NEON.LTR.BART037884.20160406.OTH","NEON.DOC.001710vE","Other",0.69,"N",NA,"2xX6mTIEU2zzk+aGAURxuwRthSzBo/kx"
"316a75d1-7a55-43ce-b9de-590bd75329f0","BART_036.basePlot.ltr","D01","BART","BART_036","BART_036_151","2016-04-25","2015-11-24","2016-04-06","2016-04-21T20:36Z","2016-04-25T13:45Z","NEON.LTR.BART036151.20160406","NEON.LTR.BART036151.20160406.NDL","NEON.DOC.001710vE","Needles",0.27,"N",NA,"2xX6mTIEU2zzk+aGAURxuwRthSzBo/kx"
"d091e02c-e755-4316-b7cf-2b3cc68479dc","BART_036.basePlot.ltr","D01","BART","BART_036","BART_036_151","2016-04-25","2015-11-24","2016-04-06","2016-04-21T20:36Z","2016-04-25T13:45Z","NEON.LTR.BART036151.20160406","NEON.LTR.BART036151.20160406.FLR","NEON.DOC.001710vE","Flowers",0.03,"N",NA,"2xX6mTIEU2zzk+aGAURxuwRthSzBo/kx"
"f16f72f0-11ba-4028-9c90-625e2be2dd53","BART_036.basePlot.ltr","D01","BART","BART_036","BART_036_151","2016-04-25","2015-11-24","2016-04-06","2016-04-21T20:36Z","2016-04-25T13:45Z","NEON.LTR.BART036151.20160406","NEON.LTR.BART036151.20160406.OTH","NEON.DOC.001710vE","Other",0.23,"Y",NA,"2xX6mTIEU2zzk+aGAURxuwRthSzBo/kx"
"93febabe-0f02-4416-8c36-81d1028fb12f","BART_036.basePlot.ltr","D01","BART","BART_036","BART_036_151","2016-04-25","2015-11-24","2016-04-06","2016-04-21T20:36Z","2016-04-25T13:45Z","NEON.LTR.BART036151.20160406","NEON.LTR.BART036151.20160406.SDS","NEON.DOC.001710vE","Seeds",1.16,"N",NA,"2xX6mTIEU2zzk+aGAURxuwRthSzBo/kx"
"1cc6f326-e55f-4d18-bcbd-78fc9cb9be3f","BART_036.basePlot.ltr","D01","BART","BART_036","BART_036_151","2016-04-25","2015-11-24","2016-04-06","2016-04-21T20:36Z","2016-04-25T13:45Z","NEON.LTR.BART036151.20160406","NEON.LTR.BART036151.20160406.LVS","NEON.DOC.001710vE","Leaves",0.005,"N",NA,"2xX6mTIEU2zzk+aGAURxuwRthSzBo/kx"
"2c6b0ad9-374c-44fd-b747-3c27f453d421","BART_036.basePlot.ltr","D01","BART","BART_036","BART_036_151","2016-04-25","2015-11-24","2016-04-06","2016-04-21T20:36Z","2016-04-25T13:45Z","NEON.LTR.BART036151.20160406","NEON.LTR.BART036151.20160406.TWI","NEON.DOC.001710vE","Twigs/branches",0.68,"N",NA,"2xX6mTIEU2zzk+aGAURxuwRthSzBo/kx"
"c2ba66d7-00b6-4dfd-8daa-3010a0b80111","BART_036.basePlot.ltr","D01","BART","BART_036","BART_036_151","2016-04-25","2015-11-24","2016-04-06","2016-04-21T20:36Z","2016-04-25T13:45Z","NEON.LTR.BART036151.20160406","NEON.LTR.BART036151.20160406.WDY","NEON.DOC.001710vE","Woody material",0.18,"N",NA,"2xX6mTIEU2zzk+aGAURxuwRthSzBo/kx"
"1a0e0bb8-7a00-405e-ba18-17b08ce89388","BART_040.basePlot.ltr","D01","BART","BART_040","BART_040_158","2016-04-25","2015-11-24","2016-04-06","2016-04-21T20:36Z","2016-04-25T13:45Z","NEON.LTR.BART040158.20160406","NEON.LTR.BART040158.20160406.SDS","NEON.DOC.001710vE","Seeds",0.08,"N",NA,"2xX6mTIEU2zzk+aGAURxuwRthSzBo/kx"
"4b2f2633-2c62-454e-b42e-87b81ffe0b37","BART_040.basePlot.ltr","D01","BART","BART_040","BART_040_158","2016-04-25","2015-11-24","2016-04-06","2016-04-21T20:36Z","2016-04-25T13:45Z","NEON.LTR.BART040158.20160406","NEON.LTR.BART040158.20160406.TWI","NEON.DOC.001710vE","Twigs/branches",0.42,"N",NA,"2xX6mTIEU2zzk+aGAURxuwRthSzBo/kx"
"deecd138-ab7e-4820-96d7-495f8e91782e","BART_040.basePlot.ltr","D01","BART","BART_040","BART_040_158","2016-04-25","2015-11-24","2016-04-06","2016-04-21T20:36Z","2016-04-25T13:45Z","NEON.LTR.BART040158.20160406","NEON.LTR.BART040158.20160406.NDL","NEON.DOC.001710vE","Needles",0.46,"N",NA,"2xX6mTIEU2zzk+aGAURxuwRthSzBo/kx"
"e9df5e53-c65d-484a-9824-026d81eef51a","BART_040.basePlot.ltr","D01","BART","BART_040","BART_040_158","2016-04-25","2015-11-24","2016-04-06","2016-04-21T20:36Z","2016-04-25T13:45Z","NEON.LTR.BART040158.20160406","NEON.LTR.BART040158.20160406.WDY","NEON.DOC.001710vE","Woody material",0.07,"N",NA,"2xX6mTIEU2zzk+aGAURxuwRthSzBo/kx"
"721c661e-b550-4d6b-9355-f1c0f43add21","BART_040.basePlot.ltr","D01","BART","BART_040","BART_040_158","2016-04-25","2015-11-24","2016-04-06","2016-04-21T20:36Z","2016-04-25T13:45Z","NEON.LTR.BART040158.20160406","NEON.LTR.BART040158.20160406.OTH","NEON.DOC.001710vE","Other",0.44,"N",NA,"2xX6mTIEU2zzk+aGAURxuwRthSzBo/kx"
"2ab48c6b-e92b-45b8-8ddc-8af9da20b54d","BART_040.basePlot.ltr","D01","BART","BART_040","BART_040_158","2016-04-25","2015-11-24","2016-04-06","2016-04-21T20:36Z","2016-04-25T13:45Z","NEON.LTR.BART040158.20160406","NEON.LTR.BART040158.20160406.FLR","NEON.DOC.001710vE","Flowers",0.37,"N",NA,"2xX6mTIEU2zzk+aGAURxuwRthSzBo/kx"
"ced8a43b-eb46-4850-b78f-9bd7c7230ce7","BART_040.basePlot.ltr","D01","BART","BART_040","BART_040_158","2016-04-25","2015-11-24","2016-04-06","2016-04-21T20:36Z","2016-04-25T13:45Z","NEON.LTR.BART040158.20160406","NEON.LTR.BART040158.20160406.LVS","NEON.DOC.001710vE","Leaves",0.31,"N",NA,"2xX6mTIEU2zzk+aGAURxuwRthSzBo/kx"
"2b448fe4-6d66-4b17-a360-6665137682e1","BART_033.basePlot.ltr","D01","BART","BART_033","BART_033_923","2016-04-25","2015-11-24","2016-04-06","2016-04-21T20:36Z","2016-04-25T13:45Z","NEON.LTR.BART033923.20160406","NEON.LTR.BART033923.20160406.NDL","NEON.DOC.001710vE","Needles",0.005,"N",NA,"2xX6mTIEU2zzk+aGAURxuwRthSzBo/kx"
"fc6f72c8-075e-415a-a4a1-e7da4a3178f8","BART_033.basePlot.ltr","D01","BART","BART_033","BART_033_923","2016-04-25","2015-11-24","2016-04-06","2016-04-21T20:36Z","2016-04-25T13:45Z","NEON.LTR.BART033923.20160406","NEON.LTR.BART033923.20160406.TWI","NEON.DOC.001710vE","Twigs/branches",2.43,"N",NA,"2xX6mTIEU2zzk+aGAURxuwRthSzBo/kx"
"ad8a22a6-cd81-4a6b-b60b-01487b3c6b20","BART_033.basePlot.ltr","D01","BART","BART_033","BART_033_923","2016-04-25","2015-11-24","2016-04-06","2016-04-21T20:36Z","2016-04-25T13:45Z","NEON.LTR.BART033923.20160406","NEON.LTR.BART033923.20160406.FLR","NEON.DOC.001710vE","Flowers",0.37,"Y",NA,"2xX6mTIEU2zzk+aGAURxuwRthSzBo/kx"
"29b5e405-9224-4eb4-8f4f-397c0a805ba5","BART_033.basePlot.ltr","D01","BART","BART_033","BART_033_923","2016-04-25","2015-11-24","2016-04-06","2016-04-21T20:36Z","2016-04-25T13:45Z","NEON.LTR.BART033923.20160406","NEON.LTR.BART033923.20160406.LVS","NEON.DOC.001710vE","Leaves",0.96,"N",NA,"2xX6mTIEU2zzk+aGAURxuwRthSzBo/kx"
"0e226f57-7ccd-405b-84bd-efd519630279","BART_033.basePlot.ltr","D01","BART","BART_033","BART_033_923","2016-04-25","2015-11-24","2016-04-06","2016-04-21T20:36Z","2016-04-25T13:45Z","NEON.LTR.BART033923.20160406","NEON.LTR.BART033923.20160406.SDS","NEON.DOC.001710vE","Seeds",0.5,"N",NA,"2xX6mTIEU2zzk+aGAURxuwRthSzBo/kx"
"527a9738-5012-418b-8b80-c6c8a7e53174","BART_033.basePlot.ltr","D01","BART","BART_033","BART_033_923","2016-04-25","2015-11-24","2016-04-06","2016-04-21T20:36Z","2016-04-25T13:45Z","NEON.LTR.BART033923.20160406","NEON.LTR.BART033923.20160406.OTH","NEON.DOC.001710vE","Other",0.36,"N",NA,"2xX6mTIEU2zzk+aGAURxuwRthSzBo/kx"
"28a7418d-ab68-4f95-a2a8-69674e56dce9","BART_033.basePlot.ltr","D01","BART","BART_033","BART_033_923","2016-04-25","2015-11-24","2016-04-06","2016-04-21T20:36Z","2016-04-25T13:45Z","NEON.LTR.BART033923.20160406","NEON.LTR.BART033923.20160406.WDY","NEON.DOC.001710vE","Woody material",0.25,"Y",NA,"2xX6mTIEU2zzk+aGAURxuwRthSzBo/kx"
"d934ae00-b5cd-4906-a39a-82db4c838fa5","BART_037.basePlot.ltr","D01","BART","BART_037","BART_037_158","2016-04-25","2015-11-24","2016-04-06","2016-04-21T20:36Z","2016-04-25T13:45Z","NEON.LTR.BART037158.20160406","NEON.LTR.BART037158.20160406.LVS","NEON.DOC.001710vE","Leaves",0.06,"N",NA,"2xX6mTIEU2zzk+aGAURxuwRthSzBo/kx"
"b27b53da-1dd0-4dba-9136-dc057cfe9674","BART_037.basePlot.ltr","D01","BART","BART_037","BART_037_158","2016-04-25","2015-11-24","2016-04-06","2016-04-21T20:36Z","2016-04-25T13:45Z","NEON.LTR.BART037158.20160406","NEON.LTR.BART037158.20160406.FLR","NEON.DOC.001710vE","Flowers",0.02,"N",NA,"2xX6mTIEU2zzk+aGAURxuwRthSzBo/kx"
"715868cc-df4b-4cef-9fc8-f8b8686681ff","BART_037.basePlot.ltr","D01","BART","BART_037","BART_037_158","2016-04-25","2015-11-24","2016-04-06","2016-04-21T20:36Z","2016-04-25T13:45Z","NEON.LTR.BART037158.20160406","NEON.LTR.BART037158.20160406.SDS","NEON.DOC.001710vE","Seeds",0.97,"N",NA,"2xX6mTIEU2zzk+aGAURxuwRthSzBo/kx"
"98019f43-d51d-48b5-a519-e05a63b5b415","BART_073.basePlot.ltr","D01","BART","BART_073","BART_073_689","2016-06-07","2015-05-18","2016-05-31","2016-06-02T13:30Z","2016-07-07T11:30Z","NEON.LTR.BART073689.20160531","NEON.LTR.BART073689.20160531.LVS","NEON.DOC.001710vE","Leaves",0,"N",NA,"b2sefMLliJCkO7SpvYfxceoIH8TeWR8d"
"692de04f-7b77-4896-acdd-7b9d3b791213","BART_073.basePlot.ltr","D01","BART","BART_073","BART_073_689","2016-06-07","2015-05-18","2016-05-31","2016-06-02T13:30Z","2016-07-07T11:30Z","NEON.LTR.BART073689.20160531","NEON.LTR.BART073689.20160531.MXT","NEON.DOC.001710vE","Mixed",0,"N",NA,"b2sefMLliJCkO7SpvYfxceoIH8TeWR8d"
"3b54da9f-c0e8-4bce-a7ab-91987e3dddac","BART_040.basePlot.ltr","D01","BART","BART_040","BART_040_826","2016-06-07","2015-05-18","2016-05-31","2016-06-02T13:30Z","2016-07-07T11:30Z","NEON.LTR.BART040826.20160531","NEON.LTR.BART040826.20160531.LVS","NEON.DOC.001710vE","Leaves",0,"N",NA,"b2sefMLliJCkO7SpvYfxceoIH8TeWR8d"
"eca890a6-1a45-448e-842e-a78735b35c1c","BART_040.basePlot.ltr","D01","BART","BART_040","BART_040_826","2016-06-07","2015-05-18","2016-05-31","2016-06-02T13:30Z","2016-07-07T11:30Z","NEON.LTR.BART040826.20160531","NEON.LTR.BART040826.20160531.TWI","NEON.DOC.001710vE","Twigs/branches",32.52,"N",NA,"b2sefMLliJCkO7SpvYfxceoIH8TeWR8d"
"b1e11908-6932-4512-9679-03dc6e96f06b","BART_040.basePlot.ltr","D01","BART","BART_040","BART_040_826","2016-06-07","2015-05-18","2016-05-31","2016-06-02T13:30Z","2016-07-07T11:30Z","NEON.LTR.BART040826.20160531","NEON.LTR.BART040826.20160531.MXT","NEON.DOC.001710vE","Mixed",0,"N",NA,"b2sefMLliJCkO7SpvYfxceoIH8TeWR8d"
"5b213724-742c-4938-bc6f-dcf37ba1e966","BART_047.basePlot.ltr","D01","BART","BART_047","BART_047_168","2016-06-07","2015-05-18","2016-05-31","2016-06-02T13:30Z","2016-07-07T11:30Z","NEON.LTR.BART047168.20160531","NEON.LTR.BART047168.20160531.MXT","NEON.DOC.001710vE","Mixed",0,"N",NA,"b2sefMLliJCkO7SpvYfxceoIH8TeWR8d"
"d39a72ba-da26-45f8-86a1-f0c60b6340f4","BART_047.basePlot.ltr","D01","BART","BART_047","BART_047_168","2016-06-07","2015-05-18","2016-05-31","2016-06-02T13:30Z","2016-07-07T11:30Z","NEON.LTR.BART047168.20160531","NEON.LTR.BART047168.20160531.LVS","NEON.DOC.001710vE","Leaves",0,"N",NA,"b2sefMLliJCkO7SpvYfxceoIH8TeWR8d"
"054e276f-6abb-47f7-a57e-5bd83173be6a","BART_047.basePlot.ltr","D01","BART","BART_047","BART_047_168","2016-06-07","2015-05-18","2016-05-31","2016-06-02T13:30Z","2016-07-07T11:30Z","NEON.LTR.BART047168.20160531","NEON.LTR.BART047168.20160531.TWI","NEON.DOC.001710vE","Twigs/branches",78.89,"N",NA,"b2sefMLliJCkO7SpvYfxceoIH8TeWR8d"
"d62b0545-4c11-491f-ad28-5c08e4d37c8f","BART_047.basePlot.ltr","D01","BART","BART_047","BART_047_847","2016-06-07","2015-05-18","2016-05-31","2016-06-02T13:30Z","2016-07-07T11:30Z","NEON.LTR.BART047847.20160531","NEON.LTR.BART047847.20160531.MXT","NEON.DOC.001710vE","Mixed",0,"N",NA,"b2sefMLliJCkO7SpvYfxceoIH8TeWR8d"
"ba7dfaa9-1f79-4508-ad9e-5f8ca749ada0","BART_047.basePlot.ltr","D01","BART","BART_047","BART_047_847","2016-06-07","2015-05-18","2016-05-31","2016-06-02T13:30Z","2016-07-07T11:30Z","NEON.LTR.BART047847.20160531","NEON.LTR.BART047847.20160531.TWI","NEON.DOC.001710vE","Twigs/branches",27.87,"N",NA,"b2sefMLliJCkO7SpvYfxceoIH8TeWR8d"
"960fee84-1494-4f02-ba7c-06eb13d68d64","BART_047.basePlot.ltr","D01","BART","BART_047","BART_047_847","2016-06-07","2015-05-18","2016-05-31","2016-06-02T13:30Z","2016-07-07T11:30Z","NEON.LTR.BART047847.20160531","NEON.LTR.BART047847.20160531.LVS","NEON.DOC.001710vE","Leaves",0,"N",NA,"b2sefMLliJCkO7SpvYfxceoIH8TeWR8d"
"4698b3f4-06f1-4e71-b482-5077b8850d37","BART_040.basePlot.ltr","D01","BART","BART_040","BART_040_051","2016-06-07","2015-05-18","2016-05-31","2016-06-02T13:30Z","2016-07-07T11:30Z","NEON.LTR.BART040051.20160531","NEON.LTR.BART040051.20160531.TWI","NEON.DOC.001710vE","Twigs/branches",8.94,"Y",NA,"b2sefMLliJCkO7SpvYfxceoIH8TeWR8d"
"8ae7f92b-7d9c-4e7d-940f-b2f6c52742f3","BART_040.basePlot.ltr","D01","BART","BART_040","BART_040_051","2016-06-07","2015-05-18","2016-05-31","2016-06-02T13:30Z","2016-07-07T11:30Z","NEON.LTR.BART040051.20160531","NEON.LTR.BART040051.20160531.LVS","NEON.DOC.001710vE","Leaves",0,"N",NA,"b2sefMLliJCkO7SpvYfxceoIH8TeWR8d"
"2b6c8cbe-ef79-4437-8f81-07885add784e","BART_040.basePlot.ltr","D01","BART","BART_040","BART_040_051","2016-06-07","2015-05-18","2016-05-31","2016-06-02T13:30Z","2016-07-07T11:30Z","NEON.LTR.BART040051.20160531","NEON.LTR.BART040051.20160531.MXT","NEON.DOC.001710vE","Mixed",0,"N",NA,"b2sefMLliJCkO7SpvYfxceoIH8TeWR8d"
"e73c6fcc-1454-4eac-8013-ce853f85f48d","BART_073.basePlot.ltr","D01","BART","BART_073","BART_073_689","2016-06-07","2015-05-18","2016-05-31","2016-06-02T13:30Z","2016-07-07T11:30Z","NEON.LTR.BART073689.20160531","NEON.LTR.BART073689.20160531.TWI","NEON.DOC.001710vE","Twigs/branches",38.66,"N",NA,"b2sefMLliJCkO7SpvYfxceoIH8TeWR8d"
"f1bde16a-c4e3-429b-8ac8-90ba5eaa8514","BART_039.basePlot.ltr","D01","BART","BART_039","BART_039_905","2016-06-07","2015-05-19","2016-05-31","2016-06-02T13:30Z","2016-07-07T11:30Z","NEON.LTR.BART039905.20160531","NEON.LTR.BART039905.20160531.TWI","NEON.DOC.001710vE","Twigs/branches",22.44,"N",NA,"b2sefMLliJCkO7SpvYfxceoIH8TeWR8d"
"7f535249-682d-4bb6-9b15-c41113f12a1e","BART_039.basePlot.ltr","D01","BART","BART_039","BART_039_905","2016-06-07","2015-05-19","2016-05-31","2016-06-02T13:30Z","2016-07-07T11:30Z","NEON.LTR.BART039905.20160531","NEON.LTR.BART039905.20160531.MXT","NEON.DOC.001710vE","Mixed",0,"N",NA,"b2sefMLliJCkO7SpvYfxceoIH8TeWR8d"
"1235cfb0-3e8f-46d1-a6c2-6d4326bbb340","BART_039.basePlot.ltr","D01","BART","BART_039","BART_039_696","2016-06-07","2015-05-19","2016-05-31","2016-06-02T13:30Z","2016-07-07T11:30Z","NEON.LTR.BART039696.20160531","NEON.LTR.BART039696.20160531.MXT","NEON.DOC.001710vE","Mixed",0,"N",NA,"b2sefMLliJCkO7SpvYfxceoIH8TeWR8d"
"3f9c9391-23a9-4a25-9f46-4d8bcf938c5a","BART_039.basePlot.ltr","D01","BART","BART_039","BART_039_696","2016-06-07","2015-05-19","2016-05-31","2016-06-02T13:30Z","2016-07-07T11:30Z","NEON.LTR.BART039696.20160531","NEON.LTR.BART039696.20160531.LVS","NEON.DOC.001710vE","Leaves",0,"N",NA,"b2sefMLliJCkO7SpvYfxceoIH8TeWR8d"
"032ea664-6394-44b4-a3e7-563bf1eaebbe","BART_039.basePlot.ltr","D01","BART","BART_039","BART_039_696","2016-06-07","2015-05-19","2016-05-31","2016-06-02T13:30Z","2016-07-07T11:30Z","NEON.LTR.BART039696.20160531","NEON.LTR.BART039696.20160531.TWI","NEON.DOC.001710vE","Twigs/branches",113.51,"N",NA,"b2sefMLliJCkO7SpvYfxceoIH8TeWR8d"
"f04344e6-9fb2-466e-b79b-b825fff62726","BART_041.basePlot.ltr","D01","BART","BART_041","BART_041_694","2016-06-07","2015-05-19","2016-05-31","2016-06-02T13:30Z","2016-07-07T11:30Z","NEON.LTR.BART041694.20160531","NEON.LTR.BART041694.20160531.LVS","NEON.DOC.001710vE","Leaves",0,"N",NA,"b2sefMLliJCkO7SpvYfxceoIH8TeWR8d"
"0e1f1fff-9378-4073-97b1-1a58aebf6dc5","BART_041.basePlot.ltr","D01","BART","BART_041","BART_041_694","2016-06-07","2015-05-19","2016-05-31","2016-06-02T13:30Z","2016-07-07T11:30Z","NEON.LTR.BART041694.20160531","NEON.LTR.BART041694.20160531.MXT","NEON.DOC.001710vE","Mixed",0,"N",NA,"b2sefMLliJCkO7SpvYfxceoIH8TeWR8d"
"f7053102-9f91-401a-9877-cb38a8912778","BART_041.basePlot.ltr","D01","BART","BART_041","BART_041_694","2016-06-07","2015-05-19","2016-05-31","2016-06-02T13:30Z","2016-07-07T11:30Z","NEON.LTR.BART041694.20160531","NEON.LTR.BART041694.20160531.TWI","NEON.DOC.001710vE","Twigs/branches",27.4,"N",NA,"b2sefMLliJCkO7SpvYfxceoIH8TeWR8d"
"27e064a4-319b-48b5-bc17-16b8ac8a0d61","BART_041.basePlot.ltr","D01","BART","BART_041","BART_041_379","2016-06-07","2015-05-19","2016-05-31","2016-06-02T13:30Z","2016-07-07T11:30Z","NEON.LTR.BART041379.20160531","NEON.LTR.BART041379.20160531.MXT","NEON.DOC.001710vE","Mixed",0,"N",NA,"b2sefMLliJCkO7SpvYfxceoIH8TeWR8d"
"6f8a4d61-436e-4163-b0b7-9660a1a1ca4e","BART_041.basePlot.ltr","D01","BART","BART_041","BART_041_379","2016-06-07","2015-05-19","2016-05-31","2016-06-02T13:30Z","2016-07-07T11:30Z","NEON.LTR.BART041379.20160531","NEON.LTR.BART041379.20160531.LVS","NEON.DOC.001710vE","Leaves",0,"N",NA,"b2sefMLliJCkO7SpvYfxceoIH8TeWR8d"
"97eb97b0-1404-4cc0-b69b-b6bf8c12470a","BART_041.basePlot.ltr","D01","BART","BART_041","BART_041_379","2016-06-07","2015-05-19","2016-05-31","2016-06-02T13:30Z","2016-07-07T11:30Z","NEON.LTR.BART041379.20160531","NEON.LTR.BART041379.20160531.TWI","NEON.DOC.001710vE","Twigs/branches",5.64,"N",NA,"b2sefMLliJCkO7SpvYfxceoIH8TeWR8d"
"ce196460-9bf1-44ee-97dd-e3c341be997b","BART_073.basePlot.ltr","D01","BART","BART_073","BART_073_428","2016-06-07","2015-05-19","2016-05-31","2016-06-02T13:30Z","2016-07-07T11:30Z","NEON.LTR.BART073428.20160531","NEON.LTR.BART073428.20160531.LVS","NEON.DOC.001710vE","Leaves",0,"N",NA,"b2sefMLliJCkO7SpvYfxceoIH8TeWR8d"
"615ea705-61de-4c88-8647-cedd637df9f0","BART_073.basePlot.ltr","D01","BART","BART_073","BART_073_428","2016-06-07","2015-05-19","2016-05-31","2016-06-02T13:30Z","2016-07-07T11:30Z","NEON.LTR.BART073428.20160531","NEON.LTR.BART073428.20160531.MXT","NEON.DOC.001710vE","Mixed",0,"N",NA,"b2sefMLliJCkO7SpvYfxceoIH8TeWR8d"
"2ff67b02-6b9b-4135-8b1b-ebb95e2e5015","BART_073.basePlot.ltr","D01","BART","BART_073","BART_073_428","2016-06-07","2015-05-19","2016-05-31","2016-06-02T13:30Z","2016-07-07T11:30Z","NEON.LTR.BART073428.20160531","NEON.LTR.BART073428.20160531.TWI","NEON.DOC.001710vE","Twigs/branches",66.8,"N",NA,"b2sefMLliJCkO7SpvYfxceoIH8TeWR8d"
"f562a455-27f1-4883-8766-065bb0fd1eb1","BART_039.basePlot.ltr","D01","BART","BART_039","BART_039_905","2016-06-07","2015-05-19","2016-05-31","2016-06-02T13:30Z","2016-07-07T11:30Z","NEON.LTR.BART039905.20160531","NEON.LTR.BART039905.20160531.LVS","NEON.DOC.001710vE","Leaves",0,"N",NA,"b2sefMLliJCkO7SpvYfxceoIH8TeWR8d"
"e4255990-b4bb-4cd4-9987-1e7279206ebe","BART_075.basePlot.ltr","D01","BART","BART_075","BART_075_258","2016-06-07","2015-05-20","2016-05-31","2016-06-02T13:30Z","2016-07-07T11:30Z","NEON.LTR.BART075258.20160531","NEON.LTR.BART075258.20160531.MXT","NEON.DOC.001710vE","Mixed",0,"N",NA,"b2sefMLliJCkO7SpvYfxceoIH8TeWR8d"
"f4725d91-5cc9-4260-80a8-6001b54f6126","BART_042.basePlot.ltr","D01","BART","BART_042","BART_042_905","2016-06-07","2015-05-20","2016-05-31","2016-06-02T13:30Z","2016-07-07T11:30Z","NEON.LTR.BART042905.20160531","NEON.LTR.BART042905.20160531.TWI","NEON.DOC.001710vE","Twigs/branches",29.03,"N",NA,"b2sefMLliJCkO7SpvYfxceoIH8TeWR8d"
"ccf38372-4e43-45a9-a7e1-3da353931a7e","BART_042.basePlot.ltr","D01","BART","BART_042","BART_042_905","2016-06-07","2015-05-20","2016-05-31","2016-06-02T13:30Z","2016-07-07T11:30Z","NEON.LTR.BART042905.20160531","NEON.LTR.BART042905.20160531.MXT","NEON.DOC.001710vE","Mixed",0,"N",NA,"b2sefMLliJCkO7SpvYfxceoIH8TeWR8d"
"63dbd606-2fb8-4584-b1bb-859c523c9921","BART_042.basePlot.ltr","D01","BART","BART_042","BART_042_905","2016-06-07","2015-05-20","2016-05-31","2016-06-02T13:30Z","2016-07-07T11:30Z","NEON.LTR.BART042905.20160531","NEON.LTR.BART042905.20160531.LVS","NEON.DOC.001710vE","Leaves",0,"N",NA,"b2sefMLliJCkO7SpvYfxceoIH8TeWR8d"
"02d46000-7342-42bd-a88a-18692d9bb795","BART_071.basePlot.ltr","D01","BART","BART_071","BART_071_451","2016-06-07","2015-05-20","2016-05-31","2016-06-02T13:30Z","2016-07-07T11:30Z","NEON.LTR.BART071451.20160531","NEON.LTR.BART071451.20160531.LVS","NEON.DOC.001710vE","Leaves",0,"N",NA,"b2sefMLliJCkO7SpvYfxceoIH8TeWR8d"
"fea34a7f-6a61-4bda-a645-dab26637ed97","BART_071.basePlot.ltr","D01","BART","BART_071","BART_071_451","2016-06-07","2015-05-20","2016-05-31","2016-06-02T13:30Z","2016-07-07T11:30Z","NEON.LTR.BART071451.20160531","NEON.LTR.BART071451.20160531.TWI","NEON.DOC.001710vE","Twigs/branches",132.13,"N",NA,"b2sefMLliJCkO7SpvYfxceoIH8TeWR8d"
"41a5d239-e1ea-45f3-a9ac-e62279a79ef8","BART_071.basePlot.ltr","D01","BART","BART_071","BART_071_451","2016-06-07","2015-05-20","2016-05-31","2016-06-02T13:30Z","2016-07-07T11:30Z","NEON.LTR.BART071451.20160531","NEON.LTR.BART071451.20160531.MXT","NEON.DOC.001710vE","Mixed",0,"N",NA,"b2sefMLliJCkO7SpvYfxceoIH8TeWR8d"
"407846ae-9d6a-48fa-929e-896318cc48e4","BART_071.basePlot.ltr","D01","BART","BART_071","BART_071_921","2016-06-07","2015-05-20","2016-05-31","2016-06-02T13:30Z","2016-07-07T11:30Z","NEON.LTR.BART071921.20160531","NEON.LTR.BART071921.20160531.TWI","NEON.DOC.001710vE","Twigs/branches",164.83,"N",NA,"b2sefMLliJCkO7SpvYfxceoIH8TeWR8d"
"29638417-aa42-46e6-91f3-87d971f91f3c","BART_071.basePlot.ltr","D01","BART","BART_071","BART_071_921","2016-06-07","2015-05-20","2016-05-31","2016-06-02T13:30Z","2016-07-07T11:30Z","NEON.LTR.BART071921.20160531","NEON.LTR.BART071921.20160531.MXT","NEON.DOC.001710vE","Mixed",0,"N",NA,"b2sefMLliJCkO7SpvYfxceoIH8TeWR8d"
"991bd303-7b87-4b5a-b7c5-af9659e7b7a9","BART_071.basePlot.ltr","D01","BART","BART_071","BART_071_921","2016-06-07","2015-05-20","2016-05-31","2016-06-02T13:30Z","2016-07-07T11:30Z","NEON.LTR.BART071921.20160531","NEON.LTR.BART071921.20160531.LVS","NEON.DOC.001710vE","Leaves",0,"N",NA,"b2sefMLliJCkO7SpvYfxceoIH8TeWR8d"
"3f0971cd-b314-40b4-a06b-6692a1a51cbd","BART_075.basePlot.ltr","D01","BART","BART_075","BART_075_884","2016-06-07","2015-05-20","2016-05-31","2016-06-02T13:30Z","2016-07-07T11:30Z","NEON.LTR.BART075884.20160531","NEON.LTR.BART075884.20160531.LVS","NEON.DOC.001710vE","Leaves",0,"N",NA,"b2sefMLliJCkO7SpvYfxceoIH8TeWR8d"
"779f9f92-9dca-43b1-9d4f-b33598ec821f","BART_075.basePlot.ltr","D01","BART","BART_075","BART_075_884","2016-06-07","2015-05-20","2016-05-31","2016-06-02T13:30Z","2016-07-07T11:30Z","NEON.LTR.BART075884.20160531","NEON.LTR.BART075884.20160531.MXT","NEON.DOC.001710vE","Mixed",0,"N",NA,"b2sefMLliJCkO7SpvYfxceoIH8TeWR8d"
"6278a740-fbe9-43f9-aa03-e6fa6830cc0d","BART_075.basePlot.ltr","D01","BART","BART_075","BART_075_884","2016-06-07","2015-05-20","2016-05-31","2016-06-02T13:30Z","2016-07-07T11:30Z","NEON.LTR.BART075884.20160531","NEON.LTR.BART075884.20160531.TWI","NEON.DOC.001710vE","Twigs/branches",32.79,"N",NA,"b2sefMLliJCkO7SpvYfxceoIH8TeWR8d"
"a582bcfd-4919-4e5e-819d-ff1fa7c2e8ab","BART_075.basePlot.ltr","D01","BART","BART_075","BART_075_258","2016-06-07","2015-05-20","2016-05-31","2016-06-02T13:30Z","2016-07-07T11:30Z","NEON.LTR.BART075258.20160531","NEON.LTR.BART075258.20160531.LVS","NEON.DOC.001710vE","Leaves",0,"N",NA,"b2sefMLliJCkO7SpvYfxceoIH8TeWR8d"
"dbe26c53-4238-431d-9ddb-8c574b088b91","BART_075.basePlot.ltr","D01","BART","BART_075","BART_075_258","2016-06-07","2015-05-20","2016-05-31","2016-06-02T13:30Z","2016-07-07T11:30Z","NEON.LTR.BART075258.20160531","NEON.LTR.BART075258.20160531.TWI","NEON.DOC.001710vE","Twigs/branches",54.38,"N",NA,"b2sefMLliJCkO7SpvYfxceoIH8TeWR8d"
"f887b033-db94-45e4-8edc-0b0c3c7a4836","BART_032.basePlot.ltr","D01","BART","BART_032","BART_032_649","2016-06-07","2015-05-20","2016-05-31","2016-06-02T13:30Z","2016-07-07T11:30Z","NEON.LTR.BART032649.20160531","NEON.LTR.BART032649.20160531.LVS","NEON.DOC.001710vE","Leaves",0,"N",NA,"b2sefMLliJCkO7SpvYfxceoIH8TeWR8d"
"61c13ff9-893a-4f67-a239-65f42c72b3a7","BART_032.basePlot.ltr","D01","BART","BART_032","BART_032_649","2016-06-07","2015-05-20","2016-05-31","2016-06-02T13:30Z","2016-07-07T11:30Z","NEON.LTR.BART032649.20160531","NEON.LTR.BART032649.20160531.MXT","NEON.DOC.001710vE","Mixed",0,"N",NA,"b2sefMLliJCkO7SpvYfxceoIH8TeWR8d"
"313d1260-364b-49b3-b996-e5fa91963e12","BART_032.basePlot.ltr","D01","BART","BART_032","BART_032_649","2016-06-07","2015-05-20","2016-05-31","2016-06-02T13:30Z","2016-07-07T11:30Z","NEON.LTR.BART032649.20160531","NEON.LTR.BART032649.20160531.TWI","NEON.DOC.001710vE","Twigs/branches",226.36,"Y",NA,"b2sefMLliJCkO7SpvYfxceoIH8TeWR8d"
"93f2c093-1657-431a-a094-760a018e24f5","BART_042.basePlot.ltr","D01","BART","BART_042","BART_042_569","2016-06-07","2015-05-20","2016-05-31","2016-06-02T13:30Z","2016-07-07T11:30Z","NEON.LTR.BART042569.20160531","NEON.LTR.BART042569.20160531.TWI","NEON.DOC.001710vE","Twigs/branches",136.69,"Y",NA,"b2sefMLliJCkO7SpvYfxceoIH8TeWR8d"
"f7576049-9f14-4f3c-8941-fce907f8c9f6","BART_042.basePlot.ltr","D01","BART","BART_042","BART_042_569","2016-06-07","2015-05-20","2016-05-31","2016-06-02T13:30Z","2016-07-07T11:30Z","NEON.LTR.BART042569.20160531","NEON.LTR.BART042569.20160531.MXT","NEON.DOC.001710vE","Mixed",0,"N",NA,"b2sefMLliJCkO7SpvYfxceoIH8TeWR8d"
"4b280ea2-126e-4a69-91d5-ce085b71718f","BART_042.basePlot.ltr","D01","BART","BART_042","BART_042_569","2016-06-07","2015-05-20","2016-05-31","2016-06-02T13:30Z","2016-07-07T11:30Z","NEON.LTR.BART042569.20160531","NEON.LTR.BART042569.20160531.LVS","NEON.DOC.001710vE","Leaves",0,"N",NA,"b2sefMLliJCkO7SpvYfxceoIH8TeWR8d"
"95224dd0-e13d-46fe-9b0e-1f812605edd1","BART_032.basePlot.ltr","D01","BART","BART_032","BART_032_363","2016-06-07","2015-05-20","2016-05-31","2016-06-02T13:30Z","2016-07-07T11:30Z","NEON.LTR.BART032363.20160531","NEON.LTR.BART032363.20160531.MXT","NEON.DOC.001710vE","Mixed",0,"N",NA,"b2sefMLliJCkO7SpvYfxceoIH8TeWR8d"
"d7621e9c-060e-46bd-b39e-f68b3b699d4a","BART_032.basePlot.ltr","D01","BART","BART_032","BART_032_363","2016-06-07","2015-05-20","2016-05-31","2016-06-02T13:30Z","2016-07-07T11:30Z","NEON.LTR.BART032363.20160531","NEON.LTR.BART032363.20160531.LVS","NEON.DOC.001710vE","Leaves",0,"N",NA,"b2sefMLliJCkO7SpvYfxceoIH8TeWR8d"
"5043b830-423c-47c8-af4d-fb66c407876f","BART_032.basePlot.ltr","D01","BART","BART_032","BART_032_363","2016-06-07","2015-05-20","2016-05-31","2016-06-02T13:30Z","2016-07-07T11:30Z","NEON.LTR.BART032363.20160531","NEON.LTR.BART032363.20160531.TWI","NEON.DOC.001710vE","Twigs/branches",110.11,"N",NA,"b2sefMLliJCkO7SpvYfxceoIH8TeWR8d"
"2898ea3e-3d39-4490-8f11-2fccb7ec9c3a","BART_072.basePlot.ltr","D01","BART","BART_072","BART_072_023","2016-06-07","2015-05-21","2016-05-31","2016-06-02T13:30Z","2016-07-07T11:30Z","NEON.LTR.BART072023.20160531","NEON.LTR.BART072023.20160531.MXT","NEON.DOC.001710vE","Mixed",0,"N",NA,"b2sefMLliJCkO7SpvYfxceoIH8TeWR8d"
"ad33358d-98df-44c7-96f6-8eadc4e0fc49","BART_072.basePlot.ltr","D01","BART","BART_072","BART_072_023","2016-06-07","2015-05-21","2016-05-31","2016-06-02T13:30Z","2016-07-07T11:30Z","NEON.LTR.BART072023.20160531","NEON.LTR.BART072023.20160531.LVS","NEON.DOC.001710vE","Leaves",0,"N",NA,"b2sefMLliJCkO7SpvYfxceoIH8TeWR8d"
"bda68a4c-5721-45ca-b2be-3a6d5edc335d","BART_072.basePlot.ltr","D01","BART","BART_072","BART_072_023","2016-06-07","2015-05-21","2016-05-31","2016-06-02T13:30Z","2016-07-07T11:30Z","NEON.LTR.BART072023.20160531","NEON.LTR.BART072023.20160531.TWI","NEON.DOC.001710vE","Twigs/branches",3.42,"N",NA,"b2sefMLliJCkO7SpvYfxceoIH8TeWR8d"
"33c09399-dfda-4d37-ac73-a6a47a676d45","BART_072.basePlot.ltr","D01","BART","BART_072","BART_072_642","2016-06-07","2015-05-21","2016-05-31","2016-06-02T13:30Z","2016-07-07T11:30Z","NEON.LTR.BART072642.20160531","NEON.LTR.BART072642.20160531.MXT","NEON.DOC.001710vE","Mixed",0,"N",NA,"b2sefMLliJCkO7SpvYfxceoIH8TeWR8d"
"7beb0d7f-6e6c-4055-bbaa-ef0516955baa","BART_072.basePlot.ltr","D01","BART","BART_072","BART_072_642","2016-06-07","2015-05-21","2016-05-31","2016-06-02T13:30Z","2016-07-07T11:30Z","NEON.LTR.BART072642.20160531","NEON.LTR.BART072642.20160531.LVS","NEON.DOC.001710vE","Leaves",0,"N",NA,"b2sefMLliJCkO7SpvYfxceoIH8TeWR8d"
"dc081dfd-9d8e-4286-bafa-7af4ce5466fe","BART_072.basePlot.ltr","D01","BART","BART_072","BART_072_642","2016-06-07","2015-05-21","2016-05-31","2016-06-02T13:30Z","2016-07-07T11:30Z","NEON.LTR.BART072642.20160531","NEON.LTR.BART072642.20160531.TWI","NEON.DOC.001710vE","Twigs/branches",106.04,"N",NA,"b2sefMLliJCkO7SpvYfxceoIH8TeWR8d"
"c0a97899-1756-4608-a01e-2d44c4308545","BART_050.basePlot.ltr","D01","BART","BART_050","BART_050_168","2016-06-07","2015-05-27","2016-05-31","2016-06-02T13:30Z","2016-07-07T11:30Z","NEON.LTR.BART050168.20160531","NEON.LTR.BART050168.20160531.LVS","NEON.DOC.001710vE","Leaves",0,"N",NA,"b2sefMLliJCkO7SpvYfxceoIH8TeWR8d"
"4c153748-a333-494d-896e-ad0918c6fadf","BART_050.basePlot.ltr","D01","BART","BART_050","BART_050_168","2016-06-07","2015-05-27","2016-05-31","2016-06-02T13:30Z","2016-07-07T11:30Z","NEON.LTR.BART050168.20160531","NEON.LTR.BART050168.20160531.TWI","NEON.DOC.001710vE","Twigs/branches",13.83,"N",NA,"b2sefMLliJCkO7SpvYfxceoIH8TeWR8d"
"3950bfb9-e907-4b0a-9369-fac8f7bfa007","BART_051.basePlot.ltr","D01","BART","BART_051","BART_051_701","2016-06-07","2015-05-27","2016-05-31","2016-06-02T13:30Z","2016-07-07T11:30Z","NEON.LTR.BART051701.20160531","NEON.LTR.BART051701.20160531.TWI","NEON.DOC.001710vE","Twigs/branches",0.44,"N",NA,"b2sefMLliJCkO7SpvYfxceoIH8TeWR8d"
"d1a27db9-c3d7-4ea5-8780-5b8f86fff7f8","BART_051.basePlot.ltr","D01","BART","BART_051","BART_051_701","2016-06-07","2015-05-27","2016-05-31","2016-06-02T13:30Z","2016-07-07T11:30Z","NEON.LTR.BART051701.20160531","NEON.LTR.BART051701.20160531.MXT","NEON.DOC.001710vE","Mixed",0,"N",NA,"b2sefMLliJCkO7SpvYfxceoIH8TeWR8d"
"df7fdfe0-0ffa-4084-b7b7-8806d31a46a6","BART_051.basePlot.ltr","D01","BART","BART_051","BART_051_701","2016-06-07","2015-05-27","2016-05-31","2016-06-02T13:30Z","2016-07-07T11:30Z","NEON.LTR.BART051701.20160531","NEON.LTR.BART051701.20160531.LVS","NEON.DOC.001710vE","Leaves",0,"N",NA,"b2sefMLliJCkO7SpvYfxceoIH8TeWR8d"
"94e79010-6229-4ea1-ac5f-86915896f357","BART_050.basePlot.ltr","D01","BART","BART_050","BART_050_168","2016-06-07","2015-05-27","2016-05-31","2016-06-02T13:30Z","2016-07-07T11:30Z","NEON.LTR.BART050168.20160531","NEON.LTR.BART050168.20160531.MXT","NEON.DOC.001710vE","Mixed",0,"N",NA,"b2sefMLliJCkO7SpvYfxceoIH8TeWR8d"
"f66f9fcf-0d8d-41dd-a166-05836e1e08fc","BART_050.basePlot.ltr","D01","BART","BART_050","BART_050_757","2016-06-07","2015-05-27","2016-05-31","2016-06-02T13:30Z","2016-07-07T11:30Z","NEON.LTR.BART050757.20160531","NEON.LTR.BART050757.20160531.LVS","NEON.DOC.001710vE","Leaves",0,"N",NA,"b2sefMLliJCkO7SpvYfxceoIH8TeWR8d"
"08600981-f1ac-4509-a391-15196cd80a1d","BART_050.basePlot.ltr","D01","BART","BART_050","BART_050_757","2016-06-07","2015-05-27","2016-05-31","2016-06-02T13:30Z","2016-07-07T11:30Z","NEON.LTR.BART050757.20160531","NEON.LTR.BART050757.20160531.MXT","NEON.DOC.001710vE","Mixed",0,"N",NA,"b2sefMLliJCkO7SpvYfxceoIH8TeWR8d"
"aab5af6d-50c3-491a-a31f-18272c52d0c5","BART_050.basePlot.ltr","D01","BART","BART_050","BART_050_757","2016-06-07","2015-05-27","2016-05-31","2016-06-02T13:30Z","2016-07-07T11:30Z","NEON.LTR.BART050757.20160531","NEON.LTR.BART050757.20160531.TWI","NEON.DOC.001710vE","Twigs/branches",20.61,"N",NA,"b2sefMLliJCkO7SpvYfxceoIH8TeWR8d"
"5ae28399-1805-4aa6-90c0-6f85e353adaa","BART_051.basePlot.ltr","D01","BART","BART_051","BART_051_926","2016-06-07","2015-05-27","2016-05-31","2016-06-02T13:30Z","2016-07-07T11:30Z","NEON.LTR.BART051926.20160531","NEON.LTR.BART051926.20160531.MXT","NEON.DOC.001710vE","Mixed",0,"N",NA,"b2sefMLliJCkO7SpvYfxceoIH8TeWR8d"
"ee378796-f532-4de4-8238-71d02c58e26c","BART_051.basePlot.ltr","D01","BART","BART_051","BART_051_926","2016-06-07","2015-05-27","2016-05-31","2016-06-02T13:30Z","2016-07-07T11:30Z","NEON.LTR.BART051926.20160531","NEON.LTR.BART051926.20160531.LVS","NEON.DOC.001710vE","Leaves",0,"N",NA,"b2sefMLliJCkO7SpvYfxceoIH8TeWR8d"
"c29bbd61-a817-4420-b3b7-936d772276a4","BART_051.basePlot.ltr","D01","BART","BART_051","BART_051_926","2016-06-07","2015-05-27","2016-05-31","2016-06-02T13:30Z","2016-07-07T11:30Z","NEON.LTR.BART051926.20160531","NEON.LTR.BART051926.20160531.TWI","NEON.DOC.001710vE","Twigs/branches",48.66,"N",NA,"b2sefMLliJCkO7SpvYfxceoIH8TeWR8d"
"75f6d178-e6dc-482e-8f2e-6b77f368cc90","BART_050.basePlot.ltr","D01","BART","BART_050","BART_050_046","2016-06-09","2016-04-06","2016-05-31","2016-06-06T20:35Z","2016-07-09T12:00Z","NEON.LTR.BART050046.20160531","NEON.LTR.BART050046.20160531.OTH","NEON.DOC.001710vE","Other",3.25,"Y",NA,"/PQLg4xSyvY/C0l9NeCPJmfdKfB/PF5p"
"bd9cffd7-ab6c-4ec4-b6ea-ca19fb065212","BART_050.basePlot.ltr","D01","BART","BART_050","BART_050_046","2016-06-09","2016-04-06","2016-05-31","2016-06-06T20:35Z","2016-07-09T12:00Z","NEON.LTR.BART050046.20160531","NEON.LTR.BART050046.20160531.LVS","NEON.DOC.001710vE","Leaves",0.13,"N",NA,"/PQLg4xSyvY/C0l9NeCPJmfdKfB/PF5p"
"8a369259-e1ae-403d-89a4-4edcbfd301c1","BART_050.basePlot.ltr","D01","BART","BART_050","BART_050_046","2016-06-09","2016-04-06","2016-05-31","2016-06-06T20:35Z","2016-07-09T12:00Z","NEON.LTR.BART050046.20160531","NEON.LTR.BART050046.20160531.FLR","NEON.DOC.001710vE","Flowers",0.86,"N",NA,"/PQLg4xSyvY/C0l9NeCPJmfdKfB/PF5p"
"b00cb087-0f95-4abc-8da6-3f1f06bf7259","BART_050.basePlot.ltr","D01","BART","BART_050","BART_050_046","2016-06-09","2016-04-06","2016-05-31","2016-06-06T20:35Z","2016-07-09T12:00Z","NEON.LTR.BART050046.20160531","NEON.LTR.BART050046.20160531.NDL","NEON.DOC.001710vE","Needles",0.29,"N",NA,"/PQLg4xSyvY/C0l9NeCPJmfdKfB/PF5p"
"559af024-7b3e-4999-8df3-6ca795912829","BART_050.basePlot.ltr","D01","BART","BART_050","BART_050_046","2016-06-09","2016-04-06","2016-05-31","2016-06-06T20:35Z","2016-07-09T12:00Z","NEON.LTR.BART050046.20160531","NEON.LTR.BART050046.20160531.SDS","NEON.DOC.001710vE","Seeds",0.06,"Y",NA,"/PQLg4xSyvY/C0l9NeCPJmfdKfB/PF5p"
"9a0f9ad2-e6cc-454c-87ba-0a20a2dc2f5c","BART_050.basePlot.ltr","D01","BART","BART_050","BART_050_046","2016-06-09","2016-04-06","2016-05-31","2016-06-06T20:35Z","2016-07-09T12:00Z","NEON.LTR.BART050046.20160531","NEON.LTR.BART050046.20160531.WDY","NEON.DOC.001710vE","Woody material",0.94,"N",NA,"/PQLg4xSyvY/C0l9NeCPJmfdKfB/PF5p"
"b7b55afd-ab02-4b6c-a65f-8311bc9f794c","BART_050.basePlot.ltr","D01","BART","BART_050","BART_050_046","2016-06-09","2016-04-06","2016-05-31","2016-06-06T20:35Z","2016-07-09T12:00Z","NEON.LTR.BART050046.20160531","NEON.LTR.BART050046.20160531.TWI","NEON.DOC.001710vE","Twigs/branches",9.26,"N",NA,"/PQLg4xSyvY/C0l9NeCPJmfdKfB/PF5p"
"01262b8b-4366-417e-9ad3-960f483a51af","BART_033.basePlot.ltr","D01","BART","BART_033","BART_033_923","2016-06-09","2016-04-06","2016-05-31","2016-06-06T20:35Z","2016-07-09T12:00Z","NEON.LTR.BART033923.20160531","NEON.LTR.BART033923.20160531.OTH","NEON.DOC.001710vE","Other",6.64,"N",NA,"/PQLg4xSyvY/C0l9NeCPJmfdKfB/PF5p"
"e1f55e94-5dda-49f2-a7f5-98b5e55fe271","BART_033.basePlot.ltr","D01","BART","BART_033","BART_033_923","2016-06-09","2016-04-06","2016-05-31","2016-06-06T20:35Z","2016-07-09T12:00Z","NEON.LTR.BART033923.20160531","NEON.LTR.BART033923.20160531.TWI","NEON.DOC.001710vE","Twigs/branches",5.55,"N",NA,"/PQLg4xSyvY/C0l9NeCPJmfdKfB/PF5p"
"9f96cdc5-c82a-4779-b81f-7645a9c29f83","BART_033.basePlot.ltr","D01","BART","BART_033","BART_033_923","2016-06-09","2016-04-06","2016-05-31","2016-06-06T20:35Z","2016-07-09T12:00Z","NEON.LTR.BART033923.20160531","NEON.LTR.BART033923.20160531.SDS","NEON.DOC.001710vE","Seeds",0.24,"N",NA,"/PQLg4xSyvY/C0l9NeCPJmfdKfB/PF5p"
"faea0d75-a986-453c-8518-17346211dfd9","BART_033.basePlot.ltr","D01","BART","BART_033","BART_033_923","2016-06-09","2016-04-06","2016-05-31","2016-06-06T20:35Z","2016-07-09T12:00Z","NEON.LTR.BART033923.20160531","NEON.LTR.BART033923.20160531.WDY","NEON.DOC.001710vE","Woody material",0.2,"Y",NA,"/PQLg4xSyvY/C0l9NeCPJmfdKfB/PF5p"
"0107f220-e3b6-4168-97f4-b3f1e0884294","BART_033.basePlot.ltr","D01","BART","BART_033","BART_033_923","2016-06-09","2016-04-06","2016-05-31","2016-06-06T20:35Z","2016-07-09T12:00Z","NEON.LTR.BART033923.20160531","NEON.LTR.BART033923.20160531.NDL","NEON.DOC.001710vE","Needles",0,"N",NA,"/PQLg4xSyvY/C0l9NeCPJmfdKfB/PF5p"
"323c265a-43a9-4e46-9d09-3528d2211579","BART_033.basePlot.ltr","D01","BART","BART_033","BART_033_923","2016-06-09","2016-04-06","2016-05-31","2016-06-06T20:35Z","2016-07-09T12:00Z","NEON.LTR.BART033923.20160531","NEON.LTR.BART033923.20160531.FLR","NEON.DOC.001710vE","Flowers",1.69,"N",NA,"/PQLg4xSyvY/C0l9NeCPJmfdKfB/PF5p"
"18007272-7167-4d51-88ae-ac5de4a1899c","BART_033.basePlot.ltr","D01","BART","BART_033","BART_033_923","2016-06-09","2016-04-06","2016-05-31","2016-06-06T20:35Z","2016-07-09T12:00Z","NEON.LTR.BART033923.20160531","NEON.LTR.BART033923.20160531.LVS","NEON.DOC.001710vE","Leaves",1.97,"N",NA,"/PQLg4xSyvY/C0l9NeCPJmfdKfB/PF5p"
"0b4d8ef5-a3f4-4642-ae3e-6d827124c98c","BART_041.basePlot.ltr","D01","BART","BART_041","BART_041_578","2016-06-09","2016-04-06","2016-05-31","2016-06-06T20:35Z","2016-07-09T12:00Z","NEON.LTR.BART041578.20160531","NEON.LTR.BART041578.20160531.TWI","NEON.DOC.001710vE","Twigs/branches",2.41,"N",NA,"/PQLg4xSyvY/C0l9NeCPJmfdKfB/PF5p"
"fa050385-264a-46ee-bd1f-1816c7e4a5ea","BART_041.basePlot.ltr","D01","BART","BART_041","BART_041_578","2016-06-09","2016-04-06","2016-05-31","2016-06-06T20:35Z","2016-07-09T12:00Z","NEON.LTR.BART041578.20160531","NEON.LTR.BART041578.20160531.WDY","NEON.DOC.001710vE","Woody material",0.36,"N",NA,"/PQLg4xSyvY/C0l9NeCPJmfdKfB/PF5p"
"b39ccdf2-2fdf-4e9f-b14d-861753f78c05","BART_041.basePlot.ltr","D01","BART","BART_041","BART_041_578","2016-06-09","2016-04-06","2016-05-31","2016-06-06T20:35Z","2016-07-09T12:00Z","NEON.LTR.BART041578.20160531","NEON.LTR.BART041578.20160531.LVS","NEON.DOC.001710vE","Leaves",0.44,"N",NA,"/PQLg4xSyvY/C0l9NeCPJmfdKfB/PF5p"
"aff5baca-4e91-4340-84a7-fda8f8ee44e7","BART_041.basePlot.ltr","D01","BART","BART_041","BART_041_578","2016-06-09","2016-04-06","2016-05-31","2016-06-06T20:35Z","2016-07-09T12:00Z","NEON.LTR.BART041578.20160531","NEON.LTR.BART041578.20160531.OTH","NEON.DOC.001710vE","Other",6.61,"N",NA,"/PQLg4xSyvY/C0l9NeCPJmfdKfB/PF5p"
"cdd34335-0e59-4cc7-9ade-ce96e48ea550","BART_041.basePlot.ltr","D01","BART","BART_041","BART_041_578","2016-06-09","2016-04-06","2016-05-31","2016-06-06T20:35Z","2016-07-09T12:00Z","NEON.LTR.BART041578.20160531","NEON.LTR.BART041578.20160531.SDS","NEON.DOC.001710vE","Seeds",0.01,"N",NA,"/PQLg4xSyvY/C0l9NeCPJmfdKfB/PF5p"
"54e48e17-2145-4b13-94de-a6cfdc1ad6c4","BART_041.basePlot.ltr","D01","BART","BART_041","BART_041_578","2016-06-09","2016-04-06","2016-05-31","2016-06-06T20:35Z","2016-07-09T12:00Z","NEON.LTR.BART041578.20160531","NEON.LTR.BART041578.20160531.NDL","NEON.DOC.001710vE","Needles",0.48,"N",NA,"/PQLg4xSyvY/C0l9NeCPJmfdKfB/PF5p"
"c853830b-dcd4-4b70-8cdb-ba1ebf858851","BART_041.basePlot.ltr","D01","BART","BART_041","BART_041_578","2016-06-09","2016-04-06","2016-05-31","2016-06-06T20:35Z","2016-07-09T12:00Z","NEON.LTR.BART041578.20160531","NEON.LTR.BART041578.20160531.FLR","NEON.DOC.001710vE","Flowers",3.18,"N",NA,"/PQLg4xSyvY/C0l9NeCPJmfdKfB/PF5p"
"ff5c5b0b-b83b-43c6-84c8-bacd918a53f7","BART_042.basePlot.ltr","D01","BART","BART_042","BART_042_935","2016-06-09","2016-04-06","2016-05-31","2016-06-06T20:35Z","2016-07-09T12:00Z","NEON.LTR.BART042935.20160531","NEON.LTR.BART042935.20160531.WDY","NEON.DOC.001710vE","Woody material",0.27,"N",NA,"/PQLg4xSyvY/C0l9NeCPJmfdKfB/PF5p"
"44d22f35-9c18-4fce-9e76-e5a0dd91dbc2","BART_042.basePlot.ltr","D01","BART","BART_042","BART_042_935","2016-06-09","2016-04-06","2016-05-31","2016-06-06T20:35Z","2016-07-09T12:00Z","NEON.LTR.BART042935.20160531","NEON.LTR.BART042935.20160531.SDS","NEON.DOC.001710vE","Seeds",0.82,"Y",NA,"/PQLg4xSyvY/C0l9NeCPJmfdKfB/PF5p"
"88f76c93-40f9-4493-9c06-ee99870588de","BART_042.basePlot.ltr","D01","BART","BART_042","BART_042_935","2016-06-09","2016-04-06","2016-05-31","2016-06-06T20:35Z","2016-07-09T12:00Z","NEON.LTR.BART042935.20160531","NEON.LTR.BART042935.20160531.NDL","NEON.DOC.001710vE","Needles",0.07,"Y",NA,"/PQLg4xSyvY/C0l9NeCPJmfdKfB/PF5p"
"0a4e946a-b217-4299-b0df-bc042ba81376","BART_042.basePlot.ltr","D01","BART","BART_042","BART_042_935","2016-06-09","2016-04-06","2016-05-31","2016-06-06T20:35Z","2016-07-09T12:00Z","NEON.LTR.BART042935.20160531","NEON.LTR.BART042935.20160531.FLR","NEON.DOC.001710vE","Flowers",0.73,"N",NA,"/PQLg4xSyvY/C0l9NeCPJmfdKfB/PF5p"
"6c9d9e82-2925-417a-ba2e-906ca3080581","BART_042.basePlot.ltr","D01","BART","BART_042","BART_042_935","2016-06-09","2016-04-06","2016-05-31","2016-06-06T20:35Z","2016-07-09T12:00Z","NEON.LTR.BART042935.20160531","NEON.LTR.BART042935.20160531.OTH","NEON.DOC.001710vE","Other",4.54,"N",NA,"/PQLg4xSyvY/C0l9NeCPJmfdKfB/PF5p"
"ac630a37-f293-489c-a93a-ba75b04ef854","BART_042.basePlot.ltr","D01","BART","BART_042","BART_042_935","2016-06-09","2016-04-06","2016-05-31","2016-06-06T20:35Z","2016-07-09T12:00Z","NEON.LTR.BART042935.20160531","NEON.LTR.BART042935.20160531.TWI","NEON.DOC.001710vE","Twigs/branches",0.07,"N",NA,"/PQLg4xSyvY/C0l9NeCPJmfdKfB/PF5p"
"c604bf36-2910-4c92-b624-be5f70a76e67","BART_042.basePlot.ltr","D01","BART","BART_042","BART_042_935","2016-06-09","2016-04-06","2016-05-31","2016-06-06T20:35Z","2016-07-09T12:00Z","NEON.LTR.BART042935.20160531","NEON.LTR.BART042935.20160531.LVS","NEON.DOC.001710vE","Leaves",0.32,"N",NA,"/PQLg4xSyvY/C0l9NeCPJmfdKfB/PF5p"
"de2a19dc-2653-4b48-b5a6-6c61000875a0","BART_070.basePlot.ltr","D01","BART","BART_070","BART_070_553","2016-06-09","2016-04-06","2016-05-31","2016-06-06T20:35Z","2016-07-09T12:00Z","NEON.LTR.BART070553.20160531","NEON.LTR.BART070553.20160531.SDS","NEON.DOC.001710vE","Seeds",0.12,"N",NA,"/PQLg4xSyvY/C0l9NeCPJmfdKfB/PF5p"
"39fc92ee-3e96-4722-ab8f-8db58417c823","BART_070.basePlot.ltr","D01","BART","BART_070","BART_070_553","2016-06-09","2016-04-06","2016-05-31","2016-06-06T20:35Z","2016-07-09T12:00Z","NEON.LTR.BART070553.20160531","NEON.LTR.BART070553.20160531.FLR","NEON.DOC.001710vE","Flowers",0.33,"N",NA,"/PQLg4xSyvY/C0l9NeCPJmfdKfB/PF5p"
"92c51d79-4fb0-4caf-8197-ca428d6b16d8","BART_070.basePlot.ltr","D01","BART","BART_070","BART_070_553","2016-06-09","2016-04-06","2016-05-31","2016-06-06T20:35Z","2016-07-09T12:00Z","NEON.LTR.BART070553.20160531","NEON.LTR.BART070553.20160531.TWI","NEON.DOC.001710vE","Twigs/branches",2.8,"N",NA,"/PQLg4xSyvY/C0l9NeCPJmfdKfB/PF5p"
"b5053c0f-f0a0-45e8-ae25-32e56aff184c","BART_070.basePlot.ltr","D01","BART","BART_070","BART_070_553","2016-06-09","2016-04-06","2016-05-31","2016-06-06T20:35Z","2016-07-09T12:00Z","NEON.LTR.BART070553.20160531","NEON.LTR.BART070553.20160531.NDL","NEON.DOC.001710vE","Needles",0.62,"N",NA,"/PQLg4xSyvY/C0l9NeCPJmfdKfB/PF5p"
"c84deb1b-5ea4-4e5f-b089-259fae0c6557","BART_070.basePlot.ltr","D01","BART","BART_070","BART_070_553","2016-06-09","2016-04-06","2016-05-31","2016-06-06T20:35Z","2016-07-09T12:00Z","NEON.LTR.BART070553.20160531","NEON.LTR.BART070553.20160531.LVS","NEON.DOC.001710vE","Leaves",0.11,"N",NA,"/PQLg4xSyvY/C0l9NeCPJmfdKfB/PF5p"
"7d33c18d-a869-4b2b-a8c6-f478180c6132","BART_070.basePlot.ltr","D01","BART","BART_070","BART_070_553","2016-06-09","2016-04-06","2016-05-31","2016-06-06T20:35Z","2016-07-09T12:00Z","NEON.LTR.BART070553.20160531","NEON.LTR.BART070553.20160531.WDY","NEON.DOC.001710vE","Woody material",3.87,"N",NA,"/PQLg4xSyvY/C0l9NeCPJmfdKfB/PF5p"
"7ff6d9e8-bf5a-456d-a017-db548bac9fc8","BART_070.basePlot.ltr","D01","BART","BART_070","BART_070_553","2016-06-09","2016-04-06","2016-05-31","2016-06-06T20:35Z","2016-07-09T12:00Z","NEON.LTR.BART070553.20160531","NEON.LTR.BART070553.20160531.OTH","NEON.DOC.001710vE","Other",2.24,"N",NA,"/PQLg4xSyvY/C0l9NeCPJmfdKfB/PF5p"
"01041f9f-ee55-44c3-9cbc-5a5ab69e1eaf","BART_051.basePlot.ltr","D01","BART","BART_051","BART_051_574","2016-06-09","2016-04-06","2016-05-31","2016-06-06T20:35Z","2016-07-09T12:00Z","NEON.LTR.BART051574.20160531","NEON.LTR.BART051574.20160531.WDY","NEON.DOC.001710vE","Woody material",0.41,"N",NA,"/PQLg4xSyvY/C0l9NeCPJmfdKfB/PF5p"
"c1034034-12bd-4989-a1af-46c5770caf43","BART_051.basePlot.ltr","D01","BART","BART_051","BART_051_574","2016-06-09","2016-04-06","2016-05-31","2016-06-06T20:35Z","2016-07-09T12:00Z","NEON.LTR.BART051574.20160531","NEON.LTR.BART051574.20160531.LVS","NEON.DOC.001710vE","Leaves",0.4,"N",NA,"/PQLg4xSyvY/C0l9NeCPJmfdKfB/PF5p"
"e13c617c-0e10-4e37-bc55-391df0aefcb2","BART_051.basePlot.ltr","D01","BART","BART_051","BART_051_574","2016-06-09","2016-04-06","2016-05-31","2016-06-06T20:35Z","2016-07-09T12:00Z","NEON.LTR.BART051574.20160531","NEON.LTR.BART051574.20160531.FLR","NEON.DOC.001710vE","Flowers",2.52,"N",NA,"/PQLg4xSyvY/C0l9NeCPJmfdKfB/PF5p"
"06989f60-e624-4189-9d39-e278d0551988","BART_051.basePlot.ltr","D01","BART","BART_051","BART_051_574","2016-06-09","2016-04-06","2016-05-31","2016-06-06T20:35Z","2016-07-09T12:00Z","NEON.LTR.BART051574.20160531","NEON.LTR.BART051574.20160531.TWI","NEON.DOC.001710vE","Twigs/branches",0.52,"N",NA,"/PQLg4xSyvY/C0l9NeCPJmfdKfB/PF5p"
"c5e4cdba-3408-4fe1-bd2c-303da7711432","BART_051.basePlot.ltr","D01","BART","BART_051","BART_051_574","2016-06-09","2016-04-06","2016-05-31","2016-06-06T20:35Z","2016-07-09T12:00Z","NEON.LTR.BART051574.20160531","NEON.LTR.BART051574.20160531.SDS","NEON.DOC.001710vE","Seeds",0.03,"N",NA,"/PQLg4xSyvY/C0l9NeCPJmfdKfB/PF5p"
"82e3ddb1-5bdf-459c-bfbd-597b351af6bb","BART_051.basePlot.ltr","D01","BART","BART_051","BART_051_574","2016-06-09","2016-04-06","2016-05-31","2016-06-06T20:35Z","2016-07-09T12:00Z","NEON.LTR.BART051574.20160531","NEON.LTR.BART051574.20160531.NDL","NEON.DOC.001710vE","Needles",1.37,"N",NA,"/PQLg4xSyvY/C0l9NeCPJmfdKfB/PF5p"
"577126bf-84ae-4787-8deb-7826b02c94b0","BART_051.basePlot.ltr","D01","BART","BART_051","BART_051_574","2016-06-09","2016-04-06","2016-05-31","2016-06-06T20:35Z","2016-07-09T12:00Z","NEON.LTR.BART051574.20160531","NEON.LTR.BART051574.20160531.OTH","NEON.DOC.001710vE","Other",3.38,"N",NA,"/PQLg4xSyvY/C0l9NeCPJmfdKfB/PF5p"
"8ca1f833-f44a-489d-b905-a46c26a959bf","BART_036.basePlot.ltr","D01","BART","BART_036","BART_036_151","2016-06-09","2016-04-06","2016-05-31","2016-06-06T20:35Z","2016-07-09T12:00Z","NEON.LTR.BART036151.20160531","NEON.LTR.BART036151.20160531.LVS","NEON.DOC.001710vE","Leaves",0.83,"Y",NA,"/PQLg4xSyvY/C0l9NeCPJmfdKfB/PF5p"
"9536c599-82cf-486b-a96c-0263721dcf1c","BART_036.basePlot.ltr","D01","BART","BART_036","BART_036_151","2016-06-09","2016-04-06","2016-05-31","2016-06-06T20:35Z","2016-07-09T12:00Z","NEON.LTR.BART036151.20160531","NEON.LTR.BART036151.20160531.OTH","NEON.DOC.001710vE","Other",4.96,"N",NA,"/PQLg4xSyvY/C0l9NeCPJmfdKfB/PF5p"
"e427f168-a729-4956-898e-e0c1c4f19495","BART_036.basePlot.ltr","D01","BART","BART_036","BART_036_151","2016-06-09","2016-04-06","2016-05-31","2016-06-06T20:35Z","2016-07-09T12:00Z","NEON.LTR.BART036151.20160531","NEON.LTR.BART036151.20160531.TWI","NEON.DOC.001710vE","Twigs/branches",0.69,"N",NA,"/PQLg4xSyvY/C0l9NeCPJmfdKfB/PF5p"
"e975fcc1-a400-4efe-ae40-61833f845d4b","BART_036.basePlot.ltr","D01","BART","BART_036","BART_036_151","2016-06-09","2016-04-06","2016-05-31","2016-06-06T20:35Z","2016-07-09T12:00Z","NEON.LTR.BART036151.20160531","NEON.LTR.BART036151.20160531.NDL","NEON.DOC.001710vE","Needles",0.05,"N",NA,"/PQLg4xSyvY/C0l9NeCPJmfdKfB/PF5p"
"e4fd555d-c134-42e4-a61d-23ebdfa1bf3c","BART_036.basePlot.ltr","D01","BART","BART_036","BART_036_151","2016-06-09","2016-04-06","2016-05-31","2016-06-06T20:35Z","2016-07-09T12:00Z","NEON.LTR.BART036151.20160531","NEON.LTR.BART036151.20160531.WDY","NEON.DOC.001710vE","Woody material",0.71,"N",NA,"/PQLg4xSyvY/C0l9NeCPJmfdKfB/PF5p"
"e2b7d9a2-a3d4-4b6a-b466-0127d5a46acd","BART_036.basePlot.ltr","D01","BART","BART_036","BART_036_151","2016-06-09","2016-04-06","2016-05-31","2016-06-06T20:35Z","2016-07-09T12:00Z","NEON.LTR.BART036151.20160531","NEON.LTR.BART036151.20160531.FLR","NEON.DOC.001710vE","Flowers",0.61,"N",NA,"/PQLg4xSyvY/C0l9NeCPJmfdKfB/PF5p"
"53452c60-5ae1-4e85-8eef-efef767e0aff","BART_036.basePlot.ltr","D01","BART","BART_036","BART_036_151","2016-06-09","2016-04-06","2016-05-31","2016-06-06T20:35Z","2016-07-09T12:00Z","NEON.LTR.BART036151.20160531","NEON.LTR.BART036151.20160531.SDS","NEON.DOC.001710vE","Seeds",0.58,"Y",NA,"/PQLg4xSyvY/C0l9NeCPJmfdKfB/PF5p"
"cf1784d5-2ba3-4709-8eaa-77743ddc6c26","BART_047.basePlot.ltr","D01","BART","BART_047","BART_047_046","2016-06-09","2016-04-06","2016-05-31","2016-06-06T20:35Z","2016-07-09T12:00Z","NEON.LTR.BART047046.20160531","NEON.LTR.BART047046.20160531.TWI","NEON.DOC.001710vE","Twigs/branches",0.36,"N",NA,"/PQLg4xSyvY/C0l9NeCPJmfdKfB/PF5p"
"158a6505-52e3-456e-8e64-51e911f2fbc8","BART_047.basePlot.ltr","D01","BART","BART_047","BART_047_046","2016-06-09","2016-04-06","2016-05-31","2016-06-06T20:35Z","2016-07-09T12:00Z","NEON.LTR.BART047046.20160531","NEON.LTR.BART047046.20160531.SDS","NEON.DOC.001710vE","Seeds",0.08,"N",NA,"/PQLg4xSyvY/C0l9NeCPJmfdKfB/PF5p"
"63569d03-1c10-4c19-918f-f175b2b7e8aa","BART_047.basePlot.ltr","D01","BART","BART_047","BART_047_046","2016-06-09","2016-04-06","2016-05-31","2016-06-06T20:35Z","2016-07-09T12:00Z","NEON.LTR.BART047046.20160531","NEON.LTR.BART047046.20160531.OTH","NEON.DOC.001710vE","Other",3.73,"N",NA,"/PQLg4xSyvY/C0l9NeCPJmfdKfB/PF5p"
"e6e84902-0c00-4265-a5f2-c97fb2dbc8d4","BART_047.basePlot.ltr","D01","BART","BART_047","BART_047_046","2016-06-09","2016-04-06","2016-05-31","2016-06-06T20:35Z","2016-07-09T12:00Z","NEON.LTR.BART047046.20160531","NEON.LTR.BART047046.20160531.LVS","NEON.DOC.001710vE","Leaves",0.82,"N",NA,"/PQLg4xSyvY/C0l9NeCPJmfdKfB/PF5p"
"f2c6821b-e192-44d1-9bc7-2d248d3e51e6","BART_047.basePlot.ltr","D01","BART","BART_047","BART_047_046","2016-06-09","2016-04-06","2016-05-31","2016-06-06T20:35Z","2016-07-09T12:00Z","NEON.LTR.BART047046.20160531","NEON.LTR.BART047046.20160531.NDL","NEON.DOC.001710vE","Needles",0.41,"N",NA,"/PQLg4xSyvY/C0l9NeCPJmfdKfB/PF5p"
"08e4484e-a918-47de-af0c-b33eea403dd1","BART_047.basePlot.ltr","D01","BART","BART_047","BART_047_046","2016-06-09","2016-04-06","2016-05-31","2016-06-06T20:35Z","2016-07-09T12:00Z","NEON.LTR.BART047046.20160531","NEON.LTR.BART047046.20160531.FLR","NEON.DOC.001710vE","Flowers",2.19,"N",NA,"/PQLg4xSyvY/C0l9NeCPJmfdKfB/PF5p"
"108f8e0b-06d8-496d-91c4-0238c2beee88","BART_047.basePlot.ltr","D01","BART","BART_047","BART_047_046","2016-06-09","2016-04-06","2016-05-31","2016-06-06T20:35Z","2016-07-09T12:00Z","NEON.LTR.BART047046.20160531","NEON.LTR.BART047046.20160531.WDY","NEON.DOC.001710vE","Woody material",0.05,"N",NA,"/PQLg4xSyvY/C0l9NeCPJmfdKfB/PF5p"
"9ea3adae-09c8-4a75-b16e-fa4c562ea810","BART_071.basePlot.ltr","D01","BART","BART_071","BART_071_382","2016-06-09","2016-04-06","2016-05-31","2016-06-06T20:35Z","2016-07-09T12:00Z","NEON.LTR.BART071382.20160531","NEON.LTR.BART071382.20160531.WDY","NEON.DOC.001710vE","Woody material",0.08,"N",NA,"/PQLg4xSyvY/C0l9NeCPJmfdKfB/PF5p"
"bbac01f7-783e-4c09-88a6-e8a30c1834d4","BART_071.basePlot.ltr","D01","BART","BART_071","BART_071_382","2016-06-09","2016-04-06","2016-05-31","2016-06-06T20:35Z","2016-07-09T12:00Z","NEON.LTR.BART071382.20160531","NEON.LTR.BART071382.20160531.NDL","NEON.DOC.001710vE","Needles",0.37,"Y",NA,"/PQLg4xSyvY/C0l9NeCPJmfdKfB/PF5p"
"b68d42ac-f15b-4707-bd4a-bfc7994b4ef4","BART_071.basePlot.ltr","D01","BART","BART_071","BART_071_382","2016-06-09","2016-04-06","2016-05-31","2016-06-06T20:35Z","2016-07-09T12:00Z","NEON.LTR.BART071382.20160531","NEON.LTR.BART071382.20160531.LVS","NEON.DOC.001710vE","Leaves",0.31,"Y",NA,"/PQLg4xSyvY/C0l9NeCPJmfdKfB/PF5p"
"3aca4140-dd8c-4fca-9341-34435112bee1","BART_071.basePlot.ltr","D01","BART","BART_071","BART_071_382","2016-06-09","2016-04-06","2016-05-31","2016-06-06T20:35Z","2016-07-09T12:00Z","NEON.LTR.BART071382.20160531","NEON.LTR.BART071382.20160531.FLR","NEON.DOC.001710vE","Flowers",1.61,"N",NA,"/PQLg4xSyvY/C0l9NeCPJmfdKfB/PF5p"
"aed90c42-1927-4c32-aac5-764cf7d1e9b8","BART_071.basePlot.ltr","D01","BART","BART_071","BART_071_382","2016-06-09","2016-04-06","2016-05-31","2016-06-06T20:35Z","2016-07-09T12:00Z","NEON.LTR.BART071382.20160531","NEON.LTR.BART071382.20160531.SDS","NEON.DOC.001710vE","Seeds",0.06,"N",NA,"/PQLg4xSyvY/C0l9NeCPJmfdKfB/PF5p"
"a1416333-3254-481a-9f5a-cc805a976143","BART_071.basePlot.ltr","D01","BART","BART_071","BART_071_382","2016-06-09","2016-04-06","2016-05-31","2016-06-06T20:35Z","2016-07-09T12:00Z","NEON.LTR.BART071382.20160531","NEON.LTR.BART071382.20160531.OTH","NEON.DOC.001710vE","Other",3.07,"N",NA,"/PQLg4xSyvY/C0l9NeCPJmfdKfB/PF5p"
"8810736b-5d64-4348-8472-2e892c5c6eae","BART_071.basePlot.ltr","D01","BART","BART_071","BART_071_382","2016-06-09","2016-04-06","2016-05-31","2016-06-06T20:35Z","2016-07-09T12:00Z","NEON.LTR.BART071382.20160531","NEON.LTR.BART071382.20160531.TWI","NEON.DOC.001710vE","Twigs/branches",0.57,"N",NA,"/PQLg4xSyvY/C0l9NeCPJmfdKfB/PF5p"
"4007019b-f2b9-467d-bfa0-7836b9127b18","BART_034.basePlot.ltr","D01","BART","BART_034","BART_034_451","2016-06-09","2016-04-06","2016-05-31","2016-06-06T20:35Z","2016-07-09T12:00Z","NEON.LTR.BART034451.20160531","NEON.LTR.BART034451.20160531.FLR","NEON.DOC.001710vE","Flowers",0.81,"N",NA,"/PQLg4xSyvY/C0l9NeCPJmfdKfB/PF5p"
"c4447425-918b-41cf-becb-be1ea9be8383","BART_034.basePlot.ltr","D01","BART","BART_034","BART_034_451","2016-06-09","2016-04-06","2016-05-31","2016-06-06T20:35Z","2016-07-09T12:00Z","NEON.LTR.BART034451.20160531","NEON.LTR.BART034451.20160531.WDY","NEON.DOC.001710vE","Woody material",0.07,"Y",NA,"/PQLg4xSyvY/C0l9NeCPJmfdKfB/PF5p"
"3609a8d0-146d-441d-aa37-95c0cdba8935","BART_034.basePlot.ltr","D01","BART","BART_034","BART_034_451","2016-06-09","2016-04-06","2016-05-31","2016-06-06T20:35Z","2016-07-09T12:00Z","NEON.LTR.BART034451.20160531","NEON.LTR.BART034451.20160531.SDS","NEON.DOC.001710vE","Seeds",0.01,"N",NA,"/PQLg4xSyvY/C0l9NeCPJmfdKfB/PF5p"
"88ec87db-4844-4929-b7be-7c1c09445ed8","BART_034.basePlot.ltr","D01","BART","BART_034","BART_034_451","2016-06-09","2016-04-06","2016-05-31","2016-06-06T20:35Z","2016-07-09T12:00Z","NEON.LTR.BART034451.20160531","NEON.LTR.BART034451.20160531.OTH","NEON.DOC.001710vE","Other",1.45,"N",NA,"/PQLg4xSyvY/C0l9NeCPJmfdKfB/PF5p"
"544b26da-0392-49da-a146-c83b0699104c","BART_034.basePlot.ltr","D01","BART","BART_034","BART_034_451","2016-06-09","2016-04-06","2016-05-31","2016-06-06T20:35Z","2016-07-09T12:00Z","NEON.LTR.BART034451.20160531","NEON.LTR.BART034451.20160531.NDL","NEON.DOC.001710vE","Needles",0.34,"Y",NA,"/PQLg4xSyvY/C0l9NeCPJmfdKfB/PF5p"
"bd28b9fe-71f0-4ccc-bf70-3fa1d53bb576","BART_034.basePlot.ltr","D01","BART","BART_034","BART_034_451","2016-06-09","2016-04-06","2016-05-31","2016-06-06T20:35Z","2016-07-09T12:00Z","NEON.LTR.BART034451.20160531","NEON.LTR.BART034451.20160531.TWI","NEON.DOC.001710vE","Twigs/branches",0.36,"Y",NA,"/PQLg4xSyvY/C0l9NeCPJmfdKfB/PF5p"
"1a10551b-0d16-469e-9459-1a6e87c24f46","BART_034.basePlot.ltr","D01","BART","BART_034","BART_034_451","2016-06-09","2016-04-06","2016-05-31","2016-06-06T20:35Z","2016-07-09T12:00Z","NEON.LTR.BART034451.20160531","NEON.LTR.BART034451.20160531.LVS","NEON.DOC.001710vE","Leaves",0.58,"N",NA,"/PQLg4xSyvY/C0l9NeCPJmfdKfB/PF5p"
"b1c14e39-de69-4667-8a6c-c15d1fe0bc7a","BART_047.basePlot.ltr","D01","BART","BART_047","BART_047_864","2016-06-09","2016-04-06","2016-05-31","2016-06-06T20:35Z","2016-07-09T12:00Z","NEON.LTR.BART047864.20160531","NEON.LTR.BART047864.20160531.FLR","NEON.DOC.001710vE","Flowers",2.73,"Y",NA,"/PQLg4xSyvY/C0l9NeCPJmfdKfB/PF5p"
"bcf0c38a-6f2f-4745-93ff-ffbeda58af5f","BART_047.basePlot.ltr","D01","BART","BART_047","BART_047_864","2016-06-09","2016-04-06","2016-05-31","2016-06-06T20:35Z","2016-07-09T12:00Z","NEON.LTR.BART047864.20160531","NEON.LTR.BART047864.20160531.OTH","NEON.DOC.001710vE","Other",3.37,"N",NA,"/PQLg4xSyvY/C0l9NeCPJmfdKfB/PF5p"
"a0e5953c-d1c4-4635-adeb-e342e408a66d","BART_047.basePlot.ltr","D01","BART","BART_047","BART_047_864","2016-06-09","2016-04-06","2016-05-31","2016-06-06T20:35Z","2016-07-09T12:00Z","NEON.LTR.BART047864.20160531","NEON.LTR.BART047864.20160531.SDS","NEON.DOC.001710vE","Seeds",0.28,"N",NA,"/PQLg4xSyvY/C0l9NeCPJmfdKfB/PF5p"
"0897670b-b707-4902-9f74-69a19f87f353","BART_047.basePlot.ltr","D01","BART","BART_047","BART_047_864","2016-06-09","2016-04-06","2016-05-31","2016-06-06T20:35Z","2016-07-09T12:00Z","NEON.LTR.BART047864.20160531","NEON.LTR.BART047864.20160531.NDL","NEON.DOC.001710vE","Needles",0.04,"Y",NA,"/PQLg4xSyvY/C0l9NeCPJmfdKfB/PF5p"
"11361337-604b-40b6-a793-f9461747892f","BART_047.basePlot.ltr","D01","BART","BART_047","BART_047_864","2016-06-09","2016-04-06","2016-05-31","2016-06-06T20:35Z","2016-07-09T12:00Z","NEON.LTR.BART047864.20160531","NEON.LTR.BART047864.20160531.WDY","NEON.DOC.001710vE","Woody material",0.07,"N",NA,"/PQLg4xSyvY/C0l9NeCPJmfdKfB/PF5p"
"fa94afbb-e709-4057-ac4f-5a7c774b9a48","BART_047.basePlot.ltr","D01","BART","BART_047","BART_047_864","2016-06-09","2016-04-06","2016-05-31","2016-06-06T20:35Z","2016-07-09T12:00Z","NEON.LTR.BART047864.20160531","NEON.LTR.BART047864.20160531.LVS","NEON.DOC.001710vE","Leaves",1.09,"N",NA,"/PQLg4xSyvY/C0l9NeCPJmfdKfB/PF5p"
"2c0eb5f6-109f-429a-a582-9c43facb23b8","BART_047.basePlot.ltr","D01","BART","BART_047","BART_047_864","2016-06-09","2016-04-06","2016-05-31","2016-06-06T20:35Z","2016-07-09T12:00Z","NEON.LTR.BART047864.20160531","NEON.LTR.BART047864.20160531.TWI","NEON.DOC.001710vE","Twigs/branches",0.8,"N",NA,"/PQLg4xSyvY/C0l9NeCPJmfdKfB/PF5p"
"b98a2cbe-2a59-46fa-acfd-1e93b95bc015","BART_050.basePlot.ltr","D01","BART","BART_050","BART_050_808","2016-06-09","2016-04-06","2016-05-31","2016-06-06T20:35Z","2016-07-09T12:00Z","NEON.LTR.BART050808.20160531","NEON.LTR.BART050808.20160531.FLR","NEON.DOC.001710vE","Flowers",0.71,"Y",NA,"/PQLg4xSyvY/C0l9NeCPJmfdKfB/PF5p"
"7154b71c-667e-423d-aaea-4350dbd76822","BART_050.basePlot.ltr","D01","BART","BART_050","BART_050_808","2016-06-09","2016-04-06","2016-05-31","2016-06-06T20:35Z","2016-07-09T12:00Z","NEON.LTR.BART050808.20160531","NEON.LTR.BART050808.20160531.OTH","NEON.DOC.001710vE","Other",1.3,"Y",NA,"/PQLg4xSyvY/C0l9NeCPJmfdKfB/PF5p"
"a43a77fb-ed30-424a-8c5f-53e0415ca037","BART_050.basePlot.ltr","D01","BART","BART_050","BART_050_808","2016-06-09","2016-04-06","2016-05-31","2016-06-06T20:35Z","2016-07-09T12:00Z","NEON.LTR.BART050808.20160531","NEON.LTR.BART050808.20160531.LVS","NEON.DOC.001710vE","Leaves",0.29,"N",NA,"/PQLg4xSyvY/C0l9NeCPJmfdKfB/PF5p"
"7c6c984d-02ae-4fc8-9c4c-10fdaae3d090","BART_050.basePlot.ltr","D01","BART","BART_050","BART_050_808","2016-06-09","2016-04-06","2016-05-31","2016-06-06T20:35Z","2016-07-09T12:00Z","NEON.LTR.BART050808.20160531","NEON.LTR.BART050808.20160531.WDY","NEON.DOC.001710vE","Woody material",0.35,"N",NA,"/PQLg4xSyvY/C0l9NeCPJmfdKfB/PF5p"
"ad1fc8f2-7376-4a06-a5cd-8c52072e8d06","BART_040.basePlot.ltr","D01","BART","BART_040","BART_040_884","2016-06-09","2016-04-06","2016-05-31","2016-06-06T20:35Z","2016-07-09T12:00Z","NEON.LTR.BART040884.20160531","NEON.LTR.BART040884.20160531.OTH","NEON.DOC.001710vE","Other",2.99,"N",NA,"/PQLg4xSyvY/C0l9NeCPJmfdKfB/PF5p"
"6cafc83c-0648-4898-8b4a-b459df29e555","BART_040.basePlot.ltr","D01","BART","BART_040","BART_040_884","2016-06-09","2016-04-06","2016-05-31","2016-06-06T20:35Z","2016-07-09T12:00Z","NEON.LTR.BART040884.20160531","NEON.LTR.BART040884.20160531.TWI","NEON.DOC.001710vE","Twigs/branches",1.03,"Y",NA,"/PQLg4xSyvY/C0l9NeCPJmfdKfB/PF5p"
"a497feac-a7cb-48bd-b4ad-5b13a0ec9def","BART_040.basePlot.ltr","D01","BART","BART_040","BART_040_884","2016-06-09","2016-04-06","2016-05-31","2016-06-06T20:35Z","2016-07-09T12:00Z","NEON.LTR.BART040884.20160531","NEON.LTR.BART040884.20160531.SDS","NEON.DOC.001710vE","Seeds",0.29,"N",NA,"/PQLg4xSyvY/C0l9NeCPJmfdKfB/PF5p"
"05eaea68-acc7-478a-a9dd-ed6a2145ee74","BART_040.basePlot.ltr","D01","BART","BART_040","BART_040_884","2016-06-09","2016-04-06","2016-05-31","2016-06-06T20:35Z","2016-07-09T12:00Z","NEON.LTR.BART040884.20160531","NEON.LTR.BART040884.20160531.LVS","NEON.DOC.001710vE","Leaves",0.43,"N",NA,"/PQLg4xSyvY/C0l9NeCPJmfdKfB/PF5p"
"fb63e679-6abc-4d3a-88d0-f369f3941d55","BART_050.basePlot.ltr","D01","BART","BART_050","BART_050_808","2016-06-09","2016-04-06","2016-05-31","2016-06-06T20:35Z","2016-07-09T12:00Z","NEON.LTR.BART050808.20160531","NEON.LTR.BART050808.20160531.NDL","NEON.DOC.001710vE","Needles",0.95,"N",NA,"/PQLg4xSyvY/C0l9NeCPJmfdKfB/PF5p"
"e8c37ed3-bb62-4107-8f21-c3c2921e3983","BART_050.basePlot.ltr","D01","BART","BART_050","BART_050_808","2016-06-09","2016-04-06","2016-05-31","2016-06-06T20:35Z","2016-07-09T12:00Z","NEON.LTR.BART050808.20160531","NEON.LTR.BART050808.20160531.TWI","NEON.DOC.001710vE","Twigs/branches",0.53,"N",NA,"/PQLg4xSyvY/C0l9NeCPJmfdKfB/PF5p"
"e92f29f2-d847-49b6-830a-7dc4452c518b","BART_040.basePlot.ltr","D01","BART","BART_040","BART_040_884","2016-06-09","2016-04-06","2016-05-31","2016-06-06T20:35Z","2016-07-09T12:00Z","NEON.LTR.BART040884.20160531","NEON.LTR.BART040884.20160531.NDL","NEON.DOC.001710vE","Needles",0.01,"N",NA,"/PQLg4xSyvY/C0l9NeCPJmfdKfB/PF5p"
"d77f0eae-88cc-421b-b22b-9cd3848d417a","BART_040.basePlot.ltr","D01","BART","BART_040","BART_040_884","2016-06-09","2016-04-06","2016-05-31","2016-06-06T20:35Z","2016-07-09T12:00Z","NEON.LTR.BART040884.20160531","NEON.LTR.BART040884.20160531.FLR","NEON.DOC.001710vE","Flowers",0.37,"N",NA,"/PQLg4xSyvY/C0l9NeCPJmfdKfB/PF5p"
"50f2609a-a975-4c04-935b-f1731372bf9b","BART_040.basePlot.ltr","D01","BART","BART_040","BART_040_884","2016-06-09","2016-04-06","2016-05-31","2016-06-06T20:35Z","2016-07-09T12:00Z","NEON.LTR.BART040884.20160531","NEON.LTR.BART040884.20160531.WDY","NEON.DOC.001710vE","Woody material",0.09,"Y",NA,"/PQLg4xSyvY/C0l9NeCPJmfdKfB/PF5p"
"23d57fc0-c832-414e-8c64-9dc6805be939","BART_050.basePlot.ltr","D01","BART","BART_050","BART_050_808","2016-06-09","2016-04-06","2016-05-31","2016-06-06T20:35Z","2016-07-09T12:00Z","NEON.LTR.BART050808.20160531","NEON.LTR.BART050808.20160531.SDS","NEON.DOC.001710vE","Seeds",0.12,"N",NA,"/PQLg4xSyvY/C0l9NeCPJmfdKfB/PF5p"
"80428ba4-a2bb-490a-ad77-61a78bff62d9","BART_075.basePlot.ltr","D01","BART","BART_075","BART_075_389","2016-06-09","2016-04-06","2016-05-31","2016-06-06T20:35Z","2016-07-09T12:00Z","NEON.LTR.BART075389.20160531","NEON.LTR.BART075389.20160531.FLR","NEON.DOC.001710vE","Flowers",0.52,"N",NA,"/PQLg4xSyvY/C0l9NeCPJmfdKfB/PF5p"
"540fc54d-7d27-45eb-9b91-b20aafdab72b","BART_075.basePlot.ltr","D01","BART","BART_075","BART_075_389","2016-06-09","2016-04-06","2016-05-31","2016-06-06T20:35Z","2016-07-09T12:00Z","NEON.LTR.BART075389.20160531","NEON.LTR.BART075389.20160531.TWI","NEON.DOC.001710vE","Twigs/branches",4.62,"N",NA,"/PQLg4xSyvY/C0l9NeCPJmfdKfB/PF5p"
"1f6285ab-86ab-4414-9256-ef3560899846","BART_075.basePlot.ltr","D01","BART","BART_075","BART_075_389","2016-06-09","2016-04-06","2016-05-31","2016-06-06T20:35Z","2016-07-09T12:00Z","NEON.LTR.BART075389.20160531","NEON.LTR.BART075389.20160531.NDL","NEON.DOC.001710vE","Needles",0.69,"Y",NA,"/PQLg4xSyvY/C0l9NeCPJmfdKfB/PF5p"
"b478899f-e838-4ea5-9b64-4c3e5d940ba8","BART_075.basePlot.ltr","D01","BART","BART_075","BART_075_389","2016-06-09","2016-04-06","2016-05-31","2016-06-06T20:35Z","2016-07-09T12:00Z","NEON.LTR.BART075389.20160531","NEON.LTR.BART075389.20160531.OTH","NEON.DOC.001710vE","Other",2.29,"N",NA,"/PQLg4xSyvY/C0l9NeCPJmfdKfB/PF5p"
"74f33f93-2bb8-4224-9ccd-a0008aea3c8f","BART_075.basePlot.ltr","D01","BART","BART_075","BART_075_389","2016-06-09","2016-04-06","2016-05-31","2016-06-06T20:35Z","2016-07-09T12:00Z","NEON.LTR.BART075389.20160531","NEON.LTR.BART075389.20160531.SDS","NEON.DOC.001710vE","Seeds",0.11,"N",NA,"/PQLg4xSyvY/C0l9NeCPJmfdKfB/PF5p"
"b8960c1c-6138-4ab5-bc56-e63c7794ffda","BART_075.basePlot.ltr","D01","BART","BART_075","BART_075_389","2016-06-09","2016-04-06","2016-05-31","2016-06-06T20:35Z","2016-07-09T12:00Z","NEON.LTR.BART075389.20160531","NEON.LTR.BART075389.20160531.LVS","NEON.DOC.001710vE","Leaves",0.48,"N",NA,"/PQLg4xSyvY/C0l9NeCPJmfdKfB/PF5p"
"8528c030-52b0-46e6-a6e5-6503520c5874","BART_075.basePlot.ltr","D01","BART","BART_075","BART_075_389","2016-06-09","2016-04-06","2016-05-31","2016-06-06T20:35Z","2016-07-09T12:00Z","NEON.LTR.BART075389.20160531","NEON.LTR.BART075389.20160531.WDY","NEON.DOC.001710vE","Woody material",1.96,"N",NA,"/PQLg4xSyvY/C0l9NeCPJmfdKfB/PF5p"
"687824c6-36e4-40fd-808e-3697385ff872","BART_039.basePlot.ltr","D01","BART","BART_039","BART_039_587","2016-06-09","2016-04-06","2016-05-31","2016-06-06T20:35Z","2016-07-09T12:00Z","NEON.LTR.BART039587.20160531","NEON.LTR.BART039587.20160531.WDY","NEON.DOC.001710vE","Woody material",0.09,"N",NA,"/PQLg4xSyvY/C0l9NeCPJmfdKfB/PF5p"
"591e4d2d-0080-4f8e-ba3f-41e137481237","BART_039.basePlot.ltr","D01","BART","BART_039","BART_039_587","2016-06-09","2016-04-06","2016-05-31","2016-06-06T20:35Z","2016-07-09T12:00Z","NEON.LTR.BART039587.20160531","NEON.LTR.BART039587.20160531.FLR","NEON.DOC.001710vE","Flowers",1.69,"N",NA,"/PQLg4xSyvY/C0l9NeCPJmfdKfB/PF5p"
"70bf2674-cdcb-446a-8b61-c4a39ba9e830","BART_039.basePlot.ltr","D01","BART","BART_039","BART_039_587","2016-06-09","2016-04-06","2016-05-31","2016-06-06T20:35Z","2016-07-09T12:00Z","NEON.LTR.BART039587.20160531","NEON.LTR.BART039587.20160531.LVS","NEON.DOC.001710vE","Leaves",0.43,"N",NA,"/PQLg4xSyvY/C0l9NeCPJmfdKfB/PF5p"
"2f32a92a-6332-49d5-997f-4eef85c47e92","BART_039.basePlot.ltr","D01","BART","BART_039","BART_039_587","2016-06-09","2016-04-06","2016-05-31","2016-06-06T20:35Z","2016-07-09T12:00Z","NEON.LTR.BART039587.20160531","NEON.LTR.BART039587.20160531.NDL","NEON.DOC.001710vE","Needles",0.13,"N",NA,"/PQLg4xSyvY/C0l9NeCPJmfdKfB/PF5p"
"e103efe1-0256-4c87-8f86-28349d334f74","BART_039.basePlot.ltr","D01","BART","BART_039","BART_039_587","2016-06-09","2016-04-06","2016-05-31","2016-06-06T20:35Z","2016-07-09T12:00Z","NEON.LTR.BART039587.20160531","NEON.LTR.BART039587.20160531.SDS","NEON.DOC.001710vE","Seeds",0.09,"N",NA,"/PQLg4xSyvY/C0l9NeCPJmfdKfB/PF5p"
"9c25d117-e7d6-4cc1-ab62-eb1947a40165","BART_039.basePlot.ltr","D01","BART","BART_039","BART_039_587","2016-06-09","2016-04-06","2016-05-31","2016-06-06T20:35Z","2016-07-09T12:00Z","NEON.LTR.BART039587.20160531","NEON.LTR.BART039587.20160531.TWI","NEON.DOC.001710vE","Twigs/branches",0.11,"N",NA,"/PQLg4xSyvY/C0l9NeCPJmfdKfB/PF5p"
"72ed895d-ba34-4fd5-98f9-6d38d657bc00","BART_039.basePlot.ltr","D01","BART","BART_039","BART_039_587","2016-06-09","2016-04-06","2016-05-31","2016-06-06T20:35Z","2016-07-09T12:00Z","NEON.LTR.BART039587.20160531","NEON.LTR.BART039587.20160531.OTH","NEON.DOC.001710vE","Other",4.09,"N",NA,"/PQLg4xSyvY/C0l9NeCPJmfdKfB/PF5p"
"ab59f574-8802-4bf5-8abc-fac0b7e3e8db","BART_032.basePlot.ltr","D01","BART","BART_032","BART_032_293","2016-06-09","2016-04-06","2016-05-31","2016-06-06T20:35Z","2016-07-09T12:00Z","NEON.LTR.BART032293.20160531","NEON.LTR.BART032293.20160531.WDY","NEON.DOC.001710vE","Woody material",0.09,"N",NA,"/PQLg4xSyvY/C0l9NeCPJmfdKfB/PF5p"
"8d03cdb8-f756-4fd2-98a0-1bffd21d468b","BART_032.basePlot.ltr","D01","BART","BART_032","BART_032_293","2016-06-09","2016-04-06","2016-05-31","2016-06-06T20:35Z","2016-07-09T12:00Z","NEON.LTR.BART032293.20160531","NEON.LTR.BART032293.20160531.TWI","NEON.DOC.001710vE","Twigs/branches",0.35,"N",NA,"/PQLg4xSyvY/C0l9NeCPJmfdKfB/PF5p"
"45eab4c9-b758-4e78-b52b-197de10c09f8","BART_032.basePlot.ltr","D01","BART","BART_032","BART_032_293","2016-06-09","2016-04-06","2016-05-31","2016-06-06T20:35Z","2016-07-09T12:00Z","NEON.LTR.BART032293.20160531","NEON.LTR.BART032293.20160531.SDS","NEON.DOC.001710vE","Seeds",0.13,"N",NA,"/PQLg4xSyvY/C0l9NeCPJmfdKfB/PF5p"
"de93bbea-bd0e-4c67-bead-069f8d7211ce","BART_032.basePlot.ltr","D01","BART","BART_032","BART_032_293","2016-06-09","2016-04-06","2016-05-31","2016-06-06T20:35Z","2016-07-09T12:00Z","NEON.LTR.BART032293.20160531","NEON.LTR.BART032293.20160531.NDL","NEON.DOC.001710vE","Needles",0.1,"N",NA,"/PQLg4xSyvY/C0l9NeCPJmfdKfB/PF5p"
"a5d11f68-41e1-491a-80c7-4cea0ab33f9a","BART_032.basePlot.ltr","D01","BART","BART_032","BART_032_293","2016-06-09","2016-04-06","2016-05-31","2016-06-06T20:35Z","2016-07-09T12:00Z","NEON.LTR.BART032293.20160531","NEON.LTR.BART032293.20160531.OTH","NEON.DOC.001710vE","Other",3.59,"Y",NA,"/PQLg4xSyvY/C0l9NeCPJmfdKfB/PF5p"
"c2dce02f-c643-45b5-a27b-fd92d17c0a73","BART_032.basePlot.ltr","D01","BART","BART_032","BART_032_293","2016-06-09","2016-04-06","2016-05-31","2016-06-06T20:35Z","2016-07-09T12:00Z","NEON.LTR.BART032293.20160531","NEON.LTR.BART032293.20160531.LVS","NEON.DOC.001710vE","Leaves",0.49,"Y",NA,"/PQLg4xSyvY/C0l9NeCPJmfdKfB/PF5p"
"a3be47bb-5020-4d92-a8e7-7b06a1c2e800","BART_032.basePlot.ltr","D01","BART","BART_032","BART_032_293","2016-06-09","2016-04-06","2016-05-31","2016-06-06T20:35Z","2016-07-09T12:00Z","NEON.LTR.BART032293.20160531","NEON.LTR.BART032293.20160531.FLR","NEON.DOC.001710vE","Flowers",0.6,"N",NA,"/PQLg4xSyvY/C0l9NeCPJmfdKfB/PF5p"
"01548329-937e-4cf4-b8fb-79fee8af3711","BART_072.basePlot.ltr","D01","BART","BART_072","BART_072_162","2016-06-09","2016-04-06","2016-05-31","2016-06-06T20:35Z","2016-07-09T12:00Z","NEON.LTR.BART072162.20160531","NEON.LTR.BART072162.20160531.TWI","NEON.DOC.001710vE","Twigs/branches",0.48,"N",NA,"/PQLg4xSyvY/C0l9NeCPJmfdKfB/PF5p"
"d6bce8e7-2838-48e1-883a-09f7fc29c2c7","BART_072.basePlot.ltr","D01","BART","BART_072","BART_072_162","2016-06-09","2016-04-06","2016-05-31","2016-06-06T20:35Z","2016-07-09T12:00Z","NEON.LTR.BART072162.20160531","NEON.LTR.BART072162.20160531.OTH","NEON.DOC.001710vE","Other",4.2,"N",NA,"/PQLg4xSyvY/C0l9NeCPJmfdKfB/PF5p"
"85c8c5cd-69dc-4382-9cea-3fd8049dfbbb","BART_072.basePlot.ltr","D01","BART","BART_072","BART_072_162","2016-06-09","2016-04-06","2016-05-31","2016-06-06T20:35Z","2016-07-09T12:00Z","NEON.LTR.BART072162.20160531","NEON.LTR.BART072162.20160531.WDY","NEON.DOC.001710vE","Woody material",0.03,"N",NA,"/PQLg4xSyvY/C0l9NeCPJmfdKfB/PF5p"
"f19b2017-79e2-451a-b8d6-eb8291d2cd30","BART_072.basePlot.ltr","D01","BART","BART_072","BART_072_162","2016-06-09","2016-04-06","2016-05-31","2016-06-06T20:35Z","2016-07-09T12:00Z","NEON.LTR.BART072162.20160531","NEON.LTR.BART072162.20160531.SDS","NEON.DOC.001710vE","Seeds",0.02,"N",NA,"/PQLg4xSyvY/C0l9NeCPJmfdKfB/PF5p"
"23772ec9-641a-46da-8106-decc87d45100","BART_072.basePlot.ltr","D01","BART","BART_072","BART_072_162","2016-06-09","2016-04-06","2016-05-31","2016-06-06T20:35Z","2016-07-09T12:00Z","NEON.LTR.BART072162.20160531","NEON.LTR.BART072162.20160531.FLR","NEON.DOC.001710vE","Flowers",0.85,"N",NA,"/PQLg4xSyvY/C0l9NeCPJmfdKfB/PF5p"
"a50a74e3-e15d-4372-a371-72bc1abc95fb","BART_072.basePlot.ltr","D01","BART","BART_072","BART_072_162","2016-06-09","2016-04-06","2016-05-31","2016-06-06T20:35Z","2016-07-09T12:00Z","NEON.LTR.BART072162.20160531","NEON.LTR.BART072162.20160531.NDL","NEON.DOC.001710vE","Needles",0.11,"N",NA,"/PQLg4xSyvY/C0l9NeCPJmfdKfB/PF5p"
"2e6e4e83-7cca-48d4-aab0-b8aeb9d6b45f","BART_072.basePlot.ltr","D01","BART","BART_072","BART_072_162","2016-06-09","2016-04-06","2016-05-31","2016-06-06T20:35Z","2016-07-09T12:00Z","NEON.LTR.BART072162.20160531","NEON.LTR.BART072162.20160531.LVS","NEON.DOC.001710vE","Leaves",1.06,"N",NA,"/PQLg4xSyvY/C0l9NeCPJmfdKfB/PF5p"
"56b038ee-38be-460c-8eb5-fc84602c796f","BART_051.basePlot.ltr","D01","BART","BART_051","BART_051_813","2016-06-09","2016-04-06","2016-05-31","2016-06-06T20:35Z","2016-07-09T12:00Z","NEON.LTR.BART051813.20160531","NEON.LTR.BART051813.20160531.NDL","NEON.DOC.001710vE","Needles",0.26,"N",NA,"/PQLg4xSyvY/C0l9NeCPJmfdKfB/PF5p"
"f7fd2936-861f-4f46-b8de-41f70d3226cb","BART_051.basePlot.ltr","D01","BART","BART_051","BART_051_813","2016-06-09","2016-04-06","2016-05-31","2016-06-06T20:35Z","2016-07-09T12:00Z","NEON.LTR.BART051813.20160531","NEON.LTR.BART051813.20160531.LVS","NEON.DOC.001710vE","Leaves",0.38,"N",NA,"/PQLg4xSyvY/C0l9NeCPJmfdKfB/PF5p"
"a69638b8-7d85-4c51-b790-6faff01e0f74","BART_051.basePlot.ltr","D01","BART","BART_051","BART_051_813","2016-06-09","2016-04-06","2016-05-31","2016-06-06T20:35Z","2016-07-09T12:00Z","NEON.LTR.BART051813.20160531","NEON.LTR.BART051813.20160531.WDY","NEON.DOC.001710vE","Woody material",0.46,"N",NA,"/PQLg4xSyvY/C0l9NeCPJmfdKfB/PF5p"
"66496b46-48e9-44e0-9f36-d2429417e491","BART_051.basePlot.ltr","D01","BART","BART_051","BART_051_813","2016-06-09","2016-04-06","2016-05-31","2016-06-06T20:35Z","2016-07-09T12:00Z","NEON.LTR.BART051813.20160531","NEON.LTR.BART051813.20160531.TWI","NEON.DOC.001710vE","Twigs/branches",0.41,"N",NA,"/PQLg4xSyvY/C0l9NeCPJmfdKfB/PF5p"
"b9ae98a7-cf8d-4b99-a2c9-c9b5340247ef","BART_051.basePlot.ltr","D01","BART","BART_051","BART_051_813","2016-06-09","2016-04-06","2016-05-31","2016-06-06T20:35Z","2016-07-09T12:00Z","NEON.LTR.BART051813.20160531","NEON.LTR.BART051813.20160531.OTH","NEON.DOC.001710vE","Other",1.68,"N",NA,"/PQLg4xSyvY/C0l9NeCPJmfdKfB/PF5p"
"58e4607e-12cd-46cf-b9f7-cdf033cc0e04","BART_051.basePlot.ltr","D01","BART","BART_051","BART_051_813","2016-06-09","2016-04-06","2016-05-31","2016-06-06T20:35Z","2016-07-09T12:00Z","NEON.LTR.BART051813.20160531","NEON.LTR.BART051813.20160531.SDS","NEON.DOC.001710vE","Seeds",0.38,"N",NA,"/PQLg4xSyvY/C0l9NeCPJmfdKfB/PF5p"
"bb13a18a-ad2f-4e37-89c8-996b0899896d","BART_051.basePlot.ltr","D01","BART","BART_051","BART_051_813","2016-06-09","2016-04-06","2016-05-31","2016-06-06T20:35Z","2016-07-09T12:00Z","NEON.LTR.BART051813.20160531","NEON.LTR.BART051813.20160531.FLR","NEON.DOC.001710vE","Flowers",0.02,"N",NA,"/PQLg4xSyvY/C0l9NeCPJmfdKfB/PF5p"
"892ca51a-54cd-4f20-bd72-dca487a049e6","BART_039.basePlot.ltr","D01","BART","BART_039","BART_039_930","2016-06-09","2016-04-06","2016-05-31","2016-06-06T20:35Z","2016-07-09T12:00Z","NEON.LTR.BART039930.20160531","NEON.LTR.BART039930.20160531.LVS","NEON.DOC.001710vE","Leaves",0.09,"Y",NA,"/PQLg4xSyvY/C0l9NeCPJmfdKfB/PF5p"
"05b58c64-1919-4948-a901-c67b73e2ff61","BART_039.basePlot.ltr","D01","BART","BART_039","BART_039_930","2016-06-09","2016-04-06","2016-05-31","2016-06-06T20:35Z","2016-07-09T12:00Z","NEON.LTR.BART039930.20160531","NEON.LTR.BART039930.20160531.FLR","NEON.DOC.001710vE","Flowers",0.32,"Y",NA,"/PQLg4xSyvY/C0l9NeCPJmfdKfB/PF5p"
"1a5722c9-e3fd-4376-89e5-bb6e43cc9034","BART_039.basePlot.ltr","D01","BART","BART_039","BART_039_930","2016-06-09","2016-04-06","2016-05-31","2016-06-06T20:35Z","2016-07-09T12:00Z","NEON.LTR.BART039930.20160531","NEON.LTR.BART039930.20160531.WDY","NEON.DOC.001710vE","Woody material",0.39,"N",NA,"/PQLg4xSyvY/C0l9NeCPJmfdKfB/PF5p"
"c3ff62fc-3d8b-4637-9714-6b698426ea94","BART_039.basePlot.ltr","D01","BART","BART_039","BART_039_930","2016-06-09","2016-04-06","2016-05-31","2016-06-06T20:35Z","2016-07-09T12:00Z","NEON.LTR.BART039930.20160531","NEON.LTR.BART039930.20160531.SDS","NEON.DOC.001710vE","Seeds",0.59,"N",NA,"/PQLg4xSyvY/C0l9NeCPJmfdKfB/PF5p"
"8f31dc57-fcec-4196-95f4-5c114b927fb1","BART_039.basePlot.ltr","D01","BART","BART_039","BART_039_930","2016-06-09","2016-04-06","2016-05-31","2016-06-06T20:35Z","2016-07-09T12:00Z","NEON.LTR.BART039930.20160531","NEON.LTR.BART039930.20160531.OTH","NEON.DOC.001710vE","Other",3.95,"N",NA,"/PQLg4xSyvY/C0l9NeCPJmfdKfB/PF5p"
"1ce53c5b-f887-462e-9839-8b38de52c219","BART_039.basePlot.ltr","D01","BART","BART_039","BART_039_930","2016-06-09","2016-04-06","2016-05-31","2016-06-06T20:35Z","2016-07-09T12:00Z","NEON.LTR.BART039930.20160531","NEON.LTR.BART039930.20160531.NDL","NEON.DOC.001710vE","Needles",0.81,"N",NA,"/PQLg4xSyvY/C0l9NeCPJmfdKfB/PF5p"
"0ac16c92-38e7-449b-a5ad-9515346e9819","BART_039.basePlot.ltr","D01","BART","BART_039","BART_039_930","2016-06-09","2016-04-06","2016-05-31","2016-06-06T20:35Z","2016-07-09T12:00Z","NEON.LTR.BART039930.20160531","NEON.LTR.BART039930.20160531.TWI","NEON.DOC.001710vE","Twigs/branches",1.5,"N",NA,"/PQLg4xSyvY/C0l9NeCPJmfdKfB/PF5p"
"a92c5b89-ea86-44ad-9a64-8d1c9d57274c","BART_041.basePlot.ltr","D01","BART","BART_041","BART_041_292","2016-06-09","2016-04-06","2016-05-31","2016-06-06T20:35Z","2016-07-09T12:00Z","NEON.LTR.BART041292.20160531","NEON.LTR.BART041292.20160531.FLR","NEON.DOC.001710vE","Flowers",2.4,"N",NA,"/PQLg4xSyvY/C0l9NeCPJmfdKfB/PF5p"
"d3c61dbe-fecd-4c91-be76-e1f3d9b79ce0","BART_041.basePlot.ltr","D01","BART","BART_041","BART_041_292","2016-06-09","2016-04-06","2016-05-31","2016-06-06T20:35Z","2016-07-09T12:00Z","NEON.LTR.BART041292.20160531","NEON.LTR.BART041292.20160531.OTH","NEON.DOC.001710vE","Other",4.39,"N",NA,"/PQLg4xSyvY/C0l9NeCPJmfdKfB/PF5p"
"7b5b7c90-64cd-499e-b696-6842fa84865e","BART_041.basePlot.ltr","D01","BART","BART_041","BART_041_292","2016-06-09","2016-04-06","2016-05-31","2016-06-06T20:35Z","2016-07-09T12:00Z","NEON.LTR.BART041292.20160531","NEON.LTR.BART041292.20160531.SDS","NEON.DOC.001710vE","Seeds",0.08,"N",NA,"/PQLg4xSyvY/C0l9NeCPJmfdKfB/PF5p"
"0619e9a3-17e0-4d59-a9ea-177873ded3b3","BART_041.basePlot.ltr","D01","BART","BART_041","BART_041_292","2016-06-09","2016-04-06","2016-05-31","2016-06-06T20:35Z","2016-07-09T12:00Z","NEON.LTR.BART041292.20160531","NEON.LTR.BART041292.20160531.NDL","NEON.DOC.001710vE","Needles",0.04,"N",NA,"/PQLg4xSyvY/C0l9NeCPJmfdKfB/PF5p"
"f268fa27-e912-498e-8f0d-5cf1ca244a85","BART_041.basePlot.ltr","D01","BART","BART_041","BART_041_292","2016-06-09","2016-04-06","2016-05-31","2016-06-06T20:35Z","2016-07-09T12:00Z","NEON.LTR.BART041292.20160531","NEON.LTR.BART041292.20160531.WDY","NEON.DOC.001710vE","Woody material",0.12,"N",NA,"/PQLg4xSyvY/C0l9NeCPJmfdKfB/PF5p"
"58c38f62-92e0-4f1b-854c-01dd02d0f649","BART_041.basePlot.ltr","D01","BART","BART_041","BART_041_292","2016-06-09","2016-04-06","2016-05-31","2016-06-06T20:35Z","2016-07-09T12:00Z","NEON.LTR.BART041292.20160531","NEON.LTR.BART041292.20160531.LVS","NEON.DOC.001710vE","Leaves",0.39,"N",NA,"/PQLg4xSyvY/C0l9NeCPJmfdKfB/PF5p"
"a7ffd08e-19ef-4b86-aac2-32d8f210ec80","BART_041.basePlot.ltr","D01","BART","BART_041","BART_041_292","2016-06-09","2016-04-06","2016-05-31","2016-06-06T20:35Z","2016-07-09T12:00Z","NEON.LTR.BART041292.20160531","NEON.LTR.BART041292.20160531.TWI","NEON.DOC.001710vE","Twigs/branches",0.23,"N",NA,"/PQLg4xSyvY/C0l9NeCPJmfdKfB/PF5p"
"de089bd5-3af0-47f7-b053-02eaa0a8c380","BART_075.basePlot.ltr","D01","BART","BART_075","BART_075_819","2016-06-09","2016-04-06","2016-05-31","2016-06-06T20:35Z","2016-07-09T12:00Z","NEON.LTR.BART075819.20160531","NEON.LTR.BART075819.20160531.SDS","NEON.DOC.001710vE","Seeds",0.13,"N",NA,"/PQLg4xSyvY/C0l9NeCPJmfdKfB/PF5p"
"a8a5bcb2-453e-4fd6-b282-3a2b37ec497f","BART_075.basePlot.ltr","D01","BART","BART_075","BART_075_819","2016-06-09","2016-04-06","2016-05-31","2016-06-06T20:35Z","2016-07-09T12:00Z","NEON.LTR.BART075819.20160531","NEON.LTR.BART075819.20160531.NDL","NEON.DOC.001710vE","Needles",0.13,"N",NA,"/PQLg4xSyvY/C0l9NeCPJmfdKfB/PF5p"
"8c15bc86-69cb-4df7-a3ee-d9f2f61927a2","BART_075.basePlot.ltr","D01","BART","BART_075","BART_075_819","2016-06-09","2016-04-06","2016-05-31","2016-06-06T20:35Z","2016-07-09T12:00Z","NEON.LTR.BART075819.20160531","NEON.LTR.BART075819.20160531.LVS","NEON.DOC.001710vE","Leaves",0.78,"N",NA,"/PQLg4xSyvY/C0l9NeCPJmfdKfB/PF5p"
"54312f30-2d5a-42bb-adf1-d2c252324009","BART_075.basePlot.ltr","D01","BART","BART_075","BART_075_819","2016-06-09","2016-04-06","2016-05-31","2016-06-06T20:35Z","2016-07-09T12:00Z","NEON.LTR.BART075819.20160531","NEON.LTR.BART075819.20160531.OTH","NEON.DOC.001710vE","Other",9.29,"N",NA,"/PQLg4xSyvY/C0l9NeCPJmfdKfB/PF5p"
"af83237e-531f-49e6-af5a-bedc4ab3efcc","BART_075.basePlot.ltr","D01","BART","BART_075","BART_075_819","2016-06-09","2016-04-06","2016-05-31","2016-06-06T20:35Z","2016-07-09T12:00Z","NEON.LTR.BART075819.20160531","NEON.LTR.BART075819.20160531.FLR","NEON.DOC.001710vE","Flowers",5.66,"N",NA,"/PQLg4xSyvY/C0l9NeCPJmfdKfB/PF5p"
"d9388f2c-3de4-461a-a012-8a6338af4391","BART_075.basePlot.ltr","D01","BART","BART_075","BART_075_819","2016-06-09","2016-04-06","2016-05-31","2016-06-06T20:35Z","2016-07-09T12:00Z","NEON.LTR.BART075819.20160531","NEON.LTR.BART075819.20160531.WDY","NEON.DOC.001710vE","Woody material",0.45,"N",NA,"/PQLg4xSyvY/C0l9NeCPJmfdKfB/PF5p"
"80e97e67-615f-4604-82d8-2c21c836eadf","BART_075.basePlot.ltr","D01","BART","BART_075","BART_075_819","2016-06-09","2016-04-06","2016-05-31","2016-06-06T20:35Z","2016-07-09T12:00Z","NEON.LTR.BART075819.20160531","NEON.LTR.BART075819.20160531.TWI","NEON.DOC.001710vE","Twigs/branches",4.4,"N",NA,"/PQLg4xSyvY/C0l9NeCPJmfdKfB/PF5p"
"8129c513-ecda-43ec-b0be-47b2bc5c75fc","BART_036.basePlot.ltr","D01","BART","BART_036","BART_036_925","2016-06-09","2016-04-06","2016-05-31","2016-06-06T20:35Z","2016-07-09T12:00Z","NEON.LTR.BART036925.20160531","NEON.LTR.BART036925.20160531.NDL","NEON.DOC.001710vE","Needles",0.07,"N",NA,"/PQLg4xSyvY/C0l9NeCPJmfdKfB/PF5p"
"5d10e56f-78f5-4882-8c59-2c72bda67307","BART_032.basePlot.ltr","D01","BART","BART_032","BART_032_662","2016-06-09","2016-04-06","2016-05-31","2016-06-06T20:35Z","2016-07-09T12:00Z","NEON.LTR.BART032662.20160531","NEON.LTR.BART032662.20160531.FLR","NEON.DOC.001710vE","Flowers",0.9,"N",NA,"/PQLg4xSyvY/C0l9NeCPJmfdKfB/PF5p"
"33613beb-9645-4b5c-aea1-d8681f440910","BART_032.basePlot.ltr","D01","BART","BART_032","BART_032_662","2016-06-09","2016-04-06","2016-05-31","2016-06-06T20:35Z","2016-07-09T12:00Z","NEON.LTR.BART032662.20160531","NEON.LTR.BART032662.20160531.NDL","NEON.DOC.001710vE","Needles",0.1,"N",NA,"/PQLg4xSyvY/C0l9NeCPJmfdKfB/PF5p"
"a855eecf-b60a-40bc-bbb2-beeba9d85c71","BART_036.basePlot.ltr","D01","BART","BART_036","BART_036_925","2016-06-09","2016-04-06","2016-05-31","2016-06-06T20:35Z","2016-07-09T12:00Z","NEON.LTR.BART036925.20160531","NEON.LTR.BART036925.20160531.LVS","NEON.DOC.001710vE","Leaves",0.93,"N",NA,"/PQLg4xSyvY/C0l9NeCPJmfdKfB/PF5p"
"7ca41cf1-efff-43ae-b8c1-22aad6d7d922","BART_032.basePlot.ltr","D01","BART","BART_032","BART_032_662","2016-06-09","2016-04-06","2016-05-31","2016-06-06T20:35Z","2016-07-09T12:00Z","NEON.LTR.BART032662.20160531","NEON.LTR.BART032662.20160531.LVS","NEON.DOC.001710vE","Leaves",0.76,"N",NA,"/PQLg4xSyvY/C0l9NeCPJmfdKfB/PF5p"
"c1c3b7f9-79d6-4802-a0c5-84f0ca05b2ff","BART_032.basePlot.ltr","D01","BART","BART_032","BART_032_662","2016-06-09","2016-04-06","2016-05-31","2016-06-06T20:35Z","2016-07-09T12:00Z","NEON.LTR.BART032662.20160531","NEON.LTR.BART032662.20160531.OTH","NEON.DOC.001710vE","Other",3.86,"N",NA,"/PQLg4xSyvY/C0l9NeCPJmfdKfB/PF5p"
"44313fa2-49a7-4c58-b2d1-7e8ba383921a","BART_032.basePlot.ltr","D01","BART","BART_032","BART_032_662","2016-06-09","2016-04-06","2016-05-31","2016-06-06T20:35Z","2016-07-09T12:00Z","NEON.LTR.BART032662.20160531","NEON.LTR.BART032662.20160531.TWI","NEON.DOC.001710vE","Twigs/branches",0.21,"N",NA,"/PQLg4xSyvY/C0l9NeCPJmfdKfB/PF5p"
"7a98df15-f4f0-47ee-ad3e-854e28c1fd51","BART_036.basePlot.ltr","D01","BART","BART_036","BART_036_925","2016-06-09","2016-04-06","2016-05-31","2016-06-06T20:35Z","2016-07-09T12:00Z","NEON.LTR.BART036925.20160531","NEON.LTR.BART036925.20160531.TWI","NEON.DOC.001710vE","Twigs/branches",0.8,"N",NA,"/PQLg4xSyvY/C0l9NeCPJmfdKfB/PF5p"
"5cf8e1d6-9b5c-486f-abc8-02aa82fdd299","BART_032.basePlot.ltr","D01","BART","BART_032","BART_032_662","2016-06-09","2016-04-06","2016-05-31","2016-06-06T20:35Z","2016-07-09T12:00Z","NEON.LTR.BART032662.20160531","NEON.LTR.BART032662.20160531.SDS","NEON.DOC.001710vE","Seeds",0.03,"N",NA,"/PQLg4xSyvY/C0l9NeCPJmfdKfB/PF5p"
"d46a3958-71d1-4ecc-8444-e33939ac3620","BART_036.basePlot.ltr","D01","BART","BART_036","BART_036_925","2016-06-09","2016-04-06","2016-05-31","2016-06-06T20:35Z","2016-07-09T12:00Z","NEON.LTR.BART036925.20160531","NEON.LTR.BART036925.20160531.FLR","NEON.DOC.001710vE","Flowers",0.24,"N",NA,"/PQLg4xSyvY/C0l9NeCPJmfdKfB/PF5p"
"af454cc2-f84b-4dde-8978-c1c0f384c413","BART_036.basePlot.ltr","D01","BART","BART_036","BART_036_925","2016-06-09","2016-04-06","2016-05-31","2016-06-06T20:35Z","2016-07-09T12:00Z","NEON.LTR.BART036925.20160531","NEON.LTR.BART036925.20160531.OTH","NEON.DOC.001710vE","Other",4.75,"N",NA,"/PQLg4xSyvY/C0l9NeCPJmfdKfB/PF5p"
"8e86e290-36bf-4c8f-a349-b11599333e80","BART_036.basePlot.ltr","D01","BART","BART_036","BART_036_925","2016-06-09","2016-04-06","2016-05-31","2016-06-06T20:35Z","2016-07-09T12:00Z","NEON.LTR.BART036925.20160531","NEON.LTR.BART036925.20160531.SDS","NEON.DOC.001710vE","Seeds",0.97,"N",NA,"/PQLg4xSyvY/C0l9NeCPJmfdKfB/PF5p"
"64de059c-24aa-473f-a52b-0d755390e690","BART_036.basePlot.ltr","D01","BART","BART_036","BART_036_925","2016-06-09","2016-04-06","2016-05-31","2016-06-06T20:35Z","2016-07-09T12:00Z","NEON.LTR.BART036925.20160531","NEON.LTR.BART036925.20160531.WDY","NEON.DOC.001710vE","Woody material",0.2,"N",NA,"/PQLg4xSyvY/C0l9NeCPJmfdKfB/PF5p"
"feabe7f9-7361-474b-a9dc-be332fa7cffe","BART_032.basePlot.ltr","D01","BART","BART_032","BART_032_662","2016-06-09","2016-04-06","2016-05-31","2016-06-06T20:35Z","2016-07-09T12:00Z","NEON.LTR.BART032662.20160531","NEON.LTR.BART032662.20160531.WDY","NEON.DOC.001710vE","Woody material",0.06,"N",NA,"/PQLg4xSyvY/C0l9NeCPJmfdKfB/PF5p"
"892c8344-169e-42bb-970e-bcd2d4b0f253","BART_074.basePlot.ltr","D01","BART","BART_074","BART_074_942","2016-06-09","2016-04-06","2016-05-31","2016-06-06T20:35Z","2016-07-09T12:00Z","NEON.LTR.BART074942.20160531","NEON.LTR.BART074942.20160531.TWI","NEON.DOC.001710vE","Twigs/branches",0.96,"N",NA,"/PQLg4xSyvY/C0l9NeCPJmfdKfB/PF5p"
"fb250df4-a674-4f90-a7b2-e2c933ba69c6","BART_074.basePlot.ltr","D01","BART","BART_074","BART_074_942","2016-06-09","2016-04-06","2016-05-31","2016-06-06T20:35Z","2016-07-09T12:00Z","NEON.LTR.BART074942.20160531","NEON.LTR.BART074942.20160531.NDL","NEON.DOC.001710vE","Needles",0.16,"N",NA,"/PQLg4xSyvY/C0l9NeCPJmfdKfB/PF5p"
"8f7c6d1b-ee27-40c4-b61f-a9be7ca9cb1b","BART_074.basePlot.ltr","D01","BART","BART_074","BART_074_942","2016-06-09","2016-04-06","2016-05-31","2016-06-06T20:35Z","2016-07-09T12:00Z","NEON.LTR.BART074942.20160531","NEON.LTR.BART074942.20160531.SDS","NEON.DOC.001710vE","Seeds",1.06,"Y",NA,"/PQLg4xSyvY/C0l9NeCPJmfdKfB/PF5p"
"48a43f6b-b3d3-49e2-b31a-7a3624d1d375","BART_074.basePlot.ltr","D01","BART","BART_074","BART_074_942","2016-06-09","2016-04-06","2016-05-31","2016-06-06T20:35Z","2016-07-09T12:00Z","NEON.LTR.BART074942.20160531","NEON.LTR.BART074942.20160531.LVS","NEON.DOC.001710vE","Leaves",0.85,"N",NA,"/PQLg4xSyvY/C0l9NeCPJmfdKfB/PF5p"
"de6a1a03-e0d3-4f64-b387-34dc09b7fda0","BART_074.basePlot.ltr","D01","BART","BART_074","BART_074_942","2016-06-09","2016-04-06","2016-05-31","2016-06-06T20:35Z","2016-07-09T12:00Z","NEON.LTR.BART074942.20160531","NEON.LTR.BART074942.20160531.OTH","NEON.DOC.001710vE","Other",6.28,"Y",NA,"/PQLg4xSyvY/C0l9NeCPJmfdKfB/PF5p"
"6b2bcd45-6e23-4513-a6b9-ce75620f02b6","BART_074.basePlot.ltr","D01","BART","BART_074","BART_074_942","2016-06-09","2016-04-06","2016-05-31","2016-06-06T20:35Z","2016-07-09T12:00Z","NEON.LTR.BART074942.20160531","NEON.LTR.BART074942.20160531.WDY","NEON.DOC.001710vE","Woody material",0.06,"N",NA,"/PQLg4xSyvY/C0l9NeCPJmfdKfB/PF5p"
"3b541fcc-babc-4748-adc5-298ad3862d23","BART_074.basePlot.ltr","D01","BART","BART_074","BART_074_942","2016-06-09","2016-04-06","2016-05-31","2016-06-06T20:35Z","2016-07-09T12:00Z","NEON.LTR.BART074942.20160531","NEON.LTR.BART074942.20160531.FLR","NEON.DOC.001710vE","Flowers",0.12,"N",NA,"/PQLg4xSyvY/C0l9NeCPJmfdKfB/PF5p"
"124a2964-a9cc-47d2-9f96-1ee0c543e0ae","BART_042.basePlot.ltr","D01","BART","BART_042","BART_042_587","2016-06-09","2016-04-06","2016-05-31","2016-06-06T20:35Z","2016-07-09T12:00Z","NEON.LTR.BART042587.20160531","NEON.LTR.BART042587.20160531.TWI","NEON.DOC.001710vE","Twigs/branches",0.73,"N",NA,"/PQLg4xSyvY/C0l9NeCPJmfdKfB/PF5p"
"a369c95d-2436-48bc-8488-0664e911b13d","BART_042.basePlot.ltr","D01","BART","BART_042","BART_042_587","2016-06-09","2016-04-06","2016-05-31","2016-06-06T20:35Z","2016-07-09T12:00Z","NEON.LTR.BART042587.20160531","NEON.LTR.BART042587.20160531.LVS","NEON.DOC.001710vE","Leaves",0.7,"N",NA,"/PQLg4xSyvY/C0l9NeCPJmfdKfB/PF5p"
"ed41bb16-7f6d-4bd6-aa0e-b28b43c9072e","BART_042.basePlot.ltr","D01","BART","BART_042","BART_042_587","2016-06-09","2016-04-06","2016-05-31","2016-06-06T20:35Z","2016-07-09T12:00Z","NEON.LTR.BART042587.20160531","NEON.LTR.BART042587.20160531.OTH","NEON.DOC.001710vE","Other",2.36,"N",NA,"/PQLg4xSyvY/C0l9NeCPJmfdKfB/PF5p"
"76571fda-953e-4c81-a92b-58f737558703","BART_042.basePlot.ltr","D01","BART","BART_042","BART_042_587","2016-06-09","2016-04-06","2016-05-31","2016-06-06T20:35Z","2016-07-09T12:00Z","NEON.LTR.BART042587.20160531","NEON.LTR.BART042587.20160531.FLR","NEON.DOC.001710vE","Flowers",0.26,"N",NA,"/PQLg4xSyvY/C0l9NeCPJmfdKfB/PF5p"
"2bcb8284-4740-4d07-8838-604c45a1badf","BART_042.basePlot.ltr","D01","BART","BART_042","BART_042_587","2016-06-09","2016-04-06","2016-05-31","2016-06-06T20:35Z","2016-07-09T12:00Z","NEON.LTR.BART042587.20160531","NEON.LTR.BART042587.20160531.SDS","NEON.DOC.001710vE","Seeds",0.01,"N",NA,"/PQLg4xSyvY/C0l9NeCPJmfdKfB/PF5p"
"46ba38f1-aae1-4431-9269-a661327b30b0","BART_042.basePlot.ltr","D01","BART","BART_042","BART_042_587","2016-06-09","2016-04-06","2016-05-31","2016-06-06T20:35Z","2016-07-09T12:00Z","NEON.LTR.BART042587.20160531","NEON.LTR.BART042587.20160531.NDL","NEON.DOC.001710vE","Needles",0.48,"N",NA,"/PQLg4xSyvY/C0l9NeCPJmfdKfB/PF5p"
"2d54e535-8223-42ec-822a-445fa60abc67","BART_042.basePlot.ltr","D01","BART","BART_042","BART_042_587","2016-06-09","2016-04-06","2016-05-31","2016-06-06T20:35Z","2016-07-09T12:00Z","NEON.LTR.BART042587.20160531","NEON.LTR.BART042587.20160531.WDY","NEON.DOC.001710vE","Woody material",0.24,"N",NA,"/PQLg4xSyvY/C0l9NeCPJmfdKfB/PF5p"
"65c8b044-ca45-49a9-aa78-69df9ae0218f","BART_070.basePlot.ltr","D01","BART","BART_070","BART_070_790","2016-06-09","2016-04-06","2016-05-31","2016-06-06T20:35Z","2016-07-09T12:00Z","NEON.LTR.BART070790.20160531","NEON.LTR.BART070790.20160531.WDY","NEON.DOC.001710vE","Woody material",1.22,"N",NA,"/PQLg4xSyvY/C0l9NeCPJmfdKfB/PF5p"
"0c8a32c1-de07-4dc1-996d-ae9eaae7281c","BART_070.basePlot.ltr","D01","BART","BART_070","BART_070_790","2016-06-09","2016-04-06","2016-05-31","2016-06-06T20:35Z","2016-07-09T12:00Z","NEON.LTR.BART070790.20160531","NEON.LTR.BART070790.20160531.TWI","NEON.DOC.001710vE","Twigs/branches",5.44,"N",NA,"/PQLg4xSyvY/C0l9NeCPJmfdKfB/PF5p"
"43b6f40e-b67f-4e71-b455-da2cb6c849ab","BART_070.basePlot.ltr","D01","BART","BART_070","BART_070_790","2016-06-09","2016-04-06","2016-05-31","2016-06-06T20:35Z","2016-07-09T12:00Z","NEON.LTR.BART070790.20160531","NEON.LTR.BART070790.20160531.FLR","NEON.DOC.001710vE","Flowers",0.38,"N",NA,"/PQLg4xSyvY/C0l9NeCPJmfdKfB/PF5p"
"6367717e-4068-4fc9-bdbd-62994d4e907f","BART_070.basePlot.ltr","D01","BART","BART_070","BART_070_790","2016-06-09","2016-04-06","2016-05-31","2016-06-06T20:35Z","2016-07-09T12:00Z","NEON.LTR.BART070790.20160531","NEON.LTR.BART070790.20160531.SDS","NEON.DOC.001710vE","Seeds",0.65,"N",NA,"/PQLg4xSyvY/C0l9NeCPJmfdKfB/PF5p"
"88837faa-e5fd-418a-9b21-9d98b62611ac","BART_070.basePlot.ltr","D01","BART","BART_070","BART_070_790","2016-06-09","2016-04-06","2016-05-31","2016-06-06T20:35Z","2016-07-09T12:00Z","NEON.LTR.BART070790.20160531","NEON.LTR.BART070790.20160531.OTH","NEON.DOC.001710vE","Other",2.97,"N",NA,"/PQLg4xSyvY/C0l9NeCPJmfdKfB/PF5p"
"0c30a5bc-2122-49e8-8449-ac682e43262b","BART_070.basePlot.ltr","D01","BART","BART_070","BART_070_790","2016-06-09","2016-04-06","2016-05-31","2016-06-06T20:35Z","2016-07-09T12:00Z","NEON.LTR.BART070790.20160531","NEON.LTR.BART070790.20160531.LVS","NEON.DOC.001710vE","Leaves",0.16,"N",NA,"/PQLg4xSyvY/C0l9NeCPJmfdKfB/PF5p"
"c07df7cb-0309-48a8-9abb-b280ee44dc34","BART_070.basePlot.ltr","D01","BART","BART_070","BART_070_790","2016-06-09","2016-04-06","2016-05-31","2016-06-06T20:35Z","2016-07-09T12:00Z","NEON.LTR.BART070790.20160531","NEON.LTR.BART070790.20160531.NDL","NEON.DOC.001710vE","Needles",0.45,"N",NA,"/PQLg4xSyvY/C0l9NeCPJmfdKfB/PF5p"
"835c3ebe-9e06-466f-a9b9-933562d2b1ff","BART_046.basePlot.ltr","D01","BART","BART_046","BART_046_687","2016-06-09","2016-04-06","2016-05-31","2016-06-06T20:35Z","2016-07-09T12:00Z","NEON.LTR.BART046687.20160531","NEON.LTR.BART046687.20160531.WDY","NEON.DOC.001710vE","Woody material",0,"N",NA,"/PQLg4xSyvY/C0l9NeCPJmfdKfB/PF5p"
"de1ac668-5536-4846-8f06-978fd45173bb","BART_046.basePlot.ltr","D01","BART","BART_046","BART_046_687","2016-06-09","2016-04-06","2016-05-31","2016-06-06T20:35Z","2016-07-09T12:00Z","NEON.LTR.BART046687.20160531","NEON.LTR.BART046687.20160531.FLR","NEON.DOC.001710vE","Flowers",1.64,"N",NA,"/PQLg4xSyvY/C0l9NeCPJmfdKfB/PF5p"
"b3d7aa3f-4338-45f0-bb1a-93bbad0c27af","BART_046.basePlot.ltr","D01","BART","BART_046","BART_046_687","2016-06-09","2016-04-06","2016-05-31","2016-06-06T20:35Z","2016-07-09T12:00Z","NEON.LTR.BART046687.20160531","NEON.LTR.BART046687.20160531.NDL","NEON.DOC.001710vE","Needles",0,"N",NA,"/PQLg4xSyvY/C0l9NeCPJmfdKfB/PF5p"
"5072c0a4-43c5-413b-b6a6-a3b804a8a6ea","BART_046.basePlot.ltr","D01","BART","BART_046","BART_046_687","2016-06-09","2016-04-06","2016-05-31","2016-06-06T20:35Z","2016-07-09T12:00Z","NEON.LTR.BART046687.20160531","NEON.LTR.BART046687.20160531.SDS","NEON.DOC.001710vE","Seeds",0.22,"N",NA,"/PQLg4xSyvY/C0l9NeCPJmfdKfB/PF5p"
"ec3573df-b19a-48f6-b1e9-3731b35491b1","BART_046.basePlot.ltr","D01","BART","BART_046","BART_046_687","2016-06-09","2016-04-06","2016-05-31","2016-06-06T20:35Z","2016-07-09T12:00Z","NEON.LTR.BART046687.20160531","NEON.LTR.BART046687.20160531.TWI","NEON.DOC.001710vE","Twigs/branches",0.21,"N",NA,"/PQLg4xSyvY/C0l9NeCPJmfdKfB/PF5p"
"adadc45c-276c-44af-b251-63186632fd1e","BART_046.basePlot.ltr","D01","BART","BART_046","BART_046_687","2016-06-09","2016-04-06","2016-05-31","2016-06-06T20:35Z","2016-07-09T12:00Z","NEON.LTR.BART046687.20160531","NEON.LTR.BART046687.20160531.OTH","NEON.DOC.001710vE","Other",4.86,"N",NA,"/PQLg4xSyvY/C0l9NeCPJmfdKfB/PF5p"
"d9c6ea29-61de-4983-ade4-5da09f618f03","BART_046.basePlot.ltr","D01","BART","BART_046","BART_046_687","2016-06-09","2016-04-06","2016-05-31","2016-06-06T20:35Z","2016-07-09T12:00Z","NEON.LTR.BART046687.20160531","NEON.LTR.BART046687.20160531.LVS","NEON.DOC.001710vE","Leaves",1.5,"N",NA,"/PQLg4xSyvY/C0l9NeCPJmfdKfB/PF5p"
"e6dcbb01-285c-4ca2-9241-c326f4786203","BART_040.basePlot.ltr","D01","BART","BART_040","BART_040_158","2016-06-09","2016-04-06","2016-05-31","2016-06-06T20:35Z","2016-07-09T12:00Z","NEON.LTR.BART040158.20160531","NEON.LTR.BART040158.20160531.OTH","NEON.DOC.001710vE","Other",4.63,"N",NA,"/PQLg4xSyvY/C0l9NeCPJmfdKfB/PF5p"
"81c8e9f6-a894-4c1c-b028-247b5e4318e9","BART_040.basePlot.ltr","D01","BART","BART_040","BART_040_158","2016-06-09","2016-04-06","2016-05-31","2016-06-06T20:35Z","2016-07-09T12:00Z","NEON.LTR.BART040158.20160531","NEON.LTR.BART040158.20160531.LVS","NEON.DOC.001710vE","Leaves",0.62,"N",NA,"/PQLg4xSyvY/C0l9NeCPJmfdKfB/PF5p"
"88fd1d73-8606-44e2-9019-43e45d465b4b","BART_040.basePlot.ltr","D01","BART","BART_040","BART_040_158","2016-06-09","2016-04-06","2016-05-31","2016-06-06T20:35Z","2016-07-09T12:00Z","NEON.LTR.BART040158.20160531","NEON.LTR.BART040158.20160531.FLR","NEON.DOC.001710vE","Flowers",0.63,"N",NA,"/PQLg4xSyvY/C0l9NeCPJmfdKfB/PF5p"
"0e78ad09-f1a0-49f5-8b94-955590ff1a77","BART_040.basePlot.ltr","D01","BART","BART_040","BART_040_158","2016-06-09","2016-04-06","2016-05-31","2016-06-06T20:35Z","2016-07-09T12:00Z","NEON.LTR.BART040158.20160531","NEON.LTR.BART040158.20160531.SDS","NEON.DOC.001710vE","Seeds",0.01,"N",NA,"/PQLg4xSyvY/C0l9NeCPJmfdKfB/PF5p"
"6e458725-102a-4d6a-b507-10a952dced00","BART_040.basePlot.ltr","D01","BART","BART_040","BART_040_158","2016-06-09","2016-04-06","2016-05-31","2016-06-06T20:35Z","2016-07-09T12:00Z","NEON.LTR.BART040158.20160531","NEON.LTR.BART040158.20160531.NDL","NEON.DOC.001710vE","Needles",0.005,"N",NA,"/PQLg4xSyvY/C0l9NeCPJmfdKfB/PF5p"
"28c5b409-3f5c-40ef-a288-7bca82dc53b3","BART_040.basePlot.ltr","D01","BART","BART_040","BART_040_158","2016-06-09","2016-04-06","2016-05-31","2016-06-06T20:35Z","2016-07-09T12:00Z","NEON.LTR.BART040158.20160531","NEON.LTR.BART040158.20160531.TWI","NEON.DOC.001710vE","Twigs/branches",0.3,"N",NA,"/PQLg4xSyvY/C0l9NeCPJmfdKfB/PF5p"
"38767662-5683-450c-b7cd-e0d4675a4b15","BART_040.basePlot.ltr","D01","BART","BART_040","BART_040_158","2016-06-09","2016-04-06","2016-05-31","2016-06-06T20:35Z","2016-07-09T12:00Z","NEON.LTR.BART040158.20160531","NEON.LTR.BART040158.20160531.WDY","NEON.DOC.001710vE","Woody material",0.17,"N",NA,"/PQLg4xSyvY/C0l9NeCPJmfdKfB/PF5p"
"5d7a9eda-cace-4233-a847-6976b0e2045e","BART_033.basePlot.ltr","D01","BART","BART_033","BART_033_453","2016-06-09","2016-04-06","2016-05-31","2016-06-06T20:35Z","2016-07-09T12:00Z","NEON.LTR.BART033453.20160531","NEON.LTR.BART033453.20160531.FLR","NEON.DOC.001710vE","Flowers",1.05,"N",NA,"/PQLg4xSyvY/C0l9NeCPJmfdKfB/PF5p"
"910681b1-b740-4a38-86e5-fab2a59148f5","BART_033.basePlot.ltr","D01","BART","BART_033","BART_033_453","2016-06-09","2016-04-06","2016-05-31","2016-06-06T20:35Z","2016-07-09T12:00Z","NEON.LTR.BART033453.20160531","NEON.LTR.BART033453.20160531.WDY","NEON.DOC.001710vE","Woody material",0,"N",NA,"/PQLg4xSyvY/C0l9NeCPJmfdKfB/PF5p"
"576e990e-7ae5-48c4-a909-8617d73770c2","BART_033.basePlot.ltr","D01","BART","BART_033","BART_033_453","2016-06-09","2016-04-06","2016-05-31","2016-06-06T20:35Z","2016-07-09T12:00Z","NEON.LTR.BART033453.20160531","NEON.LTR.BART033453.20160531.SDS","NEON.DOC.001710vE","Seeds",0.2,"N",NA,"/PQLg4xSyvY/C0l9NeCPJmfdKfB/PF5p"
"2c640a81-9a9d-4cc1-9ffc-5b5a70229609","BART_033.basePlot.ltr","D01","BART","BART_033","BART_033_453","2016-06-09","2016-04-06","2016-05-31","2016-06-06T20:35Z","2016-07-09T12:00Z","NEON.LTR.BART033453.20160531","NEON.LTR.BART033453.20160531.OTH","NEON.DOC.001710vE","Other",4.4,"N",NA,"/PQLg4xSyvY/C0l9NeCPJmfdKfB/PF5p"
"90d7a17a-d12d-4d26-b67c-f8db23f9467e","BART_033.basePlot.ltr","D01","BART","BART_033","BART_033_453","2016-06-09","2016-04-06","2016-05-31","2016-06-06T20:35Z","2016-07-09T12:00Z","NEON.LTR.BART033453.20160531","NEON.LTR.BART033453.20160531.NDL","NEON.DOC.001710vE","Needles",0.08,"N",NA,"/PQLg4xSyvY/C0l9NeCPJmfdKfB/PF5p"
"6e48d9ea-8c4b-4911-9ab9-cb8f1f297550","BART_033.basePlot.ltr","D01","BART","BART_033","BART_033_453","2016-06-09","2016-04-06","2016-05-31","2016-06-06T20:35Z","2016-07-09T12:00Z","NEON.LTR.BART033453.20160531","NEON.LTR.BART033453.20160531.LVS","NEON.DOC.001710vE","Leaves",1.41,"N",NA,"/PQLg4xSyvY/C0l9NeCPJmfdKfB/PF5p"
"f7ebf1cd-0e82-4f89-a913-2f7022e37db8","BART_033.basePlot.ltr","D01","BART","BART_033","BART_033_453","2016-06-09","2016-04-06","2016-05-31","2016-06-06T20:35Z","2016-07-09T12:00Z","NEON.LTR.BART033453.20160531","NEON.LTR.BART033453.20160531.TWI","NEON.DOC.001710vE","Twigs/branches",2.28,"Y",NA,"/PQLg4xSyvY/C0l9NeCPJmfdKfB/PF5p"
"b3fed8b5-6fa1-462f-a94a-0e982b72d435","BART_044.basePlot.ltr","D01","BART","BART_044","BART_044_531","2016-06-09","2016-04-06","2016-05-31","2016-06-06T20:35Z","2016-07-09T12:00Z","NEON.LTR.BART044531.20160531","NEON.LTR.BART044531.20160531.SDS","NEON.DOC.001710vE","Seeds",0.67,"N",NA,"/PQLg4xSyvY/C0l9NeCPJmfdKfB/PF5p"
"aeea1260-c857-4932-af10-d8406b97081d","BART_044.basePlot.ltr","D01","BART","BART_044","BART_044_531","2016-06-09","2016-04-06","2016-05-31","2016-06-06T20:35Z","2016-07-09T12:00Z","NEON.LTR.BART044531.20160531","NEON.LTR.BART044531.20160531.LVS","NEON.DOC.001710vE","Leaves",1.34,"N",NA,"/PQLg4xSyvY/C0l9NeCPJmfdKfB/PF5p"
"9baa7f83-2e21-48b9-8515-825f7b82eca4","BART_044.basePlot.ltr","D01","BART","BART_044","BART_044_531","2016-06-09","2016-04-06","2016-05-31","2016-06-06T20:35Z","2016-07-09T12:00Z","NEON.LTR.BART044531.20160531","NEON.LTR.BART044531.20160531.FLR","NEON.DOC.001710vE","Flowers",0.66,"N",NA,"/PQLg4xSyvY/C0l9NeCPJmfdKfB/PF5p"
"50b85f7a-c081-4f1d-b4ee-636a1296c38c","BART_044.basePlot.ltr","D01","BART","BART_044","BART_044_531","2016-06-09","2016-04-06","2016-05-31","2016-06-06T20:35Z","2016-07-09T12:00Z","NEON.LTR.BART044531.20160531","NEON.LTR.BART044531.20160531.WDY","NEON.DOC.001710vE","Woody material",2.11,"N",NA,"/PQLg4xSyvY/C0l9NeCPJmfdKfB/PF5p"
"3371b15c-aa17-4bef-bb99-60a545b838ad","BART_044.basePlot.ltr","D01","BART","BART_044","BART_044_531","2016-06-09","2016-04-06","2016-05-31","2016-06-06T20:35Z","2016-07-09T12:00Z","NEON.LTR.BART044531.20160531","NEON.LTR.BART044531.20160531.NDL","NEON.DOC.001710vE","Needles",0.04,"N",NA,"/PQLg4xSyvY/C0l9NeCPJmfdKfB/PF5p"
"5ed534cb-076d-4f45-b0c3-ca05d22cf371","BART_044.basePlot.ltr","D01","BART","BART_044","BART_044_531","2016-06-09","2016-04-06","2016-05-31","2016-06-06T20:35Z","2016-07-09T12:00Z","NEON.LTR.BART044531.20160531","NEON.LTR.BART044531.20160531.OTH","NEON.DOC.001710vE","Other",0.49,"N",NA,"/PQLg4xSyvY/C0l9NeCPJmfdKfB/PF5p"
"7eaf3843-1f2c-4237-8dfc-e8f659eeae3e","BART_044.basePlot.ltr","D01","BART","BART_044","BART_044_531","2016-06-09","2016-04-06","2016-05-31","2016-06-06T20:35Z","2016-07-09T12:00Z","NEON.LTR.BART044531.20160531","NEON.LTR.BART044531.20160531.TWI","NEON.DOC.001710vE","Twigs/branches",0.17,"N",NA,"/PQLg4xSyvY/C0l9NeCPJmfdKfB/PF5p"
"5e7d52fb-c729-416f-bfbe-a5998a509e82","BART_034.basePlot.ltr","D01","BART","BART_034","BART_034_531","2016-06-09","2016-04-06","2016-05-31","2016-06-06T20:35Z","2016-07-09T12:00Z","NEON.LTR.BART034531.20160531","NEON.LTR.BART034531.20160531.LVS","NEON.DOC.001710vE","Leaves",0.24,"N",NA,"/PQLg4xSyvY/C0l9NeCPJmfdKfB/PF5p"
"f2499055-3110-4f98-a802-4699c60084ae","BART_034.basePlot.ltr","D01","BART","BART_034","BART_034_531","2016-06-09","2016-04-06","2016-05-31","2016-06-06T20:35Z","2016-07-09T12:00Z","NEON.LTR.BART034531.20160531","NEON.LTR.BART034531.20160531.OTH","NEON.DOC.001710vE","Other",4.77,"N",NA,"/PQLg4xSyvY/C0l9NeCPJmfdKfB/PF5p"
"d9a30f6c-7609-4d22-a1a7-13772570113f","BART_034.basePlot.ltr","D01","BART","BART_034","BART_034_531","2016-06-09","2016-04-06","2016-05-31","2016-06-06T20:35Z","2016-07-09T12:00Z","NEON.LTR.BART034531.20160531","NEON.LTR.BART034531.20160531.NDL","NEON.DOC.001710vE","Needles",0.34,"N",NA,"/PQLg4xSyvY/C0l9NeCPJmfdKfB/PF5p"
"a7bda5cb-ffaa-44bd-a5c8-7dc508afac11","BART_034.basePlot.ltr","D01","BART","BART_034","BART_034_531","2016-06-09","2016-04-06","2016-05-31","2016-06-06T20:35Z","2016-07-09T12:00Z","NEON.LTR.BART034531.20160531","NEON.LTR.BART034531.20160531.WDY","NEON.DOC.001710vE","Woody material",0.49,"N",NA,"/PQLg4xSyvY/C0l9NeCPJmfdKfB/PF5p"
"667915a1-259b-4a73-9f91-570ce3164378","BART_034.basePlot.ltr","D01","BART","BART_034","BART_034_531","2016-06-09","2016-04-06","2016-05-31","2016-06-06T20:35Z","2016-07-09T12:00Z","NEON.LTR.BART034531.20160531","NEON.LTR.BART034531.20160531.SDS","NEON.DOC.001710vE","Seeds",0.005,"N",NA,"/PQLg4xSyvY/C0l9NeCPJmfdKfB/PF5p"
"1b7ff79f-d79d-4ce7-b69c-156c6bc8846a","BART_034.basePlot.ltr","D01","BART","BART_034","BART_034_531","2016-06-09","2016-04-06","2016-05-31","2016-06-06T20:35Z","2016-07-09T12:00Z","NEON.LTR.BART034531.20160531","NEON.LTR.BART034531.20160531.TWI","NEON.DOC.001710vE","Twigs/branches",0.42,"N",NA,"/PQLg4xSyvY/C0l9NeCPJmfdKfB/PF5p"
"1f0c8b9f-666e-4698-9314-498a662c43e7","BART_034.basePlot.ltr","D01","BART","BART_034","BART_034_531","2016-06-09","2016-04-06","2016-05-31","2016-06-06T20:35Z","2016-07-09T12:00Z","NEON.LTR.BART034531.20160531","NEON.LTR.BART034531.20160531.FLR","NEON.DOC.001710vE","Flowers",5.42,"N",NA,"/PQLg4xSyvY/C0l9NeCPJmfdKfB/PF5p"
"6f29447e-825c-42c1-950f-72fb564dba29","BART_073.basePlot.ltr","D01","BART","BART_073","BART_073_409","2016-06-09","2016-04-06","2016-05-31","2016-06-06T20:35Z","2016-07-09T12:00Z","NEON.LTR.BART073409.20160531","NEON.LTR.BART073409.20160531.TWI","NEON.DOC.001710vE","Twigs/branches",4.29,"N",NA,"/PQLg4xSyvY/C0l9NeCPJmfdKfB/PF5p"
"ad69c202-a938-4092-84f6-0eb25a818711","BART_073.basePlot.ltr","D01","BART","BART_073","BART_073_409","2016-06-09","2016-04-06","2016-05-31","2016-06-06T20:35Z","2016-07-09T12:00Z","NEON.LTR.BART073409.20160531","NEON.LTR.BART073409.20160531.NDL","NEON.DOC.001710vE","Needles",0.16,"N",NA,"/PQLg4xSyvY/C0l9NeCPJmfdKfB/PF5p"
"5b001b9c-d814-44a2-a814-8504b8c4be77","BART_073.basePlot.ltr","D01","BART","BART_073","BART_073_409","2016-06-09","2016-04-06","2016-05-31","2016-06-06T20:35Z","2016-07-09T12:00Z","NEON.LTR.BART073409.20160531","NEON.LTR.BART073409.20160531.WDY","NEON.DOC.001710vE","Woody material",0.73,"N",NA,"/PQLg4xSyvY/C0l9NeCPJmfdKfB/PF5p"
"e63cf2e2-2fb8-4e7c-a15a-314fa2172f43","BART_073.basePlot.ltr","D01","BART","BART_073","BART_073_409","2016-06-09","2016-04-06","2016-05-31","2016-06-06T20:35Z","2016-07-09T12:00Z","NEON.LTR.BART073409.20160531","NEON.LTR.BART073409.20160531.SDS","NEON.DOC.001710vE","Seeds",0.09,"N",NA,"/PQLg4xSyvY/C0l9NeCPJmfdKfB/PF5p"
"99672d47-8d77-405a-b285-cc8fcf9aadad","BART_073.basePlot.ltr","D01","BART","BART_073","BART_073_409","2016-06-09","2016-04-06","2016-05-31","2016-06-06T20:35Z","2016-07-09T12:00Z","NEON.LTR.BART073409.20160531","NEON.LTR.BART073409.20160531.LVS","NEON.DOC.001710vE","Leaves",0.69,"N",NA,"/PQLg4xSyvY/C0l9NeCPJmfdKfB/PF5p"
"ef51fec0-6769-45d1-b1c7-0d5a1163b914","BART_073.basePlot.ltr","D01","BART","BART_073","BART_073_409","2016-06-09","2016-04-06","2016-05-31","2016-06-06T20:35Z","2016-07-09T12:00Z","NEON.LTR.BART073409.20160531","NEON.LTR.BART073409.20160531.FLR","NEON.DOC.001710vE","Flowers",1.65,"N",NA,"/PQLg4xSyvY/C0l9NeCPJmfdKfB/PF5p"
"bfe871b0-dbbe-47e4-b76f-143172d942b3","BART_073.basePlot.ltr","D01","BART","BART_073","BART_073_409","2016-06-09","2016-04-06","2016-05-31","2016-06-06T20:35Z","2016-07-09T12:00Z","NEON.LTR.BART073409.20160531","NEON.LTR.BART073409.20160531.OTH","NEON.DOC.001710vE","Other",5.47,"N",NA,"/PQLg4xSyvY/C0l9NeCPJmfdKfB/PF5p"
"9ca556e9-2a5d-4ff5-a132-6cceebe8bf18","BART_072.basePlot.ltr","D01","BART","BART_072","BART_072_567","2016-06-09","2016-04-06","2016-05-31","2016-06-06T20:35Z","2016-07-09T12:00Z","NEON.LTR.BART072567.20160531","NEON.LTR.BART072567.20160531.LVS","NEON.DOC.001710vE","Leaves",0.58,"N",NA,"/PQLg4xSyvY/C0l9NeCPJmfdKfB/PF5p"
"ddb3b2fa-41aa-4001-92cc-d5f6605ac49d","BART_072.basePlot.ltr","D01","BART","BART_072","BART_072_567","2016-06-09","2016-04-06","2016-05-31","2016-06-06T20:35Z","2016-07-09T12:00Z","NEON.LTR.BART072567.20160531","NEON.LTR.BART072567.20160531.SDS","NEON.DOC.001710vE","Seeds",0.08,"N",NA,"/PQLg4xSyvY/C0l9NeCPJmfdKfB/PF5p"
"65792b13-2469-400d-8b80-2664d5bff651","BART_072.basePlot.ltr","D01","BART","BART_072","BART_072_567","2016-06-09","2016-04-06","2016-05-31","2016-06-06T20:35Z","2016-07-09T12:00Z","NEON.LTR.BART072567.20160531","NEON.LTR.BART072567.20160531.FLR","NEON.DOC.001710vE","Flowers",0.76,"N",NA,"/PQLg4xSyvY/C0l9NeCPJmfdKfB/PF5p"
"f987e96b-564b-410b-8c40-727604c86f50","BART_072.basePlot.ltr","D01","BART","BART_072","BART_072_567","2016-06-09","2016-04-06","2016-05-31","2016-06-06T20:35Z","2016-07-09T12:00Z","NEON.LTR.BART072567.20160531","NEON.LTR.BART072567.20160531.OTH","NEON.DOC.001710vE","Other",4.08,"N",NA,"/PQLg4xSyvY/C0l9NeCPJmfdKfB/PF5p"
"0e7d907d-0cc0-42f7-a17f-d7da3a780591","BART_072.basePlot.ltr","D01","BART","BART_072","BART_072_567","2016-06-09","2016-04-06","2016-05-31","2016-06-06T20:35Z","2016-07-09T12:00Z","NEON.LTR.BART072567.20160531","NEON.LTR.BART072567.20160531.TWI","NEON.DOC.001710vE","Twigs/branches",1.03,"N",NA,"/PQLg4xSyvY/C0l9NeCPJmfdKfB/PF5p"
"f5967bda-51b3-4fa0-b1dd-9616b8722e43","BART_072.basePlot.ltr","D01","BART","BART_072","BART_072_567","2016-06-09","2016-04-06","2016-05-31","2016-06-06T20:35Z","2016-07-09T12:00Z","NEON.LTR.BART072567.20160531","NEON.LTR.BART072567.20160531.WDY","NEON.DOC.001710vE","Woody material",2.78,"N",NA,"/PQLg4xSyvY/C0l9NeCPJmfdKfB/PF5p"
"a91bdf99-e9bc-49eb-bdbd-2d7f629a9212","BART_072.basePlot.ltr","D01","BART","BART_072","BART_072_567","2016-06-09","2016-04-06","2016-05-31","2016-06-06T20:35Z","2016-07-09T12:00Z","NEON.LTR.BART072567.20160531","NEON.LTR.BART072567.20160531.NDL","NEON.DOC.001710vE","Needles",0.2,"N",NA,"/PQLg4xSyvY/C0l9NeCPJmfdKfB/PF5p"
"904fa6f5-d2a5-4319-8363-2117f7acf0c9","BART_073.basePlot.ltr","D01","BART","BART_073","BART_073_539","2016-06-09","2016-04-06","2016-05-31","2016-06-06T20:35Z","2016-07-09T12:00Z","NEON.LTR.BART073539.20160531","NEON.LTR.BART073539.20160531.NDL","NEON.DOC.001710vE","Needles",0.31,"N",NA,"/PQLg4xSyvY/C0l9NeCPJmfdKfB/PF5p"
"6a13df57-a249-4b19-9abe-082ac0bf4a8e","BART_073.basePlot.ltr","D01","BART","BART_073","BART_073_539","2016-06-09","2016-04-06","2016-05-31","2016-06-06T20:35Z","2016-07-09T12:00Z","NEON.LTR.BART073539.20160531","NEON.LTR.BART073539.20160531.SDS","NEON.DOC.001710vE","Seeds",0.02,"N",NA,"/PQLg4xSyvY/C0l9NeCPJmfdKfB/PF5p"
"942028da-764b-43cf-a384-ba44847ec7d2","BART_073.basePlot.ltr","D01","BART","BART_073","BART_073_539","2016-06-09","2016-04-06","2016-05-31","2016-06-06T20:35Z","2016-07-09T12:00Z","NEON.LTR.BART073539.20160531","NEON.LTR.BART073539.20160531.TWI","NEON.DOC.001710vE","Twigs/branches",0.06,"N",NA,"/PQLg4xSyvY/C0l9NeCPJmfdKfB/PF5p"
"8c7cd53a-705f-45a9-99c8-cc773981f4ff","BART_073.basePlot.ltr","D01","BART","BART_073","BART_073_539","2016-06-09","2016-04-06","2016-05-31","2016-06-06T20:35Z","2016-07-09T12:00Z","NEON.LTR.BART073539.20160531","NEON.LTR.BART073539.20160531.OTH","NEON.DOC.001710vE","Other",4.11,"N",NA,"/PQLg4xSyvY/C0l9NeCPJmfdKfB/PF5p"
"ddfeb540-0be1-42dd-8879-8c2a8ceffe79","BART_073.basePlot.ltr","D01","BART","BART_073","BART_073_539","2016-06-09","2016-04-06","2016-05-31","2016-06-06T20:35Z","2016-07-09T12:00Z","NEON.LTR.BART073539.20160531","NEON.LTR.BART073539.20160531.LVS","NEON.DOC.001710vE","Leaves",0.42,"N",NA,"/PQLg4xSyvY/C0l9NeCPJmfdKfB/PF5p"
"ecbce739-1df6-409f-b1e5-6f4a424adb38","BART_073.basePlot.ltr","D01","BART","BART_073","BART_073_539","2016-06-09","2016-04-06","2016-05-31","2016-06-06T20:35Z","2016-07-09T12:00Z","NEON.LTR.BART073539.20160531","NEON.LTR.BART073539.20160531.WDY","NEON.DOC.001710vE","Woody material",0.005,"N",NA,"/PQLg4xSyvY/C0l9NeCPJmfdKfB/PF5p"
"62547cb7-0f87-4a43-a2ac-140d04f8cb54","BART_073.basePlot.ltr","D01","BART","BART_073","BART_073_539","2016-06-09","2016-04-06","2016-05-31","2016-06-06T20:35Z","2016-07-09T12:00Z","NEON.LTR.BART073539.20160531","NEON.LTR.BART073539.20160531.FLR","NEON.DOC.001710vE","Flowers",2.75,"N",NA,"/PQLg4xSyvY/C0l9NeCPJmfdKfB/PF5p"
"c632e56a-c743-4690-bef2-0a60e7c521cf","BART_037.basePlot.ltr","D01","BART","BART_037","BART_037_884","2016-06-09","2016-05-20","2016-05-31","2016-06-06T20:35Z","2016-07-09T12:00Z","NEON.LTR.BART037884.20160531","NEON.LTR.BART037884.20160531.OTH","NEON.DOC.001710vE","Other",1.26,"N",NA,"/PQLg4xSyvY/C0l9NeCPJmfdKfB/PF5p"
"03e46c8d-09be-4d24-9d57-8176daf8eee6","BART_037.basePlot.ltr","D01","BART","BART_037","BART_037_884","2016-06-09","2016-05-20","2016-05-31","2016-06-06T20:35Z","2016-07-09T12:00Z","NEON.LTR.BART037884.20160531","NEON.LTR.BART037884.20160531.WDY","NEON.DOC.001710vE","Woody material",0.005,"N",NA,"/PQLg4xSyvY/C0l9NeCPJmfdKfB/PF5p"
"d7de1105-019f-4700-af9f-1f0d39c54538","BART_037.basePlot.ltr","D01","BART","BART_037","BART_037_884","2016-06-09","2016-05-20","2016-05-31","2016-06-06T20:35Z","2016-07-09T12:00Z","NEON.LTR.BART037884.20160531","NEON.LTR.BART037884.20160531.SDS","NEON.DOC.001710vE","Seeds",0.54,"N",NA,"/PQLg4xSyvY/C0l9NeCPJmfdKfB/PF5p"
"a4abc4e1-ca49-4bc7-89df-024dc5105023","BART_037.basePlot.ltr","D01","BART","BART_037","BART_037_884","2016-06-09","2016-05-20","2016-05-31","2016-06-06T20:35Z","2016-07-09T12:00Z","NEON.LTR.BART037884.20160531","NEON.LTR.BART037884.20160531.TWI","NEON.DOC.001710vE","Twigs/branches",0,"N",NA,"/PQLg4xSyvY/C0l9NeCPJmfdKfB/PF5p"
"46c0057a-cae1-4713-84e1-c589312dd2ca","BART_037.basePlot.ltr","D01","BART","BART_037","BART_037_884","2016-06-09","2016-05-20","2016-05-31","2016-06-06T20:35Z","2016-07-09T12:00Z","NEON.LTR.BART037884.20160531","NEON.LTR.BART037884.20160531.FLR","NEON.DOC.001710vE","Flowers",0.39,"N",NA,"/PQLg4xSyvY/C0l9NeCPJmfdKfB/PF5p"
"2613d2b9-fdf8-44a2-b3b3-ccf15fb8fb86","BART_037.basePlot.ltr","D01","BART","BART_037","BART_037_884","2016-06-09","2016-05-20","2016-05-31","2016-06-06T20:35Z","2016-07-09T12:00Z","NEON.LTR.BART037884.20160531","NEON.LTR.BART037884.20160531.NDL","NEON.DOC.001710vE","Needles",0,"N",NA,"/PQLg4xSyvY/C0l9NeCPJmfdKfB/PF5p"
"cf6b0771-0c47-4304-a40a-5ec3b7003052","BART_037.basePlot.ltr","D01","BART","BART_037","BART_037_158","2016-06-09","2016-05-20","2016-05-31","2016-06-06T20:35Z","2016-07-09T12:00Z","NEON.LTR.BART037158.20160531","NEON.LTR.BART037158.20160531.OTH","NEON.DOC.001710vE","Other",1.02,"N",NA,"/PQLg4xSyvY/C0l9NeCPJmfdKfB/PF5p"
"d0b4f7fe-9b49-4563-bed7-8628d97b9a81","BART_037.basePlot.ltr","D01","BART","BART_037","BART_037_158","2016-06-09","2016-05-20","2016-05-31","2016-06-06T20:35Z","2016-07-09T12:00Z","NEON.LTR.BART037158.20160531","NEON.LTR.BART037158.20160531.WDY","NEON.DOC.001710vE","Woody material",0.005,"N",NA,"/PQLg4xSyvY/C0l9NeCPJmfdKfB/PF5p"
"9b169aea-a484-4046-ab7c-b08857b59233","BART_037.basePlot.ltr","D01","BART","BART_037","BART_037_158","2016-06-09","2016-05-20","2016-05-31","2016-06-06T20:35Z","2016-07-09T12:00Z","NEON.LTR.BART037158.20160531","NEON.LTR.BART037158.20160531.SDS","NEON.DOC.001710vE","Seeds",0.04,"N",NA,"/PQLg4xSyvY/C0l9NeCPJmfdKfB/PF5p"
"82e786fd-aed4-43b6-828c-67f886758551","BART_037.basePlot.ltr","D01","BART","BART_037","BART_037_158","2016-06-09","2016-05-20","2016-05-31","2016-06-06T20:35Z","2016-07-09T12:00Z","NEON.LTR.BART037158.20160531","NEON.LTR.BART037158.20160531.FLR","NEON.DOC.001710vE","Flowers",0.005,"N",NA,"/PQLg4xSyvY/C0l9NeCPJmfdKfB/PF5p"
"a23d660e-c117-48ea-aefe-258e695920e5","BART_037.basePlot.ltr","D01","BART","BART_037","BART_037_158","2016-06-09","2016-05-20","2016-05-31","2016-06-06T20:35Z","2016-07-09T12:00Z","NEON.LTR.BART037158.20160531","NEON.LTR.BART037158.20160531.TWI","NEON.DOC.001710vE","Twigs/branches",0.01,"N",NA,"/PQLg4xSyvY/C0l9NeCPJmfdKfB/PF5p"
"8d025d95-cb96-4349-b1f5-6e74f822666f","BART_037.basePlot.ltr","D01","BART","BART_037","BART_037_158","2016-06-09","2016-05-20","2016-05-31","2016-06-06T20:35Z","2016-07-09T12:00Z","NEON.LTR.BART037158.20160531","NEON.LTR.BART037158.20160531.LVS","NEON.DOC.001710vE","Leaves",0.25,"N",NA,"/PQLg4xSyvY/C0l9NeCPJmfdKfB/PF5p"
"14556d78-87cd-4e1a-9b10-dd3543cc3d0d","BART_037.basePlot.ltr","D01","BART","BART_037","BART_037_158","2016-06-09","2016-05-20","2016-05-31","2016-06-06T20:35Z","2016-07-09T12:00Z","NEON.LTR.BART037158.20160531","NEON.LTR.BART037158.20160531.NDL","NEON.DOC.001710vE","Needles",0.005,"N",NA,"/PQLg4xSyvY/C0l9NeCPJmfdKfB/PF5p"
"36f207b1-d29a-4101-81a4-bbab10ccd52d","BART_037.basePlot.ltr","D01","BART","BART_037","BART_037_884","2016-06-09","2016-05-20","2016-05-31","2016-06-06T20:35Z","2016-07-09T12:00Z","NEON.LTR.BART037884.20160531","NEON.LTR.BART037884.20160531.LVS","NEON.DOC.001710vE","Leaves",0.21,"N",NA,"/PQLg4xSyvY/C0l9NeCPJmfdKfB/PF5p"
"4f2fdebb-f3b2-4326-a062-e5dff78be7f9","BART_034.basePlot.ltr","D01","BART","BART_034","BART_034_261","2016-06-07","2015-05-19","2016-06-01","2016-06-02T13:30Z","2016-07-07T11:30Z","NEON.LTR.BART034261.20160601","NEON.LTR.BART034261.20160601.MXT","NEON.DOC.001710vE","Mixed",0,"N",NA,"b2sefMLliJCkO7SpvYfxceoIH8TeWR8d"
"8d5e737c-556b-44c0-a710-9b6d697af6a6","BART_034.basePlot.ltr","D01","BART","BART_034","BART_034_261","2016-06-07","2015-05-19","2016-06-01","2016-06-02T13:30Z","2016-07-07T11:30Z","NEON.LTR.BART034261.20160601","NEON.LTR.BART034261.20160601.TWI","NEON.DOC.001710vE","Twigs/branches",200.4,"N",NA,"b2sefMLliJCkO7SpvYfxceoIH8TeWR8d"
"d1b4bd17-cdf8-4554-8f32-83e46f5aebff","BART_034.basePlot.ltr","D01","BART","BART_034","BART_034_261","2016-06-07","2015-05-19","2016-06-01","2016-06-02T13:30Z","2016-07-07T11:30Z","NEON.LTR.BART034261.20160601","NEON.LTR.BART034261.20160601.LVS","NEON.DOC.001710vE","Leaves",0,"N",NA,"b2sefMLliJCkO7SpvYfxceoIH8TeWR8d"
"01665301-5df1-400f-a07a-210937262487","BART_033.basePlot.ltr","D01","BART","BART_033","BART_033_771","2016-06-07","2015-05-19","2016-06-01","2016-06-02T13:30Z","2016-07-07T11:30Z","NEON.LTR.BART033771.20160601","NEON.LTR.BART033771.20160601.TWI","NEON.DOC.001710vE","Twigs/branches",19.33,"N",NA,"b2sefMLliJCkO7SpvYfxceoIH8TeWR8d"
"0b966fbc-8865-4124-b917-7a3c572907fd","BART_033.basePlot.ltr","D01","BART","BART_033","BART_033_771","2016-06-07","2015-05-19","2016-06-01","2016-06-02T13:30Z","2016-07-07T11:30Z","NEON.LTR.BART033771.20160601","NEON.LTR.BART033771.20160601.LVS","NEON.DOC.001710vE","Leaves",0,"N",NA,"b2sefMLliJCkO7SpvYfxceoIH8TeWR8d"
"28971053-bf5c-44aa-a15f-26472b41cd1f","BART_033.basePlot.ltr","D01","BART","BART_033","BART_033_771","2016-06-07","2015-05-19","2016-06-01","2016-06-02T13:30Z","2016-07-07T11:30Z","NEON.LTR.BART033771.20160601","NEON.LTR.BART033771.20160601.MXT","NEON.DOC.001710vE","Mixed",0,"N",NA,"b2sefMLliJCkO7SpvYfxceoIH8TeWR8d"
"4fc7a250-ebfe-43b2-b9d5-bbabe975815e","BART_033.basePlot.ltr","D01","BART","BART_033","BART_033_276","2016-06-07","2015-05-19","2016-06-01","2016-06-02T13:30Z","2016-07-07T11:30Z","NEON.LTR.BART033276.20160601","NEON.LTR.BART033276.20160601.TWI","NEON.DOC.001710vE","Twigs/branches",107.92,"N",NA,"b2sefMLliJCkO7SpvYfxceoIH8TeWR8d"
"3baaef80-6b64-439c-a943-8cd4e5b6a0a2","BART_033.basePlot.ltr","D01","BART","BART_033","BART_033_276","2016-06-07","2015-05-19","2016-06-01","2016-06-02T13:30Z","2016-07-07T11:30Z","NEON.LTR.BART033276.20160601","NEON.LTR.BART033276.20160601.MXT","NEON.DOC.001710vE","Mixed",0,"N",NA,"b2sefMLliJCkO7SpvYfxceoIH8TeWR8d"
"5ac119b5-3a32-4f6d-a9b4-24cb75a95b40","BART_033.basePlot.ltr","D01","BART","BART_033","BART_033_276","2016-06-07","2015-05-19","2016-06-01","2016-06-02T13:30Z","2016-07-07T11:30Z","NEON.LTR.BART033276.20160601","NEON.LTR.BART033276.20160601.LVS","NEON.DOC.001710vE","Leaves",0,"N",NA,"b2sefMLliJCkO7SpvYfxceoIH8TeWR8d"
"85a59941-7b1d-4e47-89fe-b068404aee37","BART_034.basePlot.ltr","D01","BART","BART_034","BART_034_689","2016-06-07","2015-05-19","2016-06-01","2016-06-02T13:30Z","2016-07-07T11:30Z","NEON.LTR.BART034689.20160601","NEON.LTR.BART034689.20160601.MXT","NEON.DOC.001710vE","Mixed",0,"N",NA,"b2sefMLliJCkO7SpvYfxceoIH8TeWR8d"
"23e152ef-5481-4cde-828c-d0050a69e440","BART_034.basePlot.ltr","D01","BART","BART_034","BART_034_689","2016-06-07","2015-05-19","2016-06-01","2016-06-02T13:30Z","2016-07-07T11:30Z","NEON.LTR.BART034689.20160601","NEON.LTR.BART034689.20160601.LVS","NEON.DOC.001710vE","Leaves",0,"N",NA,"b2sefMLliJCkO7SpvYfxceoIH8TeWR8d"
"87d7adf2-7e3e-4de3-a2cd-b45e614d5dea","BART_034.basePlot.ltr","D01","BART","BART_034","BART_034_689","2016-06-07","2015-05-19","2016-06-01","2016-06-02T13:30Z","2016-07-07T11:30Z","NEON.LTR.BART034689.20160601","NEON.LTR.BART034689.20160601.TWI","NEON.DOC.001710vE","Twigs/branches",77.28,"Y",NA,"b2sefMLliJCkO7SpvYfxceoIH8TeWR8d"
"cd6d715c-acb1-4253-baf2-a8e56c40fb0e","BART_046.basePlot.ltr","D01","BART","BART_046","BART_046_881","2016-06-07","2015-05-20","2016-06-01","2016-06-02T13:30Z","2016-07-07T11:30Z","NEON.LTR.BART046881.20160601","NEON.LTR.BART046881.20160601.TWI","NEON.DOC.001710vE","Twigs/branches",66.71,"N",NA,"b2sefMLliJCkO7SpvYfxceoIH8TeWR8d"
"04829dab-ccfe-40af-96ce-92fb3092998e","BART_046.basePlot.ltr","D01","BART","BART_046","BART_046_881","2016-06-07","2015-05-20","2016-06-01","2016-06-02T13:30Z","2016-07-07T11:30Z","NEON.LTR.BART046881.20160601","NEON.LTR.BART046881.20160601.LVS","NEON.DOC.001710vE","Leaves",0,"N",NA,"b2sefMLliJCkO7SpvYfxceoIH8TeWR8d"
"aff7e392-df4b-451f-ae9f-929dd94fab61","BART_046.basePlot.ltr","D01","BART","BART_046","BART_046_881","2016-06-07","2015-05-20","2016-06-01","2016-06-02T13:30Z","2016-07-07T11:30Z","NEON.LTR.BART046881.20160601","NEON.LTR.BART046881.20160601.MXT","NEON.DOC.001710vE","Mixed",0,"N",NA,"b2sefMLliJCkO7SpvYfxceoIH8TeWR8d"
"909cbe6e-3685-43d2-892c-ba40e19fa83f","BART_046.basePlot.ltr","D01","BART","BART_046","BART_046_547","2016-06-07","2015-05-20","2016-06-01","2016-06-02T13:30Z","2016-07-07T11:30Z","NEON.LTR.BART046547.20160601","NEON.LTR.BART046547.20160601.MXT","NEON.DOC.001710vE","Mixed",0,"N",NA,"b2sefMLliJCkO7SpvYfxceoIH8TeWR8d"
"0a3427a9-ce4b-4542-8084-037802bc7ee5","BART_046.basePlot.ltr","D01","BART","BART_046","BART_046_547","2016-06-07","2015-05-20","2016-06-01","2016-06-02T13:30Z","2016-07-07T11:30Z","NEON.LTR.BART046547.20160601","NEON.LTR.BART046547.20160601.LVS","NEON.DOC.001710vE","Leaves",0,"N",NA,"b2sefMLliJCkO7SpvYfxceoIH8TeWR8d"
"b1254416-7e01-4239-86aa-51ce4ad43801","BART_046.basePlot.ltr","D01","BART","BART_046","BART_046_547","2016-06-07","2015-05-20","2016-06-01","2016-06-02T13:30Z","2016-07-07T11:30Z","NEON.LTR.BART046547.20160601","NEON.LTR.BART046547.20160601.TWI","NEON.DOC.001710vE","Twigs/branches",99.76,"N",NA,"b2sefMLliJCkO7SpvYfxceoIH8TeWR8d"
"572b52b5-04a0-42ce-be22-d7f65e541b0b","BART_044.basePlot.ltr","D01","BART","BART_044","BART_044_439","2016-06-07","2015-05-26","2016-06-01","2016-06-02T13:30Z","2016-07-07T11:30Z","NEON.LTR.BART044439.20160601","NEON.LTR.BART044439.20160601.TWI","NEON.DOC.001710vE","Twigs/branches",116.55,"N",NA,"b2sefMLliJCkO7SpvYfxceoIH8TeWR8d"
"650060be-7d1a-4ed0-bd9a-f3cb03373dab","BART_044.basePlot.ltr","D01","BART","BART_044","BART_044_513","2016-06-07","2015-05-26","2016-06-01","2016-06-02T13:30Z","2016-07-07T11:30Z","NEON.LTR.BART044513.20160601","NEON.LTR.BART044513.20160601.TWI","NEON.DOC.001710vE","Twigs/branches",217.9,"N",NA,"b2sefMLliJCkO7SpvYfxceoIH8TeWR8d"
"1b70fd21-84c5-4ad3-bf5f-fda5c09b997f","BART_044.basePlot.ltr","D01","BART","BART_044","BART_044_513","2016-06-07","2015-05-26","2016-06-01","2016-06-02T13:30Z","2016-07-07T11:30Z","NEON.LTR.BART044513.20160601","NEON.LTR.BART044513.20160601.MXT","NEON.DOC.001710vE","Mixed",0,"N",NA,"b2sefMLliJCkO7SpvYfxceoIH8TeWR8d"
"33e37275-9453-43b6-ba3b-18d3ac9a0066","BART_044.basePlot.ltr","D01","BART","BART_044","BART_044_513","2016-06-07","2015-05-26","2016-06-01","2016-06-02T13:30Z","2016-07-07T11:30Z","NEON.LTR.BART044513.20160601","NEON.LTR.BART044513.20160601.LVS","NEON.DOC.001710vE","Leaves",0,"N",NA,"b2sefMLliJCkO7SpvYfxceoIH8TeWR8d"
"10fb74e8-06ae-44ad-94c7-4de05a5f4855","BART_074.basePlot.ltr","D01","BART","BART_074","BART_074_863","2016-06-07","2015-05-26","2016-06-01","2016-06-02T13:30Z","2016-07-07T11:30Z","NEON.LTR.BART074863.20160601","NEON.LTR.BART074863.20160601.MXT","NEON.DOC.001710vE","Mixed",0,"N",NA,"b2sefMLliJCkO7SpvYfxceoIH8TeWR8d"
"4e7e881f-200b-4889-b2ab-004f0c7458e0","BART_044.basePlot.ltr","D01","BART","BART_044","BART_044_439","2016-06-07","2015-05-26","2016-06-01","2016-06-02T13:30Z","2016-07-07T11:30Z","NEON.LTR.BART044439.20160601","NEON.LTR.BART044439.20160601.MXT","NEON.DOC.001710vE","Mixed",0,"N",NA,"b2sefMLliJCkO7SpvYfxceoIH8TeWR8d"
"0e7cae80-ae0f-4835-b5cd-0d0a5c31b5c1","BART_044.basePlot.ltr","D01","BART","BART_044","BART_044_439","2016-06-07","2015-05-26","2016-06-01","2016-06-02T13:30Z","2016-07-07T11:30Z","NEON.LTR.BART044439.20160601","NEON.LTR.BART044439.20160601.LVS","NEON.DOC.001710vE","Leaves",0,"N",NA,"b2sefMLliJCkO7SpvYfxceoIH8TeWR8d"
"c84208ae-6bf6-499b-b0cb-e0f1409ea0ee","BART_074.basePlot.ltr","D01","BART","BART_074","BART_074_574","2016-06-07","2015-05-26","2016-06-01","2016-06-02T13:30Z","2016-07-07T11:30Z","NEON.LTR.BART074574.20160601","NEON.LTR.BART074574.20160601.TWI","NEON.DOC.001710vE","Twigs/branches",30.43,"N",NA,"b2sefMLliJCkO7SpvYfxceoIH8TeWR8d"
"5fbb2627-eb74-44e0-8780-ac577e3b4237","BART_074.basePlot.ltr","D01","BART","BART_074","BART_074_574","2016-06-07","2015-05-26","2016-06-01","2016-06-02T13:30Z","2016-07-07T11:30Z","NEON.LTR.BART074574.20160601","NEON.LTR.BART074574.20160601.LVS","NEON.DOC.001710vE","Leaves",0,"N",NA,"b2sefMLliJCkO7SpvYfxceoIH8TeWR8d"
"07cc5bfe-36e5-4c94-9ba8-8340b4ff2629","BART_074.basePlot.ltr","D01","BART","BART_074","BART_074_574","2016-06-07","2015-05-26","2016-06-01","2016-06-02T13:30Z","2016-07-07T11:30Z","NEON.LTR.BART074574.20160601","NEON.LTR.BART074574.20160601.MXT","NEON.DOC.001710vE","Mixed",0,"N",NA,"b2sefMLliJCkO7SpvYfxceoIH8TeWR8d"
"382b008d-6348-47ac-ae35-9b5b42241e73","BART_074.basePlot.ltr","D01","BART","BART_074","BART_074_863","2016-06-07","2015-05-26","2016-06-01","2016-06-02T13:30Z","2016-07-07T11:30Z","NEON.LTR.BART074863.20160601","NEON.LTR.BART074863.20160601.LVS","NEON.DOC.001710vE","Leaves",0,"N",NA,"b2sefMLliJCkO7SpvYfxceoIH8TeWR8d"
"890f10d8-c279-4afc-b577-9ca8ee35b5c5","BART_074.basePlot.ltr","D01","BART","BART_074","BART_074_863","2016-06-07","2015-05-26","2016-06-01","2016-06-02T13:30Z","2016-07-07T11:30Z","NEON.LTR.BART074863.20160601","NEON.LTR.BART074863.20160601.TWI","NEON.DOC.001710vE","Twigs/branches",68.19,"N",NA,"b2sefMLliJCkO7SpvYfxceoIH8TeWR8d"
"f09fed0f-7b1b-4378-bf5a-a75e8605ae40","BART_036.basePlot.ltr","D01","BART","BART_036","BART_036_169","2016-06-07","2015-05-27","2016-06-01","2016-06-02T13:30Z","2016-07-07T11:30Z","NEON.LTR.BART036169.20160601","NEON.LTR.BART036169.20160601.TWI","NEON.DOC.001710vE","Twigs/branches",23.69,"N",NA,"b2sefMLliJCkO7SpvYfxceoIH8TeWR8d"
"ee6ad648-8e55-4608-9a96-dc2f3cd77f0d","BART_036.basePlot.ltr","D01","BART","BART_036","BART_036_169","2016-06-07","2015-05-27","2016-06-01","2016-06-02T13:30Z","2016-07-07T11:30Z","NEON.LTR.BART036169.20160601","NEON.LTR.BART036169.20160601.MXT","NEON.DOC.001710vE","Mixed",0,"N",NA,"b2sefMLliJCkO7SpvYfxceoIH8TeWR8d"
"647dcb67-26c4-425c-b708-0390de6b96a8","BART_070.basePlot.ltr","D01","BART","BART_070","BART_070_622","2016-06-07","2015-05-27","2016-06-01","2016-06-02T13:30Z","2016-07-07T11:30Z","NEON.LTR.BART070622.20160601","NEON.LTR.BART070622.20160601.MXT","NEON.DOC.001710vE","Mixed",0,"N",NA,"b2sefMLliJCkO7SpvYfxceoIH8TeWR8d"
"2c4c7d78-e914-4991-b427-f7fbe2df89ca","BART_070.basePlot.ltr","D01","BART","BART_070","BART_070_622","2016-06-07","2015-05-27","2016-06-01","2016-06-02T13:30Z","2016-07-07T11:30Z","NEON.LTR.BART070622.20160601","NEON.LTR.BART070622.20160601.LVS","NEON.DOC.001710vE","Leaves",0,"N",NA,"b2sefMLliJCkO7SpvYfxceoIH8TeWR8d"
"b62b476a-75b5-43e8-bc4d-3441778a7045","BART_070.basePlot.ltr","D01","BART","BART_070","BART_070_622","2016-06-07","2015-05-27","2016-06-01","2016-06-02T13:30Z","2016-07-07T11:30Z","NEON.LTR.BART070622.20160601","NEON.LTR.BART070622.20160601.TWI","NEON.DOC.001710vE","Twigs/branches",162.33,"N",NA,"b2sefMLliJCkO7SpvYfxceoIH8TeWR8d"
"549721b7-9268-4c08-b2d1-3777200552ce","BART_070.basePlot.ltr","D01","BART","BART_070","BART_070_961","2016-06-07","2015-05-27","2016-06-01","2016-06-02T13:30Z","2016-07-07T11:30Z","NEON.LTR.BART070961.20160601","NEON.LTR.BART070961.20160601.LVS","NEON.DOC.001710vE","Leaves",0,"N",NA,"b2sefMLliJCkO7SpvYfxceoIH8TeWR8d"
"b450c0f6-521c-40b9-be3b-98fc1e727855","BART_070.basePlot.ltr","D01","BART","BART_070","BART_070_961","2016-06-07","2015-05-27","2016-06-01","2016-06-02T13:30Z","2016-07-07T11:30Z","NEON.LTR.BART070961.20160601","NEON.LTR.BART070961.20160601.TWI","NEON.DOC.001710vE","Twigs/branches",6.48,"N",NA,"b2sefMLliJCkO7SpvYfxceoIH8TeWR8d"
"b1e4d0bb-00be-465e-9acd-6e1a175ade70","BART_070.basePlot.ltr","D01","BART","BART_070","BART_070_961","2016-06-07","2015-05-27","2016-06-01","2016-06-02T13:30Z","2016-07-07T11:30Z","NEON.LTR.BART070961.20160601","NEON.LTR.BART070961.20160601.MXT","NEON.DOC.001710vE","Mixed",0,"N",NA,"b2sefMLliJCkO7SpvYfxceoIH8TeWR8d"
"4519a1bb-e927-4fe6-ae00-e6a053a7675e","BART_036.basePlot.ltr","D01","BART","BART_036","BART_036_938","2016-06-07","2015-05-27","2016-06-01","2016-06-02T13:30Z","2016-07-07T11:30Z","NEON.LTR.BART036938.20160601","NEON.LTR.BART036938.20160601.TWI","NEON.DOC.001710vE","Twigs/branches",35.1,"N",NA,"b2sefMLliJCkO7SpvYfxceoIH8TeWR8d"
"63846cc2-fd2d-4329-b95f-41e4e67dcec9","BART_036.basePlot.ltr","D01","BART","BART_036","BART_036_938","2016-06-07","2015-05-27","2016-06-01","2016-06-02T13:30Z","2016-07-07T11:30Z","NEON.LTR.BART036938.20160601","NEON.LTR.BART036938.20160601.LVS","NEON.DOC.001710vE","Leaves",0,"N",NA,"b2sefMLliJCkO7SpvYfxceoIH8TeWR8d"
"1cf15aed-6f3e-4134-ab32-cb1466e0468d","BART_036.basePlot.ltr","D01","BART","BART_036","BART_036_938","2016-06-07","2015-05-27","2016-06-01","2016-06-02T13:30Z","2016-07-07T11:30Z","NEON.LTR.BART036938.20160601","NEON.LTR.BART036938.20160601.MXT","NEON.DOC.001710vE","Mixed",0,"N",NA,"b2sefMLliJCkO7SpvYfxceoIH8TeWR8d"
"c8c849e4-5938-4616-8802-01205d3ad049","BART_037.basePlot.ltr","D01","BART","BART_037","BART_037_826","2016-06-07","2015-05-27","2016-06-01","2016-06-02T13:30Z","2016-07-07T11:30Z","NEON.LTR.BART037826.20160601","NEON.LTR.BART037826.20160601.TWI","NEON.DOC.001710vE","Twigs/branches",201.52,"N",NA,"b2sefMLliJCkO7SpvYfxceoIH8TeWR8d"
"58a5116a-2d5b-4dcb-8249-9ce4b3ec778a","BART_036.basePlot.ltr","D01","BART","BART_036","BART_036_169","2016-06-07","2015-05-27","2016-06-01","2016-06-02T13:30Z","2016-07-07T11:30Z","NEON.LTR.BART036169.20160601","NEON.LTR.BART036169.20160601.LVS","NEON.DOC.001710vE","Leaves",0,"N",NA,"b2sefMLliJCkO7SpvYfxceoIH8TeWR8d"
"ea9f8078-bc68-421a-8825-83d5e92a1374","BART_037.basePlot.ltr","D01","BART","BART_037","BART_037_826","2016-06-07","2015-05-27","2016-06-01","2016-06-02T13:30Z","2016-07-07T11:30Z","NEON.LTR.BART037826.20160601","NEON.LTR.BART037826.20160601.MXT","NEON.DOC.001710vE","Mixed",0,"N",NA,"b2sefMLliJCkO7SpvYfxceoIH8TeWR8d"
"e53848bd-0b6b-4a7a-a3a4-5e9e487ea76b","BART_037.basePlot.ltr","D01","BART","BART_037","BART_037_826","2016-06-07","2015-05-27","2016-06-01","2016-06-02T13:30Z","2016-07-07T11:30Z","NEON.LTR.BART037826.20160601","NEON.LTR.BART037826.20160601.LVS","NEON.DOC.001710vE","Leaves",0,"N",NA,"b2sefMLliJCkO7SpvYfxceoIH8TeWR8d"
"36c62298-3543-420b-86b7-0da05714a5e7","BART_040.basePlot.ltr","D01","BART","BART_040","BART_040_884","2016-08-01","2016-05-31","2016-07-25","2016-07-29T12:00Z","2016-08-02T19:00Z","NEON.LTR.BART040884.20160725","NEON.LTR.BART040884.20160725.TWI","NEON.DOC.001710vE","Twigs/branches",2.27,"N",NA,"s4LYlYd4IKjECPyWRpmGA5yPYSQhQ+2d"
"c85b81d2-55ac-4626-a135-42f538a7231c","BART_040.basePlot.ltr","D01","BART","BART_040","BART_040_884","2016-08-01","2016-05-31","2016-07-25","2016-07-29T12:00Z","2016-08-02T19:00Z","NEON.LTR.BART040884.20160725","NEON.LTR.BART040884.20160725.NDL","NEON.DOC.001710vE","Needles",0.005,"N",NA,"s4LYlYd4IKjECPyWRpmGA5yPYSQhQ+2d"
"86e1a6df-ef56-44a4-9ff8-898152ee48ac","BART_040.basePlot.ltr","D01","BART","BART_040","BART_040_884","2016-08-01","2016-05-31","2016-07-25","2016-07-29T12:00Z","2016-08-02T19:00Z","NEON.LTR.BART040884.20160725","NEON.LTR.BART040884.20160725.SDS","NEON.DOC.001710vE","Seeds",0.11,"N",NA,"s4LYlYd4IKjECPyWRpmGA5yPYSQhQ+2d"
"cb176424-c42b-4f0d-8d70-cf14ae3b1f1e","BART_040.basePlot.ltr","D01","BART","BART_040","BART_040_884","2016-08-01","2016-05-31","2016-07-25","2016-07-29T12:00Z","2016-08-02T19:00Z","NEON.LTR.BART040884.20160725","NEON.LTR.BART040884.20160725.LVS","NEON.DOC.001710vE","Leaves",2.04,"N",NA,"s4LYlYd4IKjECPyWRpmGA5yPYSQhQ+2d"
"c1087169-5e22-4698-b93f-a8684670b5a5","BART_040.basePlot.ltr","D01","BART","BART_040","BART_040_884","2016-08-01","2016-05-31","2016-07-25","2016-07-29T12:00Z","2016-08-02T19:00Z","NEON.LTR.BART040884.20160725","NEON.LTR.BART040884.20160725.FLR","NEON.DOC.001710vE","Flowers",0.23,"N",NA,"s4LYlYd4IKjECPyWRpmGA5yPYSQhQ+2d"
"4e59edf2-83a4-4d71-a79a-b19d2f5ffd99","BART_040.basePlot.ltr","D01","BART","BART_040","BART_040_884","2016-08-01","2016-05-31","2016-07-25","2016-07-29T12:00Z","2016-08-02T19:00Z","NEON.LTR.BART040884.20160725","NEON.LTR.BART040884.20160725.OTH","NEON.DOC.001710vE","Other",1.94,"Y",NA,"s4LYlYd4IKjECPyWRpmGA5yPYSQhQ+2d"
"2efbc97a-4039-4153-aff8-f597d5a7174c","BART_040.basePlot.ltr","D01","BART","BART_040","BART_040_884","2016-08-01","2016-05-31","2016-07-25","2016-07-29T12:00Z","2016-08-02T19:00Z","NEON.LTR.BART040884.20160725","NEON.LTR.BART040884.20160725.WDY","NEON.DOC.001710vE","Woody material",0.13,"N",NA,"s4LYlYd4IKjECPyWRpmGA5yPYSQhQ+2d"
"5e63a8ed-dcd4-45ba-a371-aaf2e849bd75","BART_047.basePlot.ltr","D01","BART","BART_047","BART_047_864","2016-08-02","2016-05-31","2016-07-25","2016-07-29T12:00Z","2016-08-02T19:00Z","NEON.LTR.BART047864.20160725","NEON.LTR.BART047864.20160725.FLR","NEON.DOC.001710vE","Flowers",0.21,"N",NA,"s4LYlYd4IKjECPyWRpmGA5yPYSQhQ+2d"
"cc3d8867-4e32-48e4-b91f-b9966eb1907a","BART_051.basePlot.ltr","D01","BART","BART_051","BART_051_813","2016-08-01","2016-05-31","2016-07-25","2016-07-29T12:00Z","2016-08-02T19:00Z","NEON.LTR.BART051813.20160725","NEON.LTR.BART051813.20160725.NDL","NEON.DOC.001710vE","Needles",0.65,"N",NA,"s4LYlYd4IKjECPyWRpmGA5yPYSQhQ+2d"
"4705deea-fe2d-48ab-a76f-debe46437271","BART_051.basePlot.ltr","D01","BART","BART_051","BART_051_813","2016-08-01","2016-05-31","2016-07-25","2016-07-29T12:00Z","2016-08-02T19:00Z","NEON.LTR.BART051813.20160725","NEON.LTR.BART051813.20160725.TWI","NEON.DOC.001710vE","Twigs/branches",1.92,"N",NA,"s4LYlYd4IKjECPyWRpmGA5yPYSQhQ+2d"
"d6dbe275-c017-45de-a899-2e8958a17e1b","BART_047.basePlot.ltr","D01","BART","BART_047","BART_047_864","2016-08-02","2016-05-31","2016-07-25","2016-07-29T12:00Z","2016-08-02T19:00Z","NEON.LTR.BART047864.20160725","NEON.LTR.BART047864.20160725.LVS","NEON.DOC.001710vE","Leaves",2.63,"N",NA,"s4LYlYd4IKjECPyWRpmGA5yPYSQhQ+2d"
"718fff8c-d8e7-4b6c-901f-00675bc1c656","BART_051.basePlot.ltr","D01","BART","BART_051","BART_051_813","2016-08-01","2016-05-31","2016-07-25","2016-07-29T12:00Z","2016-08-02T19:00Z","NEON.LTR.BART051813.20160725","NEON.LTR.BART051813.20160725.LVS","NEON.DOC.001710vE","Leaves",1.07,"Y",NA,"s4LYlYd4IKjECPyWRpmGA5yPYSQhQ+2d"
"61db4a97-376b-46ca-af09-288d958d9c81","BART_047.basePlot.ltr","D01","BART","BART_047","BART_047_864","2016-08-02","2016-05-31","2016-07-25","2016-07-29T12:00Z","2016-08-02T19:00Z","NEON.LTR.BART047864.20160725","NEON.LTR.BART047864.20160725.OTH","NEON.DOC.001710vE","Other",2.33,"N",NA,"s4LYlYd4IKjECPyWRpmGA5yPYSQhQ+2d"
"d006fded-7bdc-4fd7-a606-c5ee2c5c28b6","BART_047.basePlot.ltr","D01","BART","BART_047","BART_047_864","2016-08-02","2016-05-31","2016-07-25","2016-07-29T12:00Z","2016-08-02T19:00Z","NEON.LTR.BART047864.20160725","NEON.LTR.BART047864.20160725.NDL","NEON.DOC.001710vE","Needles",0.13,"N",NA,"s4LYlYd4IKjECPyWRpmGA5yPYSQhQ+2d"
"0d75b294-0033-43fd-b9a3-6b62dcdfdc6f","BART_051.basePlot.ltr","D01","BART","BART_051","BART_051_813","2016-08-01","2016-05-31","2016-07-25","2016-07-29T12:00Z","2016-08-02T19:00Z","NEON.LTR.BART051813.20160725","NEON.LTR.BART051813.20160725.WDY","NEON.DOC.001710vE","Woody material",0.69,"N",NA,"s4LYlYd4IKjECPyWRpmGA5yPYSQhQ+2d"
"7349aea0-9a93-4125-bffa-1781d4b148ce","BART_047.basePlot.ltr","D01","BART","BART_047","BART_047_864","2016-08-02","2016-05-31","2016-07-25","2016-07-29T12:00Z","2016-08-02T19:00Z","NEON.LTR.BART047864.20160725","NEON.LTR.BART047864.20160725.SDS","NEON.DOC.001710vE","Seeds",0.09,"N",NA,"s4LYlYd4IKjECPyWRpmGA5yPYSQhQ+2d"
"83223c04-fd2e-42df-8248-6fa7323d4a2c","BART_051.basePlot.ltr","D01","BART","BART_051","BART_051_813","2016-08-01","2016-05-31","2016-07-25","2016-07-29T12:00Z","2016-08-02T19:00Z","NEON.LTR.BART051813.20160725","NEON.LTR.BART051813.20160725.SDS","NEON.DOC.001710vE","Seeds",0.005,"N",NA,"s4LYlYd4IKjECPyWRpmGA5yPYSQhQ+2d"
"22f348c4-3c67-4e34-abc1-31722708f2e0","BART_051.basePlot.ltr","D01","BART","BART_051","BART_051_813","2016-08-01","2016-05-31","2016-07-25","2016-07-29T12:00Z","2016-08-02T19:00Z","NEON.LTR.BART051813.20160725","NEON.LTR.BART051813.20160725.FLR","NEON.DOC.001710vE","Flowers",0.005,"N",NA,"s4LYlYd4IKjECPyWRpmGA5yPYSQhQ+2d"
"5564c8f1-26de-4269-a95f-abb39087cdd9","BART_047.basePlot.ltr","D01","BART","BART_047","BART_047_864","2016-08-02","2016-05-31","2016-07-25","2016-07-29T12:00Z","2016-08-02T19:00Z","NEON.LTR.BART047864.20160725","NEON.LTR.BART047864.20160725.TWI","NEON.DOC.001710vE","Twigs/branches",0.74,"N",NA,"s4LYlYd4IKjECPyWRpmGA5yPYSQhQ+2d"
"6d97b5ff-f45c-4f97-9525-3f971294e1d0","BART_051.basePlot.ltr","D01","BART","BART_051","BART_051_813","2016-08-01","2016-05-31","2016-07-25","2016-07-29T12:00Z","2016-08-02T19:00Z","NEON.LTR.BART051813.20160725","NEON.LTR.BART051813.20160725.OTH","NEON.DOC.001710vE","Other",1.11,"N",NA,"s4LYlYd4IKjECPyWRpmGA5yPYSQhQ+2d"
"82cbc420-4512-4b53-b707-a0ea45995ad8","BART_047.basePlot.ltr","D01","BART","BART_047","BART_047_864","2016-08-02","2016-05-31","2016-07-25","2016-07-29T12:00Z","2016-08-02T19:00Z","NEON.LTR.BART047864.20160725","NEON.LTR.BART047864.20160725.WDY","NEON.DOC.001710vE","Woody material",0.24,"N",NA,"s4LYlYd4IKjECPyWRpmGA5yPYSQhQ+2d"
"d81e5d47-fdd4-434c-9feb-b012450e1636","BART_071.basePlot.ltr","D01","BART","BART_071","BART_071_952","2016-08-01","2016-05-31","2016-07-25","2016-07-29T12:00Z","2016-08-02T19:00Z","NEON.LTR.BART071952.20160725","NEON.LTR.BART071952.20160725.SDS","NEON.DOC.001710vE","Seeds",0.39,"N",NA,"s4LYlYd4IKjECPyWRpmGA5yPYSQhQ+2d"
"6ab31b7c-7eb5-4b1b-9ccd-55bc616f9a1c","BART_071.basePlot.ltr","D01","BART","BART_071","BART_071_952","2016-08-01","2016-05-31","2016-07-25","2016-07-29T12:00Z","2016-08-02T19:00Z","NEON.LTR.BART071952.20160725","NEON.LTR.BART071952.20160725.TWI","NEON.DOC.001710vE","Twigs/branches",6.68,"N",NA,"s4LYlYd4IKjECPyWRpmGA5yPYSQhQ+2d"
"cc81e5c9-1e6e-4154-81ea-df6086c15672","BART_071.basePlot.ltr","D01","BART","BART_071","BART_071_952","2016-08-01","2016-05-31","2016-07-25","2016-07-29T12:00Z","2016-08-02T19:00Z","NEON.LTR.BART071952.20160725","NEON.LTR.BART071952.20160725.FLR","NEON.DOC.001710vE","Flowers",0.89,"Y",NA,"s4LYlYd4IKjECPyWRpmGA5yPYSQhQ+2d"
"25d3b0b3-d6a5-4f08-88de-1dd4fd21d3d7","BART_071.basePlot.ltr","D01","BART","BART_071","BART_071_952","2016-08-01","2016-05-31","2016-07-25","2016-07-29T12:00Z","2016-08-02T19:00Z","NEON.LTR.BART071952.20160725","NEON.LTR.BART071952.20160725.LVS","NEON.DOC.001710vE","Leaves",3,"N",NA,"s4LYlYd4IKjECPyWRpmGA5yPYSQhQ+2d"
"2237a406-46a8-4b1b-870d-8a46d67a261b","BART_071.basePlot.ltr","D01","BART","BART_071","BART_071_952","2016-08-01","2016-05-31","2016-07-25","2016-07-29T12:00Z","2016-08-02T19:00Z","NEON.LTR.BART071952.20160725","NEON.LTR.BART071952.20160725.NDL","NEON.DOC.001710vE","Needles",1.88,"N",NA,"s4LYlYd4IKjECPyWRpmGA5yPYSQhQ+2d"
"3bf2ff15-7f80-4504-b211-99ac692a1532","BART_071.basePlot.ltr","D01","BART","BART_071","BART_071_952","2016-08-01","2016-05-31","2016-07-25","2016-07-29T12:00Z","2016-08-02T19:00Z","NEON.LTR.BART071952.20160725","NEON.LTR.BART071952.20160725.OTH","NEON.DOC.001710vE","Other",4.45,"N",NA,"s4LYlYd4IKjECPyWRpmGA5yPYSQhQ+2d"
"b8b6560f-af6f-4a9d-8d3e-2435f7819c40","BART_071.basePlot.ltr","D01","BART","BART_071","BART_071_952","2016-08-01","2016-05-31","2016-07-25","2016-07-29T12:00Z","2016-08-02T19:00Z","NEON.LTR.BART071952.20160725","NEON.LTR.BART071952.20160725.WDY","NEON.DOC.001710vE","Woody material",1.15,"N",NA,"s4LYlYd4IKjECPyWRpmGA5yPYSQhQ+2d"
"1732b399-6704-402f-8063-561637ebc5ef","BART_042.basePlot.ltr","D01","BART","BART_042","BART_042_935","2016-08-02","2016-05-31","2016-07-25","2016-07-29T12:00Z","2016-08-02T19:00Z","NEON.LTR.BART042935.20160725","NEON.LTR.BART042935.20160725.TWI","NEON.DOC.001710vE","Twigs/branches",3.52,"N",NA,"s4LYlYd4IKjECPyWRpmGA5yPYSQhQ+2d"
"40485255-f128-4ada-b6ef-8830b00c91b1","BART_042.basePlot.ltr","D01","BART","BART_042","BART_042_935","2016-08-02","2016-05-31","2016-07-25","2016-07-29T12:00Z","2016-08-02T19:00Z","NEON.LTR.BART042935.20160725","NEON.LTR.BART042935.20160725.NDL","NEON.DOC.001710vE","Needles",0.62,"N",NA,"s4LYlYd4IKjECPyWRpmGA5yPYSQhQ+2d"
"aed5c21f-3c11-4e2d-a895-310ff17128e0","BART_042.basePlot.ltr","D01","BART","BART_042","BART_042_935","2016-08-02","2016-05-31","2016-07-25","2016-07-29T12:00Z","2016-08-02T19:00Z","NEON.LTR.BART042935.20160725","NEON.LTR.BART042935.20160725.FLR","NEON.DOC.001710vE","Flowers",0.39,"N",NA,"s4LYlYd4IKjECPyWRpmGA5yPYSQhQ+2d"
"32d2ef23-caaa-4e4d-a8d7-198081e94866","BART_042.basePlot.ltr","D01","BART","BART_042","BART_042_935","2016-08-02","2016-05-31","2016-07-25","2016-07-29T12:00Z","2016-08-02T19:00Z","NEON.LTR.BART042935.20160725","NEON.LTR.BART042935.20160725.LVS","NEON.DOC.001710vE","Leaves",3.25,"N",NA,"s4LYlYd4IKjECPyWRpmGA5yPYSQhQ+2d"
"1cfc7438-7667-4cd5-9c25-ddd373139021","BART_042.basePlot.ltr","D01","BART","BART_042","BART_042_935","2016-08-02","2016-05-31","2016-07-25","2016-07-29T12:00Z","2016-08-02T19:00Z","NEON.LTR.BART042935.20160725","NEON.LTR.BART042935.20160725.SDS","NEON.DOC.001710vE","Seeds",0.54,"N",NA,"s4LYlYd4IKjECPyWRpmGA5yPYSQhQ+2d"
"23d0a266-631a-4943-afab-731dd5bc237a","BART_042.basePlot.ltr","D01","BART","BART_042","BART_042_935","2016-08-02","2016-05-31","2016-07-25","2016-07-29T12:00Z","2016-08-02T19:00Z","NEON.LTR.BART042935.20160725","NEON.LTR.BART042935.20160725.WDY","NEON.DOC.001710vE","Woody material",0.12,"N",NA,"s4LYlYd4IKjECPyWRpmGA5yPYSQhQ+2d"
"860a1d1f-5b9d-4f43-9da8-f9aaf9e85499","BART_042.basePlot.ltr","D01","BART","BART_042","BART_042_935","2016-08-02","2016-05-31","2016-07-25","2016-07-29T12:00Z","2016-08-02T19:00Z","NEON.LTR.BART042935.20160725","NEON.LTR.BART042935.20160725.OTH","NEON.DOC.001710vE","Other",3.6,"N",NA,"s4LYlYd4IKjECPyWRpmGA5yPYSQhQ+2d"
"e99ef8c5-ef3a-4c37-b9a7-97fcba3cf196","BART_040.basePlot.ltr","D01","BART","BART_040","BART_040_158","2016-08-01","2016-05-31","2016-07-25","2016-07-29T12:00Z","2016-08-02T19:00Z","NEON.LTR.BART040158.20160725","NEON.LTR.BART040158.20160725.FLR","NEON.DOC.001710vE","Flowers",0.005,"N",NA,"s4LYlYd4IKjECPyWRpmGA5yPYSQhQ+2d"
"02e211a9-4572-449a-bdc7-dd7234c64aae","BART_040.basePlot.ltr","D01","BART","BART_040","BART_040_158","2016-08-01","2016-05-31","2016-07-25","2016-07-29T12:00Z","2016-08-02T19:00Z","NEON.LTR.BART040158.20160725","NEON.LTR.BART040158.20160725.SDS","NEON.DOC.001710vE","Seeds",0.36,"N",NA,"s4LYlYd4IKjECPyWRpmGA5yPYSQhQ+2d"
"22526378-6cf8-43ce-8044-e6fb245e598c","BART_040.basePlot.ltr","D01","BART","BART_040","BART_040_158","2016-08-01","2016-05-31","2016-07-25","2016-07-29T12:00Z","2016-08-02T19:00Z","NEON.LTR.BART040158.20160725","NEON.LTR.BART040158.20160725.LVS","NEON.DOC.001710vE","Leaves",3.64,"N",NA,"s4LYlYd4IKjECPyWRpmGA5yPYSQhQ+2d"
"7ffd099d-a593-4254-938e-353f88b4e264","BART_040.basePlot.ltr","D01","BART","BART_040","BART_040_158","2016-08-01","2016-05-31","2016-07-25","2016-07-29T12:00Z","2016-08-02T19:00Z","NEON.LTR.BART040158.20160725","NEON.LTR.BART040158.20160725.NDL","NEON.DOC.001710vE","Needles",0.005,"N",NA,"s4LYlYd4IKjECPyWRpmGA5yPYSQhQ+2d"
"23e9f9ac-3031-4812-9105-6fe248393f8f","BART_040.basePlot.ltr","D01","BART","BART_040","BART_040_158","2016-08-01","2016-05-31","2016-07-25","2016-07-29T12:00Z","2016-08-02T19:00Z","NEON.LTR.BART040158.20160725","NEON.LTR.BART040158.20160725.WDY","NEON.DOC.001710vE","Woody material",2.42,"N",NA,"s4LYlYd4IKjECPyWRpmGA5yPYSQhQ+2d"
"7551ada0-9a03-480d-af81-53516114c265","BART_040.basePlot.ltr","D01","BART","BART_040","BART_040_158","2016-08-01","2016-05-31","2016-07-25","2016-07-29T12:00Z","2016-08-02T19:00Z","NEON.LTR.BART040158.20160725","NEON.LTR.BART040158.20160725.OTH","NEON.DOC.001710vE","Other",1.24,"Y",NA,"s4LYlYd4IKjECPyWRpmGA5yPYSQhQ+2d"
"d014d66d-9e65-49b8-b838-5f6ae1277d2a","BART_040.basePlot.ltr","D01","BART","BART_040","BART_040_158","2016-08-01","2016-05-31","2016-07-25","2016-07-29T12:00Z","2016-08-02T19:00Z","NEON.LTR.BART040158.20160725","NEON.LTR.BART040158.20160725.TWI","NEON.DOC.001710vE","Twigs/branches",0.89,"N",NA,"s4LYlYd4IKjECPyWRpmGA5yPYSQhQ+2d"
"d9e0decd-381e-47aa-8675-f2869f533172","BART_042.basePlot.ltr","D01","BART","BART_042","BART_042_587","2016-08-02","2016-05-31","2016-07-25","2016-07-29T12:00Z","2016-08-02T19:00Z","NEON.LTR.BART042587.20160725","NEON.LTR.BART042587.20160725.SDS","NEON.DOC.001710vE","Seeds",0.47,"N",NA,"s4LYlYd4IKjECPyWRpmGA5yPYSQhQ+2d"
"0f4f2b64-906a-4426-83de-ca507fe1ff8d","BART_042.basePlot.ltr","D01","BART","BART_042","BART_042_587","2016-08-02","2016-05-31","2016-07-25","2016-07-29T12:00Z","2016-08-02T19:00Z","NEON.LTR.BART042587.20160725","NEON.LTR.BART042587.20160725.WDY","NEON.DOC.001710vE","Woody material",0.23,"N",NA,"s4LYlYd4IKjECPyWRpmGA5yPYSQhQ+2d"
"c53f314f-c74f-4baf-90af-f23157572476","BART_042.basePlot.ltr","D01","BART","BART_042","BART_042_587","2016-08-02","2016-05-31","2016-07-25","2016-07-29T12:00Z","2016-08-02T19:00Z","NEON.LTR.BART042587.20160725","NEON.LTR.BART042587.20160725.LVS","NEON.DOC.001710vE","Leaves",3.12,"N",NA,"s4LYlYd4IKjECPyWRpmGA5yPYSQhQ+2d"
"ad0e3602-e76e-4f3c-bb6c-2a4495ca0520","BART_042.basePlot.ltr","D01","BART","BART_042","BART_042_587","2016-08-02","2016-05-31","2016-07-25","2016-07-29T12:00Z","2016-08-02T19:00Z","NEON.LTR.BART042587.20160725","NEON.LTR.BART042587.20160725.OTH","NEON.DOC.001710vE","Other",4.46,"N",NA,"s4LYlYd4IKjECPyWRpmGA5yPYSQhQ+2d"
"d72a1e82-1ac4-409a-a70d-613aa0db7c83","BART_042.basePlot.ltr","D01","BART","BART_042","BART_042_587","2016-08-02","2016-05-31","2016-07-25","2016-07-29T12:00Z","2016-08-02T19:00Z","NEON.LTR.BART042587.20160725","NEON.LTR.BART042587.20160725.FLR","NEON.DOC.001710vE","Flowers",0,"N",NA,"s4LYlYd4IKjECPyWRpmGA5yPYSQhQ+2d"
"05d56375-3cd8-4f71-9c17-35f7c373e2b2","BART_042.basePlot.ltr","D01","BART","BART_042","BART_042_587","2016-08-02","2016-05-31","2016-07-25","2016-07-29T12:00Z","2016-08-02T19:00Z","NEON.LTR.BART042587.20160725","NEON.LTR.BART042587.20160725.NDL","NEON.DOC.001710vE","Needles",0.5,"N",NA,"s4LYlYd4IKjECPyWRpmGA5yPYSQhQ+2d"
"a9ca35ca-d63b-42ce-8b0a-71bb69353963","BART_042.basePlot.ltr","D01","BART","BART_042","BART_042_587","2016-08-02","2016-05-31","2016-07-25","2016-07-29T12:00Z","2016-08-02T19:00Z","NEON.LTR.BART042587.20160725","NEON.LTR.BART042587.20160725.TWI","NEON.DOC.001710vE","Twigs/branches",4.01,"N",NA,"s4LYlYd4IKjECPyWRpmGA5yPYSQhQ+2d"
"dcc07eee-5745-4970-b1b8-5f07a6842519","BART_071.basePlot.ltr","D01","BART","BART_071","BART_071_382","2016-08-01","2016-05-31","2016-07-25","2016-07-29T12:00Z","2016-08-02T19:00Z","NEON.LTR.BART071382.20160725","NEON.LTR.BART071382.20160725.NDL","NEON.DOC.001710vE","Needles",2.38,"Y",NA,"s4LYlYd4IKjECPyWRpmGA5yPYSQhQ+2d"
"649291bf-1fa8-456e-bd6e-795b97beb432","BART_071.basePlot.ltr","D01","BART","BART_071","BART_071_382","2016-08-01","2016-05-31","2016-07-25","2016-07-29T12:00Z","2016-08-02T19:00Z","NEON.LTR.BART071382.20160725","NEON.LTR.BART071382.20160725.WDY","NEON.DOC.001710vE","Woody material",0.73,"N",NA,"s4LYlYd4IKjECPyWRpmGA5yPYSQhQ+2d"
"9de10c78-e6c1-47fe-a66d-58f47bce32da","BART_071.basePlot.ltr","D01","BART","BART_071","BART_071_382","2016-08-01","2016-05-31","2016-07-25","2016-07-29T12:00Z","2016-08-02T19:00Z","NEON.LTR.BART071382.20160725","NEON.LTR.BART071382.20160725.OTH","NEON.DOC.001710vE","Other",4.2,"N",NA,"s4LYlYd4IKjECPyWRpmGA5yPYSQhQ+2d"
"d56dff62-5983-477f-9746-ae38bb976421","BART_071.basePlot.ltr","D01","BART","BART_071","BART_071_382","2016-08-01","2016-05-31","2016-07-25","2016-07-29T12:00Z","2016-08-02T19:00Z","NEON.LTR.BART071382.20160725","NEON.LTR.BART071382.20160725.LVS","NEON.DOC.001710vE","Leaves",1.76,"N",NA,"s4LYlYd4IKjECPyWRpmGA5yPYSQhQ+2d"
"e778315a-b654-4004-bb0c-1b0ca7c58868","BART_071.basePlot.ltr","D01","BART","BART_071","BART_071_382","2016-08-01","2016-05-31","2016-07-25","2016-07-29T12:00Z","2016-08-02T19:00Z","NEON.LTR.BART071382.20160725","NEON.LTR.BART071382.20160725.FLR","NEON.DOC.001710vE","Flowers",0.5,"N",NA,"s4LYlYd4IKjECPyWRpmGA5yPYSQhQ+2d"
"df54df83-f836-4885-8dc6-30aceceba93e","BART_071.basePlot.ltr","D01","BART","BART_071","BART_071_382","2016-08-01","2016-05-31","2016-07-25","2016-07-29T12:00Z","2016-08-02T19:00Z","NEON.LTR.BART071382.20160725","NEON.LTR.BART071382.20160725.TWI","NEON.DOC.001710vE","Twigs/branches",1.27,"N",NA,"s4LYlYd4IKjECPyWRpmGA5yPYSQhQ+2d"
"335b60f1-152b-4b9c-b218-4258afe4170e","BART_071.basePlot.ltr","D01","BART","BART_071","BART_071_382","2016-08-01","2016-05-31","2016-07-25","2016-07-29T12:00Z","2016-08-02T19:00Z","NEON.LTR.BART071382.20160725","NEON.LTR.BART071382.20160725.SDS","NEON.DOC.001710vE","Seeds",0.6,"N",NA,"s4LYlYd4IKjECPyWRpmGA5yPYSQhQ+2d"
"011a4545-03d3-4b2e-ac53-47560ac0a8d0","BART_051.basePlot.ltr","D01","BART","BART_051","BART_051_574","2016-08-02","2016-05-31","2016-07-25","2016-07-29T12:00Z","2016-08-02T19:00Z","NEON.LTR.BART051574.20160725","NEON.LTR.BART051574.20160725.TWI","NEON.DOC.001710vE","Twigs/branches",3.35,"N",NA,"s4LYlYd4IKjECPyWRpmGA5yPYSQhQ+2d"
"9a174512-015b-4894-9d6c-f35b200f5471","BART_039.basePlot.ltr","D01","BART","BART_039","BART_039_587","2016-08-02","2016-05-31","2016-07-25","2016-07-29T12:00Z","2016-08-02T19:00Z","NEON.LTR.BART039587.20160725","NEON.LTR.BART039587.20160725.WDY","NEON.DOC.001710vE","Woody material",1.23,"N",NA,"s4LYlYd4IKjECPyWRpmGA5yPYSQhQ+2d"
"c68d33ef-f344-44b0-8b73-233244f3cdb1","BART_051.basePlot.ltr","D01","BART","BART_051","BART_051_574","2016-08-02","2016-05-31","2016-07-25","2016-07-29T12:00Z","2016-08-02T19:00Z","NEON.LTR.BART051574.20160725","NEON.LTR.BART051574.20160725.NDL","NEON.DOC.001710vE","Needles",1.16,"N",NA,"s4LYlYd4IKjECPyWRpmGA5yPYSQhQ+2d"
"f73ac8ab-bf5b-48bc-a475-5529365bd1d5","BART_039.basePlot.ltr","D01","BART","BART_039","BART_039_587","2016-08-02","2016-05-31","2016-07-25","2016-07-29T12:00Z","2016-08-02T19:00Z","NEON.LTR.BART039587.20160725","NEON.LTR.BART039587.20160725.FLR","NEON.DOC.001710vE","Flowers",0.14,"N",NA,"s4LYlYd4IKjECPyWRpmGA5yPYSQhQ+2d"
"4d95bf3d-9bb1-4614-9c25-1860c2ca1de4","BART_051.basePlot.ltr","D01","BART","BART_051","BART_051_574","2016-08-02","2016-05-31","2016-07-25","2016-07-29T12:00Z","2016-08-02T19:00Z","NEON.LTR.BART051574.20160725","NEON.LTR.BART051574.20160725.OTH","NEON.DOC.001710vE","Other",1.63,"N",NA,"s4LYlYd4IKjECPyWRpmGA5yPYSQhQ+2d"
"4621609f-62cd-454e-8f0e-e9d7892c2d8c","BART_039.basePlot.ltr","D01","BART","BART_039","BART_039_587","2016-08-02","2016-05-31","2016-07-25","2016-07-29T12:00Z","2016-08-02T19:00Z","NEON.LTR.BART039587.20160725","NEON.LTR.BART039587.20160725.NDL","NEON.DOC.001710vE","Needles",0.95,"N",NA,"s4LYlYd4IKjECPyWRpmGA5yPYSQhQ+2d"
"02a1cd30-5c62-4320-b255-690254453bd8","BART_039.basePlot.ltr","D01","BART","BART_039","BART_039_587","2016-08-02","2016-05-31","2016-07-25","2016-07-29T12:00Z","2016-08-02T19:00Z","NEON.LTR.BART039587.20160725","NEON.LTR.BART039587.20160725.TWI","NEON.DOC.001710vE","Twigs/branches",0.81,"N",NA,"s4LYlYd4IKjECPyWRpmGA5yPYSQhQ+2d"
"3c53f925-3f01-4af2-86da-d2efec2918fe","BART_039.basePlot.ltr","D01","BART","BART_039","BART_039_587","2016-08-02","2016-05-31","2016-07-25","2016-07-29T12:00Z","2016-08-02T19:00Z","NEON.LTR.BART039587.20160725","NEON.LTR.BART039587.20160725.OTH","NEON.DOC.001710vE","Other",3.55,"N",NA,"s4LYlYd4IKjECPyWRpmGA5yPYSQhQ+2d"
"670386d0-8587-4939-b112-b12a13f95ed3","BART_051.basePlot.ltr","D01","BART","BART_051","BART_051_574","2016-08-02","2016-05-31","2016-07-25","2016-07-29T12:00Z","2016-08-02T19:00Z","NEON.LTR.BART051574.20160725","NEON.LTR.BART051574.20160725.SDS","NEON.DOC.001710vE","Seeds",0.12,"N",NA,"s4LYlYd4IKjECPyWRpmGA5yPYSQhQ+2d"
"915d5ce8-74fd-4b83-abf8-bd6a7047d73c","BART_039.basePlot.ltr","D01","BART","BART_039","BART_039_587","2016-08-02","2016-05-31","2016-07-25","2016-07-29T12:00Z","2016-08-02T19:00Z","NEON.LTR.BART039587.20160725","NEON.LTR.BART039587.20160725.SDS","NEON.DOC.001710vE","Seeds",0.25,"N",NA,"s4LYlYd4IKjECPyWRpmGA5yPYSQhQ+2d"
"0679d940-4617-47ae-8783-e6eab62b08da","BART_051.basePlot.ltr","D01","BART","BART_051","BART_051_574","2016-08-02","2016-05-31","2016-07-25","2016-07-29T12:00Z","2016-08-02T19:00Z","NEON.LTR.BART051574.20160725","NEON.LTR.BART051574.20160725.FLR","NEON.DOC.001710vE","Flowers",0.03,"N",NA,"s4LYlYd4IKjECPyWRpmGA5yPYSQhQ+2d"
"9075d3d0-87ed-45c3-86b3-a159fe4de578","BART_039.basePlot.ltr","D01","BART","BART_039","BART_039_587","2016-08-02","2016-05-31","2016-07-25","2016-07-29T12:00Z","2016-08-02T19:00Z","NEON.LTR.BART039587.20160725","NEON.LTR.BART039587.20160725.LVS","NEON.DOC.001710vE","Leaves",3.92,"N",NA,"s4LYlYd4IKjECPyWRpmGA5yPYSQhQ+2d"
"e8929ec0-058c-4f97-b388-7f7305787137","BART_051.basePlot.ltr","D01","BART","BART_051","BART_051_574","2016-08-02","2016-05-31","2016-07-25","2016-07-29T12:00Z","2016-08-02T19:00Z","NEON.LTR.BART051574.20160725","NEON.LTR.BART051574.20160725.LVS","NEON.DOC.001710vE","Leaves",1.65,"N",NA,"s4LYlYd4IKjECPyWRpmGA5yPYSQhQ+2d"
"f4d70237-4628-4a6a-9e35-12c013667f0a","BART_051.basePlot.ltr","D01","BART","BART_051","BART_051_574","2016-08-02","2016-05-31","2016-07-25","2016-07-29T12:00Z","2016-08-02T19:00Z","NEON.LTR.BART051574.20160725","NEON.LTR.BART051574.20160725.WDY","NEON.DOC.001710vE","Woody material",0.2,"N",NA,"s4LYlYd4IKjECPyWRpmGA5yPYSQhQ+2d"
"9a239fc2-d128-48f9-8837-516fd3c2fae3","BART_041.basePlot.ltr","D01","BART","BART_041","BART_041_578","2016-08-02","2016-05-31","2016-07-25","2016-07-29T12:00Z","2016-08-02T19:00Z","NEON.LTR.BART041578.20160725","NEON.LTR.BART041578.20160725.NDL","NEON.DOC.001710vE","Needles",0.5,"N",NA,"s4LYlYd4IKjECPyWRpmGA5yPYSQhQ+2d"
"215ee715-4e53-4d89-abe1-7125118ba3f5","BART_041.basePlot.ltr","D01","BART","BART_041","BART_041_578","2016-08-02","2016-05-31","2016-07-25","2016-07-29T12:00Z","2016-08-02T19:00Z","NEON.LTR.BART041578.20160725","NEON.LTR.BART041578.20160725.OTH","NEON.DOC.001710vE","Other",2.2,"N",NA,"s4LYlYd4IKjECPyWRpmGA5yPYSQhQ+2d"
"7bb00bed-28bb-4940-8b65-83881a1b2f66","BART_041.basePlot.ltr","D01","BART","BART_041","BART_041_578","2016-08-02","2016-05-31","2016-07-25","2016-07-29T12:00Z","2016-08-02T19:00Z","NEON.LTR.BART041578.20160725","NEON.LTR.BART041578.20160725.TWI","NEON.DOC.001710vE","Twigs/branches",1.21,"Y",NA,"s4LYlYd4IKjECPyWRpmGA5yPYSQhQ+2d"
"204304f4-8fcc-420a-8bec-4a73bd485287","BART_041.basePlot.ltr","D01","BART","BART_041","BART_041_578","2016-08-02","2016-05-31","2016-07-25","2016-07-29T12:00Z","2016-08-02T19:00Z","NEON.LTR.BART041578.20160725","NEON.LTR.BART041578.20160725.FLR","NEON.DOC.001710vE","Flowers",0.09,"N",NA,"s4LYlYd4IKjECPyWRpmGA5yPYSQhQ+2d"
"9449d4ff-a186-488b-95bf-c9ec1e7da136","BART_041.basePlot.ltr","D01","BART","BART_041","BART_041_578","2016-08-02","2016-05-31","2016-07-25","2016-07-29T12:00Z","2016-08-02T19:00Z","NEON.LTR.BART041578.20160725","NEON.LTR.BART041578.20160725.SDS","NEON.DOC.001710vE","Seeds",0.51,"N",NA,"s4LYlYd4IKjECPyWRpmGA5yPYSQhQ+2d"
"3a26950a-4855-4af2-b06f-7e21069ff5e4","BART_041.basePlot.ltr","D01","BART","BART_041","BART_041_578","2016-08-02","2016-05-31","2016-07-25","2016-07-29T12:00Z","2016-08-02T19:00Z","NEON.LTR.BART041578.20160725","NEON.LTR.BART041578.20160725.WDY","NEON.DOC.001710vE","Woody material",0.33,"N",NA,"s4LYlYd4IKjECPyWRpmGA5yPYSQhQ+2d"
"a8990de3-e6a9-4b57-8d1b-b51cd5449c50","BART_041.basePlot.ltr","D01","BART","BART_041","BART_041_578","2016-08-02","2016-05-31","2016-07-25","2016-07-29T12:00Z","2016-08-02T19:00Z","NEON.LTR.BART041578.20160725","NEON.LTR.BART041578.20160725.LVS","NEON.DOC.001710vE","Leaves",1.67,"N",NA,"s4LYlYd4IKjECPyWRpmGA5yPYSQhQ+2d"
"8defbb0a-597d-4cda-8bfb-d6341502fda3","BART_039.basePlot.ltr","D01","BART","BART_039","BART_039_930","2016-08-01","2016-05-31","2016-07-25","2016-07-29T12:00Z","2016-08-02T19:00Z","NEON.LTR.BART039930.20160725","NEON.LTR.BART039930.20160725.NDL","NEON.DOC.001710vE","Needles",0.81,"Y",NA,"s4LYlYd4IKjECPyWRpmGA5yPYSQhQ+2d"
"1ee19e0a-392f-4c5c-a335-053494e9fa05","BART_039.basePlot.ltr","D01","BART","BART_039","BART_039_930","2016-08-01","2016-05-31","2016-07-25","2016-07-29T12:00Z","2016-08-02T19:00Z","NEON.LTR.BART039930.20160725","NEON.LTR.BART039930.20160725.LVS","NEON.DOC.001710vE","Leaves",1.97,"N",NA,"s4LYlYd4IKjECPyWRpmGA5yPYSQhQ+2d"
"d5d30f4c-d0f5-435d-bd07-940ef04f548d","BART_039.basePlot.ltr","D01","BART","BART_039","BART_039_930","2016-08-01","2016-05-31","2016-07-25","2016-07-29T12:00Z","2016-08-02T19:00Z","NEON.LTR.BART039930.20160725","NEON.LTR.BART039930.20160725.SDS","NEON.DOC.001710vE","Seeds",2.19,"N",NA,"s4LYlYd4IKjECPyWRpmGA5yPYSQhQ+2d"
"535bb75b-6b66-4531-8d31-35c08b7d9efa","BART_039.basePlot.ltr","D01","BART","BART_039","BART_039_930","2016-08-01","2016-05-31","2016-07-25","2016-07-29T12:00Z","2016-08-02T19:00Z","NEON.LTR.BART039930.20160725","NEON.LTR.BART039930.20160725.FLR","NEON.DOC.001710vE","Flowers",0.12,"N",NA,"s4LYlYd4IKjECPyWRpmGA5yPYSQhQ+2d"
"15689d6f-eba8-4fa1-a373-a65684aa3eae","BART_039.basePlot.ltr","D01","BART","BART_039","BART_039_930","2016-08-01","2016-05-31","2016-07-25","2016-07-29T12:00Z","2016-08-02T19:00Z","NEON.LTR.BART039930.20160725","NEON.LTR.BART039930.20160725.TWI","NEON.DOC.001710vE","Twigs/branches",3.46,"N",NA,"s4LYlYd4IKjECPyWRpmGA5yPYSQhQ+2d"
"958f9d62-5be0-4025-9890-55cbe2f0df4d","BART_039.basePlot.ltr","D01","BART","BART_039","BART_039_930","2016-08-01","2016-05-31","2016-07-25","2016-07-29T12:00Z","2016-08-02T19:00Z","NEON.LTR.BART039930.20160725","NEON.LTR.BART039930.20160725.WDY","NEON.DOC.001710vE","Woody material",1.72,"Y",NA,"s4LYlYd4IKjECPyWRpmGA5yPYSQhQ+2d"
"e5b9be0b-354d-477a-a76e-a2d19d366554","BART_039.basePlot.ltr","D01","BART","BART_039","BART_039_930","2016-08-01","2016-05-31","2016-07-25","2016-07-29T12:00Z","2016-08-02T19:00Z","NEON.LTR.BART039930.20160725","NEON.LTR.BART039930.20160725.OTH","NEON.DOC.001710vE","Other",2.94,"N",NA,"s4LYlYd4IKjECPyWRpmGA5yPYSQhQ+2d"
"a979850b-155a-41a1-8b96-b3beece29a90","BART_050.basePlot.ltr","D01","BART","BART_050","BART_050_046","2016-08-02","2016-05-31","2016-07-25","2016-07-29T12:00Z","2016-08-02T19:00Z","NEON.LTR.BART050046.20160725","NEON.LTR.BART050046.20160725.NDL","NEON.DOC.001710vE","Needles",2.87,"N",NA,"s4LYlYd4IKjECPyWRpmGA5yPYSQhQ+2d"
"5af623ec-aba5-4b49-aba5-dce959fc3783","BART_050.basePlot.ltr","D01","BART","BART_050","BART_050_046","2016-08-02","2016-05-31","2016-07-25","2016-07-29T12:00Z","2016-08-02T19:00Z","NEON.LTR.BART050046.20160725","NEON.LTR.BART050046.20160725.FLR","NEON.DOC.001710vE","Flowers",0.15,"N",NA,"s4LYlYd4IKjECPyWRpmGA5yPYSQhQ+2d"
"3dfe1c98-615e-41f7-8c75-beee60993be2","BART_050.basePlot.ltr","D01","BART","BART_050","BART_050_046","2016-08-02","2016-05-31","2016-07-25","2016-07-29T12:00Z","2016-08-02T19:00Z","NEON.LTR.BART050046.20160725","NEON.LTR.BART050046.20160725.SDS","NEON.DOC.001710vE","Seeds",0.18,"N",NA,"s4LYlYd4IKjECPyWRpmGA5yPYSQhQ+2d"
"8cb1f4fd-af3a-4052-be9a-af3602a7398b","BART_050.basePlot.ltr","D01","BART","BART_050","BART_050_046","2016-08-02","2016-05-31","2016-07-25","2016-07-29T12:00Z","2016-08-02T19:00Z","NEON.LTR.BART050046.20160725","NEON.LTR.BART050046.20160725.LVS","NEON.DOC.001710vE","Leaves",0.71,"N",NA,"s4LYlYd4IKjECPyWRpmGA5yPYSQhQ+2d"
"33661024-2435-4536-bdc7-42c31a41bd4a","BART_050.basePlot.ltr","D01","BART","BART_050","BART_050_046","2016-08-02","2016-05-31","2016-07-25","2016-07-29T12:00Z","2016-08-02T19:00Z","NEON.LTR.BART050046.20160725","NEON.LTR.BART050046.20160725.OTH","NEON.DOC.001710vE","Other",7.35,"N",NA,"s4LYlYd4IKjECPyWRpmGA5yPYSQhQ+2d"
"7a50615f-04b6-44bb-bdc5-c43dad7ac2d1","BART_050.basePlot.ltr","D01","BART","BART_050","BART_050_046","2016-08-02","2016-05-31","2016-07-25","2016-07-29T12:00Z","2016-08-02T19:00Z","NEON.LTR.BART050046.20160725","NEON.LTR.BART050046.20160725.WDY","NEON.DOC.001710vE","Woody material",1.32,"N",NA,"s4LYlYd4IKjECPyWRpmGA5yPYSQhQ+2d"
"28bb470d-5fe0-43ee-b2d6-4bc40239f3f7","BART_050.basePlot.ltr","D01","BART","BART_050","BART_050_046","2016-08-02","2016-05-31","2016-07-25","2016-07-29T12:00Z","2016-08-02T19:00Z","NEON.LTR.BART050046.20160725","NEON.LTR.BART050046.20160725.TWI","NEON.DOC.001710vE","Twigs/branches",0.2,"N",NA,"s4LYlYd4IKjECPyWRpmGA5yPYSQhQ+2d"
"bd549f0d-be6a-4350-8c8b-c44e2112d767","BART_032.basePlot.ltr","D01","BART","BART_032","BART_032_662","2016-08-01","2016-05-31","2016-07-25","2016-07-29T12:00Z","2016-08-02T19:00Z","NEON.LTR.BART032662.20160725","NEON.LTR.BART032662.20160725.TWI","NEON.DOC.001710vE","Twigs/branches",0.39,"N",NA,"s4LYlYd4IKjECPyWRpmGA5yPYSQhQ+2d"
"6a353364-f059-48a5-abc3-c2c4745e3acb","BART_032.basePlot.ltr","D01","BART","BART_032","BART_032_662","2016-08-01","2016-05-31","2016-07-25","2016-07-29T12:00Z","2016-08-02T19:00Z","NEON.LTR.BART032662.20160725","NEON.LTR.BART032662.20160725.SDS","NEON.DOC.001710vE","Seeds",0.27,"N",NA,"s4LYlYd4IKjECPyWRpmGA5yPYSQhQ+2d"
"9e001a0e-598c-4d66-8ae9-ea0b43eefdf7","BART_032.basePlot.ltr","D01","BART","BART_032","BART_032_662","2016-08-01","2016-05-31","2016-07-25","2016-07-29T12:00Z","2016-08-02T19:00Z","NEON.LTR.BART032662.20160725","NEON.LTR.BART032662.20160725.FLR","NEON.DOC.001710vE","Flowers",0.06,"N",NA,"s4LYlYd4IKjECPyWRpmGA5yPYSQhQ+2d"
"b13c0014-19f7-415e-b7f6-f6cffac442ce","BART_032.basePlot.ltr","D01","BART","BART_032","BART_032_662","2016-08-01","2016-05-31","2016-07-25","2016-07-29T12:00Z","2016-08-02T19:00Z","NEON.LTR.BART032662.20160725","NEON.LTR.BART032662.20160725.NDL","NEON.DOC.001710vE","Needles",0.16,"N",NA,"s4LYlYd4IKjECPyWRpmGA5yPYSQhQ+2d"
"b946aa95-7f5b-4347-83bc-bdc002917d8d","BART_032.basePlot.ltr","D01","BART","BART_032","BART_032_662","2016-08-01","2016-05-31","2016-07-25","2016-07-29T12:00Z","2016-08-02T19:00Z","NEON.LTR.BART032662.20160725","NEON.LTR.BART032662.20160725.WDY","NEON.DOC.001710vE","Woody material",2.18,"N",NA,"s4LYlYd4IKjECPyWRpmGA5yPYSQhQ+2d"
"d1078fec-f6e9-4d55-83c4-cee84efc8575","BART_032.basePlot.ltr","D01","BART","BART_032","BART_032_662","2016-08-01","2016-05-31","2016-07-25","2016-07-29T12:00Z","2016-08-02T19:00Z","NEON.LTR.BART032662.20160725","NEON.LTR.BART032662.20160725.LVS","NEON.DOC.001710vE","Leaves",3.66,"Y",NA,"s4LYlYd4IKjECPyWRpmGA5yPYSQhQ+2d"
"db74c364-b98a-4da5-9b25-5fccd80c3ba1","BART_032.basePlot.ltr","D01","BART","BART_032","BART_032_662","2016-08-01","2016-05-31","2016-07-25","2016-07-29T12:00Z","2016-08-02T19:00Z","NEON.LTR.BART032662.20160725","NEON.LTR.BART032662.20160725.OTH","NEON.DOC.001710vE","Other",1.44,"N",NA,"s4LYlYd4IKjECPyWRpmGA5yPYSQhQ+2d"
"a16a1c8c-b947-4511-ac31-e2829035f043","BART_041.basePlot.ltr","D01","BART","BART_041","BART_041_292","2016-08-01","2016-05-31","2016-07-25","2016-07-29T12:00Z","2016-08-02T19:00Z","NEON.LTR.BART041292.20160725","NEON.LTR.BART041292.20160725.TWI","NEON.DOC.001710vE","Twigs/branches",2.74,"Y",NA,"s4LYlYd4IKjECPyWRpmGA5yPYSQhQ+2d"
"8a5771f1-f2fc-4c1b-a01f-43e1f9a15d15","BART_041.basePlot.ltr","D01","BART","BART_041","BART_041_292","2016-08-01","2016-05-31","2016-07-25","2016-07-29T12:00Z","2016-08-02T19:00Z","NEON.LTR.BART041292.20160725","NEON.LTR.BART041292.20160725.SDS","NEON.DOC.001710vE","Seeds",0.18,"N",NA,"s4LYlYd4IKjECPyWRpmGA5yPYSQhQ+2d"
"2dfb596b-bf5c-4072-9d24-b9b551a242c0","BART_041.basePlot.ltr","D01","BART","BART_041","BART_041_292","2016-08-01","2016-05-31","2016-07-25","2016-07-29T12:00Z","2016-08-02T19:00Z","NEON.LTR.BART041292.20160725","NEON.LTR.BART041292.20160725.NDL","NEON.DOC.001710vE","Needles",0.21,"Y",NA,"s4LYlYd4IKjECPyWRpmGA5yPYSQhQ+2d"
"8551c0b0-b212-4347-ba3f-11b0017a2ded","BART_041.basePlot.ltr","D01","BART","BART_041","BART_041_292","2016-08-01","2016-05-31","2016-07-25","2016-07-29T12:00Z","2016-08-02T19:00Z","NEON.LTR.BART041292.20160725","NEON.LTR.BART041292.20160725.WDY","NEON.DOC.001710vE","Woody material",0.23,"N",NA,"s4LYlYd4IKjECPyWRpmGA5yPYSQhQ+2d"
"64f28e54-080a-4f0f-9bd1-6fb43d77f057","BART_041.basePlot.ltr","D01","BART","BART_041","BART_041_292","2016-08-01","2016-05-31","2016-07-25","2016-07-29T12:00Z","2016-08-02T19:00Z","NEON.LTR.BART041292.20160725","NEON.LTR.BART041292.20160725.OTH","NEON.DOC.001710vE","Other",2.82,"N",NA,"s4LYlYd4IKjECPyWRpmGA5yPYSQhQ+2d"
"2a9e604f-e46e-4bde-82f7-8c07403521ce","BART_041.basePlot.ltr","D01","BART","BART_041","BART_041_292","2016-08-01","2016-05-31","2016-07-25","2016-07-29T12:00Z","2016-08-02T19:00Z","NEON.LTR.BART041292.20160725","NEON.LTR.BART041292.20160725.FLR","NEON.DOC.001710vE","Flowers",0.005,"N",NA,"s4LYlYd4IKjECPyWRpmGA5yPYSQhQ+2d"
"64da9202-005e-44dc-9270-0d3220c99b05","BART_041.basePlot.ltr","D01","BART","BART_041","BART_041_292","2016-08-01","2016-05-31","2016-07-25","2016-07-29T12:00Z","2016-08-02T19:00Z","NEON.LTR.BART041292.20160725","NEON.LTR.BART041292.20160725.LVS","NEON.DOC.001710vE","Leaves",3.43,"Y",NA,"s4LYlYd4IKjECPyWRpmGA5yPYSQhQ+2d"
"a4e60c8b-c66c-46c3-aa27-f4b267d5949e","BART_032.basePlot.ltr","D01","BART","BART_032","BART_032_293","2016-08-01","2016-05-31","2016-07-25","2016-07-29T12:00Z","2016-08-02T19:00Z","NEON.LTR.BART032293.20160725","NEON.LTR.BART032293.20160725.FLR","NEON.DOC.001710vE","Flowers",3.36,"N",NA,"s4LYlYd4IKjECPyWRpmGA5yPYSQhQ+2d"
"4b234983-162c-4e02-9c81-1784abfd8a22","BART_032.basePlot.ltr","D01","BART","BART_032","BART_032_293","2016-08-01","2016-05-31","2016-07-25","2016-07-29T12:00Z","2016-08-02T19:00Z","NEON.LTR.BART032293.20160725","NEON.LTR.BART032293.20160725.SDS","NEON.DOC.001710vE","Seeds",0.85,"N",NA,"s4LYlYd4IKjECPyWRpmGA5yPYSQhQ+2d"
"acd29afc-32d7-4dfe-ae9a-8b1c3ab72f11","BART_032.basePlot.ltr","D01","BART","BART_032","BART_032_293","2016-08-01","2016-05-31","2016-07-25","2016-07-29T12:00Z","2016-08-02T19:00Z","NEON.LTR.BART032293.20160725","NEON.LTR.BART032293.20160725.LVS","NEON.DOC.001710vE","Leaves",1.48,"N",NA,"s4LYlYd4IKjECPyWRpmGA5yPYSQhQ+2d"
"da294397-ef09-4c34-8374-048b7d88cec0","BART_032.basePlot.ltr","D01","BART","BART_032","BART_032_293","2016-08-01","2016-05-31","2016-07-25","2016-07-29T12:00Z","2016-08-02T19:00Z","NEON.LTR.BART032293.20160725","NEON.LTR.BART032293.20160725.OTH","NEON.DOC.001710vE","Other",1.8,"N",NA,"s4LYlYd4IKjECPyWRpmGA5yPYSQhQ+2d"
"c15f19f2-46c8-43ed-9147-0ed78084afd3","BART_032.basePlot.ltr","D01","BART","BART_032","BART_032_293","2016-08-01","2016-05-31","2016-07-25","2016-07-29T12:00Z","2016-08-02T19:00Z","NEON.LTR.BART032293.20160725","NEON.LTR.BART032293.20160725.TWI","NEON.DOC.001710vE","Twigs/branches",0.63,"N",NA,"s4LYlYd4IKjECPyWRpmGA5yPYSQhQ+2d"
"5ee1808f-dce9-486d-ac3f-1351ade0c54e","BART_032.basePlot.ltr","D01","BART","BART_032","BART_032_293","2016-08-01","2016-05-31","2016-07-25","2016-07-29T12:00Z","2016-08-02T19:00Z","NEON.LTR.BART032293.20160725","NEON.LTR.BART032293.20160725.NDL","NEON.DOC.001710vE","Needles",2.13,"Y",NA,"s4LYlYd4IKjECPyWRpmGA5yPYSQhQ+2d"
"69d8697b-29c9-4e43-9c74-0011f0ce9b93","BART_032.basePlot.ltr","D01","BART","BART_032","BART_032_293","2016-08-01","2016-05-31","2016-07-25","2016-07-29T12:00Z","2016-08-02T19:00Z","NEON.LTR.BART032293.20160725","NEON.LTR.BART032293.20160725.WDY","NEON.DOC.001710vE","Woody material",1.11,"N",NA,"s4LYlYd4IKjECPyWRpmGA5yPYSQhQ+2d"
"73dc18da-e863-4a3c-bb6f-b204bc35a73d","BART_047.basePlot.ltr","D01","BART","BART_047","BART_047_046","2016-08-01","2016-05-31","2016-07-25","2016-07-29T12:00Z","2016-08-02T19:00Z","NEON.LTR.BART047046.20160725","NEON.LTR.BART047046.20160725.OTH","NEON.DOC.001710vE","Other",3.07,"N",NA,"s4LYlYd4IKjECPyWRpmGA5yPYSQhQ+2d"
"e2a9c761-0633-4db1-8d4d-e741af1042cc","BART_047.basePlot.ltr","D01","BART","BART_047","BART_047_046","2016-08-01","2016-05-31","2016-07-25","2016-07-29T12:00Z","2016-08-02T19:00Z","NEON.LTR.BART047046.20160725","NEON.LTR.BART047046.20160725.LVS","NEON.DOC.001710vE","Leaves",2.73,"N",NA,"s4LYlYd4IKjECPyWRpmGA5yPYSQhQ+2d"
"f5c1f98f-246d-492d-9ad0-a9ea4ab20629","BART_047.basePlot.ltr","D01","BART","BART_047","BART_047_046","2016-08-01","2016-05-31","2016-07-25","2016-07-29T12:00Z","2016-08-02T19:00Z","NEON.LTR.BART047046.20160725","NEON.LTR.BART047046.20160725.TWI","NEON.DOC.001710vE","Twigs/branches",1.29,"N",NA,"s4LYlYd4IKjECPyWRpmGA5yPYSQhQ+2d"
"89d2637e-c01c-451a-a9b8-265ff33d7815","BART_047.basePlot.ltr","D01","BART","BART_047","BART_047_046","2016-08-01","2016-05-31","2016-07-25","2016-07-29T12:00Z","2016-08-02T19:00Z","NEON.LTR.BART047046.20160725","NEON.LTR.BART047046.20160725.SDS","NEON.DOC.001710vE","Seeds",0.14,"N",NA,"s4LYlYd4IKjECPyWRpmGA5yPYSQhQ+2d"
"71e9c6ee-a3de-42e9-9edd-135839a28ade","BART_047.basePlot.ltr","D01","BART","BART_047","BART_047_046","2016-08-01","2016-05-31","2016-07-25","2016-07-29T12:00Z","2016-08-02T19:00Z","NEON.LTR.BART047046.20160725","NEON.LTR.BART047046.20160725.NDL","NEON.DOC.001710vE","Needles",1.03,"N",NA,"s4LYlYd4IKjECPyWRpmGA5yPYSQhQ+2d"
"930a353d-4b11-41d8-8f0c-cc045c42d943","BART_047.basePlot.ltr","D01","BART","BART_047","BART_047_046","2016-08-01","2016-05-31","2016-07-25","2016-07-29T12:00Z","2016-08-02T19:00Z","NEON.LTR.BART047046.20160725","NEON.LTR.BART047046.20160725.FLR","NEON.DOC.001710vE","Flowers",0.005,"N",NA,"s4LYlYd4IKjECPyWRpmGA5yPYSQhQ+2d"
"d8a88a93-a5d5-4333-aa1e-c7b28d41bc7a","BART_047.basePlot.ltr","D01","BART","BART_047","BART_047_046","2016-08-01","2016-05-31","2016-07-25","2016-07-29T12:00Z","2016-08-02T19:00Z","NEON.LTR.BART047046.20160725","NEON.LTR.BART047046.20160725.WDY","NEON.DOC.001710vE","Woody material",0.05,"N",NA,"s4LYlYd4IKjECPyWRpmGA5yPYSQhQ+2d"
"b2488284-cab7-411b-97a6-7f27760040a1","BART_050.basePlot.ltr","D01","BART","BART_050","BART_050_808","2016-08-01","2016-05-31","2016-07-25","2016-07-29T12:00Z","2016-08-02T19:00Z","NEON.LTR.BART050808.20160725","NEON.LTR.BART050808.20160725.NDL","NEON.DOC.001710vE","Needles",2.23,"N",NA,"s4LYlYd4IKjECPyWRpmGA5yPYSQhQ+2d"
"809b934f-bf7b-4208-a2ac-420642560923","BART_050.basePlot.ltr","D01","BART","BART_050","BART_050_808","2016-08-01","2016-05-31","2016-07-25","2016-07-29T12:00Z","2016-08-02T19:00Z","NEON.LTR.BART050808.20160725","NEON.LTR.BART050808.20160725.TWI","NEON.DOC.001710vE","Twigs/branches",1.17,"N",NA,"s4LYlYd4IKjECPyWRpmGA5yPYSQhQ+2d"
"6723e4cc-0a9e-4ddf-aaf5-4f131c5d86fb","BART_050.basePlot.ltr","D01","BART","BART_050","BART_050_808","2016-08-01","2016-05-31","2016-07-25","2016-07-29T12:00Z","2016-08-02T19:00Z","NEON.LTR.BART050808.20160725","NEON.LTR.BART050808.20160725.SDS","NEON.DOC.001710vE","Seeds",0.59,"N",NA,"s4LYlYd4IKjECPyWRpmGA5yPYSQhQ+2d"
"a6e5c432-65c6-4880-affa-0c3536c475ad","BART_050.basePlot.ltr","D01","BART","BART_050","BART_050_808","2016-08-01","2016-05-31","2016-07-25","2016-07-29T12:00Z","2016-08-02T19:00Z","NEON.LTR.BART050808.20160725","NEON.LTR.BART050808.20160725.FLR","NEON.DOC.001710vE","Flowers",0.005,"N",NA,"s4LYlYd4IKjECPyWRpmGA5yPYSQhQ+2d"
"9120fdd9-29ff-442b-8d76-3e200df500eb","BART_050.basePlot.ltr","D01","BART","BART_050","BART_050_808","2016-08-01","2016-05-31","2016-07-25","2016-07-29T12:00Z","2016-08-02T19:00Z","NEON.LTR.BART050808.20160725","NEON.LTR.BART050808.20160725.LVS","NEON.DOC.001710vE","Leaves",2.13,"N",NA,"s4LYlYd4IKjECPyWRpmGA5yPYSQhQ+2d"
"a7e5b1e3-dc54-4b6d-9e62-1270ab9e6d4d","BART_050.basePlot.ltr","D01","BART","BART_050","BART_050_808","2016-08-01","2016-05-31","2016-07-25","2016-07-29T12:00Z","2016-08-02T19:00Z","NEON.LTR.BART050808.20160725","NEON.LTR.BART050808.20160725.WDY","NEON.DOC.001710vE","Woody material",0.23,"N",NA,"s4LYlYd4IKjECPyWRpmGA5yPYSQhQ+2d"
"87ca1a08-0afb-4c65-ab09-6771bcb83821","BART_050.basePlot.ltr","D01","BART","BART_050","BART_050_808","2016-08-01","2016-05-31","2016-07-25","2016-07-29T12:00Z","2016-08-02T19:00Z","NEON.LTR.BART050808.20160725","NEON.LTR.BART050808.20160725.OTH","NEON.DOC.001710vE","Other",5.25,"N",NA,"s4LYlYd4IKjECPyWRpmGA5yPYSQhQ+2d"
"41d92599-5401-4331-8620-4a9869794b62","BART_073.basePlot.ltr","D01","BART","BART_073","BART_073_409","2016-08-01","2016-05-31","2016-07-25","2016-07-29T12:00Z","2016-08-02T19:00Z","NEON.LTR.BART073409.20160725","NEON.LTR.BART073409.20160725.TWI","NEON.DOC.001710vE","Twigs/branches",4.45,"N",NA,"s4LYlYd4IKjECPyWRpmGA5yPYSQhQ+2d"
"ecffb3c9-da3d-4eb9-bcc3-bbcdd77a5aaa","BART_073.basePlot.ltr","D01","BART","BART_073","BART_073_409","2016-08-01","2016-05-31","2016-07-25","2016-07-29T12:00Z","2016-08-02T19:00Z","NEON.LTR.BART073409.20160725","NEON.LTR.BART073409.20160725.SDS","NEON.DOC.001710vE","Seeds",0.28,"N",NA,"s4LYlYd4IKjECPyWRpmGA5yPYSQhQ+2d"
"ed67fe9f-96a0-4df9-9f6f-6780adcf6fac","BART_073.basePlot.ltr","D01","BART","BART_073","BART_073_409","2016-08-01","2016-05-31","2016-07-25","2016-07-29T12:00Z","2016-08-02T19:00Z","NEON.LTR.BART073409.20160725","NEON.LTR.BART073409.20160725.FLR","NEON.DOC.001710vE","Flowers",0.18,"N",NA,"s4LYlYd4IKjECPyWRpmGA5yPYSQhQ+2d"
"fb4dcdd6-8868-456d-8559-010fa2386bbb","BART_073.basePlot.ltr","D01","BART","BART_073","BART_073_409","2016-08-01","2016-05-31","2016-07-25","2016-07-29T12:00Z","2016-08-02T19:00Z","NEON.LTR.BART073409.20160725","NEON.LTR.BART073409.20160725.OTH","NEON.DOC.001710vE","Other",2.28,"N",NA,"s4LYlYd4IKjECPyWRpmGA5yPYSQhQ+2d"
"bef80558-76f2-4a7a-b52e-036ff0634fe8","BART_073.basePlot.ltr","D01","BART","BART_073","BART_073_409","2016-08-01","2016-05-31","2016-07-25","2016-07-29T12:00Z","2016-08-02T19:00Z","NEON.LTR.BART073409.20160725","NEON.LTR.BART073409.20160725.NDL","NEON.DOC.001710vE","Needles",0.78,"N",NA,"s4LYlYd4IKjECPyWRpmGA5yPYSQhQ+2d"
"fa561568-643b-4299-b981-48da2e03a6db","BART_073.basePlot.ltr","D01","BART","BART_073","BART_073_409","2016-08-01","2016-05-31","2016-07-25","2016-07-29T12:00Z","2016-08-02T19:00Z","NEON.LTR.BART073409.20160725","NEON.LTR.BART073409.20160725.LVS","NEON.DOC.001710vE","Leaves",3.06,"N",NA,"s4LYlYd4IKjECPyWRpmGA5yPYSQhQ+2d"
"acf629f0-6db7-4053-b05e-528a4be919e9","BART_073.basePlot.ltr","D01","BART","BART_073","BART_073_409","2016-08-01","2016-05-31","2016-07-25","2016-07-29T12:00Z","2016-08-02T19:00Z","NEON.LTR.BART073409.20160725","NEON.LTR.BART073409.20160725.WDY","NEON.DOC.001710vE","Woody material",4.05,"N",NA,"s4LYlYd4IKjECPyWRpmGA5yPYSQhQ+2d"
"036c15ba-fa85-4f42-bd28-62ce769f25aa","BART_073.basePlot.ltr","D01","BART","BART_073","BART_073_539","2016-08-01","2016-05-31","2016-07-25","2016-07-29T12:00Z","2016-08-02T19:00Z","NEON.LTR.BART073539.20160725","NEON.LTR.BART073539.20160725.FLR","NEON.DOC.001710vE","Flowers",0.26,"N",NA,"s4LYlYd4IKjECPyWRpmGA5yPYSQhQ+2d"
"36069291-5259-4e22-8f4a-cf28dbfabbae","BART_073.basePlot.ltr","D01","BART","BART_073","BART_073_539","2016-08-01","2016-05-31","2016-07-25","2016-07-29T12:00Z","2016-08-02T19:00Z","NEON.LTR.BART073539.20160725","NEON.LTR.BART073539.20160725.SDS","NEON.DOC.001710vE","Seeds",0.31,"N",NA,"s4LYlYd4IKjECPyWRpmGA5yPYSQhQ+2d"
"7a398971-55f0-43b6-8742-52dc34e945a6","BART_073.basePlot.ltr","D01","BART","BART_073","BART_073_539","2016-08-01","2016-05-31","2016-07-25","2016-07-29T12:00Z","2016-08-02T19:00Z","NEON.LTR.BART073539.20160725","NEON.LTR.BART073539.20160725.OTH","NEON.DOC.001710vE","Other",2.81,"N",NA,"s4LYlYd4IKjECPyWRpmGA5yPYSQhQ+2d"
"38385d79-41dc-4bb0-8a09-2a5cc58edade","BART_073.basePlot.ltr","D01","BART","BART_073","BART_073_539","2016-08-01","2016-05-31","2016-07-25","2016-07-29T12:00Z","2016-08-02T19:00Z","NEON.LTR.BART073539.20160725","NEON.LTR.BART073539.20160725.WDY","NEON.DOC.001710vE","Woody material",0.06,"N",NA,"s4LYlYd4IKjECPyWRpmGA5yPYSQhQ+2d"
"d06fba6b-effd-4317-9b05-dc90091ad74f","BART_073.basePlot.ltr","D01","BART","BART_073","BART_073_539","2016-08-01","2016-05-31","2016-07-25","2016-07-29T12:00Z","2016-08-02T19:00Z","NEON.LTR.BART073539.20160725","NEON.LTR.BART073539.20160725.LVS","NEON.DOC.001710vE","Leaves",3.74,"N",NA,"s4LYlYd4IKjECPyWRpmGA5yPYSQhQ+2d"
"53a47e8c-f66e-4ec7-8068-5accba9afa57","BART_073.basePlot.ltr","D01","BART","BART_073","BART_073_539","2016-08-01","2016-05-31","2016-07-25","2016-07-29T12:00Z","2016-08-02T19:00Z","NEON.LTR.BART073539.20160725","NEON.LTR.BART073539.20160725.TWI","NEON.DOC.001710vE","Twigs/branches",1.96,"N",NA,"s4LYlYd4IKjECPyWRpmGA5yPYSQhQ+2d"
"10fd5ca0-cda3-41b9-9b68-1956c3356d1d","BART_073.basePlot.ltr","D01","BART","BART_073","BART_073_539","2016-08-01","2016-05-31","2016-07-25","2016-07-29T12:00Z","2016-08-02T19:00Z","NEON.LTR.BART073539.20160725","NEON.LTR.BART073539.20160725.NDL","NEON.DOC.001710vE","Needles",0.84,"N",NA,"s4LYlYd4IKjECPyWRpmGA5yPYSQhQ+2d"
"f0867e06-d82f-4d0f-a8e3-cbcecb3e1690","BART_070.basePlot.ltr","D01","BART","BART_070","BART_070_790","2016-08-01","2016-05-31","2016-07-26","2016-07-29T12:00Z","2016-08-02T19:00Z","NEON.LTR.BART070790.20160726","NEON.LTR.BART070790.20160726.SDS","NEON.DOC.001710vE","Seeds",0.59,"Y",NA,"s4LYlYd4IKjECPyWRpmGA5yPYSQhQ+2d"
"9282a158-9203-4ffe-8112-80a22f39316b","BART_070.basePlot.ltr","D01","BART","BART_070","BART_070_790","2016-08-01","2016-05-31","2016-07-26","2016-07-29T12:00Z","2016-08-02T19:00Z","NEON.LTR.BART070790.20160726","NEON.LTR.BART070790.20160726.FLR","NEON.DOC.001710vE","Flowers",0.07,"N",NA,"s4LYlYd4IKjECPyWRpmGA5yPYSQhQ+2d"
"0878b14d-a59c-4de8-a95a-962ab5d04ce4","BART_070.basePlot.ltr","D01","BART","BART_070","BART_070_790","2016-08-01","2016-05-31","2016-07-26","2016-07-29T12:00Z","2016-08-02T19:00Z","NEON.LTR.BART070790.20160726","NEON.LTR.BART070790.20160726.OTH","NEON.DOC.001710vE","Other",3.79,"N",NA,"s4LYlYd4IKjECPyWRpmGA5yPYSQhQ+2d"
"5a64e3db-50f0-4487-a3f3-069efe97b948","BART_070.basePlot.ltr","D01","BART","BART_070","BART_070_790","2016-08-01","2016-05-31","2016-07-26","2016-07-29T12:00Z","2016-08-02T19:00Z","NEON.LTR.BART070790.20160726","NEON.LTR.BART070790.20160726.LVS","NEON.DOC.001710vE","Leaves",1.26,"N",NA,"s4LYlYd4IKjECPyWRpmGA5yPYSQhQ+2d"
"310b10cc-c34c-4d93-876e-c12886efe856","BART_070.basePlot.ltr","D01","BART","BART_070","BART_070_790","2016-08-01","2016-05-31","2016-07-26","2016-07-29T12:00Z","2016-08-02T19:00Z","NEON.LTR.BART070790.20160726","NEON.LTR.BART070790.20160726.TWI","NEON.DOC.001710vE","Twigs/branches",0.55,"N",NA,"s4LYlYd4IKjECPyWRpmGA5yPYSQhQ+2d"
"d36ffae2-950a-4dab-9db5-84287dee3a73","BART_037.basePlot.ltr","D01","BART","BART_037","BART_037_884","2016-08-01","2016-05-31","2016-07-26","2016-07-29T12:00Z","2016-08-02T19:00Z","NEON.LTR.BART037884.20160726","NEON.LTR.BART037884.20160726.FLR","NEON.DOC.001710vE","Flowers",2.57,"N",NA,"s4LYlYd4IKjECPyWRpmGA5yPYSQhQ+2d"
"3e846175-33db-4bdb-afcc-421f43a7a116","BART_037.basePlot.ltr","D01","BART","BART_037","BART_037_884","2016-08-01","2016-05-31","2016-07-26","2016-07-29T12:00Z","2016-08-02T19:00Z","NEON.LTR.BART037884.20160726","NEON.LTR.BART037884.20160726.OTH","NEON.DOC.001710vE","Other",1.75,"N",NA,"s4LYlYd4IKjECPyWRpmGA5yPYSQhQ+2d"
"e3182d69-a83b-47a1-999d-0a65e5463a67","BART_037.basePlot.ltr","D01","BART","BART_037","BART_037_884","2016-08-01","2016-05-31","2016-07-26","2016-07-29T12:00Z","2016-08-02T19:00Z","NEON.LTR.BART037884.20160726","NEON.LTR.BART037884.20160726.LVS","NEON.DOC.001710vE","Leaves",3.03,"N",NA,"s4LYlYd4IKjECPyWRpmGA5yPYSQhQ+2d"
"c69f9c3d-1dc2-4d5d-b63b-dd7939ee440d","BART_037.basePlot.ltr","D01","BART","BART_037","BART_037_884","2016-08-01","2016-05-31","2016-07-26","2016-07-29T12:00Z","2016-08-02T19:00Z","NEON.LTR.BART037884.20160726","NEON.LTR.BART037884.20160726.WDY","NEON.DOC.001710vE","Woody material",0.51,"N",NA,"s4LYlYd4IKjECPyWRpmGA5yPYSQhQ+2d"
"a09ace38-0e67-44e7-b14b-6154f3f49b0b","BART_037.basePlot.ltr","D01","BART","BART_037","BART_037_884","2016-08-01","2016-05-31","2016-07-26","2016-07-29T12:00Z","2016-08-02T19:00Z","NEON.LTR.BART037884.20160726","NEON.LTR.BART037884.20160726.NDL","NEON.DOC.001710vE","Needles",0.01,"N",NA,"s4LYlYd4IKjECPyWRpmGA5yPYSQhQ+2d"
"7fe629c6-b42e-4f0c-93b3-6bd742047583","BART_037.basePlot.ltr","D01","BART","BART_037","BART_037_884","2016-08-01","2016-05-31","2016-07-26","2016-07-29T12:00Z","2016-08-02T19:00Z","NEON.LTR.BART037884.20160726","NEON.LTR.BART037884.20160726.SDS","NEON.DOC.001710vE","Seeds",0,"N",NA,"s4LYlYd4IKjECPyWRpmGA5yPYSQhQ+2d"
"e87bbb8d-69e5-4aa8-a092-19ca55e960ee","BART_037.basePlot.ltr","D01","BART","BART_037","BART_037_884","2016-08-01","2016-05-31","2016-07-26","2016-07-29T12:00Z","2016-08-02T19:00Z","NEON.LTR.BART037884.20160726","NEON.LTR.BART037884.20160726.TWI","NEON.DOC.001710vE","Twigs/branches",0.35,"Y",NA,"s4LYlYd4IKjECPyWRpmGA5yPYSQhQ+2d"
"7ac85d20-8699-47f5-89ad-4170fee0f738","BART_036.basePlot.ltr","D01","BART","BART_036","BART_036_925","2016-08-02","2016-05-31","2016-07-26","2016-07-29T12:00Z","2016-08-02T19:00Z","NEON.LTR.BART036925.20160726","NEON.LTR.BART036925.20160726.SDS","NEON.DOC.001710vE","Seeds",0.81,"N",NA,"s4LYlYd4IKjECPyWRpmGA5yPYSQhQ+2d"
"889277e6-39bc-4d3f-a9a3-e03ffedf8ca2","BART_036.basePlot.ltr","D01","BART","BART_036","BART_036_925","2016-08-02","2016-05-31","2016-07-26","2016-07-29T12:00Z","2016-08-02T19:00Z","NEON.LTR.BART036925.20160726","NEON.LTR.BART036925.20160726.TWI","NEON.DOC.001710vE","Twigs/branches",1.28,"N",NA,"s4LYlYd4IKjECPyWRpmGA5yPYSQhQ+2d"
"ec1fb578-11d4-4830-aad1-a2052ebb5f13","BART_036.basePlot.ltr","D01","BART","BART_036","BART_036_925","2016-08-02","2016-05-31","2016-07-26","2016-07-29T12:00Z","2016-08-02T19:00Z","NEON.LTR.BART036925.20160726","NEON.LTR.BART036925.20160726.LVS","NEON.DOC.001710vE","Leaves",4.12,"N",NA,"s4LYlYd4IKjECPyWRpmGA5yPYSQhQ+2d"
"b147f9f5-a63f-43f5-95b3-03d973d2cc9f","BART_036.basePlot.ltr","D01","BART","BART_036","BART_036_925","2016-08-02","2016-05-31","2016-07-26","2016-07-29T12:00Z","2016-08-02T19:00Z","NEON.LTR.BART036925.20160726","NEON.LTR.BART036925.20160726.NDL","NEON.DOC.001710vE","Needles",0.03,"N",NA,"s4LYlYd4IKjECPyWRpmGA5yPYSQhQ+2d"
"6e0f12b1-96ab-45d7-8c6d-f9bfe9759ce8","BART_036.basePlot.ltr","D01","BART","BART_036","BART_036_925","2016-08-02","2016-05-31","2016-07-26","2016-07-29T12:00Z","2016-08-02T19:00Z","NEON.LTR.BART036925.20160726","NEON.LTR.BART036925.20160726.OTH","NEON.DOC.001710vE","Other",1.81,"N",NA,"s4LYlYd4IKjECPyWRpmGA5yPYSQhQ+2d"
"e49dfd6f-2075-44aa-8bd5-30669e70a268","BART_036.basePlot.ltr","D01","BART","BART_036","BART_036_925","2016-08-02","2016-05-31","2016-07-26","2016-07-29T12:00Z","2016-08-02T19:00Z","NEON.LTR.BART036925.20160726","NEON.LTR.BART036925.20160726.WDY","NEON.DOC.001710vE","Woody material",0.15,"Y",NA,"s4LYlYd4IKjECPyWRpmGA5yPYSQhQ+2d"
"ebddfdad-8b4c-4352-9b47-10943a1b11ed","BART_070.basePlot.ltr","D01","BART","BART_070","BART_070_553","2016-08-01","2016-05-31","2016-07-26","2016-07-29T12:00Z","2016-08-02T19:00Z","NEON.LTR.BART070553.20160726","NEON.LTR.BART070553.20160726.OTH","NEON.DOC.001710vE","Other",6.98,"N",NA,"s4LYlYd4IKjECPyWRpmGA5yPYSQhQ+2d"
"ab94226e-b929-40fb-a437-669b674c8fe7","BART_070.basePlot.ltr","D01","BART","BART_070","BART_070_553","2016-08-01","2016-05-31","2016-07-26","2016-07-29T12:00Z","2016-08-02T19:00Z","NEON.LTR.BART070553.20160726","NEON.LTR.BART070553.20160726.LVS","NEON.DOC.001710vE","Leaves",0.76,"N",NA,"s4LYlYd4IKjECPyWRpmGA5yPYSQhQ+2d"
"c7c148e5-b347-4c7a-88db-21519ad4a672","BART_070.basePlot.ltr","D01","BART","BART_070","BART_070_553","2016-08-01","2016-05-31","2016-07-26","2016-07-29T12:00Z","2016-08-02T19:00Z","NEON.LTR.BART070553.20160726","NEON.LTR.BART070553.20160726.NDL","NEON.DOC.001710vE","Needles",1.76,"N",NA,"s4LYlYd4IKjECPyWRpmGA5yPYSQhQ+2d"
"cea769ed-1aa9-4550-a1b5-1b98de446dfe","BART_072.basePlot.ltr","D01","BART","BART_072","BART_072_567","2016-08-01","2016-05-31","2016-07-26","2016-07-29T12:00Z","2016-08-02T19:00Z","NEON.LTR.BART072567.20160726","NEON.LTR.BART072567.20160726.FLR","NEON.DOC.001710vE","Flowers",0.11,"N",NA,"s4LYlYd4IKjECPyWRpmGA5yPYSQhQ+2d"
"381b73a4-3608-461f-b08a-ff4e9f4052b2","BART_070.basePlot.ltr","D01","BART","BART_070","BART_070_553","2016-08-01","2016-05-31","2016-07-26","2016-07-29T12:00Z","2016-08-02T19:00Z","NEON.LTR.BART070553.20160726","NEON.LTR.BART070553.20160726.FLR","NEON.DOC.001710vE","Flowers",0.18,"N",NA,"s4LYlYd4IKjECPyWRpmGA5yPYSQhQ+2d"
"37d1b08c-44a6-42bd-9770-d13b72a14d76","BART_072.basePlot.ltr","D01","BART","BART_072","BART_072_567","2016-08-01","2016-05-31","2016-07-26","2016-07-29T12:00Z","2016-08-02T19:00Z","NEON.LTR.BART072567.20160726","NEON.LTR.BART072567.20160726.WDY","NEON.DOC.001710vE","Woody material",1.32,"N",NA,"s4LYlYd4IKjECPyWRpmGA5yPYSQhQ+2d"
"5110b47a-c8e8-45c2-a5cf-91111cfb00ad","BART_070.basePlot.ltr","D01","BART","BART_070","BART_070_553","2016-08-01","2016-05-31","2016-07-26","2016-07-29T12:00Z","2016-08-02T19:00Z","NEON.LTR.BART070553.20160726","NEON.LTR.BART070553.20160726.WDY","NEON.DOC.001710vE","Woody material",0.25,"N",NA,"s4LYlYd4IKjECPyWRpmGA5yPYSQhQ+2d"
"a888edfa-acc7-40b5-ba5a-e9c3c59310ee","BART_070.basePlot.ltr","D01","BART","BART_070","BART_070_553","2016-08-01","2016-05-31","2016-07-26","2016-07-29T12:00Z","2016-08-02T19:00Z","NEON.LTR.BART070553.20160726","NEON.LTR.BART070553.20160726.SDS","NEON.DOC.001710vE","Seeds",0.33,"N",NA,"s4LYlYd4IKjECPyWRpmGA5yPYSQhQ+2d"
"f900af95-f7e7-481f-bb36-f500e61f807d","BART_072.basePlot.ltr","D01","BART","BART_072","BART_072_567","2016-08-01","2016-05-31","2016-07-26","2016-07-29T12:00Z","2016-08-02T19:00Z","NEON.LTR.BART072567.20160726","NEON.LTR.BART072567.20160726.TWI","NEON.DOC.001710vE","Twigs/branches",2.3,"N",NA,"s4LYlYd4IKjECPyWRpmGA5yPYSQhQ+2d"
"67d7387a-5280-483c-bb40-b48a3e60b47d","BART_070.basePlot.ltr","D01","BART","BART_070","BART_070_553","2016-08-01","2016-05-31","2016-07-26","2016-07-29T12:00Z","2016-08-02T19:00Z","NEON.LTR.BART070553.20160726","NEON.LTR.BART070553.20160726.TWI","NEON.DOC.001710vE","Twigs/branches",0.34,"N",NA,"s4LYlYd4IKjECPyWRpmGA5yPYSQhQ+2d"
"25e9a33a-7911-4836-ba4a-aaac285ebbe8","BART_072.basePlot.ltr","D01","BART","BART_072","BART_072_567","2016-08-01","2016-05-31","2016-07-26","2016-07-29T12:00Z","2016-08-02T19:00Z","NEON.LTR.BART072567.20160726","NEON.LTR.BART072567.20160726.OTH","NEON.DOC.001710vE","Other",3.76,"Y",NA,"s4LYlYd4IKjECPyWRpmGA5yPYSQhQ+2d"
"9a219b4b-f5b5-4755-a47b-38d77589b06e","BART_072.basePlot.ltr","D01","BART","BART_072","BART_072_567","2016-08-01","2016-05-31","2016-07-26","2016-07-29T12:00Z","2016-08-02T19:00Z","NEON.LTR.BART072567.20160726","NEON.LTR.BART072567.20160726.SDS","NEON.DOC.001710vE","Seeds",0.33,"N",NA,"s4LYlYd4IKjECPyWRpmGA5yPYSQhQ+2d"
"abec4ec0-14a0-4d29-9d71-1c549f74b232","BART_072.basePlot.ltr","D01","BART","BART_072","BART_072_567","2016-08-01","2016-05-31","2016-07-26","2016-07-29T12:00Z","2016-08-02T19:00Z","NEON.LTR.BART072567.20160726","NEON.LTR.BART072567.20160726.NDL","NEON.DOC.001710vE","Needles",0.83,"N",NA,"s4LYlYd4IKjECPyWRpmGA5yPYSQhQ+2d"
"6f55a1ea-84ac-4994-b794-4881d76931e7","BART_072.basePlot.ltr","D01","BART","BART_072","BART_072_567","2016-08-01","2016-05-31","2016-07-26","2016-07-29T12:00Z","2016-08-02T19:00Z","NEON.LTR.BART072567.20160726","NEON.LTR.BART072567.20160726.LVS","NEON.DOC.001710vE","Leaves",2.44,"N",NA,"s4LYlYd4IKjECPyWRpmGA5yPYSQhQ+2d"
"4725093e-f96c-40ae-ac97-8df53d5ed739","BART_046.basePlot.ltr","D01","BART","BART_046","BART_046_852","2016-08-02","2016-05-31","2016-07-26","2016-07-29T12:00Z","2016-08-02T19:00Z","NEON.LTR.BART046852.20160726","NEON.LTR.BART046852.20160726.FLR","NEON.DOC.001710vE","Flowers",0.2,"N",NA,"s4LYlYd4IKjECPyWRpmGA5yPYSQhQ+2d"
"e42d33f4-524d-4a7f-9d6c-79038e76160f","BART_046.basePlot.ltr","D01","BART","BART_046","BART_046_852","2016-08-02","2016-05-31","2016-07-26","2016-07-29T12:00Z","2016-08-02T19:00Z","NEON.LTR.BART046852.20160726","NEON.LTR.BART046852.20160726.TWI","NEON.DOC.001710vE","Twigs/branches",3.29,"N",NA,"s4LYlYd4IKjECPyWRpmGA5yPYSQhQ+2d"
"79137cf1-f996-4e49-b632-df47d0bc61c1","BART_046.basePlot.ltr","D01","BART","BART_046","BART_046_852","2016-08-02","2016-05-31","2016-07-26","2016-07-29T12:00Z","2016-08-02T19:00Z","NEON.LTR.BART046852.20160726","NEON.LTR.BART046852.20160726.NDL","NEON.DOC.001710vE","Needles",0.1,"N",NA,"s4LYlYd4IKjECPyWRpmGA5yPYSQhQ+2d"
"64da4de4-c592-4efe-8750-357724a3ac37","BART_046.basePlot.ltr","D01","BART","BART_046","BART_046_852","2016-08-02","2016-05-31","2016-07-26","2016-07-29T12:00Z","2016-08-02T19:00Z","NEON.LTR.BART046852.20160726","NEON.LTR.BART046852.20160726.LVS","NEON.DOC.001710vE","Leaves",4.04,"N",NA,"s4LYlYd4IKjECPyWRpmGA5yPYSQhQ+2d"
"9664fcf8-0323-43c3-ad15-7ef72cdaf747","BART_046.basePlot.ltr","D01","BART","BART_046","BART_046_852","2016-08-02","2016-05-31","2016-07-26","2016-07-29T12:00Z","2016-08-02T19:00Z","NEON.LTR.BART046852.20160726","NEON.LTR.BART046852.20160726.OTH","NEON.DOC.001710vE","Other",1.49,"N",NA,"s4LYlYd4IKjECPyWRpmGA5yPYSQhQ+2d"
"659e8210-bdd0-4cb4-81ed-9c1656c55cc4","BART_046.basePlot.ltr","D01","BART","BART_046","BART_046_852","2016-08-02","2016-05-31","2016-07-26","2016-07-29T12:00Z","2016-08-02T19:00Z","NEON.LTR.BART046852.20160726","NEON.LTR.BART046852.20160726.SDS","NEON.DOC.001710vE","Seeds",0.29,"N",NA,"s4LYlYd4IKjECPyWRpmGA5yPYSQhQ+2d"
"1965bb7b-ab7a-4887-a72a-3f46b845525b","BART_046.basePlot.ltr","D01","BART","BART_046","BART_046_852","2016-08-02","2016-05-31","2016-07-26","2016-07-29T12:00Z","2016-08-02T19:00Z","NEON.LTR.BART046852.20160726","NEON.LTR.BART046852.20160726.WDY","NEON.DOC.001710vE","Woody material",0.21,"N",NA,"s4LYlYd4IKjECPyWRpmGA5yPYSQhQ+2d"
"63d47574-75bf-463d-b2f5-704ae052e978","BART_072.basePlot.ltr","D01","BART","BART_072","BART_072_162","2016-08-01","2016-05-31","2016-07-26","2016-07-29T12:00Z","2016-08-02T19:00Z","NEON.LTR.BART072162.20160726","NEON.LTR.BART072162.20160726.SDS","NEON.DOC.001710vE","Seeds",0.05,"N",NA,"s4LYlYd4IKjECPyWRpmGA5yPYSQhQ+2d"
"0c6cb4b2-c48e-4ab1-8058-99e6f1a04897","BART_072.basePlot.ltr","D01","BART","BART_072","BART_072_162","2016-08-01","2016-05-31","2016-07-26","2016-07-29T12:00Z","2016-08-02T19:00Z","NEON.LTR.BART072162.20160726","NEON.LTR.BART072162.20160726.TWI","NEON.DOC.001710vE","Twigs/branches",10.4,"N",NA,"s4LYlYd4IKjECPyWRpmGA5yPYSQhQ+2d"
"3c1d969c-2ac2-46fd-8e42-421f50d1ba46","BART_072.basePlot.ltr","D01","BART","BART_072","BART_072_162","2016-08-01","2016-05-31","2016-07-26","2016-07-29T12:00Z","2016-08-02T19:00Z","NEON.LTR.BART072162.20160726","NEON.LTR.BART072162.20160726.WDY","NEON.DOC.001710vE","Woody material",0.1,"N",NA,"s4LYlYd4IKjECPyWRpmGA5yPYSQhQ+2d"
"f31769d0-34bd-4278-9697-5055116e7a2f","BART_072.basePlot.ltr","D01","BART","BART_072","BART_072_162","2016-08-01","2016-05-31","2016-07-26","2016-07-29T12:00Z","2016-08-02T19:00Z","NEON.LTR.BART072162.20160726","NEON.LTR.BART072162.20160726.OTH","NEON.DOC.001710vE","Other",2.45,"N",NA,"s4LYlYd4IKjECPyWRpmGA5yPYSQhQ+2d"
"1d8890cd-a6bf-42bb-af5e-39ed5db6cc49","BART_072.basePlot.ltr","D01","BART","BART_072","BART_072_162","2016-08-01","2016-05-31","2016-07-26","2016-07-29T12:00Z","2016-08-02T19:00Z","NEON.LTR.BART072162.20160726","NEON.LTR.BART072162.20160726.NDL","NEON.DOC.001710vE","Needles",1.23,"N",NA,"s4LYlYd4IKjECPyWRpmGA5yPYSQhQ+2d"
"42fda911-6cce-4b4f-a6d1-dc6279cc59bd","BART_072.basePlot.ltr","D01","BART","BART_072","BART_072_162","2016-08-01","2016-05-31","2016-07-26","2016-07-29T12:00Z","2016-08-02T19:00Z","NEON.LTR.BART072162.20160726","NEON.LTR.BART072162.20160726.FLR","NEON.DOC.001710vE","Flowers",0.06,"N",NA,"s4LYlYd4IKjECPyWRpmGA5yPYSQhQ+2d"
"cb273ddb-63ac-4166-9c7c-83a2046f78d3","BART_072.basePlot.ltr","D01","BART","BART_072","BART_072_162","2016-08-01","2016-05-31","2016-07-26","2016-07-29T12:00Z","2016-08-02T19:00Z","NEON.LTR.BART072162.20160726","NEON.LTR.BART072162.20160726.LVS","NEON.DOC.001710vE","Leaves",2.57,"N",NA,"s4LYlYd4IKjECPyWRpmGA5yPYSQhQ+2d"
"4bb050c9-a0bb-4c3a-9459-c1765733aebc","BART_033.basePlot.ltr","D01","BART","BART_033","BART_033_453","2016-08-02","2016-05-31","2016-07-26","2016-07-29T12:00Z","2016-08-02T19:00Z","NEON.LTR.BART033453.20160726","NEON.LTR.BART033453.20160726.TWI","NEON.DOC.001710vE","Twigs/branches",0.17,"N",NA,"s4LYlYd4IKjECPyWRpmGA5yPYSQhQ+2d"
"7cb79659-f152-4a98-9a7e-59a276acbdf7","BART_074.basePlot.ltr","D01","BART","BART_074","BART_074_555","2016-08-01","2016-05-31","2016-07-26","2016-07-29T12:00Z","2016-08-02T19:00Z","NEON.LTR.BART074555.20160726","NEON.LTR.BART074555.20160726.SDS","NEON.DOC.001710vE","Seeds",0.03,"N",NA,"s4LYlYd4IKjECPyWRpmGA5yPYSQhQ+2d"
"f5eca985-eda3-4f81-b8a0-c89bf58f5a01","BART_033.basePlot.ltr","D01","BART","BART_033","BART_033_453","2016-08-02","2016-05-31","2016-07-26","2016-07-29T12:00Z","2016-08-02T19:00Z","NEON.LTR.BART033453.20160726","NEON.LTR.BART033453.20160726.OTH","NEON.DOC.001710vE","Other",0.51,"N",NA,"s4LYlYd4IKjECPyWRpmGA5yPYSQhQ+2d"
"2da74b69-e507-418c-88cb-d1bb1bea1d7c","BART_074.basePlot.ltr","D01","BART","BART_074","BART_074_555","2016-08-01","2016-05-31","2016-07-26","2016-07-29T12:00Z","2016-08-02T19:00Z","NEON.LTR.BART074555.20160726","NEON.LTR.BART074555.20160726.OTH","NEON.DOC.001710vE","Other",0.78,"N",NA,"s4LYlYd4IKjECPyWRpmGA5yPYSQhQ+2d"
"e7fbc244-6be4-483b-82fe-69172ae7cf73","BART_074.basePlot.ltr","D01","BART","BART_074","BART_074_555","2016-08-01","2016-05-31","2016-07-26","2016-07-29T12:00Z","2016-08-02T19:00Z","NEON.LTR.BART074555.20160726","NEON.LTR.BART074555.20160726.FLR","NEON.DOC.001710vE","Flowers",0.005,"N",NA,"s4LYlYd4IKjECPyWRpmGA5yPYSQhQ+2d"
"9a922c31-0de9-46dc-a9c7-dad105f2392b","BART_074.basePlot.ltr","D01","BART","BART_074","BART_074_555","2016-08-01","2016-05-31","2016-07-26","2016-07-29T12:00Z","2016-08-02T19:00Z","NEON.LTR.BART074555.20160726","NEON.LTR.BART074555.20160726.LVS","NEON.DOC.001710vE","Leaves",2.64,"N",NA,"s4LYlYd4IKjECPyWRpmGA5yPYSQhQ+2d"
"562f98c7-fdce-457a-822e-83437c420b23","BART_033.basePlot.ltr","D01","BART","BART_033","BART_033_453","2016-08-02","2016-05-31","2016-07-26","2016-07-29T12:00Z","2016-08-02T19:00Z","NEON.LTR.BART033453.20160726","NEON.LTR.BART033453.20160726.FLR","NEON.DOC.001710vE","Flowers",0.13,"N",NA,"s4LYlYd4IKjECPyWRpmGA5yPYSQhQ+2d"
"8028d6f7-cfbb-41a3-898f-acf0d5aea94e","BART_033.basePlot.ltr","D01","BART","BART_033","BART_033_453","2016-08-02","2016-05-31","2016-07-26","2016-07-29T12:00Z","2016-08-02T19:00Z","NEON.LTR.BART033453.20160726","NEON.LTR.BART033453.20160726.LVS","NEON.DOC.001710vE","Leaves",2.75,"N",NA,"s4LYlYd4IKjECPyWRpmGA5yPYSQhQ+2d"
"b48f1610-ab5e-4439-8328-ebb4e3e35ce8","BART_074.basePlot.ltr","D01","BART","BART_074","BART_074_555","2016-08-01","2016-05-31","2016-07-26","2016-07-29T12:00Z","2016-08-02T19:00Z","NEON.LTR.BART074555.20160726","NEON.LTR.BART074555.20160726.TWI","NEON.DOC.001710vE","Twigs/branches",4.93,"N",NA,"s4LYlYd4IKjECPyWRpmGA5yPYSQhQ+2d"
"e576243a-8e17-4f29-88f6-5d844f6ae42f","BART_074.basePlot.ltr","D01","BART","BART_074","BART_074_555","2016-08-01","2016-05-31","2016-07-26","2016-07-29T12:00Z","2016-08-02T19:00Z","NEON.LTR.BART074555.20160726","NEON.LTR.BART074555.20160726.WDY","NEON.DOC.001710vE","Woody material",1.16,"N",NA,"s4LYlYd4IKjECPyWRpmGA5yPYSQhQ+2d"
"2bc2df01-105d-4c94-8a77-3a5f020c73b7","BART_033.basePlot.ltr","D01","BART","BART_033","BART_033_453","2016-08-02","2016-05-31","2016-07-26","2016-07-29T12:00Z","2016-08-02T19:00Z","NEON.LTR.BART033453.20160726","NEON.LTR.BART033453.20160726.WDY","NEON.DOC.001710vE","Woody material",0.08,"N",NA,"s4LYlYd4IKjECPyWRpmGA5yPYSQhQ+2d"
"56dedf9e-ce55-4570-a39c-765889de092b","BART_033.basePlot.ltr","D01","BART","BART_033","BART_033_453","2016-08-02","2016-05-31","2016-07-26","2016-07-29T12:00Z","2016-08-02T19:00Z","NEON.LTR.BART033453.20160726","NEON.LTR.BART033453.20160726.SDS","NEON.DOC.001710vE","Seeds",0.56,"N",NA,"s4LYlYd4IKjECPyWRpmGA5yPYSQhQ+2d"
"5d436d93-2555-4877-b520-bb4f6cc68cda","BART_033.basePlot.ltr","D01","BART","BART_033","BART_033_453","2016-08-02","2016-05-31","2016-07-26","2016-07-29T12:00Z","2016-08-02T19:00Z","NEON.LTR.BART033453.20160726","NEON.LTR.BART033453.20160726.NDL","NEON.DOC.001710vE","Needles",0.22,"N",NA,"s4LYlYd4IKjECPyWRpmGA5yPYSQhQ+2d"
"2a3ffd21-8911-4f14-ac40-ab8286ed207b","BART_074.basePlot.ltr","D01","BART","BART_074","BART_074_555","2016-08-01","2016-05-31","2016-07-26","2016-07-29T12:00Z","2016-08-02T19:00Z","NEON.LTR.BART074555.20160726","NEON.LTR.BART074555.20160726.NDL","NEON.DOC.001710vE","Needles",0.48,"N",NA,"s4LYlYd4IKjECPyWRpmGA5yPYSQhQ+2d"
"87994bd3-4e6b-44d2-b339-a50a9306dcd7","BART_075.basePlot.ltr","D01","BART","BART_075","BART_075_389","2016-08-01","2016-05-31","2016-07-26","2016-07-29T12:00Z","2016-08-02T19:00Z","NEON.LTR.BART075389.20160726","NEON.LTR.BART075389.20160726.LVS","NEON.DOC.001710vE","Leaves",1.28,"N",NA,"s4LYlYd4IKjECPyWRpmGA5yPYSQhQ+2d"
"9c26ee5b-d9da-413f-bcff-86193d6fd447","BART_075.basePlot.ltr","D01","BART","BART_075","BART_075_389","2016-08-01","2016-05-31","2016-07-26","2016-07-29T12:00Z","2016-08-02T19:00Z","NEON.LTR.BART075389.20160726","NEON.LTR.BART075389.20160726.SDS","NEON.DOC.001710vE","Seeds",0.34,"N",NA,"s4LYlYd4IKjECPyWRpmGA5yPYSQhQ+2d"
"d6d69c48-7f05-42de-8e96-c3678906885a","BART_075.basePlot.ltr","D01","BART","BART_075","BART_075_389","2016-08-01","2016-05-31","2016-07-26","2016-07-29T12:00Z","2016-08-02T19:00Z","NEON.LTR.BART075389.20160726","NEON.LTR.BART075389.20160726.NDL","NEON.DOC.001710vE","Needles",1.45,"N",NA,"s4LYlYd4IKjECPyWRpmGA5yPYSQhQ+2d"
"1864a4e9-885d-4947-847e-440a0d07ecfe","BART_075.basePlot.ltr","D01","BART","BART_075","BART_075_389","2016-08-01","2016-05-31","2016-07-26","2016-07-29T12:00Z","2016-08-02T19:00Z","NEON.LTR.BART075389.20160726","NEON.LTR.BART075389.20160726.WDY","NEON.DOC.001710vE","Woody material",2.3,"N",NA,"s4LYlYd4IKjECPyWRpmGA5yPYSQhQ+2d"
"48c8d127-94e5-48ef-8091-079dc059ea79","BART_075.basePlot.ltr","D01","BART","BART_075","BART_075_389","2016-08-01","2016-05-31","2016-07-26","2016-07-29T12:00Z","2016-08-02T19:00Z","NEON.LTR.BART075389.20160726","NEON.LTR.BART075389.20160726.OTH","NEON.DOC.001710vE","Other",3.15,"N",NA,"s4LYlYd4IKjECPyWRpmGA5yPYSQhQ+2d"
"e7ef28e9-ba42-4d0d-b983-5618fc992244","BART_075.basePlot.ltr","D01","BART","BART_075","BART_075_389","2016-08-01","2016-05-31","2016-07-26","2016-07-29T12:00Z","2016-08-02T19:00Z","NEON.LTR.BART075389.20160726","NEON.LTR.BART075389.20160726.FLR","NEON.DOC.001710vE","Flowers",0.005,"N",NA,"s4LYlYd4IKjECPyWRpmGA5yPYSQhQ+2d"
"b9611c30-c6d4-475f-a5d7-694b940f574f","BART_075.basePlot.ltr","D01","BART","BART_075","BART_075_389","2016-08-01","2016-05-31","2016-07-26","2016-07-29T12:00Z","2016-08-02T19:00Z","NEON.LTR.BART075389.20160726","NEON.LTR.BART075389.20160726.TWI","NEON.DOC.001710vE","Twigs/branches",0.8,"N",NA,"s4LYlYd4IKjECPyWRpmGA5yPYSQhQ+2d"
"d95a1a2e-9037-4fdd-bf97-9753a1e6efe9","BART_074.basePlot.ltr","D01","BART","BART_074","BART_074_942","2016-08-01","2016-05-31","2016-07-26","2016-07-29T12:00Z","2016-08-02T19:00Z","NEON.LTR.BART074942.20160726","NEON.LTR.BART074942.20160726.FLR","NEON.DOC.001710vE","Flowers",0.15,"N",NA,"s4LYlYd4IKjECPyWRpmGA5yPYSQhQ+2d"
"d6cad2a3-d1b8-4a1d-9619-77d18bfa0782","BART_074.basePlot.ltr","D01","BART","BART_074","BART_074_942","2016-08-01","2016-05-31","2016-07-26","2016-07-29T12:00Z","2016-08-02T19:00Z","NEON.LTR.BART074942.20160726","NEON.LTR.BART074942.20160726.SDS","NEON.DOC.001710vE","Seeds",0.32,"N",NA,"s4LYlYd4IKjECPyWRpmGA5yPYSQhQ+2d"
"8e0138e1-af97-4dfb-9114-170dc19e29f8","BART_074.basePlot.ltr","D01","BART","BART_074","BART_074_942","2016-08-01","2016-05-31","2016-07-26","2016-07-29T12:00Z","2016-08-02T19:00Z","NEON.LTR.BART074942.20160726","NEON.LTR.BART074942.20160726.NDL","NEON.DOC.001710vE","Needles",0.1,"N",NA,"s4LYlYd4IKjECPyWRpmGA5yPYSQhQ+2d"
"b272e93e-0a7c-47e2-8731-91af9e309406","BART_074.basePlot.ltr","D01","BART","BART_074","BART_074_942","2016-08-01","2016-05-31","2016-07-26","2016-07-29T12:00Z","2016-08-02T19:00Z","NEON.LTR.BART074942.20160726","NEON.LTR.BART074942.20160726.TWI","NEON.DOC.001710vE","Twigs/branches",0.02,"N",NA,"s4LYlYd4IKjECPyWRpmGA5yPYSQhQ+2d"
"577d01f6-5739-4705-8121-1cd33505e692","BART_074.basePlot.ltr","D01","BART","BART_074","BART_074_942","2016-08-01","2016-05-31","2016-07-26","2016-07-29T12:00Z","2016-08-02T19:00Z","NEON.LTR.BART074942.20160726","NEON.LTR.BART074942.20160726.OTH","NEON.DOC.001710vE","Other",0.56,"N",NA,"s4LYlYd4IKjECPyWRpmGA5yPYSQhQ+2d"
"78ecd4ef-c68f-4f55-a05a-7fc7acf31f8f","BART_074.basePlot.ltr","D01","BART","BART_074","BART_074_942","2016-08-01","2016-05-31","2016-07-26","2016-07-29T12:00Z","2016-08-02T19:00Z","NEON.LTR.BART074942.20160726","NEON.LTR.BART074942.20160726.LVS","NEON.DOC.001710vE","Leaves",2.47,"N",NA,"s4LYlYd4IKjECPyWRpmGA5yPYSQhQ+2d"
"a59883cd-c548-4c15-9a5d-53134e0ddbd2","BART_074.basePlot.ltr","D01","BART","BART_074","BART_074_942","2016-08-01","2016-05-31","2016-07-26","2016-07-29T12:00Z","2016-08-02T19:00Z","NEON.LTR.BART074942.20160726","NEON.LTR.BART074942.20160726.WDY","NEON.DOC.001710vE","Woody material",0.04,"Y",NA,"s4LYlYd4IKjECPyWRpmGA5yPYSQhQ+2d"
"b1ce2500-e05c-4b3b-a08d-0cac053bc09a","BART_070.basePlot.ltr","D01","BART","BART_070","BART_070_790","2016-08-01","2016-05-31","2016-07-26","2016-07-29T12:00Z","2016-08-02T19:00Z","NEON.LTR.BART070790.20160726","NEON.LTR.BART070790.20160726.NDL","NEON.DOC.001710vE","Needles",1.66,"N",NA,"s4LYlYd4IKjECPyWRpmGA5yPYSQhQ+2d"
"833cf875-6575-48e4-a8b9-814d8a940c72","BART_070.basePlot.ltr","D01","BART","BART_070","BART_070_790","2016-08-01","2016-05-31","2016-07-26","2016-07-29T12:00Z","2016-08-02T19:00Z","NEON.LTR.BART070790.20160726","NEON.LTR.BART070790.20160726.WDY","NEON.DOC.001710vE","Woody material",4.44,"N",NA,"s4LYlYd4IKjECPyWRpmGA5yPYSQhQ+2d"
"34807e35-b670-4107-8691-4585d4ebcb14","BART_044.basePlot.ltr","D01","BART","BART_044","BART_044_410","2016-08-02","2016-05-31","2016-07-26","2016-07-29T12:00Z","2016-08-02T19:00Z","NEON.LTR.BART044410.20160726","NEON.LTR.BART044410.20160726.OTH","NEON.DOC.001710vE","Other",0.68,"N",NA,"s4LYlYd4IKjECPyWRpmGA5yPYSQhQ+2d"
"0de24997-0e80-4315-8a14-b596942995dd","BART_044.basePlot.ltr","D01","BART","BART_044","BART_044_410","2016-08-02","2016-05-31","2016-07-26","2016-07-29T12:00Z","2016-08-02T19:00Z","NEON.LTR.BART044410.20160726","NEON.LTR.BART044410.20160726.SDS","NEON.DOC.001710vE","Seeds",0.15,"N",NA,"s4LYlYd4IKjECPyWRpmGA5yPYSQhQ+2d"
"2ff538f0-42ac-4191-87d1-479ddbcfb09e","BART_044.basePlot.ltr","D01","BART","BART_044","BART_044_410","2016-08-02","2016-05-31","2016-07-26","2016-07-29T12:00Z","2016-08-02T19:00Z","NEON.LTR.BART044410.20160726","NEON.LTR.BART044410.20160726.TWI","NEON.DOC.001710vE","Twigs/branches",0.96,"Y",NA,"s4LYlYd4IKjECPyWRpmGA5yPYSQhQ+2d"
"0f0a40aa-8d26-4051-9f87-d46f1e427ff1","BART_044.basePlot.ltr","D01","BART","BART_044","BART_044_410","2016-08-02","2016-05-31","2016-07-26","2016-07-29T12:00Z","2016-08-02T19:00Z","NEON.LTR.BART044410.20160726","NEON.LTR.BART044410.20160726.LVS","NEON.DOC.001710vE","Leaves",4.44,"N",NA,"s4LYlYd4IKjECPyWRpmGA5yPYSQhQ+2d"
"b040c09d-75a2-485f-97b7-9dc6619a5256","BART_044.basePlot.ltr","D01","BART","BART_044","BART_044_410","2016-08-02","2016-05-31","2016-07-26","2016-07-29T12:00Z","2016-08-02T19:00Z","NEON.LTR.BART044410.20160726","NEON.LTR.BART044410.20160726.NDL","NEON.DOC.001710vE","Needles",1.79,"N",NA,"s4LYlYd4IKjECPyWRpmGA5yPYSQhQ+2d"
"38207327-19c9-4426-8ad4-84932832c8cc","BART_044.basePlot.ltr","D01","BART","BART_044","BART_044_410","2016-08-02","2016-05-31","2016-07-26","2016-07-29T12:00Z","2016-08-02T19:00Z","NEON.LTR.BART044410.20160726","NEON.LTR.BART044410.20160726.WDY","NEON.DOC.001710vE","Woody material",0.26,"N",NA,"s4LYlYd4IKjECPyWRpmGA5yPYSQhQ+2d"
"083d0ac6-3e2e-4e81-b29d-6f5c47acda2e","BART_044.basePlot.ltr","D01","BART","BART_044","BART_044_410","2016-08-02","2016-05-31","2016-07-26","2016-07-29T12:00Z","2016-08-02T19:00Z","NEON.LTR.BART044410.20160726","NEON.LTR.BART044410.20160726.FLR","NEON.DOC.001710vE","Flowers",0.005,"N",NA,"s4LYlYd4IKjECPyWRpmGA5yPYSQhQ+2d"
"b1ee500d-c231-4cf6-8644-f8742a077401","BART_033.basePlot.ltr","D01","BART","BART_033","BART_033_923","2016-08-02","2016-05-31","2016-07-26","2016-07-29T12:00Z","2016-08-02T19:00Z","NEON.LTR.BART033923.20160726","NEON.LTR.BART033923.20160726.WDY","NEON.DOC.001710vE","Woody material",0.62,"N",NA,"s4LYlYd4IKjECPyWRpmGA5yPYSQhQ+2d"
"f8e4f2ef-b7b3-441a-aba2-3240762265ac","BART_033.basePlot.ltr","D01","BART","BART_033","BART_033_923","2016-08-02","2016-05-31","2016-07-26","2016-07-29T12:00Z","2016-08-02T19:00Z","NEON.LTR.BART033923.20160726","NEON.LTR.BART033923.20160726.TWI","NEON.DOC.001710vE","Twigs/branches",1.06,"N",NA,"s4LYlYd4IKjECPyWRpmGA5yPYSQhQ+2d"
"0fd2f21b-c212-4992-93d0-eb5b1925c9b3","BART_033.basePlot.ltr","D01","BART","BART_033","BART_033_923","2016-08-02","2016-05-31","2016-07-26","2016-07-29T12:00Z","2016-08-02T19:00Z","NEON.LTR.BART033923.20160726","NEON.LTR.BART033923.20160726.LVS","NEON.DOC.001710vE","Leaves",4.27,"Y",NA,"s4LYlYd4IKjECPyWRpmGA5yPYSQhQ+2d"
"e926ad7e-c5ba-44ff-bc04-2aeeaa7acf91","BART_033.basePlot.ltr","D01","BART","BART_033","BART_033_923","2016-08-02","2016-05-31","2016-07-26","2016-07-29T12:00Z","2016-08-02T19:00Z","NEON.LTR.BART033923.20160726","NEON.LTR.BART033923.20160726.NDL","NEON.DOC.001710vE","Needles",0,"N",NA,"s4LYlYd4IKjECPyWRpmGA5yPYSQhQ+2d"
"a512d474-89b3-4b02-8696-5aa00e29e445","BART_033.basePlot.ltr","D01","BART","BART_033","BART_033_923","2016-08-02","2016-05-31","2016-07-26","2016-07-29T12:00Z","2016-08-02T19:00Z","NEON.LTR.BART033923.20160726","NEON.LTR.BART033923.20160726.FLR","NEON.DOC.001710vE","Flowers",0.15,"N",NA,"s4LYlYd4IKjECPyWRpmGA5yPYSQhQ+2d"
"528306ee-aed2-4495-ad8d-c15753381870","BART_033.basePlot.ltr","D01","BART","BART_033","BART_033_923","2016-08-02","2016-05-31","2016-07-26","2016-07-29T12:00Z","2016-08-02T19:00Z","NEON.LTR.BART033923.20160726","NEON.LTR.BART033923.20160726.OTH","NEON.DOC.001710vE","Other",1.58,"N",NA,"s4LYlYd4IKjECPyWRpmGA5yPYSQhQ+2d"
"47ec619c-922e-46f0-a023-50a7b6c2c5ef","BART_033.basePlot.ltr","D01","BART","BART_033","BART_033_923","2016-08-02","2016-05-31","2016-07-26","2016-07-29T12:00Z","2016-08-02T19:00Z","NEON.LTR.BART033923.20160726","NEON.LTR.BART033923.20160726.SDS","NEON.DOC.001710vE","Seeds",0.4,"N",NA,"s4LYlYd4IKjECPyWRpmGA5yPYSQhQ+2d"
"45c2c927-4863-44cd-b3b9-922e8571c47a","BART_034.basePlot.ltr","D01","BART","BART_034","BART_034_451","2016-08-01","2016-05-31","2016-07-26","2016-07-29T12:00Z","2016-08-02T19:00Z","NEON.LTR.BART034451.20160726","NEON.LTR.BART034451.20160726.FLR","NEON.DOC.001710vE","Flowers",0.03,"N",NA,"s4LYlYd4IKjECPyWRpmGA5yPYSQhQ+2d"
"60ad3c95-4746-4e21-a98a-c070b6ca8586","BART_034.basePlot.ltr","D01","BART","BART_034","BART_034_451","2016-08-01","2016-05-31","2016-07-26","2016-07-29T12:00Z","2016-08-02T19:00Z","NEON.LTR.BART034451.20160726","NEON.LTR.BART034451.20160726.TWI","NEON.DOC.001710vE","Twigs/branches",0.47,"N",NA,"s4LYlYd4IKjECPyWRpmGA5yPYSQhQ+2d"
"316a6a92-1d30-447c-a7ae-b89746a20995","BART_034.basePlot.ltr","D01","BART","BART_034","BART_034_451","2016-08-01","2016-05-31","2016-07-26","2016-07-29T12:00Z","2016-08-02T19:00Z","NEON.LTR.BART034451.20160726","NEON.LTR.BART034451.20160726.NDL","NEON.DOC.001710vE","Needles",0.54,"N",NA,"s4LYlYd4IKjECPyWRpmGA5yPYSQhQ+2d"
"8897c3e8-8d99-4472-bc3d-24aedda3e497","BART_044.basePlot.ltr","D01","BART","BART_044","BART_044_531","2016-08-01","2016-05-31","2016-07-26","2016-07-29T12:00Z","2016-08-02T19:00Z","NEON.LTR.BART044531.20160726","NEON.LTR.BART044531.20160726.OTH","NEON.DOC.001710vE","Other",0.69,"N",NA,"s4LYlYd4IKjECPyWRpmGA5yPYSQhQ+2d"
"b57d3482-dc9a-4999-b3e0-0956d112bf0b","BART_034.basePlot.ltr","D01","BART","BART_034","BART_034_451","2016-08-01","2016-05-31","2016-07-26","2016-07-29T12:00Z","2016-08-02T19:00Z","NEON.LTR.BART034451.20160726","NEON.LTR.BART034451.20160726.OTH","NEON.DOC.001710vE","Other",1.09,"N",NA,"s4LYlYd4IKjECPyWRpmGA5yPYSQhQ+2d"
"a9aa0cdb-9be3-4399-98e4-27f1d2c2da6e","BART_034.basePlot.ltr","D01","BART","BART_034","BART_034_451","2016-08-01","2016-05-31","2016-07-26","2016-07-29T12:00Z","2016-08-02T19:00Z","NEON.LTR.BART034451.20160726","NEON.LTR.BART034451.20160726.WDY","NEON.DOC.001710vE","Woody material",0.33,"Y",NA,"s4LYlYd4IKjECPyWRpmGA5yPYSQhQ+2d"
"b0c821ec-6164-4421-b334-de1eee4db7b7","BART_034.basePlot.ltr","D01","BART","BART_034","BART_034_451","2016-08-01","2016-05-31","2016-07-26","2016-07-29T12:00Z","2016-08-02T19:00Z","NEON.LTR.BART034451.20160726","NEON.LTR.BART034451.20160726.LVS","NEON.DOC.001710vE","Leaves",1.03,"N",NA,"s4LYlYd4IKjECPyWRpmGA5yPYSQhQ+2d"
"a44bcdd3-d0a1-419d-bc5c-2a50314c6410","BART_034.basePlot.ltr","D01","BART","BART_034","BART_034_451","2016-08-01","2016-05-31","2016-07-26","2016-07-29T12:00Z","2016-08-02T19:00Z","NEON.LTR.BART034451.20160726","NEON.LTR.BART034451.20160726.SDS","NEON.DOC.001710vE","Seeds",0.1,"Y",NA,"s4LYlYd4IKjECPyWRpmGA5yPYSQhQ+2d"
"2581cef7-b70b-4922-a835-1d37b2bfbe69","BART_044.basePlot.ltr","D01","BART","BART_044","BART_044_531","2016-08-01","2016-05-31","2016-07-26","2016-07-29T12:00Z","2016-08-02T19:00Z","NEON.LTR.BART044531.20160726","NEON.LTR.BART044531.20160726.SDS","NEON.DOC.001710vE","Seeds",0.41,"N",NA,"s4LYlYd4IKjECPyWRpmGA5yPYSQhQ+2d"
"73409fe9-fbed-47fc-b977-e86b2ea921d9","BART_044.basePlot.ltr","D01","BART","BART_044","BART_044_531","2016-08-01","2016-05-31","2016-07-26","2016-07-29T12:00Z","2016-08-02T19:00Z","NEON.LTR.BART044531.20160726","NEON.LTR.BART044531.20160726.WDY","NEON.DOC.001710vE","Woody material",0.36,"N",NA,"s4LYlYd4IKjECPyWRpmGA5yPYSQhQ+2d"
"c251aa2a-0b61-406a-9ef4-28da812e538a","BART_044.basePlot.ltr","D01","BART","BART_044","BART_044_531","2016-08-01","2016-05-31","2016-07-26","2016-07-29T12:00Z","2016-08-02T19:00Z","NEON.LTR.BART044531.20160726","NEON.LTR.BART044531.20160726.FLR","NEON.DOC.001710vE","Flowers",0.07,"N",NA,"s4LYlYd4IKjECPyWRpmGA5yPYSQhQ+2d"
"49ff04f3-5cd6-4930-9ca3-c13e9442a257","BART_044.basePlot.ltr","D01","BART","BART_044","BART_044_531","2016-08-01","2016-05-31","2016-07-26","2016-07-29T12:00Z","2016-08-02T19:00Z","NEON.LTR.BART044531.20160726","NEON.LTR.BART044531.20160726.TWI","NEON.DOC.001710vE","Twigs/branches",0.65,"Y",NA,"s4LYlYd4IKjECPyWRpmGA5yPYSQhQ+2d"
"fa59975d-65d8-49b0-a573-951f658dab23","BART_044.basePlot.ltr","D01","BART","BART_044","BART_044_531","2016-08-01","2016-05-31","2016-07-26","2016-07-29T12:00Z","2016-08-02T19:00Z","NEON.LTR.BART044531.20160726","NEON.LTR.BART044531.20160726.LVS","NEON.DOC.001710vE","Leaves",3.9,"N",NA,"s4LYlYd4IKjECPyWRpmGA5yPYSQhQ+2d"
"ba54c94e-0782-4bd1-88e5-9b4544e8de33","BART_044.basePlot.ltr","D01","BART","BART_044","BART_044_531","2016-08-01","2016-05-31","2016-07-26","2016-07-29T12:00Z","2016-08-02T19:00Z","NEON.LTR.BART044531.20160726","NEON.LTR.BART044531.20160726.NDL","NEON.DOC.001710vE","Needles",0.17,"Y",NA,"s4LYlYd4IKjECPyWRpmGA5yPYSQhQ+2d"
"f894f5c6-dcb7-42dc-8c22-ae777854abea","BART_075.basePlot.ltr","D01","BART","BART_075","BART_075_819","2016-08-01","2016-05-31","2016-07-26","2016-07-29T12:00Z","2016-08-02T19:00Z","NEON.LTR.BART075819.20160726","NEON.LTR.BART075819.20160726.LVS","NEON.DOC.001710vE","Leaves",2.85,"N",NA,"s4LYlYd4IKjECPyWRpmGA5yPYSQhQ+2d"
"a9654a99-1bfd-4a01-b3b7-217d0c780185","BART_075.basePlot.ltr","D01","BART","BART_075","BART_075_819","2016-08-01","2016-05-31","2016-07-26","2016-07-29T12:00Z","2016-08-02T19:00Z","NEON.LTR.BART075819.20160726","NEON.LTR.BART075819.20160726.WDY","NEON.DOC.001710vE","Woody material",0.75,"N",NA,"s4LYlYd4IKjECPyWRpmGA5yPYSQhQ+2d"
"82b59d5a-881c-42da-b447-b63fa8219fd4","BART_075.basePlot.ltr","D01","BART","BART_075","BART_075_819","2016-08-01","2016-05-31","2016-07-26","2016-07-29T12:00Z","2016-08-02T19:00Z","NEON.LTR.BART075819.20160726","NEON.LTR.BART075819.20160726.FLR","NEON.DOC.001710vE","Flowers",0.12,"N",NA,"s4LYlYd4IKjECPyWRpmGA5yPYSQhQ+2d"
"2474d566-d08b-4fb4-9683-be88e426a2c5","BART_075.basePlot.ltr","D01","BART","BART_075","BART_075_819","2016-08-01","2016-05-31","2016-07-26","2016-07-29T12:00Z","2016-08-02T19:00Z","NEON.LTR.BART075819.20160726","NEON.LTR.BART075819.20160726.SDS","NEON.DOC.001710vE","Seeds",0.49,"N",NA,"s4LYlYd4IKjECPyWRpmGA5yPYSQhQ+2d"
"b899a2bc-242d-4969-ba73-c0f26d6c19f6","BART_075.basePlot.ltr","D01","BART","BART_075","BART_075_819","2016-08-01","2016-05-31","2016-07-26","2016-07-29T12:00Z","2016-08-02T19:00Z","NEON.LTR.BART075819.20160726","NEON.LTR.BART075819.20160726.NDL","NEON.DOC.001710vE","Needles",0.42,"N",NA,"s4LYlYd4IKjECPyWRpmGA5yPYSQhQ+2d"
"f06c09a2-6591-4734-8caa-370846071f10","BART_075.basePlot.ltr","D01","BART","BART_075","BART_075_819","2016-08-01","2016-05-31","2016-07-26","2016-07-29T12:00Z","2016-08-02T19:00Z","NEON.LTR.BART075819.20160726","NEON.LTR.BART075819.20160726.OTH","NEON.DOC.001710vE","Other",2.3,"N",NA,"s4LYlYd4IKjECPyWRpmGA5yPYSQhQ+2d"
"92521ff2-f849-49f2-bc28-ff13ab39e92c","BART_075.basePlot.ltr","D01","BART","BART_075","BART_075_819","2016-08-01","2016-05-31","2016-07-26","2016-07-29T12:00Z","2016-08-02T19:00Z","NEON.LTR.BART075819.20160726","NEON.LTR.BART075819.20160726.TWI","NEON.DOC.001710vE","Twigs/branches",3.4,"N",NA,"s4LYlYd4IKjECPyWRpmGA5yPYSQhQ+2d"
"1deb09de-0a03-4787-9453-b1b8bd4a67bd","BART_046.basePlot.ltr","D01","BART","BART_046","BART_046_687","2016-08-01","2016-05-31","2016-07-26","2016-07-29T12:00Z","2016-08-02T19:00Z","NEON.LTR.BART046687.20160726","NEON.LTR.BART046687.20160726.WDY","NEON.DOC.001710vE","Woody material",0.47,"N",NA,"s4LYlYd4IKjECPyWRpmGA5yPYSQhQ+2d"
"7309f64d-c89a-4245-b342-734255238f9f","BART_046.basePlot.ltr","D01","BART","BART_046","BART_046_687","2016-08-01","2016-05-31","2016-07-26","2016-07-29T12:00Z","2016-08-02T19:00Z","NEON.LTR.BART046687.20160726","NEON.LTR.BART046687.20160726.OTH","NEON.DOC.001710vE","Other",1.61,"Y",NA,"s4LYlYd4IKjECPyWRpmGA5yPYSQhQ+2d"
"9ea52d24-798a-4974-9dd8-57f0b2474cb9","BART_046.basePlot.ltr","D01","BART","BART_046","BART_046_687","2016-08-01","2016-05-31","2016-07-26","2016-07-29T12:00Z","2016-08-02T19:00Z","NEON.LTR.BART046687.20160726","NEON.LTR.BART046687.20160726.LVS","NEON.DOC.001710vE","Leaves",3.52,"Y",NA,"s4LYlYd4IKjECPyWRpmGA5yPYSQhQ+2d"
"17e9dbbf-3d26-4fde-b457-8f41c51edc47","BART_046.basePlot.ltr","D01","BART","BART_046","BART_046_687","2016-08-01","2016-05-31","2016-07-26","2016-07-29T12:00Z","2016-08-02T19:00Z","NEON.LTR.BART046687.20160726","NEON.LTR.BART046687.20160726.FLR","NEON.DOC.001710vE","Flowers",0.02,"N",NA,"s4LYlYd4IKjECPyWRpmGA5yPYSQhQ+2d"
"42f8e8e4-c3a5-41bb-9cda-81e98f0e1d6b","BART_046.basePlot.ltr","D01","BART","BART_046","BART_046_687","2016-08-01","2016-05-31","2016-07-26","2016-07-29T12:00Z","2016-08-02T19:00Z","NEON.LTR.BART046687.20160726","NEON.LTR.BART046687.20160726.TWI","NEON.DOC.001710vE","Twigs/branches",0.46,"N",NA,"s4LYlYd4IKjECPyWRpmGA5yPYSQhQ+2d"
"90f62546-4e80-48e8-808a-858b66aba81d","BART_046.basePlot.ltr","D01","BART","BART_046","BART_046_687","2016-08-01","2016-05-31","2016-07-26","2016-07-29T12:00Z","2016-08-02T19:00Z","NEON.LTR.BART046687.20160726","NEON.LTR.BART046687.20160726.NDL","NEON.DOC.001710vE","Needles",0.005,"N",NA,"s4LYlYd4IKjECPyWRpmGA5yPYSQhQ+2d"
"9f9d8820-b512-443f-bdd2-d9c0ae91fc59","BART_046.basePlot.ltr","D01","BART","BART_046","BART_046_687","2016-08-01","2016-05-31","2016-07-26","2016-07-29T12:00Z","2016-08-02T19:00Z","NEON.LTR.BART046687.20160726","NEON.LTR.BART046687.20160726.SDS","NEON.DOC.001710vE","Seeds",1.22,"N",NA,"s4LYlYd4IKjECPyWRpmGA5yPYSQhQ+2d"
"650213ba-6649-42b1-839c-10e9b7afbaca","BART_036.basePlot.ltr","D01","BART","BART_036","BART_036_151","2016-08-01","2016-05-31","2016-07-26","2016-07-29T12:00Z","2016-08-02T19:00Z","NEON.LTR.BART036151.20160726","NEON.LTR.BART036151.20160726.LVS","NEON.DOC.001710vE","Leaves",3.88,"N",NA,"s4LYlYd4IKjECPyWRpmGA5yPYSQhQ+2d"
"8e1e436e-da08-42ca-961c-e79c851b408c","BART_036.basePlot.ltr","D01","BART","BART_036","BART_036_151","2016-08-01","2016-05-31","2016-07-26","2016-07-29T12:00Z","2016-08-02T19:00Z","NEON.LTR.BART036151.20160726","NEON.LTR.BART036151.20160726.SDS","NEON.DOC.001710vE","Seeds",1.71,"N",NA,"s4LYlYd4IKjECPyWRpmGA5yPYSQhQ+2d"
"6c400bd9-2399-4078-8ee3-1a7b543ec3d1","BART_036.basePlot.ltr","D01","BART","BART_036","BART_036_151","2016-08-01","2016-05-31","2016-07-26","2016-07-29T12:00Z","2016-08-02T19:00Z","NEON.LTR.BART036151.20160726","NEON.LTR.BART036151.20160726.FLR","NEON.DOC.001710vE","Flowers",0.005,"N",NA,"s4LYlYd4IKjECPyWRpmGA5yPYSQhQ+2d"
"6597dc96-328b-4256-9380-79079bce181e","BART_036.basePlot.ltr","D01","BART","BART_036","BART_036_151","2016-08-01","2016-05-31","2016-07-26","2016-07-29T12:00Z","2016-08-02T19:00Z","NEON.LTR.BART036151.20160726","NEON.LTR.BART036151.20160726.OTH","NEON.DOC.001710vE","Other",0.86,"N",NA,"s4LYlYd4IKjECPyWRpmGA5yPYSQhQ+2d"
"f37737d3-f84a-403b-88d4-a84af064575b","BART_036.basePlot.ltr","D01","BART","BART_036","BART_036_151","2016-08-01","2016-05-31","2016-07-26","2016-07-29T12:00Z","2016-08-02T19:00Z","NEON.LTR.BART036151.20160726","NEON.LTR.BART036151.20160726.WDY","NEON.DOC.001710vE","Woody material",0.9,"N",NA,"s4LYlYd4IKjECPyWRpmGA5yPYSQhQ+2d"
"6c0552d6-99bd-46d7-94f2-c34708e51abe","BART_036.basePlot.ltr","D01","BART","BART_036","BART_036_151","2016-08-01","2016-05-31","2016-07-26","2016-07-29T12:00Z","2016-08-02T19:00Z","NEON.LTR.BART036151.20160726","NEON.LTR.BART036151.20160726.NDL","NEON.DOC.001710vE","Needles",0.23,"Y",NA,"s4LYlYd4IKjECPyWRpmGA5yPYSQhQ+2d"
"f2aab47c-07d0-49e9-82b9-be659b55b18a","BART_036.basePlot.ltr","D01","BART","BART_036","BART_036_151","2016-08-01","2016-05-31","2016-07-26","2016-07-29T12:00Z","2016-08-02T19:00Z","NEON.LTR.BART036151.20160726","NEON.LTR.BART036151.20160726.TWI","NEON.DOC.001710vE","Twigs/branches",2.4,"N",NA,"s4LYlYd4IKjECPyWRpmGA5yPYSQhQ+2d"
"3d983d9a-b115-49bb-8829-da550e01ec68","BART_037.basePlot.ltr","D01","BART","BART_037","BART_037_158","2016-08-01","2016-05-31","2016-07-26","2016-07-29T12:00Z","2016-08-02T19:00Z","NEON.LTR.BART037158.20160726","NEON.LTR.BART037158.20160726.SDS","NEON.DOC.001710vE","Seeds",0.06,"N",NA,"s4LYlYd4IKjECPyWRpmGA5yPYSQhQ+2d"
"194f21e6-5b6b-478d-9009-be7e2f17fd9c","BART_037.basePlot.ltr","D01","BART","BART_037","BART_037_158","2016-08-01","2016-05-31","2016-07-26","2016-07-29T12:00Z","2016-08-02T19:00Z","NEON.LTR.BART037158.20160726","NEON.LTR.BART037158.20160726.OTH","NEON.DOC.001710vE","Other",0.73,"Y",NA,"s4LYlYd4IKjECPyWRpmGA5yPYSQhQ+2d"
"09fc5c28-8424-4ca9-be1a-fb005a81085a","BART_037.basePlot.ltr","D01","BART","BART_037","BART_037_158","2016-08-01","2016-05-31","2016-07-26","2016-07-29T12:00Z","2016-08-02T19:00Z","NEON.LTR.BART037158.20160726","NEON.LTR.BART037158.20160726.FLR","NEON.DOC.001710vE","Flowers",0.005,"N",NA,"s4LYlYd4IKjECPyWRpmGA5yPYSQhQ+2d"
"2032c331-a1ff-4c82-8293-fd5d6980ef5e","BART_037.basePlot.ltr","D01","BART","BART_037","BART_037_158","2016-08-01","2016-05-31","2016-07-26","2016-07-29T12:00Z","2016-08-02T19:00Z","NEON.LTR.BART037158.20160726","NEON.LTR.BART037158.20160726.LVS","NEON.DOC.001710vE","Leaves",2.41,"N",NA,"s4LYlYd4IKjECPyWRpmGA5yPYSQhQ+2d"
"fb6a5af8-805a-4cff-83dc-5a3845dc8d04","BART_037.basePlot.ltr","D01","BART","BART_037","BART_037_158","2016-08-01","2016-05-31","2016-07-26","2016-07-29T12:00Z","2016-08-02T19:00Z","NEON.LTR.BART037158.20160726","NEON.LTR.BART037158.20160726.TWI","NEON.DOC.001710vE","Twigs/branches",0.16,"N",NA,"s4LYlYd4IKjECPyWRpmGA5yPYSQhQ+2d"
"f33ace3a-328c-45c9-8d2e-184dbb7afe27","BART_037.basePlot.ltr","D01","BART","BART_037","BART_037_158","2016-08-01","2016-05-31","2016-07-26","2016-07-29T12:00Z","2016-08-02T19:00Z","NEON.LTR.BART037158.20160726","NEON.LTR.BART037158.20160726.WDY","NEON.DOC.001710vE","Woody material",0.11,"N",NA,"s4LYlYd4IKjECPyWRpmGA5yPYSQhQ+2d"
"a90bba5e-fc4a-432f-b9be-5c48736be904","BART_037.basePlot.ltr","D01","BART","BART_037","BART_037_158","2016-08-01","2016-05-31","2016-07-26","2016-07-29T12:00Z","2016-08-02T19:00Z","NEON.LTR.BART037158.20160726","NEON.LTR.BART037158.20160726.NDL","NEON.DOC.001710vE","Needles",0.12,"N",NA,"s4LYlYd4IKjECPyWRpmGA5yPYSQhQ+2d"
"3ee14a33-180c-4149-a413-57d182005dd3","BART_034.basePlot.ltr","D01","BART","BART_034","BART_034_531","2016-08-01","2016-05-31","2016-07-26","2016-07-29T12:00Z","2016-08-02T19:00Z","NEON.LTR.BART034531.20160726","NEON.LTR.BART034531.20160726.TWI","NEON.DOC.001710vE","Twigs/branches",0.55,"N",NA,"s4LYlYd4IKjECPyWRpmGA5yPYSQhQ+2d"
"b4e016ff-8994-40ad-9a47-de6b5e93496b","BART_034.basePlot.ltr","D01","BART","BART_034","BART_034_531","2016-08-01","2016-05-31","2016-07-26","2016-07-29T12:00Z","2016-08-02T19:00Z","NEON.LTR.BART034531.20160726","NEON.LTR.BART034531.20160726.FLR","NEON.DOC.001710vE","Flowers",0.2,"Y",NA,"s4LYlYd4IKjECPyWRpmGA5yPYSQhQ+2d"
"df13ab01-fdf7-4472-bd94-46a52b81497f","BART_034.basePlot.ltr","D01","BART","BART_034","BART_034_531","2016-08-01","2016-05-31","2016-07-26","2016-07-29T12:00Z","2016-08-02T19:00Z","NEON.LTR.BART034531.20160726","NEON.LTR.BART034531.20160726.NDL","NEON.DOC.001710vE","Needles",0.4,"N",NA,"s4LYlYd4IKjECPyWRpmGA5yPYSQhQ+2d"
"ba923344-d429-4d6e-86e8-9f5b5c5774c7","BART_034.basePlot.ltr","D01","BART","BART_034","BART_034_531","2016-08-01","2016-05-31","2016-07-26","2016-07-29T12:00Z","2016-08-02T19:00Z","NEON.LTR.BART034531.20160726","NEON.LTR.BART034531.20160726.LVS","NEON.DOC.001710vE","Leaves",1.18,"N",NA,"s4LYlYd4IKjECPyWRpmGA5yPYSQhQ+2d"
"b4367cf0-5314-409e-9034-b66496a0fded","BART_034.basePlot.ltr","D01","BART","BART_034","BART_034_531","2016-08-01","2016-05-31","2016-07-26","2016-07-29T12:00Z","2016-08-02T19:00Z","NEON.LTR.BART034531.20160726","NEON.LTR.BART034531.20160726.SDS","NEON.DOC.001710vE","Seeds",0.27,"N",NA,"s4LYlYd4IKjECPyWRpmGA5yPYSQhQ+2d"
"71633730-bf6b-4f27-a25a-6713e724358d","BART_034.basePlot.ltr","D01","BART","BART_034","BART_034_531","2016-08-01","2016-05-31","2016-07-26","2016-07-29T12:00Z","2016-08-02T19:00Z","NEON.LTR.BART034531.20160726","NEON.LTR.BART034531.20160726.WDY","NEON.DOC.001710vE","Woody material",0.19,"N",NA,"s4LYlYd4IKjECPyWRpmGA5yPYSQhQ+2d"
"2b134c1a-314b-44f4-bea5-89992c1031d9","BART_034.basePlot.ltr","D01","BART","BART_034","BART_034_531","2016-08-01","2016-05-31","2016-07-26","2016-07-29T12:00Z","2016-08-02T19:00Z","NEON.LTR.BART034531.20160726","NEON.LTR.BART034531.20160726.OTH","NEON.DOC.001710vE","Other",1.93,"N",NA,"s4LYlYd4IKjECPyWRpmGA5yPYSQhQ+2d"
"88eb68d3-cf14-4153-8ff5-043d47ecc2aa","BART_036.basePlot.ltr","D01","BART","BART_036","BART_036_925","2016-08-02","2016-05-31","2016-07-26","2016-07-29T12:00Z","2016-08-02T19:00Z","NEON.LTR.BART036925.20160726","NEON.LTR.BART036925.20160726.FLR","NEON.DOC.001710vE","Flowers",0,"N",NA,"s4LYlYd4IKjECPyWRpmGA5yPYSQhQ+2d"
"a8a1a37a-b3b4-48fb-9517-9fcbcd552acd","BART_041.basePlot.ltr","D01","BART","BART_041","BART_041_292","2016-09-28","2016-07-25","2016-09-19","2016-09-22T19:00Z","2016-09-28T17:00Z","NEON.LTR.BART041292.20160919","NEON.LTR.BART041292.20160919.FLR","NEON.DOC.001710vE","Flowers",0.07,"N","","Pes0SJTi6mB/L3kaeuPRUby8XD59hvb8"
"08cb05ee-5dfc-4019-b3ae-66ab2657e5ea","BART_032.basePlot.ltr","D01","BART","BART_032","BART_032_662","2016-09-28","2016-07-25","2016-09-19","2016-09-22T19:00Z","2016-09-28T17:00Z","NEON.LTR.BART032662.20160919","NEON.LTR.BART032662.20160919.LVS","NEON.DOC.001710vE","Leaves",2.81,"N","","Pes0SJTi6mB/L3kaeuPRUby8XD59hvb8"
"a0745ce6-46e6-478d-a880-b47557811cac","BART_041.basePlot.ltr","D01","BART","BART_041","BART_041_292","2016-09-28","2016-07-25","2016-09-19","2016-09-22T19:00Z","2016-09-28T17:00Z","NEON.LTR.BART041292.20160919","NEON.LTR.BART041292.20160919.SDS","NEON.DOC.001710vE","Seeds",0.23,"N","","Pes0SJTi6mB/L3kaeuPRUby8XD59hvb8"
"c287c527-7368-466c-9b62-902e86af8b9f","BART_041.basePlot.ltr","D01","BART","BART_041","BART_041_292","2016-09-28","2016-07-25","2016-09-19","2016-09-22T19:00Z","2016-09-28T17:00Z","NEON.LTR.BART041292.20160919","NEON.LTR.BART041292.20160919.NDL","NEON.DOC.001710vE","Needles",0.45,"N","","Pes0SJTi6mB/L3kaeuPRUby8XD59hvb8"
"8016de60-a134-46ee-a89d-0a86e09b5a83","BART_041.basePlot.ltr","D01","BART","BART_041","BART_041_292","2016-09-28","2016-07-25","2016-09-19","2016-09-22T19:00Z","2016-09-28T17:00Z","NEON.LTR.BART041292.20160919","NEON.LTR.BART041292.20160919.TWI","NEON.DOC.001710vE","Twigs/branches",0.07,"N","","Pes0SJTi6mB/L3kaeuPRUby8XD59hvb8"
"ddabdbd9-61e2-463f-86f2-ce56e1f3901f","BART_041.basePlot.ltr","D01","BART","BART_041","BART_041_292","2016-09-28","2016-07-25","2016-09-19","2016-09-22T19:00Z","2016-09-28T17:00Z","NEON.LTR.BART041292.20160919","NEON.LTR.BART041292.20160919.OTH","NEON.DOC.001710vE","Other",2.43,"N","","Pes0SJTi6mB/L3kaeuPRUby8XD59hvb8"
"06c29d41-9758-4fe7-89e6-5fde557b497c","BART_041.basePlot.ltr","D01","BART","BART_041","BART_041_292","2016-09-28","2016-07-25","2016-09-19","2016-09-22T19:00Z","2016-09-28T17:00Z","NEON.LTR.BART041292.20160919","NEON.LTR.BART041292.20160919.LVS","NEON.DOC.001710vE","Leaves",7.62,"N","","Pes0SJTi6mB/L3kaeuPRUby8XD59hvb8"
"f914a58c-c450-4357-ba13-5bed3337b32c","BART_039.basePlot.ltr","D01","BART","BART_039","BART_039_587","2016-09-28","2016-07-25","2016-09-19","2016-09-22T19:00Z","2016-09-28T17:00Z","NEON.LTR.BART039587.20160919","NEON.LTR.BART039587.20160919.FLR","NEON.DOC.001710vE","Flowers",0,"N","","Pes0SJTi6mB/L3kaeuPRUby8XD59hvb8"
"f2616c7e-4fb1-4218-88c0-bb059002ccf0","BART_039.basePlot.ltr","D01","BART","BART_039","BART_039_587","2016-09-28","2016-07-25","2016-09-19","2016-09-22T19:00Z","2016-09-28T17:00Z","NEON.LTR.BART039587.20160919","NEON.LTR.BART039587.20160919.OTH","NEON.DOC.001710vE","Other",3.93,"N","Contained mostly needles","Pes0SJTi6mB/L3kaeuPRUby8XD59hvb8"
"d057bf37-f7eb-49bf-9871-f622867286a7","BART_039.basePlot.ltr","D01","BART","BART_039","BART_039_587","2016-09-28","2016-07-25","2016-09-19","2016-09-22T19:00Z","2016-09-28T17:00Z","NEON.LTR.BART039587.20160919","NEON.LTR.BART039587.20160919.NDL","NEON.DOC.001710vE","Needles",7.53,"N","","Pes0SJTi6mB/L3kaeuPRUby8XD59hvb8"
"fde0c87f-896e-491e-8eb5-f46f174c3aca","BART_039.basePlot.ltr","D01","BART","BART_039","BART_039_587","2016-09-28","2016-07-25","2016-09-19","2016-09-22T19:00Z","2016-09-28T17:00Z","NEON.LTR.BART039587.20160919","NEON.LTR.BART039587.20160919.WDY","NEON.DOC.001710vE","Woody material",0.33,"N","","Pes0SJTi6mB/L3kaeuPRUby8XD59hvb8"
"acc579ca-d724-4412-86ea-fd8ce0660d9e","BART_039.basePlot.ltr","D01","BART","BART_039","BART_039_587","2016-09-28","2016-07-25","2016-09-19","2016-09-22T19:00Z","2016-09-28T17:00Z","NEON.LTR.BART039587.20160919","NEON.LTR.BART039587.20160919.SDS","NEON.DOC.001710vE","Seeds",1.4,"N","","Pes0SJTi6mB/L3kaeuPRUby8XD59hvb8"
"fca7ed42-7898-4edd-8a2d-f7a4fce8631b","BART_039.basePlot.ltr","D01","BART","BART_039","BART_039_587","2016-09-28","2016-07-25","2016-09-19","2016-09-22T19:00Z","2016-09-28T17:00Z","NEON.LTR.BART039587.20160919","NEON.LTR.BART039587.20160919.LVS","NEON.DOC.001710vE","Leaves",1.52,"N","","Pes0SJTi6mB/L3kaeuPRUby8XD59hvb8"
"bd010f12-6cf1-45de-aefb-6bb72d75ebad","BART_039.basePlot.ltr","D01","BART","BART_039","BART_039_587","2016-09-28","2016-07-25","2016-09-19","2016-09-22T19:00Z","2016-09-28T17:00Z","NEON.LTR.BART039587.20160919","NEON.LTR.BART039587.20160919.TWI","NEON.DOC.001710vE","Twigs/branches",0.37,"N","","Pes0SJTi6mB/L3kaeuPRUby8XD59hvb8"
"f44a8ced-9768-4c7f-8137-40aaf355ebc3","BART_073.basePlot.ltr","D01","BART","BART_073","BART_073_539","2016-09-28","2016-07-25","2016-09-19","2016-09-22T19:00Z","2016-09-28T17:00Z","NEON.LTR.BART073539.20160919","NEON.LTR.BART073539.20160919.WDY","NEON.DOC.001710vE","Woody material",0.13,"N","","Pes0SJTi6mB/L3kaeuPRUby8XD59hvb8"
"5ebb1ef1-e653-416d-bd58-5e7988f25b23","BART_073.basePlot.ltr","D01","BART","BART_073","BART_073_539","2016-09-28","2016-07-25","2016-09-19","2016-09-22T19:00Z","2016-09-28T17:00Z","NEON.LTR.BART073539.20160919","NEON.LTR.BART073539.20160919.NDL","NEON.DOC.001710vE","Needles",0.98,"Y","","Pes0SJTi6mB/L3kaeuPRUby8XD59hvb8"
"cb64ed9e-1084-4447-afb7-88abbd136a06","BART_073.basePlot.ltr","D01","BART","BART_073","BART_073_539","2016-09-28","2016-07-25","2016-09-19","2016-09-22T19:00Z","2016-09-28T17:00Z","NEON.LTR.BART073539.20160919","NEON.LTR.BART073539.20160919.SDS","NEON.DOC.001710vE","Seeds",0.3,"N","","Pes0SJTi6mB/L3kaeuPRUby8XD59hvb8"
"c67a4707-2b78-40b7-a0d0-46c611afcf82","BART_073.basePlot.ltr","D01","BART","BART_073","BART_073_539","2016-09-28","2016-07-25","2016-09-19","2016-09-22T19:00Z","2016-09-28T17:00Z","NEON.LTR.BART073539.20160919","NEON.LTR.BART073539.20160919.OTH","NEON.DOC.001710vE","Other",5.61,"N","","Pes0SJTi6mB/L3kaeuPRUby8XD59hvb8"
"9471a420-60d4-4fea-9d6d-763d032b17b4","BART_073.basePlot.ltr","D01","BART","BART_073","BART_073_539","2016-09-28","2016-07-25","2016-09-19","2016-09-22T19:00Z","2016-09-28T17:00Z","NEON.LTR.BART073539.20160919","NEON.LTR.BART073539.20160919.TWI","NEON.DOC.001710vE","Twigs/branches",0.99,"N","","Pes0SJTi6mB/L3kaeuPRUby8XD59hvb8"
"015b5ed5-eeca-447e-b306-b6ab5f6653d1","BART_073.basePlot.ltr","D01","BART","BART_073","BART_073_539","2016-09-28","2016-07-25","2016-09-19","2016-09-22T19:00Z","2016-09-28T17:00Z","NEON.LTR.BART073539.20160919","NEON.LTR.BART073539.20160919.FLR","NEON.DOC.001710vE","Flowers",0.005,"N","","Pes0SJTi6mB/L3kaeuPRUby8XD59hvb8"
"606495f5-3ddd-4242-b9de-f81c328a2116","BART_073.basePlot.ltr","D01","BART","BART_073","BART_073_539","2016-09-28","2016-07-25","2016-09-19","2016-09-22T19:00Z","2016-09-28T17:00Z","NEON.LTR.BART073539.20160919","NEON.LTR.BART073539.20160919.LVS","NEON.DOC.001710vE","Leaves",3.48,"N","","Pes0SJTi6mB/L3kaeuPRUby8XD59hvb8"
"7e6ace05-d9b6-4d8f-bbc6-f31f2b48e8a7","BART_039.basePlot.ltr","D01","BART","BART_039","BART_039_930","2016-09-28","2016-07-25","2016-09-19","2016-09-22T19:00Z","2016-09-28T17:00Z","NEON.LTR.BART039930.20160919","NEON.LTR.BART039930.20160919.LVS","NEON.DOC.001710vE","Leaves",3.57,"N","","Pes0SJTi6mB/L3kaeuPRUby8XD59hvb8"
"24000848-58f8-4e11-8a88-da434ea6ccf2","BART_039.basePlot.ltr","D01","BART","BART_039","BART_039_930","2016-09-28","2016-07-25","2016-09-19","2016-09-22T19:00Z","2016-09-28T17:00Z","NEON.LTR.BART039930.20160919","NEON.LTR.BART039930.20160919.TWI","NEON.DOC.001710vE","Twigs/branches",0,"N","","Pes0SJTi6mB/L3kaeuPRUby8XD59hvb8"
"0c84b0e9-635a-4ef0-b6cc-16d8b9a90b64","BART_039.basePlot.ltr","D01","BART","BART_039","BART_039_930","2016-09-28","2016-07-25","2016-09-19","2016-09-22T19:00Z","2016-09-28T17:00Z","NEON.LTR.BART039930.20160919","NEON.LTR.BART039930.20160919.FLR","NEON.DOC.001710vE","Flowers",0.005,"Y","","Pes0SJTi6mB/L3kaeuPRUby8XD59hvb8"
"0455007a-bb79-4f8e-83e1-1bb34d0164d7","BART_039.basePlot.ltr","D01","BART","BART_039","BART_039_930","2016-09-28","2016-07-25","2016-09-19","2016-09-22T19:00Z","2016-09-28T17:00Z","NEON.LTR.BART039930.20160919","NEON.LTR.BART039930.20160919.SDS","NEON.DOC.001710vE","Seeds",2.31,"N","","Pes0SJTi6mB/L3kaeuPRUby8XD59hvb8"
"88e9cc77-972f-4ffd-a21b-f4546965bb78","BART_039.basePlot.ltr","D01","BART","BART_039","BART_039_930","2016-09-28","2016-07-25","2016-09-19","2016-09-22T19:00Z","2016-09-28T17:00Z","NEON.LTR.BART039930.20160919","NEON.LTR.BART039930.20160919.OTH","NEON.DOC.001710vE","Other",10.84,"N","Contained mostly needles.","Pes0SJTi6mB/L3kaeuPRUby8XD59hvb8"
"8b874c45-f175-4c2a-945f-630a16234b4d","BART_039.basePlot.ltr","D01","BART","BART_039","BART_039_930","2016-09-28","2016-07-25","2016-09-19","2016-09-22T19:00Z","2016-09-28T17:00Z","NEON.LTR.BART039930.20160919","NEON.LTR.BART039930.20160919.NDL","NEON.DOC.001710vE","Needles",2.85,"N","","Pes0SJTi6mB/L3kaeuPRUby8XD59hvb8"
"0c1030ec-beef-4684-9c09-d47f4cdcdc2d","BART_039.basePlot.ltr","D01","BART","BART_039","BART_039_930","2016-09-28","2016-07-25","2016-09-19","2016-09-22T19:00Z","2016-09-28T17:00Z","NEON.LTR.BART039930.20160919","NEON.LTR.BART039930.20160919.WDY","NEON.DOC.001710vE","Woody material",0.29,"Y","","Pes0SJTi6mB/L3kaeuPRUby8XD59hvb8"
"ef7b5dc6-2357-4838-a5bd-9fdc4b83bc36","BART_073.basePlot.ltr","D01","BART","BART_073","BART_073_409","2016-09-28","2016-07-25","2016-09-19","2016-09-22T19:00Z","2016-09-28T17:00Z","NEON.LTR.BART073409.20160919","NEON.LTR.BART073409.20160919.FLR","NEON.DOC.001710vE","Flowers",0.005,"N","","Pes0SJTi6mB/L3kaeuPRUby8XD59hvb8"
"c678d79f-2e5a-44c7-8230-8c0cf3b887fa","BART_073.basePlot.ltr","D01","BART","BART_073","BART_073_409","2016-09-28","2016-07-25","2016-09-19","2016-09-22T19:00Z","2016-09-28T17:00Z","NEON.LTR.BART073409.20160919","NEON.LTR.BART073409.20160919.OTH","NEON.DOC.001710vE","Other",7.64,"Y","","Pes0SJTi6mB/L3kaeuPRUby8XD59hvb8"
"b8f189a2-cbcd-45ea-bfe2-ce90d1f03642","BART_073.basePlot.ltr","D01","BART","BART_073","BART_073_409","2016-09-28","2016-07-25","2016-09-19","2016-09-22T19:00Z","2016-09-28T17:00Z","NEON.LTR.BART073409.20160919","NEON.LTR.BART073409.20160919.LVS","NEON.DOC.001710vE","Leaves",3.08,"N","","Pes0SJTi6mB/L3kaeuPRUby8XD59hvb8"
"637c5378-830e-4d95-95cf-7c41ae52e44a","BART_073.basePlot.ltr","D01","BART","BART_073","BART_073_409","2016-09-28","2016-07-25","2016-09-19","2016-09-22T19:00Z","2016-09-28T17:00Z","NEON.LTR.BART073409.20160919","NEON.LTR.BART073409.20160919.NDL","NEON.DOC.001710vE","Needles",2.25,"N","","Pes0SJTi6mB/L3kaeuPRUby8XD59hvb8"
"55c6ceff-77bc-4b98-9bef-6aacbac9a3f6","BART_073.basePlot.ltr","D01","BART","BART_073","BART_073_409","2016-09-28","2016-07-25","2016-09-19","2016-09-22T19:00Z","2016-09-28T17:00Z","NEON.LTR.BART073409.20160919","NEON.LTR.BART073409.20160919.WDY","NEON.DOC.001710vE","Woody material",0.5,"N","","Pes0SJTi6mB/L3kaeuPRUby8XD59hvb8"
"468a1b81-d899-41c2-9f39-3a83bb0a0212","BART_073.basePlot.ltr","D01","BART","BART_073","BART_073_409","2016-09-28","2016-07-25","2016-09-19","2016-09-22T19:00Z","2016-09-28T17:00Z","NEON.LTR.BART073409.20160919","NEON.LTR.BART073409.20160919.TWI","NEON.DOC.001710vE","Twigs/branches",0.66,"N","","Pes0SJTi6mB/L3kaeuPRUby8XD59hvb8"
"c6af2047-bdd5-461e-809f-15f4e10af57c","BART_073.basePlot.ltr","D01","BART","BART_073","BART_073_409","2016-09-28","2016-07-25","2016-09-19","2016-09-22T19:00Z","2016-09-28T17:00Z","NEON.LTR.BART073409.20160919","NEON.LTR.BART073409.20160919.SDS","NEON.DOC.001710vE","Seeds",0.08,"N","","Pes0SJTi6mB/L3kaeuPRUby8XD59hvb8"
"74f0676d-b28b-423d-bc87-a8788e74f896","BART_032.basePlot.ltr","D01","BART","BART_032","BART_032_662","2016-09-28","2016-07-25","2016-09-19","2016-09-22T19:00Z","2016-09-28T17:00Z","NEON.LTR.BART032662.20160919","NEON.LTR.BART032662.20160919.TWI","NEON.DOC.001710vE","Twigs/branches",0.7,"N","","Pes0SJTi6mB/L3kaeuPRUby8XD59hvb8"
"6474f787-3e8d-4c04-aa37-11c37041293a","BART_032.basePlot.ltr","D01","BART","BART_032","BART_032_662","2016-09-28","2016-07-25","2016-09-19","2016-09-22T19:00Z","2016-09-28T17:00Z","NEON.LTR.BART032662.20160919","NEON.LTR.BART032662.20160919.WDY","NEON.DOC.001710vE","Woody material",0.17,"N","","Pes0SJTi6mB/L3kaeuPRUby8XD59hvb8"
"7fa91cdc-10a6-42a7-9d57-9f0693c6349f","BART_032.basePlot.ltr","D01","BART","BART_032","BART_032_662","2016-09-28","2016-07-25","2016-09-19","2016-09-22T19:00Z","2016-09-28T17:00Z","NEON.LTR.BART032662.20160919","NEON.LTR.BART032662.20160919.FLR","NEON.DOC.001710vE","Flowers",0.15,"N","","Pes0SJTi6mB/L3kaeuPRUby8XD59hvb8"
"ce319302-c4c7-48ff-8ce9-89f3c4b43c9a","BART_032.basePlot.ltr","D01","BART","BART_032","BART_032_662","2016-09-28","2016-07-25","2016-09-19","2016-09-22T19:00Z","2016-09-28T17:00Z","NEON.LTR.BART032662.20160919","NEON.LTR.BART032662.20160919.NDL","NEON.DOC.001710vE","Needles",0.38,"N","","Pes0SJTi6mB/L3kaeuPRUby8XD59hvb8"
"e2a27a5b-eb6c-4b74-8762-a586855f5475","BART_032.basePlot.ltr","D01","BART","BART_032","BART_032_662","2016-09-28","2016-07-25","2016-09-19","2016-09-22T19:00Z","2016-09-28T17:00Z","NEON.LTR.BART032662.20160919","NEON.LTR.BART032662.20160919.OTH","NEON.DOC.001710vE","Other",0.22,"N","","Pes0SJTi6mB/L3kaeuPRUby8XD59hvb8"
"96a38b8f-373f-4dbc-8c95-d77c4abd7c92","BART_032.basePlot.ltr","D01","BART","BART_032","BART_032_662","2016-09-28","2016-07-25","2016-09-19","2016-09-22T19:00Z","2016-09-28T17:00Z","NEON.LTR.BART032662.20160919","NEON.LTR.BART032662.20160919.SDS","NEON.DOC.001710vE","Seeds",0.09,"N","","Pes0SJTi6mB/L3kaeuPRUby8XD59hvb8"
"29ac4aae-f86a-42bb-b438-c11a55fc8b48","BART_041.basePlot.ltr","D01","BART","BART_041","BART_041_292","2016-09-28","2016-07-25","2016-09-19","2016-09-22T19:00Z","2016-09-28T17:00Z","NEON.LTR.BART041292.20160919","NEON.LTR.BART041292.20160919.WDY","NEON.DOC.001710vE","Woody material",0.15,"N","","Pes0SJTi6mB/L3kaeuPRUby8XD59hvb8"
"542883ee-0dd1-484a-a666-d2a807ad57d9","BART_047.basePlot.ltr","D01","BART","BART_047","BART_047_864","2016-09-28","2016-07-25","2016-09-20","2016-09-22T19:00Z","2016-09-28T17:00Z","NEON.LTR.BART047864.20160920","NEON.LTR.BART047864.20160920.TWI","NEON.DOC.001710vE","Twigs/branches",1.69,"N","","Pes0SJTi6mB/L3kaeuPRUby8XD59hvb8"
"16bca19b-6f5a-4f43-82d6-d9732fa954f2","BART_047.basePlot.ltr","D01","BART","BART_047","BART_047_864","2016-09-28","2016-07-25","2016-09-20","2016-09-22T19:00Z","2016-09-28T17:00Z","NEON.LTR.BART047864.20160920","NEON.LTR.BART047864.20160920.OTH","NEON.DOC.001710vE","Other",0.37,"N","","Pes0SJTi6mB/L3kaeuPRUby8XD59hvb8"
"a61b87b0-d8e9-4dd6-84ee-a7dd857c0e7c","BART_047.basePlot.ltr","D01","BART","BART_047","BART_047_864","2016-09-28","2016-07-25","2016-09-20","2016-09-22T19:00Z","2016-09-28T17:00Z","NEON.LTR.BART047864.20160920","NEON.LTR.BART047864.20160920.FLR","NEON.DOC.001710vE","Flowers",0.02,"N","","Pes0SJTi6mB/L3kaeuPRUby8XD59hvb8"
"33d83295-7b23-4870-af30-9c8f5649b51e","BART_047.basePlot.ltr","D01","BART","BART_047","BART_047_864","2016-09-28","2016-07-25","2016-09-20","2016-09-22T19:00Z","2016-09-28T17:00Z","NEON.LTR.BART047864.20160920","NEON.LTR.BART047864.20160920.NDL","NEON.DOC.001710vE","Needles",0.6,"N","","Pes0SJTi6mB/L3kaeuPRUby8XD59hvb8"
"f1bb3291-b33f-49ce-9e60-b8a70f3a2808","BART_047.basePlot.ltr","D01","BART","BART_047","BART_047_864","2016-09-28","2016-07-25","2016-09-20","2016-09-22T19:00Z","2016-09-28T17:00Z","NEON.LTR.BART047864.20160920","NEON.LTR.BART047864.20160920.WDY","NEON.DOC.001710vE","Woody material",0.07,"N","","Pes0SJTi6mB/L3kaeuPRUby8XD59hvb8"
"eba5ae9d-f809-46e8-8a67-83b968614cfa","BART_047.basePlot.ltr","D01","BART","BART_047","BART_047_864","2016-09-28","2016-07-25","2016-09-20","2016-09-22T19:00Z","2016-09-28T17:00Z","NEON.LTR.BART047864.20160920","NEON.LTR.BART047864.20160920.LVS","NEON.DOC.001710vE","Leaves",4.46,"N","","Pes0SJTi6mB/L3kaeuPRUby8XD59hvb8"
"db0f3eb4-2cd7-4398-b381-f8db56cef0d2","BART_047.basePlot.ltr","D01","BART","BART_047","BART_047_864","2016-09-28","2016-07-25","2016-09-20","2016-09-22T19:00Z","2016-09-28T17:00Z","NEON.LTR.BART047864.20160920","NEON.LTR.BART047864.20160920.SDS","NEON.DOC.001710vE","Seeds",0.07,"N","","Pes0SJTi6mB/L3kaeuPRUby8XD59hvb8"
"1dc320ec-c2fc-4e08-9732-d120bfa0035a","BART_042.basePlot.ltr","D01","BART","BART_042","BART_042_935","2016-09-28","2016-07-25","2016-09-20","2016-09-22T19:00Z","2016-09-28T17:00Z","NEON.LTR.BART042935.20160920","NEON.LTR.BART042935.20160920.OTH","NEON.DOC.001710vE","Other",6.13,"N","Contained mostly needles","Pes0SJTi6mB/L3kaeuPRUby8XD59hvb8"
"270dc6ce-7e72-416c-9463-61de4feddf07","BART_042.basePlot.ltr","D01","BART","BART_042","BART_042_935","2016-09-28","2016-07-25","2016-09-20","2016-09-22T19:00Z","2016-09-28T17:00Z","NEON.LTR.BART042935.20160920","NEON.LTR.BART042935.20160920.WDY","NEON.DOC.001710vE","Woody material",0.13,"N","","Pes0SJTi6mB/L3kaeuPRUby8XD59hvb8"
"b8162db3-0641-4390-ab2e-ad5b92df2501","BART_042.basePlot.ltr","D01","BART","BART_042","BART_042_935","2016-09-28","2016-07-25","2016-09-20","2016-09-22T19:00Z","2016-09-28T17:00Z","NEON.LTR.BART042935.20160920","NEON.LTR.BART042935.20160920.NDL","NEON.DOC.001710vE","Needles",2.07,"N","","Pes0SJTi6mB/L3kaeuPRUby8XD59hvb8"
"2b27b2f4-3ce2-4bc4-ad93-a8596caa193b","BART_042.basePlot.ltr","D01","BART","BART_042","BART_042_935","2016-09-28","2016-07-25","2016-09-20","2016-09-22T19:00Z","2016-09-28T17:00Z","NEON.LTR.BART042935.20160920","NEON.LTR.BART042935.20160920.TWI","NEON.DOC.001710vE","Twigs/branches",1.69,"N","","Pes0SJTi6mB/L3kaeuPRUby8XD59hvb8"
"e60f81b1-212b-4754-a6ff-04526b1c9941","BART_042.basePlot.ltr","D01","BART","BART_042","BART_042_935","2016-09-28","2016-07-25","2016-09-20","2016-09-22T19:00Z","2016-09-28T17:00Z","NEON.LTR.BART042935.20160920","NEON.LTR.BART042935.20160920.SDS","NEON.DOC.001710vE","Seeds",0.005,"N","","Pes0SJTi6mB/L3kaeuPRUby8XD59hvb8"
"1ecb7a8a-f8b2-4525-9f9a-8a38b7bc119e","BART_042.basePlot.ltr","D01","BART","BART_042","BART_042_935","2016-09-28","2016-07-25","2016-09-20","2016-09-22T19:00Z","2016-09-28T17:00Z","NEON.LTR.BART042935.20160920","NEON.LTR.BART042935.20160920.LVS","NEON.DOC.001710vE","Leaves",6.97,"Y","","Pes0SJTi6mB/L3kaeuPRUby8XD59hvb8"
"d7cdd7dc-f453-4c13-8b48-077422274554","BART_042.basePlot.ltr","D01","BART","BART_042","BART_042_935","2016-09-28","2016-07-25","2016-09-20","2016-09-22T19:00Z","2016-09-28T17:00Z","NEON.LTR.BART042935.20160920","NEON.LTR.BART042935.20160920.FLR","NEON.DOC.001710vE","Flowers",0.005,"N","","Pes0SJTi6mB/L3kaeuPRUby8XD59hvb8"
"c0968cc4-81f8-4feb-bad3-f5ae026dccf0","BART_047.basePlot.ltr","D01","BART","BART_047","BART_047_046","2016-09-28","2016-07-25","2016-09-20","2016-09-22T19:00Z","2016-09-28T17:00Z","NEON.LTR.BART047046.20160920","NEON.LTR.BART047046.20160920.FLR","NEON.DOC.001710vE","Flowers",0.02,"N","","Pes0SJTi6mB/L3kaeuPRUby8XD59hvb8"
"70435339-e1e9-42f4-ad0a-2348b3f5eaf8","BART_047.basePlot.ltr","D01","BART","BART_047","BART_047_046","2016-09-28","2016-07-25","2016-09-20","2016-09-22T19:00Z","2016-09-28T17:00Z","NEON.LTR.BART047046.20160920","NEON.LTR.BART047046.20160920.SDS","NEON.DOC.001710vE","Seeds",0.005,"N","","Pes0SJTi6mB/L3kaeuPRUby8XD59hvb8"
"171cfb63-620b-4511-9535-370d5dca39e3","BART_047.basePlot.ltr","D01","BART","BART_047","BART_047_046","2016-09-28","2016-07-25","2016-09-20","2016-09-22T19:00Z","2016-09-28T17:00Z","NEON.LTR.BART047046.20160920","NEON.LTR.BART047046.20160920.TWI","NEON.DOC.001710vE","Twigs/branches",0.19,"N","","Pes0SJTi6mB/L3kaeuPRUby8XD59hvb8"
"be6c2dda-e606-4d2b-8e7f-b519f25c632e","BART_047.basePlot.ltr","D01","BART","BART_047","BART_047_046","2016-09-28","2016-07-25","2016-09-20","2016-09-22T19:00Z","2016-09-28T17:00Z","NEON.LTR.BART047046.20160920","NEON.LTR.BART047046.20160920.NDL","NEON.DOC.001710vE","Needles",13.21,"N","","Pes0SJTi6mB/L3kaeuPRUby8XD59hvb8"
"7a0135c4-718a-4aac-a6e6-54ada6edfdc4","BART_047.basePlot.ltr","D01","BART","BART_047","BART_047_046","2016-09-28","2016-07-25","2016-09-20","2016-09-22T19:00Z","2016-09-28T17:00Z","NEON.LTR.BART047046.20160920","NEON.LTR.BART047046.20160920.WDY","NEON.DOC.001710vE","Woody material",0.005,"N","","Pes0SJTi6mB/L3kaeuPRUby8XD59hvb8"
"4b700447-c724-44e4-b353-bf0311cce358","BART_047.basePlot.ltr","D01","BART","BART_047","BART_047_046","2016-09-28","2016-07-25","2016-09-20","2016-09-22T19:00Z","2016-09-28T17:00Z","NEON.LTR.BART047046.20160920","NEON.LTR.BART047046.20160920.OTH","NEON.DOC.001710vE","Other",0.21,"N","","Pes0SJTi6mB/L3kaeuPRUby8XD59hvb8"
"8fd4d786-245f-43f8-b6bf-aa88a62b76eb","BART_047.basePlot.ltr","D01","BART","BART_047","BART_047_046","2016-09-28","2016-07-25","2016-09-20","2016-09-22T19:00Z","2016-09-28T17:00Z","NEON.LTR.BART047046.20160920","NEON.LTR.BART047046.20160920.LVS","NEON.DOC.001710vE","Leaves",2.76,"N","","Pes0SJTi6mB/L3kaeuPRUby8XD59hvb8"
"85a93584-30d1-4061-a77a-8852ffea07d8","BART_050.basePlot.ltr","D01","BART","BART_050","BART_050_046","2016-09-28","2016-07-25","2016-09-20","2016-09-22T19:00Z","2016-09-28T17:00Z","NEON.LTR.BART050046.20160920","NEON.LTR.BART050046.20160920.OTH","NEON.DOC.001710vE","Other",34.66,"N","Contained mostly needles","Pes0SJTi6mB/L3kaeuPRUby8XD59hvb8"
"b8d72c12-dd50-484e-80c5-f30ba74b1ac2","BART_050.basePlot.ltr","D01","BART","BART_050","BART_050_046","2016-09-28","2016-07-25","2016-09-20","2016-09-22T19:00Z","2016-09-28T17:00Z","NEON.LTR.BART050046.20160920","NEON.LTR.BART050046.20160920.SDS","NEON.DOC.001710vE","Seeds",0.01,"N","","Pes0SJTi6mB/L3kaeuPRUby8XD59hvb8"
"1126df73-8720-4199-bf5d-90b350c0256c","BART_050.basePlot.ltr","D01","BART","BART_050","BART_050_046","2016-09-28","2016-07-25","2016-09-20","2016-09-22T19:00Z","2016-09-28T17:00Z","NEON.LTR.BART050046.20160920","NEON.LTR.BART050046.20160920.FLR","NEON.DOC.001710vE","Flowers",0.005,"N","","Pes0SJTi6mB/L3kaeuPRUby8XD59hvb8"
"8bfd8ff3-2097-418b-a950-29ec18f9545b","BART_050.basePlot.ltr","D01","BART","BART_050","BART_050_046","2016-09-28","2016-07-25","2016-09-20","2016-09-22T19:00Z","2016-09-28T17:00Z","NEON.LTR.BART050046.20160920","NEON.LTR.BART050046.20160920.WDY","NEON.DOC.001710vE","Woody material",0.72,"N","","Pes0SJTi6mB/L3kaeuPRUby8XD59hvb8"
"019c67f7-05d5-437a-aa11-7748453b6600","BART_050.basePlot.ltr","D01","BART","BART_050","BART_050_046","2016-09-28","2016-07-25","2016-09-20","2016-09-22T19:00Z","2016-09-28T17:00Z","NEON.LTR.BART050046.20160920","NEON.LTR.BART050046.20160920.TWI","NEON.DOC.001710vE","Twigs/branches",0.08,"N","","Pes0SJTi6mB/L3kaeuPRUby8XD59hvb8"
"2f9ab1cc-4448-435f-b1a3-6628380ba948","BART_050.basePlot.ltr","D01","BART","BART_050","BART_050_046","2016-09-28","2016-07-25","2016-09-20","2016-09-22T19:00Z","2016-09-28T17:00Z","NEON.LTR.BART050046.20160920","NEON.LTR.BART050046.20160920.NDL","NEON.DOC.001710vE","Needles",4.16,"N","","Pes0SJTi6mB/L3kaeuPRUby8XD59hvb8"
"d8075fdb-aac3-49cf-8b19-93bf5337e7e9","BART_050.basePlot.ltr","D01","BART","BART_050","BART_050_046","2016-09-28","2016-07-25","2016-09-20","2016-09-22T19:00Z","2016-09-28T17:00Z","NEON.LTR.BART050046.20160920","NEON.LTR.BART050046.20160920.LVS","NEON.DOC.001710vE","Leaves",0.41,"N","","Pes0SJTi6mB/L3kaeuPRUby8XD59hvb8"
"16dc0e06-9a91-4261-8c59-345ed4f5ec65","BART_040.basePlot.ltr","D01","BART","BART_040","BART_040_158","2016-09-28","2016-07-25","2016-09-20","2016-09-22T19:00Z","2016-09-28T17:00Z","NEON.LTR.BART040158.20160920","NEON.LTR.BART040158.20160920.LVS","NEON.DOC.001710vE","Leaves",4.3,"N","","Pes0SJTi6mB/L3kaeuPRUby8XD59hvb8"
"8479f160-675b-454f-96e0-0fbbb3e26fee","BART_040.basePlot.ltr","D01","BART","BART_040","BART_040_158","2016-09-28","2016-07-25","2016-09-20","2016-09-22T19:00Z","2016-09-28T17:00Z","NEON.LTR.BART040158.20160920","NEON.LTR.BART040158.20160920.NDL","NEON.DOC.001710vE","Needles",0.15,"N","","Pes0SJTi6mB/L3kaeuPRUby8XD59hvb8"
"239ec843-5860-45f9-870e-0ec96f32251d","BART_040.basePlot.ltr","D01","BART","BART_040","BART_040_158","2016-09-28","2016-07-25","2016-09-20","2016-09-22T19:00Z","2016-09-28T17:00Z","NEON.LTR.BART040158.20160920","NEON.LTR.BART040158.20160920.TWI","NEON.DOC.001710vE","Twigs/branches",2.96,"N","","Pes0SJTi6mB/L3kaeuPRUby8XD59hvb8"
"d90a6bcf-55c1-4de6-86bf-7b33e6b5f239","BART_040.basePlot.ltr","D01","BART","BART_040","BART_040_158","2016-09-28","2016-07-25","2016-09-20","2016-09-22T19:00Z","2016-09-28T17:00Z","NEON.LTR.BART040158.20160920","NEON.LTR.BART040158.20160920.OTH","NEON.DOC.001710vE","Other",0.9,"N","","Pes0SJTi6mB/L3kaeuPRUby8XD59hvb8"
"1010e836-1a4e-4caa-8aa3-384d57f5e9e4","BART_040.basePlot.ltr","D01","BART","BART_040","BART_040_158","2016-09-28","2016-07-25","2016-09-20","2016-09-22T19:00Z","2016-09-28T17:00Z","NEON.LTR.BART040158.20160920","NEON.LTR.BART040158.20160920.WDY","NEON.DOC.001710vE","Woody material",0.005,"N","","Pes0SJTi6mB/L3kaeuPRUby8XD59hvb8"
"11ed46bc-218c-4133-a8ae-d0610e8c23d5","BART_040.basePlot.ltr","D01","BART","BART_040","BART_040_158","2016-09-28","2016-07-25","2016-09-20","2016-09-22T19:00Z","2016-09-28T17:00Z","NEON.LTR.BART040158.20160920","NEON.LTR.BART040158.20160920.SDS","NEON.DOC.001710vE","Seeds",0.17,"Y","Mostly basswood seeds","Pes0SJTi6mB/L3kaeuPRUby8XD59hvb8"
"8921819e-48f0-4ab2-92e2-24d92ea220bf","BART_040.basePlot.ltr","D01","BART","BART_040","BART_040_158","2016-09-28","2016-07-25","2016-09-20","2016-09-22T19:00Z","2016-09-28T17:00Z","NEON.LTR.BART040158.20160920","NEON.LTR.BART040158.20160920.FLR","NEON.DOC.001710vE","Flowers",0,"N","","Pes0SJTi6mB/L3kaeuPRUby8XD59hvb8"
"feacc21f-e6a9-4c36-b139-2df3d1a12b79","BART_040.basePlot.ltr","D01","BART","BART_040","BART_040_884","2016-09-28","2016-07-25","2016-09-20","2016-09-22T19:00Z","2016-09-28T17:00Z","NEON.LTR.BART040884.20160920","NEON.LTR.BART040884.20160920.TWI","NEON.DOC.001710vE","Twigs/branches",1.66,"N","","Pes0SJTi6mB/L3kaeuPRUby8XD59hvb8"
"8e6ec068-6489-43bb-8251-5df379b6c5ee","BART_040.basePlot.ltr","D01","BART","BART_040","BART_040_884","2016-09-28","2016-07-25","2016-09-20","2016-09-22T19:00Z","2016-09-28T17:00Z","NEON.LTR.BART040884.20160920","NEON.LTR.BART040884.20160920.SDS","NEON.DOC.001710vE","Seeds",0.02,"N","","Pes0SJTi6mB/L3kaeuPRUby8XD59hvb8"
"8f1ef4fb-ea0b-4a08-bbea-b689c0adad5d","BART_040.basePlot.ltr","D01","BART","BART_040","BART_040_884","2016-09-28","2016-07-25","2016-09-20","2016-09-22T19:00Z","2016-09-28T17:00Z","NEON.LTR.BART040884.20160920","NEON.LTR.BART040884.20160920.OTH","NEON.DOC.001710vE","Other",0.2,"N","","Pes0SJTi6mB/L3kaeuPRUby8XD59hvb8"
"9479639b-cebd-4008-9277-5513c16b5d28","BART_040.basePlot.ltr","D01","BART","BART_040","BART_040_884","2016-09-28","2016-07-25","2016-09-20","2016-09-22T19:00Z","2016-09-28T17:00Z","NEON.LTR.BART040884.20160920","NEON.LTR.BART040884.20160920.LVS","NEON.DOC.001710vE","Leaves",2.93,"N","","Pes0SJTi6mB/L3kaeuPRUby8XD59hvb8"
"4eb25bc5-499a-40d1-ac8c-527b72ed5452","BART_040.basePlot.ltr","D01","BART","BART_040","BART_040_884","2016-09-28","2016-07-25","2016-09-20","2016-09-22T19:00Z","2016-09-28T17:00Z","NEON.LTR.BART040884.20160920","NEON.LTR.BART040884.20160920.NDL","NEON.DOC.001710vE","Needles",0.005,"N","","Pes0SJTi6mB/L3kaeuPRUby8XD59hvb8"
"c36fc862-5662-4ffb-a9fd-a1617f33e0d3","BART_040.basePlot.ltr","D01","BART","BART_040","BART_040_884","2016-09-28","2016-07-25","2016-09-20","2016-09-22T19:00Z","2016-09-28T17:00Z","NEON.LTR.BART040884.20160920","NEON.LTR.BART040884.20160920.WDY","NEON.DOC.001710vE","Woody material",0.01,"N","","Pes0SJTi6mB/L3kaeuPRUby8XD59hvb8"
"0c411ff5-b38c-4687-96be-a22e571a8e82","BART_040.basePlot.ltr","D01","BART","BART_040","BART_040_884","2016-09-28","2016-07-25","2016-09-20","2016-09-22T19:00Z","2016-09-28T17:00Z","NEON.LTR.BART040884.20160920","NEON.LTR.BART040884.20160920.FLR","NEON.DOC.001710vE","Flowers",0,"N","","Pes0SJTi6mB/L3kaeuPRUby8XD59hvb8"
"88031995-1515-445b-a500-bd44b296a7a0","BART_033.basePlot.ltr","D01","BART","BART_033","BART_033_453","2016-09-28","2016-07-26","2016-09-19","2016-09-22T19:00Z","2016-09-28T17:00Z","NEON.LTR.BART033453.20160919","NEON.LTR.BART033453.20160919.NDL","NEON.DOC.001710vE","Needles",0.52,"N","","Pes0SJTi6mB/L3kaeuPRUby8XD59hvb8"
"eb9d52d3-78c8-43db-a550-4ad112633cc8","BART_033.basePlot.ltr","D01","BART","BART_033","BART_033_453","2016-09-28","2016-07-26","2016-09-19","2016-09-22T19:00Z","2016-09-28T17:00Z","NEON.LTR.BART033453.20160919","NEON.LTR.BART033453.20160919.WDY","NEON.DOC.001710vE","Woody material",1.25,"Y","","Pes0SJTi6mB/L3kaeuPRUby8XD59hvb8"
"b9828abd-1388-45d2-9abd-69bcc0d84a50","BART_033.basePlot.ltr","D01","BART","BART_033","BART_033_453","2016-09-28","2016-07-26","2016-09-19","2016-09-22T19:00Z","2016-09-28T17:00Z","NEON.LTR.BART033453.20160919","NEON.LTR.BART033453.20160919.OTH","NEON.DOC.001710vE","Other",0.13,"N","","Pes0SJTi6mB/L3kaeuPRUby8XD59hvb8"
"de356036-a270-4eac-a738-2569b2dd8741","BART_033.basePlot.ltr","D01","BART","BART_033","BART_033_453","2016-09-28","2016-07-26","2016-09-19","2016-09-22T19:00Z","2016-09-28T17:00Z","NEON.LTR.BART033453.20160919","NEON.LTR.BART033453.20160919.TWI","NEON.DOC.001710vE","Twigs/branches",0,"N","","Pes0SJTi6mB/L3kaeuPRUby8XD59hvb8"
"347dd3fc-239d-418c-812a-4dbe0dd23de1","BART_033.basePlot.ltr","D01","BART","BART_033","BART_033_453","2016-09-28","2016-07-26","2016-09-19","2016-09-22T19:00Z","2016-09-28T17:00Z","NEON.LTR.BART033453.20160919","NEON.LTR.BART033453.20160919.SDS","NEON.DOC.001710vE","Seeds",0.05,"N","","Pes0SJTi6mB/L3kaeuPRUby8XD59hvb8"
"9fc23993-2e64-41da-b836-ada821956e57","BART_033.basePlot.ltr","D01","BART","BART_033","BART_033_453","2016-09-28","2016-07-26","2016-09-19","2016-09-22T19:00Z","2016-09-28T17:00Z","NEON.LTR.BART033453.20160919","NEON.LTR.BART033453.20160919.FLR","NEON.DOC.001710vE","Flowers",0.005,"N","","Pes0SJTi6mB/L3kaeuPRUby8XD59hvb8"
"dfd7f72c-4658-49ad-b43e-c3b2de6debbd","BART_033.basePlot.ltr","D01","BART","BART_033","BART_033_923","2016-09-28","2016-07-26","2016-09-19","2016-09-22T19:00Z","2016-09-28T17:00Z","NEON.LTR.BART033923.20160919","NEON.LTR.BART033923.20160919.WDY","NEON.DOC.001710vE","Woody material",0.1,"N","","Pes0SJTi6mB/L3kaeuPRUby8XD59hvb8"
"0ee5ff96-78b9-48ad-82dd-5c89cb7f28c9","BART_033.basePlot.ltr","D01","BART","BART_033","BART_033_923","2016-09-28","2016-07-26","2016-09-19","2016-09-22T19:00Z","2016-09-28T17:00Z","NEON.LTR.BART033923.20160919","NEON.LTR.BART033923.20160919.FLR","NEON.DOC.001710vE","Flowers",0.09,"Y","","Pes0SJTi6mB/L3kaeuPRUby8XD59hvb8"
"91679aa3-3078-4f2d-9729-348b73cec19c","BART_033.basePlot.ltr","D01","BART","BART_033","BART_033_923","2016-09-28","2016-07-26","2016-09-19","2016-09-22T19:00Z","2016-09-28T17:00Z","NEON.LTR.BART033923.20160919","NEON.LTR.BART033923.20160919.NDL","NEON.DOC.001710vE","Needles",0.005,"N","","Pes0SJTi6mB/L3kaeuPRUby8XD59hvb8"
"80865dad-c212-4fe7-8eb3-237f7edb4388","BART_033.basePlot.ltr","D01","BART","BART_033","BART_033_923","2016-09-28","2016-07-26","2016-09-19","2016-09-22T19:00Z","2016-09-28T17:00Z","NEON.LTR.BART033923.20160919","NEON.LTR.BART033923.20160919.SDS","NEON.DOC.001710vE","Seeds",0.99,"N","","Pes0SJTi6mB/L3kaeuPRUby8XD59hvb8"
"83489d2c-96ca-49ae-832a-504a5a9e8fe7","BART_033.basePlot.ltr","D01","BART","BART_033","BART_033_923","2016-09-28","2016-07-26","2016-09-19","2016-09-22T19:00Z","2016-09-28T17:00Z","NEON.LTR.BART033923.20160919","NEON.LTR.BART033923.20160919.OTH","NEON.DOC.001710vE","Other",1.81,"N","Contained mostly seeds","Pes0SJTi6mB/L3kaeuPRUby8XD59hvb8"
"a2646e02-af72-421c-b3c5-db6c48d416db","BART_033.basePlot.ltr","D01","BART","BART_033","BART_033_923","2016-09-28","2016-07-26","2016-09-19","2016-09-22T19:00Z","2016-09-28T17:00Z","NEON.LTR.BART033923.20160919","NEON.LTR.BART033923.20160919.LVS","NEON.DOC.001710vE","Leaves",5.05,"N","","Pes0SJTi6mB/L3kaeuPRUby8XD59hvb8"
"9d8f352e-0c83-42d0-a177-383e70b3432f","BART_033.basePlot.ltr","D01","BART","BART_033","BART_033_923","2016-09-28","2016-07-26","2016-09-19","2016-09-22T19:00Z","2016-09-28T17:00Z","NEON.LTR.BART033923.20160919","NEON.LTR.BART033923.20160919.TWI","NEON.DOC.001710vE","Twigs/branches",0.26,"N","","Pes0SJTi6mB/L3kaeuPRUby8XD59hvb8"
"77cd160f-c39f-4c5a-a5e1-ce91b121433d","BART_034.basePlot.ltr","D01","BART","BART_034","BART_034_451","2016-09-28","2016-07-26","2016-09-19","2016-09-22T19:00Z","2016-09-28T17:00Z","NEON.LTR.BART034451.20160919","NEON.LTR.BART034451.20160919.LVS","NEON.DOC.001710vE","Leaves",1.03,"N","","Pes0SJTi6mB/L3kaeuPRUby8XD59hvb8"
"40260d3f-ba6b-40d4-9599-5963ed256096","BART_034.basePlot.ltr","D01","BART","BART_034","BART_034_451","2016-09-28","2016-07-26","2016-09-19","2016-09-22T19:00Z","2016-09-28T17:00Z","NEON.LTR.BART034451.20160919","NEON.LTR.BART034451.20160919.SDS","NEON.DOC.001710vE","Seeds",0.005,"N","","Pes0SJTi6mB/L3kaeuPRUby8XD59hvb8"
"945ed62a-45b0-4fc6-8dde-de861036caec","BART_034.basePlot.ltr","D01","BART","BART_034","BART_034_451","2016-09-28","2016-07-26","2016-09-19","2016-09-22T19:00Z","2016-09-28T17:00Z","NEON.LTR.BART034451.20160919","NEON.LTR.BART034451.20160919.FLR","NEON.DOC.001710vE","Flowers",0.005,"N","","Pes0SJTi6mB/L3kaeuPRUby8XD59hvb8"
"d54be474-57e1-43c0-90ca-a26490725c93","BART_034.basePlot.ltr","D01","BART","BART_034","BART_034_451","2016-09-28","2016-07-26","2016-09-19","2016-09-22T19:00Z","2016-09-28T17:00Z","NEON.LTR.BART034451.20160919","NEON.LTR.BART034451.20160919.TWI","NEON.DOC.001710vE","Twigs/branches",0.53,"N","","Pes0SJTi6mB/L3kaeuPRUby8XD59hvb8"
"fc058b20-d3db-4f66-b28b-4ea13bb913ec","BART_034.basePlot.ltr","D01","BART","BART_034","BART_034_451","2016-09-28","2016-07-26","2016-09-19","2016-09-22T19:00Z","2016-09-28T17:00Z","NEON.LTR.BART034451.20160919","NEON.LTR.BART034451.20160919.WDY","NEON.DOC.001710vE","Woody material",0.01,"N","","Pes0SJTi6mB/L3kaeuPRUby8XD59hvb8"
"9f1f19c2-4d4d-4678-9f58-09a825212454","BART_034.basePlot.ltr","D01","BART","BART_034","BART_034_451","2016-09-28","2016-07-26","2016-09-19","2016-09-22T19:00Z","2016-09-28T17:00Z","NEON.LTR.BART034451.20160919","NEON.LTR.BART034451.20160919.NDL","NEON.DOC.001710vE","Needles",4.41,"N","","Pes0SJTi6mB/L3kaeuPRUby8XD59hvb8"
"dc51cf6e-8524-498b-8615-7e08908f2baa","BART_034.basePlot.ltr","D01","BART","BART_034","BART_034_451","2016-09-28","2016-07-26","2016-09-19","2016-09-22T19:00Z","2016-09-28T17:00Z","NEON.LTR.BART034451.20160919","NEON.LTR.BART034451.20160919.OTH","NEON.DOC.001710vE","Other",0.35,"Y","","Pes0SJTi6mB/L3kaeuPRUby8XD59hvb8"
"267417b5-3186-4af3-9da0-afcc06dd7710","BART_033.basePlot.ltr","D01","BART","BART_033","BART_033_453","2016-09-28","2016-07-26","2016-09-19","2016-09-22T19:00Z","2016-09-28T17:00Z","NEON.LTR.BART033453.20160919","NEON.LTR.BART033453.20160919.LVS","NEON.DOC.001710vE","Leaves",2.16,"N","","Pes0SJTi6mB/L3kaeuPRUby8XD59hvb8"
"9b289eea-1618-44b3-8a55-fd04d68c0d8b","BART_075.basePlot.ltr","D01","BART","BART_075","BART_075_819","2016-09-28","2016-07-26","2016-09-20","2016-09-22T19:00Z","2016-09-28T17:00Z","NEON.LTR.BART075819.20160920","NEON.LTR.BART075819.20160920.WDY","NEON.DOC.001710vE","Woody material",0.03,"N","","Pes0SJTi6mB/L3kaeuPRUby8XD59hvb8"
"089da327-676c-4e63-9163-2bdfb95d6a0b","BART_075.basePlot.ltr","D01","BART","BART_075","BART_075_819","2016-09-28","2016-07-26","2016-09-20","2016-09-22T19:00Z","2016-09-28T17:00Z","NEON.LTR.BART075819.20160920","NEON.LTR.BART075819.20160920.NDL","NEON.DOC.001710vE","Needles",3.72,"N","","Pes0SJTi6mB/L3kaeuPRUby8XD59hvb8"
"2a68aa9d-b58a-441e-bf70-e5cf3f44c458","BART_075.basePlot.ltr","D01","BART","BART_075","BART_075_819","2016-09-28","2016-07-26","2016-09-20","2016-09-22T19:00Z","2016-09-28T17:00Z","NEON.LTR.BART075819.20160920","NEON.LTR.BART075819.20160920.TWI","NEON.DOC.001710vE","Twigs/branches",0.005,"N","","Pes0SJTi6mB/L3kaeuPRUby8XD59hvb8"
"9333e5e3-d281-438d-a8bf-b956f2ef1cdb","BART_075.basePlot.ltr","D01","BART","BART_075","BART_075_819","2016-09-28","2016-07-26","2016-09-20","2016-09-22T19:00Z","2016-09-28T17:00Z","NEON.LTR.BART075819.20160920","NEON.LTR.BART075819.20160920.SDS","NEON.DOC.001710vE","Seeds",0.005,"N","","Pes0SJTi6mB/L3kaeuPRUby8XD59hvb8"
"169f6c50-d7b2-46f7-9a37-4c2ecf04ab86","BART_075.basePlot.ltr","D01","BART","BART_075","BART_075_819","2016-09-28","2016-07-26","2016-09-20","2016-09-22T19:00Z","2016-09-28T17:00Z","NEON.LTR.BART075819.20160920","NEON.LTR.BART075819.20160920.LVS","NEON.DOC.001710vE","Leaves",4.32,"N","","Pes0SJTi6mB/L3kaeuPRUby8XD59hvb8"
"5b871e96-41a4-4c1d-9628-7944d129edbc","BART_075.basePlot.ltr","D01","BART","BART_075","BART_075_819","2016-09-28","2016-07-26","2016-09-20","2016-09-22T19:00Z","2016-09-28T17:00Z","NEON.LTR.BART075819.20160920","NEON.LTR.BART075819.20160920.OTH","NEON.DOC.001710vE","Other",0.58,"N","","Pes0SJTi6mB/L3kaeuPRUby8XD59hvb8"
"836606a0-1e41-451b-9e7c-024c37e218f0","BART_075.basePlot.ltr","D01","BART","BART_075","BART_075_389","2016-09-28","2016-07-26","2016-09-20","2016-09-22T19:00Z","2016-09-28T17:00Z","NEON.LTR.BART075389.20160920","NEON.LTR.BART075389.20160920.NDL","NEON.DOC.001710vE","Needles",16.9,"N","","Pes0SJTi6mB/L3kaeuPRUby8XD59hvb8"
"175c7806-648d-4f39-aeb6-37fe325c4714","BART_075.basePlot.ltr","D01","BART","BART_075","BART_075_389","2016-09-28","2016-07-26","2016-09-20","2016-09-22T19:00Z","2016-09-28T17:00Z","NEON.LTR.BART075389.20160920","NEON.LTR.BART075389.20160920.FLR","NEON.DOC.001710vE","Flowers",0,"N","","Pes0SJTi6mB/L3kaeuPRUby8XD59hvb8"
"ebca477a-2ba3-4c8c-966e-24020e66f2ca","BART_075.basePlot.ltr","D01","BART","BART_075","BART_075_389","2016-09-28","2016-07-26","2016-09-20","2016-09-22T19:00Z","2016-09-28T17:00Z","NEON.LTR.BART075389.20160920","NEON.LTR.BART075389.20160920.TWI","NEON.DOC.001710vE","Twigs/branches",0.2,"Y","","Pes0SJTi6mB/L3kaeuPRUby8XD59hvb8"
"e3943ef9-0d89-40ed-b2fc-3a6ed75db174","BART_075.basePlot.ltr","D01","BART","BART_075","BART_075_389","2016-09-28","2016-07-26","2016-09-20","2016-09-22T19:00Z","2016-09-28T17:00Z","NEON.LTR.BART075389.20160920","NEON.LTR.BART075389.20160920.WDY","NEON.DOC.001710vE","Woody material",0.67,"N","","Pes0SJTi6mB/L3kaeuPRUby8XD59hvb8"
"97408537-3397-4ce0-b706-56d994373458","BART_075.basePlot.ltr","D01","BART","BART_075","BART_075_389","2016-09-28","2016-07-26","2016-09-20","2016-09-22T19:00Z","2016-09-28T17:00Z","NEON.LTR.BART075389.20160920","NEON.LTR.BART075389.20160920.SDS","NEON.DOC.001710vE","Seeds",0.005,"Y","","Pes0SJTi6mB/L3kaeuPRUby8XD59hvb8"
"975f9041-c634-415a-9f63-7134d2cabb69","BART_075.basePlot.ltr","D01","BART","BART_075","BART_075_389","2016-09-28","2016-07-26","2016-09-20","2016-09-22T19:00Z","2016-09-28T17:00Z","NEON.LTR.BART075389.20160920","NEON.LTR.BART075389.20160920.OTH","NEON.DOC.001710vE","Other",12.78,"N","contained mostly needles","Pes0SJTi6mB/L3kaeuPRUby8XD59hvb8"
"67b0621a-5a32-41e1-ae52-d9c8cb6c4099","BART_075.basePlot.ltr","D01","BART","BART_075","BART_075_389","2016-09-28","2016-07-26","2016-09-20","2016-09-22T19:00Z","2016-09-28T17:00Z","NEON.LTR.BART075389.20160920","NEON.LTR.BART075389.20160920.LVS","NEON.DOC.001710vE","Leaves",0.73,"N","","Pes0SJTi6mB/L3kaeuPRUby8XD59hvb8"
"3124a919-d695-48eb-a75a-d8409bfbb3d2","BART_036.basePlot.ltr","D01","BART","BART_036","BART_036_151","2016-09-28","2016-07-26","2016-09-20","2016-09-22T19:00Z","2016-09-28T17:00Z","NEON.LTR.BART036151.20160920","NEON.LTR.BART036151.20160920.LVS","NEON.DOC.001710vE","Leaves",3.57,"N","","Pes0SJTi6mB/L3kaeuPRUby8XD59hvb8"
"3863e0c1-7d43-4f4c-9f1f-b03081d01432","BART_036.basePlot.ltr","D01","BART","BART_036","BART_036_151","2016-09-28","2016-07-26","2016-09-20","2016-09-22T19:00Z","2016-09-28T17:00Z","NEON.LTR.BART036151.20160920","NEON.LTR.BART036151.20160920.TWI","NEON.DOC.001710vE","Twigs/branches",4.35,"Y","","Pes0SJTi6mB/L3kaeuPRUby8XD59hvb8"
"2b10b3ed-ed9f-4411-89aa-68da6051a61e","BART_036.basePlot.ltr","D01","BART","BART_036","BART_036_151","2016-09-28","2016-07-26","2016-09-20","2016-09-22T19:00Z","2016-09-28T17:00Z","NEON.LTR.BART036151.20160920","NEON.LTR.BART036151.20160920.FLR","NEON.DOC.001710vE","Flowers",0.005,"N","","Pes0SJTi6mB/L3kaeuPRUby8XD59hvb8"
"378e1b97-d2ba-4f1a-8bbf-eecc1f25635c","BART_036.basePlot.ltr","D01","BART","BART_036","BART_036_151","2016-09-28","2016-07-26","2016-09-20","2016-09-22T19:00Z","2016-09-28T17:00Z","NEON.LTR.BART036151.20160920","NEON.LTR.BART036151.20160920.SDS","NEON.DOC.001710vE","Seeds",0,"N","","Pes0SJTi6mB/L3kaeuPRUby8XD59hvb8"
"0ecd9aa8-cd81-46f9-9953-1c476414be76","BART_036.basePlot.ltr","D01","BART","BART_036","BART_036_151","2016-09-28","2016-07-26","2016-09-20","2016-09-22T19:00Z","2016-09-28T17:00Z","NEON.LTR.BART036151.20160920","NEON.LTR.BART036151.20160920.OTH","NEON.DOC.001710vE","Other",0.07,"N","","Pes0SJTi6mB/L3kaeuPRUby8XD59hvb8"
"2dc435ea-6c77-4440-ac3b-41c933ea340b","BART_036.basePlot.ltr","D01","BART","BART_036","BART_036_151","2016-09-28","2016-07-26","2016-09-20","2016-09-22T19:00Z","2016-09-28T17:00Z","NEON.LTR.BART036151.20160920","NEON.LTR.BART036151.20160920.NDL","NEON.DOC.001710vE","Needles",0.83,"N","","Pes0SJTi6mB/L3kaeuPRUby8XD59hvb8"
"b054b4b6-aca6-4351-a5f0-c3ada4f3dd89","BART_036.basePlot.ltr","D01","BART","BART_036","BART_036_151","2016-09-28","2016-07-26","2016-09-20","2016-09-22T19:00Z","2016-09-28T17:00Z","NEON.LTR.BART036151.20160920","NEON.LTR.BART036151.20160920.WDY","NEON.DOC.001710vE","Woody material",0.06,"Y","","Pes0SJTi6mB/L3kaeuPRUby8XD59hvb8"
"514f1c52-0df9-48ee-9957-0fe5bddcab0a","BART_075.basePlot.ltr","D01","BART","BART_075","BART_075_819","2016-09-28","2016-07-26","2016-09-20","2016-09-22T19:00Z","2016-09-28T17:00Z","NEON.LTR.BART075819.20160920","NEON.LTR.BART075819.20160920.FLR","NEON.DOC.001710vE","Flowers",0.005,"N","","Pes0SJTi6mB/L3kaeuPRUby8XD59hvb8"
"de8f71f5-0232-4b22-9d88-51c8f19d4e1e","BART_044.basePlot.ltr","D01","BART","BART_044","BART_044_410","2016-09-28","2016-07-26","2016-09-20","2016-09-22T19:00Z","2016-09-28T17:00Z","NEON.LTR.BART044410.20160920","NEON.LTR.BART044410.20160920.WDY","NEON.DOC.001710vE","Woody material",0,"N","","Pes0SJTi6mB/L3kaeuPRUby8XD59hvb8"
"03a5a91b-f7f6-4cc7-89e8-fa947e9d1efc","BART_044.basePlot.ltr","D01","BART","BART_044","BART_044_410","2016-09-28","2016-07-26","2016-09-20","2016-09-22T19:00Z","2016-09-28T17:00Z","NEON.LTR.BART044410.20160920","NEON.LTR.BART044410.20160920.TWI","NEON.DOC.001710vE","Twigs/branches",0.07,"N","","Pes0SJTi6mB/L3kaeuPRUby8XD59hvb8"
"70d85426-9088-41f0-b00e-fc98fc909cc8","BART_044.basePlot.ltr","D01","BART","BART_044","BART_044_410","2016-09-28","2016-07-26","2016-09-20","2016-09-22T19:00Z","2016-09-28T17:00Z","NEON.LTR.BART044410.20160920","NEON.LTR.BART044410.20160920.NDL","NEON.DOC.001710vE","Needles",4.12,"N","","Pes0SJTi6mB/L3kaeuPRUby8XD59hvb8"
"7a612ee6-dcba-4a3b-b7b0-45a71e18b17b","BART_044.basePlot.ltr","D01","BART","BART_044","BART_044_410","2016-09-28","2016-07-26","2016-09-20","2016-09-22T19:00Z","2016-09-28T17:00Z","NEON.LTR.BART044410.20160920","NEON.LTR.BART044410.20160920.LVS","NEON.DOC.001710vE","Leaves",5.87,"N","","Pes0SJTi6mB/L3kaeuPRUby8XD59hvb8"
"7a061c4a-cb6c-4adc-b056-eb417a3ecd4a","BART_044.basePlot.ltr","D01","BART","BART_044","BART_044_410","2016-09-28","2016-07-26","2016-09-20","2016-09-22T19:00Z","2016-09-28T17:00Z","NEON.LTR.BART044410.20160920","NEON.LTR.BART044410.20160920.OTH","NEON.DOC.001710vE","Other",0.09,"N","","Pes0SJTi6mB/L3kaeuPRUby8XD59hvb8"
"8d695fe4-2811-444e-b8ee-a470f6968b71","BART_044.basePlot.ltr","D01","BART","BART_044","BART_044_410","2016-09-28","2016-07-26","2016-09-20","2016-09-22T19:00Z","2016-09-28T17:00Z","NEON.LTR.BART044410.20160920","NEON.LTR.BART044410.20160920.FLR","NEON.DOC.001710vE","Flowers",0,"N","","Pes0SJTi6mB/L3kaeuPRUby8XD59hvb8"
"504c0906-2dda-4858-8418-b8120498a810","BART_044.basePlot.ltr","D01","BART","BART_044","BART_044_410","2016-09-28","2016-07-26","2016-09-20","2016-09-22T19:00Z","2016-09-28T17:00Z","NEON.LTR.BART044410.20160920","NEON.LTR.BART044410.20160920.SDS","NEON.DOC.001710vE","Seeds",0.005,"N","","Pes0SJTi6mB/L3kaeuPRUby8XD59hvb8"
"dbbfc440-7e91-4c12-b6df-cc2240c4e7c3","BART_044.basePlot.ltr","D01","BART","BART_044","BART_044_531","2016-09-28","2016-07-26","2016-09-20","2016-09-22T19:00Z","2016-09-28T17:00Z","NEON.LTR.BART044531.20160920","NEON.LTR.BART044531.20160920.SDS","NEON.DOC.001710vE","Seeds",0.005,"N","","Pes0SJTi6mB/L3kaeuPRUby8XD59hvb8"
"a2b37307-6a6c-477f-a089-e302013c8f2d","BART_044.basePlot.ltr","D01","BART","BART_044","BART_044_531","2016-09-28","2016-07-26","2016-09-20","2016-09-22T19:00Z","2016-09-28T17:00Z","NEON.LTR.BART044531.20160920","NEON.LTR.BART044531.20160920.NDL","NEON.DOC.001710vE","Needles",0.4,"N","","Pes0SJTi6mB/L3kaeuPRUby8XD59hvb8"
"e844cbf1-94cb-4246-acec-715ce8332980","BART_044.basePlot.ltr","D01","BART","BART_044","BART_044_531","2016-09-28","2016-07-26","2016-09-20","2016-09-22T19:00Z","2016-09-28T17:00Z","NEON.LTR.BART044531.20160920","NEON.LTR.BART044531.20160920.LVS","NEON.DOC.001710vE","Leaves",5.17,"N","","Pes0SJTi6mB/L3kaeuPRUby8XD59hvb8"
"7974766f-1b3c-499a-9fc4-31cba82ee08c","BART_044.basePlot.ltr","D01","BART","BART_044","BART_044_531","2016-09-28","2016-07-26","2016-09-20","2016-09-22T19:00Z","2016-09-28T17:00Z","NEON.LTR.BART044531.20160920","NEON.LTR.BART044531.20160920.OTH","NEON.DOC.001710vE","Other",0.35,"N","","Pes0SJTi6mB/L3kaeuPRUby8XD59hvb8"
"0dc694b7-0731-4240-a8b1-3cad143ed01e","BART_044.basePlot.ltr","D01","BART","BART_044","BART_044_531","2016-09-28","2016-07-26","2016-09-20","2016-09-22T19:00Z","2016-09-28T17:00Z","NEON.LTR.BART044531.20160920","NEON.LTR.BART044531.20160920.TWI","NEON.DOC.001710vE","Twigs/branches",0.79,"Y","","Pes0SJTi6mB/L3kaeuPRUby8XD59hvb8"
"045ed0bd-7a0c-4955-b85c-97265603e902","BART_044.basePlot.ltr","D01","BART","BART_044","BART_044_531","2016-09-28","2016-07-26","2016-09-20","2016-09-22T19:00Z","2016-09-28T17:00Z","NEON.LTR.BART044531.20160920","NEON.LTR.BART044531.20160920.WDY","NEON.DOC.001710vE","Woody material",0.36,"N","","Pes0SJTi6mB/L3kaeuPRUby8XD59hvb8"
"6287e4ed-5f49-4bde-aa35-01bce616cd98","BART_044.basePlot.ltr","D01","BART","BART_044","BART_044_531","2016-09-28","2016-07-26","2016-09-20","2016-09-22T19:00Z","2016-09-28T17:00Z","NEON.LTR.BART044531.20160920","NEON.LTR.BART044531.20160920.FLR","NEON.DOC.001710vE","Flowers",0.005,"N","","Pes0SJTi6mB/L3kaeuPRUby8XD59hvb8"
"e8e86331-42ec-4cfe-baea-0ca481f24d59","BART_037.basePlot.ltr","D01","BART","BART_037","BART_037_158","2016-09-28","2016-07-26","2016-09-20","2016-09-22T19:00Z","2016-09-28T17:00Z","NEON.LTR.BART037158.20160920","NEON.LTR.BART037158.20160920.WDY","NEON.DOC.001710vE","Woody material",0.04,"N","","Pes0SJTi6mB/L3kaeuPRUby8XD59hvb8"
"4a7e9f66-4232-45af-b2fc-c385d6ef2650","BART_037.basePlot.ltr","D01","BART","BART_037","BART_037_158","2016-09-28","2016-07-26","2016-09-20","2016-09-22T19:00Z","2016-09-28T17:00Z","NEON.LTR.BART037158.20160920","NEON.LTR.BART037158.20160920.LVS","NEON.DOC.001710vE","Leaves",3.69,"Y","","Pes0SJTi6mB/L3kaeuPRUby8XD59hvb8"
"fc00a058-d4ba-4c5b-a103-3ae706a7cefb","BART_037.basePlot.ltr","D01","BART","BART_037","BART_037_158","2016-09-28","2016-07-26","2016-09-20","2016-09-22T19:00Z","2016-09-28T17:00Z","NEON.LTR.BART037158.20160920","NEON.LTR.BART037158.20160920.OTH","NEON.DOC.001710vE","Other",0.23,"N","","Pes0SJTi6mB/L3kaeuPRUby8XD59hvb8"
"ad75c03a-b4b4-45aa-92c1-595008257778","BART_037.basePlot.ltr","D01","BART","BART_037","BART_037_158","2016-09-28","2016-07-26","2016-09-20","2016-09-22T19:00Z","2016-09-28T17:00Z","NEON.LTR.BART037158.20160920","NEON.LTR.BART037158.20160920.FLR","NEON.DOC.001710vE","Flowers",0,"N","","Pes0SJTi6mB/L3kaeuPRUby8XD59hvb8"
"44a85da7-5b9b-4e2e-aceb-83ff23486eca","BART_037.basePlot.ltr","D01","BART","BART_037","BART_037_158","2016-09-28","2016-07-26","2016-09-20","2016-09-22T19:00Z","2016-09-28T17:00Z","NEON.LTR.BART037158.20160920","NEON.LTR.BART037158.20160920.SDS","NEON.DOC.001710vE","Seeds",0.02,"N","","Pes0SJTi6mB/L3kaeuPRUby8XD59hvb8"
"8fe969a0-1e0d-4c74-a28f-9fbb4aa5704f","BART_037.basePlot.ltr","D01","BART","BART_037","BART_037_158","2016-09-28","2016-07-26","2016-09-20","2016-09-22T19:00Z","2016-09-28T17:00Z","NEON.LTR.BART037158.20160920","NEON.LTR.BART037158.20160920.TWI","NEON.DOC.001710vE","Twigs/branches",0.8,"N","","Pes0SJTi6mB/L3kaeuPRUby8XD59hvb8"
"5d454274-4218-4521-90b0-09f0fa129beb","BART_037.basePlot.ltr","D01","BART","BART_037","BART_037_158","2016-09-28","2016-07-26","2016-09-20","2016-09-22T19:00Z","2016-09-28T17:00Z","NEON.LTR.BART037158.20160920","NEON.LTR.BART037158.20160920.NDL","NEON.DOC.001710vE","Needles",0.94,"N","","Pes0SJTi6mB/L3kaeuPRUby8XD59hvb8"
"6013e535-c932-45b4-b80d-e0e60d4f9c4b","BART_039.basePlot.ltr","D01","BART","BART_039","BART_039_930","2016-10-25","2016-09-19","2016-10-10","2016-10-20T16:00Z","2016-10-25T11:30Z","NEON.LTR.BART039930.20161010","NEON.LTR.BART039930.20161010.OTH","NEON.DOC.001710vE","Other",0.03,"N","","Pes0SJTi6mB/L3kaeuPRUby8XD59hvb8"
"15c51546-d94f-4f58-b096-5d36101dfe54","BART_039.basePlot.ltr","D01","BART","BART_039","BART_039_930","2016-10-25","2016-09-19","2016-10-10","2016-10-20T16:00Z","2016-10-25T11:30Z","NEON.LTR.BART039930.20161010","NEON.LTR.BART039930.20161010.LVS","NEON.DOC.001710vE","Leaves",11.36,"N","","Pes0SJTi6mB/L3kaeuPRUby8XD59hvb8"
"8929fe22-0c75-4fb0-89bb-e33ea862e8d5","BART_039.basePlot.ltr","D01","BART","BART_039","BART_039_930","2016-10-25","2016-09-19","2016-10-10","2016-10-20T16:00Z","2016-10-25T11:30Z","NEON.LTR.BART039930.20161010","NEON.LTR.BART039930.20161010.WDY","NEON.DOC.001710vE","Woody material",0,"N","","Pes0SJTi6mB/L3kaeuPRUby8XD59hvb8"
"54e16ac8-efbe-47d1-af93-6776b2a00c87","BART_039.basePlot.ltr","D01","BART","BART_039","BART_039_930","2016-10-25","2016-09-19","2016-10-10","2016-10-20T16:00Z","2016-10-25T11:30Z","NEON.LTR.BART039930.20161010","NEON.LTR.BART039930.20161010.NDL","NEON.DOC.001710vE","Needles",9.29,"N","","Pes0SJTi6mB/L3kaeuPRUby8XD59hvb8"
"5ac0f3a9-077f-4741-985a-8396813f3fd0","BART_039.basePlot.ltr","D01","BART","BART_039","BART_039_930","2016-10-25","2016-09-19","2016-10-10","2016-10-20T16:00Z","2016-10-25T11:30Z","NEON.LTR.BART039930.20161010","NEON.LTR.BART039930.20161010.TWI","NEON.DOC.001710vE","Twigs/branches",0.04,"N","","Pes0SJTi6mB/L3kaeuPRUby8XD59hvb8"
"c922884e-e4aa-4057-86d8-a4d4bf179fc3","BART_039.basePlot.ltr","D01","BART","BART_039","BART_039_930","2016-10-25","2016-09-19","2016-10-10","2016-10-20T16:00Z","2016-10-25T11:30Z","NEON.LTR.BART039930.20161010","NEON.LTR.BART039930.20161010.FLR","NEON.DOC.001710vE","Flowers",0.005,"N","","Pes0SJTi6mB/L3kaeuPRUby8XD59hvb8"
"2f55c5c9-39c6-4af8-ad2c-0c56a0548a6e","BART_071.basePlot.ltr","D01","BART","BART_071","BART_071_382","2016-10-25","2016-09-19","2016-10-10","2016-10-20T16:00Z","2016-10-25T11:30Z","NEON.LTR.BART071382.20161010","NEON.LTR.BART071382.20161010.FLR","NEON.DOC.001710vE","Flowers",0.005,"N","","Pes0SJTi6mB/L3kaeuPRUby8XD59hvb8"
"b41958de-3e67-43a5-a4fd-ce73ee89fe73","BART_071.basePlot.ltr","D01","BART","BART_071","BART_071_382","2016-10-25","2016-09-19","2016-10-10","2016-10-20T16:00Z","2016-10-25T11:30Z","NEON.LTR.BART071382.20161010","NEON.LTR.BART071382.20161010.TWI","NEON.DOC.001710vE","Twigs/branches",0.08,"N","","Pes0SJTi6mB/L3kaeuPRUby8XD59hvb8"
"56915638-969f-4100-827e-d2914b1cb479","BART_071.basePlot.ltr","D01","BART","BART_071","BART_071_382","2016-10-25","2016-09-19","2016-10-10","2016-10-20T16:00Z","2016-10-25T11:30Z","NEON.LTR.BART071382.20161010","NEON.LTR.BART071382.20161010.NDL","NEON.DOC.001710vE","Needles",12.08,"N","","Pes0SJTi6mB/L3kaeuPRUby8XD59hvb8"
"7d8ffc5f-9985-4c4c-b95b-8c46f1fb9c83","BART_071.basePlot.ltr","D01","BART","BART_071","BART_071_382","2016-10-25","2016-09-19","2016-10-10","2016-10-20T16:00Z","2016-10-25T11:30Z","NEON.LTR.BART071382.20161010","NEON.LTR.BART071382.20161010.WDY","NEON.DOC.001710vE","Woody material",0.09,"N","","Pes0SJTi6mB/L3kaeuPRUby8XD59hvb8"
"f81ae231-9da3-4967-b0a8-c213d13e838c","BART_071.basePlot.ltr","D01","BART","BART_071","BART_071_382","2016-10-25","2016-09-19","2016-10-10","2016-10-20T16:00Z","2016-10-25T11:30Z","NEON.LTR.BART071382.20161010","NEON.LTR.BART071382.20161010.LVS","NEON.DOC.001710vE","Leaves",18.79,"N","","Pes0SJTi6mB/L3kaeuPRUby8XD59hvb8"
"ebfc1ed9-adb3-43e0-bec8-4c5160fc2894","BART_071.basePlot.ltr","D01","BART","BART_071","BART_071_382","2016-10-25","2016-09-19","2016-10-10","2016-10-20T16:00Z","2016-10-25T11:30Z","NEON.LTR.BART071382.20161010","NEON.LTR.BART071382.20161010.OTH","NEON.DOC.001710vE","Other",0.08,"Y","","Pes0SJTi6mB/L3kaeuPRUby8XD59hvb8"
"1ea3fcbe-ae69-48c0-912f-99eb2d17cbb7","BART_071.basePlot.ltr","D01","BART","BART_071","BART_071_382","2016-10-25","2016-09-19","2016-10-10","2016-10-20T16:00Z","2016-10-25T11:30Z","NEON.LTR.BART071382.20161010","NEON.LTR.BART071382.20161010.SDS","NEON.DOC.001710vE","Seeds",0.08,"N","","Pes0SJTi6mB/L3kaeuPRUby8XD59hvb8"
"ef4f1326-4c05-4296-957f-32d555a83cb2","BART_071.basePlot.ltr","D01","BART","BART_071","BART_071_952","2016-10-25","2016-09-19","2016-10-10","2016-10-20T16:00Z","2016-10-25T11:30Z","NEON.LTR.BART071952.20161010","NEON.LTR.BART071952.20161010.OTH","NEON.DOC.001710vE","Other",0.09,"N","","Pes0SJTi6mB/L3kaeuPRUby8XD59hvb8"
"e6239f18-15d3-4553-93d9-7ae538c5a5ab","BART_071.basePlot.ltr","D01","BART","BART_071","BART_071_952","2016-10-25","2016-09-19","2016-10-10","2016-10-20T16:00Z","2016-10-25T11:30Z","NEON.LTR.BART071952.20161010","NEON.LTR.BART071952.20161010.SDS","NEON.DOC.001710vE","Seeds",0.14,"N","","Pes0SJTi6mB/L3kaeuPRUby8XD59hvb8"
"c033a655-453d-4967-ad1d-677644ca0428","BART_071.basePlot.ltr","D01","BART","BART_071","BART_071_952","2016-10-25","2016-09-19","2016-10-10","2016-10-20T16:00Z","2016-10-25T11:30Z","NEON.LTR.BART071952.20161010","NEON.LTR.BART071952.20161010.LVS","NEON.DOC.001710vE","Leaves",40.35,"N","","Pes0SJTi6mB/L3kaeuPRUby8XD59hvb8"
"c78b6972-381e-46e0-8b54-91f52bd9e2c3","BART_071.basePlot.ltr","D01","BART","BART_071","BART_071_952","2016-10-25","2016-09-19","2016-10-10","2016-10-20T16:00Z","2016-10-25T11:30Z","NEON.LTR.BART071952.20161010","NEON.LTR.BART071952.20161010.FLR","NEON.DOC.001710vE","Flowers",0.01,"N","EFLR in ESDS","Pes0SJTi6mB/L3kaeuPRUby8XD59hvb8"
"dd47365d-496d-4ad5-82ed-21cc0abc3fce","BART_071.basePlot.ltr","D01","BART","BART_071","BART_071_952","2016-10-25","2016-09-19","2016-10-10","2016-10-20T16:00Z","2016-10-25T11:30Z","NEON.LTR.BART071952.20161010","NEON.LTR.BART071952.20161010.TWI","NEON.DOC.001710vE","Twigs/branches",0.13,"N","","Pes0SJTi6mB/L3kaeuPRUby8XD59hvb8"
"c612a5f5-633b-4c80-b19d-ae147421509b","BART_071.basePlot.ltr","D01","BART","BART_071","BART_071_952","2016-10-25","2016-09-19","2016-10-10","2016-10-20T16:00Z","2016-10-25T11:30Z","NEON.LTR.BART071952.20161010","NEON.LTR.BART071952.20161010.WDY","NEON.DOC.001710vE","Woody material",0.005,"N","","Pes0SJTi6mB/L3kaeuPRUby8XD59hvb8"
"b19ebb73-f08d-4acf-a6fd-d64b45f4dbbc","BART_071.basePlot.ltr","D01","BART","BART_071","BART_071_952","2016-10-25","2016-09-19","2016-10-10","2016-10-20T16:00Z","2016-10-25T11:30Z","NEON.LTR.BART071952.20161010","NEON.LTR.BART071952.20161010.NDL","NEON.DOC.001710vE","Needles",9.96,"N","","Pes0SJTi6mB/L3kaeuPRUby8XD59hvb8"
"e1ce0078-b460-4573-872a-1afa7f61ecbc","BART_034.basePlot.ltr","D01","BART","BART_034","BART_034_531","2016-10-25","2016-09-19","2016-10-10","2016-10-20T16:00Z","2016-10-25T11:30Z","NEON.LTR.BART034531.20161010","NEON.LTR.BART034531.20161010.LVS","NEON.DOC.001710vE","Leaves",10.97,"N","","Pes0SJTi6mB/L3kaeuPRUby8XD59hvb8"
"be05e639-aeac-4850-b0b4-1629661774ba","BART_034.basePlot.ltr","D01","BART","BART_034","BART_034_531","2016-10-25","2016-09-19","2016-10-10","2016-10-20T16:00Z","2016-10-25T11:30Z","NEON.LTR.BART034531.20161010","NEON.LTR.BART034531.20161010.NDL","NEON.DOC.001710vE","Needles",3.06,"N","","Pes0SJTi6mB/L3kaeuPRUby8XD59hvb8"
"7d195949-1e0f-49c7-91b0-e30ac5755ae3","BART_034.basePlot.ltr","D01","BART","BART_034","BART_034_531","2016-10-25","2016-09-19","2016-10-10","2016-10-20T16:00Z","2016-10-25T11:30Z","NEON.LTR.BART034531.20161010","NEON.LTR.BART034531.20161010.OTH","NEON.DOC.001710vE","Other",0.01,"N","","Pes0SJTi6mB/L3kaeuPRUby8XD59hvb8"
"77279184-284c-48bb-b2ed-f7fab65d07a4","BART_034.basePlot.ltr","D01","BART","BART_034","BART_034_531","2016-10-25","2016-09-19","2016-10-10","2016-10-20T16:00Z","2016-10-25T11:30Z","NEON.LTR.BART034531.20161010","NEON.LTR.BART034531.20161010.SDS","NEON.DOC.001710vE","Seeds",0.005,"N","","Pes0SJTi6mB/L3kaeuPRUby8XD59hvb8"
"49977193-2bbd-4ade-b729-b4c7caf1e4eb","BART_034.basePlot.ltr","D01","BART","BART_034","BART_034_531","2016-10-25","2016-09-19","2016-10-10","2016-10-20T16:00Z","2016-10-25T11:30Z","NEON.LTR.BART034531.20161010","NEON.LTR.BART034531.20161010.FLR","NEON.DOC.001710vE","Flowers",0,"N","","Pes0SJTi6mB/L3kaeuPRUby8XD59hvb8"
"c3111069-a744-4288-8b85-b2fc94d9b039","BART_034.basePlot.ltr","D01","BART","BART_034","BART_034_531","2016-10-25","2016-09-19","2016-10-10","2016-10-20T16:00Z","2016-10-25T11:30Z","NEON.LTR.BART034531.20161010","NEON.LTR.BART034531.20161010.TWI","NEON.DOC.001710vE","Twigs/branches",0.08,"N","","Pes0SJTi6mB/L3kaeuPRUby8XD59hvb8"
"e6fba928-5f62-4485-a9ec-82518b26b4e5","BART_034.basePlot.ltr","D01","BART","BART_034","BART_034_531","2016-10-25","2016-09-19","2016-10-10","2016-10-20T16:00Z","2016-10-25T11:30Z","NEON.LTR.BART034531.20161010","NEON.LTR.BART034531.20161010.WDY","NEON.DOC.001710vE","Woody material",0,"N","","Pes0SJTi6mB/L3kaeuPRUby8XD59hvb8"
"3fd3a378-9576-4698-be09-25008e35712d","BART_073.basePlot.ltr","D01","BART","BART_073","BART_073_409","2016-10-25","2016-09-19","2016-10-10","2016-10-20T16:00Z","2016-10-25T11:30Z","NEON.LTR.BART073409.20161010","NEON.LTR.BART073409.20161010.FLR","NEON.DOC.001710vE","Flowers",0.005,"N","","Pes0SJTi6mB/L3kaeuPRUby8XD59hvb8"
"d9794634-b5a0-4f12-bf59-27f81fadc67a","BART_073.basePlot.ltr","D01","BART","BART_073","BART_073_409","2016-10-25","2016-09-19","2016-10-10","2016-10-20T16:00Z","2016-10-25T11:30Z","NEON.LTR.BART073409.20161010","NEON.LTR.BART073409.20161010.LVS","NEON.DOC.001710vE","Leaves",21.81,"N","","Pes0SJTi6mB/L3kaeuPRUby8XD59hvb8"
"6e9eb196-83c0-400f-a41d-337f19511f42","BART_073.basePlot.ltr","D01","BART","BART_073","BART_073_409","2016-10-25","2016-09-19","2016-10-10","2016-10-20T16:00Z","2016-10-25T11:30Z","NEON.LTR.BART073409.20161010","NEON.LTR.BART073409.20161010.TWI","NEON.DOC.001710vE","Twigs/branches",0,"N","","Pes0SJTi6mB/L3kaeuPRUby8XD59hvb8"
"634711e6-3328-4e1b-bf1f-aa2cf1ba1bf3","BART_073.basePlot.ltr","D01","BART","BART_073","BART_073_409","2016-10-25","2016-09-19","2016-10-10","2016-10-20T16:00Z","2016-10-25T11:30Z","NEON.LTR.BART073409.20161010","NEON.LTR.BART073409.20161010.NDL","NEON.DOC.001710vE","Needles",2.68,"N","","Pes0SJTi6mB/L3kaeuPRUby8XD59hvb8"
"03d42b5c-678a-4a61-9d42-9b3c2b6c264b","BART_073.basePlot.ltr","D01","BART","BART_073","BART_073_409","2016-10-25","2016-09-19","2016-10-10","2016-10-20T16:00Z","2016-10-25T11:30Z","NEON.LTR.BART073409.20161010","NEON.LTR.BART073409.20161010.OTH","NEON.DOC.001710vE","Other",0.32,"N","","Pes0SJTi6mB/L3kaeuPRUby8XD59hvb8"
"e9456acb-64a9-4bbb-83cf-f0d7013e0033","BART_073.basePlot.ltr","D01","BART","BART_073","BART_073_409","2016-10-25","2016-09-19","2016-10-10","2016-10-20T16:00Z","2016-10-25T11:30Z","NEON.LTR.BART073409.20161010","NEON.LTR.BART073409.20161010.SDS","NEON.DOC.001710vE","Seeds",0.12,"Y","","Pes0SJTi6mB/L3kaeuPRUby8XD59hvb8"
"25491f67-7ffc-433a-8e8c-4774271d09d0","BART_073.basePlot.ltr","D01","BART","BART_073","BART_073_409","2016-10-25","2016-09-19","2016-10-10","2016-10-20T16:00Z","2016-10-25T11:30Z","NEON.LTR.BART073409.20161010","NEON.LTR.BART073409.20161010.WDY","NEON.DOC.001710vE","Woody material",0.09,"N","FAGR nut","Pes0SJTi6mB/L3kaeuPRUby8XD59hvb8"
"482a6f3d-fffc-4cd0-858a-94797c387e9a","BART_032.basePlot.ltr","D01","BART","BART_032","BART_032_293","2016-10-25","2016-09-19","2016-10-10","2016-10-20T16:00Z","2016-10-25T11:30Z","NEON.LTR.BART032293.20161010","NEON.LTR.BART032293.20161010.LVS","NEON.DOC.001710vE","Leaves",31.66,"N","","Pes0SJTi6mB/L3kaeuPRUby8XD59hvb8"
"18b5afc7-bbe5-4c53-b52a-79fea7d5d6bf","BART_032.basePlot.ltr","D01","BART","BART_032","BART_032_293","2016-10-25","2016-09-19","2016-10-10","2016-10-20T16:00Z","2016-10-25T11:30Z","NEON.LTR.BART032293.20161010","NEON.LTR.BART032293.20161010.FLR","NEON.DOC.001710vE","Flowers",0.005,"N","","Pes0SJTi6mB/L3kaeuPRUby8XD59hvb8"
"4b082e9b-bbff-46ac-a115-60c7acce422e","BART_032.basePlot.ltr","D01","BART","BART_032","BART_032_293","2016-10-25","2016-09-19","2016-10-10","2016-10-20T16:00Z","2016-10-25T11:30Z","NEON.LTR.BART032293.20161010","NEON.LTR.BART032293.20161010.NDL","NEON.DOC.001710vE","Needles",0.68,"N","","Pes0SJTi6mB/L3kaeuPRUby8XD59hvb8"
"1f9dd808-ec05-49b3-80de-d0da7f5a5697","BART_032.basePlot.ltr","D01","BART","BART_032","BART_032_293","2016-10-25","2016-09-19","2016-10-10","2016-10-20T16:00Z","2016-10-25T11:30Z","NEON.LTR.BART032293.20161010","NEON.LTR.BART032293.20161010.TWI","NEON.DOC.001710vE","Twigs/branches",0.09,"N","","Pes0SJTi6mB/L3kaeuPRUby8XD59hvb8"
"7d276faf-8c70-432c-a05b-6842c43b9230","BART_032.basePlot.ltr","D01","BART","BART_032","BART_032_293","2016-10-25","2016-09-19","2016-10-10","2016-10-20T16:00Z","2016-10-25T11:30Z","NEON.LTR.BART032293.20161010","NEON.LTR.BART032293.20161010.WDY","NEON.DOC.001710vE","Woody material",0,"N","","Pes0SJTi6mB/L3kaeuPRUby8XD59hvb8"
"c1eaacec-b345-4521-a4d5-404a00c11a4a","BART_032.basePlot.ltr","D01","BART","BART_032","BART_032_293","2016-10-25","2016-09-19","2016-10-10","2016-10-20T16:00Z","2016-10-25T11:30Z","NEON.LTR.BART032293.20161010","NEON.LTR.BART032293.20161010.SDS","NEON.DOC.001710vE","Seeds",0.08,"N","","Pes0SJTi6mB/L3kaeuPRUby8XD59hvb8"
"d2bb43fa-6392-486a-b08c-266cf657d32b","BART_032.basePlot.ltr","D01","BART","BART_032","BART_032_293","2016-10-25","2016-09-19","2016-10-10","2016-10-20T16:00Z","2016-10-25T11:30Z","NEON.LTR.BART032293.20161010","NEON.LTR.BART032293.20161010.OTH","NEON.DOC.001710vE","Other",0.22,"N","","Pes0SJTi6mB/L3kaeuPRUby8XD59hvb8"
"58a9f3ef-7faf-4bf8-ae23-d87ec6da65df","BART_041.basePlot.ltr","D01","BART","BART_041","BART_041_292","2016-10-25","2016-09-19","2016-10-10","2016-10-20T16:00Z","2016-10-25T11:30Z","NEON.LTR.BART041292.20161010","NEON.LTR.BART041292.20161010.FLR","NEON.DOC.001710vE","Flowers",0.04,"N","","Pes0SJTi6mB/L3kaeuPRUby8XD59hvb8"
"7d7b3e0a-43c0-4822-ac1c-98955b9199b9","BART_041.basePlot.ltr","D01","BART","BART_041","BART_041_292","2016-10-25","2016-09-19","2016-10-10","2016-10-20T16:00Z","2016-10-25T11:30Z","NEON.LTR.BART041292.20161010","NEON.LTR.BART041292.20161010.WDY","NEON.DOC.001710vE","Woody material",0.03,"N","","Pes0SJTi6mB/L3kaeuPRUby8XD59hvb8"
"05f555c5-13a7-4463-90ac-fd522c934bcc","BART_041.basePlot.ltr","D01","BART","BART_041","BART_041_292","2016-10-25","2016-09-19","2016-10-10","2016-10-20T16:00Z","2016-10-25T11:30Z","NEON.LTR.BART041292.20161010","NEON.LTR.BART041292.20161010.LVS","NEON.DOC.001710vE","Leaves",25.44,"N","","Pes0SJTi6mB/L3kaeuPRUby8XD59hvb8"
"f7a1d88f-c5ea-495d-a695-220430bc622d","BART_041.basePlot.ltr","D01","BART","BART_041","BART_041_292","2016-10-25","2016-09-19","2016-10-10","2016-10-20T16:00Z","2016-10-25T11:30Z","NEON.LTR.BART041292.20161010","NEON.LTR.BART041292.20161010.TWI","NEON.DOC.001710vE","Twigs/branches",0.11,"N","","Pes0SJTi6mB/L3kaeuPRUby8XD59hvb8"
"5b6f4b80-2dc7-4d4b-ac80-863a96c8a4b2","BART_041.basePlot.ltr","D01","BART","BART_041","BART_041_292","2016-10-25","2016-09-19","2016-10-10","2016-10-20T16:00Z","2016-10-25T11:30Z","NEON.LTR.BART041292.20161010","NEON.LTR.BART041292.20161010.OTH","NEON.DOC.001710vE","Other",0.005,"N","","Pes0SJTi6mB/L3kaeuPRUby8XD59hvb8"
"b3544a3b-3dd6-41a4-a186-cbc6a4b9ef71","BART_041.basePlot.ltr","D01","BART","BART_041","BART_041_292","2016-10-25","2016-09-19","2016-10-10","2016-10-20T16:00Z","2016-10-25T11:30Z","NEON.LTR.BART041292.20161010","NEON.LTR.BART041292.20161010.NDL","NEON.DOC.001710vE","Needles",1.52,"N","","Pes0SJTi6mB/L3kaeuPRUby8XD59hvb8"
"a6b9d61a-27dc-487f-9ff5-f8a929e1e4ee","BART_041.basePlot.ltr","D01","BART","BART_041","BART_041_292","2016-10-25","2016-09-19","2016-10-10","2016-10-20T16:00Z","2016-10-25T11:30Z","NEON.LTR.BART041292.20161010","NEON.LTR.BART041292.20161010.SDS","NEON.DOC.001710vE","Seeds",0.16,"N","","Pes0SJTi6mB/L3kaeuPRUby8XD59hvb8"
"5b686183-7d43-49ad-9804-7ad48eb9359c","BART_073.basePlot.ltr","D01","BART","BART_073","BART_073_539","2016-10-25","2016-09-19","2016-10-10","2016-10-20T16:00Z","2016-10-25T11:30Z","NEON.LTR.BART073539.20161010","NEON.LTR.BART073539.20161010.NDL","NEON.DOC.001710vE","Needles",3.21,"Y","","Pes0SJTi6mB/L3kaeuPRUby8XD59hvb8"
"0b4f58c5-d64c-4008-8a23-f51006ba4be1","BART_073.basePlot.ltr","D01","BART","BART_073","BART_073_539","2016-10-25","2016-09-19","2016-10-10","2016-10-20T16:00Z","2016-10-25T11:30Z","NEON.LTR.BART073539.20161010","NEON.LTR.BART073539.20161010.FLR","NEON.DOC.001710vE","Flowers",0.005,"N","","Pes0SJTi6mB/L3kaeuPRUby8XD59hvb8"
"37d457d3-ea29-4901-9fb5-9e631a96ed69","BART_073.basePlot.ltr","D01","BART","BART_073","BART_073_539","2016-10-25","2016-09-19","2016-10-10","2016-10-20T16:00Z","2016-10-25T11:30Z","NEON.LTR.BART073539.20161010","NEON.LTR.BART073539.20161010.WDY","NEON.DOC.001710vE","Woody material",0,"N","","Pes0SJTi6mB/L3kaeuPRUby8XD59hvb8"
"a7cdbc77-bc1c-46f5-ad75-5a49b1a1add1","BART_073.basePlot.ltr","D01","BART","BART_073","BART_073_539","2016-10-25","2016-09-19","2016-10-10","2016-10-20T16:00Z","2016-10-25T11:30Z","NEON.LTR.BART073539.20161010","NEON.LTR.BART073539.20161010.SDS","NEON.DOC.001710vE","Seeds",0.34,"N","","Pes0SJTi6mB/L3kaeuPRUby8XD59hvb8"
"a88421a8-7ab0-4762-b884-e2883c54363b","BART_073.basePlot.ltr","D01","BART","BART_073","BART_073_539","2016-10-25","2016-09-19","2016-10-10","2016-10-20T16:00Z","2016-10-25T11:30Z","NEON.LTR.BART073539.20161010","NEON.LTR.BART073539.20161010.TWI","NEON.DOC.001710vE","Twigs/branches",0.02,"Y","","Pes0SJTi6mB/L3kaeuPRUby8XD59hvb8"
"30320402-25e5-41f1-8659-e5b8e29ad610","BART_073.basePlot.ltr","D01","BART","BART_073","BART_073_539","2016-10-25","2016-09-19","2016-10-10","2016-10-20T16:00Z","2016-10-25T11:30Z","NEON.LTR.BART073539.20161010","NEON.LTR.BART073539.20161010.OTH","NEON.DOC.001710vE","Other",0.78,"Y","","Pes0SJTi6mB/L3kaeuPRUby8XD59hvb8"
"d138b139-10f4-4af6-9a89-3a6ef36de19b","BART_073.basePlot.ltr","D01","BART","BART_073","BART_073_539","2016-10-25","2016-09-19","2016-10-10","2016-10-20T16:00Z","2016-10-25T11:30Z","NEON.LTR.BART073539.20161010","NEON.LTR.BART073539.20161010.LVS","NEON.DOC.001710vE","Leaves",57.62,"N","","Pes0SJTi6mB/L3kaeuPRUby8XD59hvb8"
"b55c1c42-09e1-4a2e-be63-418e5e76a493","BART_034.basePlot.ltr","D01","BART","BART_034","BART_034_451","2016-10-25","2016-09-19","2016-10-10","2016-10-20T16:00Z","2016-10-25T11:30Z","NEON.LTR.BART034451.20161010","NEON.LTR.BART034451.20161010.LVS","NEON.DOC.001710vE","Leaves",11.05,"N","ETWI in ELVS","Pes0SJTi6mB/L3kaeuPRUby8XD59hvb8"
"50ba2bb5-d424-4ed8-bcde-ed04ff85cbc7","BART_034.basePlot.ltr","D01","BART","BART_034","BART_034_451","2016-10-25","2016-09-19","2016-10-10","2016-10-20T16:00Z","2016-10-25T11:30Z","NEON.LTR.BART034451.20161010","NEON.LTR.BART034451.20161010.FLR","NEON.DOC.001710vE","Flowers",0.005,"N","","Pes0SJTi6mB/L3kaeuPRUby8XD59hvb8"
"19384b5c-7567-415e-9351-fb32de00c712","BART_034.basePlot.ltr","D01","BART","BART_034","BART_034_451","2016-10-25","2016-09-19","2016-10-10","2016-10-20T16:00Z","2016-10-25T11:30Z","NEON.LTR.BART034451.20161010","NEON.LTR.BART034451.20161010.TWI","NEON.DOC.001710vE","Twigs/branches",0.15,"N","twig from leaves put in 105C oven for 1.5 hours and re-weighed with rest of ETWI","Pes0SJTi6mB/L3kaeuPRUby8XD59hvb8"
"30bd9c9e-7a3e-4507-9227-f29e9de1bbcb","BART_034.basePlot.ltr","D01","BART","BART_034","BART_034_451","2016-10-25","2016-09-19","2016-10-10","2016-10-20T16:00Z","2016-10-25T11:30Z","NEON.LTR.BART034451.20161010","NEON.LTR.BART034451.20161010.NDL","NEON.DOC.001710vE","Needles",3.9,"N","","Pes0SJTi6mB/L3kaeuPRUby8XD59hvb8"
"9764d63a-9194-48be-b1a7-aec7e4161070","BART_034.basePlot.ltr","D01","BART","BART_034","BART_034_451","2016-10-25","2016-09-19","2016-10-10","2016-10-20T16:00Z","2016-10-25T11:30Z","NEON.LTR.BART034451.20161010","NEON.LTR.BART034451.20161010.OTH","NEON.DOC.001710vE","Other",0.06,"N","","Pes0SJTi6mB/L3kaeuPRUby8XD59hvb8"
"f2c55cd4-fb66-41b8-94fd-14406c34027b","BART_034.basePlot.ltr","D01","BART","BART_034","BART_034_451","2016-10-25","2016-09-19","2016-10-10","2016-10-20T16:00Z","2016-10-25T11:30Z","NEON.LTR.BART034451.20161010","NEON.LTR.BART034451.20161010.WDY","NEON.DOC.001710vE","Woody material",0,"N","","Pes0SJTi6mB/L3kaeuPRUby8XD59hvb8"
"36ba526d-3f87-4493-b02b-5c2d29e14d52","BART_034.basePlot.ltr","D01","BART","BART_034","BART_034_451","2016-10-25","2016-09-19","2016-10-10","2016-10-20T16:00Z","2016-10-25T11:30Z","NEON.LTR.BART034451.20161010","NEON.LTR.BART034451.20161010.SDS","NEON.DOC.001710vE","Seeds",0.01,"N","","Pes0SJTi6mB/L3kaeuPRUby8XD59hvb8"
"2a1f9c79-2546-4e6e-b322-08388c3e8121","BART_039.basePlot.ltr","D01","BART","BART_039","BART_039_930","2016-10-25","2016-09-19","2016-10-10","2016-10-20T16:00Z","2016-10-25T11:30Z","NEON.LTR.BART039930.20161010","NEON.LTR.BART039930.20161010.SDS","NEON.DOC.001710vE","Seeds",2.91,"N","FAGR nuts","Pes0SJTi6mB/L3kaeuPRUby8XD59hvb8"
"58cdb701-8874-4731-85ca-ba0e30208c72","BART_033.basePlot.ltr","D01","BART","BART_033","BART_033_923","2016-10-25","2016-09-19","2016-10-11","2016-10-20T16:00Z","2016-10-25T11:30Z","NEON.LTR.BART033923.20161011","NEON.LTR.BART033923.20161011.NDL","NEON.DOC.001710vE","Needles",0.005,"N","","Pes0SJTi6mB/L3kaeuPRUby8XD59hvb8"
"a9babe3a-41cf-4552-947e-0a145ab618a3","BART_033.basePlot.ltr","D01","BART","BART_033","BART_033_923","2016-10-25","2016-09-19","2016-10-11","2016-10-20T16:00Z","2016-10-25T11:30Z","NEON.LTR.BART033923.20161011","NEON.LTR.BART033923.20161011.LVS","NEON.DOC.001710vE","Leaves",36.43,"Y","","Pes0SJTi6mB/L3kaeuPRUby8XD59hvb8"
"836632c2-161e-400f-b616-07e134836c7b","BART_033.basePlot.ltr","D01","BART","BART_033","BART_033_923","2016-10-25","2016-09-19","2016-10-11","2016-10-20T16:00Z","2016-10-25T11:30Z","NEON.LTR.BART033923.20161011","NEON.LTR.BART033923.20161011.WDY","NEON.DOC.001710vE","Woody material",0,"N","","Pes0SJTi6mB/L3kaeuPRUby8XD59hvb8"
"64343499-977a-405f-8b77-b6e62ec24864","BART_033.basePlot.ltr","D01","BART","BART_033","BART_033_923","2016-10-25","2016-09-19","2016-10-11","2016-10-20T16:00Z","2016-10-25T11:30Z","NEON.LTR.BART033923.20161011","NEON.LTR.BART033923.20161011.TWI","NEON.DOC.001710vE","Twigs/branches",1.68,"N","","Pes0SJTi6mB/L3kaeuPRUby8XD59hvb8"
"ef52c7ab-c0c0-4b8e-83d0-2057c590dc5e","BART_033.basePlot.ltr","D01","BART","BART_033","BART_033_923","2016-10-25","2016-09-19","2016-10-11","2016-10-20T16:00Z","2016-10-25T11:30Z","NEON.LTR.BART033923.20161011","NEON.LTR.BART033923.20161011.SDS","NEON.DOC.001710vE","Seeds",1.62,"N","","Pes0SJTi6mB/L3kaeuPRUby8XD59hvb8"
"94149753-7bdd-42fd-8a4d-10c429af11e1","BART_033.basePlot.ltr","D01","BART","BART_033","BART_033_923","2016-10-25","2016-09-19","2016-10-11","2016-10-20T16:00Z","2016-10-25T11:30Z","NEON.LTR.BART033923.20161011","NEON.LTR.BART033923.20161011.FLR","NEON.DOC.001710vE","Flowers",0.04,"N","","Pes0SJTi6mB/L3kaeuPRUby8XD59hvb8"
"05fea6c1-d0c9-4bac-9dfe-707667af801d","BART_070.basePlot.ltr","D01","BART","BART_070","BART_070_553","2016-10-25","2016-09-19","2016-10-11","2016-10-20T16:00Z","2016-10-25T11:30Z","NEON.LTR.BART070553.20161011","NEON.LTR.BART070553.20161011.TWI","NEON.DOC.001710vE","Twigs/branches",0.56,"N","","Pes0SJTi6mB/L3kaeuPRUby8XD59hvb8"
"c3772a5c-2abd-4510-9145-1063d65d5428","BART_070.basePlot.ltr","D01","BART","BART_070","BART_070_553","2016-10-25","2016-09-19","2016-10-11","2016-10-20T16:00Z","2016-10-25T11:30Z","NEON.LTR.BART070553.20161011","NEON.LTR.BART070553.20161011.FLR","NEON.DOC.001710vE","Flowers",0.005,"N","","Pes0SJTi6mB/L3kaeuPRUby8XD59hvb8"
"b91504d0-7eed-4a7b-b722-88f5d80b5414","BART_070.basePlot.ltr","D01","BART","BART_070","BART_070_553","2016-10-25","2016-09-19","2016-10-11","2016-10-20T16:00Z","2016-10-25T11:30Z","NEON.LTR.BART070553.20161011","NEON.LTR.BART070553.20161011.LVS","NEON.DOC.001710vE","Leaves",10.12,"N","","Pes0SJTi6mB/L3kaeuPRUby8XD59hvb8"
"c699a391-5401-4803-833b-b3426768192f","BART_070.basePlot.ltr","D01","BART","BART_070","BART_070_553","2016-10-25","2016-09-19","2016-10-11","2016-10-20T16:00Z","2016-10-25T11:30Z","NEON.LTR.BART070553.20161011","NEON.LTR.BART070553.20161011.NDL","NEON.DOC.001710vE","Needles",20.06,"N","","Pes0SJTi6mB/L3kaeuPRUby8XD59hvb8"
"e5f14727-fe6d-42ba-8ad6-a0475fe29d7d","BART_070.basePlot.ltr","D01","BART","BART_070","BART_070_553","2016-10-25","2016-09-19","2016-10-11","2016-10-20T16:00Z","2016-10-25T11:30Z","NEON.LTR.BART070553.20161011","NEON.LTR.BART070553.20161011.WDY","NEON.DOC.001710vE","Woody material",0.76,"N","","Pes0SJTi6mB/L3kaeuPRUby8XD59hvb8"
"12d84e2e-9d33-4a81-bc6a-b6874aadefbf","BART_070.basePlot.ltr","D01","BART","BART_070","BART_070_553","2016-10-25","2016-09-19","2016-10-11","2016-10-20T16:00Z","2016-10-25T11:30Z","NEON.LTR.BART070553.20161011","NEON.LTR.BART070553.20161011.OTH","NEON.DOC.001710vE","Other",0.12,"N","","Pes0SJTi6mB/L3kaeuPRUby8XD59hvb8"
"4cd814b3-ac99-4505-891a-014da77bc8c3","BART_070.basePlot.ltr","D01","BART","BART_070","BART_070_553","2016-10-25","2016-09-19","2016-10-11","2016-10-20T16:00Z","2016-10-25T11:30Z","NEON.LTR.BART070553.20161011","NEON.LTR.BART070553.20161011.SDS","NEON.DOC.001710vE","Seeds",0.005,"N","","Pes0SJTi6mB/L3kaeuPRUby8XD59hvb8"
"55a07f0e-b5c3-4413-a734-d41409661ebd","BART_033.basePlot.ltr","D01","BART","BART_033","BART_033_453","2016-10-25","2016-09-19","2016-10-11","2016-10-20T16:00Z","2016-10-25T11:30Z","NEON.LTR.BART033453.20161011","NEON.LTR.BART033453.20161011.FLR","NEON.DOC.001710vE","Flowers",0,"N","","Pes0SJTi6mB/L3kaeuPRUby8XD59hvb8"
"0b91fcdd-9e0b-4f2d-8cf9-53a2cb026f59","BART_033.basePlot.ltr","D01","BART","BART_033","BART_033_453","2016-10-25","2016-09-19","2016-10-11","2016-10-20T16:00Z","2016-10-25T11:30Z","NEON.LTR.BART033453.20161011","NEON.LTR.BART033453.20161011.TWI","NEON.DOC.001710vE","Twigs/branches",2.28,"Y","","Pes0SJTi6mB/L3kaeuPRUby8XD59hvb8"
"d6c0b16a-e9a0-4ca6-9f12-7255043d768a","BART_033.basePlot.ltr","D01","BART","BART_033","BART_033_453","2016-10-25","2016-09-19","2016-10-11","2016-10-20T16:00Z","2016-10-25T11:30Z","NEON.LTR.BART033453.20161011","NEON.LTR.BART033453.20161011.LVS","NEON.DOC.001710vE","Leaves",15.33,"N","","Pes0SJTi6mB/L3kaeuPRUby8XD59hvb8"
"6699b015-d01a-43dc-9812-dc4717720399","BART_033.basePlot.ltr","D01","BART","BART_033","BART_033_453","2016-10-25","2016-09-19","2016-10-11","2016-10-20T16:00Z","2016-10-25T11:30Z","NEON.LTR.BART033453.20161011","NEON.LTR.BART033453.20161011.OTH","NEON.DOC.001710vE","Other",0.1,"N","","Pes0SJTi6mB/L3kaeuPRUby8XD59hvb8"
"e64116cc-3fd8-461d-846c-6353133fcce9","BART_033.basePlot.ltr","D01","BART","BART_033","BART_033_453","2016-10-25","2016-09-19","2016-10-11","2016-10-20T16:00Z","2016-10-25T11:30Z","NEON.LTR.BART033453.20161011","NEON.LTR.BART033453.20161011.SDS","NEON.DOC.001710vE","Seeds",0.11,"N","","Pes0SJTi6mB/L3kaeuPRUby8XD59hvb8"
"ba5a3a64-e4bd-4296-82ab-26bcd3b897b9","BART_033.basePlot.ltr","D01","BART","BART_033","BART_033_453","2016-10-25","2016-09-19","2016-10-11","2016-10-20T16:00Z","2016-10-25T11:30Z","NEON.LTR.BART033453.20161011","NEON.LTR.BART033453.20161011.WDY","NEON.DOC.001710vE","Woody material",0.005,"N","","Pes0SJTi6mB/L3kaeuPRUby8XD59hvb8"
"063c71cc-a6e5-4a38-8ab4-d7a0ab284125","BART_033.basePlot.ltr","D01","BART","BART_033","BART_033_453","2016-10-25","2016-09-19","2016-10-11","2016-10-20T16:00Z","2016-10-25T11:30Z","NEON.LTR.BART033453.20161011","NEON.LTR.BART033453.20161011.NDL","NEON.DOC.001710vE","Needles",0.23,"N","","Pes0SJTi6mB/L3kaeuPRUby8XD59hvb8"
"575d7139-79f2-44c1-ba5e-7f2cf97418f0","BART_070.basePlot.ltr","D01","BART","BART_070","BART_070_790","2016-10-25","2016-09-19","2016-10-11","2016-10-20T16:00Z","2016-10-25T11:30Z","NEON.LTR.BART070790.20161011","NEON.LTR.BART070790.20161011.TWI","NEON.DOC.001710vE","Twigs/branches",0.42,"N","","Pes0SJTi6mB/L3kaeuPRUby8XD59hvb8"
"d1dfde65-a617-42bf-82ca-080abbb57c38","BART_070.basePlot.ltr","D01","BART","BART_070","BART_070_790","2016-10-25","2016-09-19","2016-10-11","2016-10-20T16:00Z","2016-10-25T11:30Z","NEON.LTR.BART070790.20161011","NEON.LTR.BART070790.20161011.LVS","NEON.DOC.001710vE","Leaves",67.7,"N","","Pes0SJTi6mB/L3kaeuPRUby8XD59hvb8"
"2132a1ab-3d4d-4299-840c-8a21ace8d942","BART_070.basePlot.ltr","D01","BART","BART_070","BART_070_790","2016-10-25","2016-09-19","2016-10-11","2016-10-20T16:00Z","2016-10-25T11:30Z","NEON.LTR.BART070790.20161011","NEON.LTR.BART070790.20161011.NDL","NEON.DOC.001710vE","Needles",1.52,"Y","","Pes0SJTi6mB/L3kaeuPRUby8XD59hvb8"
"32077d63-19ce-4c95-960a-6eeedd0620c2","BART_070.basePlot.ltr","D01","BART","BART_070","BART_070_790","2016-10-25","2016-09-19","2016-10-11","2016-10-20T16:00Z","2016-10-25T11:30Z","NEON.LTR.BART070790.20161011","NEON.LTR.BART070790.20161011.SDS","NEON.DOC.001710vE","Seeds",0.005,"N","","Pes0SJTi6mB/L3kaeuPRUby8XD59hvb8"
"56e4dbbe-6c03-4ba2-93df-d9858e38f827","BART_070.basePlot.ltr","D01","BART","BART_070","BART_070_790","2016-10-25","2016-09-19","2016-10-11","2016-10-20T16:00Z","2016-10-25T11:30Z","NEON.LTR.BART070790.20161011","NEON.LTR.BART070790.20161011.OTH","NEON.DOC.001710vE","Other",8.8,"N","mostly ENDL","Pes0SJTi6mB/L3kaeuPRUby8XD59hvb8"
"a5778a19-5597-4f14-a80e-c3aa3f33ef6b","BART_070.basePlot.ltr","D01","BART","BART_070","BART_070_790","2016-10-25","2016-09-19","2016-10-11","2016-10-20T16:00Z","2016-10-25T11:30Z","NEON.LTR.BART070790.20161011","NEON.LTR.BART070790.20161011.FLR","NEON.DOC.001710vE","Flowers",0.005,"N","","Pes0SJTi6mB/L3kaeuPRUby8XD59hvb8"
"e3807a47-8b49-4d55-9415-dcc8f58de11a","BART_070.basePlot.ltr","D01","BART","BART_070","BART_070_790","2016-10-25","2016-09-19","2016-10-11","2016-10-20T16:00Z","2016-10-25T11:30Z","NEON.LTR.BART070790.20161011","NEON.LTR.BART070790.20161011.WDY","NEON.DOC.001710vE","Woody material",0.61,"Y","","Pes0SJTi6mB/L3kaeuPRUby8XD59hvb8"
"ee48b21d-120a-4f29-8345-2be63e80ac09","BART_033.basePlot.ltr","D01","BART","BART_033","BART_033_923","2016-10-25","2016-09-19","2016-10-11","2016-10-20T16:00Z","2016-10-25T11:30Z","NEON.LTR.BART033923.20161011","NEON.LTR.BART033923.20161011.OTH","NEON.DOC.001710vE","Other",0.06,"N","","Pes0SJTi6mB/L3kaeuPRUby8XD59hvb8"
"91057197-bf4a-4be8-bc54-c20f54d794f1","BART_047.basePlot.ltr","D01","BART","BART_047","BART_047_864","2016-10-25","2016-09-20","2016-10-10","2016-10-20T16:00Z","2016-10-25T16:00Z","NEON.LTR.BART047864.20161010","NEON.LTR.BART047864.20161010.TWI","NEON.DOC.001710vE","Twigs/branches",0,"N","","Pes0SJTi6mB/L3kaeuPRUby8XD59hvb8"
"4d4be4f6-4804-4695-8c4e-95ad0e1ad18e","BART_047.basePlot.ltr","D01","BART","BART_047","BART_047_864","2016-10-25","2016-09-20","2016-10-10","2016-10-20T16:00Z","2016-10-25T16:00Z","NEON.LTR.BART047864.20161010","NEON.LTR.BART047864.20161010.WDY","NEON.DOC.001710vE","Woody material",0,"N","","Pes0SJTi6mB/L3kaeuPRUby8XD59hvb8"
"b047d00e-98b5-4230-a889-eeca482aa30f","BART_047.basePlot.ltr","D01","BART","BART_047","BART_047_864","2016-10-25","2016-09-20","2016-10-10","2016-10-20T16:00Z","2016-10-25T16:00Z","NEON.LTR.BART047864.20161010","NEON.LTR.BART047864.20161010.NDL","NEON.DOC.001710vE","Needles",0.23,"N","","Pes0SJTi6mB/L3kaeuPRUby8XD59hvb8"
"50d254ca-136b-40b1-a7c8-37b4cddcf7fb","BART_047.basePlot.ltr","D01","BART","BART_047","BART_047_864","2016-10-25","2016-09-20","2016-10-10","2016-10-20T16:00Z","2016-10-25T16:00Z","NEON.LTR.BART047864.20161010","NEON.LTR.BART047864.20161010.OTH","NEON.DOC.001710vE","Other",0.2,"Y","","Pes0SJTi6mB/L3kaeuPRUby8XD59hvb8"
"93e9ca24-8fb0-438c-8176-3500c9521f0a","BART_047.basePlot.ltr","D01","BART","BART_047","BART_047_864","2016-10-25","2016-09-20","2016-10-10","2016-10-20T16:00Z","2016-10-25T16:00Z","NEON.LTR.BART047864.20161010","NEON.LTR.BART047864.20161010.SDS","NEON.DOC.001710vE","Seeds",0.05,"N","","Pes0SJTi6mB/L3kaeuPRUby8XD59hvb8"
"99c5be92-a0a3-4c06-9534-4083a2f769c0","BART_047.basePlot.ltr","D01","BART","BART_047","BART_047_864","2016-10-25","2016-09-20","2016-10-10","2016-10-20T16:00Z","2016-10-25T16:00Z","NEON.LTR.BART047864.20161010","NEON.LTR.BART047864.20161010.LVS","NEON.DOC.001710vE","Leaves",37.97,"N","","Pes0SJTi6mB/L3kaeuPRUby8XD59hvb8"
"a90d3f39-d4db-4def-a596-328b6f4f460b","BART_051.basePlot.ltr","D01","BART","BART_051","BART_051_574","2016-10-25","2016-09-20","2016-10-10","2016-10-20T16:00Z","2016-10-25T11:30Z","NEON.LTR.BART051574.20161010","NEON.LTR.BART051574.20161010.SDS","NEON.DOC.001710vE","Seeds",0.005,"N","EFLR is ESDS but both combined are less than 0.01","Pes0SJTi6mB/L3kaeuPRUby8XD59hvb8"
"ba7f5a47-786a-4f4e-ac56-a6b9c0039cf9","BART_051.basePlot.ltr","D01","BART","BART_051","BART_051_574","2016-10-25","2016-09-20","2016-10-10","2016-10-20T16:00Z","2016-10-25T11:30Z","NEON.LTR.BART051574.20161010","NEON.LTR.BART051574.20161010.FLR","NEON.DOC.001710vE","Flowers",0.005,"N","","Pes0SJTi6mB/L3kaeuPRUby8XD59hvb8"
"7c72ef2e-c985-4e2c-9b5f-07760799c2bc","BART_051.basePlot.ltr","D01","BART","BART_051","BART_051_574","2016-10-25","2016-09-20","2016-10-10","2016-10-20T16:00Z","2016-10-25T11:30Z","NEON.LTR.BART051574.20161010","NEON.LTR.BART051574.20161010.WDY","NEON.DOC.001710vE","Woody material",0.05,"N","","Pes0SJTi6mB/L3kaeuPRUby8XD59hvb8"
"e25c7605-5a20-4da6-ad1b-ede526980c02","BART_051.basePlot.ltr","D01","BART","BART_051","BART_051_574","2016-10-25","2016-09-20","2016-10-10","2016-10-20T16:00Z","2016-10-25T11:30Z","NEON.LTR.BART051574.20161010","NEON.LTR.BART051574.20161010.OTH","NEON.DOC.001710vE","Other",0.03,"N","","Pes0SJTi6mB/L3kaeuPRUby8XD59hvb8"
"69d5861c-30d3-4e66-a461-b467c2f46315","BART_051.basePlot.ltr","D01","BART","BART_051","BART_051_574","2016-10-25","2016-09-20","2016-10-10","2016-10-20T16:00Z","2016-10-25T11:30Z","NEON.LTR.BART051574.20161010","NEON.LTR.BART051574.20161010.LVS","NEON.DOC.001710vE","Leaves",30.39,"Y","","Pes0SJTi6mB/L3kaeuPRUby8XD59hvb8"
"874974db-bd75-4c6d-a3bf-a960d51552a8","BART_051.basePlot.ltr","D01","BART","BART_051","BART_051_574","2016-10-25","2016-09-20","2016-10-10","2016-10-20T16:00Z","2016-10-25T11:30Z","NEON.LTR.BART051574.20161010","NEON.LTR.BART051574.20161010.NDL","NEON.DOC.001710vE","Needles",6.74,"N","","Pes0SJTi6mB/L3kaeuPRUby8XD59hvb8"
"6fcbb10a-26bc-4b08-8c75-a7cbed054afb","BART_051.basePlot.ltr","D01","BART","BART_051","BART_051_574","2016-10-25","2016-09-20","2016-10-10","2016-10-20T16:00Z","2016-10-25T11:30Z","NEON.LTR.BART051574.20161010","NEON.LTR.BART051574.20161010.TWI","NEON.DOC.001710vE","Twigs/branches",0.005,"N","","Pes0SJTi6mB/L3kaeuPRUby8XD59hvb8"
"9455888d-6a92-42ba-a40f-c24b49b8c0af","BART_040.basePlot.ltr","D01","BART","BART_040","BART_040_884","2016-10-25","2016-09-20","2016-10-10","2016-10-20T16:00Z","2016-10-25T11:30Z","NEON.LTR.BART040884.20161010","NEON.LTR.BART040884.20161010.SDS","NEON.DOC.001710vE","Seeds",0.01,"Y","","Pes0SJTi6mB/L3kaeuPRUby8XD59hvb8"
"e5d18b91-361e-461e-8d1d-f37f1fdbcf55","BART_040.basePlot.ltr","D01","BART","BART_040","BART_040_884","2016-10-25","2016-09-20","2016-10-10","2016-10-20T16:00Z","2016-10-25T11:30Z","NEON.LTR.BART040884.20161010","NEON.LTR.BART040884.20161010.OTH","NEON.DOC.001710vE","Other",0.91,"N","","Pes0SJTi6mB/L3kaeuPRUby8XD59hvb8"
"ddf9037b-45bf-40f4-8a23-84f693ebcf75","BART_040.basePlot.ltr","D01","BART","BART_040","BART_040_884","2016-10-25","2016-09-20","2016-10-10","2016-10-20T16:00Z","2016-10-25T11:30Z","NEON.LTR.BART040884.20161010","NEON.LTR.BART040884.20161010.NDL","NEON.DOC.001710vE","Needles",0.01,"N","","Pes0SJTi6mB/L3kaeuPRUby8XD59hvb8"
"738c3966-1516-4be7-bc39-9b1ee5273d92","BART_040.basePlot.ltr","D01","BART","BART_040","BART_040_884","2016-10-25","2016-09-20","2016-10-10","2016-10-20T16:00Z","2016-10-25T11:30Z","NEON.LTR.BART040884.20161010","NEON.LTR.BART040884.20161010.LVS","NEON.DOC.001710vE","Leaves",30.69,"Y","","Pes0SJTi6mB/L3kaeuPRUby8XD59hvb8"
"2319efb0-2398-484e-8981-6dc746299efb","BART_040.basePlot.ltr","D01","BART","BART_040","BART_040_884","2016-10-25","2016-09-20","2016-10-10","2016-10-20T16:00Z","2016-10-25T11:30Z","NEON.LTR.BART040884.20161010","NEON.LTR.BART040884.20161010.FLR","NEON.DOC.001710vE","Flowers",0,"N","","Pes0SJTi6mB/L3kaeuPRUby8XD59hvb8"
"e4fc2734-a28e-46fe-b7f8-2c1c78aeb4cd","BART_040.basePlot.ltr","D01","BART","BART_040","BART_040_884","2016-10-25","2016-09-20","2016-10-10","2016-10-20T16:00Z","2016-10-25T11:30Z","NEON.LTR.BART040884.20161010","NEON.LTR.BART040884.20161010.TWI","NEON.DOC.001710vE","Twigs/branches",0.005,"N","","Pes0SJTi6mB/L3kaeuPRUby8XD59hvb8"
"79ede5b0-c3e2-4d2c-9153-ee449f7c2720","BART_040.basePlot.ltr","D01","BART","BART_040","BART_040_884","2016-10-25","2016-09-20","2016-10-10","2016-10-20T16:00Z","2016-10-25T11:30Z","NEON.LTR.BART040884.20161010","NEON.LTR.BART040884.20161010.WDY","NEON.DOC.001710vE","Woody material",0.11,"N","","Pes0SJTi6mB/L3kaeuPRUby8XD59hvb8"
"5855989c-859c-4fdd-bf11-7e9bd0364d00","BART_047.basePlot.ltr","D01","BART","BART_047","BART_047_046","2016-10-25","2016-09-20","2016-10-10","2016-10-20T16:00Z","2016-10-25T11:30Z","NEON.LTR.BART047046.20161010","NEON.LTR.BART047046.20161010.FLR","NEON.DOC.001710vE","Flowers",0.005,"N","","Pes0SJTi6mB/L3kaeuPRUby8XD59hvb8"
"8c094701-d9b5-484a-9bfe-06b036368ded","BART_047.basePlot.ltr","D01","BART","BART_047","BART_047_046","2016-10-25","2016-09-20","2016-10-10","2016-10-20T16:00Z","2016-10-25T11:30Z","NEON.LTR.BART047046.20161010","NEON.LTR.BART047046.20161010.SDS","NEON.DOC.001710vE","Seeds",0.005,"N","","Pes0SJTi6mB/L3kaeuPRUby8XD59hvb8"
"492cd7ce-7a39-4da6-8c25-d88a123d0373","BART_047.basePlot.ltr","D01","BART","BART_047","BART_047_046","2016-10-25","2016-09-20","2016-10-10","2016-10-20T16:00Z","2016-10-25T11:30Z","NEON.LTR.BART047046.20161010","NEON.LTR.BART047046.20161010.WDY","NEON.DOC.001710vE","Woody material",0,"N","","Pes0SJTi6mB/L3kaeuPRUby8XD59hvb8"
"a994c1a6-110d-4d31-bd5e-7482843d4d0c","BART_047.basePlot.ltr","D01","BART","BART_047","BART_047_046","2016-10-25","2016-09-20","2016-10-10","2016-10-20T16:00Z","2016-10-25T11:30Z","NEON.LTR.BART047046.20161010","NEON.LTR.BART047046.20161010.LVS","NEON.DOC.001710vE","Leaves",20.1,"N","","Pes0SJTi6mB/L3kaeuPRUby8XD59hvb8"
"cffbbbd2-9055-4444-976b-dd57e48023be","BART_047.basePlot.ltr","D01","BART","BART_047","BART_047_046","2016-10-25","2016-09-20","2016-10-10","2016-10-20T16:00Z","2016-10-25T11:30Z","NEON.LTR.BART047046.20161010","NEON.LTR.BART047046.20161010.NDL","NEON.DOC.001710vE","Needles",8.74,"N","","Pes0SJTi6mB/L3kaeuPRUby8XD59hvb8"
"fa0593ad-a932-427a-b50a-7820324feba7","BART_047.basePlot.ltr","D01","BART","BART_047","BART_047_046","2016-10-25","2016-09-20","2016-10-10","2016-10-20T16:00Z","2016-10-25T11:30Z","NEON.LTR.BART047046.20161010","NEON.LTR.BART047046.20161010.TWI","NEON.DOC.001710vE","Twigs/branches",0.04,"N","","Pes0SJTi6mB/L3kaeuPRUby8XD59hvb8"
"3f033131-77fb-4525-845d-7db9bd4ba66c","BART_047.basePlot.ltr","D01","BART","BART_047","BART_047_046","2016-10-25","2016-09-20","2016-10-10","2016-10-20T16:00Z","2016-10-25T11:30Z","NEON.LTR.BART047046.20161010","NEON.LTR.BART047046.20161010.OTH","NEON.DOC.001710vE","Other",0.01,"N","","Pes0SJTi6mB/L3kaeuPRUby8XD59hvb8"
"bc85a67a-2325-4d22-8146-627155e46b8a","BART_040.basePlot.ltr","D01","BART","BART_040","BART_040_158","2016-10-25","2016-09-20","2016-10-10","2016-10-20T16:00Z","2016-10-25T11:30Z","NEON.LTR.BART040158.20161010","NEON.LTR.BART040158.20161010.FLR","NEON.DOC.001710vE","Flowers",0,"N","","Pes0SJTi6mB/L3kaeuPRUby8XD59hvb8"
"c67f99d2-cdef-4c02-a654-9d0cb8e343f2","BART_040.basePlot.ltr","D01","BART","BART_040","BART_040_158","2016-10-25","2016-09-20","2016-10-10","2016-10-20T16:00Z","2016-10-25T11:30Z","NEON.LTR.BART040158.20161010","NEON.LTR.BART040158.20161010.SDS","NEON.DOC.001710vE","Seeds",0.005,"N","","Pes0SJTi6mB/L3kaeuPRUby8XD59hvb8"
"92995189-57fa-406d-9ade-76e5f9078898","BART_040.basePlot.ltr","D01","BART","BART_040","BART_040_158","2016-10-25","2016-09-20","2016-10-10","2016-10-20T16:00Z","2016-10-25T11:30Z","NEON.LTR.BART040158.20161010","NEON.LTR.BART040158.20161010.LVS","NEON.DOC.001710vE","Leaves",36.21,"Y","","Pes0SJTi6mB/L3kaeuPRUby8XD59hvb8"
"de5b5173-ff88-429a-8667-2c875f7d3f8d","BART_047.basePlot.ltr","D01","BART","BART_047","BART_047_864","2016-10-25","2016-09-20","2016-10-10","2016-10-20T16:00Z","2016-10-25T16:00Z","NEON.LTR.BART047864.20161010","NEON.LTR.BART047864.20161010.FLR","NEON.DOC.001710vE","Flowers",0,"N","","Pes0SJTi6mB/L3kaeuPRUby8XD59hvb8"
"24c80300-feec-4b1a-a4c1-a89f59c58f54","BART_040.basePlot.ltr","D01","BART","BART_040","BART_040_158","2016-10-25","2016-09-20","2016-10-10","2016-10-20T16:00Z","2016-10-25T11:30Z","NEON.LTR.BART040158.20161010","NEON.LTR.BART040158.20161010.WDY","NEON.DOC.001710vE","Woody material",0.005,"N","","Pes0SJTi6mB/L3kaeuPRUby8XD59hvb8"
"f7f56762-b2d0-4236-9700-c8e90e5d357a","BART_040.basePlot.ltr","D01","BART","BART_040","BART_040_158","2016-10-25","2016-09-20","2016-10-10","2016-10-20T16:00Z","2016-10-25T11:30Z","NEON.LTR.BART040158.20161010","NEON.LTR.BART040158.20161010.TWI","NEON.DOC.001710vE","Twigs/branches",0,"N","","Pes0SJTi6mB/L3kaeuPRUby8XD59hvb8"
"1b7b8254-efe8-40b0-82a2-155dfc5be876","BART_040.basePlot.ltr","D01","BART","BART_040","BART_040_158","2016-10-25","2016-09-20","2016-10-10","2016-10-20T16:00Z","2016-10-25T11:30Z","NEON.LTR.BART040158.20161010","NEON.LTR.BART040158.20161010.NDL","NEON.DOC.001710vE","Needles",0.02,"N","","Pes0SJTi6mB/L3kaeuPRUby8XD59hvb8"
"b6dd1b03-1dbc-4d04-ad90-9c89458fee7c","BART_040.basePlot.ltr","D01","BART","BART_040","BART_040_158","2016-10-25","2016-09-20","2016-10-10","2016-10-20T16:00Z","2016-10-25T11:30Z","NEON.LTR.BART040158.20161010","NEON.LTR.BART040158.20161010.OTH","NEON.DOC.001710vE","Other",0.12,"N","","Pes0SJTi6mB/L3kaeuPRUby8XD59hvb8"
"78d6fb92-148c-4494-85ae-8c3b98a6d4fe","BART_046.basePlot.ltr","D01","BART","BART_046","BART_046_852","2016-10-25","2016-09-20","2016-10-11","2016-10-20T16:00Z","2016-10-25T11:30Z","NEON.LTR.BART046852.20161011","NEON.LTR.BART046852.20161011.TWI","NEON.DOC.001710vE","Twigs/branches",0.005,"N","","Pes0SJTi6mB/L3kaeuPRUby8XD59hvb8"
"98934392-cda8-4dd0-99d2-4148ac933050","BART_046.basePlot.ltr","D01","BART","BART_046","BART_046_852","2016-10-25","2016-09-20","2016-10-11","2016-10-20T16:00Z","2016-10-25T11:30Z","NEON.LTR.BART046852.20161011","NEON.LTR.BART046852.20161011.SDS","NEON.DOC.001710vE","Seeds",0.32,"N","","Pes0SJTi6mB/L3kaeuPRUby8XD59hvb8"
"d7ecbeb5-a55e-439c-877b-83bb513cd8d9","BART_046.basePlot.ltr","D01","BART","BART_046","BART_046_852","2016-10-25","2016-09-20","2016-10-11","2016-10-20T16:00Z","2016-10-25T11:30Z","NEON.LTR.BART046852.20161011","NEON.LTR.BART046852.20161011.FLR","NEON.DOC.001710vE","Flowers",0,"N","","Pes0SJTi6mB/L3kaeuPRUby8XD59hvb8"
"bf0f840c-5e94-4ce6-8f71-48d4a05fa55c","BART_046.basePlot.ltr","D01","BART","BART_046","BART_046_852","2016-10-25","2016-09-20","2016-10-11","2016-10-20T16:00Z","2016-10-25T11:30Z","NEON.LTR.BART046852.20161011","NEON.LTR.BART046852.20161011.WDY","NEON.DOC.001710vE","Woody material",0.005,"N","","Pes0SJTi6mB/L3kaeuPRUby8XD59hvb8"
"7892e219-5048-433c-b38b-539151cb3662","BART_046.basePlot.ltr","D01","BART","BART_046","BART_046_852","2016-10-25","2016-09-20","2016-10-11","2016-10-20T16:00Z","2016-10-25T11:30Z","NEON.LTR.BART046852.20161011","NEON.LTR.BART046852.20161011.OTH","NEON.DOC.001710vE","Other",0.12,"N","","Pes0SJTi6mB/L3kaeuPRUby8XD59hvb8"
"24cfd2a7-5361-42ae-b2ee-ef2e7477d84c","BART_046.basePlot.ltr","D01","BART","BART_046","BART_046_852","2016-10-25","2016-09-20","2016-10-11","2016-10-20T16:00Z","2016-10-25T11:30Z","NEON.LTR.BART046852.20161011","NEON.LTR.BART046852.20161011.LVS","NEON.DOC.001710vE","Leaves",33.36,"N","","Pes0SJTi6mB/L3kaeuPRUby8XD59hvb8"
"7c9d4a5f-445f-4223-a031-fbb3a7baaea2","BART_046.basePlot.ltr","D01","BART","BART_046","BART_046_852","2016-10-25","2016-09-20","2016-10-11","2016-10-20T16:00Z","2016-10-25T11:30Z","NEON.LTR.BART046852.20161011","NEON.LTR.BART046852.20161011.NDL","NEON.DOC.001710vE","Needles",0.46,"N","","Pes0SJTi6mB/L3kaeuPRUby8XD59hvb8"
"610f8c3f-a41f-40c1-b15d-a528300b5d67","BART_037.basePlot.ltr","D01","BART","BART_037","BART_037_158","2016-10-25","2016-09-20","2016-10-11","2016-10-20T16:00Z","2016-10-25T11:30Z","NEON.LTR.BART037158.20161011","NEON.LTR.BART037158.20161011.LVS","NEON.DOC.001710vE","Leaves",20.82,"N","","Pes0SJTi6mB/L3kaeuPRUby8XD59hvb8"
"101b5f37-5b6c-4ac2-bd3a-f9f8a0ae0f7c","BART_037.basePlot.ltr","D01","BART","BART_037","BART_037_158","2016-10-25","2016-09-20","2016-10-11","2016-10-20T16:00Z","2016-10-25T11:30Z","NEON.LTR.BART037158.20161011","NEON.LTR.BART037158.20161011.SDS","NEON.DOC.001710vE","Seeds",0.005,"N","","Pes0SJTi6mB/L3kaeuPRUby8XD59hvb8"
"040a4fcc-d0dc-435c-9dc6-9910fb56c5e9","BART_037.basePlot.ltr","D01","BART","BART_037","BART_037_158","2016-10-25","2016-09-20","2016-10-11","2016-10-20T16:00Z","2016-10-25T11:30Z","NEON.LTR.BART037158.20161011","NEON.LTR.BART037158.20161011.WDY","NEON.DOC.001710vE","Woody material",0,"N","","Pes0SJTi6mB/L3kaeuPRUby8XD59hvb8"
"d8d4f2ae-eb42-4a53-af8d-f9aeaa6709af","BART_037.basePlot.ltr","D01","BART","BART_037","BART_037_158","2016-10-25","2016-09-20","2016-10-11","2016-10-20T16:00Z","2016-10-25T11:30Z","NEON.LTR.BART037158.20161011","NEON.LTR.BART037158.20161011.NDL","NEON.DOC.001710vE","Needles",0.42,"N","","Pes0SJTi6mB/L3kaeuPRUby8XD59hvb8"
"3c44941a-989c-47de-8bf5-e33ef59412f4","BART_037.basePlot.ltr","D01","BART","BART_037","BART_037_158","2016-10-25","2016-09-20","2016-10-11","2016-10-20T16:00Z","2016-10-25T11:30Z","NEON.LTR.BART037158.20161011","NEON.LTR.BART037158.20161011.OTH","NEON.DOC.001710vE","Other",0.005,"N","","Pes0SJTi6mB/L3kaeuPRUby8XD59hvb8"
"632fff2d-68ce-4bb6-b3ac-51ef9d254618","BART_037.basePlot.ltr","D01","BART","BART_037","BART_037_158","2016-10-25","2016-09-20","2016-10-11","2016-10-20T16:00Z","2016-10-25T11:30Z","NEON.LTR.BART037158.20161011","NEON.LTR.BART037158.20161011.FLR","NEON.DOC.001710vE","Flowers",0,"N","","Pes0SJTi6mB/L3kaeuPRUby8XD59hvb8"
"b0394bdf-4dc7-40da-8655-b0cc6dd17a1f","BART_037.basePlot.ltr","D01","BART","BART_037","BART_037_158","2016-10-25","2016-09-20","2016-10-11","2016-10-20T16:00Z","2016-10-25T11:30Z","NEON.LTR.BART037158.20161011","NEON.LTR.BART037158.20161011.TWI","NEON.DOC.001710vE","Twigs/branches",0.08,"N","","Pes0SJTi6mB/L3kaeuPRUby8XD59hvb8"
"49c00c66-58fe-43d2-86ba-4bcb4a76ce3c","BART_074.basePlot.ltr","D01","BART","BART_074","BART_074_942","2016-10-25","2016-09-20","2016-10-11","2016-10-20T16:00Z","2016-10-25T11:30Z","NEON.LTR.BART074942.20161011","NEON.LTR.BART074942.20161011.TWI","NEON.DOC.001710vE","Twigs/branches",0,"N","","Pes0SJTi6mB/L3kaeuPRUby8XD59hvb8"
"f0cb172b-9d79-4577-872c-f72077dcb872","BART_074.basePlot.ltr","D01","BART","BART_074","BART_074_942","2016-10-25","2016-09-20","2016-10-11","2016-10-20T16:00Z","2016-10-25T11:30Z","NEON.LTR.BART074942.20161011","NEON.LTR.BART074942.20161011.LVS","NEON.DOC.001710vE","Leaves",12,"N","","Pes0SJTi6mB/L3kaeuPRUby8XD59hvb8"
"cbe9f875-5e3e-4a09-b779-387e472d5b8c","BART_074.basePlot.ltr","D01","BART","BART_074","BART_074_942","2016-10-25","2016-09-20","2016-10-11","2016-10-20T16:00Z","2016-10-25T11:30Z","NEON.LTR.BART074942.20161011","NEON.LTR.BART074942.20161011.WDY","NEON.DOC.001710vE","Woody material",0,"N","","Pes0SJTi6mB/L3kaeuPRUby8XD59hvb8"
"7c72cea6-e0ff-455d-ac44-7fb97a49f424","BART_074.basePlot.ltr","D01","BART","BART_074","BART_074_942","2016-10-25","2016-09-20","2016-10-11","2016-10-20T16:00Z","2016-10-25T11:30Z","NEON.LTR.BART074942.20161011","NEON.LTR.BART074942.20161011.FLR","NEON.DOC.001710vE","Flowers",0,"N","","Pes0SJTi6mB/L3kaeuPRUby8XD59hvb8"
"19e146d0-945b-4d0b-97e1-b35793ed03ee","BART_074.basePlot.ltr","D01","BART","BART_074","BART_074_942","2016-10-25","2016-09-20","2016-10-11","2016-10-20T16:00Z","2016-10-25T11:30Z","NEON.LTR.BART074942.20161011","NEON.LTR.BART074942.20161011.NDL","NEON.DOC.001710vE","Needles",0.23,"N","","Pes0SJTi6mB/L3kaeuPRUby8XD59hvb8"
"19d94dc9-2455-45ed-849d-fde6354ae28a","BART_074.basePlot.ltr","D01","BART","BART_074","BART_074_942","2016-10-25","2016-09-20","2016-10-11","2016-10-20T16:00Z","2016-10-25T11:30Z","NEON.LTR.BART074942.20161011","NEON.LTR.BART074942.20161011.OTH","NEON.DOC.001710vE","Other",0.1,"N","","Pes0SJTi6mB/L3kaeuPRUby8XD59hvb8"
"72de99fc-2752-49be-b62d-abdf6a674445","BART_074.basePlot.ltr","D01","BART","BART_074","BART_074_942","2016-10-25","2016-09-20","2016-10-11","2016-10-20T16:00Z","2016-10-25T11:30Z","NEON.LTR.BART074942.20161011","NEON.LTR.BART074942.20161011.SDS","NEON.DOC.001710vE","Seeds",0.39,"N","FAGR nut","Pes0SJTi6mB/L3kaeuPRUby8XD59hvb8"
"da8f2bff-6355-4fe3-8d4a-c8bf941f2add","BART_042.basePlot.ltr","D01","BART","BART_042","BART_042_935","2016-10-25","2016-09-20","2016-10-11","2016-10-20T16:00Z","2016-10-25T11:30Z","NEON.LTR.BART042935.20161011","NEON.LTR.BART042935.20161011.OTH","NEON.DOC.001710vE","Other",0.05,"N","","Pes0SJTi6mB/L3kaeuPRUby8XD59hvb8"
"0e565170-d597-45cf-97a8-b10bd0f8eec1","BART_042.basePlot.ltr","D01","BART","BART_042","BART_042_935","2016-10-25","2016-09-20","2016-10-11","2016-10-20T16:00Z","2016-10-25T11:30Z","NEON.LTR.BART042935.20161011","NEON.LTR.BART042935.20161011.FLR","NEON.DOC.001710vE","Flowers",0.08,"N","","Pes0SJTi6mB/L3kaeuPRUby8XD59hvb8"
"4e7749fe-5288-4959-a43e-c7cce9d295ef","BART_042.basePlot.ltr","D01","BART","BART_042","BART_042_935","2016-10-25","2016-09-20","2016-10-11","2016-10-20T16:00Z","2016-10-25T11:30Z","NEON.LTR.BART042935.20161011","NEON.LTR.BART042935.20161011.LVS","NEON.DOC.001710vE","Leaves",39.44,"Y","","Pes0SJTi6mB/L3kaeuPRUby8XD59hvb8"
"75038bdc-8236-4ef0-b241-6923cf29fb6c","BART_042.basePlot.ltr","D01","BART","BART_042","BART_042_935","2016-10-25","2016-09-20","2016-10-11","2016-10-20T16:00Z","2016-10-25T11:30Z","NEON.LTR.BART042935.20161011","NEON.LTR.BART042935.20161011.NDL","NEON.DOC.001710vE","Needles",3.95,"N","","Pes0SJTi6mB/L3kaeuPRUby8XD59hvb8"
"92647f01-bb3c-4e0f-b10f-4bcce2b4ba58","BART_042.basePlot.ltr","D01","BART","BART_042","BART_042_935","2016-10-25","2016-09-20","2016-10-11","2016-10-20T16:00Z","2016-10-25T11:30Z","NEON.LTR.BART042935.20161011","NEON.LTR.BART042935.20161011.TWI","NEON.DOC.001710vE","Twigs/branches",0.005,"N","","Pes0SJTi6mB/L3kaeuPRUby8XD59hvb8"
"3f6edcd6-a053-4fcc-9024-d3676bb3d30a","BART_042.basePlot.ltr","D01","BART","BART_042","BART_042_935","2016-10-25","2016-09-20","2016-10-11","2016-10-20T16:00Z","2016-10-25T11:30Z","NEON.LTR.BART042935.20161011","NEON.LTR.BART042935.20161011.SDS","NEON.DOC.001710vE","Seeds",0.05,"N","","Pes0SJTi6mB/L3kaeuPRUby8XD59hvb8"
"f4181151-a0d3-43cb-a21e-2c64cd5cb253","BART_042.basePlot.ltr","D01","BART","BART_042","BART_042_935","2016-10-25","2016-09-20","2016-10-11","2016-10-20T16:00Z","2016-10-25T11:30Z","NEON.LTR.BART042935.20161011","NEON.LTR.BART042935.20161011.WDY","NEON.DOC.001710vE","Woody material",0.005,"N","","Pes0SJTi6mB/L3kaeuPRUby8XD59hvb8"
"a84e8c50-a9da-4cad-969e-849dcae48875","BART_075.basePlot.ltr","D01","BART","BART_075","BART_075_389","2016-10-25","2016-09-20","2016-10-11","2016-10-20T16:00Z","2016-10-25T11:30Z","NEON.LTR.BART075389.20161011","NEON.LTR.BART075389.20161011.LVS","NEON.DOC.001710vE","Leaves",17.79,"N","","Pes0SJTi6mB/L3kaeuPRUby8XD59hvb8"
"0a44be42-a30d-4078-84b7-400c1dc27056","BART_075.basePlot.ltr","D01","BART","BART_075","BART_075_389","2016-10-25","2016-09-20","2016-10-11","2016-10-20T16:00Z","2016-10-25T11:30Z","NEON.LTR.BART075389.20161011","NEON.LTR.BART075389.20161011.FLR","NEON.DOC.001710vE","Flowers",0.01,"Y","","Pes0SJTi6mB/L3kaeuPRUby8XD59hvb8"
"d60a5cbd-f9d6-46a2-9381-0ea269b07dda","BART_075.basePlot.ltr","D01","BART","BART_075","BART_075_389","2016-10-25","2016-09-20","2016-10-11","2016-10-20T16:00Z","2016-10-25T11:30Z","NEON.LTR.BART075389.20161011","NEON.LTR.BART075389.20161011.OTH","NEON.DOC.001710vE","Other",0.05,"N","","Pes0SJTi6mB/L3kaeuPRUby8XD59hvb8"
"24eea69d-b316-4b0d-8142-dfd92187dcf5","BART_075.basePlot.ltr","D01","BART","BART_075","BART_075_389","2016-10-25","2016-09-20","2016-10-11","2016-10-20T16:00Z","2016-10-25T11:30Z","NEON.LTR.BART075389.20161011","NEON.LTR.BART075389.20161011.NDL","NEON.DOC.001710vE","Needles",16.9,"N","","Pes0SJTi6mB/L3kaeuPRUby8XD59hvb8"
"d8500730-76e8-40c5-a19b-210d377664a8","BART_075.basePlot.ltr","D01","BART","BART_075","BART_075_389","2016-10-25","2016-09-20","2016-10-11","2016-10-20T16:00Z","2016-10-25T11:30Z","NEON.LTR.BART075389.20161011","NEON.LTR.BART075389.20161011.TWI","NEON.DOC.001710vE","Twigs/branches",0.1,"N","","Pes0SJTi6mB/L3kaeuPRUby8XD59hvb8"
"4e9482b9-46e9-45c1-92ab-9020702b050c","BART_075.basePlot.ltr","D01","BART","BART_075","BART_075_389","2016-10-25","2016-09-20","2016-10-11","2016-10-20T16:00Z","2016-10-25T11:30Z","NEON.LTR.BART075389.20161011","NEON.LTR.BART075389.20161011.SDS","NEON.DOC.001710vE","Seeds",0.03,"N","","Pes0SJTi6mB/L3kaeuPRUby8XD59hvb8"
"451a7891-8e90-4a51-9eed-c7734d57a494","BART_075.basePlot.ltr","D01","BART","BART_075","BART_075_389","2016-10-25","2016-09-20","2016-10-11","2016-10-20T16:00Z","2016-10-25T11:30Z","NEON.LTR.BART075389.20161011","NEON.LTR.BART075389.20161011.WDY","NEON.DOC.001710vE","Woody material",0.005,"N","","Pes0SJTi6mB/L3kaeuPRUby8XD59hvb8"
"1f96fc5f-8f22-4b66-bb66-2c95fe92c3bd","BART_036.basePlot.ltr","D01","BART","BART_036","BART_036_151","2016-11-03","2016-09-20","2016-10-11","2016-10-20T16:00Z","2016-10-25T11:30Z","NEON.LTR.BART036151.20161011","NEON.LTR.BART036151.20161011.TWI","NEON.DOC.001710vE","Twigs/branches",0,"N","","Pes0SJTi6mB/L3kaeuPRUby8XD59hvb8"
"14401611-9d40-4983-b1ae-cd1728935a44","BART_036.basePlot.ltr","D01","BART","BART_036","BART_036_151","2016-11-03","2016-09-20","2016-10-11","2016-10-20T16:00Z","2016-10-25T11:30Z","NEON.LTR.BART036151.20161011","NEON.LTR.BART036151.20161011.FLR","NEON.DOC.001710vE","Flowers",0.005,"N","","Pes0SJTi6mB/L3kaeuPRUby8XD59hvb8"
"2e57d375-2b36-4677-bbd7-c7a4d208692a","BART_036.basePlot.ltr","D01","BART","BART_036","BART_036_151","2016-11-03","2016-09-20","2016-10-11","2016-10-20T16:00Z","2016-10-25T11:30Z","NEON.LTR.BART036151.20161011","NEON.LTR.BART036151.20161011.WDY","NEON.DOC.001710vE","Woody material",0.07,"N","","Pes0SJTi6mB/L3kaeuPRUby8XD59hvb8"
"214f2016-d2fd-424f-a320-00182552227c","BART_036.basePlot.ltr","D01","BART","BART_036","BART_036_151","2016-11-03","2016-09-20","2016-10-11","2016-10-20T16:00Z","2016-10-25T11:30Z","NEON.LTR.BART036151.20161011","NEON.LTR.BART036151.20161011.SDS","NEON.DOC.001710vE","Seeds",0.91,"N","FAGR nuts","Pes0SJTi6mB/L3kaeuPRUby8XD59hvb8"
"1d5dc96a-005a-4e79-a4f9-dd9101583ac9","BART_036.basePlot.ltr","D01","BART","BART_036","BART_036_151","2016-11-03","2016-09-20","2016-10-11","2016-10-20T16:00Z","2016-10-25T11:30Z","NEON.LTR.BART036151.20161011","NEON.LTR.BART036151.20161011.NDL","NEON.DOC.001710vE","Needles",0.56,"N","","Pes0SJTi6mB/L3kaeuPRUby8XD59hvb8"
"18224a71-a313-4840-8086-70b9584480e9","BART_036.basePlot.ltr","D01","BART","BART_036","BART_036_151","2016-11-03","2016-09-20","2016-10-11","2016-10-20T16:00Z","2016-10-25T11:30Z","NEON.LTR.BART036151.20161011","NEON.LTR.BART036151.20161011.OTH","NEON.DOC.001710vE","Other",0.005,"N","","Pes0SJTi6mB/L3kaeuPRUby8XD59hvb8"
"50b11d83-5d38-4d30-9dda-7d872ddb1dc4","BART_036.basePlot.ltr","D01","BART","BART_036","BART_036_151","2016-11-03","2016-09-20","2016-10-11","2016-10-20T16:00Z","2016-10-25T11:30Z","NEON.LTR.BART036151.20161011","NEON.LTR.BART036151.20161011.LVS","NEON.DOC.001710vE","Leaves",22.99,"N","","Pes0SJTi6mB/L3kaeuPRUby8XD59hvb8"
"24ba8cc4-1051-4387-b731-a4b851f13c33","BART_036.basePlot.ltr","D01","BART","BART_036","BART_036_925","2016-10-25","2016-09-20","2016-10-11","2016-10-20T16:00Z","2016-10-25T11:30Z","NEON.LTR.BART036925.20161011","NEON.LTR.BART036925.20161011.NDL","NEON.DOC.001710vE","Needles",0.23,"N","","Pes0SJTi6mB/L3kaeuPRUby8XD59hvb8"
"203ec1f4-1e12-47bb-8dee-0a715d1c5aad","BART_036.basePlot.ltr","D01","BART","BART_036","BART_036_925","2016-10-25","2016-09-20","2016-10-11","2016-10-20T16:00Z","2016-10-25T11:30Z","NEON.LTR.BART036925.20161011","NEON.LTR.BART036925.20161011.LVS","NEON.DOC.001710vE","Leaves",28.81,"N","","Pes0SJTi6mB/L3kaeuPRUby8XD59hvb8"
"7b249ca8-093a-4ac2-9a69-1deab42e0dce","BART_036.basePlot.ltr","D01","BART","BART_036","BART_036_925","2016-10-25","2016-09-20","2016-10-11","2016-10-20T16:00Z","2016-10-25T11:30Z","NEON.LTR.BART036925.20161011","NEON.LTR.BART036925.20161011.WDY","NEON.DOC.001710vE","Woody material",0.005,"N","","Pes0SJTi6mB/L3kaeuPRUby8XD59hvb8"
"9c213745-e6d5-4fbe-b41f-51a2e334b02b","BART_036.basePlot.ltr","D01","BART","BART_036","BART_036_925","2016-10-25","2016-09-20","2016-10-11","2016-10-20T16:00Z","2016-10-25T11:30Z","NEON.LTR.BART036925.20161011","NEON.LTR.BART036925.20161011.SDS","NEON.DOC.001710vE","Seeds",0.05,"N","","Pes0SJTi6mB/L3kaeuPRUby8XD59hvb8"
"95e58499-ace3-4f88-b176-e69470e4e4e6","BART_036.basePlot.ltr","D01","BART","BART_036","BART_036_925","2016-10-25","2016-09-20","2016-10-11","2016-10-20T16:00Z","2016-10-25T11:30Z","NEON.LTR.BART036925.20161011","NEON.LTR.BART036925.20161011.OTH","NEON.DOC.001710vE","Other",0.14,"Y","","Pes0SJTi6mB/L3kaeuPRUby8XD59hvb8"
"6a7e672c-1348-43ec-8cc1-385548bbd1b7","BART_036.basePlot.ltr","D01","BART","BART_036","BART_036_925","2016-10-25","2016-09-20","2016-10-11","2016-10-20T16:00Z","2016-10-25T11:30Z","NEON.LTR.BART036925.20161011","NEON.LTR.BART036925.20161011.FLR","NEON.DOC.001710vE","Flowers",0,"N","","Pes0SJTi6mB/L3kaeuPRUby8XD59hvb8"
"2714fa24-ae5e-40af-912d-407a487e4a45","BART_036.basePlot.ltr","D01","BART","BART_036","BART_036_925","2016-10-25","2016-09-20","2016-10-11","2016-10-20T16:00Z","2016-10-25T11:30Z","NEON.LTR.BART036925.20161011","NEON.LTR.BART036925.20161011.TWI","NEON.DOC.001710vE","Twigs/branches",0.005,"N","","Pes0SJTi6mB/L3kaeuPRUby8XD59hvb8"
"1663a2ba-5f5b-48c8-a7ba-3704cd0fc292","BART_050.basePlot.ltr","D01","BART","BART_050","BART_050_046","2016-10-25","2016-09-20","2016-10-11","2016-10-20T16:00Z","2016-10-25T11:30Z","NEON.LTR.BART050046.20161011","NEON.LTR.BART050046.20161011.FLR","NEON.DOC.001710vE","Flowers",0.005,"N","","Pes0SJTi6mB/L3kaeuPRUby8XD59hvb8"
"f2a838d6-d4d7-4438-bcea-87627fdda192","BART_050.basePlot.ltr","D01","BART","BART_050","BART_050_046","2016-10-25","2016-09-20","2016-10-11","2016-10-20T16:00Z","2016-10-25T11:30Z","NEON.LTR.BART050046.20161011","NEON.LTR.BART050046.20161011.OTH","NEON.DOC.001710vE","Other",0.14,"N","","Pes0SJTi6mB/L3kaeuPRUby8XD59hvb8"
"c251ab69-f813-46ba-80e3-3c6b6cd8c1af","BART_050.basePlot.ltr","D01","BART","BART_050","BART_050_046","2016-10-25","2016-09-20","2016-10-11","2016-10-20T16:00Z","2016-10-25T11:30Z","NEON.LTR.BART050046.20161011","NEON.LTR.BART050046.20161011.TWI","NEON.DOC.001710vE","Twigs/branches",0.12,"N","","Pes0SJTi6mB/L3kaeuPRUby8XD59hvb8"
"46752a8a-7a8f-4b1f-a4eb-1721023fea0d","BART_050.basePlot.ltr","D01","BART","BART_050","BART_050_046","2016-10-25","2016-09-20","2016-10-11","2016-10-20T16:00Z","2016-10-25T11:30Z","NEON.LTR.BART050046.20161011","NEON.LTR.BART050046.20161011.LVS","NEON.DOC.001710vE","Leaves",9.5,"N","","Pes0SJTi6mB/L3kaeuPRUby8XD59hvb8"
"ec5e880d-5c63-4b4f-b418-bd487668ee8b","BART_050.basePlot.ltr","D01","BART","BART_050","BART_050_046","2016-10-25","2016-09-20","2016-10-11","2016-10-20T16:00Z","2016-10-25T11:30Z","NEON.LTR.BART050046.20161011","NEON.LTR.BART050046.20161011.SDS","NEON.DOC.001710vE","Seeds",0.02,"N","","Pes0SJTi6mB/L3kaeuPRUby8XD59hvb8"
"19b24316-9daa-4458-95e5-cb32f0b0b0f1","BART_050.basePlot.ltr","D01","BART","BART_050","BART_050_046","2016-10-25","2016-09-20","2016-10-11","2016-10-20T16:00Z","2016-10-25T11:30Z","NEON.LTR.BART050046.20161011","NEON.LTR.BART050046.20161011.NDL","NEON.DOC.001710vE","Needles",17.44,"Y","","Pes0SJTi6mB/L3kaeuPRUby8XD59hvb8"
"198476af-a798-4ab8-a58c-b33fab8b6263","BART_050.basePlot.ltr","D01","BART","BART_050","BART_050_046","2016-10-25","2016-09-20","2016-10-11","2016-10-20T16:00Z","2016-10-25T11:30Z","NEON.LTR.BART050046.20161011","NEON.LTR.BART050046.20161011.WDY","NEON.DOC.001710vE","Woody material",0.06,"N","","Pes0SJTi6mB/L3kaeuPRUby8XD59hvb8"
"44273716-2eea-4764-a45c-c58473b48866","BART_042.basePlot.ltr","D01","BART","BART_042","BART_042_587","2016-10-25","2016-09-20","2016-10-11","2016-10-20T16:00Z","2016-10-25T11:30Z","NEON.LTR.BART042587.20161011","NEON.LTR.BART042587.20161011.TWI","NEON.DOC.001710vE","Twigs/branches",0.1,"N","","Pes0SJTi6mB/L3kaeuPRUby8XD59hvb8"
"d1a39a43-0fe4-4458-ac7f-9dcec99f2e2f","BART_042.basePlot.ltr","D01","BART","BART_042","BART_042_587","2016-10-25","2016-09-20","2016-10-11","2016-10-20T16:00Z","2016-10-25T11:30Z","NEON.LTR.BART042587.20161011","NEON.LTR.BART042587.20161011.LVS","NEON.DOC.001710vE","Leaves",37.87,"N","","Pes0SJTi6mB/L3kaeuPRUby8XD59hvb8"
"3123abce-5304-4d64-9159-66ce7f5e9c7e","BART_042.basePlot.ltr","D01","BART","BART_042","BART_042_587","2016-10-25","2016-09-20","2016-10-11","2016-10-20T16:00Z","2016-10-25T11:30Z","NEON.LTR.BART042587.20161011","NEON.LTR.BART042587.20161011.WDY","NEON.DOC.001710vE","Woody material",0.005,"N","","Pes0SJTi6mB/L3kaeuPRUby8XD59hvb8"
"de6b0126-5e51-4da3-902a-24b1bc89d0c1","BART_042.basePlot.ltr","D01","BART","BART_042","BART_042_587","2016-10-25","2016-09-20","2016-10-11","2016-10-20T16:00Z","2016-10-25T11:30Z","NEON.LTR.BART042587.20161011","NEON.LTR.BART042587.20161011.SDS","NEON.DOC.001710vE","Seeds",0.04,"N","","Pes0SJTi6mB/L3kaeuPRUby8XD59hvb8"
"f165af48-e89d-45ec-8478-d7e1ea2444ca","BART_042.basePlot.ltr","D01","BART","BART_042","BART_042_587","2016-10-25","2016-09-20","2016-10-11","2016-10-20T16:00Z","2016-10-25T11:30Z","NEON.LTR.BART042587.20161011","NEON.LTR.BART042587.20161011.FLR","NEON.DOC.001710vE","Flowers",0.03,"N","EFLR is ESDS","Pes0SJTi6mB/L3kaeuPRUby8XD59hvb8"
"68b92eca-93ac-4ea6-a74e-e98176ba7805","BART_042.basePlot.ltr","D01","BART","BART_042","BART_042_587","2016-10-25","2016-09-20","2016-10-11","2016-10-20T16:00Z","2016-10-25T11:30Z","NEON.LTR.BART042587.20161011","NEON.LTR.BART042587.20161011.OTH","NEON.DOC.001710vE","Other",0.1,"N","","Pes0SJTi6mB/L3kaeuPRUby8XD59hvb8"
"b93e6fbe-5afb-4b02-92ed-bc8e1186ff3a","BART_042.basePlot.ltr","D01","BART","BART_042","BART_042_587","2016-10-25","2016-09-20","2016-10-11","2016-10-20T16:00Z","2016-10-25T11:30Z","NEON.LTR.BART042587.20161011","NEON.LTR.BART042587.20161011.NDL","NEON.DOC.001710vE","Needles",3.8,"N","","Pes0SJTi6mB/L3kaeuPRUby8XD59hvb8"
"ee6b0bde-4d23-404f-8d0a-af65a6987c7a","BART_037.basePlot.ltr","D01","BART","BART_037","BART_037_884","2016-10-25","2016-09-20","2016-10-11","2016-10-20T16:00Z","2016-10-25T11:30Z","NEON.LTR.BART037884.20161011","NEON.LTR.BART037884.20161011.WDY","NEON.DOC.001710vE","Woody material",0,"N","","Pes0SJTi6mB/L3kaeuPRUby8XD59hvb8"
"f735285b-5eb0-494d-a1e2-ff627bda83e9","BART_037.basePlot.ltr","D01","BART","BART_037","BART_037_884","2016-10-25","2016-09-20","2016-10-11","2016-10-20T16:00Z","2016-10-25T11:30Z","NEON.LTR.BART037884.20161011","NEON.LTR.BART037884.20161011.OTH","NEON.DOC.001710vE","Other",0.005,"N","","Pes0SJTi6mB/L3kaeuPRUby8XD59hvb8"
"28c97f73-fc0b-477c-97cf-b269dcb89c37","BART_037.basePlot.ltr","D01","BART","BART_037","BART_037_884","2016-10-25","2016-09-20","2016-10-11","2016-10-20T16:00Z","2016-10-25T11:30Z","NEON.LTR.BART037884.20161011","NEON.LTR.BART037884.20161011.FLR","NEON.DOC.001710vE","Flowers",0,"N","","Pes0SJTi6mB/L3kaeuPRUby8XD59hvb8"
"0d0c42cf-a655-4671-862e-c82ec1feedb1","BART_037.basePlot.ltr","D01","BART","BART_037","BART_037_884","2016-10-25","2016-09-20","2016-10-11","2016-10-20T16:00Z","2016-10-25T11:30Z","NEON.LTR.BART037884.20161011","NEON.LTR.BART037884.20161011.TWI","NEON.DOC.001710vE","Twigs/branches",0.04,"N","","Pes0SJTi6mB/L3kaeuPRUby8XD59hvb8"
"fd940d58-2721-4cb3-81cb-f364192e2069","BART_037.basePlot.ltr","D01","BART","BART_037","BART_037_884","2016-10-25","2016-09-20","2016-10-11","2016-10-20T16:00Z","2016-10-25T11:30Z","NEON.LTR.BART037884.20161011","NEON.LTR.BART037884.20161011.SDS","NEON.DOC.001710vE","Seeds",0.005,"N","","Pes0SJTi6mB/L3kaeuPRUby8XD59hvb8"
"01935d49-4d96-49cf-8787-ef0752fe1863","BART_037.basePlot.ltr","D01","BART","BART_037","BART_037_884","2016-10-25","2016-09-20","2016-10-11","2016-10-20T16:00Z","2016-10-25T11:30Z","NEON.LTR.BART037884.20161011","NEON.LTR.BART037884.20161011.LVS","NEON.DOC.001710vE","Leaves",32.59,"Y","","Pes0SJTi6mB/L3kaeuPRUby8XD59hvb8"
"96b8f55f-887d-4618-83f7-e6c3148d97c7","BART_037.basePlot.ltr","D01","BART","BART_037","BART_037_884","2016-10-25","2016-09-20","2016-10-11","2016-10-20T16:00Z","2016-10-25T11:30Z","NEON.LTR.BART037884.20161011","NEON.LTR.BART037884.20161011.NDL","NEON.DOC.001710vE","Needles",0.14,"Y","","Pes0SJTi6mB/L3kaeuPRUby8XD59hvb8"
"f7c9e913-30e6-4d05-9a76-e6d1e7367814","BART_072.basePlot.ltr","D01","BART","BART_072","BART_072_567","2016-10-25","2016-09-20","2016-10-11","2016-10-20T16:00Z","2016-10-25T11:30Z","NEON.LTR.BART072567.20161011","NEON.LTR.BART072567.20161011.FLR","NEON.DOC.001710vE","Flowers",0.02,"N","","Pes0SJTi6mB/L3kaeuPRUby8XD59hvb8"
"4f035b54-eeb9-4491-8d90-9b1ed1910a86","BART_072.basePlot.ltr","D01","BART","BART_072","BART_072_567","2016-10-25","2016-09-20","2016-10-11","2016-10-20T16:00Z","2016-10-25T11:30Z","NEON.LTR.BART072567.20161011","NEON.LTR.BART072567.20161011.LVS","NEON.DOC.001710vE","Leaves",30.56,"N","","Pes0SJTi6mB/L3kaeuPRUby8XD59hvb8"
"516d3d5c-8187-4e8e-91b6-c01cbb34834d","BART_072.basePlot.ltr","D01","BART","BART_072","BART_072_567","2016-10-25","2016-09-20","2016-10-11","2016-10-20T16:00Z","2016-10-25T11:30Z","NEON.LTR.BART072567.20161011","NEON.LTR.BART072567.20161011.OTH","NEON.DOC.001710vE","Other",0.01,"N","","Pes0SJTi6mB/L3kaeuPRUby8XD59hvb8"
"b52e0976-ef2e-4a27-953d-26a37092f07f","BART_072.basePlot.ltr","D01","BART","BART_072","BART_072_567","2016-10-25","2016-09-20","2016-10-11","2016-10-20T16:00Z","2016-10-25T11:30Z","NEON.LTR.BART072567.20161011","NEON.LTR.BART072567.20161011.NDL","NEON.DOC.001710vE","Needles",8.73,"N","","Pes0SJTi6mB/L3kaeuPRUby8XD59hvb8"
"e6f4e5b2-cb23-4f3d-a326-5fa6edbc94bf","BART_072.basePlot.ltr","D01","BART","BART_072","BART_072_567","2016-10-25","2016-09-20","2016-10-11","2016-10-20T16:00Z","2016-10-25T11:30Z","NEON.LTR.BART072567.20161011","NEON.LTR.BART072567.20161011.WDY","NEON.DOC.001710vE","Woody material",0.19,"N","","Pes0SJTi6mB/L3kaeuPRUby8XD59hvb8"
"e489232e-6f4c-4b71-893e-06df140e906d","BART_072.basePlot.ltr","D01","BART","BART_072","BART_072_567","2016-10-25","2016-09-20","2016-10-11","2016-10-20T16:00Z","2016-10-25T11:30Z","NEON.LTR.BART072567.20161011","NEON.LTR.BART072567.20161011.SDS","NEON.DOC.001710vE","Seeds",0.005,"N","","Pes0SJTi6mB/L3kaeuPRUby8XD59hvb8"
"c045650f-e7de-4722-8dd4-ca5836ea6a6b","BART_072.basePlot.ltr","D01","BART","BART_072","BART_072_567","2016-10-25","2016-09-20","2016-10-11","2016-10-20T16:00Z","2016-10-25T11:30Z","NEON.LTR.BART072567.20161011","NEON.LTR.BART072567.20161011.TWI","NEON.DOC.001710vE","Twigs/branches",0.15,"N","","Pes0SJTi6mB/L3kaeuPRUby8XD59hvb8"
"0ca247f5-1269-4ec2-89c7-4a3371606359","BART_074.basePlot.ltr","D01","BART","BART_074","BART_074_555","2016-10-25","2016-09-20","2016-10-11","2016-10-20T16:00Z","2016-10-25T11:30Z","NEON.LTR.BART074555.20161011","NEON.LTR.BART074555.20161011.LVS","NEON.DOC.001710vE","Leaves",14.61,"Y","","Pes0SJTi6mB/L3kaeuPRUby8XD59hvb8"
"62d79ad1-0ed0-483e-be4d-a88ecf7c37dc","BART_074.basePlot.ltr","D01","BART","BART_074","BART_074_555","2016-10-25","2016-09-20","2016-10-11","2016-10-20T16:00Z","2016-10-25T11:30Z","NEON.LTR.BART074555.20161011","NEON.LTR.BART074555.20161011.SDS","NEON.DOC.001710vE","Seeds",0.06,"N","","Pes0SJTi6mB/L3kaeuPRUby8XD59hvb8"
"7a73e813-ea48-4857-bf19-e7a8d0a5f2ea","BART_074.basePlot.ltr","D01","BART","BART_074","BART_074_555","2016-10-25","2016-09-20","2016-10-11","2016-10-20T16:00Z","2016-10-25T11:30Z","NEON.LTR.BART074555.20161011","NEON.LTR.BART074555.20161011.OTH","NEON.DOC.001710vE","Other",0.15,"N","","Pes0SJTi6mB/L3kaeuPRUby8XD59hvb8"
"ec1fa33d-8d37-4f60-b751-bf5e7b1b9d5e","BART_074.basePlot.ltr","D01","BART","BART_074","BART_074_555","2016-10-25","2016-09-20","2016-10-11","2016-10-20T16:00Z","2016-10-25T11:30Z","NEON.LTR.BART074555.20161011","NEON.LTR.BART074555.20161011.WDY","NEON.DOC.001710vE","Woody material",0.08,"N","","Pes0SJTi6mB/L3kaeuPRUby8XD59hvb8"
"edf451ac-081d-49b7-aa20-db1846eadd6f","BART_074.basePlot.ltr","D01","BART","BART_074","BART_074_555","2016-10-25","2016-09-20","2016-10-11","2016-10-20T16:00Z","2016-10-25T11:30Z","NEON.LTR.BART074555.20161011","NEON.LTR.BART074555.20161011.FLR","NEON.DOC.001710vE","Flowers",0,"N","","Pes0SJTi6mB/L3kaeuPRUby8XD59hvb8"
"7077594f-e95d-4f7c-8224-b56eaf62e02f","BART_074.basePlot.ltr","D01","BART","BART_074","BART_074_555","2016-10-25","2016-09-20","2016-10-11","2016-10-20T16:00Z","2016-10-25T11:30Z","NEON.LTR.BART074555.20161011","NEON.LTR.BART074555.20161011.TWI","NEON.DOC.001710vE","Twigs/branches",0.03,"N","","Pes0SJTi6mB/L3kaeuPRUby8XD59hvb8"
"f5cbe140-eb17-4268-977f-2b150d3a8d8a","BART_074.basePlot.ltr","D01","BART","BART_074","BART_074_555","2016-10-25","2016-09-20","2016-10-11","2016-10-20T16:00Z","2016-10-25T11:30Z","NEON.LTR.BART074555.20161011","NEON.LTR.BART074555.20161011.NDL","NEON.DOC.001710vE","Needles",2.32,"N","","Pes0SJTi6mB/L3kaeuPRUby8XD59hvb8"
"f9e4f222-eeb7-429f-b433-571f631ec513","BART_044.basePlot.ltr","D01","BART","BART_044","BART_044_531","2016-10-25","2016-09-20","2016-10-11","2016-10-20T16:00Z","2016-10-25T11:30Z","NEON.LTR.BART044531.20161011","NEON.LTR.BART044531.20161011.OTH","NEON.DOC.001710vE","Other",0.11,"N","","Pes0SJTi6mB/L3kaeuPRUby8XD59hvb8"
"d623642c-0d6b-46ef-bfc0-f0b0152888fa","BART_044.basePlot.ltr","D01","BART","BART_044","BART_044_531","2016-10-25","2016-09-20","2016-10-11","2016-10-20T16:00Z","2016-10-25T11:30Z","NEON.LTR.BART044531.20161011","NEON.LTR.BART044531.20161011.TWI","NEON.DOC.001710vE","Twigs/branches",0.005,"N","","Pes0SJTi6mB/L3kaeuPRUby8XD59hvb8"
"232fa738-33f2-4fad-9e61-a3150715846b","BART_044.basePlot.ltr","D01","BART","BART_044","BART_044_531","2016-10-25","2016-09-20","2016-10-11","2016-10-20T16:00Z","2016-10-25T11:30Z","NEON.LTR.BART044531.20161011","NEON.LTR.BART044531.20161011.WDY","NEON.DOC.001710vE","Woody material",0.02,"N","","Pes0SJTi6mB/L3kaeuPRUby8XD59hvb8"
"63608abc-d2be-4265-96c3-0ed7a66e1ed3","BART_044.basePlot.ltr","D01","BART","BART_044","BART_044_531","2016-10-25","2016-09-20","2016-10-11","2016-10-20T16:00Z","2016-10-25T11:30Z","NEON.LTR.BART044531.20161011","NEON.LTR.BART044531.20161011.LVS","NEON.DOC.001710vE","Leaves",24.82,"N","","Pes0SJTi6mB/L3kaeuPRUby8XD59hvb8"
"bdf8e47d-d2e9-4ac8-9739-379c9d1f3420","BART_044.basePlot.ltr","D01","BART","BART_044","BART_044_531","2016-10-25","2016-09-20","2016-10-11","2016-10-20T16:00Z","2016-10-25T11:30Z","NEON.LTR.BART044531.20161011","NEON.LTR.BART044531.20161011.FLR","NEON.DOC.001710vE","Flowers",0.005,"N","","Pes0SJTi6mB/L3kaeuPRUby8XD59hvb8"
"b3454fdb-6622-41a5-95ac-2db3e7634dfe","BART_044.basePlot.ltr","D01","BART","BART_044","BART_044_531","2016-10-25","2016-09-20","2016-10-11","2016-10-20T16:00Z","2016-10-25T11:30Z","NEON.LTR.BART044531.20161011","NEON.LTR.BART044531.20161011.NDL","NEON.DOC.001710vE","Needles",0.24,"N","","Pes0SJTi6mB/L3kaeuPRUby8XD59hvb8"
"3dcedd85-7ead-433c-926c-1c23d2b74c02","BART_044.basePlot.ltr","D01","BART","BART_044","BART_044_531","2016-10-25","2016-09-20","2016-10-11","2016-10-20T16:00Z","2016-10-25T11:30Z","NEON.LTR.BART044531.20161011","NEON.LTR.BART044531.20161011.SDS","NEON.DOC.001710vE","Seeds",0.02,"Y","","Pes0SJTi6mB/L3kaeuPRUby8XD59hvb8"
"6bb859f3-1936-4587-89f6-7cbcd1c54f46","BART_050.basePlot.ltr","D01","BART","BART_050","BART_050_808","2016-10-25","2016-09-20","2016-10-11","2016-10-20T16:00Z","2016-10-25T11:30Z","NEON.LTR.BART050808.20161011","NEON.LTR.BART050808.20161011.WDY","NEON.DOC.001710vE","Woody material",0.005,"N","","Pes0SJTi6mB/L3kaeuPRUby8XD59hvb8"
"9dfabd78-639c-489f-a742-95e64e11c2bb","BART_050.basePlot.ltr","D01","BART","BART_050","BART_050_808","2016-10-25","2016-09-20","2016-10-11","2016-10-20T16:00Z","2016-10-25T11:30Z","NEON.LTR.BART050808.20161011","NEON.LTR.BART050808.20161011.TWI","NEON.DOC.001710vE","Twigs/branches",0.07,"N","","Pes0SJTi6mB/L3kaeuPRUby8XD59hvb8"
"bc67a53b-8d35-4fc5-90e4-b4b3d2ff90fa","BART_050.basePlot.ltr","D01","BART","BART_050","BART_050_808","2016-10-25","2016-09-20","2016-10-11","2016-10-20T16:00Z","2016-10-25T11:30Z","NEON.LTR.BART050808.20161011","NEON.LTR.BART050808.20161011.OTH","NEON.DOC.001710vE","Other",4.41,"N","","Pes0SJTi6mB/L3kaeuPRUby8XD59hvb8"
"13000cdd-4d73-49c0-8d98-7ba1ffcdb14d","BART_050.basePlot.ltr","D01","BART","BART_050","BART_050_808","2016-10-25","2016-09-20","2016-10-11","2016-10-20T16:00Z","2016-10-25T11:30Z","NEON.LTR.BART050808.20161011","NEON.LTR.BART050808.20161011.NDL","NEON.DOC.001710vE","Needles",8.87,"N","","Pes0SJTi6mB/L3kaeuPRUby8XD59hvb8"
"35e84c60-383e-4b71-b0c8-445ae1d18f7c","BART_050.basePlot.ltr","D01","BART","BART_050","BART_050_808","2016-10-25","2016-09-20","2016-10-11","2016-10-20T16:00Z","2016-10-25T11:30Z","NEON.LTR.BART050808.20161011","NEON.LTR.BART050808.20161011.FLR","NEON.DOC.001710vE","Flowers",0.2,"N","","Pes0SJTi6mB/L3kaeuPRUby8XD59hvb8"
"6c1577fb-c6dc-4d0b-85e7-e8ce042b22d5","BART_050.basePlot.ltr","D01","BART","BART_050","BART_050_808","2016-10-25","2016-09-20","2016-10-11","2016-10-20T16:00Z","2016-10-25T11:30Z","NEON.LTR.BART050808.20161011","NEON.LTR.BART050808.20161011.LVS","NEON.DOC.001710vE","Leaves",25.76,"Y","","Pes0SJTi6mB/L3kaeuPRUby8XD59hvb8"
"db6804b9-5d9f-42fb-9968-5a9ac13c55e9","BART_050.basePlot.ltr","D01","BART","BART_050","BART_050_808","2016-10-25","2016-09-20","2016-10-11","2016-10-20T16:00Z","2016-10-25T11:30Z","NEON.LTR.BART050808.20161011","NEON.LTR.BART050808.20161011.SDS","NEON.DOC.001710vE","Seeds",0.02,"N","","Pes0SJTi6mB/L3kaeuPRUby8XD59hvb8"
"e66705c3-68fb-4dc2-ab81-bf738b266677","BART_044.basePlot.ltr","D01","BART","BART_044","BART_044_410","2016-10-25","2016-09-20","2016-10-11","2016-10-20T16:00Z","2016-10-25T11:30Z","NEON.LTR.BART044410.20161011","NEON.LTR.BART044410.20161011.SDS","NEON.DOC.001710vE","Seeds",0.01,"N","","Pes0SJTi6mB/L3kaeuPRUby8XD59hvb8"
"5d739545-95aa-4818-99b3-f9b3c9dd720f","BART_044.basePlot.ltr","D01","BART","BART_044","BART_044_410","2016-10-25","2016-09-20","2016-10-11","2016-10-20T16:00Z","2016-10-25T11:30Z","NEON.LTR.BART044410.20161011","NEON.LTR.BART044410.20161011.NDL","NEON.DOC.001710vE","Needles",1.01,"N","","Pes0SJTi6mB/L3kaeuPRUby8XD59hvb8"
"de15c71b-e4ab-4ffb-b022-4a0afe840280","BART_044.basePlot.ltr","D01","BART","BART_044","BART_044_410","2016-10-25","2016-09-20","2016-10-11","2016-10-20T16:00Z","2016-10-25T11:30Z","NEON.LTR.BART044410.20161011","NEON.LTR.BART044410.20161011.LVS","NEON.DOC.001710vE","Leaves",16,"N","","Pes0SJTi6mB/L3kaeuPRUby8XD59hvb8"
"cb65b30d-368c-4eeb-99ea-09934ee4dfef","BART_044.basePlot.ltr","D01","BART","BART_044","BART_044_410","2016-10-25","2016-09-20","2016-10-11","2016-10-20T16:00Z","2016-10-25T11:30Z","NEON.LTR.BART044410.20161011","NEON.LTR.BART044410.20161011.WDY","NEON.DOC.001710vE","Woody material",0,"N","","Pes0SJTi6mB/L3kaeuPRUby8XD59hvb8"
"0e303a5d-8db6-4a78-a195-2ed77fddf8c5","BART_044.basePlot.ltr","D01","BART","BART_044","BART_044_410","2016-10-25","2016-09-20","2016-10-11","2016-10-20T16:00Z","2016-10-25T11:30Z","NEON.LTR.BART044410.20161011","NEON.LTR.BART044410.20161011.TWI","NEON.DOC.001710vE","Twigs/branches",0.06,"N","","Pes0SJTi6mB/L3kaeuPRUby8XD59hvb8"
"6b2fe59b-081e-42f1-a4ae-d2565a2cd256","BART_075.basePlot.ltr","D01","BART","BART_075","BART_075_819","2016-10-25","2016-09-20","2016-10-11","2016-10-20T16:00Z","2016-10-25T11:30Z","NEON.LTR.BART075819.20161011","NEON.LTR.BART075819.20161011.SDS","NEON.DOC.001710vE","Seeds",0.12,"N","","Pes0SJTi6mB/L3kaeuPRUby8XD59hvb8"
"1a54b072-5347-4523-a676-64d2aa005211","BART_075.basePlot.ltr","D01","BART","BART_075","BART_075_819","2016-10-25","2016-09-20","2016-10-11","2016-10-20T16:00Z","2016-10-25T11:30Z","NEON.LTR.BART075819.20161011","NEON.LTR.BART075819.20161011.WDY","NEON.DOC.001710vE","Woody material",0.005,"N","","Pes0SJTi6mB/L3kaeuPRUby8XD59hvb8"
"dc5bc842-44f8-4c03-bbf0-c0d8e3adaa8a","BART_075.basePlot.ltr","D01","BART","BART_075","BART_075_819","2016-10-25","2016-09-20","2016-10-11","2016-10-20T16:00Z","2016-10-25T11:30Z","NEON.LTR.BART075819.20161011","NEON.LTR.BART075819.20161011.LVS","NEON.DOC.001710vE","Leaves",23.27,"N","","Pes0SJTi6mB/L3kaeuPRUby8XD59hvb8"
"2441599d-7c22-46f8-a5ab-2baaaa257bfb","BART_075.basePlot.ltr","D01","BART","BART_075","BART_075_819","2016-10-25","2016-09-20","2016-10-11","2016-10-20T16:00Z","2016-10-25T11:30Z","NEON.LTR.BART075819.20161011","NEON.LTR.BART075819.20161011.TWI","NEON.DOC.001710vE","Twigs/branches",0.05,"N","","Pes0SJTi6mB/L3kaeuPRUby8XD59hvb8"
"2eeb9133-2bfa-4b2d-88c5-d549fcd23e45","BART_044.basePlot.ltr","D01","BART","BART_044","BART_044_410","2016-10-25","2016-09-20","2016-10-11","2016-10-20T16:00Z","2016-10-25T11:30Z","NEON.LTR.BART044410.20161011","NEON.LTR.BART044410.20161011.FLR","NEON.DOC.001710vE","Flowers",0,"N","","Pes0SJTi6mB/L3kaeuPRUby8XD59hvb8"
"bf0ef80d-b193-4221-8d3a-7265f6faee63","BART_044.basePlot.ltr","D01","BART","BART_044","BART_044_410","2016-10-25","2016-09-20","2016-10-11","2016-10-20T16:00Z","2016-10-25T11:30Z","NEON.LTR.BART044410.20161011","NEON.LTR.BART044410.20161011.OTH","NEON.DOC.001710vE","Other",1.31,"N","","Pes0SJTi6mB/L3kaeuPRUby8XD59hvb8"
"3d0a7fe4-4b9c-4647-a621-5ef9f77ba54e","BART_075.basePlot.ltr","D01","BART","BART_075","BART_075_819","2016-10-25","2016-09-20","2016-10-11","2016-10-20T16:00Z","2016-10-25T11:30Z","NEON.LTR.BART075819.20161011","NEON.LTR.BART075819.20161011.FLR","NEON.DOC.001710vE","Flowers",0.005,"N","","Pes0SJTi6mB/L3kaeuPRUby8XD59hvb8"
"46ff8a44-b095-4b11-8f1f-212ba80a3ef2","BART_075.basePlot.ltr","D01","BART","BART_075","BART_075_819","2016-10-25","2016-09-20","2016-10-11","2016-10-20T16:00Z","2016-10-25T11:30Z","NEON.LTR.BART075819.20161011","NEON.LTR.BART075819.20161011.NDL","NEON.DOC.001710vE","Needles",1.6,"N","","Pes0SJTi6mB/L3kaeuPRUby8XD59hvb8"
"6eefaed6-9998-4145-9954-df460404a309","BART_075.basePlot.ltr","D01","BART","BART_075","BART_075_819","2016-10-25","2016-09-20","2016-10-11","2016-10-20T16:00Z","2016-10-25T11:30Z","NEON.LTR.BART075819.20161011","NEON.LTR.BART075819.20161011.OTH","NEON.DOC.001710vE","Other",0.23,"Y","","Pes0SJTi6mB/L3kaeuPRUby8XD59hvb8"
"2ca808fd-2e8d-49f3-9146-de868bf51a82","BART_046.basePlot.ltr","D01","BART","BART_046","BART_046_687","2016-10-25","2016-09-20","2016-10-11","2016-10-20T16:00Z","2016-10-25T11:30Z","NEON.LTR.BART046687.20161011","NEON.LTR.BART046687.20161011.WDY","NEON.DOC.001710vE","Woody material",0,"N","","Pes0SJTi6mB/L3kaeuPRUby8XD59hvb8"
"00173e37-85d1-4fbe-8b52-a0ccff4807de","BART_046.basePlot.ltr","D01","BART","BART_046","BART_046_687","2016-10-25","2016-09-20","2016-10-11","2016-10-20T16:00Z","2016-10-25T11:30Z","NEON.LTR.BART046687.20161011","NEON.LTR.BART046687.20161011.SDS","NEON.DOC.001710vE","Seeds",0.02,"N","","Pes0SJTi6mB/L3kaeuPRUby8XD59hvb8"
"783311fb-ccec-44b5-9143-a59dc5772353","BART_046.basePlot.ltr","D01","BART","BART_046","BART_046_687","2016-10-25","2016-09-20","2016-10-11","2016-10-20T16:00Z","2016-10-25T11:30Z","NEON.LTR.BART046687.20161011","NEON.LTR.BART046687.20161011.FLR","NEON.DOC.001710vE","Flowers",0.06,"N","","Pes0SJTi6mB/L3kaeuPRUby8XD59hvb8"
"28b4b0da-0ce1-4342-a84d-880974aae81b","BART_046.basePlot.ltr","D01","BART","BART_046","BART_046_687","2016-10-25","2016-09-20","2016-10-11","2016-10-20T16:00Z","2016-10-25T11:30Z","NEON.LTR.BART046687.20161011","NEON.LTR.BART046687.20161011.TWI","NEON.DOC.001710vE","Twigs/branches",0,"N","","Pes0SJTi6mB/L3kaeuPRUby8XD59hvb8"
"fb97819a-f7dc-4321-a034-2f0cf64d03e2","BART_046.basePlot.ltr","D01","BART","BART_046","BART_046_687","2016-10-25","2016-09-20","2016-10-11","2016-10-20T16:00Z","2016-10-25T11:30Z","NEON.LTR.BART046687.20161011","NEON.LTR.BART046687.20161011.OTH","NEON.DOC.001710vE","Other",0,"N","","Pes0SJTi6mB/L3kaeuPRUby8XD59hvb8"
"201f2cac-bcfa-491a-8ffc-27eb369da4e6","BART_046.basePlot.ltr","D01","BART","BART_046","BART_046_687","2016-10-25","2016-09-20","2016-10-11","2016-10-20T16:00Z","2016-10-25T11:30Z","NEON.LTR.BART046687.20161011","NEON.LTR.BART046687.20161011.NDL","NEON.DOC.001710vE","Needles",0.03,"N","","Pes0SJTi6mB/L3kaeuPRUby8XD59hvb8"
"99a0c64d-4405-4d95-8224-90c7a65cd940","BART_046.basePlot.ltr","D01","BART","BART_046","BART_046_687","2016-10-25","2016-09-20","2016-10-11","2016-10-20T16:00Z","2016-10-25T11:30Z","NEON.LTR.BART046687.20161011","NEON.LTR.BART046687.20161011.LVS","NEON.DOC.001710vE","Leaves",32.6,"N","","Pes0SJTi6mB/L3kaeuPRUby8XD59hvb8"
"42a69018-84fb-4cda-8a48-b70e7a5c27fa","BART_072.basePlot.ltr","D01","BART","BART_072","BART_072_162","2016-10-25","2016-09-20","2016-10-11","2016-10-20T16:00Z","2016-10-25T11:30Z","NEON.LTR.BART072162.20161011","NEON.LTR.BART072162.20161011.SDS","NEON.DOC.001710vE","Seeds",0.03,"N","","Pes0SJTi6mB/L3kaeuPRUby8XD59hvb8"
"d99ae02a-9df4-40b7-a3a9-a28aefe3609d","BART_072.basePlot.ltr","D01","BART","BART_072","BART_072_162","2016-10-25","2016-09-20","2016-10-11","2016-10-20T16:00Z","2016-10-25T11:30Z","NEON.LTR.BART072162.20161011","NEON.LTR.BART072162.20161011.FLR","NEON.DOC.001710vE","Flowers",0.005,"Y","","Pes0SJTi6mB/L3kaeuPRUby8XD59hvb8"
"07da1ddf-0055-4d0d-bacd-e890a6e3c603","BART_072.basePlot.ltr","D01","BART","BART_072","BART_072_162","2016-10-25","2016-09-20","2016-10-11","2016-10-20T16:00Z","2016-10-25T11:30Z","NEON.LTR.BART072162.20161011","NEON.LTR.BART072162.20161011.WDY","NEON.DOC.001710vE","Woody material",0.69,"N","","Pes0SJTi6mB/L3kaeuPRUby8XD59hvb8"
"c95e105e-1e00-4d77-96e6-2224a859c75a","BART_072.basePlot.ltr","D01","BART","BART_072","BART_072_162","2016-10-25","2016-09-20","2016-10-11","2016-10-20T16:00Z","2016-10-25T11:30Z","NEON.LTR.BART072162.20161011","NEON.LTR.BART072162.20161011.OTH","NEON.DOC.001710vE","Other",0.01,"N","","Pes0SJTi6mB/L3kaeuPRUby8XD59hvb8"
"488b1af8-52e6-4e14-9fb1-c3cefd860979","BART_072.basePlot.ltr","D01","BART","BART_072","BART_072_162","2016-10-25","2016-09-20","2016-10-11","2016-10-20T16:00Z","2016-10-25T11:30Z","NEON.LTR.BART072162.20161011","NEON.LTR.BART072162.20161011.NDL","NEON.DOC.001710vE","Needles",4.11,"N","","Pes0SJTi6mB/L3kaeuPRUby8XD59hvb8"
"a62d9c05-2cc9-4a03-b508-b6b01a5694e3","BART_072.basePlot.ltr","D01","BART","BART_072","BART_072_162","2016-10-25","2016-09-20","2016-10-11","2016-10-20T16:00Z","2016-10-25T11:30Z","NEON.LTR.BART072162.20161011","NEON.LTR.BART072162.20161011.LVS","NEON.DOC.001710vE","Leaves",42.53,"N","","Pes0SJTi6mB/L3kaeuPRUby8XD59hvb8"
"3d5837a4-5a59-43c7-a0e2-ef9cec2fc5d1","BART_072.basePlot.ltr","D01","BART","BART_072","BART_072_162","2016-10-25","2016-09-20","2016-10-11","2016-10-20T16:00Z","2016-10-25T11:30Z","NEON.LTR.BART072162.20161011","NEON.LTR.BART072162.20161011.TWI","NEON.DOC.001710vE","Twigs/branches",0.16,"N","","Pes0SJTi6mB/L3kaeuPRUby8XD59hvb8"
"b03b1d47-95f4-4b06-b221-308746704463","BART_046.basePlot.ltr","D01","BART","BART_046","BART_046_852","2016-10-31","2016-10-10","2016-10-24","2016-10-26T13:00Z","2016-11-01T11:30Z","NEON.LTR.BART046852.20161024","NEON.LTR.BART046852.20161024.FLR","NEON.DOC.001710vE","Flowers",0.03,"N","","Pes0SJTi6mB/L3kaeuPRUby8XD59hvb8"
"cf39f42e-49e0-41fc-a3b0-36d6a6270814","BART_046.basePlot.ltr","D01","BART","BART_046","BART_046_852","2016-10-31","2016-10-10","2016-10-24","2016-10-26T13:00Z","2016-11-01T11:30Z","NEON.LTR.BART046852.20161024","NEON.LTR.BART046852.20161024.LVS","NEON.DOC.001710vE","Leaves",74.98,"N","","Pes0SJTi6mB/L3kaeuPRUby8XD59hvb8"
"d32c3a95-7f19-4fbe-bef3-73ab06bb94db","BART_046.basePlot.ltr","D01","BART","BART_046","BART_046_852","2016-10-31","2016-10-10","2016-10-24","2016-10-26T13:00Z","2016-11-01T11:30Z","NEON.LTR.BART046852.20161024","NEON.LTR.BART046852.20161024.WDY","NEON.DOC.001710vE","Woody material",0.03,"N","","Pes0SJTi6mB/L3kaeuPRUby8XD59hvb8"
"e4472958-8f35-49a7-b485-c6ee3c84c063","BART_074.basePlot.ltr","D01","BART","BART_074","BART_074_555","2016-10-31","2016-10-10","2016-10-24","2016-10-26T13:00Z","2016-11-01T11:30Z","NEON.LTR.BART074555.20161024","NEON.LTR.BART074555.20161024.OTH","NEON.DOC.001710vE","Other",0.18,"N","","Pes0SJTi6mB/L3kaeuPRUby8XD59hvb8"
"febbc282-a33d-41fc-919c-def1948bd007","BART_074.basePlot.ltr","D01","BART","BART_074","BART_074_555","2016-10-31","2016-10-10","2016-10-24","2016-10-26T13:00Z","2016-11-01T11:30Z","NEON.LTR.BART074555.20161024","NEON.LTR.BART074555.20161024.FLR","NEON.DOC.001710vE","Flowers",0,"N","","Pes0SJTi6mB/L3kaeuPRUby8XD59hvb8"
"5b8106c3-2b82-4d9c-b361-fd5c0cbc2340","BART_074.basePlot.ltr","D01","BART","BART_074","BART_074_555","2016-10-31","2016-10-10","2016-10-24","2016-10-26T13:00Z","2016-11-01T11:30Z","NEON.LTR.BART074555.20161024","NEON.LTR.BART074555.20161024.TWI","NEON.DOC.001710vE","Twigs/branches",0.27,"N","","Pes0SJTi6mB/L3kaeuPRUby8XD59hvb8"
"22f2fe8f-c334-4c43-92e9-04de1d942b88","BART_074.basePlot.ltr","D01","BART","BART_074","BART_074_555","2016-10-31","2016-10-10","2016-10-24","2016-10-26T13:00Z","2016-11-01T11:30Z","NEON.LTR.BART074555.20161024","NEON.LTR.BART074555.20161024.WDY","NEON.DOC.001710vE","Woody material",0.03,"N","","Pes0SJTi6mB/L3kaeuPRUby8XD59hvb8"
"3c2f3671-f2bb-4fac-be74-ffdf1bce579c","BART_074.basePlot.ltr","D01","BART","BART_074","BART_074_555","2016-10-31","2016-10-10","2016-10-24","2016-10-26T13:00Z","2016-11-01T11:30Z","NEON.LTR.BART074555.20161024","NEON.LTR.BART074555.20161024.NDL","NEON.DOC.001710vE","Needles",1.03,"N","","Pes0SJTi6mB/L3kaeuPRUby8XD59hvb8"
"35ac44e2-3985-411d-9c43-638360a5c130","BART_074.basePlot.ltr","D01","BART","BART_074","BART_074_555","2016-10-31","2016-10-10","2016-10-24","2016-10-26T13:00Z","2016-11-01T11:30Z","NEON.LTR.BART074555.20161024","NEON.LTR.BART074555.20161024.LVS","NEON.DOC.001710vE","Leaves",71.43,"N","","Pes0SJTi6mB/L3kaeuPRUby8XD59hvb8"
"458141c2-5f34-445e-8a39-83cab17c6df1","BART_074.basePlot.ltr","D01","BART","BART_074","BART_074_555","2016-10-31","2016-10-10","2016-10-24","2016-10-26T13:00Z","2016-11-01T11:30Z","NEON.LTR.BART074555.20161024","NEON.LTR.BART074555.20161024.SDS","NEON.DOC.001710vE","Seeds",0.005,"N","","Pes0SJTi6mB/L3kaeuPRUby8XD59hvb8"
"49202180-0556-4f0f-bc95-bb4b334e697d","BART_072.basePlot.ltr","D01","BART","BART_072","BART_072_567","2016-10-31","2016-10-10","2016-10-24","2016-10-26T13:00Z","2016-11-01T11:30Z","NEON.LTR.BART072567.20161024","NEON.LTR.BART072567.20161024.TWI","NEON.DOC.001710vE","Twigs/branches",1.61,"N","","Pes0SJTi6mB/L3kaeuPRUby8XD59hvb8"
"fddd0144-1e3b-4b60-b3ec-1c34e5a97f8b","BART_072.basePlot.ltr","D01","BART","BART_072","BART_072_567","2016-10-31","2016-10-10","2016-10-24","2016-10-26T13:00Z","2016-11-01T11:30Z","NEON.LTR.BART072567.20161024","NEON.LTR.BART072567.20161024.FLR","NEON.DOC.001710vE","Flowers",0.005,"N","","Pes0SJTi6mB/L3kaeuPRUby8XD59hvb8"
"20f3b439-4ffa-4456-8307-8e2cb481e521","BART_072.basePlot.ltr","D01","BART","BART_072","BART_072_567","2016-10-31","2016-10-10","2016-10-24","2016-10-26T13:00Z","2016-11-01T11:30Z","NEON.LTR.BART072567.20161024","NEON.LTR.BART072567.20161024.NDL","NEON.DOC.001710vE","Needles",3.33,"N","","Pes0SJTi6mB/L3kaeuPRUby8XD59hvb8"
"36748fbf-ffcc-4055-8766-8806c963d5c4","BART_072.basePlot.ltr","D01","BART","BART_072","BART_072_567","2016-10-31","2016-10-10","2016-10-24","2016-10-26T13:00Z","2016-11-01T11:30Z","NEON.LTR.BART072567.20161024","NEON.LTR.BART072567.20161024.LVS","NEON.DOC.001710vE","Leaves",54.05,"N","","Pes0SJTi6mB/L3kaeuPRUby8XD59hvb8"
"156035a1-0099-4965-8799-73f4a591606b","BART_072.basePlot.ltr","D01","BART","BART_072","BART_072_567","2016-10-31","2016-10-10","2016-10-24","2016-10-26T13:00Z","2016-11-01T11:30Z","NEON.LTR.BART072567.20161024","NEON.LTR.BART072567.20161024.OTH","NEON.DOC.001710vE","Other",0.23,"N","","Pes0SJTi6mB/L3kaeuPRUby8XD59hvb8"
"bac7d0e1-7833-4413-a579-951a188f83ff","BART_050.basePlot.ltr","D01","BART","BART_050","BART_050_046","2016-10-31","2016-10-10","2016-10-24","2016-10-26T13:00Z","2016-11-01T11:30Z","NEON.LTR.BART050046.20161024","NEON.LTR.BART050046.20161024.FLR","NEON.DOC.001710vE","Flowers",0.005,"N","","Pes0SJTi6mB/L3kaeuPRUby8XD59hvb8"
"deb03c3a-08c8-4272-b2fc-5729bd82af82","BART_072.basePlot.ltr","D01","BART","BART_072","BART_072_567","2016-10-31","2016-10-10","2016-10-24","2016-10-26T13:00Z","2016-11-01T11:30Z","NEON.LTR.BART072567.20161024","NEON.LTR.BART072567.20161024.SDS","NEON.DOC.001710vE","Seeds",0.005,"N","","Pes0SJTi6mB/L3kaeuPRUby8XD59hvb8"
"337ff4a0-e508-4799-9b69-4904ee705242","BART_072.basePlot.ltr","D01","BART","BART_072","BART_072_567","2016-10-31","2016-10-10","2016-10-24","2016-10-26T13:00Z","2016-11-01T11:30Z","NEON.LTR.BART072567.20161024","NEON.LTR.BART072567.20161024.WDY","NEON.DOC.001710vE","Woody material",0.05,"N","","Pes0SJTi6mB/L3kaeuPRUby8XD59hvb8"
"2b8af312-0771-48bf-b358-1c45c7e079e8","BART_050.basePlot.ltr","D01","BART","BART_050","BART_050_046","2016-10-31","2016-10-10","2016-10-24","2016-10-26T13:00Z","2016-11-01T11:30Z","NEON.LTR.BART050046.20161024","NEON.LTR.BART050046.20161024.OTH","NEON.DOC.001710vE","Other",1.29,"N","","Pes0SJTi6mB/L3kaeuPRUby8XD59hvb8"
"c9cf45f6-082f-451b-886e-9adccf6bcb1f","BART_050.basePlot.ltr","D01","BART","BART_050","BART_050_046","2016-10-31","2016-10-10","2016-10-24","2016-10-26T13:00Z","2016-11-01T11:30Z","NEON.LTR.BART050046.20161024","NEON.LTR.BART050046.20161024.TWI","NEON.DOC.001710vE","Twigs/branches",9.04,"Y","","Pes0SJTi6mB/L3kaeuPRUby8XD59hvb8"
"f7101198-32db-4d6c-98f2-ae8324e8ed09","BART_050.basePlot.ltr","D01","BART","BART_050","BART_050_046","2016-10-31","2016-10-10","2016-10-24","2016-10-26T13:00Z","2016-11-01T11:30Z","NEON.LTR.BART050046.20161024","NEON.LTR.BART050046.20161024.WDY","NEON.DOC.001710vE","Woody material",0.17,"N","","Pes0SJTi6mB/L3kaeuPRUby8XD59hvb8"
"1790c55c-3314-4cc7-b56e-521ec5831739","BART_050.basePlot.ltr","D01","BART","BART_050","BART_050_046","2016-10-31","2016-10-10","2016-10-24","2016-10-26T13:00Z","2016-11-01T11:30Z","NEON.LTR.BART050046.20161024","NEON.LTR.BART050046.20161024.SDS","NEON.DOC.001710vE","Seeds",0.04,"N","","Pes0SJTi6mB/L3kaeuPRUby8XD59hvb8"
"30ca0ef3-8b26-460a-a3f4-d9c3015134af","BART_050.basePlot.ltr","D01","BART","BART_050","BART_050_046","2016-10-31","2016-10-10","2016-10-24","2016-10-26T13:00Z","2016-11-01T11:30Z","NEON.LTR.BART050046.20161024","NEON.LTR.BART050046.20161024.LVS","NEON.DOC.001710vE","Leaves",39.97,"N","","Pes0SJTi6mB/L3kaeuPRUby8XD59hvb8"
"1f8374f5-99dd-414a-b729-e3be1dbaccb0","BART_050.basePlot.ltr","D01","BART","BART_050","BART_050_046","2016-10-31","2016-10-10","2016-10-24","2016-10-26T13:00Z","2016-11-01T11:30Z","NEON.LTR.BART050046.20161024","NEON.LTR.BART050046.20161024.NDL","NEON.DOC.001710vE","Needles",6.51,"N","","Pes0SJTi6mB/L3kaeuPRUby8XD59hvb8"
"de79c406-1c04-4971-8fbb-61ed48dadefd","BART_032.basePlot.ltr","D01","BART","BART_032","BART_032_293","2016-10-31","2016-10-10","2016-10-24","2016-10-26T13:00Z","2016-11-01T11:30Z","NEON.LTR.BART032293.20161024","NEON.LTR.BART032293.20161024.FLR","NEON.DOC.001710vE","Flowers",0,"N","","Pes0SJTi6mB/L3kaeuPRUby8XD59hvb8"
"c594e11b-ac11-410f-9d8e-5a1d289ee73a","BART_032.basePlot.ltr","D01","BART","BART_032","BART_032_293","2016-10-31","2016-10-10","2016-10-24","2016-10-26T13:00Z","2016-11-01T11:30Z","NEON.LTR.BART032293.20161024","NEON.LTR.BART032293.20161024.TWI","NEON.DOC.001710vE","Twigs/branches",1.18,"N","","Pes0SJTi6mB/L3kaeuPRUby8XD59hvb8"
"6593cd15-e980-47c3-8bb7-26712db1c3e4","BART_032.basePlot.ltr","D01","BART","BART_032","BART_032_293","2016-10-31","2016-10-10","2016-10-24","2016-10-26T13:00Z","2016-11-01T11:30Z","NEON.LTR.BART032293.20161024","NEON.LTR.BART032293.20161024.OTH","NEON.DOC.001710vE","Other",0.93,"N","","Pes0SJTi6mB/L3kaeuPRUby8XD59hvb8"
"faf1ea8e-2982-42a4-966f-a2567c04fcd6","BART_032.basePlot.ltr","D01","BART","BART_032","BART_032_293","2016-10-31","2016-10-10","2016-10-24","2016-10-26T13:00Z","2016-11-01T11:30Z","NEON.LTR.BART032293.20161024","NEON.LTR.BART032293.20161024.NDL","NEON.DOC.001710vE","Needles",1.46,"N","","Pes0SJTi6mB/L3kaeuPRUby8XD59hvb8"
"00d9f2d1-f708-4cad-98cc-04ad95be0734","BART_071.basePlot.ltr","D01","BART","BART_071","BART_071_382","2016-10-31","2016-10-10","2016-10-24","2016-10-26T13:00Z","2016-11-01T11:30Z","NEON.LTR.BART071382.20161024","NEON.LTR.BART071382.20161024.SDS","NEON.DOC.001710vE","Seeds",0.11,"N","","Pes0SJTi6mB/L3kaeuPRUby8XD59hvb8"
"aced3669-c882-4192-b72a-c193b98cdabd","BART_071.basePlot.ltr","D01","BART","BART_071","BART_071_382","2016-10-31","2016-10-10","2016-10-24","2016-10-26T13:00Z","2016-11-01T11:30Z","NEON.LTR.BART071382.20161024","NEON.LTR.BART071382.20161024.TWI","NEON.DOC.001710vE","Twigs/branches",0.94,"N","","Pes0SJTi6mB/L3kaeuPRUby8XD59hvb8"
"f5050296-63a5-4d0a-be55-946c2b359d14","BART_071.basePlot.ltr","D01","BART","BART_071","BART_071_382","2016-10-31","2016-10-10","2016-10-24","2016-10-26T13:00Z","2016-11-01T11:30Z","NEON.LTR.BART071382.20161024","NEON.LTR.BART071382.20161024.FLR","NEON.DOC.001710vE","Flowers",0.005,"N","","Pes0SJTi6mB/L3kaeuPRUby8XD59hvb8"
"600260f5-9ed8-4b2b-8a47-5b6c83d6c0be","BART_071.basePlot.ltr","D01","BART","BART_071","BART_071_382","2016-10-31","2016-10-10","2016-10-24","2016-10-26T13:00Z","2016-11-01T11:30Z","NEON.LTR.BART071382.20161024","NEON.LTR.BART071382.20161024.OTH","NEON.DOC.001710vE","Other",0.25,"N","","Pes0SJTi6mB/L3kaeuPRUby8XD59hvb8"
"cd746763-694c-48e0-a25f-d05ddcced2d4","BART_071.basePlot.ltr","D01","BART","BART_071","BART_071_382","2016-10-31","2016-10-10","2016-10-24","2016-10-26T13:00Z","2016-11-01T11:30Z","NEON.LTR.BART071382.20161024","NEON.LTR.BART071382.20161024.WDY","NEON.DOC.001710vE","Woody material",0.41,"Y","","Pes0SJTi6mB/L3kaeuPRUby8XD59hvb8"
"98217678-9554-4974-ba7e-cbbef6ba3b40","BART_071.basePlot.ltr","D01","BART","BART_071","BART_071_382","2016-10-31","2016-10-10","2016-10-24","2016-10-26T13:00Z","2016-11-01T11:30Z","NEON.LTR.BART071382.20161024","NEON.LTR.BART071382.20161024.NDL","NEON.DOC.001710vE","Needles",4.23,"N","","Pes0SJTi6mB/L3kaeuPRUby8XD59hvb8"
"a27f8426-4415-417e-9574-5af34005ed9e","BART_071.basePlot.ltr","D01","BART","BART_071","BART_071_382","2016-10-31","2016-10-10","2016-10-24","2016-10-26T13:00Z","2016-11-01T11:30Z","NEON.LTR.BART071382.20161024","NEON.LTR.BART071382.20161024.LVS","NEON.DOC.001710vE","Leaves",52.39,"N","","Pes0SJTi6mB/L3kaeuPRUby8XD59hvb8"
"635cd2dd-df10-4058-ae69-45e46934791c","BART_070.basePlot.ltr","D01","BART","BART_070","BART_070_790","2016-10-31","2016-10-10","2016-10-24","2016-10-26T13:00Z","2016-11-01T11:30Z","NEON.LTR.BART070790.20161024","NEON.LTR.BART070790.20161024.SDS","NEON.DOC.001710vE","Seeds",0.02,"Y","","Pes0SJTi6mB/L3kaeuPRUby8XD59hvb8"
"7a905622-1f8e-477e-bce0-b9155d7cd4a1","BART_070.basePlot.ltr","D01","BART","BART_070","BART_070_790","2016-10-31","2016-10-10","2016-10-24","2016-10-26T13:00Z","2016-11-01T11:30Z","NEON.LTR.BART070790.20161024","NEON.LTR.BART070790.20161024.WDY","NEON.DOC.001710vE","Woody material",0.07,"N","","Pes0SJTi6mB/L3kaeuPRUby8XD59hvb8"
"efd0feaa-d02b-40ba-91a1-2f977d2a747a","BART_070.basePlot.ltr","D01","BART","BART_070","BART_070_790","2016-10-31","2016-10-10","2016-10-24","2016-10-26T13:00Z","2016-11-01T11:30Z","NEON.LTR.BART070790.20161024","NEON.LTR.BART070790.20161024.NDL","NEON.DOC.001710vE","Needles",0.91,"Y","","Pes0SJTi6mB/L3kaeuPRUby8XD59hvb8"
"622c0f24-c305-4f11-a4ad-9cd7cff28b38","BART_033.basePlot.ltr","D01","BART","BART_033","BART_033_453","2016-10-31","2016-10-10","2016-10-24","2016-10-26T13:00Z","2016-11-01T11:30Z","NEON.LTR.BART033453.20161024","NEON.LTR.BART033453.20161024.TWI","NEON.DOC.001710vE","Twigs/branches",0.02,"Y","","Pes0SJTi6mB/L3kaeuPRUby8XD59hvb8"
"f06874f3-faa8-445b-9dd4-c555f15b79a9","BART_070.basePlot.ltr","D01","BART","BART_070","BART_070_790","2016-10-31","2016-10-10","2016-10-24","2016-10-26T13:00Z","2016-11-01T11:30Z","NEON.LTR.BART070790.20161024","NEON.LTR.BART070790.20161024.TWI","NEON.DOC.001710vE","Twigs/branches",0.78,"N","","Pes0SJTi6mB/L3kaeuPRUby8XD59hvb8"
"a0237bfd-4063-489b-8f22-1315a6db241c","BART_033.basePlot.ltr","D01","BART","BART_033","BART_033_453","2016-10-31","2016-10-10","2016-10-24","2016-10-26T13:00Z","2016-11-01T11:30Z","NEON.LTR.BART033453.20161024","NEON.LTR.BART033453.20161024.SDS","NEON.DOC.001710vE","Seeds",0.005,"N","","Pes0SJTi6mB/L3kaeuPRUby8XD59hvb8"
"f111008b-1c90-4dc6-82c7-7aa3a656688d","BART_033.basePlot.ltr","D01","BART","BART_033","BART_033_453","2016-10-31","2016-10-10","2016-10-24","2016-10-26T13:00Z","2016-11-01T11:30Z","NEON.LTR.BART033453.20161024","NEON.LTR.BART033453.20161024.WDY","NEON.DOC.001710vE","Woody material",5.17,"N","","Pes0SJTi6mB/L3kaeuPRUby8XD59hvb8"
"5b2c33e9-bb20-4267-b9b5-686847441c78","BART_033.basePlot.ltr","D01","BART","BART_033","BART_033_453","2016-10-31","2016-10-10","2016-10-24","2016-10-26T13:00Z","2016-11-01T11:30Z","NEON.LTR.BART033453.20161024","NEON.LTR.BART033453.20161024.LVS","NEON.DOC.001710vE","Leaves",65.99,"Y","","Pes0SJTi6mB/L3kaeuPRUby8XD59hvb8"
"f1c1bdb8-1b9c-4410-8d84-ad9bb2c11666","BART_070.basePlot.ltr","D01","BART","BART_070","BART_070_790","2016-10-31","2016-10-10","2016-10-24","2016-10-26T13:00Z","2016-11-01T11:30Z","NEON.LTR.BART070790.20161024","NEON.LTR.BART070790.20161024.LVS","NEON.DOC.001710vE","Leaves",39.15,"Y","","Pes0SJTi6mB/L3kaeuPRUby8XD59hvb8"
"bda6f445-120d-4acd-980b-90ee381ea79a","BART_033.basePlot.ltr","D01","BART","BART_033","BART_033_453","2016-10-31","2016-10-10","2016-10-24","2016-10-26T13:00Z","2016-11-01T11:30Z","NEON.LTR.BART033453.20161024","NEON.LTR.BART033453.20161024.OTH","NEON.DOC.001710vE","Other",0.11,"N","","Pes0SJTi6mB/L3kaeuPRUby8XD59hvb8"
"22e6abb5-aefd-45bd-a656-20bf8209dede","BART_033.basePlot.ltr","D01","BART","BART_033","BART_033_453","2016-10-31","2016-10-10","2016-10-24","2016-10-26T13:00Z","2016-11-01T11:30Z","NEON.LTR.BART033453.20161024","NEON.LTR.BART033453.20161024.FLR","NEON.DOC.001710vE","Flowers",0,"N","","Pes0SJTi6mB/L3kaeuPRUby8XD59hvb8"
"09a01c8e-4dbc-4152-bf1d-e854fb7a63d3","BART_070.basePlot.ltr","D01","BART","BART_070","BART_070_790","2016-10-31","2016-10-10","2016-10-24","2016-10-26T13:00Z","2016-11-01T11:30Z","NEON.LTR.BART070790.20161024","NEON.LTR.BART070790.20161024.FLR","NEON.DOC.001710vE","Flowers",0.005,"Y","","Pes0SJTi6mB/L3kaeuPRUby8XD59hvb8"
"98363136-32e3-4620-a248-4e890938b448","BART_070.basePlot.ltr","D01","BART","BART_070","BART_070_790","2016-10-31","2016-10-10","2016-10-24","2016-10-26T13:00Z","2016-11-01T11:30Z","NEON.LTR.BART070790.20161024","NEON.LTR.BART070790.20161024.OTH","NEON.DOC.001710vE","Other",3.93,"Y","","Pes0SJTi6mB/L3kaeuPRUby8XD59hvb8"
"85e5dccf-25ab-405e-88bd-4dc28fd4d815","BART_033.basePlot.ltr","D01","BART","BART_033","BART_033_453","2016-10-31","2016-10-10","2016-10-24","2016-10-26T13:00Z","2016-11-01T11:30Z","NEON.LTR.BART033453.20161024","NEON.LTR.BART033453.20161024.NDL","NEON.DOC.001710vE","Needles",0.11,"N","","Pes0SJTi6mB/L3kaeuPRUby8XD59hvb8"
"c3e3ade6-fdd6-4792-aa59-7b8d7fff8989","BART_042.basePlot.ltr","D01","BART","BART_042","BART_042_587","2016-10-31","2016-10-10","2016-10-24","2016-10-26T13:00Z","2016-11-01T11:30Z","NEON.LTR.BART042587.20161024","NEON.LTR.BART042587.20161024.NDL","NEON.DOC.001710vE","Needles",2.75,"N","","Pes0SJTi6mB/L3kaeuPRUby8XD59hvb8"
"1906e1c0-946c-45b8-816f-7b78bd842a1e","BART_042.basePlot.ltr","D01","BART","BART_042","BART_042_587","2016-10-31","2016-10-10","2016-10-24","2016-10-26T13:00Z","2016-11-01T11:30Z","NEON.LTR.BART042587.20161024","NEON.LTR.BART042587.20161024.FLR","NEON.DOC.001710vE","Flowers",0.005,"N","","Pes0SJTi6mB/L3kaeuPRUby8XD59hvb8"
"ecf6bead-10c7-42bc-97c3-5396b00a36b3","BART_042.basePlot.ltr","D01","BART","BART_042","BART_042_587","2016-10-31","2016-10-10","2016-10-24","2016-10-26T13:00Z","2016-11-01T11:30Z","NEON.LTR.BART042587.20161024","NEON.LTR.BART042587.20161024.LVS","NEON.DOC.001710vE","Leaves",103.67,"N","","Pes0SJTi6mB/L3kaeuPRUby8XD59hvb8"
"0bed190e-5559-429a-8482-f267814c987a","BART_042.basePlot.ltr","D01","BART","BART_042","BART_042_587","2016-10-31","2016-10-10","2016-10-24","2016-10-26T13:00Z","2016-11-01T11:30Z","NEON.LTR.BART042587.20161024","NEON.LTR.BART042587.20161024.TWI","NEON.DOC.001710vE","Twigs/branches",0.24,"N","","Pes0SJTi6mB/L3kaeuPRUby8XD59hvb8"
"4d3d95cd-df60-4e4d-855b-941aec8fe529","BART_042.basePlot.ltr","D01","BART","BART_042","BART_042_587","2016-10-31","2016-10-10","2016-10-24","2016-10-26T13:00Z","2016-11-01T11:30Z","NEON.LTR.BART042587.20161024","NEON.LTR.BART042587.20161024.SDS","NEON.DOC.001710vE","Seeds",0.02,"N","","Pes0SJTi6mB/L3kaeuPRUby8XD59hvb8"
"56527df0-5331-41b1-8e18-fb4e09ba89fc","BART_042.basePlot.ltr","D01","BART","BART_042","BART_042_587","2016-10-31","2016-10-10","2016-10-24","2016-10-26T13:00Z","2016-11-01T11:30Z","NEON.LTR.BART042587.20161024","NEON.LTR.BART042587.20161024.WDY","NEON.DOC.001710vE","Woody material",0.29,"N","","Pes0SJTi6mB/L3kaeuPRUby8XD59hvb8"
"e541345c-a67c-4ae7-85f0-ebc7799686fd","BART_042.basePlot.ltr","D01","BART","BART_042","BART_042_587","2016-10-31","2016-10-10","2016-10-24","2016-10-26T13:00Z","2016-11-01T11:30Z","NEON.LTR.BART042587.20161024","NEON.LTR.BART042587.20161024.OTH","NEON.DOC.001710vE","Other",0.41,"N","","Pes0SJTi6mB/L3kaeuPRUby8XD59hvb8"
"f26c4a01-702b-43ca-a015-77193490dcae","BART_044.basePlot.ltr","D01","BART","BART_044","BART_044_531","2016-10-31","2016-10-10","2016-10-24","2016-10-26T13:00Z","2016-11-01T11:30Z","NEON.LTR.BART044531.20161024","NEON.LTR.BART044531.20161024.OTH","NEON.DOC.001710vE","Other",0.005,"N","","Pes0SJTi6mB/L3kaeuPRUby8XD59hvb8"
"d2c92be5-34fa-45f3-bc93-882a25863116","BART_044.basePlot.ltr","D01","BART","BART_044","BART_044_531","2016-10-31","2016-10-10","2016-10-24","2016-10-26T13:00Z","2016-11-01T11:30Z","NEON.LTR.BART044531.20161024","NEON.LTR.BART044531.20161024.SDS","NEON.DOC.001710vE","Seeds",0.005,"N","","Pes0SJTi6mB/L3kaeuPRUby8XD59hvb8"
"2664bfcd-aeea-46a3-96d6-07f29ca27dc6","BART_044.basePlot.ltr","D01","BART","BART_044","BART_044_531","2016-10-31","2016-10-10","2016-10-24","2016-10-26T13:00Z","2016-11-01T11:30Z","NEON.LTR.BART044531.20161024","NEON.LTR.BART044531.20161024.FLR","NEON.DOC.001710vE","Flowers",0.005,"N","","Pes0SJTi6mB/L3kaeuPRUby8XD59hvb8"
"095d2d06-b93a-4b13-ae34-53290ac4cb25","BART_044.basePlot.ltr","D01","BART","BART_044","BART_044_531","2016-10-31","2016-10-10","2016-10-24","2016-10-26T13:00Z","2016-11-01T11:30Z","NEON.LTR.BART044531.20161024","NEON.LTR.BART044531.20161024.TWI","NEON.DOC.001710vE","Twigs/branches",0.08,"N","","Pes0SJTi6mB/L3kaeuPRUby8XD59hvb8"
"34aa284f-2fe1-444d-ba52-85f7c6a31e28","BART_044.basePlot.ltr","D01","BART","BART_044","BART_044_531","2016-10-31","2016-10-10","2016-10-24","2016-10-26T13:00Z","2016-11-01T11:30Z","NEON.LTR.BART044531.20161024","NEON.LTR.BART044531.20161024.WDY","NEON.DOC.001710vE","Woody material",0.08,"N","","Pes0SJTi6mB/L3kaeuPRUby8XD59hvb8"
"78604bf1-cc50-4c0c-a80d-b2e268aed1f1","BART_044.basePlot.ltr","D01","BART","BART_044","BART_044_531","2016-10-31","2016-10-10","2016-10-24","2016-10-26T13:00Z","2016-11-01T11:30Z","NEON.LTR.BART044531.20161024","NEON.LTR.BART044531.20161024.LVS","NEON.DOC.001710vE","Leaves",67.91,"N","","Pes0SJTi6mB/L3kaeuPRUby8XD59hvb8"
"ba63da16-9eda-4322-9710-1c9704f68c4b","BART_044.basePlot.ltr","D01","BART","BART_044","BART_044_531","2016-10-31","2016-10-10","2016-10-24","2016-10-26T13:00Z","2016-11-01T11:30Z","NEON.LTR.BART044531.20161024","NEON.LTR.BART044531.20161024.NDL","NEON.DOC.001710vE","Needles",0.19,"N","","Pes0SJTi6mB/L3kaeuPRUby8XD59hvb8"
"e3c746dc-cccc-47c6-b875-8222ea25e983","BART_034.basePlot.ltr","D01","BART","BART_034","BART_034_451","2016-10-31","2016-10-10","2016-10-24","2016-10-26T13:00Z","2016-11-01T11:30Z","NEON.LTR.BART034451.20161024","NEON.LTR.BART034451.20161024.FLR","NEON.DOC.001710vE","Flowers",0.005,"N","","Pes0SJTi6mB/L3kaeuPRUby8XD59hvb8"
"aa901051-56c9-4d96-a44a-7e929e613b6d","BART_034.basePlot.ltr","D01","BART","BART_034","BART_034_451","2016-10-31","2016-10-10","2016-10-24","2016-10-26T13:00Z","2016-11-01T11:30Z","NEON.LTR.BART034451.20161024","NEON.LTR.BART034451.20161024.TWI","NEON.DOC.001710vE","Twigs/branches",0.09,"N","","Pes0SJTi6mB/L3kaeuPRUby8XD59hvb8"
"175d0012-bd00-47a6-b9cb-29503ece7f1c","BART_034.basePlot.ltr","D01","BART","BART_034","BART_034_451","2016-10-31","2016-10-10","2016-10-24","2016-10-26T13:00Z","2016-11-01T11:30Z","NEON.LTR.BART034451.20161024","NEON.LTR.BART034451.20161024.NDL","NEON.DOC.001710vE","Needles",0.68,"N","","Pes0SJTi6mB/L3kaeuPRUby8XD59hvb8"
"2ec3175b-ea74-4b9e-a366-ed11cb1c0b71","BART_034.basePlot.ltr","D01","BART","BART_034","BART_034_451","2016-10-31","2016-10-10","2016-10-24","2016-10-26T13:00Z","2016-11-01T11:30Z","NEON.LTR.BART034451.20161024","NEON.LTR.BART034451.20161024.LVS","NEON.DOC.001710vE","Leaves",65.6,"N","","Pes0SJTi6mB/L3kaeuPRUby8XD59hvb8"
"de63b821-922b-4525-a983-440d1bf82213","BART_050.basePlot.ltr","D01","BART","BART_050","BART_050_808","2016-10-31","2016-10-10","2016-10-24","2016-10-26T13:00Z","2016-11-01T11:30Z","NEON.LTR.BART050808.20161024","NEON.LTR.BART050808.20161024.OTH","NEON.DOC.001710vE","Other",5.96,"N","","Pes0SJTi6mB/L3kaeuPRUby8XD59hvb8"
"bfc42a39-0f25-4da0-8bba-980fdda991d3","BART_034.basePlot.ltr","D01","BART","BART_034","BART_034_451","2016-10-31","2016-10-10","2016-10-24","2016-10-26T13:00Z","2016-11-01T11:30Z","NEON.LTR.BART034451.20161024","NEON.LTR.BART034451.20161024.SDS","NEON.DOC.001710vE","Seeds",0.005,"N","","Pes0SJTi6mB/L3kaeuPRUby8XD59hvb8"
"37b390f3-66fb-466e-b18a-4b997697d458","BART_034.basePlot.ltr","D01","BART","BART_034","BART_034_451","2016-10-31","2016-10-10","2016-10-24","2016-10-26T13:00Z","2016-11-01T11:30Z","NEON.LTR.BART034451.20161024","NEON.LTR.BART034451.20161024.WDY","NEON.DOC.001710vE","Woody material",0,"N","","Pes0SJTi6mB/L3kaeuPRUby8XD59hvb8"
"63dd2c9a-b8fd-4c20-85fc-3563343d016f","BART_034.basePlot.ltr","D01","BART","BART_034","BART_034_451","2016-10-31","2016-10-10","2016-10-24","2016-10-26T13:00Z","2016-11-01T11:30Z","NEON.LTR.BART034451.20161024","NEON.LTR.BART034451.20161024.OTH","NEON.DOC.001710vE","Other",3.37,"N","","Pes0SJTi6mB/L3kaeuPRUby8XD59hvb8"
"16f0f632-97f7-4cd3-8569-34da37dfa404","BART_050.basePlot.ltr","D01","BART","BART_050","BART_050_808","2016-10-31","2016-10-10","2016-10-24","2016-10-26T13:00Z","2016-11-01T11:30Z","NEON.LTR.BART050808.20161024","NEON.LTR.BART050808.20161024.WDY","NEON.DOC.001710vE","Woody material",0,"N","","Pes0SJTi6mB/L3kaeuPRUby8XD59hvb8"
"23bf8925-fa80-4ba7-a470-71f51c1713fb","BART_050.basePlot.ltr","D01","BART","BART_050","BART_050_808","2016-10-31","2016-10-10","2016-10-24","2016-10-26T13:00Z","2016-11-01T11:30Z","NEON.LTR.BART050808.20161024","NEON.LTR.BART050808.20161024.SDS","NEON.DOC.001710vE","Seeds",0.005,"N","","Pes0SJTi6mB/L3kaeuPRUby8XD59hvb8"
"9a5780ab-4a89-4366-b7d9-26b0ce5d5811","BART_050.basePlot.ltr","D01","BART","BART_050","BART_050_808","2016-10-31","2016-10-10","2016-10-24","2016-10-26T13:00Z","2016-11-01T11:30Z","NEON.LTR.BART050808.20161024","NEON.LTR.BART050808.20161024.FLR","NEON.DOC.001710vE","Flowers",0,"N","","Pes0SJTi6mB/L3kaeuPRUby8XD59hvb8"
"858b2148-8675-44a8-8aec-bd3e4702bc93","BART_050.basePlot.ltr","D01","BART","BART_050","BART_050_808","2016-10-31","2016-10-10","2016-10-24","2016-10-26T13:00Z","2016-11-01T11:30Z","NEON.LTR.BART050808.20161024","NEON.LTR.BART050808.20161024.TWI","NEON.DOC.001710vE","Twigs/branches",0.2,"N","","Pes0SJTi6mB/L3kaeuPRUby8XD59hvb8"
"837c262f-21fe-4131-a715-9486ab38efd2","BART_050.basePlot.ltr","D01","BART","BART_050","BART_050_808","2016-10-31","2016-10-10","2016-10-24","2016-10-26T13:00Z","2016-11-01T11:30Z","NEON.LTR.BART050808.20161024","NEON.LTR.BART050808.20161024.LVS","NEON.DOC.001710vE","Leaves",54.06,"N","","Pes0SJTi6mB/L3kaeuPRUby8XD59hvb8"
"74f0ee44-3530-4370-a8c5-91cbc1b8d50b","BART_050.basePlot.ltr","D01","BART","BART_050","BART_050_808","2016-10-31","2016-10-10","2016-10-24","2016-10-26T13:00Z","2016-11-01T11:30Z","NEON.LTR.BART050808.20161024","NEON.LTR.BART050808.20161024.NDL","NEON.DOC.001710vE","Needles",1.4,"N","","Pes0SJTi6mB/L3kaeuPRUby8XD59hvb8"
"b427f3e8-ce44-4659-941d-97b0a85e505d","BART_047.basePlot.ltr","D01","BART","BART_047","BART_047_046","2016-10-31","2016-10-10","2016-10-24","2016-10-26T13:00Z","2016-11-01T11:30Z","NEON.LTR.BART047046.20161024","NEON.LTR.BART047046.20161024.TWI","NEON.DOC.001710vE","Twigs/branches",0.24,"N","","Pes0SJTi6mB/L3kaeuPRUby8XD59hvb8"
"24e198ac-f8dd-4c57-833b-853105ca07ca","BART_047.basePlot.ltr","D01","BART","BART_047","BART_047_046","2016-10-31","2016-10-10","2016-10-24","2016-10-26T13:00Z","2016-11-01T11:30Z","NEON.LTR.BART047046.20161024","NEON.LTR.BART047046.20161024.LVS","NEON.DOC.001710vE","Leaves",93.89,"N","","Pes0SJTi6mB/L3kaeuPRUby8XD59hvb8"
"e011f439-31d4-496b-b732-e5375fa1ac3e","BART_047.basePlot.ltr","D01","BART","BART_047","BART_047_046","2016-10-31","2016-10-10","2016-10-24","2016-10-26T13:00Z","2016-11-01T11:30Z","NEON.LTR.BART047046.20161024","NEON.LTR.BART047046.20161024.SDS","NEON.DOC.001710vE","Seeds",0.005,"N","","Pes0SJTi6mB/L3kaeuPRUby8XD59hvb8"
"5f50da63-ca92-46fb-b467-beff84f5aba0","BART_047.basePlot.ltr","D01","BART","BART_047","BART_047_046","2016-10-31","2016-10-10","2016-10-24","2016-10-26T13:00Z","2016-11-01T11:30Z","NEON.LTR.BART047046.20161024","NEON.LTR.BART047046.20161024.WDY","NEON.DOC.001710vE","Woody material",0.005,"N","","Pes0SJTi6mB/L3kaeuPRUby8XD59hvb8"
"8b0a48cb-5459-4001-8339-27f0dcba0dbb","BART_047.basePlot.ltr","D01","BART","BART_047","BART_047_046","2016-10-31","2016-10-10","2016-10-24","2016-10-26T13:00Z","2016-11-01T11:30Z","NEON.LTR.BART047046.20161024","NEON.LTR.BART047046.20161024.FLR","NEON.DOC.001710vE","Flowers",0,"N","","Pes0SJTi6mB/L3kaeuPRUby8XD59hvb8"
"785537d9-4ebd-4c01-92b2-944c257338b1","BART_047.basePlot.ltr","D01","BART","BART_047","BART_047_046","2016-10-31","2016-10-10","2016-10-24","2016-10-26T13:00Z","2016-11-01T11:30Z","NEON.LTR.BART047046.20161024","NEON.LTR.BART047046.20161024.OTH","NEON.DOC.001710vE","Other",4.41,"N","","Pes0SJTi6mB/L3kaeuPRUby8XD59hvb8"
"6ac2d1f4-7930-437b-99f1-5f22f8a7eff1","BART_047.basePlot.ltr","D01","BART","BART_047","BART_047_046","2016-10-31","2016-10-10","2016-10-24","2016-10-26T13:00Z","2016-11-01T11:30Z","NEON.LTR.BART047046.20161024","NEON.LTR.BART047046.20161024.NDL","NEON.DOC.001710vE","Needles",0.72,"N","","Pes0SJTi6mB/L3kaeuPRUby8XD59hvb8"
"cd0168c0-04aa-4ab6-b496-2b5350f08dc8","BART_046.basePlot.ltr","D01","BART","BART_046","BART_046_852","2016-10-31","2016-10-10","2016-10-24","2016-10-26T13:00Z","2016-11-01T11:30Z","NEON.LTR.BART046852.20161024","NEON.LTR.BART046852.20161024.SDS","NEON.DOC.001710vE","Seeds",0.005,"N","","Pes0SJTi6mB/L3kaeuPRUby8XD59hvb8"
"7dad8fc5-4059-42fc-89db-d2f79ee5f48e","BART_046.basePlot.ltr","D01","BART","BART_046","BART_046_852","2016-10-31","2016-10-10","2016-10-24","2016-10-26T13:00Z","2016-11-01T11:30Z","NEON.LTR.BART046852.20161024","NEON.LTR.BART046852.20161024.NDL","NEON.DOC.001710vE","Needles",0.36,"N","","Pes0SJTi6mB/L3kaeuPRUby8XD59hvb8"
"02fa9743-5202-4cd4-928a-3f6a919cb68b","BART_046.basePlot.ltr","D01","BART","BART_046","BART_046_852","2016-10-31","2016-10-10","2016-10-24","2016-10-26T13:00Z","2016-11-01T11:30Z","NEON.LTR.BART046852.20161024","NEON.LTR.BART046852.20161024.TWI","NEON.DOC.001710vE","Twigs/branches",0.2,"N","","Pes0SJTi6mB/L3kaeuPRUby8XD59hvb8"
"e8b7c4d4-5082-43ac-b130-6299c3dd1527","BART_046.basePlot.ltr","D01","BART","BART_046","BART_046_852","2016-10-31","2016-10-10","2016-10-24","2016-10-26T13:00Z","2016-11-01T11:30Z","NEON.LTR.BART046852.20161024","NEON.LTR.BART046852.20161024.OTH","NEON.DOC.001710vE","Other",0.06,"N","","Pes0SJTi6mB/L3kaeuPRUby8XD59hvb8"
"42470f59-fa51-408e-8be3-c29ff57fbbeb","BART_047.basePlot.ltr","D01","BART","BART_047","BART_047_864","2016-10-31","2016-10-10","2016-10-24","2016-10-26T13:00Z","2016-11-01T11:30Z","NEON.LTR.BART047864.20161024","NEON.LTR.BART047864.20161024.WDY","NEON.DOC.001710vE","Woody material",0.02,"N","","Pes0SJTi6mB/L3kaeuPRUby8XD59hvb8"
"6ddbb801-674f-4088-a252-b7d02bd020a8","BART_047.basePlot.ltr","D01","BART","BART_047","BART_047_864","2016-10-31","2016-10-10","2016-10-24","2016-10-26T13:00Z","2016-11-01T11:30Z","NEON.LTR.BART047864.20161024","NEON.LTR.BART047864.20161024.SDS","NEON.DOC.001710vE","Seeds",0.005,"N","","Pes0SJTi6mB/L3kaeuPRUby8XD59hvb8"
"182989c0-2b9d-45a2-ae00-c7292681e7ab","BART_041.basePlot.ltr","D01","BART","BART_041","BART_041_292","2016-10-31","2016-10-10","2016-10-24","2016-10-26T13:00Z","2016-11-01T11:30Z","NEON.LTR.BART041292.20161024","NEON.LTR.BART041292.20161024.NDL","NEON.DOC.001710vE","Needles",0.3,"N","","Pes0SJTi6mB/L3kaeuPRUby8XD59hvb8"
"0fb8a3cd-ec98-423e-95cb-b0538fb731be","BART_047.basePlot.ltr","D01","BART","BART_047","BART_047_864","2016-10-31","2016-10-10","2016-10-24","2016-10-26T13:00Z","2016-11-01T11:30Z","NEON.LTR.BART047864.20161024","NEON.LTR.BART047864.20161024.LVS","NEON.DOC.001710vE","Leaves",97.25,"N","","Pes0SJTi6mB/L3kaeuPRUby8XD59hvb8"
"d5fca49b-7f9f-42d9-bede-482e20bf13d0","BART_041.basePlot.ltr","D01","BART","BART_041","BART_041_292","2016-10-31","2016-10-10","2016-10-24","2016-10-26T13:00Z","2016-11-01T11:30Z","NEON.LTR.BART041292.20161024","NEON.LTR.BART041292.20161024.WDY","NEON.DOC.001710vE","Woody material",0.07,"Y","","Pes0SJTi6mB/L3kaeuPRUby8XD59hvb8"
"788eadf8-bf9a-4f5c-939c-52930d187842","BART_041.basePlot.ltr","D01","BART","BART_041","BART_041_292","2016-10-31","2016-10-10","2016-10-24","2016-10-26T13:00Z","2016-11-01T11:30Z","NEON.LTR.BART041292.20161024","NEON.LTR.BART041292.20161024.TWI","NEON.DOC.001710vE","Twigs/branches",0.19,"N","","Pes0SJTi6mB/L3kaeuPRUby8XD59hvb8"
"f6d11ed8-2b0f-4027-9891-25ef5823b1f4","BART_041.basePlot.ltr","D01","BART","BART_041","BART_041_292","2016-10-31","2016-10-10","2016-10-24","2016-10-26T13:00Z","2016-11-01T11:30Z","NEON.LTR.BART041292.20161024","NEON.LTR.BART041292.20161024.LVS","NEON.DOC.001710vE","Leaves",102.51,"N","","Pes0SJTi6mB/L3kaeuPRUby8XD59hvb8"
"90c064e7-7840-4bfe-aa6e-a82bc9a87d84","BART_047.basePlot.ltr","D01","BART","BART_047","BART_047_864","2016-10-31","2016-10-10","2016-10-24","2016-10-26T13:00Z","2016-11-01T11:30Z","NEON.LTR.BART047864.20161024","NEON.LTR.BART047864.20161024.OTH","NEON.DOC.001710vE","Other",0.13,"N","","Pes0SJTi6mB/L3kaeuPRUby8XD59hvb8"
"ba3bba56-0db9-4e97-9915-455a76fa9475","BART_047.basePlot.ltr","D01","BART","BART_047","BART_047_864","2016-10-31","2016-10-10","2016-10-24","2016-10-26T13:00Z","2016-11-01T11:30Z","NEON.LTR.BART047864.20161024","NEON.LTR.BART047864.20161024.NDL","NEON.DOC.001710vE","Needles",0.5,"N","","Pes0SJTi6mB/L3kaeuPRUby8XD59hvb8"
"181bd9a6-35d9-4da1-b64c-436ea0ec3d6a","BART_041.basePlot.ltr","D01","BART","BART_041","BART_041_292","2016-10-31","2016-10-10","2016-10-24","2016-10-26T13:00Z","2016-11-01T11:30Z","NEON.LTR.BART041292.20161024","NEON.LTR.BART041292.20161024.SDS","NEON.DOC.001710vE","Seeds",0.14,"N","","Pes0SJTi6mB/L3kaeuPRUby8XD59hvb8"
"828f0d92-422b-4410-b08c-11843983cfd1","BART_041.basePlot.ltr","D01","BART","BART_041","BART_041_292","2016-10-31","2016-10-10","2016-10-24","2016-10-26T13:00Z","2016-11-01T11:30Z","NEON.LTR.BART041292.20161024","NEON.LTR.BART041292.20161024.FLR","NEON.DOC.001710vE","Flowers",0,"N","","Pes0SJTi6mB/L3kaeuPRUby8XD59hvb8"
"30470dda-b981-44cd-971e-55eab33d1995","BART_047.basePlot.ltr","D01","BART","BART_047","BART_047_864","2016-10-31","2016-10-10","2016-10-24","2016-10-26T13:00Z","2016-11-01T11:30Z","NEON.LTR.BART047864.20161024","NEON.LTR.BART047864.20161024.TWI","NEON.DOC.001710vE","Twigs/branches",0.14,"Y","","Pes0SJTi6mB/L3kaeuPRUby8XD59hvb8"
"eb5acd8a-0ff0-4f08-87ee-d9c1e5438ff2","BART_071.basePlot.ltr","D01","BART","BART_071","BART_071_952","2016-10-31","2016-10-10","2016-10-24","2016-10-26T13:00Z","2016-11-01T11:30Z","NEON.LTR.BART071952.20161024","NEON.LTR.BART071952.20161024.WDY","NEON.DOC.001710vE","Woody material",0.03,"Y","","Pes0SJTi6mB/L3kaeuPRUby8XD59hvb8"
"51a04f06-b61f-44a1-8fc6-f911eb8d3211","BART_071.basePlot.ltr","D01","BART","BART_071","BART_071_952","2016-10-31","2016-10-10","2016-10-24","2016-10-26T13:00Z","2016-11-01T11:30Z","NEON.LTR.BART071952.20161024","NEON.LTR.BART071952.20161024.TWI","NEON.DOC.001710vE","Twigs/branches",0.19,"N","","Pes0SJTi6mB/L3kaeuPRUby8XD59hvb8"
"16fee197-9716-4e21-9b66-24638f7f0b74","BART_071.basePlot.ltr","D01","BART","BART_071","BART_071_952","2016-10-31","2016-10-10","2016-10-24","2016-10-26T13:00Z","2016-11-01T11:30Z","NEON.LTR.BART071952.20161024","NEON.LTR.BART071952.20161024.OTH","NEON.DOC.001710vE","Other",3.28,"Y","Contains mostly needles","Pes0SJTi6mB/L3kaeuPRUby8XD59hvb8"
"b5918dc7-63ca-419f-bfd5-dad5d9026e8f","BART_071.basePlot.ltr","D01","BART","BART_071","BART_071_952","2016-10-31","2016-10-10","2016-10-24","2016-10-26T13:00Z","2016-11-01T11:30Z","NEON.LTR.BART071952.20161024","NEON.LTR.BART071952.20161024.LVS","NEON.DOC.001710vE","Leaves",57.27,"Y","","Pes0SJTi6mB/L3kaeuPRUby8XD59hvb8"
"b78f3698-d6c5-4f1b-851d-d9d94bbc51d8","BART_071.basePlot.ltr","D01","BART","BART_071","BART_071_952","2016-10-31","2016-10-10","2016-10-24","2016-10-26T13:00Z","2016-11-01T11:30Z","NEON.LTR.BART071952.20161024","NEON.LTR.BART071952.20161024.SDS","NEON.DOC.001710vE","Seeds",0.22,"N","","Pes0SJTi6mB/L3kaeuPRUby8XD59hvb8"
"9dc89b0f-4f8f-4d63-97a6-209b539511b3","BART_071.basePlot.ltr","D01","BART","BART_071","BART_071_952","2016-10-31","2016-10-10","2016-10-24","2016-10-26T13:00Z","2016-11-01T11:30Z","NEON.LTR.BART071952.20161024","NEON.LTR.BART071952.20161024.NDL","NEON.DOC.001710vE","Needles",2.51,"Y","","Pes0SJTi6mB/L3kaeuPRUby8XD59hvb8"
"44037652-7978-489e-88a4-24b6e662add4","BART_071.basePlot.ltr","D01","BART","BART_071","BART_071_952","2016-10-31","2016-10-10","2016-10-24","2016-10-26T13:00Z","2016-11-01T11:30Z","NEON.LTR.BART071952.20161024","NEON.LTR.BART071952.20161024.FLR","NEON.DOC.001710vE","Flowers",0.005,"Y","","Pes0SJTi6mB/L3kaeuPRUby8XD59hvb8"
"4d34b694-8e42-4787-a937-bbd907a39ebd","BART_046.basePlot.ltr","D01","BART","BART_046","BART_046_687","2016-10-31","2016-10-10","2016-10-24","2016-10-26T13:00Z","2016-11-01T11:30Z","NEON.LTR.BART046687.20161024","NEON.LTR.BART046687.20161024.OTH","NEON.DOC.001710vE","Other",0.43,"N","","Pes0SJTi6mB/L3kaeuPRUby8XD59hvb8"
"1a5ad5e5-6a9a-4f75-b91a-4c4aec3488dd","BART_046.basePlot.ltr","D01","BART","BART_046","BART_046_687","2016-10-31","2016-10-10","2016-10-24","2016-10-26T13:00Z","2016-11-01T11:30Z","NEON.LTR.BART046687.20161024","NEON.LTR.BART046687.20161024.NDL","NEON.DOC.001710vE","Needles",0.03,"N","","Pes0SJTi6mB/L3kaeuPRUby8XD59hvb8"
"a58a27f9-372d-46c9-8c27-b3fdd23684a4","BART_046.basePlot.ltr","D01","BART","BART_046","BART_046_687","2016-10-31","2016-10-10","2016-10-24","2016-10-26T13:00Z","2016-11-01T11:30Z","NEON.LTR.BART046687.20161024","NEON.LTR.BART046687.20161024.TWI","NEON.DOC.001710vE","Twigs/branches",0.35,"N","","Pes0SJTi6mB/L3kaeuPRUby8XD59hvb8"
"28145fb6-3a81-4438-8140-b384af181cd9","BART_046.basePlot.ltr","D01","BART","BART_046","BART_046_687","2016-10-31","2016-10-10","2016-10-24","2016-10-26T13:00Z","2016-11-01T11:30Z","NEON.LTR.BART046687.20161024","NEON.LTR.BART046687.20161024.WDY","NEON.DOC.001710vE","Woody material",0.02,"N","","Pes0SJTi6mB/L3kaeuPRUby8XD59hvb8"
"945bb7fa-12fb-41c8-88d7-7239651cf268","BART_046.basePlot.ltr","D01","BART","BART_046","BART_046_687","2016-10-31","2016-10-10","2016-10-24","2016-10-26T13:00Z","2016-11-01T11:30Z","NEON.LTR.BART046687.20161024","NEON.LTR.BART046687.20161024.SDS","NEON.DOC.001710vE","Seeds",0.02,"N","","Pes0SJTi6mB/L3kaeuPRUby8XD59hvb8"
"441b8368-df63-4b3b-bc2c-87a295a5a3ab","BART_046.basePlot.ltr","D01","BART","BART_046","BART_046_687","2016-10-31","2016-10-10","2016-10-24","2016-10-26T13:00Z","2016-11-01T11:30Z","NEON.LTR.BART046687.20161024","NEON.LTR.BART046687.20161024.FLR","NEON.DOC.001710vE","Flowers",0,"N","","Pes0SJTi6mB/L3kaeuPRUby8XD59hvb8"
"76315ed5-e368-4b89-a0a4-efc7ebaf6677","BART_046.basePlot.ltr","D01","BART","BART_046","BART_046_687","2016-10-31","2016-10-10","2016-10-24","2016-10-26T13:00Z","2016-11-01T11:30Z","NEON.LTR.BART046687.20161024","NEON.LTR.BART046687.20161024.LVS","NEON.DOC.001710vE","Leaves",82.66,"N","","Pes0SJTi6mB/L3kaeuPRUby8XD59hvb8"
"a0eb58e1-7d7d-45ec-9fb8-6e558d58d351","BART_036.basePlot.ltr","D01","BART","BART_036","BART_036_151","2016-10-31","2016-10-10","2016-10-24","2016-10-26T13:00Z","2016-11-01T11:30Z","NEON.LTR.BART036151.20161024","NEON.LTR.BART036151.20161024.FLR","NEON.DOC.001710vE","Flowers",0,"N","","Pes0SJTi6mB/L3kaeuPRUby8XD59hvb8"
"2de0c2c4-fb50-417b-be0e-600da01b1554","BART_036.basePlot.ltr","D01","BART","BART_036","BART_036_151","2016-10-31","2016-10-10","2016-10-24","2016-10-26T13:00Z","2016-11-01T11:30Z","NEON.LTR.BART036151.20161024","NEON.LTR.BART036151.20161024.TWI","NEON.DOC.001710vE","Twigs/branches",0.05,"N","","Pes0SJTi6mB/L3kaeuPRUby8XD59hvb8"
"3abd13ea-c741-45c7-bce2-5eb42cd1ad94","BART_036.basePlot.ltr","D01","BART","BART_036","BART_036_151","2016-10-31","2016-10-10","2016-10-24","2016-10-26T13:00Z","2016-11-01T11:30Z","NEON.LTR.BART036151.20161024","NEON.LTR.BART036151.20161024.NDL","NEON.DOC.001710vE","Needles",0.44,"N","","Pes0SJTi6mB/L3kaeuPRUby8XD59hvb8"
"b81e4c93-332c-4977-9383-fc3ffaf59950","BART_040.basePlot.ltr","D01","BART","BART_040","BART_040_884","2016-10-31","2016-10-10","2016-10-24","2016-10-26T13:00Z","2016-11-01T11:30Z","NEON.LTR.BART040884.20161024","NEON.LTR.BART040884.20161024.FLR","NEON.DOC.001710vE","Flowers",0,"N","","Pes0SJTi6mB/L3kaeuPRUby8XD59hvb8"
"5a693e7c-e908-4575-b756-575833a53da1","BART_040.basePlot.ltr","D01","BART","BART_040","BART_040_884","2016-10-31","2016-10-10","2016-10-24","2016-10-26T13:00Z","2016-11-01T11:30Z","NEON.LTR.BART040884.20161024","NEON.LTR.BART040884.20161024.TWI","NEON.DOC.001710vE","Twigs/branches",0.21,"N","","Pes0SJTi6mB/L3kaeuPRUby8XD59hvb8"
"1dbe0a2f-4866-4b29-b395-ddd3c1f6762f","BART_040.basePlot.ltr","D01","BART","BART_040","BART_040_884","2016-10-31","2016-10-10","2016-10-24","2016-10-26T13:00Z","2016-11-01T11:30Z","NEON.LTR.BART040884.20161024","NEON.LTR.BART040884.20161024.NDL","NEON.DOC.001710vE","Needles",0.03,"N","","Pes0SJTi6mB/L3kaeuPRUby8XD59hvb8"
"b71a0363-220b-48e9-8bf9-700ea395be9d","BART_036.basePlot.ltr","D01","BART","BART_036","BART_036_151","2016-10-31","2016-10-10","2016-10-24","2016-10-26T13:00Z","2016-11-01T11:30Z","NEON.LTR.BART036151.20161024","NEON.LTR.BART036151.20161024.WDY","NEON.DOC.001710vE","Woody material",0.29,"N","","Pes0SJTi6mB/L3kaeuPRUby8XD59hvb8"
"2a47a88a-2492-4232-9184-22755f21c24c","BART_036.basePlot.ltr","D01","BART","BART_036","BART_036_151","2016-10-31","2016-10-10","2016-10-24","2016-10-26T13:00Z","2016-11-01T11:30Z","NEON.LTR.BART036151.20161024","NEON.LTR.BART036151.20161024.OTH","NEON.DOC.001710vE","Other",0.11,"N","","Pes0SJTi6mB/L3kaeuPRUby8XD59hvb8"
"4ec40b2a-80d5-4f7d-8181-53010aaef2f1","BART_036.basePlot.ltr","D01","BART","BART_036","BART_036_151","2016-10-31","2016-10-10","2016-10-24","2016-10-26T13:00Z","2016-11-01T11:30Z","NEON.LTR.BART036151.20161024","NEON.LTR.BART036151.20161024.LVS","NEON.DOC.001710vE","Leaves",82.03,"N","","Pes0SJTi6mB/L3kaeuPRUby8XD59hvb8"
"3e41be7a-9a31-4945-b117-489e5b6fa64f","BART_036.basePlot.ltr","D01","BART","BART_036","BART_036_151","2016-10-31","2016-10-10","2016-10-24","2016-10-26T13:00Z","2016-11-01T11:30Z","NEON.LTR.BART036151.20161024","NEON.LTR.BART036151.20161024.SDS","NEON.DOC.001710vE","Seeds",0.02,"N","","Pes0SJTi6mB/L3kaeuPRUby8XD59hvb8"
"5ad394f0-eefb-478a-96d4-6c869d8f928a","BART_040.basePlot.ltr","D01","BART","BART_040","BART_040_884","2016-10-31","2016-10-10","2016-10-24","2016-10-26T13:00Z","2016-11-01T11:30Z","NEON.LTR.BART040884.20161024","NEON.LTR.BART040884.20161024.WDY","NEON.DOC.001710vE","Woody material",0,"N","","Pes0SJTi6mB/L3kaeuPRUby8XD59hvb8"
"bb12da60-deba-4b8f-b28e-8e5cb85eb521","BART_040.basePlot.ltr","D01","BART","BART_040","BART_040_884","2016-10-31","2016-10-10","2016-10-24","2016-10-26T13:00Z","2016-11-01T11:30Z","NEON.LTR.BART040884.20161024","NEON.LTR.BART040884.20161024.SDS","NEON.DOC.001710vE","Seeds",0.005,"N","","Pes0SJTi6mB/L3kaeuPRUby8XD59hvb8"
"593505ba-0553-4130-adad-af0929fb0f8a","BART_040.basePlot.ltr","D01","BART","BART_040","BART_040_884","2016-10-31","2016-10-10","2016-10-24","2016-10-26T13:00Z","2016-11-01T11:30Z","NEON.LTR.BART040884.20161024","NEON.LTR.BART040884.20161024.LVS","NEON.DOC.001710vE","Leaves",84.76,"N","","Pes0SJTi6mB/L3kaeuPRUby8XD59hvb8"
"31630f2c-18bf-4d5e-8c1c-14f162c32be4","BART_040.basePlot.ltr","D01","BART","BART_040","BART_040_884","2016-10-31","2016-10-10","2016-10-24","2016-10-26T13:00Z","2016-11-01T11:30Z","NEON.LTR.BART040884.20161024","NEON.LTR.BART040884.20161024.OTH","NEON.DOC.001710vE","Other",0.3,"N","","Pes0SJTi6mB/L3kaeuPRUby8XD59hvb8"
"2a7d4758-8032-4c57-bf83-192f329fbd24","BART_036.basePlot.ltr","D01","BART","BART_036","BART_036_925","2016-10-31","2016-10-10","2016-10-24","2016-10-26T13:00Z","2016-11-01T11:30Z","NEON.LTR.BART036925.20161024","NEON.LTR.BART036925.20161024.WDY","NEON.DOC.001710vE","Woody material",0.03,"N","","Pes0SJTi6mB/L3kaeuPRUby8XD59hvb8"
"ceda7c55-b8c5-4ee6-a093-44a5782e4539","BART_036.basePlot.ltr","D01","BART","BART_036","BART_036_925","2016-10-31","2016-10-10","2016-10-24","2016-10-26T13:00Z","2016-11-01T11:30Z","NEON.LTR.BART036925.20161024","NEON.LTR.BART036925.20161024.LVS","NEON.DOC.001710vE","Leaves",63.28,"N","","Pes0SJTi6mB/L3kaeuPRUby8XD59hvb8"
"15df6a41-a276-4e05-a58f-f9eedbb134c4","BART_034.basePlot.ltr","D01","BART","BART_034","BART_034_531","2016-10-31","2016-10-10","2016-10-24","2016-10-26T13:00Z","2016-11-01T11:30Z","NEON.LTR.BART034531.20161024","NEON.LTR.BART034531.20161024.OTH","NEON.DOC.001710vE","Other",0.13,"N","","Pes0SJTi6mB/L3kaeuPRUby8XD59hvb8"
"9cfd12c1-7cbf-47da-882c-05a17b918bde","BART_034.basePlot.ltr","D01","BART","BART_034","BART_034_531","2016-10-31","2016-10-10","2016-10-24","2016-10-26T13:00Z","2016-11-01T11:30Z","NEON.LTR.BART034531.20161024","NEON.LTR.BART034531.20161024.LVS","NEON.DOC.001710vE","Leaves",92.32,"N","","Pes0SJTi6mB/L3kaeuPRUby8XD59hvb8"
"478101ff-d135-4b91-acb4-3ed60bf7cdfd","BART_034.basePlot.ltr","D01","BART","BART_034","BART_034_531","2016-10-31","2016-10-10","2016-10-24","2016-10-26T13:00Z","2016-11-01T11:30Z","NEON.LTR.BART034531.20161024","NEON.LTR.BART034531.20161024.WDY","NEON.DOC.001710vE","Woody material",0.69,"N","","Pes0SJTi6mB/L3kaeuPRUby8XD59hvb8"
"b37a052a-22f3-40c0-95a8-4450ed3c40eb","BART_036.basePlot.ltr","D01","BART","BART_036","BART_036_925","2016-10-31","2016-10-10","2016-10-24","2016-10-26T13:00Z","2016-11-01T11:30Z","NEON.LTR.BART036925.20161024","NEON.LTR.BART036925.20161024.FLR","NEON.DOC.001710vE","Flowers",0,"N","","Pes0SJTi6mB/L3kaeuPRUby8XD59hvb8"
"bbf55567-165f-46bc-918d-eda60326d506","BART_036.basePlot.ltr","D01","BART","BART_036","BART_036_925","2016-10-31","2016-10-10","2016-10-24","2016-10-26T13:00Z","2016-11-01T11:30Z","NEON.LTR.BART036925.20161024","NEON.LTR.BART036925.20161024.OTH","NEON.DOC.001710vE","Other",0.12,"N","","Pes0SJTi6mB/L3kaeuPRUby8XD59hvb8"
"88b30c2d-5b47-4795-b05a-292a7a4f0048","BART_034.basePlot.ltr","D01","BART","BART_034","BART_034_531","2016-10-31","2016-10-10","2016-10-24","2016-10-26T13:00Z","2016-11-01T11:30Z","NEON.LTR.BART034531.20161024","NEON.LTR.BART034531.20161024.NDL","NEON.DOC.001710vE","Needles",3.45,"N","","Pes0SJTi6mB/L3kaeuPRUby8XD59hvb8"
"86029837-3097-46e7-b582-3bb4433ea25c","BART_036.basePlot.ltr","D01","BART","BART_036","BART_036_925","2016-10-31","2016-10-10","2016-10-24","2016-10-26T13:00Z","2016-11-01T11:30Z","NEON.LTR.BART036925.20161024","NEON.LTR.BART036925.20161024.TWI","NEON.DOC.001710vE","Twigs/branches",0.15,"N","","Pes0SJTi6mB/L3kaeuPRUby8XD59hvb8"
"46603548-6e5a-42ae-a676-617b024d5e34","BART_036.basePlot.ltr","D01","BART","BART_036","BART_036_925","2016-10-31","2016-10-10","2016-10-24","2016-10-26T13:00Z","2016-11-01T11:30Z","NEON.LTR.BART036925.20161024","NEON.LTR.BART036925.20161024.SDS","NEON.DOC.001710vE","Seeds",0.005,"N","","Pes0SJTi6mB/L3kaeuPRUby8XD59hvb8"
"c91905f8-ff3d-4054-b691-656c52291109","BART_034.basePlot.ltr","D01","BART","BART_034","BART_034_531","2016-10-31","2016-10-10","2016-10-24","2016-10-26T13:00Z","2016-11-01T11:30Z","NEON.LTR.BART034531.20161024","NEON.LTR.BART034531.20161024.FLR","NEON.DOC.001710vE","Flowers",0.005,"N","","Pes0SJTi6mB/L3kaeuPRUby8XD59hvb8"
"2364f59c-38b6-483d-9a20-4bd689b31462","BART_034.basePlot.ltr","D01","BART","BART_034","BART_034_531","2016-10-31","2016-10-10","2016-10-24","2016-10-26T13:00Z","2016-11-01T11:30Z","NEON.LTR.BART034531.20161024","NEON.LTR.BART034531.20161024.TWI","NEON.DOC.001710vE","Twigs/branches",0.05,"N","","Pes0SJTi6mB/L3kaeuPRUby8XD59hvb8"
"a00bd750-b7d7-407f-ad3f-a1cc361f69d7","BART_034.basePlot.ltr","D01","BART","BART_034","BART_034_531","2016-10-31","2016-10-10","2016-10-24","2016-10-26T13:00Z","2016-11-01T11:30Z","NEON.LTR.BART034531.20161024","NEON.LTR.BART034531.20161024.SDS","NEON.DOC.001710vE","Seeds",0.01,"N","","Pes0SJTi6mB/L3kaeuPRUby8XD59hvb8"
"f95bc79b-61df-4781-bd60-6ff96b7b10be","BART_036.basePlot.ltr","D01","BART","BART_036","BART_036_925","2016-10-31","2016-10-10","2016-10-24","2016-10-26T13:00Z","2016-11-01T11:30Z","NEON.LTR.BART036925.20161024","NEON.LTR.BART036925.20161024.NDL","NEON.DOC.001710vE","Needles",0.17,"N","","Pes0SJTi6mB/L3kaeuPRUby8XD59hvb8"
"f037c096-fb0b-4dbb-b36a-62c320d16e47","BART_033.basePlot.ltr","D01","BART","BART_033","BART_033_923","2016-10-31","2016-10-10","2016-10-24","2016-10-26T13:00Z","2016-11-01T11:30Z","NEON.LTR.BART033923.20161024","NEON.LTR.BART033923.20161024.LVS","NEON.DOC.001710vE","Leaves",99.19,"N","","Pes0SJTi6mB/L3kaeuPRUby8XD59hvb8"
"7ad701d6-c73a-4b51-b86a-e8b00f94303d","BART_033.basePlot.ltr","D01","BART","BART_033","BART_033_923","2016-10-31","2016-10-10","2016-10-24","2016-10-26T13:00Z","2016-11-01T11:30Z","NEON.LTR.BART033923.20161024","NEON.LTR.BART033923.20161024.FLR","NEON.DOC.001710vE","Flowers",0,"N","","Pes0SJTi6mB/L3kaeuPRUby8XD59hvb8"
"d8b7c9e1-f275-4417-926d-04e8dc77afec","BART_033.basePlot.ltr","D01","BART","BART_033","BART_033_923","2016-10-31","2016-10-10","2016-10-24","2016-10-26T13:00Z","2016-11-01T11:30Z","NEON.LTR.BART033923.20161024","NEON.LTR.BART033923.20161024.SDS","NEON.DOC.001710vE","Seeds",0.05,"N","","Pes0SJTi6mB/L3kaeuPRUby8XD59hvb8"
"b364cf08-96c9-4554-8131-67ecb720b9e5","BART_033.basePlot.ltr","D01","BART","BART_033","BART_033_923","2016-10-31","2016-10-10","2016-10-24","2016-10-26T13:00Z","2016-11-01T11:30Z","NEON.LTR.BART033923.20161024","NEON.LTR.BART033923.20161024.WDY","NEON.DOC.001710vE","Woody material",0,"N","","Pes0SJTi6mB/L3kaeuPRUby8XD59hvb8"
"2e60f401-a2e3-49c9-9003-f28d4b600976","BART_033.basePlot.ltr","D01","BART","BART_033","BART_033_923","2016-10-31","2016-10-10","2016-10-24","2016-10-26T13:00Z","2016-11-01T11:30Z","NEON.LTR.BART033923.20161024","NEON.LTR.BART033923.20161024.NDL","NEON.DOC.001710vE","Needles",0,"N","","Pes0SJTi6mB/L3kaeuPRUby8XD59hvb8"
"41345f21-f734-4921-ad1b-ed024dd5b89a","BART_033.basePlot.ltr","D01","BART","BART_033","BART_033_923","2016-10-31","2016-10-10","2016-10-24","2016-10-26T13:00Z","2016-11-01T11:30Z","NEON.LTR.BART033923.20161024","NEON.LTR.BART033923.20161024.TWI","NEON.DOC.001710vE","Twigs/branches",2.44,"N","","Pes0SJTi6mB/L3kaeuPRUby8XD59hvb8"
"0014669d-a1bd-42ca-83d8-3ff503681463","BART_033.basePlot.ltr","D01","BART","BART_033","BART_033_923","2016-10-31","2016-10-10","2016-10-24","2016-10-26T13:00Z","2016-11-01T11:30Z","NEON.LTR.BART033923.20161024","NEON.LTR.BART033923.20161024.OTH","NEON.DOC.001710vE","Other",0.37,"N","","Pes0SJTi6mB/L3kaeuPRUby8XD59hvb8"
"04b171b5-583d-4fe7-b1c2-35e7b8a679fd","BART_032.basePlot.ltr","D01","BART","BART_032","BART_032_293","2016-10-31","2016-10-10","2016-10-24","2016-10-26T13:00Z","2016-11-01T11:30Z","NEON.LTR.BART032293.20161024","NEON.LTR.BART032293.20161024.SDS","NEON.DOC.001710vE","Seeds",0.08,"N","","Pes0SJTi6mB/L3kaeuPRUby8XD59hvb8"
"0f0551b4-8d01-457a-9b00-98b909f22403","BART_032.basePlot.ltr","D01","BART","BART_032","BART_032_293","2016-10-31","2016-10-10","2016-10-24","2016-10-26T13:00Z","2016-11-01T11:30Z","NEON.LTR.BART032293.20161024","NEON.LTR.BART032293.20161024.WDY","NEON.DOC.001710vE","Woody material",0.37,"N","","Pes0SJTi6mB/L3kaeuPRUby8XD59hvb8"
"efd946c4-b9ae-4fd0-b238-5a9d54606bec","BART_032.basePlot.ltr","D01","BART","BART_032","BART_032_293","2016-10-31","2016-10-10","2016-10-24","2016-10-26T13:00Z","2016-11-01T11:30Z","NEON.LTR.BART032293.20161024","NEON.LTR.BART032293.20161024.LVS","NEON.DOC.001710vE","Leaves",72.65,"N","","Pes0SJTi6mB/L3kaeuPRUby8XD59hvb8"
"bef02925-dce7-4a9c-b958-a1fac3f58103","BART_040.basePlot.ltr","D01","BART","BART_040","BART_040_158","2016-10-31","2016-10-10","2016-10-24","2016-10-26T13:00Z","2016-11-01T11:30Z","NEON.LTR.BART040158.20161024","NEON.LTR.BART040158.20161024.TWI","NEON.DOC.001710vE","Twigs/branches",0.36,"N","","Pes0SJTi6mB/L3kaeuPRUby8XD59hvb8"
"1a75c29d-4f2a-4865-8cb3-ed502d731910","BART_032.basePlot.ltr","D01","BART","BART_032","BART_032_662","2016-10-31","2016-10-10","2016-10-24","2016-10-26T13:00Z","2016-11-01T11:30Z","NEON.LTR.BART032662.20161024","NEON.LTR.BART032662.20161024.SDS","NEON.DOC.001710vE","Seeds",0.01,"N","","Pes0SJTi6mB/L3kaeuPRUby8XD59hvb8"
"f6805d02-cac4-4242-a1d4-d3288fe7fd85","BART_032.basePlot.ltr","D01","BART","BART_032","BART_032_662","2016-10-31","2016-10-10","2016-10-24","2016-10-26T13:00Z","2016-11-01T11:30Z","NEON.LTR.BART032662.20161024","NEON.LTR.BART032662.20161024.NDL","NEON.DOC.001710vE","Needles",0.17,"N","","Pes0SJTi6mB/L3kaeuPRUby8XD59hvb8"
"4c25cb86-0be0-4122-8c8e-b5ba8b84cbf0","BART_040.basePlot.ltr","D01","BART","BART_040","BART_040_158","2016-10-31","2016-10-10","2016-10-24","2016-10-26T13:00Z","2016-11-01T11:30Z","NEON.LTR.BART040158.20161024","NEON.LTR.BART040158.20161024.WDY","NEON.DOC.001710vE","Woody material",0.11,"N","","Pes0SJTi6mB/L3kaeuPRUby8XD59hvb8"
"cc3265b9-ee1d-44a3-83bd-4cf393586d0f","BART_040.basePlot.ltr","D01","BART","BART_040","BART_040_158","2016-10-31","2016-10-10","2016-10-24","2016-10-26T13:00Z","2016-11-01T11:30Z","NEON.LTR.BART040158.20161024","NEON.LTR.BART040158.20161024.SDS","NEON.DOC.001710vE","Seeds",0.01,"N","","Pes0SJTi6mB/L3kaeuPRUby8XD59hvb8"
"8a6c0b7d-3fd4-4d21-bb99-4c627884afd5","BART_032.basePlot.ltr","D01","BART","BART_032","BART_032_662","2016-10-31","2016-10-10","2016-10-24","2016-10-26T13:00Z","2016-11-01T11:30Z","NEON.LTR.BART032662.20161024","NEON.LTR.BART032662.20161024.LVS","NEON.DOC.001710vE","Leaves",60.98,"N","","Pes0SJTi6mB/L3kaeuPRUby8XD59hvb8"
"bf5e442b-24db-4497-8aed-c25ca31f2915","BART_040.basePlot.ltr","D01","BART","BART_040","BART_040_158","2016-10-31","2016-10-10","2016-10-24","2016-10-26T13:00Z","2016-11-01T11:30Z","NEON.LTR.BART040158.20161024","NEON.LTR.BART040158.20161024.NDL","NEON.DOC.001710vE","Needles",0.1,"N","","Pes0SJTi6mB/L3kaeuPRUby8XD59hvb8"
"d67aab8e-ed86-4fe3-a6b5-55eed37f6fdb","BART_032.basePlot.ltr","D01","BART","BART_032","BART_032_662","2016-10-31","2016-10-10","2016-10-24","2016-10-26T13:00Z","2016-11-01T11:30Z","NEON.LTR.BART032662.20161024","NEON.LTR.BART032662.20161024.TWI","NEON.DOC.001710vE","Twigs/branches",1.26,"N","","Pes0SJTi6mB/L3kaeuPRUby8XD59hvb8"
"52c79085-7b62-4efb-a5fb-66ef57cfa72b","BART_032.basePlot.ltr","D01","BART","BART_032","BART_032_662","2016-10-31","2016-10-10","2016-10-24","2016-10-26T13:00Z","2016-11-01T11:30Z","NEON.LTR.BART032662.20161024","NEON.LTR.BART032662.20161024.FLR","NEON.DOC.001710vE","Flowers",0,"N","","Pes0SJTi6mB/L3kaeuPRUby8XD59hvb8"
"1d6bbca2-65b5-4461-96a4-a3c84a660656","BART_040.basePlot.ltr","D01","BART","BART_040","BART_040_158","2016-10-31","2016-10-10","2016-10-24","2016-10-26T13:00Z","2016-11-01T11:30Z","NEON.LTR.BART040158.20161024","NEON.LTR.BART040158.20161024.LVS","NEON.DOC.001710vE","Leaves",122.49,"Y","","Pes0SJTi6mB/L3kaeuPRUby8XD59hvb8"
"9df42eff-abbd-4310-aebd-520d16976392","BART_040.basePlot.ltr","D01","BART","BART_040","BART_040_158","2016-10-31","2016-10-10","2016-10-24","2016-10-26T13:00Z","2016-11-01T11:30Z","NEON.LTR.BART040158.20161024","NEON.LTR.BART040158.20161024.OTH","NEON.DOC.001710vE","Other",0.35,"N","","Pes0SJTi6mB/L3kaeuPRUby8XD59hvb8"
"ce6f185d-eeec-4ebd-ad43-ffbb286ba4fe","BART_040.basePlot.ltr","D01","BART","BART_040","BART_040_158","2016-10-31","2016-10-10","2016-10-24","2016-10-26T13:00Z","2016-11-01T11:30Z","NEON.LTR.BART040158.20161024","NEON.LTR.BART040158.20161024.FLR","NEON.DOC.001710vE","Flowers",0,"N","","Pes0SJTi6mB/L3kaeuPRUby8XD59hvb8"
"a8c9439c-70da-4a18-865c-c7577c4baf35","BART_032.basePlot.ltr","D01","BART","BART_032","BART_032_662","2016-10-31","2016-10-10","2016-10-24","2016-10-26T13:00Z","2016-11-01T11:30Z","NEON.LTR.BART032662.20161024","NEON.LTR.BART032662.20161024.WDY","NEON.DOC.001710vE","Woody material",0,"N","","Pes0SJTi6mB/L3kaeuPRUby8XD59hvb8"
"cfa7d9e2-11e0-47a3-8d21-540f7e850ba1","BART_075.basePlot.ltr","D01","BART","BART_075","BART_075_389","2016-10-31","2016-10-10","2016-10-24","2016-10-26T13:00Z","2016-11-01T11:30Z","NEON.LTR.BART075389.20161024","NEON.LTR.BART075389.20161024.NDL","NEON.DOC.001710vE","Needles",10.68,"N","","Pes0SJTi6mB/L3kaeuPRUby8XD59hvb8"
"a847ab50-432d-49d9-b339-e8dfc4c702ec","BART_075.basePlot.ltr","D01","BART","BART_075","BART_075_389","2016-10-31","2016-10-10","2016-10-24","2016-10-26T13:00Z","2016-11-01T11:30Z","NEON.LTR.BART075389.20161024","NEON.LTR.BART075389.20161024.FLR","NEON.DOC.001710vE","Flowers",0.005,"N","","Pes0SJTi6mB/L3kaeuPRUby8XD59hvb8"
"96b33453-b02a-4069-812c-36632e76e09a","BART_075.basePlot.ltr","D01","BART","BART_075","BART_075_389","2016-10-31","2016-10-10","2016-10-24","2016-10-26T13:00Z","2016-11-01T11:30Z","NEON.LTR.BART075389.20161024","NEON.LTR.BART075389.20161024.TWI","NEON.DOC.001710vE","Twigs/branches",0.75,"N","","Pes0SJTi6mB/L3kaeuPRUby8XD59hvb8"
"38a8f844-9960-4f42-b5e4-b1edde82e59d","BART_075.basePlot.ltr","D01","BART","BART_075","BART_075_389","2016-10-31","2016-10-10","2016-10-24","2016-10-26T13:00Z","2016-11-01T11:30Z","NEON.LTR.BART075389.20161024","NEON.LTR.BART075389.20161024.OTH","NEON.DOC.001710vE","Other",0.16,"N","","Pes0SJTi6mB/L3kaeuPRUby8XD59hvb8"
"4eb0d692-3621-4784-a1bc-f08b5196a8b2","BART_075.basePlot.ltr","D01","BART","BART_075","BART_075_389","2016-10-31","2016-10-10","2016-10-24","2016-10-26T13:00Z","2016-11-01T11:30Z","NEON.LTR.BART075389.20161024","NEON.LTR.BART075389.20161024.WDY","NEON.DOC.001710vE","Woody material",0.53,"N","","Pes0SJTi6mB/L3kaeuPRUby8XD59hvb8"
"ac4692bb-83e0-4d30-893c-68c8a2b8e8e7","BART_075.basePlot.ltr","D01","BART","BART_075","BART_075_389","2016-10-31","2016-10-10","2016-10-24","2016-10-26T13:00Z","2016-11-01T11:30Z","NEON.LTR.BART075389.20161024","NEON.LTR.BART075389.20161024.LVS","NEON.DOC.001710vE","Leaves",45.63,"N","","Pes0SJTi6mB/L3kaeuPRUby8XD59hvb8"
"e7c4c14b-51bb-4019-b7f7-4c5d54aa783f","BART_075.basePlot.ltr","D01","BART","BART_075","BART_075_389","2016-10-31","2016-10-10","2016-10-24","2016-10-26T13:00Z","2016-11-01T11:30Z","NEON.LTR.BART075389.20161024","NEON.LTR.BART075389.20161024.SDS","NEON.DOC.001710vE","Seeds",0.005,"N","","Pes0SJTi6mB/L3kaeuPRUby8XD59hvb8"
"f60474cc-33fc-49bf-9db7-155a033b6fb8","BART_070.basePlot.ltr","D01","BART","BART_070","BART_070_553","2016-10-31","2016-10-10","2016-10-24","2016-10-26T13:00Z","2016-11-01T11:30Z","NEON.LTR.BART070553.20161024","NEON.LTR.BART070553.20161024.TWI","NEON.DOC.001710vE","Twigs/branches",0.74,"N","","Pes0SJTi6mB/L3kaeuPRUby8XD59hvb8"
"6086e8bd-488b-42c6-90fd-ca03283a7823","BART_070.basePlot.ltr","D01","BART","BART_070","BART_070_553","2016-10-31","2016-10-10","2016-10-24","2016-10-26T13:00Z","2016-11-01T11:30Z","NEON.LTR.BART070553.20161024","NEON.LTR.BART070553.20161024.OTH","NEON.DOC.001710vE","Other",1.7,"N","","Pes0SJTi6mB/L3kaeuPRUby8XD59hvb8"
"0b632687-64e8-4fa2-99af-ecaabcaebe68","BART_070.basePlot.ltr","D01","BART","BART_070","BART_070_553","2016-10-31","2016-10-10","2016-10-24","2016-10-26T13:00Z","2016-11-01T11:30Z","NEON.LTR.BART070553.20161024","NEON.LTR.BART070553.20161024.NDL","NEON.DOC.001710vE","Needles",6.9,"N","","Pes0SJTi6mB/L3kaeuPRUby8XD59hvb8"
"9a49ada3-a6da-447b-987b-977480636e87","BART_070.basePlot.ltr","D01","BART","BART_070","BART_070_553","2016-10-31","2016-10-10","2016-10-24","2016-10-26T13:00Z","2016-11-01T11:30Z","NEON.LTR.BART070553.20161024","NEON.LTR.BART070553.20161024.SDS","NEON.DOC.001710vE","Seeds",0.005,"N","","Pes0SJTi6mB/L3kaeuPRUby8XD59hvb8"
"4e1b3c2f-3875-4621-9d33-7ebb19d92768","BART_070.basePlot.ltr","D01","BART","BART_070","BART_070_553","2016-10-31","2016-10-10","2016-10-24","2016-10-26T13:00Z","2016-11-01T11:30Z","NEON.LTR.BART070553.20161024","NEON.LTR.BART070553.20161024.WDY","NEON.DOC.001710vE","Woody material",0.52,"Y","","Pes0SJTi6mB/L3kaeuPRUby8XD59hvb8"
"5bd4d3ff-e78b-4f25-9274-91adc3c9453e","BART_070.basePlot.ltr","D01","BART","BART_070","BART_070_553","2016-10-31","2016-10-10","2016-10-24","2016-10-26T13:00Z","2016-11-01T11:30Z","NEON.LTR.BART070553.20161024","NEON.LTR.BART070553.20161024.FLR","NEON.DOC.001710vE","Flowers",0,"N","","Pes0SJTi6mB/L3kaeuPRUby8XD59hvb8"
"1486df28-c48f-49fc-aa99-23d2ffba5403","BART_070.basePlot.ltr","D01","BART","BART_070","BART_070_553","2016-10-31","2016-10-10","2016-10-24","2016-10-26T13:00Z","2016-11-01T11:30Z","NEON.LTR.BART070553.20161024","NEON.LTR.BART070553.20161024.LVS","NEON.DOC.001710vE","Leaves",46.6,"N","","Pes0SJTi6mB/L3kaeuPRUby8XD59hvb8"
"82c015a9-f4e2-4409-ae84-1d3d8990a43b","BART_039.basePlot.ltr","D01","BART","BART_039","BART_039_587","2016-10-31","2016-10-10","2016-10-24","2016-10-26T13:00Z","2016-11-01T11:30Z","NEON.LTR.BART039587.20161024","NEON.LTR.BART039587.20161024.FLR","NEON.DOC.001710vE","Flowers",0,"N","","Pes0SJTi6mB/L3kaeuPRUby8XD59hvb8"
"7efc71f3-822b-4020-a256-80a5fe7e83be","BART_039.basePlot.ltr","D01","BART","BART_039","BART_039_587","2016-10-31","2016-10-10","2016-10-24","2016-10-26T13:00Z","2016-11-01T11:30Z","NEON.LTR.BART039587.20161024","NEON.LTR.BART039587.20161024.NDL","NEON.DOC.001710vE","Needles",2.79,"N","","Pes0SJTi6mB/L3kaeuPRUby8XD59hvb8"
"33e915c3-c3ac-4086-9956-46ed647f14e6","BART_039.basePlot.ltr","D01","BART","BART_039","BART_039_587","2016-10-31","2016-10-10","2016-10-24","2016-10-26T13:00Z","2016-11-01T11:30Z","NEON.LTR.BART039587.20161024","NEON.LTR.BART039587.20161024.OTH","NEON.DOC.001710vE","Other",0.02,"N","","Pes0SJTi6mB/L3kaeuPRUby8XD59hvb8"
"dee8e2aa-bafe-42d9-96e6-3e35d33babe6","BART_039.basePlot.ltr","D01","BART","BART_039","BART_039_587","2016-10-31","2016-10-10","2016-10-24","2016-10-26T13:00Z","2016-11-01T11:30Z","NEON.LTR.BART039587.20161024","NEON.LTR.BART039587.20161024.LVS","NEON.DOC.001710vE","Leaves",107.14,"N","","Pes0SJTi6mB/L3kaeuPRUby8XD59hvb8"
"71f1ef4c-08ad-4273-aee0-b3dd248fa8e7","BART_039.basePlot.ltr","D01","BART","BART_039","BART_039_587","2016-10-31","2016-10-10","2016-10-24","2016-10-26T13:00Z","2016-11-01T11:30Z","NEON.LTR.BART039587.20161024","NEON.LTR.BART039587.20161024.SDS","NEON.DOC.001710vE","Seeds",0.005,"N","","Pes0SJTi6mB/L3kaeuPRUby8XD59hvb8"
"9e6266b5-7e4d-4091-af12-4fe949d1655a","BART_039.basePlot.ltr","D01","BART","BART_039","BART_039_587","2016-10-31","2016-10-10","2016-10-24","2016-10-26T13:00Z","2016-11-01T11:30Z","NEON.LTR.BART039587.20161024","NEON.LTR.BART039587.20161024.TWI","NEON.DOC.001710vE","Twigs/branches",0.24,"N","","Pes0SJTi6mB/L3kaeuPRUby8XD59hvb8"
"a1c4fbcd-655f-4b73-a0e5-3b11a5062db7","BART_039.basePlot.ltr","D01","BART","BART_039","BART_039_587","2016-10-31","2016-10-10","2016-10-24","2016-10-26T13:00Z","2016-11-01T11:30Z","NEON.LTR.BART039587.20161024","NEON.LTR.BART039587.20161024.WDY","NEON.DOC.001710vE","Woody material",0.53,"N","","Pes0SJTi6mB/L3kaeuPRUby8XD59hvb8"
"b7591441-c402-4eaf-9582-a396d338cfb1","BART_037.basePlot.ltr","D01","BART","BART_037","BART_037_884","2016-10-31","2016-10-10","2016-10-24","2016-10-26T13:00Z","2016-11-01T11:30Z","NEON.LTR.BART037884.20161024","NEON.LTR.BART037884.20161024.TWI","NEON.DOC.001710vE","Twigs/branches",0.005,"N","","Pes0SJTi6mB/L3kaeuPRUby8XD59hvb8"
"98098991-d457-4629-a9e6-0e734afc557a","BART_037.basePlot.ltr","D01","BART","BART_037","BART_037_884","2016-10-31","2016-10-10","2016-10-24","2016-10-26T13:00Z","2016-11-01T11:30Z","NEON.LTR.BART037884.20161024","NEON.LTR.BART037884.20161024.WDY","NEON.DOC.001710vE","Woody material",0.74,"N","","Pes0SJTi6mB/L3kaeuPRUby8XD59hvb8"
"b60eb651-923f-4a3c-a6fd-9427fabb00ab","BART_037.basePlot.ltr","D01","BART","BART_037","BART_037_884","2016-10-31","2016-10-10","2016-10-24","2016-10-26T13:00Z","2016-11-01T11:30Z","NEON.LTR.BART037884.20161024","NEON.LTR.BART037884.20161024.FLR","NEON.DOC.001710vE","Flowers",0,"N","","Pes0SJTi6mB/L3kaeuPRUby8XD59hvb8"
"470b2074-285c-4778-b425-e8bad5669483","BART_037.basePlot.ltr","D01","BART","BART_037","BART_037_884","2016-10-31","2016-10-10","2016-10-24","2016-10-26T13:00Z","2016-11-01T11:30Z","NEON.LTR.BART037884.20161024","NEON.LTR.BART037884.20161024.OTH","NEON.DOC.001710vE","Other",0.22,"Y","","Pes0SJTi6mB/L3kaeuPRUby8XD59hvb8"
"0ffa5c1f-bcc3-4edc-9324-c79b232d03c5","BART_037.basePlot.ltr","D01","BART","BART_037","BART_037_884","2016-10-31","2016-10-10","2016-10-24","2016-10-26T13:00Z","2016-11-01T11:30Z","NEON.LTR.BART037884.20161024","NEON.LTR.BART037884.20161024.NDL","NEON.DOC.001710vE","Needles",1.01,"Y","","Pes0SJTi6mB/L3kaeuPRUby8XD59hvb8"
"e474185c-e95a-431f-a850-6b0239b1604d","BART_037.basePlot.ltr","D01","BART","BART_037","BART_037_884","2016-10-31","2016-10-10","2016-10-24","2016-10-26T13:00Z","2016-11-01T11:30Z","NEON.LTR.BART037884.20161024","NEON.LTR.BART037884.20161024.LVS","NEON.DOC.001710vE","Leaves",65.96,"Y","","Pes0SJTi6mB/L3kaeuPRUby8XD59hvb8"
"045d57ba-ec90-4262-8cd1-654056645af2","BART_037.basePlot.ltr","D01","BART","BART_037","BART_037_884","2016-10-31","2016-10-10","2016-10-24","2016-10-26T13:00Z","2016-11-01T11:30Z","NEON.LTR.BART037884.20161024","NEON.LTR.BART037884.20161024.SDS","NEON.DOC.001710vE","Seeds",0.005,"Y","","Pes0SJTi6mB/L3kaeuPRUby8XD59hvb8"
"ff5a66ad-8f61-4b5f-92f0-62a887127304","BART_073.basePlot.ltr","D01","BART","BART_073","BART_073_539","2016-10-31","2016-10-10","2016-10-24","2016-10-26T13:00Z","2016-11-01T11:30Z","NEON.LTR.BART073539.20161024","NEON.LTR.BART073539.20161024.FLR","NEON.DOC.001710vE","Flowers",0,"N","","Pes0SJTi6mB/L3kaeuPRUby8XD59hvb8"
"a2ee39d3-fd41-4dc2-a6fb-23f27d2130cc","BART_073.basePlot.ltr","D01","BART","BART_073","BART_073_539","2016-10-31","2016-10-10","2016-10-24","2016-10-26T13:00Z","2016-11-01T11:30Z","NEON.LTR.BART073539.20161024","NEON.LTR.BART073539.20161024.WDY","NEON.DOC.001710vE","Woody material",0.45,"Y","","Pes0SJTi6mB/L3kaeuPRUby8XD59hvb8"
"cfb361dd-e658-45d1-99b7-d0b8bb06bd60","BART_073.basePlot.ltr","D01","BART","BART_073","BART_073_539","2016-10-31","2016-10-10","2016-10-24","2016-10-26T13:00Z","2016-11-01T11:30Z","NEON.LTR.BART073539.20161024","NEON.LTR.BART073539.20161024.LVS","NEON.DOC.001710vE","Leaves",72.8,"N","","Pes0SJTi6mB/L3kaeuPRUby8XD59hvb8"
"8badc306-d995-46b1-a87b-a3bccfd7b068","BART_073.basePlot.ltr","D01","BART","BART_073","BART_073_539","2016-10-31","2016-10-10","2016-10-24","2016-10-26T13:00Z","2016-11-01T11:30Z","NEON.LTR.BART073539.20161024","NEON.LTR.BART073539.20161024.SDS","NEON.DOC.001710vE","Seeds",0.09,"N","","Pes0SJTi6mB/L3kaeuPRUby8XD59hvb8"
"84686087-c8ca-4335-a561-d91bf8ad6392","BART_073.basePlot.ltr","D01","BART","BART_073","BART_073_539","2016-10-31","2016-10-10","2016-10-24","2016-10-26T13:00Z","2016-11-01T11:30Z","NEON.LTR.BART073539.20161024","NEON.LTR.BART073539.20161024.NDL","NEON.DOC.001710vE","Needles",1.2,"N","","Pes0SJTi6mB/L3kaeuPRUby8XD59hvb8"
"0a6d0af3-d646-459b-a346-464a56ffcd02","BART_073.basePlot.ltr","D01","BART","BART_073","BART_073_539","2016-10-31","2016-10-10","2016-10-24","2016-10-26T13:00Z","2016-11-01T11:30Z","NEON.LTR.BART073539.20161024","NEON.LTR.BART073539.20161024.TWI","NEON.DOC.001710vE","Twigs/branches",0.55,"N","","Pes0SJTi6mB/L3kaeuPRUby8XD59hvb8"
"2217b6b5-87b6-4153-87ba-265e48fdb1ab","BART_073.basePlot.ltr","D01","BART","BART_073","BART_073_539","2016-10-31","2016-10-10","2016-10-24","2016-10-26T13:00Z","2016-11-01T11:30Z","NEON.LTR.BART073539.20161024","NEON.LTR.BART073539.20161024.OTH","NEON.DOC.001710vE","Other",1.72,"N","","Pes0SJTi6mB/L3kaeuPRUby8XD59hvb8"
"b97d4c13-1b2b-4e48-b515-88ce8aa3158a","BART_042.basePlot.ltr","D01","BART","BART_042","BART_042_935","2016-10-31","2016-10-10","2016-10-24","2016-10-26T13:00Z","2016-11-01T11:30Z","NEON.LTR.BART042935.20161024","NEON.LTR.BART042935.20161024.SDS","NEON.DOC.001710vE","Seeds",0.02,"N","","Pes0SJTi6mB/L3kaeuPRUby8XD59hvb8"
"8224dbbd-a995-4fca-8ea3-17181f3d2d73","BART_042.basePlot.ltr","D01","BART","BART_042","BART_042_935","2016-10-31","2016-10-10","2016-10-24","2016-10-26T13:00Z","2016-11-01T11:30Z","NEON.LTR.BART042935.20161024","NEON.LTR.BART042935.20161024.LVS","NEON.DOC.001710vE","Leaves",112.46,"N","","Pes0SJTi6mB/L3kaeuPRUby8XD59hvb8"
"d2bd801c-9afc-4951-9983-6088badda24e","BART_042.basePlot.ltr","D01","BART","BART_042","BART_042_935","2016-10-31","2016-10-10","2016-10-24","2016-10-26T13:00Z","2016-11-01T11:30Z","NEON.LTR.BART042935.20161024","NEON.LTR.BART042935.20161024.FLR","NEON.DOC.001710vE","Flowers",0.01,"N","","Pes0SJTi6mB/L3kaeuPRUby8XD59hvb8"
"7cbf2f90-6f4b-40ed-942e-2ba8d6daab70","BART_042.basePlot.ltr","D01","BART","BART_042","BART_042_935","2016-10-31","2016-10-10","2016-10-24","2016-10-26T13:00Z","2016-11-01T11:30Z","NEON.LTR.BART042935.20161024","NEON.LTR.BART042935.20161024.TWI","NEON.DOC.001710vE","Twigs/branches",3.31,"N","","Pes0SJTi6mB/L3kaeuPRUby8XD59hvb8"
"a721cab9-665d-4066-9dab-7f6f5774a39b","BART_042.basePlot.ltr","D01","BART","BART_042","BART_042_935","2016-10-31","2016-10-10","2016-10-24","2016-10-26T13:00Z","2016-11-01T11:30Z","NEON.LTR.BART042935.20161024","NEON.LTR.BART042935.20161024.NDL","NEON.DOC.001710vE","Needles",1.1,"N","","Pes0SJTi6mB/L3kaeuPRUby8XD59hvb8"
"7b27ed7d-f915-4016-a884-2cf4158250bc","BART_042.basePlot.ltr","D01","BART","BART_042","BART_042_935","2016-10-31","2016-10-10","2016-10-24","2016-10-26T13:00Z","2016-11-01T11:30Z","NEON.LTR.BART042935.20161024","NEON.LTR.BART042935.20161024.WDY","NEON.DOC.001710vE","Woody material",0.03,"N","","Pes0SJTi6mB/L3kaeuPRUby8XD59hvb8"
"75a15d89-ae5a-404f-a83d-664d82287705","BART_042.basePlot.ltr","D01","BART","BART_042","BART_042_935","2016-10-31","2016-10-10","2016-10-24","2016-10-26T13:00Z","2016-11-01T11:30Z","NEON.LTR.BART042935.20161024","NEON.LTR.BART042935.20161024.OTH","NEON.DOC.001710vE","Other",0.32,"N","","Pes0SJTi6mB/L3kaeuPRUby8XD59hvb8"
"375934ab-75fb-4c18-9198-12332cbb02d1","BART_072.basePlot.ltr","D01","BART","BART_072","BART_072_162","2016-10-31","2016-10-10","2016-10-24","2016-10-26T13:00Z","2016-11-01T11:30Z","NEON.LTR.BART072162.20161024","NEON.LTR.BART072162.20161024.LVS","NEON.DOC.001710vE","Leaves",54.8,"N","","Pes0SJTi6mB/L3kaeuPRUby8XD59hvb8"
"556cf168-c04c-4b4a-990e-a47232cd81a0","BART_072.basePlot.ltr","D01","BART","BART_072","BART_072_162","2016-10-31","2016-10-10","2016-10-24","2016-10-26T13:00Z","2016-11-01T11:30Z","NEON.LTR.BART072162.20161024","NEON.LTR.BART072162.20161024.OTH","NEON.DOC.001710vE","Other",0.28,"N","","Pes0SJTi6mB/L3kaeuPRUby8XD59hvb8"
"97c94009-00fa-473b-ab42-22a41ce700c6","BART_072.basePlot.ltr","D01","BART","BART_072","BART_072_162","2016-10-31","2016-10-10","2016-10-24","2016-10-26T13:00Z","2016-11-01T11:30Z","NEON.LTR.BART072162.20161024","NEON.LTR.BART072162.20161024.FLR","NEON.DOC.001710vE","Flowers",0.005,"N","","Pes0SJTi6mB/L3kaeuPRUby8XD59hvb8"
"ea695ec3-d105-487f-9f03-220df78d5961","BART_072.basePlot.ltr","D01","BART","BART_072","BART_072_162","2016-10-31","2016-10-10","2016-10-24","2016-10-26T13:00Z","2016-11-01T11:30Z","NEON.LTR.BART072162.20161024","NEON.LTR.BART072162.20161024.WDY","NEON.DOC.001710vE","Woody material",0.32,"N","","Pes0SJTi6mB/L3kaeuPRUby8XD59hvb8"
"199d4008-e0ff-4c36-bfda-13e00e481a84","BART_072.basePlot.ltr","D01","BART","BART_072","BART_072_162","2016-10-31","2016-10-10","2016-10-24","2016-10-26T13:00Z","2016-11-01T11:30Z","NEON.LTR.BART072162.20161024","NEON.LTR.BART072162.20161024.SDS","NEON.DOC.001710vE","Seeds",0.28,"N","","Pes0SJTi6mB/L3kaeuPRUby8XD59hvb8"
"0cb870a1-5aca-4241-86f0-c65416da0560","BART_072.basePlot.ltr","D01","BART","BART_072","BART_072_162","2016-10-31","2016-10-10","2016-10-24","2016-10-26T13:00Z","2016-11-01T11:30Z","NEON.LTR.BART072162.20161024","NEON.LTR.BART072162.20161024.TWI","NEON.DOC.001710vE","Twigs/branches",1.21,"N","","Pes0SJTi6mB/L3kaeuPRUby8XD59hvb8"
"5e95e97c-88a4-4b68-841a-3e25e73fcbb3","BART_072.basePlot.ltr","D01","BART","BART_072","BART_072_162","2016-10-31","2016-10-10","2016-10-24","2016-10-26T13:00Z","2016-11-01T11:30Z","NEON.LTR.BART072162.20161024","NEON.LTR.BART072162.20161024.NDL","NEON.DOC.001710vE","Needles",1.11,"N","","Pes0SJTi6mB/L3kaeuPRUby8XD59hvb8"
"7548c060-7582-48d2-9061-548a61684c27","BART_041.basePlot.ltr","D01","BART","BART_041","BART_041_292","2016-10-31","2016-10-10","2016-10-24","2016-10-26T13:00Z","2016-11-01T11:30Z","NEON.LTR.BART041292.20161024","NEON.LTR.BART041292.20161024.OTH","NEON.DOC.001710vE","Other",0.88,"N","","Pes0SJTi6mB/L3kaeuPRUby8XD59hvb8"
"d3724a1f-69dd-4528-bf38-868ceccef90e","BART_047.basePlot.ltr","D01","BART","BART_047","BART_047_864","2016-10-31","2016-10-10","2016-10-24","2016-10-26T13:00Z","2016-11-01T11:30Z","NEON.LTR.BART047864.20161024","NEON.LTR.BART047864.20161024.FLR","NEON.DOC.001710vE","Flowers",0.09,"N","","Pes0SJTi6mB/L3kaeuPRUby8XD59hvb8"
"7d191d49-4c75-4f6a-90d7-3fc43dd8f5b4","BART_073.basePlot.ltr","D01","BART","BART_073","BART_073_409","2016-10-31","2016-10-10","2016-10-24","2016-10-26T13:00Z","2016-11-01T11:30Z","NEON.LTR.BART073409.20161024","NEON.LTR.BART073409.20161024.OTH","NEON.DOC.001710vE","Other",1.64,"N","","Pes0SJTi6mB/L3kaeuPRUby8XD59hvb8"
"4c87a9e3-85d5-4155-87a6-4e5821965c2e","BART_042.basePlot.ltr","D01","BART","BART_042","BART_042_587","2016-10-31","2016-10-10","2016-10-24","2016-10-26T13:00Z","2016-11-01T11:30Z","NEON.LTR.BART042587.20161024","NEON.LTR.BART042587.20161024.LVS","NEON.DOC.001710vE","Leaves",84.88,"N","","Pes0SJTi6mB/L3kaeuPRUby8XD59hvb8"
"c37e84f5-934c-4c56-b9db-8068b49971a3","BART_073.basePlot.ltr","D01","BART","BART_073","BART_073_409","2016-10-31","2016-10-10","2016-10-24","2016-10-26T13:00Z","2016-11-01T11:30Z","NEON.LTR.BART073409.20161024","NEON.LTR.BART073409.20161024.TWI","NEON.DOC.001710vE","Twigs/branches",0.18,"N","","Pes0SJTi6mB/L3kaeuPRUby8XD59hvb8"
"b5521da1-8103-4866-bbab-b0c2070cfd97","BART_042.basePlot.ltr","D01","BART","BART_042","BART_042_587","2016-10-31","2016-10-10","2016-10-24","2016-10-26T13:00Z","2016-11-01T11:30Z","NEON.LTR.BART042587.20161024","NEON.LTR.BART042587.20161024.TWI","NEON.DOC.001710vE","Twigs/branches",0.21,"N","","Pes0SJTi6mB/L3kaeuPRUby8XD59hvb8"
"5baa4a95-c89b-4b11-a54e-562e131ba89e","BART_073.basePlot.ltr","D01","BART","BART_073","BART_073_409","2016-10-31","2016-10-10","2016-10-24","2016-10-26T13:00Z","2016-11-01T11:30Z","NEON.LTR.BART073409.20161024","NEON.LTR.BART073409.20161024.FLR","NEON.DOC.001710vE","Flowers",0.005,"N","","Pes0SJTi6mB/L3kaeuPRUby8XD59hvb8"
"8087a5ca-8170-4ff3-b69e-513e97620092","BART_073.basePlot.ltr","D01","BART","BART_073","BART_073_409","2016-10-31","2016-10-10","2016-10-24","2016-10-26T13:00Z","2016-11-01T11:30Z","NEON.LTR.BART073409.20161024","NEON.LTR.BART073409.20161024.SDS","NEON.DOC.001710vE","Seeds",0.05,"N","","Pes0SJTi6mB/L3kaeuPRUby8XD59hvb8"
"2507ca1e-6a54-4c37-90ff-f6058af9cb7f","BART_073.basePlot.ltr","D01","BART","BART_073","BART_073_409","2016-10-31","2016-10-10","2016-10-24","2016-10-26T13:00Z","2016-11-01T11:30Z","NEON.LTR.BART073409.20161024","NEON.LTR.BART073409.20161024.WDY","NEON.DOC.001710vE","Woody material",0.06,"N","","Pes0SJTi6mB/L3kaeuPRUby8XD59hvb8"
"b90d54be-7954-403c-a5dc-7cad18f553db","BART_042.basePlot.ltr","D01","BART","BART_042","BART_042_587","2016-10-31","2016-10-10","2016-10-24","2016-10-26T13:00Z","2016-11-01T11:30Z","NEON.LTR.BART042587.20161024","NEON.LTR.BART042587.20161024.FLR","NEON.DOC.001710vE","Flowers",0.005,"Y","","Pes0SJTi6mB/L3kaeuPRUby8XD59hvb8"
"a0aad2d9-c441-4bd9-a78c-3611ebf66e21","BART_073.basePlot.ltr","D01","BART","BART_073","BART_073_409","2016-10-31","2016-10-10","2016-10-24","2016-10-26T13:00Z","2016-11-01T11:30Z","NEON.LTR.BART073409.20161024","NEON.LTR.BART073409.20161024.LVS","NEON.DOC.001710vE","Leaves",71.5,"N","","Pes0SJTi6mB/L3kaeuPRUby8XD59hvb8"
"fcb67b33-f8dd-4f8c-b32f-a8fa42fb5293","BART_042.basePlot.ltr","D01","BART","BART_042","BART_042_587","2016-10-31","2016-10-10","2016-10-24","2016-10-26T13:00Z","2016-11-01T11:30Z","NEON.LTR.BART042587.20161024","NEON.LTR.BART042587.20161024.OTH","NEON.DOC.001710vE","Other",1,"Y","","Pes0SJTi6mB/L3kaeuPRUby8XD59hvb8"
"6724c77e-9b3e-4879-a31d-3f439cf7cfa7","BART_073.basePlot.ltr","D01","BART","BART_073","BART_073_409","2016-10-31","2016-10-10","2016-10-24","2016-10-26T13:00Z","2016-11-01T11:30Z","NEON.LTR.BART073409.20161024","NEON.LTR.BART073409.20161024.NDL","NEON.DOC.001710vE","Needles",1.42,"N","","Pes0SJTi6mB/L3kaeuPRUby8XD59hvb8"
"a9befac3-425a-40e3-931b-0d13aba19ffd","BART_042.basePlot.ltr","D01","BART","BART_042","BART_042_587","2016-10-31","2016-10-10","2016-10-24","2016-10-26T13:00Z","2016-11-01T11:30Z","NEON.LTR.BART042587.20161024","NEON.LTR.BART042587.20161024.SDS","NEON.DOC.001710vE","Seeds",0.11,"Y","","Pes0SJTi6mB/L3kaeuPRUby8XD59hvb8"
"dbf47c77-ff6b-44d3-aee7-b3490398e6fc","BART_042.basePlot.ltr","D01","BART","BART_042","BART_042_587","2016-10-31","2016-10-10","2016-10-24","2016-10-26T13:00Z","2016-11-01T11:30Z","NEON.LTR.BART042587.20161024","NEON.LTR.BART042587.20161024.NDL","NEON.DOC.001710vE","Needles",1.32,"Y","","Pes0SJTi6mB/L3kaeuPRUby8XD59hvb8"
"60a26387-664d-46a7-845f-aef95f437ec4","BART_042.basePlot.ltr","D01","BART","BART_042","BART_042_587","2016-10-31","2016-10-10","2016-10-24","2016-10-26T13:00Z","2016-11-01T11:30Z","NEON.LTR.BART042587.20161024","NEON.LTR.BART042587.20161024.WDY","NEON.DOC.001710vE","Woody material",0.03,"N","","Pes0SJTi6mB/L3kaeuPRUby8XD59hvb8"
"a3ac35eb-6908-4314-8195-af173aedae0d","BART_037.basePlot.ltr","D01","BART","BART_037","BART_037_158","2016-10-31","2016-10-10","2016-10-24","2016-10-26T13:00Z","2016-11-01T11:30Z","NEON.LTR.BART037158.20161024","NEON.LTR.BART037158.20161024.OTH","NEON.DOC.001710vE","Other",0.16,"N","","Pes0SJTi6mB/L3kaeuPRUby8XD59hvb8"
"7c073027-79b4-4fbe-a291-6af8505a10d1","BART_037.basePlot.ltr","D01","BART","BART_037","BART_037_158","2016-10-31","2016-10-10","2016-10-24","2016-10-26T13:00Z","2016-11-01T11:30Z","NEON.LTR.BART037158.20161024","NEON.LTR.BART037158.20161024.SDS","NEON.DOC.001710vE","Seeds",0.14,"N","","Pes0SJTi6mB/L3kaeuPRUby8XD59hvb8"
"c363f2c1-1942-4cef-aa1a-5f5373eefd03","BART_037.basePlot.ltr","D01","BART","BART_037","BART_037_158","2016-10-31","2016-10-10","2016-10-24","2016-10-26T13:00Z","2016-11-01T11:30Z","NEON.LTR.BART037158.20161024","NEON.LTR.BART037158.20161024.FLR","NEON.DOC.001710vE","Flowers",0,"N","","Pes0SJTi6mB/L3kaeuPRUby8XD59hvb8"
"e0da1667-af37-40bb-82c6-22d026dcd6dd","BART_037.basePlot.ltr","D01","BART","BART_037","BART_037_158","2016-10-31","2016-10-10","2016-10-24","2016-10-26T13:00Z","2016-11-01T11:30Z","NEON.LTR.BART037158.20161024","NEON.LTR.BART037158.20161024.WDY","NEON.DOC.001710vE","Woody material",0.05,"N","","Pes0SJTi6mB/L3kaeuPRUby8XD59hvb8"
"745ae414-586b-4685-82ed-6f6d771bc790","BART_074.basePlot.ltr","D01","BART","BART_074","BART_074_942","2016-10-31","2016-10-10","2016-10-24","2016-10-26T13:00Z","2016-11-01T11:30Z","NEON.LTR.BART074942.20161024","NEON.LTR.BART074942.20161024.SDS","NEON.DOC.001710vE","Seeds",0.005,"N","","Pes0SJTi6mB/L3kaeuPRUby8XD59hvb8"
"6c892dc7-2943-4152-bd57-970b3a98b9ac","BART_074.basePlot.ltr","D01","BART","BART_074","BART_074_942","2016-10-31","2016-10-10","2016-10-24","2016-10-26T13:00Z","2016-11-01T11:30Z","NEON.LTR.BART074942.20161024","NEON.LTR.BART074942.20161024.FLR","NEON.DOC.001710vE","Flowers",0.005,"N","","Pes0SJTi6mB/L3kaeuPRUby8XD59hvb8"
"a382b908-bbae-441d-922e-d55043103ec6","BART_074.basePlot.ltr","D01","BART","BART_074","BART_074_942","2016-10-31","2016-10-10","2016-10-24","2016-10-26T13:00Z","2016-11-01T11:30Z","NEON.LTR.BART074942.20161024","NEON.LTR.BART074942.20161024.OTH","NEON.DOC.001710vE","Other",0.07,"N","","Pes0SJTi6mB/L3kaeuPRUby8XD59hvb8"
"ebaa0f66-c1b0-4b7b-9d17-637daf691283","BART_074.basePlot.ltr","D01","BART","BART_074","BART_074_942","2016-10-31","2016-10-10","2016-10-24","2016-10-26T13:00Z","2016-11-01T11:30Z","NEON.LTR.BART074942.20161024","NEON.LTR.BART074942.20161024.TWI","NEON.DOC.001710vE","Twigs/branches",0.05,"N","","Pes0SJTi6mB/L3kaeuPRUby8XD59hvb8"
"da091090-48b2-4c4e-994f-1f218875719b","BART_037.basePlot.ltr","D01","BART","BART_037","BART_037_158","2016-10-31","2016-10-10","2016-10-24","2016-10-26T13:00Z","2016-11-01T11:30Z","NEON.LTR.BART037158.20161024","NEON.LTR.BART037158.20161024.LVS","NEON.DOC.001710vE","Leaves",100.28,"N","","Pes0SJTi6mB/L3kaeuPRUby8XD59hvb8"
"99937f78-fbdd-41bf-87a4-2e8cf53e58ca","BART_037.basePlot.ltr","D01","BART","BART_037","BART_037_158","2016-10-31","2016-10-10","2016-10-24","2016-10-26T13:00Z","2016-11-01T11:30Z","NEON.LTR.BART037158.20161024","NEON.LTR.BART037158.20161024.TWI","NEON.DOC.001710vE","Twigs/branches",0.01,"N","","Pes0SJTi6mB/L3kaeuPRUby8XD59hvb8"
"bdee7447-9eb3-4908-b0cc-a4c76ef36aff","BART_074.basePlot.ltr","D01","BART","BART_074","BART_074_942","2016-10-31","2016-10-10","2016-10-24","2016-10-26T13:00Z","2016-11-01T11:30Z","NEON.LTR.BART074942.20161024","NEON.LTR.BART074942.20161024.WDY","NEON.DOC.001710vE","Woody material",0.04,"N","","Pes0SJTi6mB/L3kaeuPRUby8XD59hvb8"
"5706058b-7cc6-42c5-acf5-8e9a59621646","BART_037.basePlot.ltr","D01","BART","BART_037","BART_037_158","2016-10-31","2016-10-10","2016-10-24","2016-10-26T13:00Z","2016-11-01T11:30Z","NEON.LTR.BART037158.20161024","NEON.LTR.BART037158.20161024.NDL","NEON.DOC.001710vE","Needles",0.2,"N","","Pes0SJTi6mB/L3kaeuPRUby8XD59hvb8"
"f6513805-8179-43f5-8023-c7d1465b96cd","BART_074.basePlot.ltr","D01","BART","BART_074","BART_074_942","2016-10-31","2016-10-10","2016-10-24","2016-10-26T13:00Z","2016-11-01T11:30Z","NEON.LTR.BART074942.20161024","NEON.LTR.BART074942.20161024.NDL","NEON.DOC.001710vE","Needles",0.35,"N","","Pes0SJTi6mB/L3kaeuPRUby8XD59hvb8"
"8fef52a9-a137-4c2c-928c-217c89032e00","BART_074.basePlot.ltr","D01","BART","BART_074","BART_074_942","2016-10-31","2016-10-10","2016-10-24","2016-10-26T13:00Z","2016-11-01T11:30Z","NEON.LTR.BART074942.20161024","NEON.LTR.BART074942.20161024.LVS","NEON.DOC.001710vE","Leaves",63.52,"N","","Pes0SJTi6mB/L3kaeuPRUby8XD59hvb8"
"29adb12d-f3f9-45a7-9611-274c307ae100","BART_044.basePlot.ltr","D01","BART","BART_044","BART_044_410","2016-10-31","2016-10-10","2016-10-24","2016-10-26T13:00Z","2016-11-01T11:30Z","NEON.LTR.BART044410.20161024","NEON.LTR.BART044410.20161024.LVS","NEON.DOC.001710vE","Leaves",65.3,"N","","Pes0SJTi6mB/L3kaeuPRUby8XD59hvb8"
"39927257-8074-4d26-a9c4-b2fdf5959d7f","BART_044.basePlot.ltr","D01","BART","BART_044","BART_044_410","2016-10-31","2016-10-10","2016-10-24","2016-10-26T13:00Z","2016-11-01T11:30Z","NEON.LTR.BART044410.20161024","NEON.LTR.BART044410.20161024.FLR","NEON.DOC.001710vE","Flowers",0.005,"N","","Pes0SJTi6mB/L3kaeuPRUby8XD59hvb8"
"71ff8ea4-ba4b-4a35-a16a-892efbe89423","BART_044.basePlot.ltr","D01","BART","BART_044","BART_044_410","2016-10-31","2016-10-10","2016-10-24","2016-10-26T13:00Z","2016-11-01T11:30Z","NEON.LTR.BART044410.20161024","NEON.LTR.BART044410.20161024.TWI","NEON.DOC.001710vE","Twigs/branches",0.2,"N","","Pes0SJTi6mB/L3kaeuPRUby8XD59hvb8"
"2058ab22-e1a6-4301-86ca-77c92daa9bd3","BART_044.basePlot.ltr","D01","BART","BART_044","BART_044_410","2016-10-31","2016-10-10","2016-10-24","2016-10-26T13:00Z","2016-11-01T11:30Z","NEON.LTR.BART044410.20161024","NEON.LTR.BART044410.20161024.NDL","NEON.DOC.001710vE","Needles",0.56,"N","","Pes0SJTi6mB/L3kaeuPRUby8XD59hvb8"
"da3ee595-0149-4e1f-966d-88a3cbe3e0b4","BART_044.basePlot.ltr","D01","BART","BART_044","BART_044_410","2016-10-31","2016-10-10","2016-10-24","2016-10-26T13:00Z","2016-11-01T11:30Z","NEON.LTR.BART044410.20161024","NEON.LTR.BART044410.20161024.OTH","NEON.DOC.001710vE","Other",0.25,"N","","Pes0SJTi6mB/L3kaeuPRUby8XD59hvb8"
"e779a5cd-e4e0-4419-b6ba-c0839cb161c5","BART_044.basePlot.ltr","D01","BART","BART_044","BART_044_410","2016-10-31","2016-10-10","2016-10-24","2016-10-26T13:00Z","2016-11-01T11:30Z","NEON.LTR.BART044410.20161024","NEON.LTR.BART044410.20161024.SDS","NEON.DOC.001710vE","Seeds",0.01,"N","","Pes0SJTi6mB/L3kaeuPRUby8XD59hvb8"
"8f6d2b32-cc72-4935-810a-611ae2e12216","BART_044.basePlot.ltr","D01","BART","BART_044","BART_044_410","2016-10-31","2016-10-10","2016-10-24","2016-10-26T13:00Z","2016-11-01T11:30Z","NEON.LTR.BART044410.20161024","NEON.LTR.BART044410.20161024.WDY","NEON.DOC.001710vE","Woody material",0.09,"N","","Pes0SJTi6mB/L3kaeuPRUby8XD59hvb8"
"3e161624-e078-4379-9895-3709cb59bf9a","BART_075.basePlot.ltr","D01","BART","BART_075","BART_075_819","2016-10-31","2016-10-10","2016-10-24","2016-10-26T13:00Z","2016-11-01T11:30Z","NEON.LTR.BART075819.20161024","NEON.LTR.BART075819.20161024.WDY","NEON.DOC.001710vE","Woody material",0.54,"N","","Pes0SJTi6mB/L3kaeuPRUby8XD59hvb8"
"b87740d4-0f1b-4fd6-b168-2db57ad17477","BART_075.basePlot.ltr","D01","BART","BART_075","BART_075_819","2016-10-31","2016-10-10","2016-10-24","2016-10-26T13:00Z","2016-11-01T11:30Z","NEON.LTR.BART075819.20161024","NEON.LTR.BART075819.20161024.NDL","NEON.DOC.001710vE","Needles",0.7,"N","","Pes0SJTi6mB/L3kaeuPRUby8XD59hvb8"
"622817e2-6725-426c-9fd7-c023b511b677","BART_075.basePlot.ltr","D01","BART","BART_075","BART_075_819","2016-10-31","2016-10-10","2016-10-24","2016-10-26T13:00Z","2016-11-01T11:30Z","NEON.LTR.BART075819.20161024","NEON.LTR.BART075819.20161024.SDS","NEON.DOC.001710vE","Seeds",0.005,"N","","Pes0SJTi6mB/L3kaeuPRUby8XD59hvb8"
"fd950dc6-1026-4544-8574-df44ca5f864d","BART_075.basePlot.ltr","D01","BART","BART_075","BART_075_819","2016-10-31","2016-10-10","2016-10-24","2016-10-26T13:00Z","2016-11-01T11:30Z","NEON.LTR.BART075819.20161024","NEON.LTR.BART075819.20161024.OTH","NEON.DOC.001710vE","Other",0.34,"N","","Pes0SJTi6mB/L3kaeuPRUby8XD59hvb8"
"d3a0b0d6-a344-47da-85ee-4cbeedc34341","BART_075.basePlot.ltr","D01","BART","BART_075","BART_075_819","2016-10-31","2016-10-10","2016-10-24","2016-10-26T13:00Z","2016-11-01T11:30Z","NEON.LTR.BART075819.20161024","NEON.LTR.BART075819.20161024.TWI","NEON.DOC.001710vE","Twigs/branches",0.16,"N","","Pes0SJTi6mB/L3kaeuPRUby8XD59hvb8"
"9cd5fb54-0be3-4c1f-a226-0a121dd80904","BART_075.basePlot.ltr","D01","BART","BART_075","BART_075_819","2016-10-31","2016-10-10","2016-10-24","2016-10-26T13:00Z","2016-11-01T11:30Z","NEON.LTR.BART075819.20161024","NEON.LTR.BART075819.20161024.LVS","NEON.DOC.001710vE","Leaves",145.48,"N","","Pes0SJTi6mB/L3kaeuPRUby8XD59hvb8"
"0fa0d5f5-9685-4eaf-87da-9f679475782f","BART_075.basePlot.ltr","D01","BART","BART_075","BART_075_819","2016-10-31","2016-10-10","2016-10-24","2016-10-26T13:00Z","2016-11-01T11:30Z","NEON.LTR.BART075819.20161024","NEON.LTR.BART075819.20161024.FLR","NEON.DOC.001710vE","Flowers",0.005,"N","","Pes0SJTi6mB/L3kaeuPRUby8XD59hvb8"
"1316cf48-14dd-4092-accc-be0acd7ebc1c","BART_051.basePlot.ltr","D01","BART","BART_051","BART_051_813","2016-10-31","2016-10-10","2016-10-24","2016-10-26T13:00Z","2016-11-01T11:30Z","NEON.LTR.BART051813.20161024","NEON.LTR.BART051813.20161024.LVS","NEON.DOC.001710vE","Leaves",34.54,"N","","Pes0SJTi6mB/L3kaeuPRUby8XD59hvb8"
"f2992531-d890-4ea7-9b74-0e2fffb7a133","BART_051.basePlot.ltr","D01","BART","BART_051","BART_051_813","2016-10-31","2016-10-10","2016-10-24","2016-10-26T13:00Z","2016-11-01T11:30Z","NEON.LTR.BART051813.20161024","NEON.LTR.BART051813.20161024.NDL","NEON.DOC.001710vE","Needles",4.74,"N","","Pes0SJTi6mB/L3kaeuPRUby8XD59hvb8"
"25b5dd25-7394-4e7f-acf6-22108b4e200d","BART_051.basePlot.ltr","D01","BART","BART_051","BART_051_813","2016-10-31","2016-10-10","2016-10-24","2016-10-26T13:00Z","2016-11-01T11:30Z","NEON.LTR.BART051813.20161024","NEON.LTR.BART051813.20161024.TWI","NEON.DOC.001710vE","Twigs/branches",0.12,"N","","Pes0SJTi6mB/L3kaeuPRUby8XD59hvb8"
"731d3864-806d-486a-a6c5-3bfe945de5aa","BART_051.basePlot.ltr","D01","BART","BART_051","BART_051_813","2016-10-31","2016-10-10","2016-10-24","2016-10-26T13:00Z","2016-11-01T11:30Z","NEON.LTR.BART051813.20161024","NEON.LTR.BART051813.20161024.SDS","NEON.DOC.001710vE","Seeds",0.005,"N","","Pes0SJTi6mB/L3kaeuPRUby8XD59hvb8"
"f30c4b84-2200-4a85-8d93-2edd73264514","BART_051.basePlot.ltr","D01","BART","BART_051","BART_051_813","2016-10-31","2016-10-10","2016-10-24","2016-10-26T13:00Z","2016-11-01T11:30Z","NEON.LTR.BART051813.20161024","NEON.LTR.BART051813.20161024.FLR","NEON.DOC.001710vE","Flowers",0.005,"N","","Pes0SJTi6mB/L3kaeuPRUby8XD59hvb8"
"e5ed6de6-c74b-4518-91f3-d260effbaef7","BART_051.basePlot.ltr","D01","BART","BART_051","BART_051_813","2016-10-31","2016-10-10","2016-10-24","2016-10-26T13:00Z","2016-11-01T11:30Z","NEON.LTR.BART051813.20161024","NEON.LTR.BART051813.20161024.OTH","NEON.DOC.001710vE","Other",0.005,"N","","Pes0SJTi6mB/L3kaeuPRUby8XD59hvb8"
"26d264c0-fc08-48a4-a822-f58b1c9c9d71","BART_051.basePlot.ltr","D01","BART","BART_051","BART_051_813","2016-10-31","2016-10-10","2016-10-24","2016-10-26T13:00Z","2016-11-01T11:30Z","NEON.LTR.BART051813.20161024","NEON.LTR.BART051813.20161024.WDY","NEON.DOC.001710vE","Woody material",0.39,"N","","Pes0SJTi6mB/L3kaeuPRUby8XD59hvb8"
"19a3c502-b8db-49f2-b9f4-c2fd360e3604","BART_051.basePlot.ltr","D01","BART","BART_051","BART_051_574","2016-10-31","2016-10-10","2016-10-24","2016-10-26T13:00Z","2016-11-01T11:30Z","NEON.LTR.BART051574.20161024","NEON.LTR.BART051574.20161024.NDL","NEON.DOC.001710vE","Needles",2.76,"N","","Pes0SJTi6mB/L3kaeuPRUby8XD59hvb8"
"b213b469-e4f7-401d-bfb3-e4820e06f69a","BART_039.basePlot.ltr","D01","BART","BART_039","BART_039_930","2016-10-31","2016-10-10","2016-10-24","2016-10-26T13:00Z","2016-11-01T11:30Z","NEON.LTR.BART039930.20161024","NEON.LTR.BART039930.20161024.TWI","NEON.DOC.001710vE","Twigs/branches",1.44,"N","","Pes0SJTi6mB/L3kaeuPRUby8XD59hvb8"
"ed976cfb-30c2-464f-a57c-bb9ecff44497","BART_051.basePlot.ltr","D01","BART","BART_051","BART_051_574","2016-10-31","2016-10-10","2016-10-24","2016-10-26T13:00Z","2016-11-01T11:30Z","NEON.LTR.BART051574.20161024","NEON.LTR.BART051574.20161024.TWI","NEON.DOC.001710vE","Twigs/branches",0.12,"Y","","Pes0SJTi6mB/L3kaeuPRUby8XD59hvb8"
"5ec355c3-bf7d-4059-8182-052ab47df2e4","BART_039.basePlot.ltr","D01","BART","BART_039","BART_039_930","2016-10-31","2016-10-10","2016-10-24","2016-10-26T13:00Z","2016-11-01T11:30Z","NEON.LTR.BART039930.20161024","NEON.LTR.BART039930.20161024.NDL","NEON.DOC.001710vE","Needles",3.23,"Y","","Pes0SJTi6mB/L3kaeuPRUby8XD59hvb8"
"7cb24dd0-7fd5-4baf-ba33-2ea79c85e70a","BART_051.basePlot.ltr","D01","BART","BART_051","BART_051_574","2016-10-31","2016-10-10","2016-10-24","2016-10-26T13:00Z","2016-11-01T11:30Z","NEON.LTR.BART051574.20161024","NEON.LTR.BART051574.20161024.WDY","NEON.DOC.001710vE","Woody material",0.01,"N","","Pes0SJTi6mB/L3kaeuPRUby8XD59hvb8"
"934cfd13-b5f4-4f00-9e94-86f33178c100","BART_051.basePlot.ltr","D01","BART","BART_051","BART_051_574","2016-10-31","2016-10-10","2016-10-24","2016-10-26T13:00Z","2016-11-01T11:30Z","NEON.LTR.BART051574.20161024","NEON.LTR.BART051574.20161024.OTH","NEON.DOC.001710vE","Other",1.04,"N","","Pes0SJTi6mB/L3kaeuPRUby8XD59hvb8"
"7674a4b2-d066-4fc6-8ea8-359ff62d6c46","BART_039.basePlot.ltr","D01","BART","BART_039","BART_039_930","2016-10-31","2016-10-10","2016-10-24","2016-10-26T13:00Z","2016-11-01T11:30Z","NEON.LTR.BART039930.20161024","NEON.LTR.BART039930.20161024.SDS","NEON.DOC.001710vE","Seeds",0.005,"N","","Pes0SJTi6mB/L3kaeuPRUby8XD59hvb8"
"3044c1d6-4bea-4c83-9448-da2840f335cb","BART_051.basePlot.ltr","D01","BART","BART_051","BART_051_574","2016-10-31","2016-10-10","2016-10-24","2016-10-26T13:00Z","2016-11-01T11:30Z","NEON.LTR.BART051574.20161024","NEON.LTR.BART051574.20161024.SDS","NEON.DOC.001710vE","Seeds",0.005,"N","","Pes0SJTi6mB/L3kaeuPRUby8XD59hvb8"
"0b9fd382-28cc-4f4b-8807-95adb3448d5f","BART_039.basePlot.ltr","D01","BART","BART_039","BART_039_930","2016-10-31","2016-10-10","2016-10-24","2016-10-26T13:00Z","2016-11-01T11:30Z","NEON.LTR.BART039930.20161024","NEON.LTR.BART039930.20161024.LVS","NEON.DOC.001710vE","Leaves",45.59,"N","","Pes0SJTi6mB/L3kaeuPRUby8XD59hvb8"
"0ed50ef6-3b1f-45d6-85bd-95b4786d588b","BART_039.basePlot.ltr","D01","BART","BART_039","BART_039_930","2016-10-31","2016-10-10","2016-10-24","2016-10-26T13:00Z","2016-11-01T11:30Z","NEON.LTR.BART039930.20161024","NEON.LTR.BART039930.20161024.FLR","NEON.DOC.001710vE","Flowers",0,"N","","Pes0SJTi6mB/L3kaeuPRUby8XD59hvb8"
"e041dbf2-5c54-4f78-a562-08d592e792d6","BART_039.basePlot.ltr","D01","BART","BART_039","BART_039_930","2016-10-31","2016-10-10","2016-10-24","2016-10-26T13:00Z","2016-11-01T11:30Z","NEON.LTR.BART039930.20161024","NEON.LTR.BART039930.20161024.WDY","NEON.DOC.001710vE","Woody material",0,"N","","Pes0SJTi6mB/L3kaeuPRUby8XD59hvb8"
"76ab0de0-71c3-41ea-bb14-b01c773846e7","BART_051.basePlot.ltr","D01","BART","BART_051","BART_051_574","2016-10-31","2016-10-10","2016-10-24","2016-10-26T13:00Z","2016-11-01T11:30Z","NEON.LTR.BART051574.20161024","NEON.LTR.BART051574.20161024.LVS","NEON.DOC.001710vE","Leaves",54.72,"N","","Pes0SJTi6mB/L3kaeuPRUby8XD59hvb8"
"09a9f888-1e59-44b1-bf4c-4ddab8196df5","BART_051.basePlot.ltr","D01","BART","BART_051","BART_051_574","2016-10-31","2016-10-10","2016-10-24","2016-10-26T13:00Z","2016-11-01T11:30Z","NEON.LTR.BART051574.20161024","NEON.LTR.BART051574.20161024.FLR","NEON.DOC.001710vE","Flowers",0.005,"N","","Pes0SJTi6mB/L3kaeuPRUby8XD59hvb8"
"50e40544-a65e-471f-ab82-c21e375b23b0","BART_039.basePlot.ltr","D01","BART","BART_039","BART_039_930","2016-10-31","2016-10-10","2016-10-24","2016-10-26T13:00Z","2016-11-01T11:30Z","NEON.LTR.BART039930.20161024","NEON.LTR.BART039930.20161024.OTH","NEON.DOC.001710vE","Other",1.27,"N","","Pes0SJTi6mB/L3kaeuPRUby8XD59hvb8"
"e19b718d-fb32-48e3-bd3b-64fb74ce4927","BART_032.basePlot.ltr","D01","BART","BART_032","BART_032_662","2016-10-31","2016-10-10","2016-10-24","2016-10-26T13:00Z","2016-11-01T11:30Z","NEON.LTR.BART032662.20161024","NEON.LTR.BART032662.20161024.OTH","NEON.DOC.001710vE","Other",0.09,"N","","Pes0SJTi6mB/L3kaeuPRUby8XD59hvb8"
"87cccee4-fa37-4108-9df7-93becf89b565","BART_047.basePlot.ltr","D01","BART","BART_047","BART_047_046","2016-11-15","2015-05-18","2016-11-07","2016-11-10T17:10Z","2016-11-15T20:15Z","NEON.LTR.BART047046.20161107","NEON.LTR.BART047046.20161107.LVS","NEON.DOC.001710vE","Leaves",5.32,"N","","Pes0SJTi6mB/L3kaeuPRUby8XD59hvb8"
"5b4bbd92-e50b-479f-aafb-b135841e0710","BART_047.basePlot.ltr","D01","BART","BART_047","BART_047_046","2016-11-15","2015-05-18","2016-11-07","2016-11-10T17:10Z","2016-11-15T20:15Z","NEON.LTR.BART047046.20161107","NEON.LTR.BART047046.20161107.NDL","NEON.DOC.001710vE","Needles",0.41,"N","","Pes0SJTi6mB/L3kaeuPRUby8XD59hvb8"
"4895df31-5d4c-4c8a-94b5-1865a28c80aa","BART_047.basePlot.ltr","D01","BART","BART_047","BART_047_046","2016-11-15","2015-05-18","2016-11-07","2016-11-10T17:10Z","2016-11-15T20:15Z","NEON.LTR.BART047046.20161107","NEON.LTR.BART047046.20161107.FLR","NEON.DOC.001710vE","Flowers",0,"N","","Pes0SJTi6mB/L3kaeuPRUby8XD59hvb8"
"2ea3a04f-46ae-49db-858b-0274fdd3a93e","BART_047.basePlot.ltr","D01","BART","BART_047","BART_047_046","2016-11-15","2015-05-18","2016-11-07","2016-11-10T17:10Z","2016-11-15T20:15Z","NEON.LTR.BART047046.20161107","NEON.LTR.BART047046.20161107.SDS","NEON.DOC.001710vE","Seeds",0.005,"N","","Pes0SJTi6mB/L3kaeuPRUby8XD59hvb8"
"990d6ec2-3e6d-4786-a0df-3809d11fbd00","BART_047.basePlot.ltr","D01","BART","BART_047","BART_047_046","2016-11-15","2015-05-18","2016-11-07","2016-11-10T17:10Z","2016-11-15T20:15Z","NEON.LTR.BART047046.20161107","NEON.LTR.BART047046.20161107.WDY","NEON.DOC.001710vE","Woody material",0.07,"N","","Pes0SJTi6mB/L3kaeuPRUby8XD59hvb8"
"eff9cf1a-58e6-4465-b392-db7831b029a3","BART_047.basePlot.ltr","D01","BART","BART_047","BART_047_046","2016-11-15","2015-05-18","2016-11-07","2016-11-10T17:10Z","2016-11-15T20:15Z","NEON.LTR.BART047046.20161107","NEON.LTR.BART047046.20161107.TWI","NEON.DOC.001710vE","Twigs/branches",0.03,"Y","","Pes0SJTi6mB/L3kaeuPRUby8XD59hvb8"
"a38f48dd-ad8d-46f2-a384-a7358216426c","BART_040.basePlot.ltr","D01","BART","BART_040","BART_040_158","2016-11-15","2015-05-18","2016-11-07","2016-11-10T17:10Z","2016-11-15T20:15Z","NEON.LTR.BART040158.20161107","NEON.LTR.BART040158.20161107.OTH","NEON.DOC.001710vE","Other",0.07,"N","","EkSno5X21V+6BMsaD1wBB48CY0mHxVq/"
"a16b647b-d810-4441-8cd4-756950a46cf0","BART_040.basePlot.ltr","D01","BART","BART_040","BART_040_158","2016-11-15","2015-05-18","2016-11-07","2016-11-10T17:10Z","2016-11-15T20:15Z","NEON.LTR.BART040158.20161107","NEON.LTR.BART040158.20161107.FLR","NEON.DOC.001710vE","Flowers",0.005,"N","","EkSno5X21V+6BMsaD1wBB48CY0mHxVq/"
"764ce567-c065-436b-ae37-bffaaf7a145a","BART_040.basePlot.ltr","D01","BART","BART_040","BART_040_158","2016-11-15","2015-05-18","2016-11-07","2016-11-10T17:10Z","2016-11-15T20:15Z","NEON.LTR.BART040158.20161107","NEON.LTR.BART040158.20161107.NDL","NEON.DOC.001710vE","Needles",0.06,"N","","EkSno5X21V+6BMsaD1wBB48CY0mHxVq/"
"a0cd3a83-6c50-4b3b-aa41-fa934017dd9f","BART_040.basePlot.ltr","D01","BART","BART_040","BART_040_158","2016-11-15","2015-05-18","2016-11-07","2016-11-10T17:10Z","2016-11-15T20:15Z","NEON.LTR.BART040158.20161107","NEON.LTR.BART040158.20161107.WDY","NEON.DOC.001710vE","Woody material",0.005,"N","","EkSno5X21V+6BMsaD1wBB48CY0mHxVq/"
"f49875b2-4c39-47db-9319-bfe36ffeeab9","BART_040.basePlot.ltr","D01","BART","BART_040","BART_040_158","2016-11-15","2015-05-18","2016-11-07","2016-11-10T17:10Z","2016-11-15T20:15Z","NEON.LTR.BART040158.20161107","NEON.LTR.BART040158.20161107.TWI","NEON.DOC.001710vE","Twigs/branches",0.005,"N","","EkSno5X21V+6BMsaD1wBB48CY0mHxVq/"
"7c566f63-9d19-495c-981b-014d2e3f2ef6","BART_040.basePlot.ltr","D01","BART","BART_040","BART_040_158","2016-11-15","2015-05-18","2016-11-07","2016-11-10T17:10Z","2016-11-15T20:15Z","NEON.LTR.BART040158.20161107","NEON.LTR.BART040158.20161107.LVS","NEON.DOC.001710vE","Leaves",13.66,"N","","EkSno5X21V+6BMsaD1wBB48CY0mHxVq/"
"3e82806f-7a91-45be-b8d9-f69d27036b8d","BART_040.basePlot.ltr","D01","BART","BART_040","BART_040_158","2016-11-15","2015-05-18","2016-11-07","2016-11-10T17:10Z","2016-11-15T20:15Z","NEON.LTR.BART040158.20161107","NEON.LTR.BART040158.20161107.SDS","NEON.DOC.001710vE","Seeds",0.01,"N","","EkSno5X21V+6BMsaD1wBB48CY0mHxVq/"
"f4155342-b3a5-4881-9474-f047a8fa34b5","BART_040.basePlot.ltr","D01","BART","BART_040","BART_040_884","2016-11-15","2015-05-18","2016-11-07","2016-11-10T17:10Z","2016-11-15T20:15Z","NEON.LTR.BART040884.20161107","NEON.LTR.BART040884.20161107.OTH","NEON.DOC.001710vE","Other",0.005,"N","","Pes0SJTi6mB/L3kaeuPRUby8XD59hvb8"
"3a6631ad-66c3-4eda-a80d-ad34a251f563","BART_040.basePlot.ltr","D01","BART","BART_040","BART_040_884","2016-11-15","2015-05-18","2016-11-07","2016-11-10T17:10Z","2016-11-15T20:15Z","NEON.LTR.BART040884.20161107","NEON.LTR.BART040884.20161107.SDS","NEON.DOC.001710vE","Seeds",0.005,"N","","Pes0SJTi6mB/L3kaeuPRUby8XD59hvb8"
"e5383561-4e79-4b56-a96e-9a210bb52b13","BART_040.basePlot.ltr","D01","BART","BART_040","BART_040_884","2016-11-15","2015-05-18","2016-11-07","2016-11-10T17:10Z","2016-11-15T20:15Z","NEON.LTR.BART040884.20161107","NEON.LTR.BART040884.20161107.FLR","NEON.DOC.001710vE","Flowers",0,"N","","Pes0SJTi6mB/L3kaeuPRUby8XD59hvb8"
"045382f3-8e67-462f-8505-539b1d65185e","BART_040.basePlot.ltr","D01","BART","BART_040","BART_040_884","2016-11-15","2015-05-18","2016-11-07","2016-11-10T17:10Z","2016-11-15T20:15Z","NEON.LTR.BART040884.20161107","NEON.LTR.BART040884.20161107.NDL","NEON.DOC.001710vE","Needles",0.03,"N","","Pes0SJTi6mB/L3kaeuPRUby8XD59hvb8"
"3f663448-fdd9-47b7-a15d-7dca65d080e9","BART_040.basePlot.ltr","D01","BART","BART_040","BART_040_884","2016-11-15","2015-05-18","2016-11-07","2016-11-10T17:10Z","2016-11-15T20:15Z","NEON.LTR.BART040884.20161107","NEON.LTR.BART040884.20161107.WDY","NEON.DOC.001710vE","Woody material",0,"N","","Pes0SJTi6mB/L3kaeuPRUby8XD59hvb8"
"3da3cbf5-ad85-435e-9736-2a07605790ff","BART_040.basePlot.ltr","D01","BART","BART_040","BART_040_884","2016-11-15","2015-05-18","2016-11-07","2016-11-10T17:10Z","2016-11-15T20:15Z","NEON.LTR.BART040884.20161107","NEON.LTR.BART040884.20161107.TWI","NEON.DOC.001710vE","Twigs/branches",0.005,"N","","Pes0SJTi6mB/L3kaeuPRUby8XD59hvb8"
"c0995382-ab44-42e6-b458-cb4c04df7a1c","BART_040.basePlot.ltr","D01","BART","BART_040","BART_040_884","2016-11-15","2015-05-18","2016-11-07","2016-11-10T17:10Z","2016-11-15T20:15Z","NEON.LTR.BART040884.20161107","NEON.LTR.BART040884.20161107.LVS","NEON.DOC.001710vE","Leaves",6.33,"N","","Pes0SJTi6mB/L3kaeuPRUby8XD59hvb8"
"44849131-80c1-4eab-8aad-0c5e61774211","BART_073.basePlot.ltr","D01","BART","BART_073","BART_073_539","2016-11-15","2015-05-18","2016-11-07","2016-11-10T17:10Z","2016-11-15T20:15Z","NEON.LTR.BART073539.20161107","NEON.LTR.BART073539.20161107.FLR","NEON.DOC.001710vE","Flowers",0.005,"N","","EkSno5X21V+6BMsaD1wBB48CY0mHxVq/"
"e51902cc-79b4-4c48-8e79-ba0f2bcbced3","BART_073.basePlot.ltr","D01","BART","BART_073","BART_073_539","2016-11-15","2015-05-18","2016-11-07","2016-11-10T17:10Z","2016-11-15T20:15Z","NEON.LTR.BART073539.20161107","NEON.LTR.BART073539.20161107.NDL","NEON.DOC.001710vE","Needles",0.42,"N","","EkSno5X21V+6BMsaD1wBB48CY0mHxVq/"
"a23f2ed7-47d3-4bf6-a3b6-2cbea8158e37","BART_073.basePlot.ltr","D01","BART","BART_073","BART_073_539","2016-11-15","2015-05-18","2016-11-07","2016-11-10T17:10Z","2016-11-15T20:15Z","NEON.LTR.BART073539.20161107","NEON.LTR.BART073539.20161107.OTH","NEON.DOC.001710vE","Other",0.05,"N","","EkSno5X21V+6BMsaD1wBB48CY0mHxVq/"
"4f0d2bbb-0058-4903-8c0a-726dc56ab818","BART_073.basePlot.ltr","D01","BART","BART_073","BART_073_539","2016-11-15","2015-05-18","2016-11-07","2016-11-10T17:10Z","2016-11-15T20:15Z","NEON.LTR.BART073539.20161107","NEON.LTR.BART073539.20161107.TWI","NEON.DOC.001710vE","Twigs/branches",0.17,"N","","EkSno5X21V+6BMsaD1wBB48CY0mHxVq/"
"0ab5d02d-ab0d-4ada-98b1-a48e1088e4a3","BART_073.basePlot.ltr","D01","BART","BART_073","BART_073_539","2016-11-15","2015-05-18","2016-11-07","2016-11-10T17:10Z","2016-11-15T20:15Z","NEON.LTR.BART073539.20161107","NEON.LTR.BART073539.20161107.SDS","NEON.DOC.001710vE","Seeds",0.01,"N","","EkSno5X21V+6BMsaD1wBB48CY0mHxVq/"
"923e8a68-cf47-47db-9a56-a83bf4d5c298","BART_073.basePlot.ltr","D01","BART","BART_073","BART_073_539","2016-11-15","2015-05-18","2016-11-07","2016-11-10T17:10Z","2016-11-15T20:15Z","NEON.LTR.BART073539.20161107","NEON.LTR.BART073539.20161107.LVS","NEON.DOC.001710vE","Leaves",7.16,"N","","EkSno5X21V+6BMsaD1wBB48CY0mHxVq/"
"c5666267-0a1c-4b41-b1cd-f635329cb553","BART_073.basePlot.ltr","D01","BART","BART_073","BART_073_539","2016-11-15","2015-05-18","2016-11-07","2016-11-10T17:10Z","2016-11-15T20:15Z","NEON.LTR.BART073539.20161107","NEON.LTR.BART073539.20161107.WDY","NEON.DOC.001710vE","Woody material",0.08,"N","","EkSno5X21V+6BMsaD1wBB48CY0mHxVq/"
"56989417-7bcd-47f6-ad33-1bf5ec7babc4","BART_047.basePlot.ltr","D01","BART","BART_047","BART_047_046","2016-11-15","2015-05-18","2016-11-07","2016-11-10T17:10Z","2016-11-15T20:15Z","NEON.LTR.BART047046.20161107","NEON.LTR.BART047046.20161107.OTH","NEON.DOC.001710vE","Other",0.01,"N","","Pes0SJTi6mB/L3kaeuPRUby8XD59hvb8"
"39054ebb-0c6a-4387-befe-7b6c01d77a76","BART_039.basePlot.ltr","D01","BART","BART_039","BART_039_930","2016-11-15","2015-05-19","2016-11-07","2016-11-10T17:10Z","2016-11-15T20:15Z","NEON.LTR.BART039930.20161107","NEON.LTR.BART039930.20161107.SDS","NEON.DOC.001710vE","Seeds",0.005,"Y","","Pes0SJTi6mB/L3kaeuPRUby8XD59hvb8"
"2e73a843-3add-4040-9df8-11edc638be25","BART_041.basePlot.ltr","D01","BART","BART_041","BART_041_292","2016-11-15","2015-05-19","2016-11-07","2016-11-10T17:10Z","2016-11-15T20:15Z","NEON.LTR.BART041292.20161107","NEON.LTR.BART041292.20161107.WDY","NEON.DOC.001710vE","Woody material",0.44,"N","","Pes0SJTi6mB/L3kaeuPRUby8XD59hvb8"
"ecef2475-ae3f-43d0-a996-4cd40ff10a0b","BART_039.basePlot.ltr","D01","BART","BART_039","BART_039_930","2016-11-15","2015-05-19","2016-11-07","2016-11-10T17:10Z","2016-11-15T20:15Z","NEON.LTR.BART039930.20161107","NEON.LTR.BART039930.20161107.FLR","NEON.DOC.001710vE","Flowers",0.005,"N","","Pes0SJTi6mB/L3kaeuPRUby8XD59hvb8"
"108137bc-f222-489a-97b7-97381cac297e","BART_039.basePlot.ltr","D01","BART","BART_039","BART_039_930","2016-11-15","2015-05-19","2016-11-07","2016-11-10T17:10Z","2016-11-15T20:15Z","NEON.LTR.BART039930.20161107","NEON.LTR.BART039930.20161107.NDL","NEON.DOC.001710vE","Needles",0.93,"N","","Pes0SJTi6mB/L3kaeuPRUby8XD59hvb8"
"066b57e9-0c03-43b7-8c67-2aeb036e27a7","BART_039.basePlot.ltr","D01","BART","BART_039","BART_039_930","2016-11-15","2015-05-19","2016-11-07","2016-11-10T17:10Z","2016-11-15T20:15Z","NEON.LTR.BART039930.20161107","NEON.LTR.BART039930.20161107.TWI","NEON.DOC.001710vE","Twigs/branches",0.1,"N","","Pes0SJTi6mB/L3kaeuPRUby8XD59hvb8"
"093f3d14-0def-4027-9aec-5be84af806da","BART_039.basePlot.ltr","D01","BART","BART_039","BART_039_930","2016-11-15","2015-05-19","2016-11-07","2016-11-10T17:10Z","2016-11-15T20:15Z","NEON.LTR.BART039930.20161107","NEON.LTR.BART039930.20161107.LVS","NEON.DOC.001710vE","Leaves",10.91,"N","","Pes0SJTi6mB/L3kaeuPRUby8XD59hvb8"
"8d68b4f4-3410-4f0a-bdc6-5aa7682f6663","BART_039.basePlot.ltr","D01","BART","BART_039","BART_039_930","2016-11-15","2015-05-19","2016-11-07","2016-11-10T17:10Z","2016-11-15T20:15Z","NEON.LTR.BART039930.20161107","NEON.LTR.BART039930.20161107.WDY","NEON.DOC.001710vE","Woody material",0.005,"N","","Pes0SJTi6mB/L3kaeuPRUby8XD59hvb8"
"d02bc936-050a-49bb-bb8b-0b5af4843723","BART_073.basePlot.ltr","D01","BART","BART_073","BART_073_409","2016-11-15","2015-05-19","2016-11-07","2016-11-10T17:10Z","2016-11-15T20:15Z","NEON.LTR.BART073409.20161107","NEON.LTR.BART073409.20161107.SDS","NEON.DOC.001710vE","Seeds",0.005,"N","","Pes0SJTi6mB/L3kaeuPRUby8XD59hvb8"
"9d977981-5bc5-4d15-8cb5-154d447c8ac7","BART_073.basePlot.ltr","D01","BART","BART_073","BART_073_409","2016-11-15","2015-05-19","2016-11-07","2016-11-10T17:10Z","2016-11-15T20:15Z","NEON.LTR.BART073409.20161107","NEON.LTR.BART073409.20161107.WDY","NEON.DOC.001710vE","Woody material",0.05,"N","","Pes0SJTi6mB/L3kaeuPRUby8XD59hvb8"
"2ffce1e0-12f1-48ec-ac72-64003de723c4","BART_073.basePlot.ltr","D01","BART","BART_073","BART_073_409","2016-11-15","2015-05-19","2016-11-07","2016-11-10T17:10Z","2016-11-15T20:15Z","NEON.LTR.BART073409.20161107","NEON.LTR.BART073409.20161107.FLR","NEON.DOC.001710vE","Flowers",0.005,"N","","Pes0SJTi6mB/L3kaeuPRUby8XD59hvb8"
"c36f225e-1387-4738-9a1d-94e51a1b3520","BART_073.basePlot.ltr","D01","BART","BART_073","BART_073_409","2016-11-15","2015-05-19","2016-11-07","2016-11-10T17:10Z","2016-11-15T20:15Z","NEON.LTR.BART073409.20161107","NEON.LTR.BART073409.20161107.NDL","NEON.DOC.001710vE","Needles",0.58,"N","","Pes0SJTi6mB/L3kaeuPRUby8XD59hvb8"
"98751e61-3dd1-42ac-aa38-c6534e035bf5","BART_073.basePlot.ltr","D01","BART","BART_073","BART_073_409","2016-11-15","2015-05-19","2016-11-07","2016-11-10T17:10Z","2016-11-15T20:15Z","NEON.LTR.BART073409.20161107","NEON.LTR.BART073409.20161107.TWI","NEON.DOC.001710vE","Twigs/branches",0.67,"N","","Pes0SJTi6mB/L3kaeuPRUby8XD59hvb8"
"d6bd0de8-d6b6-46a6-b5ea-88b55c1344d0","BART_073.basePlot.ltr","D01","BART","BART_073","BART_073_409","2016-11-15","2015-05-19","2016-11-07","2016-11-10T17:10Z","2016-11-15T20:15Z","NEON.LTR.BART073409.20161107","NEON.LTR.BART073409.20161107.LVS","NEON.DOC.001710vE","Leaves",12.29,"Y","","Pes0SJTi6mB/L3kaeuPRUby8XD59hvb8"
"87a61449-5290-4551-bf89-f4d7a8b92095","BART_073.basePlot.ltr","D01","BART","BART_073","BART_073_409","2016-11-15","2015-05-19","2016-11-07","2016-11-10T17:10Z","2016-11-15T20:15Z","NEON.LTR.BART073409.20161107","NEON.LTR.BART073409.20161107.OTH","NEON.DOC.001710vE","Other",0.04,"Y","","Pes0SJTi6mB/L3kaeuPRUby8XD59hvb8"
"896b233b-1f3a-4248-b7c9-a2d55c0caf8f","BART_039.basePlot.ltr","D01","BART","BART_039","BART_039_587","2016-11-15","2015-05-19","2016-11-07","2016-11-10T17:10Z","2016-11-15T20:15Z","NEON.LTR.BART039587.20161107","NEON.LTR.BART039587.20161107.FLR","NEON.DOC.001710vE","Flowers",0.005,"N","","EkSno5X21V+6BMsaD1wBB48CY0mHxVq/"
"cb9ec74b-a9ae-457e-9549-d97da77150be","BART_039.basePlot.ltr","D01","BART","BART_039","BART_039_587","2016-11-15","2015-05-19","2016-11-07","2016-11-10T17:10Z","2016-11-15T20:15Z","NEON.LTR.BART039587.20161107","NEON.LTR.BART039587.20161107.LVS","NEON.DOC.001710vE","Leaves",13.29,"N","","EkSno5X21V+6BMsaD1wBB48CY0mHxVq/"
"f3f47e59-f7ef-4b84-8762-7f051064efe3","BART_039.basePlot.ltr","D01","BART","BART_039","BART_039_587","2016-11-15","2015-05-19","2016-11-07","2016-11-10T17:10Z","2016-11-15T20:15Z","NEON.LTR.BART039587.20161107","NEON.LTR.BART039587.20161107.NDL","NEON.DOC.001710vE","Needles",0.57,"N","","EkSno5X21V+6BMsaD1wBB48CY0mHxVq/"
"6a89f2db-b5f2-4c5c-a2b7-11c39e9ff87e","BART_039.basePlot.ltr","D01","BART","BART_039","BART_039_587","2016-11-15","2015-05-19","2016-11-07","2016-11-10T17:10Z","2016-11-15T20:15Z","NEON.LTR.BART039587.20161107","NEON.LTR.BART039587.20161107.TWI","NEON.DOC.001710vE","Twigs/branches",2,"Y","","EkSno5X21V+6BMsaD1wBB48CY0mHxVq/"
"59012610-c6de-49b1-9804-5bc07c147401","BART_039.basePlot.ltr","D01","BART","BART_039","BART_039_587","2016-11-15","2015-05-19","2016-11-07","2016-11-10T17:10Z","2016-11-15T20:15Z","NEON.LTR.BART039587.20161107","NEON.LTR.BART039587.20161107.WDY","NEON.DOC.001710vE","Woody material",0.05,"N","","EkSno5X21V+6BMsaD1wBB48CY0mHxVq/"
"ae8cf5d0-65a7-4bd9-bc2d-e40c6a18366e","BART_039.basePlot.ltr","D01","BART","BART_039","BART_039_587","2016-11-15","2015-05-19","2016-11-07","2016-11-10T17:10Z","2016-11-15T20:15Z","NEON.LTR.BART039587.20161107","NEON.LTR.BART039587.20161107.OTH","NEON.DOC.001710vE","Other",0.04,"N","","EkSno5X21V+6BMsaD1wBB48CY0mHxVq/"
"f9342b79-5889-4010-8f18-29300e2893de","BART_039.basePlot.ltr","D01","BART","BART_039","BART_039_587","2016-11-15","2015-05-19","2016-11-07","2016-11-10T17:10Z","2016-11-15T20:15Z","NEON.LTR.BART039587.20161107","NEON.LTR.BART039587.20161107.SDS","NEON.DOC.001710vE","Seeds",0.005,"Y","","EkSno5X21V+6BMsaD1wBB48CY0mHxVq/"
"bccfb117-906e-4138-8ef4-13a0e6ec40d0","BART_034.basePlot.ltr","D01","BART","BART_034","BART_034_531","2016-11-15","2015-05-19","2016-11-07","2016-11-10T17:10Z","2016-11-15T20:15Z","NEON.LTR.BART034531.20161107","NEON.LTR.BART034531.20161107.LVS","NEON.DOC.001710vE","Leaves",8.49,"N","","Pes0SJTi6mB/L3kaeuPRUby8XD59hvb8"
"1924f97c-c4a0-44d8-965e-fbf96eb3a32f","BART_034.basePlot.ltr","D01","BART","BART_034","BART_034_531","2016-11-15","2015-05-19","2016-11-07","2016-11-10T17:10Z","2016-11-15T20:15Z","NEON.LTR.BART034531.20161107","NEON.LTR.BART034531.20161107.FLR","NEON.DOC.001710vE","Flowers",0.005,"Y","","Pes0SJTi6mB/L3kaeuPRUby8XD59hvb8"
"a4ccf4bf-83fb-42fb-914b-b1ffac624640","BART_034.basePlot.ltr","D01","BART","BART_034","BART_034_531","2016-11-15","2015-05-19","2016-11-07","2016-11-10T17:10Z","2016-11-15T20:15Z","NEON.LTR.BART034531.20161107","NEON.LTR.BART034531.20161107.WDY","NEON.DOC.001710vE","Woody material",0.04,"N","","Pes0SJTi6mB/L3kaeuPRUby8XD59hvb8"
"3b7b5c1d-e732-4c1f-8a1c-cd12c37c8b6e","BART_034.basePlot.ltr","D01","BART","BART_034","BART_034_531","2016-11-15","2015-05-19","2016-11-07","2016-11-10T17:10Z","2016-11-15T20:15Z","NEON.LTR.BART034531.20161107","NEON.LTR.BART034531.20161107.NDL","NEON.DOC.001710vE","Needles",0.84,"N","","Pes0SJTi6mB/L3kaeuPRUby8XD59hvb8"
"e9b74029-372d-4b2c-9fcd-c15577514dae","BART_034.basePlot.ltr","D01","BART","BART_034","BART_034_531","2016-11-15","2015-05-19","2016-11-07","2016-11-10T17:10Z","2016-11-15T20:15Z","NEON.LTR.BART034531.20161107","NEON.LTR.BART034531.20161107.SDS","NEON.DOC.001710vE","Seeds",0.005,"N","","Pes0SJTi6mB/L3kaeuPRUby8XD59hvb8"
"3cb53edf-010a-4981-b529-51823a5e1292","BART_034.basePlot.ltr","D01","BART","BART_034","BART_034_531","2016-11-15","2015-05-19","2016-11-07","2016-11-10T17:10Z","2016-11-15T20:15Z","NEON.LTR.BART034531.20161107","NEON.LTR.BART034531.20161107.TWI","NEON.DOC.001710vE","Twigs/branches",0.1,"N","","Pes0SJTi6mB/L3kaeuPRUby8XD59hvb8"
"3be1b42b-d638-4e61-a56b-617cf853fb77","BART_034.basePlot.ltr","D01","BART","BART_034","BART_034_531","2016-11-15","2015-05-19","2016-11-07","2016-11-10T17:10Z","2016-11-15T20:15Z","NEON.LTR.BART034531.20161107","NEON.LTR.BART034531.20161107.OTH","NEON.DOC.001710vE","Other",0.01,"N","","Pes0SJTi6mB/L3kaeuPRUby8XD59hvb8"
"54b5e88e-27da-4936-9ba5-b8fba5a0ae75","BART_033.basePlot.ltr","D01","BART","BART_033","BART_033_923","2016-11-16","2015-05-19","2016-11-07","2016-11-10T17:10Z","2016-11-15T20:15Z","NEON.LTR.BART033923.20161107","NEON.LTR.BART033923.20161107.SDS","NEON.DOC.001710vE","Seeds",0.1,"Y","","Pes0SJTi6mB/L3kaeuPRUby8XD59hvb8"
"6471f1d3-bb0b-4a79-af64-058dbdba70e3","BART_033.basePlot.ltr","D01","BART","BART_033","BART_033_923","2016-11-16","2015-05-19","2016-11-07","2016-11-10T17:10Z","2016-11-15T20:15Z","NEON.LTR.BART033923.20161107","NEON.LTR.BART033923.20161107.OTH","NEON.DOC.001710vE","Other",0.05,"N","","Pes0SJTi6mB/L3kaeuPRUby8XD59hvb8"
"8954b8e2-2791-4d59-a552-d4c7725cd1d8","BART_033.basePlot.ltr","D01","BART","BART_033","BART_033_923","2016-11-16","2015-05-19","2016-11-07","2016-11-10T17:10Z","2016-11-15T20:15Z","NEON.LTR.BART033923.20161107","NEON.LTR.BART033923.20161107.WDY","NEON.DOC.001710vE","Woody material",0.02,"Y","","Pes0SJTi6mB/L3kaeuPRUby8XD59hvb8"
"3c1326d8-c29c-4956-9569-e7a9fb8b37f3","BART_033.basePlot.ltr","D01","BART","BART_033","BART_033_923","2016-11-16","2015-05-19","2016-11-07","2016-11-10T17:10Z","2016-11-15T20:15Z","NEON.LTR.BART033923.20161107","NEON.LTR.BART033923.20161107.FLR","NEON.DOC.001710vE","Flowers",0,"N","","Pes0SJTi6mB/L3kaeuPRUby8XD59hvb8"
"0097afbf-d61d-442b-b328-04ee65ecac16","BART_033.basePlot.ltr","D01","BART","BART_033","BART_033_923","2016-11-16","2015-05-19","2016-11-07","2016-11-10T17:10Z","2016-11-15T20:15Z","NEON.LTR.BART033923.20161107","NEON.LTR.BART033923.20161107.NDL","NEON.DOC.001710vE","Needles",0.005,"N","","Pes0SJTi6mB/L3kaeuPRUby8XD59hvb8"
"82beb156-6572-4f8a-86b7-32a6796376fe","BART_033.basePlot.ltr","D01","BART","BART_033","BART_033_923","2016-11-16","2015-05-19","2016-11-07","2016-11-10T17:10Z","2016-11-15T20:15Z","NEON.LTR.BART033923.20161107","NEON.LTR.BART033923.20161107.TWI","NEON.DOC.001710vE","Twigs/branches",0,"N","","Pes0SJTi6mB/L3kaeuPRUby8XD59hvb8"
"36871ccd-3a01-471c-a073-2ae4d08fdb4a","BART_033.basePlot.ltr","D01","BART","BART_033","BART_033_923","2016-11-16","2015-05-19","2016-11-07","2016-11-10T17:10Z","2016-11-15T20:15Z","NEON.LTR.BART033923.20161107","NEON.LTR.BART033923.20161107.LVS","NEON.DOC.001710vE","Leaves",18.11,"N","","Pes0SJTi6mB/L3kaeuPRUby8XD59hvb8"
"23825f5c-db8f-48c7-8510-9e079047b553","BART_033.basePlot.ltr","D01","BART","BART_033","BART_033_453","2016-11-15","2015-05-19","2016-11-07","2016-11-10T17:10Z","2016-11-15T20:15Z","NEON.LTR.BART033453.20161107","NEON.LTR.BART033453.20161107.OTH","NEON.DOC.001710vE","Other",0.14,"N","","Pes0SJTi6mB/L3kaeuPRUby8XD59hvb8"
"91bd514d-2a1c-40dd-b115-d40c749ba8ec","BART_033.basePlot.ltr","D01","BART","BART_033","BART_033_453","2016-11-15","2015-05-19","2016-11-07","2016-11-10T17:10Z","2016-11-15T20:15Z","NEON.LTR.BART033453.20161107","NEON.LTR.BART033453.20161107.NDL","NEON.DOC.001710vE","Needles",0.01,"N","","Pes0SJTi6mB/L3kaeuPRUby8XD59hvb8"
"e6423b83-2aad-4a7d-a5f5-2e1dd82e021f","BART_033.basePlot.ltr","D01","BART","BART_033","BART_033_453","2016-11-15","2015-05-19","2016-11-07","2016-11-10T17:10Z","2016-11-15T20:15Z","NEON.LTR.BART033453.20161107","NEON.LTR.BART033453.20161107.WDY","NEON.DOC.001710vE","Woody material",0.005,"N","","Pes0SJTi6mB/L3kaeuPRUby8XD59hvb8"
"7f7805f0-f8f4-473e-afa3-6c89e800b11c","BART_033.basePlot.ltr","D01","BART","BART_033","BART_033_453","2016-11-15","2015-05-19","2016-11-07","2016-11-10T17:10Z","2016-11-15T20:15Z","NEON.LTR.BART033453.20161107","NEON.LTR.BART033453.20161107.FLR","NEON.DOC.001710vE","Flowers",0,"N","","Pes0SJTi6mB/L3kaeuPRUby8XD59hvb8"
"e4c3e14d-afc8-47e8-8dd1-7db62a1511ba","BART_033.basePlot.ltr","D01","BART","BART_033","BART_033_453","2016-11-15","2015-05-19","2016-11-07","2016-11-10T17:10Z","2016-11-15T20:15Z","NEON.LTR.BART033453.20161107","NEON.LTR.BART033453.20161107.TWI","NEON.DOC.001710vE","Twigs/branches",0.005,"N","","Pes0SJTi6mB/L3kaeuPRUby8XD59hvb8"
"5cdcae79-c434-4920-96da-b823f44db88d","BART_033.basePlot.ltr","D01","BART","BART_033","BART_033_453","2016-11-15","2015-05-19","2016-11-07","2016-11-10T17:10Z","2016-11-15T20:15Z","NEON.LTR.BART033453.20161107","NEON.LTR.BART033453.20161107.SDS","NEON.DOC.001710vE","Seeds",0.005,"N","","Pes0SJTi6mB/L3kaeuPRUby8XD59hvb8"
"d67299ea-99e4-4618-a4be-51e998147562","BART_033.basePlot.ltr","D01","BART","BART_033","BART_033_453","2016-11-15","2015-05-19","2016-11-07","2016-11-10T17:10Z","2016-11-15T20:15Z","NEON.LTR.BART033453.20161107","NEON.LTR.BART033453.20161107.LVS","NEON.DOC.001710vE","Leaves",23.84,"N","","Pes0SJTi6mB/L3kaeuPRUby8XD59hvb8"
"61fe0599-6026-4ec4-852e-2a7335009ba0","BART_034.basePlot.ltr","D01","BART","BART_034","BART_034_451","2016-11-15","2015-05-19","2016-11-07","2016-11-10T17:10Z","2016-11-15T20:15Z","NEON.LTR.BART034451.20161107","NEON.LTR.BART034451.20161107.FLR","NEON.DOC.001710vE","Flowers",0.005,"N","","EkSno5X21V+6BMsaD1wBB48CY0mHxVq/"
"0ff8a3fa-3735-4065-830c-80d49c99060b","BART_034.basePlot.ltr","D01","BART","BART_034","BART_034_451","2016-11-15","2015-05-19","2016-11-07","2016-11-10T17:10Z","2016-11-15T20:15Z","NEON.LTR.BART034451.20161107","NEON.LTR.BART034451.20161107.OTH","NEON.DOC.001710vE","Other",0.005,"N","","EkSno5X21V+6BMsaD1wBB48CY0mHxVq/"
"a4b92687-da9f-40f7-8333-c58420288dc8","BART_034.basePlot.ltr","D01","BART","BART_034","BART_034_451","2016-11-15","2015-05-19","2016-11-07","2016-11-10T17:10Z","2016-11-15T20:15Z","NEON.LTR.BART034451.20161107","NEON.LTR.BART034451.20161107.TWI","NEON.DOC.001710vE","Twigs/branches",0.01,"N","","EkSno5X21V+6BMsaD1wBB48CY0mHxVq/"
"feaf3492-a2db-4016-8418-56b91b0984e9","BART_034.basePlot.ltr","D01","BART","BART_034","BART_034_451","2016-11-15","2015-05-19","2016-11-07","2016-11-10T17:10Z","2016-11-15T20:15Z","NEON.LTR.BART034451.20161107","NEON.LTR.BART034451.20161107.LVS","NEON.DOC.001710vE","Leaves",3.99,"Y","","EkSno5X21V+6BMsaD1wBB48CY0mHxVq/"
"411d9ea4-09f4-4e29-be9c-0417fac04297","BART_034.basePlot.ltr","D01","BART","BART_034","BART_034_451","2016-11-15","2015-05-19","2016-11-07","2016-11-10T17:10Z","2016-11-15T20:15Z","NEON.LTR.BART034451.20161107","NEON.LTR.BART034451.20161107.NDL","NEON.DOC.001710vE","Needles",1.02,"N","","EkSno5X21V+6BMsaD1wBB48CY0mHxVq/"
"1406db72-d34d-40b3-8d8f-3b1b344d31a9","BART_034.basePlot.ltr","D01","BART","BART_034","BART_034_451","2016-11-15","2015-05-19","2016-11-07","2016-11-10T17:10Z","2016-11-15T20:15Z","NEON.LTR.BART034451.20161107","NEON.LTR.BART034451.20161107.SDS","NEON.DOC.001710vE","Seeds",0.005,"N","","EkSno5X21V+6BMsaD1wBB48CY0mHxVq/"
"4145721a-4084-4ad8-9012-93683bc30730","BART_034.basePlot.ltr","D01","BART","BART_034","BART_034_451","2016-11-15","2015-05-19","2016-11-07","2016-11-10T17:10Z","2016-11-15T20:15Z","NEON.LTR.BART034451.20161107","NEON.LTR.BART034451.20161107.WDY","NEON.DOC.001710vE","Woody material",0,"N","","EkSno5X21V+6BMsaD1wBB48CY0mHxVq/"
"fb5a9a7c-f2d6-47b0-9d60-607dea95d3fb","BART_041.basePlot.ltr","D01","BART","BART_041","BART_041_578","2016-11-15","2015-05-19","2016-11-07","2016-11-10T17:10Z","2016-11-15T20:15Z","NEON.LTR.BART041578.20161107","NEON.LTR.BART041578.20161107.FLR","NEON.DOC.001710vE","Flowers",0.005,"N","EFLR in EOTR","EkSno5X21V+6BMsaD1wBB48CY0mHxVq/"
"4b65f84a-3ceb-49fd-affd-20d8f4e9c7b8","BART_041.basePlot.ltr","D01","BART","BART_041","BART_041_578","2016-11-15","2015-05-19","2016-11-07","2016-11-10T17:10Z","2016-11-15T20:15Z","NEON.LTR.BART041578.20161107","NEON.LTR.BART041578.20161107.OTH","NEON.DOC.001710vE","Other",0.005,"N","","EkSno5X21V+6BMsaD1wBB48CY0mHxVq/"
"c3dff11d-774e-4b2d-904f-33efce70ba25","BART_041.basePlot.ltr","D01","BART","BART_041","BART_041_578","2016-11-15","2015-05-19","2016-11-07","2016-11-10T17:10Z","2016-11-15T20:15Z","NEON.LTR.BART041578.20161107","NEON.LTR.BART041578.20161107.SDS","NEON.DOC.001710vE","Seeds",0.005,"N","","EkSno5X21V+6BMsaD1wBB48CY0mHxVq/"
"433ca427-244f-4916-92f3-69c698f73f28","BART_041.basePlot.ltr","D01","BART","BART_041","BART_041_578","2016-11-15","2015-05-19","2016-11-07","2016-11-10T17:10Z","2016-11-15T20:15Z","NEON.LTR.BART041578.20161107","NEON.LTR.BART041578.20161107.NDL","NEON.DOC.001710vE","Needles",0.74,"N","","EkSno5X21V+6BMsaD1wBB48CY0mHxVq/"
"beb2b03a-13ff-44db-8d87-b2bfefa13520","BART_041.basePlot.ltr","D01","BART","BART_041","BART_041_578","2016-11-15","2015-05-19","2016-11-07","2016-11-10T17:10Z","2016-11-15T20:15Z","NEON.LTR.BART041578.20161107","NEON.LTR.BART041578.20161107.LVS","NEON.DOC.001710vE","Leaves",7.98,"N","","EkSno5X21V+6BMsaD1wBB48CY0mHxVq/"
"98063ff3-d230-410b-b903-f85e56153923","BART_041.basePlot.ltr","D01","BART","BART_041","BART_041_578","2016-11-15","2015-05-19","2016-11-07","2016-11-10T17:10Z","2016-11-15T20:15Z","NEON.LTR.BART041578.20161107","NEON.LTR.BART041578.20161107.TWI","NEON.DOC.001710vE","Twigs/branches",2.2,"N","","EkSno5X21V+6BMsaD1wBB48CY0mHxVq/"
"c946ce28-d56b-4aaf-a56d-74115f0022a2","BART_041.basePlot.ltr","D01","BART","BART_041","BART_041_578","2016-11-15","2015-05-19","2016-11-07","2016-11-10T17:10Z","2016-11-15T20:15Z","NEON.LTR.BART041578.20161107","NEON.LTR.BART041578.20161107.WDY","NEON.DOC.001710vE","Woody material",0.03,"N","","EkSno5X21V+6BMsaD1wBB48CY0mHxVq/"
"dc137887-715e-47a8-bc66-73234b41a779","BART_041.basePlot.ltr","D01","BART","BART_041","BART_041_292","2016-11-15","2015-05-19","2016-11-07","2016-11-10T17:10Z","2016-11-15T20:15Z","NEON.LTR.BART041292.20161107","NEON.LTR.BART041292.20161107.SDS","NEON.DOC.001710vE","Seeds",0.03,"N","","Pes0SJTi6mB/L3kaeuPRUby8XD59hvb8"
"b929818c-6a9e-4836-a92c-2e5c28412a27","BART_041.basePlot.ltr","D01","BART","BART_041","BART_041_292","2016-11-15","2015-05-19","2016-11-07","2016-11-10T17:10Z","2016-11-15T20:15Z","NEON.LTR.BART041292.20161107","NEON.LTR.BART041292.20161107.TWI","NEON.DOC.001710vE","Twigs/branches",0.43,"N","","Pes0SJTi6mB/L3kaeuPRUby8XD59hvb8"
"45986393-1147-4fec-bcd9-86f2ce44bc08","BART_041.basePlot.ltr","D01","BART","BART_041","BART_041_292","2016-11-15","2015-05-19","2016-11-07","2016-11-10T17:10Z","2016-11-15T20:15Z","NEON.LTR.BART041292.20161107","NEON.LTR.BART041292.20161107.OTH","NEON.DOC.001710vE","Other",0.06,"N","","Pes0SJTi6mB/L3kaeuPRUby8XD59hvb8"
"8c550a6e-7c4d-4441-919d-9ccd19b8aef7","BART_041.basePlot.ltr","D01","BART","BART_041","BART_041_292","2016-11-15","2015-05-19","2016-11-07","2016-11-10T17:10Z","2016-11-15T20:15Z","NEON.LTR.BART041292.20161107","NEON.LTR.BART041292.20161107.NDL","NEON.DOC.001710vE","Needles",0.41,"N","","Pes0SJTi6mB/L3kaeuPRUby8XD59hvb8"
"60a5cfc0-8a8b-4a12-95d2-edc89dfea0fb","BART_041.basePlot.ltr","D01","BART","BART_041","BART_041_292","2016-11-15","2015-05-19","2016-11-07","2016-11-10T17:10Z","2016-11-15T20:15Z","NEON.LTR.BART041292.20161107","NEON.LTR.BART041292.20161107.FLR","NEON.DOC.001710vE","Flowers",0.005,"N","","Pes0SJTi6mB/L3kaeuPRUby8XD59hvb8"
"74c0b338-087c-4e36-b3f1-6dd36b38aab0","BART_041.basePlot.ltr","D01","BART","BART_041","BART_041_292","2016-11-15","2015-05-19","2016-11-07","2016-11-10T17:10Z","2016-11-15T20:15Z","NEON.LTR.BART041292.20161107","NEON.LTR.BART041292.20161107.LVS","NEON.DOC.001710vE","Leaves",8.19,"N","","Pes0SJTi6mB/L3kaeuPRUby8XD59hvb8"
"73071564-2f8a-40f2-9646-d4c094268b4e","BART_039.basePlot.ltr","D01","BART","BART_039","BART_039_930","2016-11-15","2015-05-19","2016-11-07","2016-11-10T17:10Z","2016-11-15T20:15Z","NEON.LTR.BART039930.20161107","NEON.LTR.BART039930.20161107.OTH","NEON.DOC.001710vE","Other",0.005,"N","","Pes0SJTi6mB/L3kaeuPRUby8XD59hvb8"
"e06329c5-66ed-4b17-bb1f-6af3d9bef4d3","BART_075.basePlot.ltr","D01","BART","BART_075","BART_075_389","2016-11-15","2015-05-20","2016-11-07","2016-11-10T17:10Z","2016-11-15T20:15Z","NEON.LTR.BART075389.20161107","NEON.LTR.BART075389.20161107.OTH","NEON.DOC.001710vE","Other",0.04,"N","","Pes0SJTi6mB/L3kaeuPRUby8XD59hvb8"
"8ef12b07-c788-48f9-81d1-abfe36c34de3","BART_075.basePlot.ltr","D01","BART","BART_075","BART_075_389","2016-11-15","2015-05-20","2016-11-07","2016-11-10T17:10Z","2016-11-15T20:15Z","NEON.LTR.BART075389.20161107","NEON.LTR.BART075389.20161107.FLR","NEON.DOC.001710vE","Flowers",0.005,"N","","Pes0SJTi6mB/L3kaeuPRUby8XD59hvb8"
"21df108f-5451-4e87-93af-2c01f533f031","BART_075.basePlot.ltr","D01","BART","BART_075","BART_075_389","2016-11-15","2015-05-20","2016-11-07","2016-11-10T17:10Z","2016-11-15T20:15Z","NEON.LTR.BART075389.20161107","NEON.LTR.BART075389.20161107.WDY","NEON.DOC.001710vE","Woody material",0.005,"Y","","Pes0SJTi6mB/L3kaeuPRUby8XD59hvb8"
"3e93f701-52b5-49c1-8bff-5e1f15a28d34","BART_075.basePlot.ltr","D01","BART","BART_075","BART_075_389","2016-11-15","2015-05-20","2016-11-07","2016-11-10T17:10Z","2016-11-15T20:15Z","NEON.LTR.BART075389.20161107","NEON.LTR.BART075389.20161107.SDS","NEON.DOC.001710vE","Seeds",0.14,"N","","Pes0SJTi6mB/L3kaeuPRUby8XD59hvb8"
"18fc5cbb-16d7-42ae-94d0-cde7052c5965","BART_075.basePlot.ltr","D01","BART","BART_075","BART_075_389","2016-11-15","2015-05-20","2016-11-07","2016-11-10T17:10Z","2016-11-15T20:15Z","NEON.LTR.BART075389.20161107","NEON.LTR.BART075389.20161107.TWI","NEON.DOC.001710vE","Twigs/branches",0.46,"N","","Pes0SJTi6mB/L3kaeuPRUby8XD59hvb8"
"c5b9f1ee-5284-4c0c-a850-7e70396ae41c","BART_075.basePlot.ltr","D01","BART","BART_075","BART_075_389","2016-11-15","2015-05-20","2016-11-07","2016-11-10T17:10Z","2016-11-15T20:15Z","NEON.LTR.BART075389.20161107","NEON.LTR.BART075389.20161107.NDL","NEON.DOC.001710vE","Needles",1.71,"N","","Pes0SJTi6mB/L3kaeuPRUby8XD59hvb8"
"51967ed2-914e-4bdb-9cf8-fdd1eae1369c","BART_075.basePlot.ltr","D01","BART","BART_075","BART_075_389","2016-11-15","2015-05-20","2016-11-07","2016-11-10T17:10Z","2016-11-15T20:15Z","NEON.LTR.BART075389.20161107","NEON.LTR.BART075389.20161107.LVS","NEON.DOC.001710vE","Leaves",5.16,"N","","Pes0SJTi6mB/L3kaeuPRUby8XD59hvb8"
"5db628f4-bf13-41cf-936b-b1fa6516bf3a","BART_032.basePlot.ltr","D01","BART","BART_032","BART_032_662","2016-11-15","2015-05-20","2016-11-07","2016-11-10T17:10Z","2016-11-15T20:15Z","NEON.LTR.BART032662.20161107","NEON.LTR.BART032662.20161107.SDS","NEON.DOC.001710vE","Seeds",0.005,"N","","EkSno5X21V+6BMsaD1wBB48CY0mHxVq/"
"9fee033b-bc8b-4e46-812d-4052c97c048b","BART_032.basePlot.ltr","D01","BART","BART_032","BART_032_662","2016-11-15","2015-05-20","2016-11-07","2016-11-10T17:10Z","2016-11-15T20:15Z","NEON.LTR.BART032662.20161107","NEON.LTR.BART032662.20161107.FLR","NEON.DOC.001710vE","Flowers",0,"N","","EkSno5X21V+6BMsaD1wBB48CY0mHxVq/"
"e8711c28-6291-4334-a53c-ce977ada883a","BART_032.basePlot.ltr","D01","BART","BART_032","BART_032_662","2016-11-15","2015-05-20","2016-11-07","2016-11-10T17:10Z","2016-11-15T20:15Z","NEON.LTR.BART032662.20161107","NEON.LTR.BART032662.20161107.OTH","NEON.DOC.001710vE","Other",0.07,"N","","EkSno5X21V+6BMsaD1wBB48CY0mHxVq/"
"1175fd5c-b729-4dbe-87c8-5985855cbe92","BART_032.basePlot.ltr","D01","BART","BART_032","BART_032_662","2016-11-15","2015-05-20","2016-11-07","2016-11-10T17:10Z","2016-11-15T20:15Z","NEON.LTR.BART032662.20161107","NEON.LTR.BART032662.20161107.WDY","NEON.DOC.001710vE","Woody material",0.15,"N","","EkSno5X21V+6BMsaD1wBB48CY0mHxVq/"
"5e82a143-455b-41f3-b54b-6802874ae1f5","BART_032.basePlot.ltr","D01","BART","BART_032","BART_032_662","2016-11-15","2015-05-20","2016-11-07","2016-11-10T17:10Z","2016-11-15T20:15Z","NEON.LTR.BART032662.20161107","NEON.LTR.BART032662.20161107.TWI","NEON.DOC.001710vE","Twigs/branches",0.11,"N","","EkSno5X21V+6BMsaD1wBB48CY0mHxVq/"
"1295bfad-84d4-41a0-aeab-5c2313981a8f","BART_032.basePlot.ltr","D01","BART","BART_032","BART_032_662","2016-11-15","2015-05-20","2016-11-07","2016-11-10T17:10Z","2016-11-15T20:15Z","NEON.LTR.BART032662.20161107","NEON.LTR.BART032662.20161107.NDL","NEON.DOC.001710vE","Needles",0.1,"N","","EkSno5X21V+6BMsaD1wBB48CY0mHxVq/"
"fa276fc9-a267-464b-bfd5-9220e3606adb","BART_032.basePlot.ltr","D01","BART","BART_032","BART_032_662","2016-11-15","2015-05-20","2016-11-07","2016-11-10T17:10Z","2016-11-15T20:15Z","NEON.LTR.BART032662.20161107","NEON.LTR.BART032662.20161107.LVS","NEON.DOC.001710vE","Leaves",18.57,"N","","EkSno5X21V+6BMsaD1wBB48CY0mHxVq/"
"aedd56ed-f92a-4c63-a45b-6ebc3721ea28","BART_042.basePlot.ltr","D01","BART","BART_042","BART_042_935","2016-11-15","2015-05-20","2016-11-07","2016-11-10T17:10Z","2016-11-15T20:15Z","NEON.LTR.BART042935.20161107","NEON.LTR.BART042935.20161107.LVS","NEON.DOC.001710vE","Leaves",5.08,"N","","Pes0SJTi6mB/L3kaeuPRUby8XD59hvb8"
"dabe962a-c1d2-45ee-92b1-35cef3fe8364","BART_042.basePlot.ltr","D01","BART","BART_042","BART_042_935","2016-11-15","2015-05-20","2016-11-07","2016-11-10T17:10Z","2016-11-15T20:15Z","NEON.LTR.BART042935.20161107","NEON.LTR.BART042935.20161107.SDS","NEON.DOC.001710vE","Seeds",0.03,"N","","Pes0SJTi6mB/L3kaeuPRUby8XD59hvb8"
"7dabe549-bf04-4f53-9ee5-3f1b676cdd38","BART_042.basePlot.ltr","D01","BART","BART_042","BART_042_935","2016-11-15","2015-05-20","2016-11-07","2016-11-10T17:10Z","2016-11-15T20:15Z","NEON.LTR.BART042935.20161107","NEON.LTR.BART042935.20161107.FLR","NEON.DOC.001710vE","Flowers",0.01,"Y","","Pes0SJTi6mB/L3kaeuPRUby8XD59hvb8"
"6cb4841b-f379-4bcf-ae6a-1d8d22581690","BART_042.basePlot.ltr","D01","BART","BART_042","BART_042_935","2016-11-15","2015-05-20","2016-11-07","2016-11-10T17:10Z","2016-11-15T20:15Z","NEON.LTR.BART042935.20161107","NEON.LTR.BART042935.20161107.TWI","NEON.DOC.001710vE","Twigs/branches",3.83,"Y","","Pes0SJTi6mB/L3kaeuPRUby8XD59hvb8"
"3a7f0969-bdd1-438e-85ec-a9e7df3c24cb","BART_042.basePlot.ltr","D01","BART","BART_042","BART_042_935","2016-11-15","2015-05-20","2016-11-07","2016-11-10T17:10Z","2016-11-15T20:15Z","NEON.LTR.BART042935.20161107","NEON.LTR.BART042935.20161107.NDL","NEON.DOC.001710vE","Needles",0.17,"N","","Pes0SJTi6mB/L3kaeuPRUby8XD59hvb8"
"5dd48018-cab5-462f-b1d1-0e7c62f1c774","BART_042.basePlot.ltr","D01","BART","BART_042","BART_042_935","2016-11-15","2015-05-20","2016-11-07","2016-11-10T17:10Z","2016-11-15T20:15Z","NEON.LTR.BART042935.20161107","NEON.LTR.BART042935.20161107.OTH","NEON.DOC.001710vE","Other",0.11,"N","","Pes0SJTi6mB/L3kaeuPRUby8XD59hvb8"
"c7657cb8-daf7-4791-aef3-ebeb7e591514","BART_042.basePlot.ltr","D01","BART","BART_042","BART_042_935","2016-11-15","2015-05-20","2016-11-07","2016-11-10T17:10Z","2016-11-15T20:15Z","NEON.LTR.BART042935.20161107","NEON.LTR.BART042935.20161107.WDY","NEON.DOC.001710vE","Woody material",0.08,"N","","Pes0SJTi6mB/L3kaeuPRUby8XD59hvb8"
"691da182-039a-4d27-9c82-eeefb562e139","BART_071.basePlot.ltr","D01","BART","BART_071","BART_071_952","2016-11-15","2015-05-20","2016-11-07","2016-11-10T17:10Z","2016-11-15T20:15Z","NEON.LTR.BART071952.20161107","NEON.LTR.BART071952.20161107.NDL","NEON.DOC.001710vE","Needles",0.91,"N","","EkSno5X21V+6BMsaD1wBB48CY0mHxVq/"
"8fe3db45-f4ff-45df-a93e-8686fb0b88c4","BART_071.basePlot.ltr","D01","BART","BART_071","BART_071_952","2016-11-15","2015-05-20","2016-11-07","2016-11-10T17:10Z","2016-11-15T20:15Z","NEON.LTR.BART071952.20161107","NEON.LTR.BART071952.20161107.OTH","NEON.DOC.001710vE","Other",0.13,"N","","EkSno5X21V+6BMsaD1wBB48CY0mHxVq/"
"04cc2dcc-5b2a-40c1-8330-fd60b82450b9","BART_071.basePlot.ltr","D01","BART","BART_071","BART_071_952","2016-11-15","2015-05-20","2016-11-07","2016-11-10T17:10Z","2016-11-15T20:15Z","NEON.LTR.BART071952.20161107","NEON.LTR.BART071952.20161107.FLR","NEON.DOC.001710vE","Flowers",0.005,"N","","EkSno5X21V+6BMsaD1wBB48CY0mHxVq/"
"7b9d21b7-6805-44a4-9b8b-0796415f8dec","BART_071.basePlot.ltr","D01","BART","BART_071","BART_071_952","2016-11-15","2015-05-20","2016-11-07","2016-11-10T17:10Z","2016-11-15T20:15Z","NEON.LTR.BART071952.20161107","NEON.LTR.BART071952.20161107.SDS","NEON.DOC.001710vE","Seeds",0.09,"N","","EkSno5X21V+6BMsaD1wBB48CY0mHxVq/"
"e6e18be0-6a65-4abe-be04-fc2e31d7e0ad","BART_071.basePlot.ltr","D01","BART","BART_071","BART_071_952","2016-11-15","2015-05-20","2016-11-07","2016-11-10T17:10Z","2016-11-15T20:15Z","NEON.LTR.BART071952.20161107","NEON.LTR.BART071952.20161107.TWI","NEON.DOC.001710vE","Twigs/branches",0.38,"N","","EkSno5X21V+6BMsaD1wBB48CY0mHxVq/"
"add49ba4-0e70-4852-8283-92946f33c5e6","BART_071.basePlot.ltr","D01","BART","BART_071","BART_071_952","2016-11-15","2015-05-20","2016-11-07","2016-11-10T17:10Z","2016-11-15T20:15Z","NEON.LTR.BART071952.20161107","NEON.LTR.BART071952.20161107.WDY","NEON.DOC.001710vE","Woody material",0.005,"N","","EkSno5X21V+6BMsaD1wBB48CY0mHxVq/"
"9cef3e90-d1a1-4afd-8486-6094f4617d8b","BART_071.basePlot.ltr","D01","BART","BART_071","BART_071_952","2016-11-15","2015-05-20","2016-11-07","2016-11-10T17:10Z","2016-11-15T20:15Z","NEON.LTR.BART071952.20161107","NEON.LTR.BART071952.20161107.LVS","NEON.DOC.001710vE","Leaves",4.25,"Y","","EkSno5X21V+6BMsaD1wBB48CY0mHxVq/"
"3dd3f174-a5bc-4236-9de5-02eb843af2ee","BART_046.basePlot.ltr","D01","BART","BART_046","BART_046_852","2016-11-15","2015-05-20","2016-11-07","2016-11-10T17:10Z","2016-11-15T20:15Z","NEON.LTR.BART046852.20161107","NEON.LTR.BART046852.20161107.NDL","NEON.DOC.001710vE","Needles",0.06,"Y","","EkSno5X21V+6BMsaD1wBB48CY0mHxVq/"
"c5861cc0-c023-4d23-95ce-f7952b44375b","BART_046.basePlot.ltr","D01","BART","BART_046","BART_046_852","2016-11-15","2015-05-20","2016-11-07","2016-11-10T17:10Z","2016-11-15T20:15Z","NEON.LTR.BART046852.20161107","NEON.LTR.BART046852.20161107.SDS","NEON.DOC.001710vE","Seeds",0.005,"N","","EkSno5X21V+6BMsaD1wBB48CY0mHxVq/"
"5fda2667-c4ed-45c5-bc33-9aad4984cd73","BART_046.basePlot.ltr","D01","BART","BART_046","BART_046_852","2016-11-15","2015-05-20","2016-11-07","2016-11-10T17:10Z","2016-11-15T20:15Z","NEON.LTR.BART046852.20161107","NEON.LTR.BART046852.20161107.OTH","NEON.DOC.001710vE","Other",0.3,"N","","EkSno5X21V+6BMsaD1wBB48CY0mHxVq/"
"839622e4-f6d7-42e4-b2dd-d5427b4b0009","BART_046.basePlot.ltr","D01","BART","BART_046","BART_046_852","2016-11-15","2015-05-20","2016-11-07","2016-11-10T17:10Z","2016-11-15T20:15Z","NEON.LTR.BART046852.20161107","NEON.LTR.BART046852.20161107.FLR","NEON.DOC.001710vE","Flowers",0,"N","","EkSno5X21V+6BMsaD1wBB48CY0mHxVq/"
"8f695d11-53e2-4575-9acb-fe01622c6cb5","BART_046.basePlot.ltr","D01","BART","BART_046","BART_046_852","2016-11-15","2015-05-20","2016-11-07","2016-11-10T17:10Z","2016-11-15T20:15Z","NEON.LTR.BART046852.20161107","NEON.LTR.BART046852.20161107.WDY","NEON.DOC.001710vE","Woody material",0.01,"N","","EkSno5X21V+6BMsaD1wBB48CY0mHxVq/"
"083349a0-06fd-4e7e-9e3c-ef954078c1f7","BART_046.basePlot.ltr","D01","BART","BART_046","BART_046_852","2016-11-15","2015-05-20","2016-11-07","2016-11-10T17:10Z","2016-11-15T20:15Z","NEON.LTR.BART046852.20161107","NEON.LTR.BART046852.20161107.LVS","NEON.DOC.001710vE","Leaves",15.79,"N","","EkSno5X21V+6BMsaD1wBB48CY0mHxVq/"
"19016705-1e20-450d-93f2-223bf5d6e883","BART_046.basePlot.ltr","D01","BART","BART_046","BART_046_852","2016-11-15","2015-05-20","2016-11-07","2016-11-10T17:10Z","2016-11-15T20:15Z","NEON.LTR.BART046852.20161107","NEON.LTR.BART046852.20161107.TWI","NEON.DOC.001710vE","Twigs/branches",0.05,"N","","EkSno5X21V+6BMsaD1wBB48CY0mHxVq/"
"896e8f7a-7b4d-48c0-8209-c35182d58e82","BART_075.basePlot.ltr","D01","BART","BART_075","BART_075_819","2016-11-15","2015-05-20","2016-11-07","2016-11-10T17:10Z","2016-11-15T20:15Z","NEON.LTR.BART075819.20161107","NEON.LTR.BART075819.20161107.LVS","NEON.DOC.001710vE","Leaves",9.98,"N","","Pes0SJTi6mB/L3kaeuPRUby8XD59hvb8"
"f51c616c-e0d7-4f6e-842b-19e133d066bf","BART_075.basePlot.ltr","D01","BART","BART_075","BART_075_819","2016-11-15","2015-05-20","2016-11-07","2016-11-10T17:10Z","2016-11-15T20:15Z","NEON.LTR.BART075819.20161107","NEON.LTR.BART075819.20161107.WDY","NEON.DOC.001710vE","Woody material",0.005,"N","","Pes0SJTi6mB/L3kaeuPRUby8XD59hvb8"
"000ce4b9-d390-4d09-9e26-796855948458","BART_075.basePlot.ltr","D01","BART","BART_075","BART_075_819","2016-11-15","2015-05-20","2016-11-07","2016-11-10T17:10Z","2016-11-15T20:15Z","NEON.LTR.BART075819.20161107","NEON.LTR.BART075819.20161107.FLR","NEON.DOC.001710vE","Flowers",0.005,"N","","Pes0SJTi6mB/L3kaeuPRUby8XD59hvb8"
"c7459f86-fd1f-4a38-a8b9-ef8952b7e9ee","BART_075.basePlot.ltr","D01","BART","BART_075","BART_075_819","2016-11-15","2015-05-20","2016-11-07","2016-11-10T17:10Z","2016-11-15T20:15Z","NEON.LTR.BART075819.20161107","NEON.LTR.BART075819.20161107.NDL","NEON.DOC.001710vE","Needles",0.25,"N","","Pes0SJTi6mB/L3kaeuPRUby8XD59hvb8"
"70ac9eef-4de2-4caa-a587-ae3df1c30b8b","BART_075.basePlot.ltr","D01","BART","BART_075","BART_075_819","2016-11-15","2015-05-20","2016-11-07","2016-11-10T17:10Z","2016-11-15T20:15Z","NEON.LTR.BART075819.20161107","NEON.LTR.BART075819.20161107.OTH","NEON.DOC.001710vE","Other",0.05,"N","","Pes0SJTi6mB/L3kaeuPRUby8XD59hvb8"
"c254a2bb-d334-4a9e-affd-f932d94100d5","BART_075.basePlot.ltr","D01","BART","BART_075","BART_075_819","2016-11-15","2015-05-20","2016-11-07","2016-11-10T17:10Z","2016-11-15T20:15Z","NEON.LTR.BART075819.20161107","NEON.LTR.BART075819.20161107.SDS","NEON.DOC.001710vE","Seeds",0.005,"N","","Pes0SJTi6mB/L3kaeuPRUby8XD59hvb8"
"172116fe-dda2-44ca-9214-81babe032ff2","BART_075.basePlot.ltr","D01","BART","BART_075","BART_075_819","2016-11-15","2015-05-20","2016-11-07","2016-11-10T17:10Z","2016-11-15T20:15Z","NEON.LTR.BART075819.20161107","NEON.LTR.BART075819.20161107.TWI","NEON.DOC.001710vE","Twigs/branches",0.005,"N","","Pes0SJTi6mB/L3kaeuPRUby8XD59hvb8"
"7212b788-252c-4fd8-9a74-57426abcd811","BART_046.basePlot.ltr","D01","BART","BART_046","BART_046_687","2016-11-15","2015-05-20","2016-11-07","2016-11-10T17:10Z","2016-11-15T20:15Z","NEON.LTR.BART046687.20161107","NEON.LTR.BART046687.20161107.OTH","NEON.DOC.001710vE","Other",0.005,"N","","EkSno5X21V+6BMsaD1wBB48CY0mHxVq/"
"0bb583fa-0fa7-4c47-af5e-c74f56ff5ce6","BART_046.basePlot.ltr","D01","BART","BART_046","BART_046_687","2016-11-15","2015-05-20","2016-11-07","2016-11-10T17:10Z","2016-11-15T20:15Z","NEON.LTR.BART046687.20161107","NEON.LTR.BART046687.20161107.WDY","NEON.DOC.001710vE","Woody material",0.04,"N","","EkSno5X21V+6BMsaD1wBB48CY0mHxVq/"
"b7cdcb07-1034-4838-8c95-67cad61812e3","BART_046.basePlot.ltr","D01","BART","BART_046","BART_046_687","2016-11-15","2015-05-20","2016-11-07","2016-11-10T17:10Z","2016-11-15T20:15Z","NEON.LTR.BART046687.20161107","NEON.LTR.BART046687.20161107.FLR","NEON.DOC.001710vE","Flowers",0.005,"N","","EkSno5X21V+6BMsaD1wBB48CY0mHxVq/"
"972f2198-0cfc-4ee6-8236-fb6e6ab113e2","BART_046.basePlot.ltr","D01","BART","BART_046","BART_046_687","2016-11-15","2015-05-20","2016-11-07","2016-11-10T17:10Z","2016-11-15T20:15Z","NEON.LTR.BART046687.20161107","NEON.LTR.BART046687.20161107.LVS","NEON.DOC.001710vE","Leaves",12.55,"N","","EkSno5X21V+6BMsaD1wBB48CY0mHxVq/"
"4e3f65ce-e311-47c3-bbf4-cb464fef95cc","BART_046.basePlot.ltr","D01","BART","BART_046","BART_046_687","2016-11-15","2015-05-20","2016-11-07","2016-11-10T17:10Z","2016-11-15T20:15Z","NEON.LTR.BART046687.20161107","NEON.LTR.BART046687.20161107.TWI","NEON.DOC.001710vE","Twigs/branches",0.005,"N","","EkSno5X21V+6BMsaD1wBB48CY0mHxVq/"
"f85ca26f-3013-431a-ae6b-9f61158ddcb7","BART_046.basePlot.ltr","D01","BART","BART_046","BART_046_687","2016-11-15","2015-05-20","2016-11-07","2016-11-10T17:10Z","2016-11-15T20:15Z","NEON.LTR.BART046687.20161107","NEON.LTR.BART046687.20161107.NDL","NEON.DOC.001710vE","Needles",0.005,"Y","","EkSno5X21V+6BMsaD1wBB48CY0mHxVq/"
"046c26e5-89da-485c-a6ac-de3ca5818561","BART_046.basePlot.ltr","D01","BART","BART_046","BART_046_687","2016-11-15","2015-05-20","2016-11-07","2016-11-10T17:10Z","2016-11-15T20:15Z","NEON.LTR.BART046687.20161107","NEON.LTR.BART046687.20161107.SDS","NEON.DOC.001710vE","Seeds",0.005,"N","","EkSno5X21V+6BMsaD1wBB48CY0mHxVq/"
"726b9fed-d589-475c-8f12-45e8db519f73","BART_071.basePlot.ltr","D01","BART","BART_071","BART_071_382","2016-11-15","2015-05-20","2016-11-07","2016-11-10T17:10Z","2016-11-15T20:15Z","NEON.LTR.BART071382.20161107","NEON.LTR.BART071382.20161107.LVS","NEON.DOC.001710vE","Leaves",3.69,"N","","Pes0SJTi6mB/L3kaeuPRUby8XD59hvb8"
"88b8a0c6-ef11-4bec-9b7a-3366b6f89cac","BART_071.basePlot.ltr","D01","BART","BART_071","BART_071_382","2016-11-15","2015-05-20","2016-11-07","2016-11-10T17:10Z","2016-11-15T20:15Z","NEON.LTR.BART071382.20161107","NEON.LTR.BART071382.20161107.TWI","NEON.DOC.001710vE","Twigs/branches",0.15,"N","","Pes0SJTi6mB/L3kaeuPRUby8XD59hvb8"
"4c1a4763-26d1-4805-87ed-2a0c039d1531","BART_032.basePlot.ltr","D01","BART","BART_032","BART_032_293","2016-11-15","2015-05-20","2016-11-07","2016-11-10T17:10Z","2016-11-15T20:15Z","NEON.LTR.BART032293.20161107","NEON.LTR.BART032293.20161107.WDY","NEON.DOC.001710vE","Woody material",0.005,"Y","","Pes0SJTi6mB/L3kaeuPRUby8XD59hvb8"
"08ebb474-f584-4f31-86cc-4cfc4f7b679e","BART_071.basePlot.ltr","D01","BART","BART_071","BART_071_382","2016-11-15","2015-05-20","2016-11-07","2016-11-10T17:10Z","2016-11-15T20:15Z","NEON.LTR.BART071382.20161107","NEON.LTR.BART071382.20161107.OTH","NEON.DOC.001710vE","Other",0.06,"N","","Pes0SJTi6mB/L3kaeuPRUby8XD59hvb8"
"5d8c4bd9-9897-4fcc-ad5b-c63e32aab05f","BART_032.basePlot.ltr","D01","BART","BART_032","BART_032_293","2016-11-15","2015-05-20","2016-11-07","2016-11-10T17:10Z","2016-11-15T20:15Z","NEON.LTR.BART032293.20161107","NEON.LTR.BART032293.20161107.TWI","NEON.DOC.001710vE","Twigs/branches",0,"N","","Pes0SJTi6mB/L3kaeuPRUby8XD59hvb8"
"0c9b11bf-db99-42c7-9e68-627578805fb8","BART_071.basePlot.ltr","D01","BART","BART_071","BART_071_382","2016-11-15","2015-05-20","2016-11-07","2016-11-10T17:10Z","2016-11-15T20:15Z","NEON.LTR.BART071382.20161107","NEON.LTR.BART071382.20161107.WDY","NEON.DOC.001710vE","Woody material",0.72,"N","","Pes0SJTi6mB/L3kaeuPRUby8XD59hvb8"
"f4749ef6-d0bd-4edf-a3e5-014291d9cd6d","BART_071.basePlot.ltr","D01","BART","BART_071","BART_071_382","2016-11-15","2015-05-20","2016-11-07","2016-11-10T17:10Z","2016-11-15T20:15Z","NEON.LTR.BART071382.20161107","NEON.LTR.BART071382.20161107.NDL","NEON.DOC.001710vE","Needles",0.62,"Y","","Pes0SJTi6mB/L3kaeuPRUby8XD59hvb8"
"e952ecaf-433c-4eec-95b4-a13c86bb34e1","BART_032.basePlot.ltr","D01","BART","BART_032","BART_032_293","2016-11-15","2015-05-20","2016-11-07","2016-11-10T17:10Z","2016-11-15T20:15Z","NEON.LTR.BART032293.20161107","NEON.LTR.BART032293.20161107.OTH","NEON.DOC.001710vE","Other",0.05,"N","","Pes0SJTi6mB/L3kaeuPRUby8XD59hvb8"
"13904e3b-3cd5-485d-9c0d-1269eaaddab2","BART_071.basePlot.ltr","D01","BART","BART_071","BART_071_382","2016-11-15","2015-05-20","2016-11-07","2016-11-10T17:10Z","2016-11-15T20:15Z","NEON.LTR.BART071382.20161107","NEON.LTR.BART071382.20161107.SDS","NEON.DOC.001710vE","Seeds",0.05,"N","","Pes0SJTi6mB/L3kaeuPRUby8XD59hvb8"
"bb0e5f5d-e5bf-44c4-b513-b28d563522c2","BART_071.basePlot.ltr","D01","BART","BART_071","BART_071_382","2016-11-15","2015-05-20","2016-11-07","2016-11-10T17:10Z","2016-11-15T20:15Z","NEON.LTR.BART071382.20161107","NEON.LTR.BART071382.20161107.FLR","NEON.DOC.001710vE","Flowers",0.005,"N","","Pes0SJTi6mB/L3kaeuPRUby8XD59hvb8"
"329b3f47-281a-49a8-89d9-32335caedb30","BART_032.basePlot.ltr","D01","BART","BART_032","BART_032_293","2016-11-15","2015-05-20","2016-11-07","2016-11-10T17:10Z","2016-11-15T20:15Z","NEON.LTR.BART032293.20161107","NEON.LTR.BART032293.20161107.SDS","NEON.DOC.001710vE","Seeds",0.02,"N","","Pes0SJTi6mB/L3kaeuPRUby8XD59hvb8"
"2bda3318-335f-44f7-802e-e86615c4f581","BART_032.basePlot.ltr","D01","BART","BART_032","BART_032_293","2016-11-15","2015-05-20","2016-11-07","2016-11-10T17:10Z","2016-11-15T20:15Z","NEON.LTR.BART032293.20161107","NEON.LTR.BART032293.20161107.LVS","NEON.DOC.001710vE","Leaves",17.87,"N","","Pes0SJTi6mB/L3kaeuPRUby8XD59hvb8"
"df0c28f1-f243-434f-9205-eb7b431ed82d","BART_032.basePlot.ltr","D01","BART","BART_032","BART_032_293","2016-11-15","2015-05-20","2016-11-07","2016-11-10T17:10Z","2016-11-15T20:15Z","NEON.LTR.BART032293.20161107","NEON.LTR.BART032293.20161107.NDL","NEON.DOC.001710vE","Needles",0.01,"N","","Pes0SJTi6mB/L3kaeuPRUby8XD59hvb8"
"7c49e351-abb4-4af2-95be-c5255d3774b4","BART_032.basePlot.ltr","D01","BART","BART_032","BART_032_293","2016-11-15","2015-05-20","2016-11-07","2016-11-10T17:10Z","2016-11-15T20:15Z","NEON.LTR.BART032293.20161107","NEON.LTR.BART032293.20161107.FLR","NEON.DOC.001710vE","Flowers",0,"N","","Pes0SJTi6mB/L3kaeuPRUby8XD59hvb8"
"837f8cf2-ff90-45a1-9b9e-be2092ef9e4f","BART_042.basePlot.ltr","D01","BART","BART_042","BART_042_587","2016-11-15","2015-05-20","2016-11-07","2016-11-10T17:10Z","2016-11-15T20:15Z","NEON.LTR.BART042587.20161107","NEON.LTR.BART042587.20161107.OTH","NEON.DOC.001710vE","Other",0.09,"N","","Pes0SJTi6mB/L3kaeuPRUby8XD59hvb8"
"8e8edb38-2866-4e94-8849-e3f0d9783e18","BART_042.basePlot.ltr","D01","BART","BART_042","BART_042_587","2016-11-15","2015-05-20","2016-11-07","2016-11-10T17:10Z","2016-11-15T20:15Z","NEON.LTR.BART042587.20161107","NEON.LTR.BART042587.20161107.FLR","NEON.DOC.001710vE","Flowers",0.005,"N","","Pes0SJTi6mB/L3kaeuPRUby8XD59hvb8"
"05cd543b-657b-4bdd-9490-f1f746274700","BART_042.basePlot.ltr","D01","BART","BART_042","BART_042_587","2016-11-15","2015-05-20","2016-11-07","2016-11-10T17:10Z","2016-11-15T20:15Z","NEON.LTR.BART042587.20161107","NEON.LTR.BART042587.20161107.LVS","NEON.DOC.001710vE","Leaves",7.57,"Y","","Pes0SJTi6mB/L3kaeuPRUby8XD59hvb8"
"fb34ff8f-b57e-4b74-8786-c20499302dcf","BART_042.basePlot.ltr","D01","BART","BART_042","BART_042_587","2016-11-15","2015-05-20","2016-11-07","2016-11-10T17:10Z","2016-11-15T20:15Z","NEON.LTR.BART042587.20161107","NEON.LTR.BART042587.20161107.NDL","NEON.DOC.001710vE","Needles",0.53,"N","","Pes0SJTi6mB/L3kaeuPRUby8XD59hvb8"
"e65036aa-3ddb-45ed-ae9a-4dcfb5c436f0","BART_042.basePlot.ltr","D01","BART","BART_042","BART_042_587","2016-11-15","2015-05-20","2016-11-07","2016-11-10T17:10Z","2016-11-15T20:15Z","NEON.LTR.BART042587.20161107","NEON.LTR.BART042587.20161107.TWI","NEON.DOC.001710vE","Twigs/branches",0.32,"N","","Pes0SJTi6mB/L3kaeuPRUby8XD59hvb8"
"42372f08-a6b8-4ab7-9eb5-758a8b601116","BART_042.basePlot.ltr","D01","BART","BART_042","BART_042_587","2016-11-15","2015-05-20","2016-11-07","2016-11-10T17:10Z","2016-11-15T20:15Z","NEON.LTR.BART042587.20161107","NEON.LTR.BART042587.20161107.WDY","NEON.DOC.001710vE","Woody material",0.05,"N","","Pes0SJTi6mB/L3kaeuPRUby8XD59hvb8"
"5a3ef35b-ae66-47e9-a73b-12c481e5b96e","BART_042.basePlot.ltr","D01","BART","BART_042","BART_042_587","2016-11-15","2015-05-20","2016-11-07","2016-11-10T17:10Z","2016-11-15T20:15Z","NEON.LTR.BART042587.20161107","NEON.LTR.BART042587.20161107.SDS","NEON.DOC.001710vE","Seeds",0.01,"N","","Pes0SJTi6mB/L3kaeuPRUby8XD59hvb8"
"e70a1795-17ad-4d88-80d0-895ad6877cb2","BART_072.basePlot.ltr","D01","BART","BART_072","BART_072_567","2016-11-15","2015-05-21","2016-11-07","2016-11-10T17:10Z","2016-11-15T20:15Z","NEON.LTR.BART072567.20161107","NEON.LTR.BART072567.20161107.OTH","NEON.DOC.001710vE","Other",0.005,"N","","Pes0SJTi6mB/L3kaeuPRUby8XD59hvb8"
"29ebc009-d7a0-4b9a-817b-7ffc88ae36f7","BART_072.basePlot.ltr","D01","BART","BART_072","BART_072_567","2016-11-15","2015-05-21","2016-11-07","2016-11-10T17:10Z","2016-11-15T20:15Z","NEON.LTR.BART072567.20161107","NEON.LTR.BART072567.20161107.NDL","NEON.DOC.001710vE","Needles",1.1,"N","","Pes0SJTi6mB/L3kaeuPRUby8XD59hvb8"
"499c3640-5df7-445a-a9a7-b262842b3528","BART_072.basePlot.ltr","D01","BART","BART_072","BART_072_567","2016-11-15","2015-05-21","2016-11-07","2016-11-10T17:10Z","2016-11-15T20:15Z","NEON.LTR.BART072567.20161107","NEON.LTR.BART072567.20161107.LVS","NEON.DOC.001710vE","Leaves",9.86,"N","","Pes0SJTi6mB/L3kaeuPRUby8XD59hvb8"
"0f4b13b1-7aff-4cc4-acb6-571a9cb9ab02","BART_072.basePlot.ltr","D01","BART","BART_072","BART_072_567","2016-11-15","2015-05-21","2016-11-07","2016-11-10T17:10Z","2016-11-15T20:15Z","NEON.LTR.BART072567.20161107","NEON.LTR.BART072567.20161107.SDS","NEON.DOC.001710vE","Seeds",0.005,"N","","Pes0SJTi6mB/L3kaeuPRUby8XD59hvb8"
"0efe29b1-d043-4f41-8b9d-ad41de1b93e0","BART_072.basePlot.ltr","D01","BART","BART_072","BART_072_567","2016-11-15","2015-05-21","2016-11-07","2016-11-10T17:10Z","2016-11-15T20:15Z","NEON.LTR.BART072567.20161107","NEON.LTR.BART072567.20161107.TWI","NEON.DOC.001710vE","Twigs/branches",0.71,"Y","","Pes0SJTi6mB/L3kaeuPRUby8XD59hvb8"
"d039bbf9-f9d9-4510-9b5e-1fdd4d130d2c","BART_072.basePlot.ltr","D01","BART","BART_072","BART_072_567","2016-11-15","2015-05-21","2016-11-07","2016-11-10T17:10Z","2016-11-15T20:15Z","NEON.LTR.BART072567.20161107","NEON.LTR.BART072567.20161107.FLR","NEON.DOC.001710vE","Flowers",0.005,"N","","Pes0SJTi6mB/L3kaeuPRUby8XD59hvb8"
"5461aec2-b8b7-4355-92a8-a8aba21ec2b0","BART_072.basePlot.ltr","D01","BART","BART_072","BART_072_162","2016-11-15","2015-05-21","2016-11-07","2016-11-10T17:10Z","2016-11-15T20:15Z","NEON.LTR.BART072162.20161107","NEON.LTR.BART072162.20161107.NDL","NEON.DOC.001710vE","Needles",0.23,"N","","EkSno5X21V+6BMsaD1wBB48CY0mHxVq/"
"d37d94e3-73ad-49f3-aba1-1ecf45b1a6bf","BART_072.basePlot.ltr","D01","BART","BART_072","BART_072_162","2016-11-15","2015-05-21","2016-11-07","2016-11-10T17:10Z","2016-11-15T20:15Z","NEON.LTR.BART072162.20161107","NEON.LTR.BART072162.20161107.WDY","NEON.DOC.001710vE","Woody material",0.04,"Y","","EkSno5X21V+6BMsaD1wBB48CY0mHxVq/"
"6f575740-8fe7-4b7f-8e9a-1a3412e52f68","BART_072.basePlot.ltr","D01","BART","BART_072","BART_072_162","2016-11-15","2015-05-21","2016-11-07","2016-11-10T17:10Z","2016-11-15T20:15Z","NEON.LTR.BART072162.20161107","NEON.LTR.BART072162.20161107.SDS","NEON.DOC.001710vE","Seeds",0.09,"N","","EkSno5X21V+6BMsaD1wBB48CY0mHxVq/"
"76903941-f443-4389-b734-4a05f39d7755","BART_072.basePlot.ltr","D01","BART","BART_072","BART_072_162","2016-11-15","2015-05-21","2016-11-07","2016-11-10T17:10Z","2016-11-15T20:15Z","NEON.LTR.BART072162.20161107","NEON.LTR.BART072162.20161107.TWI","NEON.DOC.001710vE","Twigs/branches",0.16,"N","","EkSno5X21V+6BMsaD1wBB48CY0mHxVq/"
"a3018442-6ae7-4757-aa19-29a8f8f61ee9","BART_072.basePlot.ltr","D01","BART","BART_072","BART_072_162","2016-11-15","2015-05-21","2016-11-07","2016-11-10T17:10Z","2016-11-15T20:15Z","NEON.LTR.BART072162.20161107","NEON.LTR.BART072162.20161107.LVS","NEON.DOC.001710vE","Leaves",11.67,"N","","EkSno5X21V+6BMsaD1wBB48CY0mHxVq/"
"650128f0-e4b0-4a88-a003-9b4b36224c86","BART_072.basePlot.ltr","D01","BART","BART_072","BART_072_162","2016-11-15","2015-05-21","2016-11-07","2016-11-10T17:10Z","2016-11-15T20:15Z","NEON.LTR.BART072162.20161107","NEON.LTR.BART072162.20161107.OTH","NEON.DOC.001710vE","Other",0.005,"N","","EkSno5X21V+6BMsaD1wBB48CY0mHxVq/"
"5142b670-4c08-4405-bc06-90c1c6ab2e02","BART_072.basePlot.ltr","D01","BART","BART_072","BART_072_162","2016-11-15","2015-05-21","2016-11-07","2016-11-10T17:10Z","2016-11-15T20:15Z","NEON.LTR.BART072162.20161107","NEON.LTR.BART072162.20161107.FLR","NEON.DOC.001710vE","Flowers",0,"N","","EkSno5X21V+6BMsaD1wBB48CY0mHxVq/"
"c631f33a-e79c-4906-b2fb-766b7c92c122","BART_072.basePlot.ltr","D01","BART","BART_072","BART_072_567","2016-11-15","2015-05-21","2016-11-07","2016-11-10T17:10Z","2016-11-15T20:15Z","NEON.LTR.BART072567.20161107","NEON.LTR.BART072567.20161107.WDY","NEON.DOC.001710vE","Woody material",0.01,"N","","Pes0SJTi6mB/L3kaeuPRUby8XD59hvb8"
"767c56b1-8f2b-4265-8e23-cb11ef4d5597","BART_044.basePlot.ltr","D01","BART","BART_044","BART_044_410","2016-11-15","2015-05-26","2016-11-07","2016-11-10T17:10Z","2016-11-15T20:15Z","NEON.LTR.BART044410.20161107","NEON.LTR.BART044410.20161107.FLR","NEON.DOC.001710vE","Flowers",0.005,"N","","EkSno5X21V+6BMsaD1wBB48CY0mHxVq/"
"4a691703-9f6a-4b09-9f83-62a161f9424a","BART_074.basePlot.ltr","D01","BART","BART_074","BART_074_555","2016-11-15","2015-05-26","2016-11-07","2016-11-10T17:10Z","2016-11-15T20:15Z","NEON.LTR.BART074555.20161107","NEON.LTR.BART074555.20161107.TWI","NEON.DOC.001710vE","Twigs/branches",0.02,"N","","EkSno5X21V+6BMsaD1wBB48CY0mHxVq/"
"68933a42-89f7-4710-aecd-89e2f292ada7","BART_044.basePlot.ltr","D01","BART","BART_044","BART_044_410","2016-11-15","2015-05-26","2016-11-07","2016-11-10T17:10Z","2016-11-15T20:15Z","NEON.LTR.BART044410.20161107","NEON.LTR.BART044410.20161107.WDY","NEON.DOC.001710vE","Woody material",0.005,"N","","EkSno5X21V+6BMsaD1wBB48CY0mHxVq/"
"436774d8-be0b-4a9f-9b33-35814c0964f0","BART_044.basePlot.ltr","D01","BART","BART_044","BART_044_410","2016-11-15","2015-05-26","2016-11-07","2016-11-10T17:10Z","2016-11-15T20:15Z","NEON.LTR.BART044410.20161107","NEON.LTR.BART044410.20161107.LVS","NEON.DOC.001710vE","Leaves",13.79,"N","","EkSno5X21V+6BMsaD1wBB48CY0mHxVq/"
"02aad300-1d7b-4886-bacd-676e7923eb31","BART_044.basePlot.ltr","D01","BART","BART_044","BART_044_410","2016-11-15","2015-05-26","2016-11-07","2016-11-10T17:10Z","2016-11-15T20:15Z","NEON.LTR.BART044410.20161107","NEON.LTR.BART044410.20161107.SDS","NEON.DOC.001710vE","Seeds",0.005,"N","","EkSno5X21V+6BMsaD1wBB48CY0mHxVq/"
"6f1041e9-66d5-4b51-baf7-b41966f08246","BART_044.basePlot.ltr","D01","BART","BART_044","BART_044_410","2016-11-15","2015-05-26","2016-11-07","2016-11-10T17:10Z","2016-11-15T20:15Z","NEON.LTR.BART044410.20161107","NEON.LTR.BART044410.20161107.OTH","NEON.DOC.001710vE","Other",0.01,"N","","EkSno5X21V+6BMsaD1wBB48CY0mHxVq/"
"b317f33f-8955-47c2-95cb-eb34aea23a98","BART_044.basePlot.ltr","D01","BART","BART_044","BART_044_410","2016-11-15","2015-05-26","2016-11-07","2016-11-10T17:10Z","2016-11-15T20:15Z","NEON.LTR.BART044410.20161107","NEON.LTR.BART044410.20161107.TWI","NEON.DOC.001710vE","Twigs/branches",0.16,"N","","EkSno5X21V+6BMsaD1wBB48CY0mHxVq/"
"d9de029a-a743-4425-b93f-b48d2d7d8059","BART_074.basePlot.ltr","D01","BART","BART_074","BART_074_942","2016-11-15","2015-05-26","2016-11-07","2016-11-10T17:10Z","2016-11-15T20:15Z","NEON.LTR.BART074942.20161107","NEON.LTR.BART074942.20161107.WDY","NEON.DOC.001710vE","Woody material",0.2,"N","","Pes0SJTi6mB/L3kaeuPRUby8XD59hvb8"
"26125bc3-a0c0-4ae1-b77f-855394587dd7","BART_074.basePlot.ltr","D01","BART","BART_074","BART_074_942","2016-11-15","2015-05-26","2016-11-07","2016-11-10T17:10Z","2016-11-15T20:15Z","NEON.LTR.BART074942.20161107","NEON.LTR.BART074942.20161107.FLR","NEON.DOC.001710vE","Flowers",0.005,"N","","Pes0SJTi6mB/L3kaeuPRUby8XD59hvb8"
"90c9cd66-cd12-4d42-9683-5c50a851bfac","BART_074.basePlot.ltr","D01","BART","BART_074","BART_074_942","2016-11-15","2015-05-26","2016-11-07","2016-11-10T17:10Z","2016-11-15T20:15Z","NEON.LTR.BART074942.20161107","NEON.LTR.BART074942.20161107.SDS","NEON.DOC.001710vE","Seeds",0.24,"N","","Pes0SJTi6mB/L3kaeuPRUby8XD59hvb8"
"d5725509-a40d-451c-b862-30f5acb92ee0","BART_074.basePlot.ltr","D01","BART","BART_074","BART_074_942","2016-11-15","2015-05-26","2016-11-07","2016-11-10T17:10Z","2016-11-15T20:15Z","NEON.LTR.BART074942.20161107","NEON.LTR.BART074942.20161107.LVS","NEON.DOC.001710vE","Leaves",36.83,"N","","Pes0SJTi6mB/L3kaeuPRUby8XD59hvb8"
"a02542a8-994c-4faf-a481-8c0145f9f9d0","BART_074.basePlot.ltr","D01","BART","BART_074","BART_074_942","2016-11-15","2015-05-26","2016-11-07","2016-11-10T17:10Z","2016-11-15T20:15Z","NEON.LTR.BART074942.20161107","NEON.LTR.BART074942.20161107.NDL","NEON.DOC.001710vE","Needles",0.39,"N","","Pes0SJTi6mB/L3kaeuPRUby8XD59hvb8"
"1409ff10-45ef-4721-be54-ed6a55a9e54c","BART_074.basePlot.ltr","D01","BART","BART_074","BART_074_942","2016-11-15","2015-05-26","2016-11-07","2016-11-10T17:10Z","2016-11-15T20:15Z","NEON.LTR.BART074942.20161107","NEON.LTR.BART074942.20161107.TWI","NEON.DOC.001710vE","Twigs/branches",0.02,"N","","Pes0SJTi6mB/L3kaeuPRUby8XD59hvb8"
"76796675-3c4d-46c4-826b-8707a343e54d","BART_074.basePlot.ltr","D01","BART","BART_074","BART_074_942","2016-11-15","2015-05-26","2016-11-07","2016-11-10T17:10Z","2016-11-15T20:15Z","NEON.LTR.BART074942.20161107","NEON.LTR.BART074942.20161107.OTH","NEON.DOC.001710vE","Other",0.05,"N","","Pes0SJTi6mB/L3kaeuPRUby8XD59hvb8"
"f02056a7-8b18-4fb0-88ee-fb78ed64c023","BART_044.basePlot.ltr","D01","BART","BART_044","BART_044_531","2016-11-15","2015-05-26","2016-11-07","2016-11-10T17:10Z","2016-11-15T20:15Z","NEON.LTR.BART044531.20161107","NEON.LTR.BART044531.20161107.LVS","NEON.DOC.001710vE","Leaves",14.03,"N","","Pes0SJTi6mB/L3kaeuPRUby8XD59hvb8"
"16a044c6-95a7-484e-9a1c-66db2539ca73","BART_044.basePlot.ltr","D01","BART","BART_044","BART_044_531","2016-11-15","2015-05-26","2016-11-07","2016-11-10T17:10Z","2016-11-15T20:15Z","NEON.LTR.BART044531.20161107","NEON.LTR.BART044531.20161107.WDY","NEON.DOC.001710vE","Woody material",0.005,"N","","Pes0SJTi6mB/L3kaeuPRUby8XD59hvb8"
"38ace854-fc24-4b40-9b1e-ce2fe096d837","BART_044.basePlot.ltr","D01","BART","BART_044","BART_044_531","2016-11-15","2015-05-26","2016-11-07","2016-11-10T17:10Z","2016-11-15T20:15Z","NEON.LTR.BART044531.20161107","NEON.LTR.BART044531.20161107.OTH","NEON.DOC.001710vE","Other",0.03,"Y","","Pes0SJTi6mB/L3kaeuPRUby8XD59hvb8"
"ba2a0cc3-cae2-4fe8-9be7-089bc15c9ad5","BART_044.basePlot.ltr","D01","BART","BART_044","BART_044_531","2016-11-15","2015-05-26","2016-11-07","2016-11-10T17:10Z","2016-11-15T20:15Z","NEON.LTR.BART044531.20161107","NEON.LTR.BART044531.20161107.SDS","NEON.DOC.001710vE","Seeds",0.005,"N","","Pes0SJTi6mB/L3kaeuPRUby8XD59hvb8"
"288ddcd7-09ce-4bdb-bbc4-00ae8477a28a","BART_044.basePlot.ltr","D01","BART","BART_044","BART_044_531","2016-11-15","2015-05-26","2016-11-07","2016-11-10T17:10Z","2016-11-15T20:15Z","NEON.LTR.BART044531.20161107","NEON.LTR.BART044531.20161107.NDL","NEON.DOC.001710vE","Needles",0.07,"N","","Pes0SJTi6mB/L3kaeuPRUby8XD59hvb8"
"cef443a7-0490-4ab3-af61-31c0f11d0d61","BART_044.basePlot.ltr","D01","BART","BART_044","BART_044_531","2016-11-15","2015-05-26","2016-11-07","2016-11-10T17:10Z","2016-11-15T20:15Z","NEON.LTR.BART044531.20161107","NEON.LTR.BART044531.20161107.TWI","NEON.DOC.001710vE","Twigs/branches",0.19,"N","","Pes0SJTi6mB/L3kaeuPRUby8XD59hvb8"
"887a4917-d563-41b6-a329-88907129b0e5","BART_044.basePlot.ltr","D01","BART","BART_044","BART_044_531","2016-11-15","2015-05-26","2016-11-07","2016-11-10T17:10Z","2016-11-15T20:15Z","NEON.LTR.BART044531.20161107","NEON.LTR.BART044531.20161107.FLR","NEON.DOC.001710vE","Flowers",0,"N","","Pes0SJTi6mB/L3kaeuPRUby8XD59hvb8"
"5f8c1a7a-840c-4708-bba4-d71d1523381b","BART_074.basePlot.ltr","D01","BART","BART_074","BART_074_555","2016-11-15","2015-05-26","2016-11-07","2016-11-10T17:10Z","2016-11-15T20:15Z","NEON.LTR.BART074555.20161107","NEON.LTR.BART074555.20161107.FLR","NEON.DOC.001710vE","Flowers",0.005,"N","","EkSno5X21V+6BMsaD1wBB48CY0mHxVq/"
"0d0ea1b8-5966-4f30-85ed-3a0fe97ca7c5","BART_074.basePlot.ltr","D01","BART","BART_074","BART_074_555","2016-11-15","2015-05-26","2016-11-07","2016-11-10T17:10Z","2016-11-15T20:15Z","NEON.LTR.BART074555.20161107","NEON.LTR.BART074555.20161107.NDL","NEON.DOC.001710vE","Needles",0.44,"N","","EkSno5X21V+6BMsaD1wBB48CY0mHxVq/"
"0901634e-4b21-4041-b884-563e77e4a77c","BART_074.basePlot.ltr","D01","BART","BART_074","BART_074_555","2016-11-15","2015-05-26","2016-11-07","2016-11-10T17:10Z","2016-11-15T20:15Z","NEON.LTR.BART074555.20161107","NEON.LTR.BART074555.20161107.OTH","NEON.DOC.001710vE","Other",0.06,"N","","EkSno5X21V+6BMsaD1wBB48CY0mHxVq/"
"32e677c5-6e42-42ba-914f-e814082dd5be","BART_074.basePlot.ltr","D01","BART","BART_074","BART_074_555","2016-11-15","2015-05-26","2016-11-07","2016-11-10T17:10Z","2016-11-15T20:15Z","NEON.LTR.BART074555.20161107","NEON.LTR.BART074555.20161107.LVS","NEON.DOC.001710vE","Leaves",13.45,"N","","EkSno5X21V+6BMsaD1wBB48CY0mHxVq/"
"ff9068dc-9156-4fe8-93d4-e3064fd3d33d","BART_074.basePlot.ltr","D01","BART","BART_074","BART_074_555","2016-11-15","2015-05-26","2016-11-07","2016-11-10T17:10Z","2016-11-15T20:15Z","NEON.LTR.BART074555.20161107","NEON.LTR.BART074555.20161107.WDY","NEON.DOC.001710vE","Woody material",0.005,"N","","EkSno5X21V+6BMsaD1wBB48CY0mHxVq/"
"a2276ead-75f2-4e7c-a044-72c31f39f31d","BART_074.basePlot.ltr","D01","BART","BART_074","BART_074_555","2016-11-15","2015-05-26","2016-11-07","2016-11-10T17:10Z","2016-11-15T20:15Z","NEON.LTR.BART074555.20161107","NEON.LTR.BART074555.20161107.SDS","NEON.DOC.001710vE","Seeds",0.005,"Y","","EkSno5X21V+6BMsaD1wBB48CY0mHxVq/"
"63d34b93-7bc0-4839-a971-9ad00ae73466","BART_044.basePlot.ltr","D01","BART","BART_044","BART_044_410","2016-11-15","2015-05-26","2016-11-07","2016-11-10T17:10Z","2016-11-15T20:15Z","NEON.LTR.BART044410.20161107","NEON.LTR.BART044410.20161107.NDL","NEON.DOC.001710vE","Needles",0.16,"N","","EkSno5X21V+6BMsaD1wBB48CY0mHxVq/"
"0e0301fd-2e09-4ace-a338-dc108aea5164","BART_037.basePlot.ltr","D01","BART","BART_037","BART_037_884","2016-11-15","2015-05-27","2016-11-07","2016-11-10T17:10Z","2016-11-15T20:15Z","NEON.LTR.BART037884.20161107","NEON.LTR.BART037884.20161107.LVS","NEON.DOC.001710vE","Leaves",21.62,"N","","Pes0SJTi6mB/L3kaeuPRUby8XD59hvb8"
"48904f00-66d0-469d-8363-3c070bed0679","BART_037.basePlot.ltr","D01","BART","BART_037","BART_037_884","2016-11-15","2015-05-27","2016-11-07","2016-11-10T17:10Z","2016-11-15T20:15Z","NEON.LTR.BART037884.20161107","NEON.LTR.BART037884.20161107.WDY","NEON.DOC.001710vE","Woody material",0.05,"N","","Pes0SJTi6mB/L3kaeuPRUby8XD59hvb8"
"11223420-9dbc-4c47-b397-e2231f98ec45","BART_037.basePlot.ltr","D01","BART","BART_037","BART_037_884","2016-11-15","2015-05-27","2016-11-07","2016-11-10T17:10Z","2016-11-15T20:15Z","NEON.LTR.BART037884.20161107","NEON.LTR.BART037884.20161107.NDL","NEON.DOC.001710vE","Needles",0.27,"N","","Pes0SJTi6mB/L3kaeuPRUby8XD59hvb8"
"29176bc0-e977-4bde-860a-2aae1d28a27f","BART_037.basePlot.ltr","D01","BART","BART_037","BART_037_884","2016-11-15","2015-05-27","2016-11-07","2016-11-10T17:10Z","2016-11-15T20:15Z","NEON.LTR.BART037884.20161107","NEON.LTR.BART037884.20161107.OTH","NEON.DOC.001710vE","Other",0.06,"N","","Pes0SJTi6mB/L3kaeuPRUby8XD59hvb8"
"6999540c-6d43-4ff4-93a5-dba1da4eb1d5","BART_037.basePlot.ltr","D01","BART","BART_037","BART_037_884","2016-11-15","2015-05-27","2016-11-07","2016-11-10T17:10Z","2016-11-15T20:15Z","NEON.LTR.BART037884.20161107","NEON.LTR.BART037884.20161107.SDS","NEON.DOC.001710vE","Seeds",0.005,"N","","Pes0SJTi6mB/L3kaeuPRUby8XD59hvb8"
"6c0c5656-0390-46d6-bd24-ac359f6b3d87","BART_037.basePlot.ltr","D01","BART","BART_037","BART_037_884","2016-11-15","2015-05-27","2016-11-07","2016-11-10T17:10Z","2016-11-15T20:15Z","NEON.LTR.BART037884.20161107","NEON.LTR.BART037884.20161107.TWI","NEON.DOC.001710vE","Twigs/branches",0,"N","","Pes0SJTi6mB/L3kaeuPRUby8XD59hvb8"
"b57c66d5-5b7d-499c-a282-cb0f6c8fc47c","BART_051.basePlot.ltr","D01","BART","BART_051","BART_051_813","2016-11-15","2015-05-27","2016-11-07","2016-11-10T17:10Z","2016-11-15T20:15Z","NEON.LTR.BART051813.20161107","NEON.LTR.BART051813.20161107.FLR","NEON.DOC.001710vE","Flowers",0.005,"N","","EkSno5X21V+6BMsaD1wBB48CY0mHxVq/"
"cbac1a32-b844-4e1d-b99e-4aa180abb83c","BART_051.basePlot.ltr","D01","BART","BART_051","BART_051_813","2016-11-15","2015-05-27","2016-11-07","2016-11-10T17:10Z","2016-11-15T20:15Z","NEON.LTR.BART051813.20161107","NEON.LTR.BART051813.20161107.WDY","NEON.DOC.001710vE","Woody material",0.005,"N","","EkSno5X21V+6BMsaD1wBB48CY0mHxVq/"
"1a717a11-4b10-4a18-96f6-12aa2861a4ea","BART_051.basePlot.ltr","D01","BART","BART_051","BART_051_813","2016-11-15","2015-05-27","2016-11-07","2016-11-10T17:10Z","2016-11-15T20:15Z","NEON.LTR.BART051813.20161107","NEON.LTR.BART051813.20161107.TWI","NEON.DOC.001710vE","Twigs/branches",0.07,"Y","","EkSno5X21V+6BMsaD1wBB48CY0mHxVq/"
"9c45d747-5990-437e-a4d9-8e606486bbce","BART_051.basePlot.ltr","D01","BART","BART_051","BART_051_813","2016-11-15","2015-05-27","2016-11-07","2016-11-10T17:10Z","2016-11-15T20:15Z","NEON.LTR.BART051813.20161107","NEON.LTR.BART051813.20161107.SDS","NEON.DOC.001710vE","Seeds",0.005,"N","","EkSno5X21V+6BMsaD1wBB48CY0mHxVq/"
"dea32102-2f51-4d59-8d71-36d4af4f045c","BART_051.basePlot.ltr","D01","BART","BART_051","BART_051_813","2016-11-15","2015-05-27","2016-11-07","2016-11-10T17:10Z","2016-11-15T20:15Z","NEON.LTR.BART051813.20161107","NEON.LTR.BART051813.20161107.LVS","NEON.DOC.001710vE","Leaves",12.89,"N","","EkSno5X21V+6BMsaD1wBB48CY0mHxVq/"
"e287d7a6-0609-4cdd-96c5-802f2426ccec","BART_051.basePlot.ltr","D01","BART","BART_051","BART_051_813","2016-11-15","2015-05-27","2016-11-07","2016-11-10T17:10Z","2016-11-15T20:15Z","NEON.LTR.BART051813.20161107","NEON.LTR.BART051813.20161107.OTH","NEON.DOC.001710vE","Other",0.01,"N","","EkSno5X21V+6BMsaD1wBB48CY0mHxVq/"
"5b0fb9ce-5db8-4734-92c1-47b05261f7e2","BART_051.basePlot.ltr","D01","BART","BART_051","BART_051_813","2016-11-15","2015-05-27","2016-11-07","2016-11-10T17:10Z","2016-11-15T20:15Z","NEON.LTR.BART051813.20161107","NEON.LTR.BART051813.20161107.NDL","NEON.DOC.001710vE","Needles",0.9,"N","","EkSno5X21V+6BMsaD1wBB48CY0mHxVq/"
"b6b05999-e334-474e-9e0b-547dea65ae82","BART_050.basePlot.ltr","D01","BART","BART_050","BART_050_808","2016-11-15","2015-05-27","2016-11-07","2016-11-10T17:10Z","2016-11-15T20:15Z","NEON.LTR.BART050808.20161107","NEON.LTR.BART050808.20161107.TWI","NEON.DOC.001710vE","Twigs/branches",0.68,"N","","EkSno5X21V+6BMsaD1wBB48CY0mHxVq/"
"f9e0db1f-f6d1-4f29-9bb3-d75c9ac97341","BART_050.basePlot.ltr","D01","BART","BART_050","BART_050_808","2016-11-15","2015-05-27","2016-11-07","2016-11-10T17:10Z","2016-11-15T20:15Z","NEON.LTR.BART050808.20161107","NEON.LTR.BART050808.20161107.WDY","NEON.DOC.001710vE","Woody material",0.005,"N","","EkSno5X21V+6BMsaD1wBB48CY0mHxVq/"
"57641550-150a-4a1d-b444-ac4d9ae1392b","BART_050.basePlot.ltr","D01","BART","BART_050","BART_050_808","2016-11-15","2015-05-27","2016-11-07","2016-11-10T17:10Z","2016-11-15T20:15Z","NEON.LTR.BART050808.20161107","NEON.LTR.BART050808.20161107.FLR","NEON.DOC.001710vE","Flowers",0.005,"N","","EkSno5X21V+6BMsaD1wBB48CY0mHxVq/"
"18579b09-eb61-4670-9cde-4d87218396b1","BART_050.basePlot.ltr","D01","BART","BART_050","BART_050_808","2016-11-15","2015-05-27","2016-11-07","2016-11-10T17:10Z","2016-11-15T20:15Z","NEON.LTR.BART050808.20161107","NEON.LTR.BART050808.20161107.SDS","NEON.DOC.001710vE","Seeds",0.005,"N","","EkSno5X21V+6BMsaD1wBB48CY0mHxVq/"
"c115627d-802d-48db-8770-2e02795c66e7","BART_050.basePlot.ltr","D01","BART","BART_050","BART_050_808","2016-11-15","2015-05-27","2016-11-07","2016-11-10T17:10Z","2016-11-15T20:15Z","NEON.LTR.BART050808.20161107","NEON.LTR.BART050808.20161107.NDL","NEON.DOC.001710vE","Needles",0.68,"N","","EkSno5X21V+6BMsaD1wBB48CY0mHxVq/"
"18acaaad-c2f5-43ee-82f4-55e320bcc548","BART_050.basePlot.ltr","D01","BART","BART_050","BART_050_808","2016-11-15","2015-05-27","2016-11-07","2016-11-10T17:10Z","2016-11-15T20:15Z","NEON.LTR.BART050808.20161107","NEON.LTR.BART050808.20161107.OTH","NEON.DOC.001710vE","Other",0.005,"N","","EkSno5X21V+6BMsaD1wBB48CY0mHxVq/"
"6e7276a9-814d-4736-be9a-eba5382d6a27","BART_050.basePlot.ltr","D01","BART","BART_050","BART_050_808","2016-11-15","2015-05-27","2016-11-07","2016-11-10T17:10Z","2016-11-15T20:15Z","NEON.LTR.BART050808.20161107","NEON.LTR.BART050808.20161107.LVS","NEON.DOC.001710vE","Leaves",1.41,"N","","EkSno5X21V+6BMsaD1wBB48CY0mHxVq/"
"077d426c-8bdb-431d-b372-56a8b5f1fb5d","BART_036.basePlot.ltr","D01","BART","BART_036","BART_036_151","2016-11-15","2015-05-27","2016-11-07","2016-11-10T17:10Z","2016-11-15T20:15Z","NEON.LTR.BART036151.20161107","NEON.LTR.BART036151.20161107.LVS","NEON.DOC.001710vE","Leaves",18.81,"N","","Pes0SJTi6mB/L3kaeuPRUby8XD59hvb8"
"ab598004-947c-4a30-851c-b1aa8f5f6b88","BART_036.basePlot.ltr","D01","BART","BART_036","BART_036_151","2016-11-15","2015-05-27","2016-11-07","2016-11-10T17:10Z","2016-11-15T20:15Z","NEON.LTR.BART036151.20161107","NEON.LTR.BART036151.20161107.NDL","NEON.DOC.001710vE","Needles",0.14,"N","","Pes0SJTi6mB/L3kaeuPRUby8XD59hvb8"
"68557384-997f-42d0-b8b6-27aa2cf9af0f","BART_036.basePlot.ltr","D01","BART","BART_036","BART_036_151","2016-11-15","2015-05-27","2016-11-07","2016-11-10T17:10Z","2016-11-15T20:15Z","NEON.LTR.BART036151.20161107","NEON.LTR.BART036151.20161107.WDY","NEON.DOC.001710vE","Woody material",0.07,"N","","Pes0SJTi6mB/L3kaeuPRUby8XD59hvb8"
"8fb28620-0e30-46f1-9314-b1e62b0cb32b","BART_036.basePlot.ltr","D01","BART","BART_036","BART_036_151","2016-11-15","2015-05-27","2016-11-07","2016-11-10T17:10Z","2016-11-15T20:15Z","NEON.LTR.BART036151.20161107","NEON.LTR.BART036151.20161107.OTH","NEON.DOC.001710vE","Other",0.05,"N","","Pes0SJTi6mB/L3kaeuPRUby8XD59hvb8"
"d523c1b9-9227-48af-aca5-7929d534105b","BART_036.basePlot.ltr","D01","BART","BART_036","BART_036_151","2016-11-15","2015-05-27","2016-11-07","2016-11-10T17:10Z","2016-11-15T20:15Z","NEON.LTR.BART036151.20161107","NEON.LTR.BART036151.20161107.SDS","NEON.DOC.001710vE","Seeds",0.005,"N","","Pes0SJTi6mB/L3kaeuPRUby8XD59hvb8"
"4747d647-86ca-4b81-b540-d5c74df14bdd","BART_036.basePlot.ltr","D01","BART","BART_036","BART_036_151","2016-11-15","2015-05-27","2016-11-07","2016-11-10T17:10Z","2016-11-15T20:15Z","NEON.LTR.BART036151.20161107","NEON.LTR.BART036151.20161107.FLR","NEON.DOC.001710vE","Flowers",0.005,"N","","Pes0SJTi6mB/L3kaeuPRUby8XD59hvb8"
"d90f4cf8-0201-4218-a9e1-143bf5f00b91","BART_036.basePlot.ltr","D01","BART","BART_036","BART_036_151","2016-11-15","2015-05-27","2016-11-07","2016-11-10T17:10Z","2016-11-15T20:15Z","NEON.LTR.BART036151.20161107","NEON.LTR.BART036151.20161107.TWI","NEON.DOC.001710vE","Twigs/branches",0.005,"N","","Pes0SJTi6mB/L3kaeuPRUby8XD59hvb8"
"6e34917a-2bb5-4d4f-95d8-1109841f52ac","BART_070.basePlot.ltr","D01","BART","BART_070","BART_070_790","2016-11-15","2015-05-27","2016-11-07","2016-11-10T17:10Z","2016-11-15T20:15Z","NEON.LTR.BART070790.20161107","NEON.LTR.BART070790.20161107.OTH","NEON.DOC.001710vE","Other",0.07,"N","","EkSno5X21V+6BMsaD1wBB48CY0mHxVq/"
"b6a1bd03-c537-4ba6-b902-88b18dca3611","BART_070.basePlot.ltr","D01","BART","BART_070","BART_070_790","2016-11-15","2015-05-27","2016-11-07","2016-11-10T17:10Z","2016-11-15T20:15Z","NEON.LTR.BART070790.20161107","NEON.LTR.BART070790.20161107.FLR","NEON.DOC.001710vE","Flowers",0.005,"N","","EkSno5X21V+6BMsaD1wBB48CY0mHxVq/"
"349d251b-c0bf-4aa5-af83-0004090f96c7","BART_070.basePlot.ltr","D01","BART","BART_070","BART_070_790","2016-11-15","2015-05-27","2016-11-07","2016-11-10T17:10Z","2016-11-15T20:15Z","NEON.LTR.BART070790.20161107","NEON.LTR.BART070790.20161107.TWI","NEON.DOC.001710vE","Twigs/branches",0.17,"N","","EkSno5X21V+6BMsaD1wBB48CY0mHxVq/"
"25d2d38e-1c4c-4d9b-9ccc-0ffdb43c513d","BART_070.basePlot.ltr","D01","BART","BART_070","BART_070_790","2016-11-15","2015-05-27","2016-11-07","2016-11-10T17:10Z","2016-11-15T20:15Z","NEON.LTR.BART070790.20161107","NEON.LTR.BART070790.20161107.LVS","NEON.DOC.001710vE","Leaves",8.68,"N","","EkSno5X21V+6BMsaD1wBB48CY0mHxVq/"
"363b3517-9bfb-47d9-a619-b505d315aa41","BART_070.basePlot.ltr","D01","BART","BART_070","BART_070_790","2016-11-15","2015-05-27","2016-11-07","2016-11-10T17:10Z","2016-11-15T20:15Z","NEON.LTR.BART070790.20161107","NEON.LTR.BART070790.20161107.SDS","NEON.DOC.001710vE","Seeds",0.005,"N","","EkSno5X21V+6BMsaD1wBB48CY0mHxVq/"
"a0f8eef0-0eef-4d3b-9ea5-723a25868680","BART_070.basePlot.ltr","D01","BART","BART_070","BART_070_790","2016-11-15","2015-05-27","2016-11-07","2016-11-10T17:10Z","2016-11-15T20:15Z","NEON.LTR.BART070790.20161107","NEON.LTR.BART070790.20161107.NDL","NEON.DOC.001710vE","Needles",0.72,"N","","EkSno5X21V+6BMsaD1wBB48CY0mHxVq/"
"57c7690a-f635-43af-b654-4288a20cbbab","BART_070.basePlot.ltr","D01","BART","BART_070","BART_070_790","2016-11-15","2015-05-27","2016-11-07","2016-11-10T17:10Z","2016-11-15T20:15Z","NEON.LTR.BART070790.20161107","NEON.LTR.BART070790.20161107.WDY","NEON.DOC.001710vE","Woody material",0.18,"N","","EkSno5X21V+6BMsaD1wBB48CY0mHxVq/"
"ea154395-bbd2-4338-b4c9-61bb943ef7e3","BART_051.basePlot.ltr","D01","BART","BART_051","BART_051_574","2016-11-15","2015-05-27","2016-11-07","2016-11-10T17:10Z","2016-11-15T20:15Z","NEON.LTR.BART051574.20161107","NEON.LTR.BART051574.20161107.TWI","NEON.DOC.001710vE","Twigs/branches",0.08,"N","","EkSno5X21V+6BMsaD1wBB48CY0mHxVq/"
"dfea6b58-5374-481c-8171-6736c3bed011","BART_051.basePlot.ltr","D01","BART","BART_051","BART_051_574","2016-11-15","2015-05-27","2016-11-07","2016-11-10T17:10Z","2016-11-15T20:15Z","NEON.LTR.BART051574.20161107","NEON.LTR.BART051574.20161107.WDY","NEON.DOC.001710vE","Woody material",0.01,"N","","EkSno5X21V+6BMsaD1wBB48CY0mHxVq/"
"d0f2435c-9f87-46fd-a90f-68e5fa906b24","BART_051.basePlot.ltr","D01","BART","BART_051","BART_051_574","2016-11-15","2015-05-27","2016-11-07","2016-11-10T17:10Z","2016-11-15T20:15Z","NEON.LTR.BART051574.20161107","NEON.LTR.BART051574.20161107.LVS","NEON.DOC.001710vE","Leaves",8.27,"N","","EkSno5X21V+6BMsaD1wBB48CY0mHxVq/"
"fc905a4b-c05b-4503-a950-fdbca360af20","BART_051.basePlot.ltr","D01","BART","BART_051","BART_051_574","2016-11-15","2015-05-27","2016-11-07","2016-11-10T17:10Z","2016-11-15T20:15Z","NEON.LTR.BART051574.20161107","NEON.LTR.BART051574.20161107.FLR","NEON.DOC.001710vE","Flowers",0.005,"N","","EkSno5X21V+6BMsaD1wBB48CY0mHxVq/"
"91ffad3c-b166-4d6f-b301-2c7ac6396d13","BART_051.basePlot.ltr","D01","BART","BART_051","BART_051_574","2016-11-15","2015-05-27","2016-11-07","2016-11-10T17:10Z","2016-11-15T20:15Z","NEON.LTR.BART051574.20161107","NEON.LTR.BART051574.20161107.OTH","NEON.DOC.001710vE","Other",0.04,"N","","EkSno5X21V+6BMsaD1wBB48CY0mHxVq/"
"9428b2d5-1562-46c4-b728-dddf1241f253","BART_051.basePlot.ltr","D01","BART","BART_051","BART_051_574","2016-11-15","2015-05-27","2016-11-07","2016-11-10T17:10Z","2016-11-15T20:15Z","NEON.LTR.BART051574.20161107","NEON.LTR.BART051574.20161107.SDS","NEON.DOC.001710vE","Seeds",0.005,"N","","EkSno5X21V+6BMsaD1wBB48CY0mHxVq/"
"cec38ba9-9735-425f-b684-6847fc87f54a","BART_051.basePlot.ltr","D01","BART","BART_051","BART_051_574","2016-11-15","2015-05-27","2016-11-07","2016-11-10T17:10Z","2016-11-15T20:15Z","NEON.LTR.BART051574.20161107","NEON.LTR.BART051574.20161107.NDL","NEON.DOC.001710vE","Needles",0.22,"Y","","EkSno5X21V+6BMsaD1wBB48CY0mHxVq/"
"f7235f7d-8fca-4d48-b255-d7edfa34c507","BART_036.basePlot.ltr","D01","BART","BART_036","BART_036_925","2016-11-16","2015-05-27","2016-11-07","2016-11-10T17:10Z","2016-11-15T20:15Z","NEON.LTR.BART036925.20161107","NEON.LTR.BART036925.20161107.OTH","NEON.DOC.001710vE","Other",0.04,"N","","EkSno5X21V+6BMsaD1wBB48CY0mHxVq/"
"f0af449e-ebee-4d7c-b907-68a5b055e0b5","BART_036.basePlot.ltr","D01","BART","BART_036","BART_036_925","2016-11-16","2015-05-27","2016-11-07","2016-11-10T17:10Z","2016-11-15T20:15Z","NEON.LTR.BART036925.20161107","NEON.LTR.BART036925.20161107.FLR","NEON.DOC.001710vE","Flowers",0,"N","","EkSno5X21V+6BMsaD1wBB48CY0mHxVq/"
"08cac0dd-c93a-45e1-96d3-668876d6b99b","BART_036.basePlot.ltr","D01","BART","BART_036","BART_036_925","2016-11-16","2015-05-27","2016-11-07","2016-11-10T17:10Z","2016-11-15T20:15Z","NEON.LTR.BART036925.20161107","NEON.LTR.BART036925.20161107.TWI","NEON.DOC.001710vE","Twigs/branches",0.4,"N","","EkSno5X21V+6BMsaD1wBB48CY0mHxVq/"
"1187b5f4-f44c-4fee-bade-f16d4269660d","BART_036.basePlot.ltr","D01","BART","BART_036","BART_036_925","2016-11-16","2015-05-27","2016-11-07","2016-11-10T17:10Z","2016-11-15T20:15Z","NEON.LTR.BART036925.20161107","NEON.LTR.BART036925.20161107.WDY","NEON.DOC.001710vE","Woody material",0,"N","","EkSno5X21V+6BMsaD1wBB48CY0mHxVq/"
"953d238f-1432-4d3e-ab2d-56dcb841ccfc","BART_036.basePlot.ltr","D01","BART","BART_036","BART_036_925","2016-11-16","2015-05-27","2016-11-07","2016-11-10T17:10Z","2016-11-15T20:15Z","NEON.LTR.BART036925.20161107","NEON.LTR.BART036925.20161107.SDS","NEON.DOC.001710vE","Seeds",0.005,"N","","EkSno5X21V+6BMsaD1wBB48CY0mHxVq/"
"74de6c46-1a48-4971-a0f2-05a003a5b0c7","BART_036.basePlot.ltr","D01","BART","BART_036","BART_036_925","2016-11-16","2015-05-27","2016-11-07","2016-11-10T17:10Z","2016-11-15T20:15Z","NEON.LTR.BART036925.20161107","NEON.LTR.BART036925.20161107.NDL","NEON.DOC.001710vE","Needles",0.005,"N","","EkSno5X21V+6BMsaD1wBB48CY0mHxVq/"
"519584f1-fd1c-4883-b9cf-9a7660098492","BART_036.basePlot.ltr","D01","BART","BART_036","BART_036_925","2016-11-16","2015-05-27","2016-11-07","2016-11-10T17:10Z","2016-11-15T20:15Z","NEON.LTR.BART036925.20161107","NEON.LTR.BART036925.20161107.LVS","NEON.DOC.001710vE","Leaves",21.48,"N","","EkSno5X21V+6BMsaD1wBB48CY0mHxVq/"
"175e9ef9-47eb-4c91-a871-7e9b11d4718a","BART_070.basePlot.ltr","D01","BART","BART_070","BART_070_553","2016-11-15","2015-05-27","2016-11-07","2016-11-10T17:10Z","2016-11-15T20:15Z","NEON.LTR.BART070553.20161107","NEON.LTR.BART070553.20161107.NDL","NEON.DOC.001710vE","Needles",0.98,"N","","Pes0SJTi6mB/L3kaeuPRUby8XD59hvb8"
"d3795316-dfb7-4edd-aad5-9ed9bd0b5b49","BART_070.basePlot.ltr","D01","BART","BART_070","BART_070_553","2016-11-15","2015-05-27","2016-11-07","2016-11-10T17:10Z","2016-11-15T20:15Z","NEON.LTR.BART070553.20161107","NEON.LTR.BART070553.20161107.LVS","NEON.DOC.001710vE","Leaves",6.47,"N","","Pes0SJTi6mB/L3kaeuPRUby8XD59hvb8"
"9c8bee34-b9b3-4824-8ef9-98bef6cd960a","BART_070.basePlot.ltr","D01","BART","BART_070","BART_070_553","2016-11-15","2015-05-27","2016-11-07","2016-11-10T17:10Z","2016-11-15T20:15Z","NEON.LTR.BART070553.20161107","NEON.LTR.BART070553.20161107.SDS","NEON.DOC.001710vE","Seeds",0.005,"N","","Pes0SJTi6mB/L3kaeuPRUby8XD59hvb8"
"c4f34f72-7428-4efe-9476-d6e2a5d1cb6b","BART_070.basePlot.ltr","D01","BART","BART_070","BART_070_553","2016-11-15","2015-05-27","2016-11-07","2016-11-10T17:10Z","2016-11-15T20:15Z","NEON.LTR.BART070553.20161107","NEON.LTR.BART070553.20161107.TWI","NEON.DOC.001710vE","Twigs/branches",0.25,"N","","Pes0SJTi6mB/L3kaeuPRUby8XD59hvb8"
"69f80ca9-00a0-4a5d-a978-ea2ffc24ab2d","BART_070.basePlot.ltr","D01","BART","BART_070","BART_070_553","2016-11-15","2015-05-27","2016-11-07","2016-11-10T17:10Z","2016-11-15T20:15Z","NEON.LTR.BART070553.20161107","NEON.LTR.BART070553.20161107.WDY","NEON.DOC.001710vE","Woody material",0.005,"N","","Pes0SJTi6mB/L3kaeuPRUby8XD59hvb8"
"3ad997c1-ea7e-4912-bfc9-80972400f5a8","BART_070.basePlot.ltr","D01","BART","BART_070","BART_070_553","2016-11-15","2015-05-27","2016-11-07","2016-11-10T17:10Z","2016-11-15T20:15Z","NEON.LTR.BART070553.20161107","NEON.LTR.BART070553.20161107.FLR","NEON.DOC.001710vE","Flowers",0.005,"N","","Pes0SJTi6mB/L3kaeuPRUby8XD59hvb8"
"a43af256-34e8-4389-b0ed-8815fb255345","BART_070.basePlot.ltr","D01","BART","BART_070","BART_070_553","2016-11-15","2015-05-27","2016-11-07","2016-11-10T17:10Z","2016-11-15T20:15Z","NEON.LTR.BART070553.20161107","NEON.LTR.BART070553.20161107.OTH","NEON.DOC.001710vE","Other",0.02,"Y","","Pes0SJTi6mB/L3kaeuPRUby8XD59hvb8"
"74bdb137-6d5c-42db-a215-1f61b8733656","BART_037.basePlot.ltr","D01","BART","BART_037","BART_037_158","2016-11-15","2015-05-27","2016-11-07","2016-11-10T17:10Z","2016-11-15T20:15Z","NEON.LTR.BART037158.20161107","NEON.LTR.BART037158.20161107.NDL","NEON.DOC.001710vE","Needles",0.005,"N","","Pes0SJTi6mB/L3kaeuPRUby8XD59hvb8"
"4f4079ac-ce18-4127-a5f6-e2a6228f90fd","BART_037.basePlot.ltr","D01","BART","BART_037","BART_037_158","2016-11-15","2015-05-27","2016-11-07","2016-11-10T17:10Z","2016-11-15T20:15Z","NEON.LTR.BART037158.20161107","NEON.LTR.BART037158.20161107.FLR","NEON.DOC.001710vE","Flowers",0,"N","","Pes0SJTi6mB/L3kaeuPRUby8XD59hvb8"
"5706d67b-cc6a-452b-b05c-d6d538f0b7f1","BART_037.basePlot.ltr","D01","BART","BART_037","BART_037_158","2016-11-15","2015-05-27","2016-11-07","2016-11-10T17:10Z","2016-11-15T20:15Z","NEON.LTR.BART037158.20161107","NEON.LTR.BART037158.20161107.TWI","NEON.DOC.001710vE","Twigs/branches",0,"N","","Pes0SJTi6mB/L3kaeuPRUby8XD59hvb8"
"fd253fda-f779-4f5a-8790-a377a84e71fa","BART_037.basePlot.ltr","D01","BART","BART_037","BART_037_158","2016-11-15","2015-05-27","2016-11-07","2016-11-10T17:10Z","2016-11-15T20:15Z","NEON.LTR.BART037158.20161107","NEON.LTR.BART037158.20161107.SDS","NEON.DOC.001710vE","Seeds",0.005,"Y","","Pes0SJTi6mB/L3kaeuPRUby8XD59hvb8"
"9095b076-d27d-4b2a-9f49-82d034d110af","BART_037.basePlot.ltr","D01","BART","BART_037","BART_037_158","2016-11-15","2015-05-27","2016-11-07","2016-11-10T17:10Z","2016-11-15T20:15Z","NEON.LTR.BART037158.20161107","NEON.LTR.BART037158.20161107.LVS","NEON.DOC.001710vE","Leaves",14.3,"N","","Pes0SJTi6mB/L3kaeuPRUby8XD59hvb8"
"3085d305-84af-490b-976b-db00c644d3ea","BART_037.basePlot.ltr","D01","BART","BART_037","BART_037_158","2016-11-15","2015-05-27","2016-11-07","2016-11-10T17:10Z","2016-11-15T20:15Z","NEON.LTR.BART037158.20161107","NEON.LTR.BART037158.20161107.WDY","NEON.DOC.001710vE","Woody material",0.09,"N","","Pes0SJTi6mB/L3kaeuPRUby8XD59hvb8"
"338b50bf-35ec-4e87-8f65-014d106e853c","BART_037.basePlot.ltr","D01","BART","BART_037","BART_037_158","2016-11-15","2015-05-27","2016-11-07","2016-11-10T17:10Z","2016-11-15T20:15Z","NEON.LTR.BART037158.20161107","NEON.LTR.BART037158.20161107.OTH","NEON.DOC.001710vE","Other",0.02,"N","","Pes0SJTi6mB/L3kaeuPRUby8XD59hvb8"
"3e1ac5a2-a006-4142-82e5-c4744167c5cd","BART_051.basePlot.ltr","D01","BART","BART_051","BART_051_574","2016-11-15","2015-05-27","2016-11-07","2016-11-10T17:10Z","2016-11-15T20:15Z","NEON.LTR.BART051574.20161107","NEON.LTR.BART051574.20161107.LVS","NEON.DOC.001710vE","Leaves",2.81,"Y","","Pes0SJTi6mB/L3kaeuPRUby8XD59hvb8"
"8d37bd43-7947-4210-bdf0-d7055a415e15","BART_051.basePlot.ltr","D01","BART","BART_051","BART_051_574","2016-11-15","2015-05-27","2016-11-07","2016-11-10T17:10Z","2016-11-15T20:15Z","NEON.LTR.BART051574.20161107","NEON.LTR.BART051574.20161107.NDL","NEON.DOC.001710vE","Needles",0.58,"N","","Pes0SJTi6mB/L3kaeuPRUby8XD59hvb8"
"ae56d144-ebca-411d-a6a1-86de11ffb81a","BART_051.basePlot.ltr","D01","BART","BART_051","BART_051_574","2016-11-15","2015-05-27","2016-11-07","2016-11-10T17:10Z","2016-11-15T20:15Z","NEON.LTR.BART051574.20161107","NEON.LTR.BART051574.20161107.TWI","NEON.DOC.001710vE","Twigs/branches",0.26,"N","","Pes0SJTi6mB/L3kaeuPRUby8XD59hvb8"
"56fdf7b1-0b49-4e97-a377-39dc20c1912b","BART_051.basePlot.ltr","D01","BART","BART_051","BART_051_574","2016-11-15","2015-05-27","2016-11-07","2016-11-10T17:10Z","2016-11-15T20:15Z","NEON.LTR.BART051574.20161107","NEON.LTR.BART051574.20161107.OTH","NEON.DOC.001710vE","Other",0.005,"N","","Pes0SJTi6mB/L3kaeuPRUby8XD59hvb8"
"3f662e8a-bf32-4bc0-9d1a-2d339ef2bcef","BART_051.basePlot.ltr","D01","BART","BART_051","BART_051_574","2016-11-15","2015-05-27","2016-11-07","2016-11-10T17:10Z","2016-11-15T20:15Z","NEON.LTR.BART051574.20161107","NEON.LTR.BART051574.20161107.WDY","NEON.DOC.001710vE","Woody material",0.005,"N","","Pes0SJTi6mB/L3kaeuPRUby8XD59hvb8"
"542bbfab-5fcf-4a20-8d4e-044777d16acf","BART_051.basePlot.ltr","D01","BART","BART_051","BART_051_574","2016-11-15","2015-05-27","2016-11-07","2016-11-10T17:10Z","2016-11-15T20:15Z","NEON.LTR.BART051574.20161107","NEON.LTR.BART051574.20161107.FLR","NEON.DOC.001710vE","Flowers",0.005,"N","","Pes0SJTi6mB/L3kaeuPRUby8XD59hvb8"
"608243d6-0074-4c55-9ed7-2370bae0e9c5","BART_051.basePlot.ltr","D01","BART","BART_051","BART_051_574","2016-11-15","2015-05-27","2016-11-07","2016-11-10T17:10Z","2016-11-15T20:15Z","NEON.LTR.BART051574.20161107","NEON.LTR.BART051574.20161107.SDS","NEON.DOC.001710vE","Seeds",0.005,"N","","Pes0SJTi6mB/L3kaeuPRUby8XD59hvb8"
"38b64e36-59d0-4788-ab9e-62707171f921","BART_050.basePlot.ltr","D01","BART","BART_050","BART_050_046","2016-11-15","2015-05-27","2016-11-07","2016-11-10T17:10Z","2016-11-15T20:15Z","NEON.LTR.BART050046.20161107","NEON.LTR.BART050046.20161107.LVS","NEON.DOC.001710vE","Leaves",2.81,"Y","","Pes0SJTi6mB/L3kaeuPRUby8XD59hvb8"
"6af8e6b2-b8a6-45c6-ba69-0586ab5e0a25","BART_050.basePlot.ltr","D01","BART","BART_050","BART_050_046","2016-11-15","2015-05-27","2016-11-07","2016-11-10T17:10Z","2016-11-15T20:15Z","NEON.LTR.BART050046.20161107","NEON.LTR.BART050046.20161107.SDS","NEON.DOC.001710vE","Seeds",0.01,"N","","Pes0SJTi6mB/L3kaeuPRUby8XD59hvb8"
"0a00f155-c516-47e7-95f1-8fe517fa71d3","BART_050.basePlot.ltr","D01","BART","BART_050","BART_050_046","2016-11-15","2015-05-27","2016-11-07","2016-11-10T17:10Z","2016-11-15T20:15Z","NEON.LTR.BART050046.20161107","NEON.LTR.BART050046.20161107.WDY","NEON.DOC.001710vE","Woody material",0.21,"N","","Pes0SJTi6mB/L3kaeuPRUby8XD59hvb8"
"1e9297ee-392c-4c23-a7b5-42e18461f9c0","BART_050.basePlot.ltr","D01","BART","BART_050","BART_050_046","2016-11-15","2015-05-27","2016-11-07","2016-11-10T17:10Z","2016-11-15T20:15Z","NEON.LTR.BART050046.20161107","NEON.LTR.BART050046.20161107.NDL","NEON.DOC.001710vE","Needles",0.72,"N","","Pes0SJTi6mB/L3kaeuPRUby8XD59hvb8"
"e39239e8-8321-4b55-8361-00591c758456","BART_050.basePlot.ltr","D01","BART","BART_050","BART_050_046","2016-11-15","2015-05-27","2016-11-07","2016-11-10T17:10Z","2016-11-15T20:15Z","NEON.LTR.BART050046.20161107","NEON.LTR.BART050046.20161107.OTH","NEON.DOC.001710vE","Other",0.1,"N","","Pes0SJTi6mB/L3kaeuPRUby8XD59hvb8"
"a154d107-9f76-4ecb-a9a2-aaa0566c41e0","BART_050.basePlot.ltr","D01","BART","BART_050","BART_050_046","2016-11-15","2015-05-27","2016-11-07","2016-11-10T17:10Z","2016-11-15T20:15Z","NEON.LTR.BART050046.20161107","NEON.LTR.BART050046.20161107.TWI","NEON.DOC.001710vE","Twigs/branches",0.39,"N","","Pes0SJTi6mB/L3kaeuPRUby8XD59hvb8"
"48e68db6-6d19-4c38-9201-3b2d710f5e8f","BART_050.basePlot.ltr","D01","BART","BART_050","BART_050_046","2016-11-15","2015-05-27","2016-11-07","2016-11-10T17:10Z","2016-11-15T20:15Z","NEON.LTR.BART050046.20161107","NEON.LTR.BART050046.20161107.FLR","NEON.DOC.001710vE","Flowers",0.005,"N","","Pes0SJTi6mB/L3kaeuPRUby8XD59hvb8"
"c158116c-5831-41ce-ba86-3b286a2ccebd","BART_037.basePlot.ltr","D01","BART","BART_037","BART_037_884","2016-11-15","2015-05-27","2016-11-07","2016-11-10T17:10Z","2016-11-15T20:15Z","NEON.LTR.BART037884.20161107","NEON.LTR.BART037884.20161107.FLR","NEON.DOC.001710vE","Flowers",0,"N","","Pes0SJTi6mB/L3kaeuPRUby8XD59hvb8"
"2282cac9-b685-44d7-b6be-56446f5bf656","HARV_049.basePlot.ltr","D01","HARV","HARV_049","HARV_049_437","2016-04-19","2015-11-24","2016-03-23","2016-04-12T13:00Z","2016-04-18T12:30Z","NEON.LTR.HARV049437.20160323","NEON.LTR.HARV049437.20160323.TWI","NEON.DOC.001710vE","Twigs/branches",11.56,"N",NA,"nK9br051HPjmqBRc5E/A0io0YIiVOb2k"
"e141f4f1-f8ab-4d3c-8d66-6aa61d55569e","HARV_049.basePlot.ltr","D01","HARV","HARV_049","HARV_049_437","2016-04-19","2015-11-24","2016-03-23","2016-04-12T13:00Z","2016-04-18T12:30Z","NEON.LTR.HARV049437.20160323","NEON.LTR.HARV049437.20160323.LVS","NEON.DOC.001710vE","Leaves",0.31,"N",NA,"nK9br051HPjmqBRc5E/A0io0YIiVOb2k"
"05dcbb72-19b0-44cc-8241-fc1bdb9c898b","HARV_049.basePlot.ltr","D01","HARV","HARV_049","HARV_049_437","2016-04-19","2015-11-24","2016-03-23","2016-04-12T13:00Z","2016-04-18T12:30Z","NEON.LTR.HARV049437.20160323","NEON.LTR.HARV049437.20160323.SDS","NEON.DOC.001710vE","Seeds",0.005,"N",NA,"nK9br051HPjmqBRc5E/A0io0YIiVOb2k"
"c5d8003a-a2a5-4669-9f0c-d2df3d60c8e2","HARV_049.basePlot.ltr","D01","HARV","HARV_049","HARV_049_437","2016-04-19","2015-11-24","2016-03-23","2016-04-12T13:00Z","2016-04-18T12:30Z","NEON.LTR.HARV049437.20160323","NEON.LTR.HARV049437.20160323.NDL","NEON.DOC.001710vE","Needles",1.19,"N",NA,"nK9br051HPjmqBRc5E/A0io0YIiVOb2k"
"924d8931-ce1f-475c-94a4-06f9b4a372a6","HARV_049.basePlot.ltr","D01","HARV","HARV_049","HARV_049_437","2016-04-19","2015-11-24","2016-03-23","2016-04-12T13:00Z","2016-04-18T12:30Z","NEON.LTR.HARV049437.20160323","NEON.LTR.HARV049437.20160323.FLR","NEON.DOC.001710vE","Flowers",0.16,"N",NA,"nK9br051HPjmqBRc5E/A0io0YIiVOb2k"
"d52bc261-15e4-4485-8c4c-b5d3661fb1e5","HARV_049.basePlot.ltr","D01","HARV","HARV_049","HARV_049_437","2016-04-19","2015-11-24","2016-03-23","2016-04-12T13:00Z","2016-04-18T12:30Z","NEON.LTR.HARV049437.20160323","NEON.LTR.HARV049437.20160323.OTH","NEON.DOC.001710vE","Other",7.19,"N",NA,"nK9br051HPjmqBRc5E/A0io0YIiVOb2k"
"2aaa289d-7900-474d-9f85-a81b8bd2ae2f","HARV_049.basePlot.ltr","D01","HARV","HARV_049","HARV_049_437","2016-04-19","2015-11-24","2016-03-23","2016-04-12T13:00Z","2016-04-18T12:30Z","NEON.LTR.HARV049437.20160323","NEON.LTR.HARV049437.20160323.WDY","NEON.DOC.001710vE","Woody material",1.25,"N",NA,"nK9br051HPjmqBRc5E/A0io0YIiVOb2k"
"1a02b75c-696b-46ec-a376-15b91cdc262e","HARV_049.basePlot.ltr","D01","HARV","HARV_049","HARV_049_890","2016-04-19","2015-11-24","2016-03-23","2016-04-12T13:00Z","2016-04-18T12:30Z","NEON.LTR.HARV049890.20160323","NEON.LTR.HARV049890.20160323.WDY","NEON.DOC.001710vE","Woody material",4.7,"N",NA,"nK9br051HPjmqBRc5E/A0io0YIiVOb2k"
"79b489ae-e65d-4581-91b6-79c01cd9d4b3","HARV_049.basePlot.ltr","D01","HARV","HARV_049","HARV_049_890","2016-04-19","2015-11-24","2016-03-23","2016-04-12T13:00Z","2016-04-18T12:30Z","NEON.LTR.HARV049890.20160323","NEON.LTR.HARV049890.20160323.FLR","NEON.DOC.001710vE","Flowers",0.005,"N",NA,"nK9br051HPjmqBRc5E/A0io0YIiVOb2k"
"7dbfd79a-a76f-49cc-9d24-e67811c13f32","HARV_049.basePlot.ltr","D01","HARV","HARV_049","HARV_049_890","2016-04-19","2015-11-24","2016-03-23","2016-04-12T13:00Z","2016-04-18T12:30Z","NEON.LTR.HARV049890.20160323","NEON.LTR.HARV049890.20160323.OTH","NEON.DOC.001710vE","Other",7.79,"Y",NA,"nK9br051HPjmqBRc5E/A0io0YIiVOb2k"
"fb3d630c-be49-4e7f-ae70-8a08b7fd982b","HARV_049.basePlot.ltr","D01","HARV","HARV_049","HARV_049_890","2016-04-19","2015-11-24","2016-03-23","2016-04-12T13:00Z","2016-04-18T12:30Z","NEON.LTR.HARV049890.20160323","NEON.LTR.HARV049890.20160323.TWI","NEON.DOC.001710vE","Twigs/branches",15.62,"N",NA,"nK9br051HPjmqBRc5E/A0io0YIiVOb2k"
"988e10d9-02bc-4339-b1fd-18a282c0c35b","HARV_049.basePlot.ltr","D01","HARV","HARV_049","HARV_049_890","2016-04-19","2015-11-24","2016-03-23","2016-04-12T13:00Z","2016-04-18T12:30Z","NEON.LTR.HARV049890.20160323","NEON.LTR.HARV049890.20160323.SDS","NEON.DOC.001710vE","Seeds",0.005,"Y",NA,"nK9br051HPjmqBRc5E/A0io0YIiVOb2k"
"9416f758-7680-4b06-ab9d-b95c16436978","HARV_049.basePlot.ltr","D01","HARV","HARV_049","HARV_049_890","2016-04-19","2015-11-24","2016-03-23","2016-04-12T13:00Z","2016-04-18T12:30Z","NEON.LTR.HARV049890.20160323","NEON.LTR.HARV049890.20160323.LVS","NEON.DOC.001710vE","Leaves",0.74,"N",NA,"nK9br051HPjmqBRc5E/A0io0YIiVOb2k"
"ee4470e0-cf9d-46e3-a175-07bc53e984c3","HARV_049.basePlot.ltr","D01","HARV","HARV_049","HARV_049_890","2016-04-19","2015-11-24","2016-03-23","2016-04-12T13:00Z","2016-04-18T12:30Z","NEON.LTR.HARV049890.20160323","NEON.LTR.HARV049890.20160323.NDL","NEON.DOC.001710vE","Needles",2.36,"N",NA,"nK9br051HPjmqBRc5E/A0io0YIiVOb2k"
"0d8a5259-68c8-4987-b503-92bd92c44ae6","HARV_041.basePlot.ltr","D01","HARV","HARV_041","HARV_041_620","2016-04-19","2015-11-24","2016-03-23","2016-04-12T13:00Z","2016-04-18T12:30Z","NEON.LTR.HARV041620.20160323","NEON.LTR.HARV041620.20160323.OTH","NEON.DOC.001710vE","Other",0.83,"N",NA,"nK9br051HPjmqBRc5E/A0io0YIiVOb2k"
"0d438557-2732-4b44-8026-bfb9d73470a2","HARV_041.basePlot.ltr","D01","HARV","HARV_041","HARV_041_620","2016-04-19","2015-11-24","2016-03-23","2016-04-12T13:00Z","2016-04-18T12:30Z","NEON.LTR.HARV041620.20160323","NEON.LTR.HARV041620.20160323.WDY","NEON.DOC.001710vE","Woody material",1.54,"N",NA,"nK9br051HPjmqBRc5E/A0io0YIiVOb2k"
"575b799d-3ff3-4fe0-8944-f996f996e42f","HARV_037.basePlot.ltr","D01","HARV","HARV_037","HARV_037_292","2016-04-19","2015-11-24","2016-03-23","2016-04-12T13:00Z","2016-04-18T12:30Z","NEON.LTR.HARV037292.20160323","NEON.LTR.HARV037292.20160323.SDS","NEON.DOC.001710vE","Seeds",0.28,"N",NA,"nK9br051HPjmqBRc5E/A0io0YIiVOb2k"
"4e7fdd54-f4e9-47ba-9fe0-5c88398541ad","HARV_037.basePlot.ltr","D01","HARV","HARV_037","HARV_037_292","2016-04-19","2015-11-24","2016-03-23","2016-04-12T13:00Z","2016-04-18T12:30Z","NEON.LTR.HARV037292.20160323","NEON.LTR.HARV037292.20160323.TWI","NEON.DOC.001710vE","Twigs/branches",5.86,"N",NA,"nK9br051HPjmqBRc5E/A0io0YIiVOb2k"
"937144b5-3e69-47b5-a28b-028ed331eecf","HARV_041.basePlot.ltr","D01","HARV","HARV_041","HARV_041_620","2016-04-19","2015-11-24","2016-03-23","2016-04-12T13:00Z","2016-04-18T12:30Z","NEON.LTR.HARV041620.20160323","NEON.LTR.HARV041620.20160323.NDL","NEON.DOC.001710vE","Needles",1.77,"N",NA,"nK9br051HPjmqBRc5E/A0io0YIiVOb2k"
"aea324d9-9aa4-44d6-aba2-fa0131c8d477","HARV_041.basePlot.ltr","D01","HARV","HARV_041","HARV_041_620","2016-04-19","2015-11-24","2016-03-23","2016-04-12T13:00Z","2016-04-18T12:30Z","NEON.LTR.HARV041620.20160323","NEON.LTR.HARV041620.20160323.LVS","NEON.DOC.001710vE","Leaves",0.49,"N",NA,"nK9br051HPjmqBRc5E/A0io0YIiVOb2k"
"ee8b23fb-3622-4feb-9281-ec788e9a6905","HARV_041.basePlot.ltr","D01","HARV","HARV_041","HARV_041_620","2016-04-19","2015-11-24","2016-03-23","2016-04-12T13:00Z","2016-04-18T12:30Z","NEON.LTR.HARV041620.20160323","NEON.LTR.HARV041620.20160323.SDS","NEON.DOC.001710vE","Seeds",0.25,"N",NA,"nK9br051HPjmqBRc5E/A0io0YIiVOb2k"
"be6225ac-1b55-4f90-8b74-694fbf935ceb","HARV_037.basePlot.ltr","D01","HARV","HARV_037","HARV_037_292","2016-04-19","2015-11-24","2016-03-23","2016-04-12T13:00Z","2016-04-18T12:30Z","NEON.LTR.HARV037292.20160323","NEON.LTR.HARV037292.20160323.LVS","NEON.DOC.001710vE","Leaves",0.84,"N",NA,"nK9br051HPjmqBRc5E/A0io0YIiVOb2k"
"09f945b3-0b6d-4599-be16-1e5e529e8085","HARV_037.basePlot.ltr","D01","HARV","HARV_037","HARV_037_292","2016-04-19","2015-11-24","2016-03-23","2016-04-12T13:00Z","2016-04-18T12:30Z","NEON.LTR.HARV037292.20160323","NEON.LTR.HARV037292.20160323.FLR","NEON.DOC.001710vE","Flowers",0.005,"N",NA,"nK9br051HPjmqBRc5E/A0io0YIiVOb2k"
"4a3929ff-2918-47f6-afa1-d9002f88465c","HARV_037.basePlot.ltr","D01","HARV","HARV_037","HARV_037_292","2016-04-19","2015-11-24","2016-03-23","2016-04-12T13:00Z","2016-04-18T12:30Z","NEON.LTR.HARV037292.20160323","NEON.LTR.HARV037292.20160323.NDL","NEON.DOC.001710vE","Needles",2.99,"N",NA,"nK9br051HPjmqBRc5E/A0io0YIiVOb2k"
"65c36a9a-c209-4566-a18c-7d8d157f986b","HARV_041.basePlot.ltr","D01","HARV","HARV_041","HARV_041_620","2016-04-19","2015-11-24","2016-03-23","2016-04-12T13:00Z","2016-04-18T12:30Z","NEON.LTR.HARV041620.20160323","NEON.LTR.HARV041620.20160323.TWI","NEON.DOC.001710vE","Twigs/branches",10.41,"N",NA,"nK9br051HPjmqBRc5E/A0io0YIiVOb2k"
"af90c8e7-b833-4231-8d3d-166c9bd07587","HARV_037.basePlot.ltr","D01","HARV","HARV_037","HARV_037_292","2016-04-19","2015-11-24","2016-03-23","2016-04-12T13:00Z","2016-04-18T12:30Z","NEON.LTR.HARV037292.20160323","NEON.LTR.HARV037292.20160323.OTH","NEON.DOC.001710vE","Other",1.33,"N",NA,"nK9br051HPjmqBRc5E/A0io0YIiVOb2k"
"279989ee-d8bc-4262-823e-773014ac3d72","HARV_037.basePlot.ltr","D01","HARV","HARV_037","HARV_037_292","2016-04-19","2015-11-24","2016-03-23","2016-04-12T13:00Z","2016-04-18T12:30Z","NEON.LTR.HARV037292.20160323","NEON.LTR.HARV037292.20160323.WDY","NEON.DOC.001710vE","Woody material",0.28,"N",NA,"nK9br051HPjmqBRc5E/A0io0YIiVOb2k"
"c85b8463-5e49-431b-953b-e3f8754ec993","HARV_041.basePlot.ltr","D01","HARV","HARV_041","HARV_041_620","2016-04-19","2015-11-24","2016-03-23","2016-04-12T13:00Z","2016-04-18T12:30Z","NEON.LTR.HARV041620.20160323","NEON.LTR.HARV041620.20160323.FLR","NEON.DOC.001710vE","Flowers",0.12,"N",NA,"nK9br051HPjmqBRc5E/A0io0YIiVOb2k"
"e3b8368f-a275-4c68-a435-05039d75d8d2","HARV_035.basePlot.ltr","D01","HARV","HARV_035","HARV_035_402","2016-04-19","2015-11-24","2016-03-23","2016-04-12T13:00Z","2016-04-18T12:30Z","NEON.LTR.HARV035402.20160323","NEON.LTR.HARV035402.20160323.NDL","NEON.DOC.001710vE","Needles",6.29,"N",NA,"nK9br051HPjmqBRc5E/A0io0YIiVOb2k"
"bda67f35-faba-48b6-9e66-01cfed0b9d25","HARV_035.basePlot.ltr","D01","HARV","HARV_035","HARV_035_402","2016-04-19","2015-11-24","2016-03-23","2016-04-12T13:00Z","2016-04-18T12:30Z","NEON.LTR.HARV035402.20160323","NEON.LTR.HARV035402.20160323.LVS","NEON.DOC.001710vE","Leaves",0.35,"N",NA,"nK9br051HPjmqBRc5E/A0io0YIiVOb2k"
"cfd3e51c-c4eb-4123-9f63-d37ed8c46334","HARV_048.basePlot.ltr","D01","HARV","HARV_048","HARV_048_355","2016-04-19","2015-11-24","2016-03-23","2016-04-12T13:00Z","2016-04-18T12:30Z","NEON.LTR.HARV048355.20160323","NEON.LTR.HARV048355.20160323.NDL","NEON.DOC.001710vE","Needles",3.1,"N",NA,"nK9br051HPjmqBRc5E/A0io0YIiVOb2k"
"c44e82f5-a68a-4c9a-9995-95b98455b81d","HARV_048.basePlot.ltr","D01","HARV","HARV_048","HARV_048_355","2016-04-19","2015-11-24","2016-03-23","2016-04-12T13:00Z","2016-04-18T12:30Z","NEON.LTR.HARV048355.20160323","NEON.LTR.HARV048355.20160323.WDY","NEON.DOC.001710vE","Woody material",0.99,"N",NA,"nK9br051HPjmqBRc5E/A0io0YIiVOb2k"
"533b0196-bc76-4557-b1ae-a7605af23ec6","HARV_035.basePlot.ltr","D01","HARV","HARV_035","HARV_035_402","2016-04-19","2015-11-24","2016-03-23","2016-04-12T13:00Z","2016-04-18T12:30Z","NEON.LTR.HARV035402.20160323","NEON.LTR.HARV035402.20160323.WDY","NEON.DOC.001710vE","Woody material",2.02,"N",NA,"nK9br051HPjmqBRc5E/A0io0YIiVOb2k"
"9421980a-6f5e-4ce6-bc50-3c123b30abe6","HARV_048.basePlot.ltr","D01","HARV","HARV_048","HARV_048_355","2016-04-19","2015-11-24","2016-03-23","2016-04-12T13:00Z","2016-04-18T12:30Z","NEON.LTR.HARV048355.20160323","NEON.LTR.HARV048355.20160323.SDS","NEON.DOC.001710vE","Seeds",0.005,"N",NA,"nK9br051HPjmqBRc5E/A0io0YIiVOb2k"
"79959979-6321-47bc-aa10-10d431b38574","HARV_035.basePlot.ltr","D01","HARV","HARV_035","HARV_035_402","2016-04-19","2015-11-24","2016-03-23","2016-04-12T13:00Z","2016-04-18T12:30Z","NEON.LTR.HARV035402.20160323","NEON.LTR.HARV035402.20160323.TWI","NEON.DOC.001710vE","Twigs/branches",7.89,"Y",NA,"nK9br051HPjmqBRc5E/A0io0YIiVOb2k"
"19a9e2f5-1f38-4446-a442-a65acdceda73","HARV_048.basePlot.ltr","D01","HARV","HARV_048","HARV_048_355","2016-04-19","2015-11-24","2016-03-23","2016-04-12T13:00Z","2016-04-18T12:30Z","NEON.LTR.HARV048355.20160323","NEON.LTR.HARV048355.20160323.OTH","NEON.DOC.001710vE","Other",0.38,"N",NA,"nK9br051HPjmqBRc5E/A0io0YIiVOb2k"
"7980c13d-d5ee-4f71-b3ea-db22c5382b7a","HARV_048.basePlot.ltr","D01","HARV","HARV_048","HARV_048_355","2016-04-19","2015-11-24","2016-03-23","2016-04-12T13:00Z","2016-04-18T12:30Z","NEON.LTR.HARV048355.20160323","NEON.LTR.HARV048355.20160323.TWI","NEON.DOC.001710vE","Twigs/branches",8.83,"N",NA,"nK9br051HPjmqBRc5E/A0io0YIiVOb2k"
"ba3aa539-6fb4-443d-aecb-054f67d9e73c","HARV_048.basePlot.ltr","D01","HARV","HARV_048","HARV_048_355","2016-04-19","2015-11-24","2016-03-23","2016-04-12T13:00Z","2016-04-18T12:30Z","NEON.LTR.HARV048355.20160323","NEON.LTR.HARV048355.20160323.LVS","NEON.DOC.001710vE","Leaves",0.29,"N",NA,"nK9br051HPjmqBRc5E/A0io0YIiVOb2k"
"89b1e50e-38d9-4d1a-94b3-2991c8dfde64","HARV_048.basePlot.ltr","D01","HARV","HARV_048","HARV_048_355","2016-04-19","2015-11-24","2016-03-23","2016-04-12T13:00Z","2016-04-18T12:30Z","NEON.LTR.HARV048355.20160323","NEON.LTR.HARV048355.20160323.FLR","NEON.DOC.001710vE","Flowers",0.1,"N",NA,"nK9br051HPjmqBRc5E/A0io0YIiVOb2k"
"2c3bd0c0-c6f7-4f39-a4e4-d2bf8db4dd7c","HARV_035.basePlot.ltr","D01","HARV","HARV_035","HARV_035_402","2016-04-19","2015-11-24","2016-03-23","2016-04-12T13:00Z","2016-04-18T12:30Z","NEON.LTR.HARV035402.20160323","NEON.LTR.HARV035402.20160323.OTH","NEON.DOC.001710vE","Other",1.23,"N",NA,"nK9br051HPjmqBRc5E/A0io0YIiVOb2k"
"4e54d2d8-936b-4793-826e-6bd4d50edac0","HARV_035.basePlot.ltr","D01","HARV","HARV_035","HARV_035_402","2016-04-19","2015-11-24","2016-03-23","2016-04-12T13:00Z","2016-04-18T12:30Z","NEON.LTR.HARV035402.20160323","NEON.LTR.HARV035402.20160323.SDS","NEON.DOC.001710vE","Seeds",0.46,"N",NA,"nK9br051HPjmqBRc5E/A0io0YIiVOb2k"
"aef1e698-5d52-4992-883f-de235af67fbf","HARV_035.basePlot.ltr","D01","HARV","HARV_035","HARV_035_402","2016-04-19","2015-11-24","2016-03-23","2016-04-12T13:00Z","2016-04-18T12:30Z","NEON.LTR.HARV035402.20160323","NEON.LTR.HARV035402.20160323.FLR","NEON.DOC.001710vE","Flowers",0.005,"N",NA,"nK9br051HPjmqBRc5E/A0io0YIiVOb2k"
"235892f4-b0f6-495a-97c1-3e7987747249","HARV_035.basePlot.ltr","D01","HARV","HARV_035","HARV_035_120","2016-04-19","2015-11-24","2016-03-23","2016-04-12T13:00Z","2016-04-18T12:30Z","NEON.LTR.HARV035120.20160323","NEON.LTR.HARV035120.20160323.SDS","NEON.DOC.001710vE","Seeds",0.25,"N",NA,"nK9br051HPjmqBRc5E/A0io0YIiVOb2k"
"178e473a-d573-4303-8eb7-b91c57226ecb","HARV_035.basePlot.ltr","D01","HARV","HARV_035","HARV_035_120","2016-04-19","2015-11-24","2016-03-23","2016-04-12T13:00Z","2016-04-18T12:30Z","NEON.LTR.HARV035120.20160323","NEON.LTR.HARV035120.20160323.OTH","NEON.DOC.001710vE","Other",0.32,"N",NA,"nK9br051HPjmqBRc5E/A0io0YIiVOb2k"
"6ebfc492-0320-421b-a99e-6d1ea5a11bc8","HARV_045.basePlot.ltr","D01","HARV","HARV_045","HARV_045_265","2016-04-19","2015-11-24","2016-03-23","2016-04-12T13:00Z","2016-04-18T12:30Z","NEON.LTR.HARV045265.20160323","NEON.LTR.HARV045265.20160323.FLR","NEON.DOC.001710vE","Flowers",0.05,"N",NA,"nK9br051HPjmqBRc5E/A0io0YIiVOb2k"
"c8d8b7c0-be44-4dde-be23-f8b2daa556f7","HARV_035.basePlot.ltr","D01","HARV","HARV_035","HARV_035_120","2016-04-19","2015-11-24","2016-03-23","2016-04-12T13:00Z","2016-04-18T12:30Z","NEON.LTR.HARV035120.20160323","NEON.LTR.HARV035120.20160323.LVS","NEON.DOC.001710vE","Leaves",0.73,"N",NA,"nK9br051HPjmqBRc5E/A0io0YIiVOb2k"
"80974a76-499f-4d4b-b301-32d019c27f7c","HARV_045.basePlot.ltr","D01","HARV","HARV_045","HARV_045_265","2016-04-19","2015-11-24","2016-03-23","2016-04-12T13:00Z","2016-04-18T12:30Z","NEON.LTR.HARV045265.20160323","NEON.LTR.HARV045265.20160323.OTH","NEON.DOC.001710vE","Other",1.21,"N",NA,"nK9br051HPjmqBRc5E/A0io0YIiVOb2k"
"937a2952-edd2-42c4-b3d7-42385332169f","HARV_045.basePlot.ltr","D01","HARV","HARV_045","HARV_045_265","2016-04-19","2015-11-24","2016-03-23","2016-04-12T13:00Z","2016-04-18T12:30Z","NEON.LTR.HARV045265.20160323","NEON.LTR.HARV045265.20160323.NDL","NEON.DOC.001710vE","Needles",0.58,"N",NA,"nK9br051HPjmqBRc5E/A0io0YIiVOb2k"
"ca50e828-3217-41e7-bc35-4f30b56846b5","HARV_045.basePlot.ltr","D01","HARV","HARV_045","HARV_045_265","2016-04-19","2015-11-24","2016-03-23","2016-04-12T13:00Z","2016-04-18T12:30Z","NEON.LTR.HARV045265.20160323","NEON.LTR.HARV045265.20160323.SDS","NEON.DOC.001710vE","Seeds",0.1,"N",NA,"nK9br051HPjmqBRc5E/A0io0YIiVOb2k"
"e8657f9e-6250-4524-b243-122ff65c0112","HARV_035.basePlot.ltr","D01","HARV","HARV_035","HARV_035_120","2016-04-19","2015-11-24","2016-03-23","2016-04-12T13:00Z","2016-04-18T12:30Z","NEON.LTR.HARV035120.20160323","NEON.LTR.HARV035120.20160323.NDL","NEON.DOC.001710vE","Needles",2.5,"N",NA,"nK9br051HPjmqBRc5E/A0io0YIiVOb2k"
"d984b67b-0624-41e1-9188-b6cd42bf4e1d","HARV_045.basePlot.ltr","D01","HARV","HARV_045","HARV_045_265","2016-04-19","2015-11-24","2016-03-23","2016-04-12T13:00Z","2016-04-18T12:30Z","NEON.LTR.HARV045265.20160323","NEON.LTR.HARV045265.20160323.WDY","NEON.DOC.001710vE","Woody material",3.71,"N",NA,"nK9br051HPjmqBRc5E/A0io0YIiVOb2k"
"f2b76e1f-7612-4e46-a3c5-ede7ed91ff94","HARV_035.basePlot.ltr","D01","HARV","HARV_035","HARV_035_120","2016-04-19","2015-11-24","2016-03-23","2016-04-12T13:00Z","2016-04-18T12:30Z","NEON.LTR.HARV035120.20160323","NEON.LTR.HARV035120.20160323.FLR","NEON.DOC.001710vE","Flowers",0.06,"N",NA,"nK9br051HPjmqBRc5E/A0io0YIiVOb2k"
"bffc65a4-8dca-47d6-ad07-4501fd660671","HARV_035.basePlot.ltr","D01","HARV","HARV_035","HARV_035_120","2016-04-19","2015-11-24","2016-03-23","2016-04-12T13:00Z","2016-04-18T12:30Z","NEON.LTR.HARV035120.20160323","NEON.LTR.HARV035120.20160323.WDY","NEON.DOC.001710vE","Woody material",0.34,"N",NA,"nK9br051HPjmqBRc5E/A0io0YIiVOb2k"
"a1fc004e-efdd-4ecb-b844-7ea164c978d8","HARV_045.basePlot.ltr","D01","HARV","HARV_045","HARV_045_265","2016-04-19","2015-11-24","2016-03-23","2016-04-12T13:00Z","2016-04-18T12:30Z","NEON.LTR.HARV045265.20160323","NEON.LTR.HARV045265.20160323.LVS","NEON.DOC.001710vE","Leaves",0.32,"N",NA,"nK9br051HPjmqBRc5E/A0io0YIiVOb2k"
"c6cba60e-8bbb-4c18-b2f9-480b1e740f3f","HARV_045.basePlot.ltr","D01","HARV","HARV_045","HARV_045_265","2016-04-19","2015-11-24","2016-03-23","2016-04-12T13:00Z","2016-04-18T12:30Z","NEON.LTR.HARV045265.20160323","NEON.LTR.HARV045265.20160323.TWI","NEON.DOC.001710vE","Twigs/branches",1.07,"N",NA,"nK9br051HPjmqBRc5E/A0io0YIiVOb2k"
"08fd8dfa-7261-4c13-9349-c6fc6e180904","HARV_035.basePlot.ltr","D01","HARV","HARV_035","HARV_035_120","2016-04-19","2015-11-24","2016-03-23","2016-04-12T13:00Z","2016-04-18T12:30Z","NEON.LTR.HARV035120.20160323","NEON.LTR.HARV035120.20160323.TWI","NEON.DOC.001710vE","Twigs/branches",3.8,"N",NA,"nK9br051HPjmqBRc5E/A0io0YIiVOb2k"
"aa956fd2-07d3-44f0-b402-a9fc7cd5c0d5","HARV_050.basePlot.ltr","D01","HARV","HARV_050","HARV_050_043","2016-04-19","2015-11-24","2016-03-23","2016-04-12T13:00Z","2016-04-18T12:30Z","NEON.LTR.HARV050043.20160323","NEON.LTR.HARV050043.20160323.NDL","NEON.DOC.001710vE","Needles",2.12,"N",NA,"nK9br051HPjmqBRc5E/A0io0YIiVOb2k"
"009f9f60-b7e1-4993-b95d-800466266fc2","HARV_050.basePlot.ltr","D01","HARV","HARV_050","HARV_050_043","2016-04-19","2015-11-24","2016-03-23","2016-04-12T13:00Z","2016-04-18T12:30Z","NEON.LTR.HARV050043.20160323","NEON.LTR.HARV050043.20160323.SDS","NEON.DOC.001710vE","Seeds",0.38,"N",NA,"nK9br051HPjmqBRc5E/A0io0YIiVOb2k"
"0d562fc7-eefd-4036-96de-05abeccf20f9","HARV_050.basePlot.ltr","D01","HARV","HARV_050","HARV_050_043","2016-04-19","2015-11-24","2016-03-23","2016-04-12T13:00Z","2016-04-18T12:30Z","NEON.LTR.HARV050043.20160323","NEON.LTR.HARV050043.20160323.TWI","NEON.DOC.001710vE","Twigs/branches",6.65,"N",NA,"nK9br051HPjmqBRc5E/A0io0YIiVOb2k"
"f83899d2-aea3-499a-8f65-914940769956","HARV_050.basePlot.ltr","D01","HARV","HARV_050","HARV_050_043","2016-04-19","2015-11-24","2016-03-23","2016-04-12T13:00Z","2016-04-18T12:30Z","NEON.LTR.HARV050043.20160323","NEON.LTR.HARV050043.20160323.WDY","NEON.DOC.001710vE","Woody material",1.94,"N",NA,"nK9br051HPjmqBRc5E/A0io0YIiVOb2k"
"c2616267-3fce-4ea6-9dfb-76e5c97f958a","HARV_050.basePlot.ltr","D01","HARV","HARV_050","HARV_050_043","2016-04-19","2015-11-24","2016-03-23","2016-04-12T13:00Z","2016-04-18T12:30Z","NEON.LTR.HARV050043.20160323","NEON.LTR.HARV050043.20160323.FLR","NEON.DOC.001710vE","Flowers",0.04,"N",NA,"nK9br051HPjmqBRc5E/A0io0YIiVOb2k"
"72671f55-2f26-4a71-9ccd-4e7683fafe2a","HARV_050.basePlot.ltr","D01","HARV","HARV_050","HARV_050_043","2016-04-19","2015-11-24","2016-03-23","2016-04-12T13:00Z","2016-04-18T12:30Z","NEON.LTR.HARV050043.20160323","NEON.LTR.HARV050043.20160323.LVS","NEON.DOC.001710vE","Leaves",0.9,"N",NA,"nK9br051HPjmqBRc5E/A0io0YIiVOb2k"
"9bcbee78-5e3b-4c25-8f52-c2d7d5d554d3","HARV_050.basePlot.ltr","D01","HARV","HARV_050","HARV_050_043","2016-04-19","2015-11-24","2016-03-23","2016-04-12T13:00Z","2016-04-18T12:30Z","NEON.LTR.HARV050043.20160323","NEON.LTR.HARV050043.20160323.OTH","NEON.DOC.001710vE","Other",1.48,"N",NA,"nK9br051HPjmqBRc5E/A0io0YIiVOb2k"
"f4930693-f7c2-4003-b16d-298b80848f12","HARV_039.basePlot.ltr","D01","HARV","HARV_039","HARV_039_660","2016-04-19","2015-11-24","2016-03-23","2016-04-12T13:00Z","2016-04-18T12:30Z","NEON.LTR.HARV039660.20160323","NEON.LTR.HARV039660.20160323.WDY","NEON.DOC.001710vE","Woody material",15.22,"Y",NA,"nK9br051HPjmqBRc5E/A0io0YIiVOb2k"
"1a31aa3f-7144-4932-8bd4-5c5003e205f5","HARV_039.basePlot.ltr","D01","HARV","HARV_039","HARV_039_660","2016-04-19","2015-11-24","2016-03-23","2016-04-12T13:00Z","2016-04-18T12:30Z","NEON.LTR.HARV039660.20160323","NEON.LTR.HARV039660.20160323.SDS","NEON.DOC.001710vE","Seeds",0.01,"N",NA,"nK9br051HPjmqBRc5E/A0io0YIiVOb2k"
"47a52ce8-141a-4073-80fd-11a4d25d021a","HARV_039.basePlot.ltr","D01","HARV","HARV_039","HARV_039_660","2016-04-19","2015-11-24","2016-03-23","2016-04-12T13:00Z","2016-04-18T12:30Z","NEON.LTR.HARV039660.20160323","NEON.LTR.HARV039660.20160323.OTH","NEON.DOC.001710vE","Other",1.26,"N",NA,"nK9br051HPjmqBRc5E/A0io0YIiVOb2k"
"8478075e-8861-4eb0-923b-b713a126f362","HARV_039.basePlot.ltr","D01","HARV","HARV_039","HARV_039_660","2016-04-19","2015-11-24","2016-03-23","2016-04-12T13:00Z","2016-04-18T12:30Z","NEON.LTR.HARV039660.20160323","NEON.LTR.HARV039660.20160323.FLR","NEON.DOC.001710vE","Flowers",0.19,"N",NA,"nK9br051HPjmqBRc5E/A0io0YIiVOb2k"
"5e39f98a-2f41-4a9b-a07b-f64e42e9eaaf","HARV_039.basePlot.ltr","D01","HARV","HARV_039","HARV_039_660","2016-04-19","2015-11-24","2016-03-23","2016-04-12T13:00Z","2016-04-18T12:30Z","NEON.LTR.HARV039660.20160323","NEON.LTR.HARV039660.20160323.TWI","NEON.DOC.001710vE","Twigs/branches",16.25,"N",NA,"nK9br051HPjmqBRc5E/A0io0YIiVOb2k"
"4e06c64f-0a77-47a1-9aa8-cc7623a5be27","HARV_039.basePlot.ltr","D01","HARV","HARV_039","HARV_039_660","2016-04-19","2015-11-24","2016-03-23","2016-04-12T13:00Z","2016-04-18T12:30Z","NEON.LTR.HARV039660.20160323","NEON.LTR.HARV039660.20160323.NDL","NEON.DOC.001710vE","Needles",12.79,"N",NA,"nK9br051HPjmqBRc5E/A0io0YIiVOb2k"
"de15d229-e8e5-4e01-b803-9e3d806bd110","HARV_039.basePlot.ltr","D01","HARV","HARV_039","HARV_039_660","2016-04-19","2015-11-24","2016-03-23","2016-04-12T13:00Z","2016-04-18T12:30Z","NEON.LTR.HARV039660.20160323","NEON.LTR.HARV039660.20160323.LVS","NEON.DOC.001710vE","Leaves",0.06,"N",NA,"nK9br051HPjmqBRc5E/A0io0YIiVOb2k"
"d41fa394-fbae-41f2-9502-0c501305eeb6","HARV_045.basePlot.ltr","D01","HARV","HARV_045","HARV_045_201","2016-04-19","2015-11-24","2016-03-23","2016-04-12T13:00Z","2016-04-18T12:30Z","NEON.LTR.HARV045201.20160323","NEON.LTR.HARV045201.20160323.NDL","NEON.DOC.001710vE","Needles",0.07,"N",NA,"nK9br051HPjmqBRc5E/A0io0YIiVOb2k"
"d44a8412-ff3f-4256-b353-9ab5b28da051","HARV_045.basePlot.ltr","D01","HARV","HARV_045","HARV_045_201","2016-04-19","2015-11-24","2016-03-23","2016-04-12T13:00Z","2016-04-18T12:30Z","NEON.LTR.HARV045201.20160323","NEON.LTR.HARV045201.20160323.LVS","NEON.DOC.001710vE","Leaves",8.79,"N",NA,"nK9br051HPjmqBRc5E/A0io0YIiVOb2k"
"39584d8c-1aef-4cd4-b39a-8176ed7ccf8d","HARV_045.basePlot.ltr","D01","HARV","HARV_045","HARV_045_201","2016-04-19","2015-11-24","2016-03-23","2016-04-12T13:00Z","2016-04-18T12:30Z","NEON.LTR.HARV045201.20160323","NEON.LTR.HARV045201.20160323.FLR","NEON.DOC.001710vE","Flowers",0.005,"N",NA,"nK9br051HPjmqBRc5E/A0io0YIiVOb2k"
"4a32cde1-59c0-4979-9c3f-cd6857607b42","HARV_045.basePlot.ltr","D01","HARV","HARV_045","HARV_045_201","2016-04-19","2015-11-24","2016-03-23","2016-04-12T13:00Z","2016-04-18T12:30Z","NEON.LTR.HARV045201.20160323","NEON.LTR.HARV045201.20160323.SDS","NEON.DOC.001710vE","Seeds",0.25,"N",NA,"nK9br051HPjmqBRc5E/A0io0YIiVOb2k"
"2d1698ea-a9d5-4e37-be92-8c8f5ac26f42","HARV_045.basePlot.ltr","D01","HARV","HARV_045","HARV_045_201","2016-04-19","2015-11-24","2016-03-23","2016-04-12T13:00Z","2016-04-18T12:30Z","NEON.LTR.HARV045201.20160323","NEON.LTR.HARV045201.20160323.TWI","NEON.DOC.001710vE","Twigs/branches",12.1,"N",NA,"nK9br051HPjmqBRc5E/A0io0YIiVOb2k"
"84374dc9-1b56-4edc-aa40-5b1078aa0447","HARV_045.basePlot.ltr","D01","HARV","HARV_045","HARV_045_201","2016-04-19","2015-11-24","2016-03-23","2016-04-12T13:00Z","2016-04-18T12:30Z","NEON.LTR.HARV045201.20160323","NEON.LTR.HARV045201.20160323.WDY","NEON.DOC.001710vE","Woody material",8.38,"N",NA,"nK9br051HPjmqBRc5E/A0io0YIiVOb2k"
"2723f2ed-885f-4c81-b03b-b0a47a5abb7e","HARV_045.basePlot.ltr","D01","HARV","HARV_045","HARV_045_201","2016-04-19","2015-11-24","2016-03-23","2016-04-12T13:00Z","2016-04-18T12:30Z","NEON.LTR.HARV045201.20160323","NEON.LTR.HARV045201.20160323.OTH","NEON.DOC.001710vE","Other",0.59,"N",NA,"nK9br051HPjmqBRc5E/A0io0YIiVOb2k"
"3b7b70e4-1fe7-4c6c-a950-abc60e59efd4","HARV_034.basePlot.ltr","D01","HARV","HARV_034","HARV_034_608","2016-04-19","2015-11-24","2016-03-23","2016-04-12T13:00Z","2016-04-18T12:30Z","NEON.LTR.HARV034608.20160323","NEON.LTR.HARV034608.20160323.FLR","NEON.DOC.001710vE","Flowers",0.23,"N",NA,"nK9br051HPjmqBRc5E/A0io0YIiVOb2k"
"3003dc42-be2a-4825-b91f-cdde3358fd81","HARV_034.basePlot.ltr","D01","HARV","HARV_034","HARV_034_608","2016-04-19","2015-11-24","2016-03-23","2016-04-12T13:00Z","2016-04-18T12:30Z","NEON.LTR.HARV034608.20160323","NEON.LTR.HARV034608.20160323.LVS","NEON.DOC.001710vE","Leaves",3.59,"N",NA,"nK9br051HPjmqBRc5E/A0io0YIiVOb2k"
"4668efab-13fe-475b-bebe-c698f11d2f33","HARV_034.basePlot.ltr","D01","HARV","HARV_034","HARV_034_608","2016-04-19","2015-11-24","2016-03-23","2016-04-12T13:00Z","2016-04-18T12:30Z","NEON.LTR.HARV034608.20160323","NEON.LTR.HARV034608.20160323.SDS","NEON.DOC.001710vE","Seeds",0.8,"N",NA,"nK9br051HPjmqBRc5E/A0io0YIiVOb2k"
"a860acd0-13fd-404e-84ca-dc00c4dfc115","HARV_034.basePlot.ltr","D01","HARV","HARV_034","HARV_034_608","2016-04-19","2015-11-24","2016-03-23","2016-04-12T13:00Z","2016-04-18T12:30Z","NEON.LTR.HARV034608.20160323","NEON.LTR.HARV034608.20160323.TWI","NEON.DOC.001710vE","Twigs/branches",1.56,"N",NA,"nK9br051HPjmqBRc5E/A0io0YIiVOb2k"
"59a14c0e-867d-4401-b180-040502d5cd77","HARV_051.basePlot.ltr","D01","HARV","HARV_051","HARV_051_701","2016-04-19","2015-11-24","2016-03-23","2016-04-12T13:00Z","2016-04-18T12:30Z","NEON.LTR.HARV051701.20160323","NEON.LTR.HARV051701.20160323.SDS","NEON.DOC.001710vE","Seeds",0.08,"N",NA,"nK9br051HPjmqBRc5E/A0io0YIiVOb2k"
"cfcb0ce5-d5bb-419e-8d7b-51d45c4bc985","HARV_034.basePlot.ltr","D01","HARV","HARV_034","HARV_034_608","2016-04-19","2015-11-24","2016-03-23","2016-04-12T13:00Z","2016-04-18T12:30Z","NEON.LTR.HARV034608.20160323","NEON.LTR.HARV034608.20160323.NDL","NEON.DOC.001710vE","Needles",20.72,"N",NA,"nK9br051HPjmqBRc5E/A0io0YIiVOb2k"
"2d750f41-3309-4946-933e-7865e0cd506b","HARV_034.basePlot.ltr","D01","HARV","HARV_034","HARV_034_608","2016-04-19","2015-11-24","2016-03-23","2016-04-12T13:00Z","2016-04-18T12:30Z","NEON.LTR.HARV034608.20160323","NEON.LTR.HARV034608.20160323.WDY","NEON.DOC.001710vE","Woody material",25.23,"N",NA,"nK9br051HPjmqBRc5E/A0io0YIiVOb2k"
"493f5fa2-ad3f-4af0-857b-6c4cff28d058","HARV_034.basePlot.ltr","D01","HARV","HARV_034","HARV_034_608","2016-04-19","2015-11-24","2016-03-23","2016-04-12T13:00Z","2016-04-18T12:30Z","NEON.LTR.HARV034608.20160323","NEON.LTR.HARV034608.20160323.OTH","NEON.DOC.001710vE","Other",14.06,"N",NA,"nK9br051HPjmqBRc5E/A0io0YIiVOb2k"
"369f6c6d-8001-42e9-81ec-9de7f15b2cf9","HARV_051.basePlot.ltr","D01","HARV","HARV_051","HARV_051_701","2016-04-19","2015-11-24","2016-03-23","2016-04-12T13:00Z","2016-04-18T12:30Z","NEON.LTR.HARV051701.20160323","NEON.LTR.HARV051701.20160323.LVS","NEON.DOC.001710vE","Leaves",0.005,"N",NA,"nK9br051HPjmqBRc5E/A0io0YIiVOb2k"
"730dbb6b-1131-4b85-a26c-293b2f40ccab","HARV_051.basePlot.ltr","D01","HARV","HARV_051","HARV_051_701","2016-04-19","2015-11-24","2016-03-23","2016-04-12T13:00Z","2016-04-18T12:30Z","NEON.LTR.HARV051701.20160323","NEON.LTR.HARV051701.20160323.NDL","NEON.DOC.001710vE","Needles",1.06,"N",NA,"nK9br051HPjmqBRc5E/A0io0YIiVOb2k"
"b726a69d-46f4-499d-b624-9e4b5e18f475","HARV_051.basePlot.ltr","D01","HARV","HARV_051","HARV_051_701","2016-04-19","2015-11-24","2016-03-23","2016-04-12T13:00Z","2016-04-18T12:30Z","NEON.LTR.HARV051701.20160323","NEON.LTR.HARV051701.20160323.OTH","NEON.DOC.001710vE","Other",0.37,"N",NA,"nK9br051HPjmqBRc5E/A0io0YIiVOb2k"
"3c502193-8b46-4aae-8a7a-bd8bb9fc8c0e","HARV_051.basePlot.ltr","D01","HARV","HARV_051","HARV_051_701","2016-04-19","2015-11-24","2016-03-23","2016-04-12T13:00Z","2016-04-18T12:30Z","NEON.LTR.HARV051701.20160323","NEON.LTR.HARV051701.20160323.WDY","NEON.DOC.001710vE","Woody material",0.84,"N",NA,"nK9br051HPjmqBRc5E/A0io0YIiVOb2k"
"cfbe9ab0-b57a-48c9-ac88-27ca11ba783d","HARV_051.basePlot.ltr","D01","HARV","HARV_051","HARV_051_701","2016-04-19","2015-11-24","2016-03-23","2016-04-12T13:00Z","2016-04-18T12:30Z","NEON.LTR.HARV051701.20160323","NEON.LTR.HARV051701.20160323.FLR","NEON.DOC.001710vE","Flowers",0.22,"N",NA,"nK9br051HPjmqBRc5E/A0io0YIiVOb2k"
"4975216f-4133-4aee-a96a-8aa6d207f97a","HARV_051.basePlot.ltr","D01","HARV","HARV_051","HARV_051_701","2016-04-19","2015-11-24","2016-03-23","2016-04-12T13:00Z","2016-04-18T12:30Z","NEON.LTR.HARV051701.20160323","NEON.LTR.HARV051701.20160323.TWI","NEON.DOC.001710vE","Twigs/branches",16.77,"N",NA,"nK9br051HPjmqBRc5E/A0io0YIiVOb2k"
"5f3aac9c-3189-4ded-9e65-02b38fdb495c","HARV_042.basePlot.ltr","D01","HARV","HARV_042","HARV_042_858","2016-04-19","2015-11-24","2016-03-23","2016-04-12T13:00Z","2016-04-18T12:30Z","NEON.LTR.HARV042858.20160323","NEON.LTR.HARV042858.20160323.TWI","NEON.DOC.001710vE","Twigs/branches",1.63,"N",NA,"nK9br051HPjmqBRc5E/A0io0YIiVOb2k"
"784a1ee4-85de-4936-9e75-4bd41475e572","HARV_042.basePlot.ltr","D01","HARV","HARV_042","HARV_042_858","2016-04-19","2015-11-24","2016-03-23","2016-04-12T13:00Z","2016-04-18T12:30Z","NEON.LTR.HARV042858.20160323","NEON.LTR.HARV042858.20160323.LVS","NEON.DOC.001710vE","Leaves",0.005,"N",NA,"nK9br051HPjmqBRc5E/A0io0YIiVOb2k"
"71cd62cf-e487-4044-be58-e26ac5c91e5e","HARV_042.basePlot.ltr","D01","HARV","HARV_042","HARV_042_858","2016-04-19","2015-11-24","2016-03-23","2016-04-12T13:00Z","2016-04-18T12:30Z","NEON.LTR.HARV042858.20160323","NEON.LTR.HARV042858.20160323.OTH","NEON.DOC.001710vE","Other",0.71,"N",NA,"nK9br051HPjmqBRc5E/A0io0YIiVOb2k"
"a06afa0f-a400-4b9d-8af1-54f6e7c1933b","HARV_042.basePlot.ltr","D01","HARV","HARV_042","HARV_042_858","2016-04-19","2015-11-24","2016-03-23","2016-04-12T13:00Z","2016-04-18T12:30Z","NEON.LTR.HARV042858.20160323","NEON.LTR.HARV042858.20160323.NDL","NEON.DOC.001710vE","Needles",0.5,"N",NA,"nK9br051HPjmqBRc5E/A0io0YIiVOb2k"
"19133c23-1823-4e8e-8650-dc23e8b9a615","HARV_042.basePlot.ltr","D01","HARV","HARV_042","HARV_042_858","2016-04-19","2015-11-24","2016-03-23","2016-04-12T13:00Z","2016-04-18T12:30Z","NEON.LTR.HARV042858.20160323","NEON.LTR.HARV042858.20160323.FLR","NEON.DOC.001710vE","Flowers",0.04,"Y",NA,"nK9br051HPjmqBRc5E/A0io0YIiVOb2k"
"8f38e691-e198-425d-8004-13ca6ee61627","HARV_042.basePlot.ltr","D01","HARV","HARV_042","HARV_042_858","2016-04-19","2015-11-24","2016-03-23","2016-04-12T13:00Z","2016-04-18T12:30Z","NEON.LTR.HARV042858.20160323","NEON.LTR.HARV042858.20160323.SDS","NEON.DOC.001710vE","Seeds",0.005,"Y",NA,"nK9br051HPjmqBRc5E/A0io0YIiVOb2k"
"b11281dd-5379-4a02-8b44-debe9ed07fbb","HARV_042.basePlot.ltr","D01","HARV","HARV_042","HARV_042_858","2016-04-19","2015-11-24","2016-03-23","2016-04-12T13:00Z","2016-04-18T12:30Z","NEON.LTR.HARV042858.20160323","NEON.LTR.HARV042858.20160323.WDY","NEON.DOC.001710vE","Woody material",2.2,"N",NA,"nK9br051HPjmqBRc5E/A0io0YIiVOb2k"
"d5405132-545f-48aa-8783-2f97bc2f821a","HARV_046.basePlot.ltr","D01","HARV","HARV_046","HARV_046_204","2016-04-19","2015-11-24","2016-03-23","2016-04-12T13:00Z","2016-04-18T12:30Z","NEON.LTR.HARV046204.20160323","NEON.LTR.HARV046204.20160323.WDY","NEON.DOC.001710vE","Woody material",1.59,"N",NA,"nK9br051HPjmqBRc5E/A0io0YIiVOb2k"
"0fa19917-1005-4b30-a0e3-7edc12c8d006","HARV_046.basePlot.ltr","D01","HARV","HARV_046","HARV_046_204","2016-04-19","2015-11-24","2016-03-23","2016-04-12T13:00Z","2016-04-18T12:30Z","NEON.LTR.HARV046204.20160323","NEON.LTR.HARV046204.20160323.SDS","NEON.DOC.001710vE","Seeds",0.14,"N",NA,"nK9br051HPjmqBRc5E/A0io0YIiVOb2k"
"31d01306-8aa4-4969-962c-fbfa39a6c7c1","HARV_046.basePlot.ltr","D01","HARV","HARV_046","HARV_046_204","2016-04-19","2015-11-24","2016-03-23","2016-04-12T13:00Z","2016-04-18T12:30Z","NEON.LTR.HARV046204.20160323","NEON.LTR.HARV046204.20160323.NDL","NEON.DOC.001710vE","Needles",3,"N",NA,"nK9br051HPjmqBRc5E/A0io0YIiVOb2k"
"d1a07f61-f44c-4ada-842c-38e23ace4738","HARV_046.basePlot.ltr","D01","HARV","HARV_046","HARV_046_204","2016-04-19","2015-11-24","2016-03-23","2016-04-12T13:00Z","2016-04-18T12:30Z","NEON.LTR.HARV046204.20160323","NEON.LTR.HARV046204.20160323.TWI","NEON.DOC.001710vE","Twigs/branches",1.89,"N",NA,"nK9br051HPjmqBRc5E/A0io0YIiVOb2k"
"cb54449b-ea52-49e0-8129-32c76ac9af36","HARV_046.basePlot.ltr","D01","HARV","HARV_046","HARV_046_204","2016-04-19","2015-11-24","2016-03-23","2016-04-12T13:00Z","2016-04-18T12:30Z","NEON.LTR.HARV046204.20160323","NEON.LTR.HARV046204.20160323.LVS","NEON.DOC.001710vE","Leaves",0.21,"N",NA,"nK9br051HPjmqBRc5E/A0io0YIiVOb2k"
"1d18bba5-8862-4273-8ef4-49d4857d2a7d","HARV_046.basePlot.ltr","D01","HARV","HARV_046","HARV_046_204","2016-04-19","2015-11-24","2016-03-23","2016-04-12T13:00Z","2016-04-18T12:30Z","NEON.LTR.HARV046204.20160323","NEON.LTR.HARV046204.20160323.FLR","NEON.DOC.001710vE","Flowers",0.15,"N",NA,"nK9br051HPjmqBRc5E/A0io0YIiVOb2k"
"a277e4b1-145a-4b1b-8cfd-33ee5f2a4b76","HARV_046.basePlot.ltr","D01","HARV","HARV_046","HARV_046_204","2016-04-19","2015-11-24","2016-03-23","2016-04-12T13:00Z","2016-04-18T12:30Z","NEON.LTR.HARV046204.20160323","NEON.LTR.HARV046204.20160323.OTH","NEON.DOC.001710vE","Other",1.09,"N",NA,"nK9br051HPjmqBRc5E/A0io0YIiVOb2k"
"11d751a1-b314-4ef7-959c-40d63930785a","HARV_052.basePlot.ltr","D01","HARV","HARV_052","HARV_052_314","2016-04-19","2015-11-24","2016-03-23","2016-04-12T13:00Z","2016-04-18T12:30Z","NEON.LTR.HARV052314.20160323","NEON.LTR.HARV052314.20160323.WDY","NEON.DOC.001710vE","Woody material",6.52,"N",NA,"nK9br051HPjmqBRc5E/A0io0YIiVOb2k"
"9ead1309-7b9f-4306-9076-3fe011612c1b","HARV_052.basePlot.ltr","D01","HARV","HARV_052","HARV_052_314","2016-04-19","2015-11-24","2016-03-23","2016-04-12T13:00Z","2016-04-18T12:30Z","NEON.LTR.HARV052314.20160323","NEON.LTR.HARV052314.20160323.FLR","NEON.DOC.001710vE","Flowers",0.55,"N",NA,"nK9br051HPjmqBRc5E/A0io0YIiVOb2k"
"2aba2940-3380-4abb-88d9-7cbba56fe2b4","HARV_052.basePlot.ltr","D01","HARV","HARV_052","HARV_052_314","2016-04-19","2015-11-24","2016-03-23","2016-04-12T13:00Z","2016-04-18T12:30Z","NEON.LTR.HARV052314.20160323","NEON.LTR.HARV052314.20160323.TWI","NEON.DOC.001710vE","Twigs/branches",4.33,"N",NA,"nK9br051HPjmqBRc5E/A0io0YIiVOb2k"
"dca1c697-460c-4dbd-8dc1-16a155eb9ed5","HARV_052.basePlot.ltr","D01","HARV","HARV_052","HARV_052_314","2016-04-19","2015-11-24","2016-03-23","2016-04-12T13:00Z","2016-04-18T12:30Z","NEON.LTR.HARV052314.20160323","NEON.LTR.HARV052314.20160323.SDS","NEON.DOC.001710vE","Seeds",0.13,"N",NA,"nK9br051HPjmqBRc5E/A0io0YIiVOb2k"
"5205246e-c652-49b5-a680-d3619880adff","HARV_052.basePlot.ltr","D01","HARV","HARV_052","HARV_052_314","2016-04-19","2015-11-24","2016-03-23","2016-04-12T13:00Z","2016-04-18T12:30Z","NEON.LTR.HARV052314.20160323","NEON.LTR.HARV052314.20160323.NDL","NEON.DOC.001710vE","Needles",0.75,"N",NA,"nK9br051HPjmqBRc5E/A0io0YIiVOb2k"
"83103d3c-4778-4bad-ad1a-0f0d92e995c0","HARV_052.basePlot.ltr","D01","HARV","HARV_052","HARV_052_314","2016-04-19","2015-11-24","2016-03-23","2016-04-12T13:00Z","2016-04-18T12:30Z","NEON.LTR.HARV052314.20160323","NEON.LTR.HARV052314.20160323.LVS","NEON.DOC.001710vE","Leaves",1.1,"N",NA,"nK9br051HPjmqBRc5E/A0io0YIiVOb2k"
"7f46ee85-ce07-456a-87a3-e3f07ed7206e","HARV_052.basePlot.ltr","D01","HARV","HARV_052","HARV_052_314","2016-04-19","2015-11-24","2016-03-23","2016-04-12T13:00Z","2016-04-18T12:30Z","NEON.LTR.HARV052314.20160323","NEON.LTR.HARV052314.20160323.OTH","NEON.DOC.001710vE","Other",4.02,"N",NA,"nK9br051HPjmqBRc5E/A0io0YIiVOb2k"
"29736964-eab2-49a9-91a3-c394c76534b7","HARV_047.basePlot.ltr","D01","HARV","HARV_047","HARV_047_111","2016-04-19","2015-11-24","2016-03-23","2016-04-12T13:00Z","2016-04-18T12:30Z","NEON.LTR.HARV047111.20160323","NEON.LTR.HARV047111.20160323.TWI","NEON.DOC.001710vE","Twigs/branches",1.28,"N",NA,"nK9br051HPjmqBRc5E/A0io0YIiVOb2k"
"a94ce37a-7f37-4bb7-9974-c41e01754921","HARV_047.basePlot.ltr","D01","HARV","HARV_047","HARV_047_111","2016-04-19","2015-11-24","2016-03-23","2016-04-12T13:00Z","2016-04-18T12:30Z","NEON.LTR.HARV047111.20160323","NEON.LTR.HARV047111.20160323.OTH","NEON.DOC.001710vE","Other",0.005,"N",NA,"nK9br051HPjmqBRc5E/A0io0YIiVOb2k"
"20b61317-a443-4b4c-96a9-117e86f3ef57","HARV_037.basePlot.ltr","D01","HARV","HARV_037","HARV_037_849","2016-04-19","2015-11-24","2016-03-23","2016-04-12T13:00Z","2016-04-18T12:30Z","NEON.LTR.HARV037849.20160323","NEON.LTR.HARV037849.20160323.NDL","NEON.DOC.001710vE","Needles",2.14,"N",NA,"nK9br051HPjmqBRc5E/A0io0YIiVOb2k"
"83fa95f6-3ed9-458d-8997-9624a66a83ab","HARV_038.basePlot.ltr","D01","HARV","HARV_038","HARV_038_363","2016-07-15","2015-11-24","2016-03-23","2016-07-14T14:15Z","2016-07-15T18:47Z","NEON.LTR.HARV038363.20160323","NEON.LTR.HARV038363.20160323.LVS","NEON.DOC.001710vE","Leaves",3.09,"N",NA,"nJ5SLjmo9KloJvxdkZwGIuojNiVtvG/wqD3cm8OvTBY="
"d97f1346-b5af-4bdc-9894-92c31cdef675","HARV_037.basePlot.ltr","D01","HARV","HARV_037","HARV_037_849","2016-04-19","2015-11-24","2016-03-23","2016-04-12T13:00Z","2016-04-18T12:30Z","NEON.LTR.HARV037849.20160323","NEON.LTR.HARV037849.20160323.SDS","NEON.DOC.001710vE","Seeds",0.06,"N",NA,"nK9br051HPjmqBRc5E/A0io0YIiVOb2k"
"bee86478-619a-4de8-8593-fa91fe8e8274","HARV_047.basePlot.ltr","D01","HARV","HARV_047","HARV_047_111","2016-04-19","2015-11-24","2016-03-23","2016-04-12T13:00Z","2016-04-18T12:30Z","NEON.LTR.HARV047111.20160323","NEON.LTR.HARV047111.20160323.LVS","NEON.DOC.001710vE","Leaves",0,"N",NA,"nK9br051HPjmqBRc5E/A0io0YIiVOb2k"
"68eac8b8-e9eb-4fa9-9cca-66f022d06bf1","HARV_038.basePlot.ltr","D01","HARV","HARV_038","HARV_038_363","2016-07-15","2015-11-24","2016-03-23","2016-07-14T14:15Z","2016-07-15T18:47Z","NEON.LTR.HARV038363.20160323","NEON.LTR.HARV038363.20160323.NDL","NEON.DOC.001710vE","Needles",1.22,"N",NA,"nJ5SLjmo9KloJvxdkZwGIuojNiVtvG/wqD3cm8OvTBY="
"c6ea4e54-b1ca-4df5-825d-0505b529807d","HARV_047.basePlot.ltr","D01","HARV","HARV_047","HARV_047_111","2016-04-19","2015-11-24","2016-03-23","2016-04-12T13:00Z","2016-04-18T12:30Z","NEON.LTR.HARV047111.20160323","NEON.LTR.HARV047111.20160323.FLR","NEON.DOC.001710vE","Flowers",0.23,"N",NA,"nK9br051HPjmqBRc5E/A0io0YIiVOb2k"
"8c1269aa-3ce4-485e-aecf-6fe0763510bd","HARV_047.basePlot.ltr","D01","HARV","HARV_047","HARV_047_111","2016-04-19","2015-11-24","2016-03-23","2016-04-12T13:00Z","2016-04-18T12:30Z","NEON.LTR.HARV047111.20160323","NEON.LTR.HARV047111.20160323.NDL","NEON.DOC.001710vE","Needles",0.005,"N",NA,"nK9br051HPjmqBRc5E/A0io0YIiVOb2k"
"58b37174-5535-45ab-903d-44e286254775","HARV_037.basePlot.ltr","D01","HARV","HARV_037","HARV_037_849","2016-04-19","2015-11-24","2016-03-23","2016-04-12T13:00Z","2016-04-18T12:30Z","NEON.LTR.HARV037849.20160323","NEON.LTR.HARV037849.20160323.FLR","NEON.DOC.001710vE","Flowers",0.04,"N",NA,"nK9br051HPjmqBRc5E/A0io0YIiVOb2k"
"9da8fbfe-46d0-4965-8217-a63fcedf1cb5","HARV_037.basePlot.ltr","D01","HARV","HARV_037","HARV_037_849","2016-04-19","2015-11-24","2016-03-23","2016-04-12T13:00Z","2016-04-18T12:30Z","NEON.LTR.HARV037849.20160323","NEON.LTR.HARV037849.20160323.TWI","NEON.DOC.001710vE","Twigs/branches",9.55,"N",NA,"nK9br051HPjmqBRc5E/A0io0YIiVOb2k"
"9679e72f-d775-4915-b547-f20194efe9b6","HARV_038.basePlot.ltr","D01","HARV","HARV_038","HARV_038_363","2016-07-15","2015-11-24","2016-03-23","2016-07-14T14:15Z","2016-07-15T18:47Z","NEON.LTR.HARV038363.20160323","NEON.LTR.HARV038363.20160323.TWI","NEON.DOC.001710vE","Twigs/branches",7.35,"N",NA,"nJ5SLjmo9KloJvxdkZwGIuojNiVtvG/wqD3cm8OvTBY="
"cb3bad31-b81c-4fb1-a6ff-12855fdc43b9","HARV_037.basePlot.ltr","D01","HARV","HARV_037","HARV_037_849","2016-04-19","2015-11-24","2016-03-23","2016-04-12T13:00Z","2016-04-18T12:30Z","NEON.LTR.HARV037849.20160323","NEON.LTR.HARV037849.20160323.LVS","NEON.DOC.001710vE","Leaves",0.07,"N",NA,"nK9br051HPjmqBRc5E/A0io0YIiVOb2k"
"5bbf6d97-ec32-43c8-b48b-e80de800d4b0","HARV_047.basePlot.ltr","D01","HARV","HARV_047","HARV_047_111","2016-04-19","2015-11-24","2016-03-23","2016-04-12T13:00Z","2016-04-18T12:30Z","NEON.LTR.HARV047111.20160323","NEON.LTR.HARV047111.20160323.WDY","NEON.DOC.001710vE","Woody material",0.005,"N",NA,"nK9br051HPjmqBRc5E/A0io0YIiVOb2k"
"c37e196a-30eb-44bd-970e-208c9715ad94","HARV_037.basePlot.ltr","D01","HARV","HARV_037","HARV_037_849","2016-04-19","2015-11-24","2016-03-23","2016-04-12T13:00Z","2016-04-18T12:30Z","NEON.LTR.HARV037849.20160323","NEON.LTR.HARV037849.20160323.OTH","NEON.DOC.001710vE","Other",6.74,"N",NA,"nK9br051HPjmqBRc5E/A0io0YIiVOb2k"
"52078565-901b-405e-8ee7-7d7d22886661","HARV_038.basePlot.ltr","D01","HARV","HARV_038","HARV_038_363","2016-07-15","2015-11-24","2016-03-23","2016-07-14T14:15Z","2016-07-15T18:47Z","NEON.LTR.HARV038363.20160323","NEON.LTR.HARV038363.20160323.WDY","NEON.DOC.001710vE","Woody material",0.01,"N",NA,"nJ5SLjmo9KloJvxdkZwGIuojNiVtvG/wqD3cm8OvTBY="
"c54121cf-7af5-4394-ab34-c4d3acea3c07","HARV_037.basePlot.ltr","D01","HARV","HARV_037","HARV_037_849","2016-04-19","2015-11-24","2016-03-23","2016-04-12T13:00Z","2016-04-18T12:30Z","NEON.LTR.HARV037849.20160323","NEON.LTR.HARV037849.20160323.WDY","NEON.DOC.001710vE","Woody material",6.7,"N",NA,"nK9br051HPjmqBRc5E/A0io0YIiVOb2k"
"587b5354-242f-41d3-8ab3-d64d59ee1793","HARV_038.basePlot.ltr","D01","HARV","HARV_038","HARV_038_363","2016-07-15","2015-11-24","2016-03-23","2016-07-14T14:15Z","2016-07-15T18:47Z","NEON.LTR.HARV038363.20160323","NEON.LTR.HARV038363.20160323.SDS","NEON.DOC.001710vE","Seeds",0.005,"N",NA,"nJ5SLjmo9KloJvxdkZwGIuojNiVtvG/wqD3cm8OvTBY="
"9f0c498a-9503-453f-9a38-8431dcdd03cb","HARV_038.basePlot.ltr","D01","HARV","HARV_038","HARV_038_363","2016-07-15","2015-11-24","2016-03-23","2016-07-14T14:15Z","2016-07-15T18:47Z","NEON.LTR.HARV038363.20160323","NEON.LTR.HARV038363.20160323.OTH","NEON.DOC.001710vE","Other",6.2,"N",NA,"nJ5SLjmo9KloJvxdkZwGIuojNiVtvG/wqD3cm8OvTBY="
"d85b82ce-dbbf-4bb6-a442-45bdfadbad04","HARV_038.basePlot.ltr","D01","HARV","HARV_038","HARV_038_363","2016-07-15","2015-11-24","2016-03-23","2016-07-14T14:15Z","2016-07-15T18:47Z","NEON.LTR.HARV038363.20160323","NEON.LTR.HARV038363.20160323.FLR","NEON.DOC.001710vE","Flowers",0.49,"N",NA,"nJ5SLjmo9KloJvxdkZwGIuojNiVtvG/wqD3cm8OvTBY="
"c8a621b9-295d-45ea-adbd-ffaa8cd27bc1","HARV_047.basePlot.ltr","D01","HARV","HARV_047","HARV_047_111","2016-04-19","2015-11-24","2016-03-23","2016-04-12T13:00Z","2016-04-18T12:30Z","NEON.LTR.HARV047111.20160323","NEON.LTR.HARV047111.20160323.SDS","NEON.DOC.001710vE","Seeds",0.005,"N",NA,"nK9br051HPjmqBRc5E/A0io0YIiVOb2k"
"482fbd8b-c8ca-42c3-aaa7-60baf6d8b575","HARV_038.basePlot.ltr","D01","HARV","HARV_038","HARV_038_543","2016-04-19","2015-11-24","2016-03-23","2016-04-12T13:00Z","2016-04-18T12:30Z","NEON.LTR.HARV038543.20160323","NEON.LTR.HARV038543.20160323.NDL","NEON.DOC.001710vE","Needles",0.98,"Y",NA,"nK9br051HPjmqBRc5E/A0io0YIiVOb2k"
"4310651b-213b-4bb9-b822-96f17eff9c0f","HARV_038.basePlot.ltr","D01","HARV","HARV_038","HARV_038_543","2016-04-19","2015-11-24","2016-03-23","2016-04-12T13:00Z","2016-04-18T12:30Z","NEON.LTR.HARV038543.20160323","NEON.LTR.HARV038543.20160323.FLR","NEON.DOC.001710vE","Flowers",0.51,"Y",NA,"nK9br051HPjmqBRc5E/A0io0YIiVOb2k"
"8c3adb54-9e7a-4654-ab0b-0f8186c8c400","HARV_038.basePlot.ltr","D01","HARV","HARV_038","HARV_038_543","2016-04-19","2015-11-24","2016-03-23","2016-04-12T13:00Z","2016-04-18T12:30Z","NEON.LTR.HARV038543.20160323","NEON.LTR.HARV038543.20160323.WDY","NEON.DOC.001710vE","Woody material",0.48,"N",NA,"nK9br051HPjmqBRc5E/A0io0YIiVOb2k"
"7a0711ef-db8d-4d07-9aff-4b55aab1eea6","HARV_038.basePlot.ltr","D01","HARV","HARV_038","HARV_038_543","2016-04-19","2015-11-24","2016-03-23","2016-04-12T13:00Z","2016-04-18T12:30Z","NEON.LTR.HARV038543.20160323","NEON.LTR.HARV038543.20160323.SDS","NEON.DOC.001710vE","Seeds",0.05,"Y",NA,"nK9br051HPjmqBRc5E/A0io0YIiVOb2k"
"046172f6-08c7-412c-b7c1-51f8942be60e","HARV_038.basePlot.ltr","D01","HARV","HARV_038","HARV_038_543","2016-04-19","2015-11-24","2016-03-23","2016-04-12T13:00Z","2016-04-18T12:30Z","NEON.LTR.HARV038543.20160323","NEON.LTR.HARV038543.20160323.LVS","NEON.DOC.001710vE","Leaves",1.18,"Y",NA,"nK9br051HPjmqBRc5E/A0io0YIiVOb2k"
"7cc40be6-4d79-46d9-b455-5bbf61518f85","HARV_038.basePlot.ltr","D01","HARV","HARV_038","HARV_038_543","2016-04-19","2015-11-24","2016-03-23","2016-04-12T13:00Z","2016-04-18T12:30Z","NEON.LTR.HARV038543.20160323","NEON.LTR.HARV038543.20160323.OTH","NEON.DOC.001710vE","Other",1.91,"Y",NA,"nK9br051HPjmqBRc5E/A0io0YIiVOb2k"
"f47adf98-a8db-42a0-872b-62b52b4a1fb1","HARV_038.basePlot.ltr","D01","HARV","HARV_038","HARV_038_543","2016-04-19","2015-11-24","2016-03-23","2016-04-12T13:00Z","2016-04-18T12:30Z","NEON.LTR.HARV038543.20160323","NEON.LTR.HARV038543.20160323.TWI","NEON.DOC.001710vE","Twigs/branches",6.53,"N",NA,"nK9br051HPjmqBRc5E/A0io0YIiVOb2k"
"d56d3ca0-b041-4d3a-af3d-fd03dc6c87d2","HARV_051.basePlot.ltr","D01","HARV","HARV_051","HARV_051_361","2016-04-19","2015-11-24","2016-03-23","2016-04-12T13:00Z","2016-04-18T12:30Z","NEON.LTR.HARV051361.20160323","NEON.LTR.HARV051361.20160323.TWI","NEON.DOC.001710vE","Twigs/branches",1.67,"N",NA,"nK9br051HPjmqBRc5E/A0io0YIiVOb2k"
"3eb4b21f-d724-44eb-a0c3-ccc87c1443b7","HARV_051.basePlot.ltr","D01","HARV","HARV_051","HARV_051_361","2016-04-19","2015-11-24","2016-03-23","2016-04-12T13:00Z","2016-04-18T12:30Z","NEON.LTR.HARV051361.20160323","NEON.LTR.HARV051361.20160323.SDS","NEON.DOC.001710vE","Seeds",0.005,"Y",NA,"nK9br051HPjmqBRc5E/A0io0YIiVOb2k"
"86c81c23-bd26-4297-9565-1999d842db2e","HARV_051.basePlot.ltr","D01","HARV","HARV_051","HARV_051_361","2016-04-19","2015-11-24","2016-03-23","2016-04-12T13:00Z","2016-04-18T12:30Z","NEON.LTR.HARV051361.20160323","NEON.LTR.HARV051361.20160323.WDY","NEON.DOC.001710vE","Woody material",1.21,"N",NA,"nK9br051HPjmqBRc5E/A0io0YIiVOb2k"
"280fe91d-adf4-480d-9fdd-bf00f8bcc0cf","HARV_051.basePlot.ltr","D01","HARV","HARV_051","HARV_051_361","2016-04-19","2015-11-24","2016-03-23","2016-04-12T13:00Z","2016-04-18T12:30Z","NEON.LTR.HARV051361.20160323","NEON.LTR.HARV051361.20160323.OTH","NEON.DOC.001710vE","Other",0.74,"Y",NA,"nK9br051HPjmqBRc5E/A0io0YIiVOb2k"
"49c46477-7ca4-4322-8ece-d9d7970c3194","HARV_051.basePlot.ltr","D01","HARV","HARV_051","HARV_051_361","2016-04-19","2015-11-24","2016-03-23","2016-04-12T13:00Z","2016-04-18T12:30Z","NEON.LTR.HARV051361.20160323","NEON.LTR.HARV051361.20160323.FLR","NEON.DOC.001710vE","Flowers",0.08,"Y",NA,"nK9br051HPjmqBRc5E/A0io0YIiVOb2k"
"6e570349-5a26-44d7-8e8c-817fd94d6f31","HARV_051.basePlot.ltr","D01","HARV","HARV_051","HARV_051_361","2016-04-19","2015-11-24","2016-03-23","2016-04-12T13:00Z","2016-04-18T12:30Z","NEON.LTR.HARV051361.20160323","NEON.LTR.HARV051361.20160323.LVS","NEON.DOC.001710vE","Leaves",0.49,"Y",NA,"nK9br051HPjmqBRc5E/A0io0YIiVOb2k"
"3901b58f-d930-49f6-b391-f9c0bfb5e1de","HARV_051.basePlot.ltr","D01","HARV","HARV_051","HARV_051_361","2016-04-19","2015-11-24","2016-03-23","2016-04-12T13:00Z","2016-04-18T12:30Z","NEON.LTR.HARV051361.20160323","NEON.LTR.HARV051361.20160323.NDL","NEON.DOC.001710vE","Needles",0.48,"Y",NA,"nK9br051HPjmqBRc5E/A0io0YIiVOb2k"
"7924a43a-38b2-4fb7-ab1d-373003beb209","HARV_034.basePlot.ltr","D01","HARV","HARV_034","HARV_034_371","2016-04-19","2015-11-24","2016-03-23","2016-04-12T13:00Z","2016-04-18T12:30Z","NEON.LTR.HARV034371.20160323","NEON.LTR.HARV034371.20160323.NDL","NEON.DOC.001710vE","Needles",34.7,"N",NA,"nK9br051HPjmqBRc5E/A0io0YIiVOb2k"
"52262647-7402-42b8-bbbe-8dd1760e095a","HARV_034.basePlot.ltr","D01","HARV","HARV_034","HARV_034_371","2016-04-19","2015-11-24","2016-03-23","2016-04-12T13:00Z","2016-04-18T12:30Z","NEON.LTR.HARV034371.20160323","NEON.LTR.HARV034371.20160323.SDS","NEON.DOC.001710vE","Seeds",0.04,"N",NA,"nK9br051HPjmqBRc5E/A0io0YIiVOb2k"
"73f49390-12de-47ab-b1ad-b6983ea3e1b3","HARV_034.basePlot.ltr","D01","HARV","HARV_034","HARV_034_371","2016-04-19","2015-11-24","2016-03-23","2016-04-12T13:00Z","2016-04-18T12:30Z","NEON.LTR.HARV034371.20160323","NEON.LTR.HARV034371.20160323.LVS","NEON.DOC.001710vE","Leaves",0.9,"N",NA,"nK9br051HPjmqBRc5E/A0io0YIiVOb2k"
"32037bb3-77d1-48b9-a1ab-b6856fbad048","HARV_034.basePlot.ltr","D01","HARV","HARV_034","HARV_034_371","2016-04-19","2015-11-24","2016-03-23","2016-04-12T13:00Z","2016-04-18T12:30Z","NEON.LTR.HARV034371.20160323","NEON.LTR.HARV034371.20160323.FLR","NEON.DOC.001710vE","Flowers",0.41,"N",NA,"nK9br051HPjmqBRc5E/A0io0YIiVOb2k"
"8df18f1e-ce2e-4c29-b554-7d81ad528470","HARV_034.basePlot.ltr","D01","HARV","HARV_034","HARV_034_371","2016-04-19","2015-11-24","2016-03-23","2016-04-12T13:00Z","2016-04-18T12:30Z","NEON.LTR.HARV034371.20160323","NEON.LTR.HARV034371.20160323.OTH","NEON.DOC.001710vE","Other",9.58,"N",NA,"nK9br051HPjmqBRc5E/A0io0YIiVOb2k"
"060b23ee-2f72-402b-b681-02ae0a92f94c","HARV_034.basePlot.ltr","D01","HARV","HARV_034","HARV_034_371","2016-04-19","2015-11-24","2016-03-23","2016-04-12T13:00Z","2016-04-18T12:30Z","NEON.LTR.HARV034371.20160323","NEON.LTR.HARV034371.20160323.WDY","NEON.DOC.001710vE","Woody material",38.38,"N",NA,"nK9br051HPjmqBRc5E/A0io0YIiVOb2k"
"2431b081-7e4b-4ee2-bdde-aff51aa442ee","HARV_034.basePlot.ltr","D01","HARV","HARV_034","HARV_034_371","2016-04-19","2015-11-24","2016-03-23","2016-04-12T13:00Z","2016-04-18T12:30Z","NEON.LTR.HARV034371.20160323","NEON.LTR.HARV034371.20160323.TWI","NEON.DOC.001710vE","Twigs/branches",12.91,"N",NA,"nK9br051HPjmqBRc5E/A0io0YIiVOb2k"
"090190e2-f925-48d2-a184-4ad43480971f","HARV_043.basePlot.ltr","D01","HARV","HARV_043","HARV_043_550","2016-04-19","2015-11-24","2016-03-23","2016-04-12T13:00Z","2016-04-18T12:30Z","NEON.LTR.HARV043550.20160323","NEON.LTR.HARV043550.20160323.LVS","NEON.DOC.001710vE","Leaves",1.34,"N",NA,"nK9br051HPjmqBRc5E/A0io0YIiVOb2k"
"9b3c396b-0508-45cd-9104-b7ce709b18e6","HARV_043.basePlot.ltr","D01","HARV","HARV_043","HARV_043_550","2016-04-19","2015-11-24","2016-03-23","2016-04-12T13:00Z","2016-04-18T12:30Z","NEON.LTR.HARV043550.20160323","NEON.LTR.HARV043550.20160323.TWI","NEON.DOC.001710vE","Twigs/branches",11.76,"N",NA,"nK9br051HPjmqBRc5E/A0io0YIiVOb2k"
"14082ae2-4aa5-4cfc-843a-95b43d472fcc","HARV_043.basePlot.ltr","D01","HARV","HARV_043","HARV_043_550","2016-04-19","2015-11-24","2016-03-23","2016-04-12T13:00Z","2016-04-18T12:30Z","NEON.LTR.HARV043550.20160323","NEON.LTR.HARV043550.20160323.FLR","NEON.DOC.001710vE","Flowers",0.32,"N",NA,"nK9br051HPjmqBRc5E/A0io0YIiVOb2k"
"41cba872-f07b-406d-af0c-d57ded82778a","HARV_043.basePlot.ltr","D01","HARV","HARV_043","HARV_043_550","2016-04-19","2015-11-24","2016-03-23","2016-04-12T13:00Z","2016-04-18T12:30Z","NEON.LTR.HARV043550.20160323","NEON.LTR.HARV043550.20160323.OTH","NEON.DOC.001710vE","Other",6.01,"N",NA,"nK9br051HPjmqBRc5E/A0io0YIiVOb2k"
"caf3b467-a199-44cf-ac41-c436a432af8b","HARV_043.basePlot.ltr","D01","HARV","HARV_043","HARV_043_550","2016-04-19","2015-11-24","2016-03-23","2016-04-12T13:00Z","2016-04-18T12:30Z","NEON.LTR.HARV043550.20160323","NEON.LTR.HARV043550.20160323.SDS","NEON.DOC.001710vE","Seeds",0.02,"N",NA,"nK9br051HPjmqBRc5E/A0io0YIiVOb2k"
"dcdb72a9-4f34-4f8a-b04b-d52b448d24bf","HARV_043.basePlot.ltr","D01","HARV","HARV_043","HARV_043_550","2016-04-19","2015-11-24","2016-03-23","2016-04-12T13:00Z","2016-04-18T12:30Z","NEON.LTR.HARV043550.20160323","NEON.LTR.HARV043550.20160323.NDL","NEON.DOC.001710vE","Needles",2.18,"N",NA,"nK9br051HPjmqBRc5E/A0io0YIiVOb2k"
"e19bba3d-0120-444a-ae54-3f64470e12a9","HARV_043.basePlot.ltr","D01","HARV","HARV_043","HARV_043_550","2016-04-19","2015-11-24","2016-03-23","2016-04-12T13:00Z","2016-04-18T12:30Z","NEON.LTR.HARV043550.20160323","NEON.LTR.HARV043550.20160323.WDY","NEON.DOC.001710vE","Woody material",1.67,"N",NA,"nK9br051HPjmqBRc5E/A0io0YIiVOb2k"
"a2d5ea8f-be59-4434-9e63-6aa9bc615d73","HARV_038.basePlot.ltr","D01","HARV","HARV_038","HARV_038_363","2016-04-19","2015-11-24","2016-03-23","2016-04-12T13:00Z","2016-04-18T12:30Z","NEON.LTR.HARV038363.20160323","NEON.LTR.HARV038363.20160323.TWI","NEON.DOC.001710vE","Twigs/branches",5.05,"N",NA,"nK9br051HPjmqBRc5E/A0io0YIiVOb2k"
"714c63e4-7db3-4bf5-90ca-0acf14ac9732","HARV_038.basePlot.ltr","D01","HARV","HARV_038","HARV_038_363","2016-04-19","2015-11-24","2016-03-23","2016-04-12T13:00Z","2016-04-18T12:30Z","NEON.LTR.HARV038363.20160323","NEON.LTR.HARV038363.20160323.FLR","NEON.DOC.001710vE","Flowers",0.26,"N",NA,"nK9br051HPjmqBRc5E/A0io0YIiVOb2k"
"379d29bf-5567-411f-a441-9380ed2da362","HARV_038.basePlot.ltr","D01","HARV","HARV_038","HARV_038_363","2016-04-19","2015-11-24","2016-03-23","2016-04-12T13:00Z","2016-04-18T12:30Z","NEON.LTR.HARV038363.20160323","NEON.LTR.HARV038363.20160323.WDY","NEON.DOC.001710vE","Woody material",0.88,"N",NA,"nK9br051HPjmqBRc5E/A0io0YIiVOb2k"
"c82d188a-cc63-412a-8efd-4ef3d9d55159","HARV_038.basePlot.ltr","D01","HARV","HARV_038","HARV_038_363","2016-04-19","2015-11-24","2016-03-23","2016-04-12T13:00Z","2016-04-18T12:30Z","NEON.LTR.HARV038363.20160323","NEON.LTR.HARV038363.20160323.SDS","NEON.DOC.001710vE","Seeds",0.26,"N",NA,"nK9br051HPjmqBRc5E/A0io0YIiVOb2k"
"7a199fc8-6b56-41de-8c48-10abdacea746","HARV_038.basePlot.ltr","D01","HARV","HARV_038","HARV_038_363","2016-04-19","2015-11-24","2016-03-23","2016-04-12T13:00Z","2016-04-18T12:30Z","NEON.LTR.HARV038363.20160323","NEON.LTR.HARV038363.20160323.OTH","NEON.DOC.001710vE","Other",1.91,"N",NA,"nK9br051HPjmqBRc5E/A0io0YIiVOb2k"
"81776069-cc37-41b2-86b4-b1433229543d","HARV_038.basePlot.ltr","D01","HARV","HARV_038","HARV_038_363","2016-04-19","2015-11-24","2016-03-23","2016-04-12T13:00Z","2016-04-18T12:30Z","NEON.LTR.HARV038363.20160323","NEON.LTR.HARV038363.20160323.NDL","NEON.DOC.001710vE","Needles",1.59,"N",NA,"nK9br051HPjmqBRc5E/A0io0YIiVOb2k"
"44725087-ede2-49ff-a72a-e7aa1ec05888","HARV_038.basePlot.ltr","D01","HARV","HARV_038","HARV_038_363","2016-04-19","2015-11-24","2016-03-23","2016-04-12T13:00Z","2016-04-18T12:30Z","NEON.LTR.HARV038363.20160323","NEON.LTR.HARV038363.20160323.LVS","NEON.DOC.001710vE","Leaves",0.25,"N",NA,"nK9br051HPjmqBRc5E/A0io0YIiVOb2k"
"f14fb6cd-5ca8-456f-81ef-4cae51cb6ea7","HARV_036.basePlot.ltr","D01","HARV","HARV_036","HARV_036_426","2016-05-25","2015-11-24","2016-03-23","2016-05-20T16:30Z","2016-05-25T14:20Z","NEON.LTR.HARV036426.20160323","NEON.LTR.HARV036426.20160323.TWI","NEON.DOC.001710vE","Twigs/branches",0.57,"N",NA,"4fwqTWf6TJUgX1b061gRBN/1LlNKYVNd"
"51dbfcf0-16f9-4967-b327-d4abb1a8fde8","HARV_036.basePlot.ltr","D01","HARV","HARV_036","HARV_036_426","2016-05-25","2015-11-24","2016-03-23","2016-05-20T16:30Z","2016-05-25T14:20Z","NEON.LTR.HARV036426.20160323","NEON.LTR.HARV036426.20160323.NDL","NEON.DOC.001710vE","Needles",0,"N",NA,"4fwqTWf6TJUgX1b061gRBN/1LlNKYVNd"
"c627ded1-b8cd-4536-a1f1-0b2f8db2151e","HARV_036.basePlot.ltr","D01","HARV","HARV_036","HARV_036_426","2016-05-25","2015-11-24","2016-03-23","2016-05-20T16:30Z","2016-05-25T14:20Z","NEON.LTR.HARV036426.20160323","NEON.LTR.HARV036426.20160323.SDS","NEON.DOC.001710vE","Seeds",0.005,"Y",NA,"4fwqTWf6TJUgX1b061gRBN/1LlNKYVNd"
"8e8c963a-ccb0-4ec7-98d1-9513e2180e94","HARV_036.basePlot.ltr","D01","HARV","HARV_036","HARV_036_426","2016-05-25","2015-11-24","2016-03-23","2016-05-20T16:30Z","2016-05-25T14:20Z","NEON.LTR.HARV036426.20160323","NEON.LTR.HARV036426.20160323.OTH","NEON.DOC.001710vE","Other",2.1,"N",NA,"4fwqTWf6TJUgX1b061gRBN/1LlNKYVNd"
"3098acdb-5d3d-46f0-b6b1-3482ccd56efe","HARV_036.basePlot.ltr","D01","HARV","HARV_036","HARV_036_426","2016-05-25","2015-11-24","2016-03-23","2016-05-20T16:30Z","2016-05-25T14:20Z","NEON.LTR.HARV036426.20160323","NEON.LTR.HARV036426.20160323.WDY","NEON.DOC.001710vE","Woody material",0.22,"N",NA,"4fwqTWf6TJUgX1b061gRBN/1LlNKYVNd"
"40a05382-d9a8-48ac-8658-a0443a4e6b45","HARV_036.basePlot.ltr","D01","HARV","HARV_036","HARV_036_426","2016-05-25","2015-11-24","2016-03-23","2016-05-20T16:30Z","2016-05-25T14:20Z","NEON.LTR.HARV036426.20160323","NEON.LTR.HARV036426.20160323.LVS","NEON.DOC.001710vE","Leaves",1.23,"N",NA,"4fwqTWf6TJUgX1b061gRBN/1LlNKYVNd"
"523943a3-fc1e-4cfe-a464-75a9ca68ac64","HARV_036.basePlot.ltr","D01","HARV","HARV_036","HARV_036_426","2016-05-25","2015-11-24","2016-03-23","2016-05-20T16:30Z","2016-05-25T14:20Z","NEON.LTR.HARV036426.20160323","NEON.LTR.HARV036426.20160323.FLR","NEON.DOC.001710vE","Flowers",1.82,"N",NA,"4fwqTWf6TJUgX1b061gRBN/1LlNKYVNd"
"013d4695-b835-413f-85d2-7d0907d24897","HARV_048.basePlot.ltr","D01","HARV","HARV_048","HARV_048_701","2016-04-19","2015-11-24","2016-03-23","2016-04-12T13:00Z","2016-04-18T12:30Z","NEON.LTR.HARV048701.20160323","NEON.LTR.HARV048701.20160323.LVS","NEON.DOC.001710vE","Leaves",3.1,"N",NA,"nK9br051HPjmqBRc5E/A0io0YIiVOb2k"
"1f985b8a-c739-44c9-85e9-b026c505ac50","HARV_048.basePlot.ltr","D01","HARV","HARV_048","HARV_048_701","2016-04-19","2015-11-24","2016-03-23","2016-04-12T13:00Z","2016-04-18T12:30Z","NEON.LTR.HARV048701.20160323","NEON.LTR.HARV048701.20160323.NDL","NEON.DOC.001710vE","Needles",0.87,"N",NA,"nK9br051HPjmqBRc5E/A0io0YIiVOb2k"
"11fdbcb0-8448-4e5e-9ffd-35083d531b3b","HARV_048.basePlot.ltr","D01","HARV","HARV_048","HARV_048_701","2016-04-19","2015-11-24","2016-03-23","2016-04-12T13:00Z","2016-04-18T12:30Z","NEON.LTR.HARV048701.20160323","NEON.LTR.HARV048701.20160323.TWI","NEON.DOC.001710vE","Twigs/branches",6.97,"N",NA,"nK9br051HPjmqBRc5E/A0io0YIiVOb2k"
"16c11a7f-05f8-41bb-a3ac-5418a829cd25","HARV_048.basePlot.ltr","D01","HARV","HARV_048","HARV_048_701","2016-04-19","2015-11-24","2016-03-23","2016-04-12T13:00Z","2016-04-18T12:30Z","NEON.LTR.HARV048701.20160323","NEON.LTR.HARV048701.20160323.FLR","NEON.DOC.001710vE","Flowers",0.06,"N",NA,"nK9br051HPjmqBRc5E/A0io0YIiVOb2k"
"f6a20a34-2846-4c6d-ad51-51c2b1f1dbda","HARV_048.basePlot.ltr","D01","HARV","HARV_048","HARV_048_701","2016-04-19","2015-11-24","2016-03-23","2016-04-12T13:00Z","2016-04-18T12:30Z","NEON.LTR.HARV048701.20160323","NEON.LTR.HARV048701.20160323.SDS","NEON.DOC.001710vE","Seeds",0.01,"N",NA,"nK9br051HPjmqBRc5E/A0io0YIiVOb2k"
"48c0d200-30ec-4feb-ae7b-0a268472dbc5","HARV_048.basePlot.ltr","D01","HARV","HARV_048","HARV_048_701","2016-04-19","2015-11-24","2016-03-23","2016-04-12T13:00Z","2016-04-18T12:30Z","NEON.LTR.HARV048701.20160323","NEON.LTR.HARV048701.20160323.OTH","NEON.DOC.001710vE","Other",0.32,"N",NA,"nK9br051HPjmqBRc5E/A0io0YIiVOb2k"
"67c33e63-6e34-4926-b788-04e198d01145","HARV_048.basePlot.ltr","D01","HARV","HARV_048","HARV_048_701","2016-04-19","2015-11-24","2016-03-23","2016-04-12T13:00Z","2016-04-18T12:30Z","NEON.LTR.HARV048701.20160323","NEON.LTR.HARV048701.20160323.WDY","NEON.DOC.001710vE","Woody material",0.15,"N",NA,"nK9br051HPjmqBRc5E/A0io0YIiVOb2k"
"a0200619-937c-436f-9b10-fa28924ee0c6","HARV_040.basePlot.ltr","D01","HARV","HARV_040","HARV_040_849","2016-04-19","2015-11-24","2016-03-23","2016-04-12T13:00Z","2016-04-18T12:30Z","NEON.LTR.HARV040849.20160323","NEON.LTR.HARV040849.20160323.OTH","NEON.DOC.001710vE","Other",0.005,"N",NA,"nK9br051HPjmqBRc5E/A0io0YIiVOb2k"
"f34fbaaa-b225-4c54-b940-fdfaf7fd3476","HARV_040.basePlot.ltr","D01","HARV","HARV_040","HARV_040_849","2016-04-19","2015-11-24","2016-03-23","2016-04-12T13:00Z","2016-04-18T12:30Z","NEON.LTR.HARV040849.20160323","NEON.LTR.HARV040849.20160323.SDS","NEON.DOC.001710vE","Seeds",0.005,"N",NA,"nK9br051HPjmqBRc5E/A0io0YIiVOb2k"
"07094f73-1cfd-4181-b40c-87299b6c8081","HARV_040.basePlot.ltr","D01","HARV","HARV_040","HARV_040_849","2016-04-19","2015-11-24","2016-03-23","2016-04-12T13:00Z","2016-04-18T12:30Z","NEON.LTR.HARV040849.20160323","NEON.LTR.HARV040849.20160323.FLR","NEON.DOC.001710vE","Flowers",0.005,"N",NA,"nK9br051HPjmqBRc5E/A0io0YIiVOb2k"
"b424ff27-9b75-485b-9d4e-d23be84c0f2c","HARV_040.basePlot.ltr","D01","HARV","HARV_040","HARV_040_849","2016-04-19","2015-11-24","2016-03-23","2016-04-12T13:00Z","2016-04-18T12:30Z","NEON.LTR.HARV040849.20160323","NEON.LTR.HARV040849.20160323.NDL","NEON.DOC.001710vE","Needles",0.01,"N",NA,"nK9br051HPjmqBRc5E/A0io0YIiVOb2k"
"6f15c341-c368-4972-bbd0-4742bb00efd8","HARV_040.basePlot.ltr","D01","HARV","HARV_040","HARV_040_849","2016-04-19","2015-11-24","2016-03-23","2016-04-12T13:00Z","2016-04-18T12:30Z","NEON.LTR.HARV040849.20160323","NEON.LTR.HARV040849.20160323.WDY","NEON.DOC.001710vE","Woody material",0.04,"N",NA,"nK9br051HPjmqBRc5E/A0io0YIiVOb2k"
"9a6d9d10-a9ba-400e-8a8a-d4f5e6482212","HARV_040.basePlot.ltr","D01","HARV","HARV_040","HARV_040_849","2016-04-19","2015-11-24","2016-03-23","2016-04-12T13:00Z","2016-04-18T12:30Z","NEON.LTR.HARV040849.20160323","NEON.LTR.HARV040849.20160323.TWI","NEON.DOC.001710vE","Twigs/branches",0.14,"N",NA,"nK9br051HPjmqBRc5E/A0io0YIiVOb2k"
"8bb1190a-40d4-4eb2-90bf-1c8a7c03003e","HARV_040.basePlot.ltr","D01","HARV","HARV_040","HARV_040_849","2016-04-19","2015-11-24","2016-03-23","2016-04-12T13:00Z","2016-04-18T12:30Z","NEON.LTR.HARV040849.20160323","NEON.LTR.HARV040849.20160323.LVS","NEON.DOC.001710vE","Leaves",0.06,"N",NA,"nK9br051HPjmqBRc5E/A0io0YIiVOb2k"
"f1f19810-dd84-4524-a6e2-8cd97294da8b","HARV_036.basePlot.ltr","D01","HARV","HARV_036","HARV_036_426","2016-04-19","2015-11-24","2016-03-23","2016-04-12T13:00Z","2016-04-18T12:30Z","NEON.LTR.HARV036426.20160323","NEON.LTR.HARV036426.20160323.OTH","NEON.DOC.001710vE","Other",1.03,"Y",NA,"nK9br051HPjmqBRc5E/A0io0YIiVOb2k"
"8192ea25-a48f-4035-a195-90bba3521d76","HARV_044.basePlot.ltr","D01","HARV","HARV_044","HARV_044_815","2016-04-19","2015-11-24","2016-03-23","2016-04-12T13:00Z","2016-04-18T12:30Z","NEON.LTR.HARV044815.20160323","NEON.LTR.HARV044815.20160323.NDL","NEON.DOC.001710vE","Needles",0.19,"N",NA,"nK9br051HPjmqBRc5E/A0io0YIiVOb2k"
"fe66e09b-3bf4-4f17-adfa-b41d81796cb7","HARV_044.basePlot.ltr","D01","HARV","HARV_044","HARV_044_815","2016-04-19","2015-11-24","2016-03-23","2016-04-12T13:00Z","2016-04-18T12:30Z","NEON.LTR.HARV044815.20160323","NEON.LTR.HARV044815.20160323.WDY","NEON.DOC.001710vE","Woody material",1.05,"N",NA,"nK9br051HPjmqBRc5E/A0io0YIiVOb2k"
"ffa8a07c-a9d5-47fa-9847-6c184537c012","HARV_044.basePlot.ltr","D01","HARV","HARV_044","HARV_044_815","2016-04-19","2015-11-24","2016-03-23","2016-04-12T13:00Z","2016-04-18T12:30Z","NEON.LTR.HARV044815.20160323","NEON.LTR.HARV044815.20160323.FLR","NEON.DOC.001710vE","Flowers",0.14,"N",NA,"nK9br051HPjmqBRc5E/A0io0YIiVOb2k"
"14369948-c998-4d70-9092-13ad9f5d7694","HARV_044.basePlot.ltr","D01","HARV","HARV_044","HARV_044_815","2016-04-19","2015-11-24","2016-03-23","2016-04-12T13:00Z","2016-04-18T12:30Z","NEON.LTR.HARV044815.20160323","NEON.LTR.HARV044815.20160323.LVS","NEON.DOC.001710vE","Leaves",0.21,"N",NA,"nK9br051HPjmqBRc5E/A0io0YIiVOb2k"
"2b7f55cd-46c9-4d48-949e-17b84723e5e0","HARV_044.basePlot.ltr","D01","HARV","HARV_044","HARV_044_815","2016-04-19","2015-11-24","2016-03-23","2016-04-12T13:00Z","2016-04-18T12:30Z","NEON.LTR.HARV044815.20160323","NEON.LTR.HARV044815.20160323.SDS","NEON.DOC.001710vE","Seeds",0.04,"N",NA,"nK9br051HPjmqBRc5E/A0io0YIiVOb2k"
"3f3a2cac-09e4-4051-81b4-2cc60bc11201","HARV_036.basePlot.ltr","D01","HARV","HARV_036","HARV_036_426","2016-04-19","2015-11-24","2016-03-23","2016-04-12T13:00Z","2016-04-18T12:30Z","NEON.LTR.HARV036426.20160323","NEON.LTR.HARV036426.20160323.SDS","NEON.DOC.001710vE","Seeds",3.29,"N",NA,"nK9br051HPjmqBRc5E/A0io0YIiVOb2k"
"07ee9944-5965-498c-bdaf-43f01e7cf531","HARV_036.basePlot.ltr","D01","HARV","HARV_036","HARV_036_426","2016-04-19","2015-11-24","2016-03-23","2016-04-12T13:00Z","2016-04-18T12:30Z","NEON.LTR.HARV036426.20160323","NEON.LTR.HARV036426.20160323.WDY","NEON.DOC.001710vE","Woody material",0.96,"Y",NA,"nK9br051HPjmqBRc5E/A0io0YIiVOb2k"
"72afc931-8f71-4649-8d85-5f5f0991fccf","HARV_036.basePlot.ltr","D01","HARV","HARV_036","HARV_036_426","2016-04-19","2015-11-24","2016-03-23","2016-04-12T13:00Z","2016-04-18T12:30Z","NEON.LTR.HARV036426.20160323","NEON.LTR.HARV036426.20160323.NDL","NEON.DOC.001710vE","Needles",0.005,"N",NA,"nK9br051HPjmqBRc5E/A0io0YIiVOb2k"
"68feb140-2ece-4da5-a686-6a72d8e91f72","HARV_044.basePlot.ltr","D01","HARV","HARV_044","HARV_044_815","2016-04-19","2015-11-24","2016-03-23","2016-04-12T13:00Z","2016-04-18T12:30Z","NEON.LTR.HARV044815.20160323","NEON.LTR.HARV044815.20160323.TWI","NEON.DOC.001710vE","Twigs/branches",0.93,"N",NA,"nK9br051HPjmqBRc5E/A0io0YIiVOb2k"
"de1672e9-acb6-4af0-b9bf-be1e9ab8f4f3","HARV_044.basePlot.ltr","D01","HARV","HARV_044","HARV_044_815","2016-04-19","2015-11-24","2016-03-23","2016-04-12T13:00Z","2016-04-18T12:30Z","NEON.LTR.HARV044815.20160323","NEON.LTR.HARV044815.20160323.OTH","NEON.DOC.001710vE","Other",0.13,"N",NA,"nK9br051HPjmqBRc5E/A0io0YIiVOb2k"
"8c51a0b6-554d-43aa-89df-d5a176f5f436","HARV_036.basePlot.ltr","D01","HARV","HARV_036","HARV_036_426","2016-04-19","2015-11-24","2016-03-23","2016-04-12T13:00Z","2016-04-18T12:30Z","NEON.LTR.HARV036426.20160323","NEON.LTR.HARV036426.20160323.TWI","NEON.DOC.001710vE","Twigs/branches",11.26,"N",NA,"nK9br051HPjmqBRc5E/A0io0YIiVOb2k"
"7bd60e95-1eb1-4768-b3c2-6f1e3d8ed16c","HARV_036.basePlot.ltr","D01","HARV","HARV_036","HARV_036_426","2016-04-19","2015-11-24","2016-03-23","2016-04-12T13:00Z","2016-04-18T12:30Z","NEON.LTR.HARV036426.20160323","NEON.LTR.HARV036426.20160323.LVS","NEON.DOC.001710vE","Leaves",0.11,"Y",NA,"nK9br051HPjmqBRc5E/A0io0YIiVOb2k"
"1fc105cb-94cd-49a4-ad33-33bc1a16a12d","HARV_036.basePlot.ltr","D01","HARV","HARV_036","HARV_036_426","2016-04-19","2015-11-24","2016-03-23","2016-04-12T13:00Z","2016-04-18T12:30Z","NEON.LTR.HARV036426.20160323","NEON.LTR.HARV036426.20160323.FLR","NEON.DOC.001710vE","Flowers",0.005,"Y",NA,"nK9br051HPjmqBRc5E/A0io0YIiVOb2k"
"a02d7473-e387-4f99-af0f-ad442493a06d","HARV_050.basePlot.ltr","D01","HARV","HARV_050","HARV_050_947","2016-04-19","2015-11-24","2016-03-23","2016-04-12T13:00Z","2016-04-18T12:30Z","NEON.LTR.HARV050947.20160323","NEON.LTR.HARV050947.20160323.FLR","NEON.DOC.001710vE","Flowers",0.19,"N",NA,"nK9br051HPjmqBRc5E/A0io0YIiVOb2k"
"afbbad19-91d8-46ef-bfdf-701b4d167d94","HARV_050.basePlot.ltr","D01","HARV","HARV_050","HARV_050_947","2016-04-19","2015-11-24","2016-03-23","2016-04-12T13:00Z","2016-04-18T12:30Z","NEON.LTR.HARV050947.20160323","NEON.LTR.HARV050947.20160323.OTH","NEON.DOC.001710vE","Other",1.17,"N",NA,"nK9br051HPjmqBRc5E/A0io0YIiVOb2k"
"9e5c7c11-fd36-4150-a2d7-6e19a6a241cd","HARV_050.basePlot.ltr","D01","HARV","HARV_050","HARV_050_947","2016-04-19","2015-11-24","2016-03-23","2016-04-12T13:00Z","2016-04-18T12:30Z","NEON.LTR.HARV050947.20160323","NEON.LTR.HARV050947.20160323.SDS","NEON.DOC.001710vE","Seeds",0.05,"N",NA,"nK9br051HPjmqBRc5E/A0io0YIiVOb2k"
"6a34a46c-4eae-41ef-9172-6b661d86c069","HARV_050.basePlot.ltr","D01","HARV","HARV_050","HARV_050_947","2016-04-19","2015-11-24","2016-03-23","2016-04-12T13:00Z","2016-04-18T12:30Z","NEON.LTR.HARV050947.20160323","NEON.LTR.HARV050947.20160323.LVS","NEON.DOC.001710vE","Leaves",0.21,"N",NA,"nK9br051HPjmqBRc5E/A0io0YIiVOb2k"
"1871bdeb-34d0-43ca-9a1a-ede96607c842","HARV_050.basePlot.ltr","D01","HARV","HARV_050","HARV_050_947","2016-04-19","2015-11-24","2016-03-23","2016-04-12T13:00Z","2016-04-18T12:30Z","NEON.LTR.HARV050947.20160323","NEON.LTR.HARV050947.20160323.NDL","NEON.DOC.001710vE","Needles",2.36,"N",NA,"nK9br051HPjmqBRc5E/A0io0YIiVOb2k"
"0a33edb6-1863-4968-b64f-df573db852ba","HARV_050.basePlot.ltr","D01","HARV","HARV_050","HARV_050_947","2016-04-19","2015-11-24","2016-03-23","2016-04-12T13:00Z","2016-04-18T12:30Z","NEON.LTR.HARV050947.20160323","NEON.LTR.HARV050947.20160323.WDY","NEON.DOC.001710vE","Woody material",0.68,"N",NA,"nK9br051HPjmqBRc5E/A0io0YIiVOb2k"
"d8bd946d-9af0-44d8-9598-501129e2f78a","HARV_050.basePlot.ltr","D01","HARV","HARV_050","HARV_050_947","2016-04-19","2015-11-24","2016-03-23","2016-04-12T13:00Z","2016-04-18T12:30Z","NEON.LTR.HARV050947.20160323","NEON.LTR.HARV050947.20160323.TWI","NEON.DOC.001710vE","Twigs/branches",3.74,"Y",NA,"nK9br051HPjmqBRc5E/A0io0YIiVOb2k"
"20b1fd24-735c-4219-bcca-55005ffb2eb0","HARV_047.basePlot.ltr","D01","HARV","HARV_047","HARV_047_947","2016-04-19","2015-11-24","2016-03-23","2016-04-12T13:00Z","2016-04-18T12:30Z","NEON.LTR.HARV047947.20160323","NEON.LTR.HARV047947.20160323.NDL","NEON.DOC.001710vE","Needles",0,"N",NA,"nK9br051HPjmqBRc5E/A0io0YIiVOb2k"
"d941289e-bc46-45bf-ac5f-06f1f5563229","HARV_047.basePlot.ltr","D01","HARV","HARV_047","HARV_047_947","2016-04-19","2015-11-24","2016-03-23","2016-04-12T13:00Z","2016-04-18T12:30Z","NEON.LTR.HARV047947.20160323","NEON.LTR.HARV047947.20160323.LVS","NEON.DOC.001710vE","Leaves",0,"N",NA,"nK9br051HPjmqBRc5E/A0io0YIiVOb2k"
"9d89f827-24c7-4a99-a5ff-8f91a307fe29","HARV_047.basePlot.ltr","D01","HARV","HARV_047","HARV_047_947","2016-04-19","2015-11-24","2016-03-23","2016-04-12T13:00Z","2016-04-18T12:30Z","NEON.LTR.HARV047947.20160323","NEON.LTR.HARV047947.20160323.FLR","NEON.DOC.001710vE","Flowers",0,"N",NA,"nK9br051HPjmqBRc5E/A0io0YIiVOb2k"
"a91054e7-5726-4be2-bb82-c1e38ae50a28","HARV_047.basePlot.ltr","D01","HARV","HARV_047","HARV_047_947","2016-04-19","2015-11-24","2016-03-23","2016-04-12T13:00Z","2016-04-18T12:30Z","NEON.LTR.HARV047947.20160323","NEON.LTR.HARV047947.20160323.OTH","NEON.DOC.001710vE","Other",0.03,"N",NA,"nK9br051HPjmqBRc5E/A0io0YIiVOb2k"
"27bff5ed-ec30-4406-b173-e18dc5fc1217","HARV_052.basePlot.ltr","D01","HARV","HARV_052","HARV_052_902","2016-04-19","2015-11-24","2016-03-23","2016-04-12T13:00Z","2016-04-18T12:30Z","NEON.LTR.HARV052902.20160323","NEON.LTR.HARV052902.20160323.NDL","NEON.DOC.001710vE","Needles",1.86,"N",NA,"nK9br051HPjmqBRc5E/A0io0YIiVOb2k"
"6a6ada00-722f-49b1-aa83-eb6a095d64bc","HARV_047.basePlot.ltr","D01","HARV","HARV_047","HARV_047_947","2016-04-19","2015-11-24","2016-03-23","2016-04-12T13:00Z","2016-04-18T12:30Z","NEON.LTR.HARV047947.20160323","NEON.LTR.HARV047947.20160323.TWI","NEON.DOC.001710vE","Twigs/branches",0.5,"N",NA,"nK9br051HPjmqBRc5E/A0io0YIiVOb2k"
"8394cad5-1694-4d5b-9810-3db99e099c94","HARV_052.basePlot.ltr","D01","HARV","HARV_052","HARV_052_902","2016-04-19","2015-11-24","2016-03-23","2016-04-12T13:00Z","2016-04-18T12:30Z","NEON.LTR.HARV052902.20160323","NEON.LTR.HARV052902.20160323.OTH","NEON.DOC.001710vE","Other",2.59,"N",NA,"nK9br051HPjmqBRc5E/A0io0YIiVOb2k"
"8a3e4740-991a-4c05-8347-d86b40561eb9","HARV_052.basePlot.ltr","D01","HARV","HARV_052","HARV_052_902","2016-04-19","2015-11-24","2016-03-23","2016-04-12T13:00Z","2016-04-18T12:30Z","NEON.LTR.HARV052902.20160323","NEON.LTR.HARV052902.20160323.FLR","NEON.DOC.001710vE","Flowers",0.18,"N",NA,"nK9br051HPjmqBRc5E/A0io0YIiVOb2k"
"a4c4d946-5d44-4ede-8cde-ff06c268f4ac","HARV_047.basePlot.ltr","D01","HARV","HARV_047","HARV_047_947","2016-04-19","2015-11-24","2016-03-23","2016-04-12T13:00Z","2016-04-18T12:30Z","NEON.LTR.HARV047947.20160323","NEON.LTR.HARV047947.20160323.SDS","NEON.DOC.001710vE","Seeds",0.005,"N",NA,"nK9br051HPjmqBRc5E/A0io0YIiVOb2k"
"ceca6f74-c75b-4f57-801c-3a2e3deea0b7","HARV_047.basePlot.ltr","D01","HARV","HARV_047","HARV_047_947","2016-04-19","2015-11-24","2016-03-23","2016-04-12T13:00Z","2016-04-18T12:30Z","NEON.LTR.HARV047947.20160323","NEON.LTR.HARV047947.20160323.WDY","NEON.DOC.001710vE","Woody material",0.01,"N",NA,"nK9br051HPjmqBRc5E/A0io0YIiVOb2k"
"7a5a7124-49bf-4635-89f6-c407825d23e9","HARV_052.basePlot.ltr","D01","HARV","HARV_052","HARV_052_902","2016-04-19","2015-11-24","2016-03-23","2016-04-12T13:00Z","2016-04-18T12:30Z","NEON.LTR.HARV052902.20160323","NEON.LTR.HARV052902.20160323.LVS","NEON.DOC.001710vE","Leaves",0.2,"N",NA,"nK9br051HPjmqBRc5E/A0io0YIiVOb2k"
"a0ac1990-7990-434a-9d41-33698c1c4754","HARV_052.basePlot.ltr","D01","HARV","HARV_052","HARV_052_902","2016-04-19","2015-11-24","2016-03-23","2016-04-12T13:00Z","2016-04-18T12:30Z","NEON.LTR.HARV052902.20160323","NEON.LTR.HARV052902.20160323.SDS","NEON.DOC.001710vE","Seeds",0.58,"N",NA,"nK9br051HPjmqBRc5E/A0io0YIiVOb2k"
"fd6eab2c-6356-47c2-ae21-03da335b7e2d","HARV_052.basePlot.ltr","D01","HARV","HARV_052","HARV_052_902","2016-04-19","2015-11-24","2016-03-23","2016-04-12T13:00Z","2016-04-18T12:30Z","NEON.LTR.HARV052902.20160323","NEON.LTR.HARV052902.20160323.WDY","NEON.DOC.001710vE","Woody material",4.61,"N",NA,"nK9br051HPjmqBRc5E/A0io0YIiVOb2k"
"36ec4ba8-27f8-4f38-b7bd-642b28241347","HARV_052.basePlot.ltr","D01","HARV","HARV_052","HARV_052_902","2016-04-19","2015-11-24","2016-03-23","2016-04-12T13:00Z","2016-04-18T12:30Z","NEON.LTR.HARV052902.20160323","NEON.LTR.HARV052902.20160323.TWI","NEON.DOC.001710vE","Twigs/branches",17.93,"N",NA,"nK9br051HPjmqBRc5E/A0io0YIiVOb2k"
"62e4a8f3-6abe-4e3d-9413-d6c668bbdb20","HARV_042.basePlot.ltr","D01","HARV","HARV_042","HARV_042_699","2016-04-19","2015-11-24","2016-03-23","2016-04-12T13:00Z","2016-04-18T12:30Z","NEON.LTR.HARV042699.20160323","NEON.LTR.HARV042699.20160323.SDS","NEON.DOC.001710vE","Seeds",0.005,"N",NA,"nK9br051HPjmqBRc5E/A0io0YIiVOb2k"
"0604d734-4b76-4545-baba-316f89ddb6d2","HARV_042.basePlot.ltr","D01","HARV","HARV_042","HARV_042_699","2016-04-19","2015-11-24","2016-03-23","2016-04-12T13:00Z","2016-04-18T12:30Z","NEON.LTR.HARV042699.20160323","NEON.LTR.HARV042699.20160323.FLR","NEON.DOC.001710vE","Flowers",0.005,"N",NA,"nK9br051HPjmqBRc5E/A0io0YIiVOb2k"
"24a524b1-13ec-451d-9a6b-ea8a18a79380","HARV_042.basePlot.ltr","D01","HARV","HARV_042","HARV_042_699","2016-04-19","2015-11-24","2016-03-23","2016-04-12T13:00Z","2016-04-18T12:30Z","NEON.LTR.HARV042699.20160323","NEON.LTR.HARV042699.20160323.LVS","NEON.DOC.001710vE","Leaves",0.21,"N",NA,"nK9br051HPjmqBRc5E/A0io0YIiVOb2k"
"608c8f48-a813-4d92-ac39-cf2dfcf3ac09","HARV_042.basePlot.ltr","D01","HARV","HARV_042","HARV_042_699","2016-04-19","2015-11-24","2016-03-23","2016-04-12T13:00Z","2016-04-18T12:30Z","NEON.LTR.HARV042699.20160323","NEON.LTR.HARV042699.20160323.NDL","NEON.DOC.001710vE","Needles",0.97,"N",NA,"nK9br051HPjmqBRc5E/A0io0YIiVOb2k"
"87cfd3e8-ee2e-4be3-8607-3608be2cf5b9","HARV_042.basePlot.ltr","D01","HARV","HARV_042","HARV_042_699","2016-04-19","2015-11-24","2016-03-23","2016-04-12T13:00Z","2016-04-18T12:30Z","NEON.LTR.HARV042699.20160323","NEON.LTR.HARV042699.20160323.WDY","NEON.DOC.001710vE","Woody material",0.25,"N",NA,"nK9br051HPjmqBRc5E/A0io0YIiVOb2k"
"59815189-9014-4d7b-9fc3-7da9a98a6351","HARV_042.basePlot.ltr","D01","HARV","HARV_042","HARV_042_699","2016-04-19","2015-11-24","2016-03-23","2016-04-12T13:00Z","2016-04-18T12:30Z","NEON.LTR.HARV042699.20160323","NEON.LTR.HARV042699.20160323.OTH","NEON.DOC.001710vE","Other",0.77,"N",NA,"nK9br051HPjmqBRc5E/A0io0YIiVOb2k"
"2a29cedb-5a1d-4b8c-9b06-feba59315905","HARV_042.basePlot.ltr","D01","HARV","HARV_042","HARV_042_699","2016-04-19","2015-11-24","2016-03-23","2016-04-12T13:00Z","2016-04-18T12:30Z","NEON.LTR.HARV042699.20160323","NEON.LTR.HARV042699.20160323.TWI","NEON.DOC.001710vE","Twigs/branches",8.58,"Y",NA,"nK9br051HPjmqBRc5E/A0io0YIiVOb2k"
"751af396-9896-4d7c-8e43-010be8db5b1c","HARV_041.basePlot.ltr","D01","HARV","HARV_041","HARV_041_264","2016-04-19","2015-11-24","2016-03-23","2016-04-12T13:00Z","2016-04-18T12:30Z","NEON.LTR.HARV041264.20160323","NEON.LTR.HARV041264.20160323.NDL","NEON.DOC.001710vE","Needles",3.28,"N",NA,"nK9br051HPjmqBRc5E/A0io0YIiVOb2k"
"4e1d373d-9d74-4b26-b7b6-41461c466866","HARV_041.basePlot.ltr","D01","HARV","HARV_041","HARV_041_264","2016-04-19","2015-11-24","2016-03-23","2016-04-12T13:00Z","2016-04-18T12:30Z","NEON.LTR.HARV041264.20160323","NEON.LTR.HARV041264.20160323.LVS","NEON.DOC.001710vE","Leaves",0.15,"N",NA,"nK9br051HPjmqBRc5E/A0io0YIiVOb2k"
"51f1d83d-2a4a-4f78-9801-0ea509c69616","HARV_041.basePlot.ltr","D01","HARV","HARV_041","HARV_041_264","2016-04-19","2015-11-24","2016-03-23","2016-04-12T13:00Z","2016-04-18T12:30Z","NEON.LTR.HARV041264.20160323","NEON.LTR.HARV041264.20160323.FLR","NEON.DOC.001710vE","Flowers",0.04,"N",NA,"nK9br051HPjmqBRc5E/A0io0YIiVOb2k"
"867f423a-2d13-4f04-9903-11dd508f6c61","HARV_041.basePlot.ltr","D01","HARV","HARV_041","HARV_041_264","2016-04-19","2015-11-24","2016-03-23","2016-04-12T13:00Z","2016-04-18T12:30Z","NEON.LTR.HARV041264.20160323","NEON.LTR.HARV041264.20160323.WDY","NEON.DOC.001710vE","Woody material",10.13,"N",NA,"nK9br051HPjmqBRc5E/A0io0YIiVOb2k"
"342ba654-d7c6-4f4e-9c06-abc9c8b0bef6","HARV_041.basePlot.ltr","D01","HARV","HARV_041","HARV_041_264","2016-04-19","2015-11-24","2016-03-23","2016-04-12T13:00Z","2016-04-18T12:30Z","NEON.LTR.HARV041264.20160323","NEON.LTR.HARV041264.20160323.TWI","NEON.DOC.001710vE","Twigs/branches",18.57,"N",NA,"nK9br051HPjmqBRc5E/A0io0YIiVOb2k"
"19f8d8a5-771d-428c-8726-4618a6d1ebe0","HARV_041.basePlot.ltr","D01","HARV","HARV_041","HARV_041_264","2016-04-19","2015-11-24","2016-03-23","2016-04-12T13:00Z","2016-04-18T12:30Z","NEON.LTR.HARV041264.20160323","NEON.LTR.HARV041264.20160323.SDS","NEON.DOC.001710vE","Seeds",0.09,"N",NA,"nK9br051HPjmqBRc5E/A0io0YIiVOb2k"
"3b1cf510-3f85-4055-8977-4a1de56ebd1b","HARV_041.basePlot.ltr","D01","HARV","HARV_041","HARV_041_264","2016-04-19","2015-11-24","2016-03-23","2016-04-12T13:00Z","2016-04-18T12:30Z","NEON.LTR.HARV041264.20160323","NEON.LTR.HARV041264.20160323.OTH","NEON.DOC.001710vE","Other",3.84,"N",NA,"nK9br051HPjmqBRc5E/A0io0YIiVOb2k"
"419d7872-3d30-4959-a788-736f6fa6bb17","HARV_044.basePlot.ltr","D01","HARV","HARV_044","HARV_044_111","2016-04-19","2015-11-24","2016-03-23","2016-04-12T13:00Z","2016-04-18T12:30Z","NEON.LTR.HARV044111.20160323","NEON.LTR.HARV044111.20160323.WDY","NEON.DOC.001710vE","Woody material",4.66,"N",NA,"nK9br051HPjmqBRc5E/A0io0YIiVOb2k"
"ccbdbc55-25e9-49f1-826a-8be9340461ff","HARV_044.basePlot.ltr","D01","HARV","HARV_044","HARV_044_111","2016-04-19","2015-11-24","2016-03-23","2016-04-12T13:00Z","2016-04-18T12:30Z","NEON.LTR.HARV044111.20160323","NEON.LTR.HARV044111.20160323.FLR","NEON.DOC.001710vE","Flowers",0.21,"N",NA,"nK9br051HPjmqBRc5E/A0io0YIiVOb2k"
"5c5774e1-0892-4062-a6f0-57cc1382d238","HARV_044.basePlot.ltr","D01","HARV","HARV_044","HARV_044_111","2016-04-19","2015-11-24","2016-03-23","2016-04-12T13:00Z","2016-04-18T12:30Z","NEON.LTR.HARV044111.20160323","NEON.LTR.HARV044111.20160323.OTH","NEON.DOC.001710vE","Other",3.89,"N",NA,"nK9br051HPjmqBRc5E/A0io0YIiVOb2k"
"7d5b2c6c-7037-4c77-9953-4b67faf7f32a","HARV_044.basePlot.ltr","D01","HARV","HARV_044","HARV_044_111","2016-04-19","2015-11-24","2016-03-23","2016-04-12T13:00Z","2016-04-18T12:30Z","NEON.LTR.HARV044111.20160323","NEON.LTR.HARV044111.20160323.NDL","NEON.DOC.001710vE","Needles",12.95,"N",NA,"nK9br051HPjmqBRc5E/A0io0YIiVOb2k"
"154f7090-7815-4f24-bb65-f53dd2cea0ef","HARV_044.basePlot.ltr","D01","HARV","HARV_044","HARV_044_111","2016-04-19","2015-11-24","2016-03-23","2016-04-12T13:00Z","2016-04-18T12:30Z","NEON.LTR.HARV044111.20160323","NEON.LTR.HARV044111.20160323.TWI","NEON.DOC.001710vE","Twigs/branches",0.81,"N",NA,"nK9br051HPjmqBRc5E/A0io0YIiVOb2k"
"ae0c24e9-db0e-464a-8308-9e4ee0995931","HARV_044.basePlot.ltr","D01","HARV","HARV_044","HARV_044_111","2016-04-19","2015-11-24","2016-03-23","2016-04-12T13:00Z","2016-04-18T12:30Z","NEON.LTR.HARV044111.20160323","NEON.LTR.HARV044111.20160323.SDS","NEON.DOC.001710vE","Seeds",0.11,"N",NA,"nK9br051HPjmqBRc5E/A0io0YIiVOb2k"
"3676df9a-70fb-4f4b-9c76-957561eb687e","HARV_044.basePlot.ltr","D01","HARV","HARV_044","HARV_044_111","2016-04-19","2015-11-24","2016-03-23","2016-04-12T13:00Z","2016-04-18T12:30Z","NEON.LTR.HARV044111.20160323","NEON.LTR.HARV044111.20160323.LVS","NEON.DOC.001710vE","Leaves",0.57,"N",NA,"nK9br051HPjmqBRc5E/A0io0YIiVOb2k"
"6f2b473b-7c77-4e90-b2f5-c13c885e0415","HARV_036.basePlot.ltr","D01","HARV","HARV_036","HARV_036_167","2016-04-19","2015-11-24","2016-03-23","2016-04-12T13:00Z","2016-04-18T12:30Z","NEON.LTR.HARV036167.20160323","NEON.LTR.HARV036167.20160323.OTH","NEON.DOC.001710vE","Other",1.81,"N",NA,"nK9br051HPjmqBRc5E/A0io0YIiVOb2k"
"fdd01356-0b5a-48ce-9e77-9035a118745d","HARV_043.basePlot.ltr","D01","HARV","HARV_043","HARV_043_007","2016-04-19","2015-11-24","2016-03-23","2016-04-12T13:00Z","2016-04-18T12:30Z","NEON.LTR.HARV043007.20160323","NEON.LTR.HARV043007.20160323.SDS","NEON.DOC.001710vE","Seeds",0.06,"N",NA,"nK9br051HPjmqBRc5E/A0io0YIiVOb2k"
"b90bbac1-5410-4721-a56b-62364833fbb5","HARV_043.basePlot.ltr","D01","HARV","HARV_043","HARV_043_007","2016-04-19","2015-11-24","2016-03-23","2016-04-12T13:00Z","2016-04-18T12:30Z","NEON.LTR.HARV043007.20160323","NEON.LTR.HARV043007.20160323.WDY","NEON.DOC.001710vE","Woody material",3.46,"N",NA,"nK9br051HPjmqBRc5E/A0io0YIiVOb2k"
"4d5fa160-7491-49e3-99f6-aa7c0c1423c4","HARV_036.basePlot.ltr","D01","HARV","HARV_036","HARV_036_167","2016-04-19","2015-11-24","2016-03-23","2016-04-12T13:00Z","2016-04-18T12:30Z","NEON.LTR.HARV036167.20160323","NEON.LTR.HARV036167.20160323.SDS","NEON.DOC.001710vE","Seeds",1.2,"N",NA,"nK9br051HPjmqBRc5E/A0io0YIiVOb2k"
"4b668e8a-a1ef-419e-ae81-12e35fd22ef8","HARV_043.basePlot.ltr","D01","HARV","HARV_043","HARV_043_007","2016-04-19","2015-11-24","2016-03-23","2016-04-12T13:00Z","2016-04-18T12:30Z","NEON.LTR.HARV043007.20160323","NEON.LTR.HARV043007.20160323.LVS","NEON.DOC.001710vE","Leaves",3.97,"N",NA,"nK9br051HPjmqBRc5E/A0io0YIiVOb2k"
"716cc756-177f-494e-858d-2d9cabc10096","HARV_043.basePlot.ltr","D01","HARV","HARV_043","HARV_043_007","2016-04-19","2015-11-24","2016-03-23","2016-04-12T13:00Z","2016-04-18T12:30Z","NEON.LTR.HARV043007.20160323","NEON.LTR.HARV043007.20160323.FLR","NEON.DOC.001710vE","Flowers",0.08,"N",NA,"nK9br051HPjmqBRc5E/A0io0YIiVOb2k"
"79cac1a3-9772-4c6f-b4ec-ce8408c8099d","HARV_036.basePlot.ltr","D01","HARV","HARV_036","HARV_036_167","2016-04-19","2015-11-24","2016-03-23","2016-04-12T13:00Z","2016-04-18T12:30Z","NEON.LTR.HARV036167.20160323","NEON.LTR.HARV036167.20160323.FLR","NEON.DOC.001710vE","Flowers",0.21,"N",NA,"nK9br051HPjmqBRc5E/A0io0YIiVOb2k"
"f7a4b9c4-b423-4717-ae7b-3adbe6ba60c4","HARV_036.basePlot.ltr","D01","HARV","HARV_036","HARV_036_167","2016-04-19","2015-11-24","2016-03-23","2016-04-12T13:00Z","2016-04-18T12:30Z","NEON.LTR.HARV036167.20160323","NEON.LTR.HARV036167.20160323.LVS","NEON.DOC.001710vE","Leaves",1.77,"N",NA,"nK9br051HPjmqBRc5E/A0io0YIiVOb2k"
"d9d70ac1-3fe7-47d7-ab1a-5b1124ab986f","HARV_036.basePlot.ltr","D01","HARV","HARV_036","HARV_036_167","2016-04-19","2015-11-24","2016-03-23","2016-04-12T13:00Z","2016-04-18T12:30Z","NEON.LTR.HARV036167.20160323","NEON.LTR.HARV036167.20160323.TWI","NEON.DOC.001710vE","Twigs/branches",4.19,"N",NA,"nK9br051HPjmqBRc5E/A0io0YIiVOb2k"
"280d18bf-a58d-43a7-bd29-ed65bf0a61c5","HARV_043.basePlot.ltr","D01","HARV","HARV_043","HARV_043_007","2016-04-19","2015-11-24","2016-03-23","2016-04-12T13:00Z","2016-04-18T12:30Z","NEON.LTR.HARV043007.20160323","NEON.LTR.HARV043007.20160323.TWI","NEON.DOC.001710vE","Twigs/branches",4.45,"N",NA,"nK9br051HPjmqBRc5E/A0io0YIiVOb2k"
"57733734-40e1-4ce6-a569-911b58299152","HARV_036.basePlot.ltr","D01","HARV","HARV_036","HARV_036_167","2016-04-19","2015-11-24","2016-03-23","2016-04-12T13:00Z","2016-04-18T12:30Z","NEON.LTR.HARV036167.20160323","NEON.LTR.HARV036167.20160323.WDY","NEON.DOC.001710vE","Woody material",0.21,"N",NA,"nK9br051HPjmqBRc5E/A0io0YIiVOb2k"
"2e49d264-4b64-48a4-8100-73a5511f052b","HARV_043.basePlot.ltr","D01","HARV","HARV_043","HARV_043_007","2016-04-19","2015-11-24","2016-03-23","2016-04-12T13:00Z","2016-04-18T12:30Z","NEON.LTR.HARV043007.20160323","NEON.LTR.HARV043007.20160323.OTH","NEON.DOC.001710vE","Other",3.36,"N",NA,"nK9br051HPjmqBRc5E/A0io0YIiVOb2k"
"5c3b2e40-5299-4434-becc-05868c8549b2","HARV_043.basePlot.ltr","D01","HARV","HARV_043","HARV_043_007","2016-04-19","2015-11-24","2016-03-23","2016-04-12T13:00Z","2016-04-18T12:30Z","NEON.LTR.HARV043007.20160323","NEON.LTR.HARV043007.20160323.NDL","NEON.DOC.001710vE","Needles",1.94,"N",NA,"nK9br051HPjmqBRc5E/A0io0YIiVOb2k"
"665b9bcc-a8e5-48c6-b836-e7fa0f2aa29f","HARV_036.basePlot.ltr","D01","HARV","HARV_036","HARV_036_167","2016-04-19","2015-11-24","2016-03-23","2016-04-12T13:00Z","2016-04-18T12:30Z","NEON.LTR.HARV036167.20160323","NEON.LTR.HARV036167.20160323.NDL","NEON.DOC.001710vE","Needles",0.66,"N",NA,"nK9br051HPjmqBRc5E/A0io0YIiVOb2k"
"6151518a-5626-4536-8408-7372d173e76e","HARV_033.basePlot.ltr","D01","HARV","HARV_033","HARV_033_209","2016-04-19","2015-11-24","2016-03-23","2016-04-12T13:00Z","2016-04-18T12:30Z","NEON.LTR.HARV033209.20160323","NEON.LTR.HARV033209.20160323.NDL","NEON.DOC.001710vE","Needles",0.58,"N",NA,"nK9br051HPjmqBRc5E/A0io0YIiVOb2k"
"f2687a28-080e-4934-8b9b-e15ae8a77273","HARV_033.basePlot.ltr","D01","HARV","HARV_033","HARV_033_209","2016-04-19","2015-11-24","2016-03-23","2016-04-12T13:00Z","2016-04-18T12:30Z","NEON.LTR.HARV033209.20160323","NEON.LTR.HARV033209.20160323.FLR","NEON.DOC.001710vE","Flowers",0.005,"N",NA,"nK9br051HPjmqBRc5E/A0io0YIiVOb2k"
"5eb84458-175f-49e5-a199-a924f3615112","HARV_033.basePlot.ltr","D01","HARV","HARV_033","HARV_033_209","2016-04-19","2015-11-24","2016-03-23","2016-04-12T13:00Z","2016-04-18T12:30Z","NEON.LTR.HARV033209.20160323","NEON.LTR.HARV033209.20160323.TWI","NEON.DOC.001710vE","Twigs/branches",10.76,"N",NA,"nK9br051HPjmqBRc5E/A0io0YIiVOb2k"
"ef81286f-cf20-4a3d-aa44-58ae3fba9c62","HARV_033.basePlot.ltr","D01","HARV","HARV_033","HARV_033_209","2016-04-19","2015-11-24","2016-03-23","2016-04-12T13:00Z","2016-04-18T12:30Z","NEON.LTR.HARV033209.20160323","NEON.LTR.HARV033209.20160323.WDY","NEON.DOC.001710vE","Woody material",2.02,"N",NA,"nK9br051HPjmqBRc5E/A0io0YIiVOb2k"
"1e8265f9-c535-49c9-8b0b-83030b2db247","HARV_033.basePlot.ltr","D01","HARV","HARV_033","HARV_033_209","2016-04-19","2015-11-24","2016-03-23","2016-04-12T13:00Z","2016-04-18T12:30Z","NEON.LTR.HARV033209.20160323","NEON.LTR.HARV033209.20160323.LVS","NEON.DOC.001710vE","Leaves",1.16,"N",NA,"nK9br051HPjmqBRc5E/A0io0YIiVOb2k"
"ca561f0f-b3f4-437d-837a-1412b12647ed","HARV_033.basePlot.ltr","D01","HARV","HARV_033","HARV_033_209","2016-04-19","2015-11-24","2016-03-23","2016-04-12T13:00Z","2016-04-18T12:30Z","NEON.LTR.HARV033209.20160323","NEON.LTR.HARV033209.20160323.SDS","NEON.DOC.001710vE","Seeds",0.06,"N",NA,"nK9br051HPjmqBRc5E/A0io0YIiVOb2k"
"3f3d5b86-70d0-40e9-bb63-f83033084d3a","HARV_033.basePlot.ltr","D01","HARV","HARV_033","HARV_033_209","2016-04-19","2015-11-24","2016-03-23","2016-04-12T13:00Z","2016-04-18T12:30Z","NEON.LTR.HARV033209.20160323","NEON.LTR.HARV033209.20160323.OTH","NEON.DOC.001710vE","Other",1.39,"N",NA,"nK9br051HPjmqBRc5E/A0io0YIiVOb2k"
"3b8685d0-6b3f-4e53-b5fe-828074407ceb","HARV_039.basePlot.ltr","D01","HARV","HARV_039","HARV_039_872","2016-04-19","2015-11-24","2016-03-23","2016-04-12T13:00Z","2016-04-18T12:30Z","NEON.LTR.HARV039872.20160323","NEON.LTR.HARV039872.20160323.WDY","NEON.DOC.001710vE","Woody material",1.11,"N",NA,"nK9br051HPjmqBRc5E/A0io0YIiVOb2k"
"92a40a97-2ff8-4695-834c-1a3ba527066f","HARV_039.basePlot.ltr","D01","HARV","HARV_039","HARV_039_872","2016-04-19","2015-11-24","2016-03-23","2016-04-12T13:00Z","2016-04-18T12:30Z","NEON.LTR.HARV039872.20160323","NEON.LTR.HARV039872.20160323.TWI","NEON.DOC.001710vE","Twigs/branches",0.57,"N",NA,"nK9br051HPjmqBRc5E/A0io0YIiVOb2k"
"bb421ee9-da7c-4eca-bcbc-2da1d952b89f","HARV_039.basePlot.ltr","D01","HARV","HARV_039","HARV_039_872","2016-04-19","2015-11-24","2016-03-23","2016-04-12T13:00Z","2016-04-18T12:30Z","NEON.LTR.HARV039872.20160323","NEON.LTR.HARV039872.20160323.LVS","NEON.DOC.001710vE","Leaves",0,"N",NA,"nK9br051HPjmqBRc5E/A0io0YIiVOb2k"
"67bd971d-b8fd-4646-9728-60333c54bfa5","HARV_039.basePlot.ltr","D01","HARV","HARV_039","HARV_039_872","2016-04-19","2015-11-24","2016-03-23","2016-04-12T13:00Z","2016-04-18T12:30Z","NEON.LTR.HARV039872.20160323","NEON.LTR.HARV039872.20160323.SDS","NEON.DOC.001710vE","Seeds",0.01,"N",NA,"nK9br051HPjmqBRc5E/A0io0YIiVOb2k"
"071660a9-26fd-47e9-b268-492e805c924f","HARV_039.basePlot.ltr","D01","HARV","HARV_039","HARV_039_872","2016-04-19","2015-11-24","2016-03-23","2016-04-12T13:00Z","2016-04-18T12:30Z","NEON.LTR.HARV039872.20160323","NEON.LTR.HARV039872.20160323.FLR","NEON.DOC.001710vE","Flowers",0.1,"N",NA,"nK9br051HPjmqBRc5E/A0io0YIiVOb2k"
"43c7ae4e-22be-4d1b-acb6-4db27907ac12","HARV_039.basePlot.ltr","D01","HARV","HARV_039","HARV_039_872","2016-04-19","2015-11-24","2016-03-23","2016-04-12T13:00Z","2016-04-18T12:30Z","NEON.LTR.HARV039872.20160323","NEON.LTR.HARV039872.20160323.NDL","NEON.DOC.001710vE","Needles",1.27,"N",NA,"nK9br051HPjmqBRc5E/A0io0YIiVOb2k"
"fcf6867f-5201-4149-9188-58359728500e","HARV_039.basePlot.ltr","D01","HARV","HARV_039","HARV_039_872","2016-04-19","2015-11-24","2016-03-23","2016-04-12T13:00Z","2016-04-18T12:30Z","NEON.LTR.HARV039872.20160323","NEON.LTR.HARV039872.20160323.OTH","NEON.DOC.001710vE","Other",1,"N",NA,"nK9br051HPjmqBRc5E/A0io0YIiVOb2k"
"a2c0aade-4d24-4f53-ad64-869f56d6c1ed","HARV_046.basePlot.ltr","D01","HARV","HARV_046","HARV_046_764","2016-04-19","2015-11-24","2016-03-23","2016-04-12T13:00Z","2016-04-18T12:30Z","NEON.LTR.HARV046764.20160323","NEON.LTR.HARV046764.20160323.NDL","NEON.DOC.001710vE","Needles",1.58,"N",NA,"nK9br051HPjmqBRc5E/A0io0YIiVOb2k"
"6f4aa507-a283-474e-aaac-6b873c4a6959","HARV_046.basePlot.ltr","D01","HARV","HARV_046","HARV_046_764","2016-04-19","2015-11-24","2016-03-23","2016-04-12T13:00Z","2016-04-18T12:30Z","NEON.LTR.HARV046764.20160323","NEON.LTR.HARV046764.20160323.OTH","NEON.DOC.001710vE","Other",2.18,"N",NA,"nK9br051HPjmqBRc5E/A0io0YIiVOb2k"
"6f3df0d2-b6d6-434e-b288-02e55261eb39","HARV_046.basePlot.ltr","D01","HARV","HARV_046","HARV_046_764","2016-04-19","2015-11-24","2016-03-23","2016-04-12T13:00Z","2016-04-18T12:30Z","NEON.LTR.HARV046764.20160323","NEON.LTR.HARV046764.20160323.SDS","NEON.DOC.001710vE","Seeds",0.15,"N",NA,"nK9br051HPjmqBRc5E/A0io0YIiVOb2k"
"93a88bf2-5fd5-4905-8c30-2be0f8cb40a5","HARV_046.basePlot.ltr","D01","HARV","HARV_046","HARV_046_764","2016-04-19","2015-11-24","2016-03-23","2016-04-12T13:00Z","2016-04-18T12:30Z","NEON.LTR.HARV046764.20160323","NEON.LTR.HARV046764.20160323.TWI","NEON.DOC.001710vE","Twigs/branches",1.05,"N",NA,"nK9br051HPjmqBRc5E/A0io0YIiVOb2k"
"e596b989-071a-47b4-91e5-aa92f1e667c9","HARV_046.basePlot.ltr","D01","HARV","HARV_046","HARV_046_764","2016-04-19","2015-11-24","2016-03-23","2016-04-12T13:00Z","2016-04-18T12:30Z","NEON.LTR.HARV046764.20160323","NEON.LTR.HARV046764.20160323.WDY","NEON.DOC.001710vE","Woody material",0.17,"N",NA,"nK9br051HPjmqBRc5E/A0io0YIiVOb2k"
"8ed01d2b-0826-4833-9241-a5f0b2e989e3","HARV_046.basePlot.ltr","D01","HARV","HARV_046","HARV_046_764","2016-04-19","2015-11-24","2016-03-23","2016-04-12T13:00Z","2016-04-18T12:30Z","NEON.LTR.HARV046764.20160323","NEON.LTR.HARV046764.20160323.LVS","NEON.DOC.001710vE","Leaves",0.27,"N",NA,"nK9br051HPjmqBRc5E/A0io0YIiVOb2k"
"783f6c83-afc5-46b3-a74b-8ba66c5073ee","HARV_046.basePlot.ltr","D01","HARV","HARV_046","HARV_046_764","2016-04-19","2015-11-24","2016-03-23","2016-04-12T13:00Z","2016-04-18T12:30Z","NEON.LTR.HARV046764.20160323","NEON.LTR.HARV046764.20160323.FLR","NEON.DOC.001710vE","Flowers",0.63,"N",NA,"nK9br051HPjmqBRc5E/A0io0YIiVOb2k"
"a5e1c658-bd13-4447-b2d0-d5939aa138bf","HARV_043.basePlot.ltr","D01","HARV","HARV_043","HARV_043_615","2016-06-03","2015-05-20","2016-05-23","2016-05-25T14:30Z","2016-07-03T14:00Z","NEON.LTR.HARV043615.20160523","NEON.LTR.HARV043615.20160523.TWI","NEON.DOC.001710vE","Twigs/branches",34.1,"N",NA,"K8XKz/Su/rT+w2xSzXRL58VgqCnbmk0e"
"1912941d-6a8b-49a7-b7b4-babca2b1e7ad","HARV_043.basePlot.ltr","D01","HARV","HARV_043","HARV_043_034","2016-06-03","2015-05-20","2016-05-23","2016-05-25T14:30Z","2016-07-03T14:00Z","NEON.LTR.HARV043034.20160523","NEON.LTR.HARV043034.20160523.MXT","NEON.DOC.001710vE","Mixed",0,"N",NA,"K8XKz/Su/rT+w2xSzXRL58VgqCnbmk0e"
"ab707ac8-0a3a-473b-af2c-bd9ff7d8c225","HARV_043.basePlot.ltr","D01","HARV","HARV_043","HARV_043_615","2016-06-03","2015-05-20","2016-05-23","2016-05-25T14:30Z","2016-07-03T14:00Z","NEON.LTR.HARV043615.20160523","NEON.LTR.HARV043615.20160523.LVS","NEON.DOC.001710vE","Leaves",0,"N",NA,"K8XKz/Su/rT+w2xSzXRL58VgqCnbmk0e"
"0c1d94c1-997d-44fc-8854-b8bbf0b6e238","HARV_045.basePlot.ltr","D01","HARV","HARV_045","HARV_045_075","2016-06-03","2015-05-20","2016-05-23","2016-05-25T14:30Z","2016-07-03T14:00Z","NEON.LTR.HARV045075.20160523","NEON.LTR.HARV045075.20160523.LVS","NEON.DOC.001710vE","Leaves",0,"N",NA,"K8XKz/Su/rT+w2xSzXRL58VgqCnbmk0e"
"3595c1af-98b1-4dce-a4cc-8f5360487046","HARV_045.basePlot.ltr","D01","HARV","HARV_045","HARV_045_075","2016-06-03","2015-05-20","2016-05-23","2016-05-25T14:30Z","2016-07-03T14:00Z","NEON.LTR.HARV045075.20160523","NEON.LTR.HARV045075.20160523.MXT","NEON.DOC.001710vE","Mixed",0,"N",NA,"K8XKz/Su/rT+w2xSzXRL58VgqCnbmk0e"
"af1755ff-b31d-4fec-90d1-baa6fc724a6e","HARV_045.basePlot.ltr","D01","HARV","HARV_045","HARV_045_075","2016-06-03","2015-05-20","2016-05-23","2016-05-25T14:30Z","2016-07-03T14:00Z","NEON.LTR.HARV045075.20160523","NEON.LTR.HARV045075.20160523.TWI","NEON.DOC.001710vE","Twigs/branches",108.94,"N",NA,"K8XKz/Su/rT+w2xSzXRL58VgqCnbmk0e"
"c90bc8bf-812a-4b8a-b20c-91652e9bd454","HARV_048.basePlot.ltr","D01","HARV","HARV_048","HARV_048_608","2016-06-03","2015-05-20","2016-05-23","2016-05-25T14:30Z","2016-07-03T14:00Z","NEON.LTR.HARV048608.20160523","NEON.LTR.HARV048608.20160523.TWI","NEON.DOC.001710vE","Twigs/branches",2.86,"N",NA,"K8XKz/Su/rT+w2xSzXRL58VgqCnbmk0e"
"4243e3b7-9396-4f0f-a27a-0fac44beea03","HARV_048.basePlot.ltr","D01","HARV","HARV_048","HARV_048_608","2016-06-03","2015-05-20","2016-05-23","2016-05-25T14:30Z","2016-07-03T14:00Z","NEON.LTR.HARV048608.20160523","NEON.LTR.HARV048608.20160523.MXT","NEON.DOC.001710vE","Mixed",0,"N",NA,"K8XKz/Su/rT+w2xSzXRL58VgqCnbmk0e"
"836adfd8-69dc-44db-9cc3-cf2c92529d72","HARV_048.basePlot.ltr","D01","HARV","HARV_048","HARV_048_608","2016-06-03","2015-05-20","2016-05-23","2016-05-25T14:30Z","2016-07-03T14:00Z","NEON.LTR.HARV048608.20160523","NEON.LTR.HARV048608.20160523.LVS","NEON.DOC.001710vE","Leaves",0,"N",NA,"K8XKz/Su/rT+w2xSzXRL58VgqCnbmk0e"
"816a2624-54b7-42f3-9129-184e46afe970","HARV_036.basePlot.ltr","D01","HARV","HARV_036","HARV_036_414","2016-06-03","2015-05-20","2016-05-23","2016-05-25T14:30Z","2016-07-03T14:00Z","NEON.LTR.HARV036414.20160523","NEON.LTR.HARV036414.20160523.LVS","NEON.DOC.001710vE","Leaves",0,"N",NA,"K8XKz/Su/rT+w2xSzXRL58VgqCnbmk0e"
"392c9bef-f324-48c7-89a0-972bb6034368","HARV_036.basePlot.ltr","D01","HARV","HARV_036","HARV_036_414","2016-06-03","2015-05-20","2016-05-23","2016-05-25T14:30Z","2016-07-03T14:00Z","NEON.LTR.HARV036414.20160523","NEON.LTR.HARV036414.20160523.MXT","NEON.DOC.001710vE","Mixed",0,"N",NA,"K8XKz/Su/rT+w2xSzXRL58VgqCnbmk0e"
"6999d2e3-cbda-4164-9ee8-356877505195","HARV_036.basePlot.ltr","D01","HARV","HARV_036","HARV_036_414","2016-06-03","2015-05-20","2016-05-23","2016-05-25T14:30Z","2016-07-03T14:00Z","NEON.LTR.HARV036414.20160523","NEON.LTR.HARV036414.20160523.TWI","NEON.DOC.001710vE","Twigs/branches",21.59,"N",NA,"K8XKz/Su/rT+w2xSzXRL58VgqCnbmk0e"
"a83c7c1d-0daf-4b74-b81c-8558f663ea60","HARV_045.basePlot.ltr","D01","HARV","HARV_045","HARV_045_384","2016-06-03","2015-05-20","2016-05-23","2016-05-25T14:30Z","2016-07-03T14:00Z","NEON.LTR.HARV045384.20160523","NEON.LTR.HARV045384.20160523.TWI","NEON.DOC.001710vE","Twigs/branches",60.83,"N",NA,"K8XKz/Su/rT+w2xSzXRL58VgqCnbmk0e"
"952b1171-0758-49e3-b3ab-07df71167b55","HARV_045.basePlot.ltr","D01","HARV","HARV_045","HARV_045_384","2016-06-03","2015-05-20","2016-05-23","2016-05-25T14:30Z","2016-07-03T14:00Z","NEON.LTR.HARV045384.20160523","NEON.LTR.HARV045384.20160523.MXT","NEON.DOC.001710vE","Mixed",0,"N",NA,"K8XKz/Su/rT+w2xSzXRL58VgqCnbmk0e"
"1a10ef3e-bca0-4a14-a2cf-4f2ed29a144a","HARV_045.basePlot.ltr","D01","HARV","HARV_045","HARV_045_384","2016-06-03","2015-05-20","2016-05-23","2016-05-25T14:30Z","2016-07-03T14:00Z","NEON.LTR.HARV045384.20160523","NEON.LTR.HARV045384.20160523.LVS","NEON.DOC.001710vE","Leaves",0,"N",NA,"K8XKz/Su/rT+w2xSzXRL58VgqCnbmk0e"
"fa1e0394-c3a7-4e99-b116-421b1f99da57","HARV_048.basePlot.ltr","D01","HARV","HARV_048","HARV_048_251","2016-06-03","2015-05-20","2016-05-23","2016-05-25T14:30Z","2016-07-03T14:00Z","NEON.LTR.HARV048251.20160523","NEON.LTR.HARV048251.20160523.LVS","NEON.DOC.001710vE","Leaves",0,"N",NA,"K8XKz/Su/rT+w2xSzXRL58VgqCnbmk0e"
"abe8d01f-de5d-4254-a9fe-d4d6fac27b9a","HARV_048.basePlot.ltr","D01","HARV","HARV_048","HARV_048_251","2016-06-03","2015-05-20","2016-05-23","2016-05-25T14:30Z","2016-07-03T14:00Z","NEON.LTR.HARV048251.20160523","NEON.LTR.HARV048251.20160523.TWI","NEON.DOC.001710vE","Twigs/branches",18.64,"N",NA,"K8XKz/Su/rT+w2xSzXRL58VgqCnbmk0e"
"ff869e33-7d6d-402d-a8bc-3a8c1435add9","HARV_048.basePlot.ltr","D01","HARV","HARV_048","HARV_048_251","2016-06-03","2015-05-20","2016-05-23","2016-05-25T14:30Z","2016-07-03T14:00Z","NEON.LTR.HARV048251.20160523","NEON.LTR.HARV048251.20160523.MXT","NEON.DOC.001710vE","Mixed",0,"N",NA,"K8XKz/Su/rT+w2xSzXRL58VgqCnbmk0e"
"c6b46556-4792-48c3-9afe-3f5d53746128","HARV_035.basePlot.ltr","D01","HARV","HARV_035","HARV_035_349","2016-06-03","2015-05-20","2016-05-23","2016-05-25T14:30Z","2016-07-03T14:00Z","NEON.LTR.HARV035349.20160523","NEON.LTR.HARV035349.20160523.MXT","NEON.DOC.001710vE","Mixed",0,"N",NA,"K8XKz/Su/rT+w2xSzXRL58VgqCnbmk0e"
"5a60dbdc-7345-408d-affd-e69c33ea54c1","HARV_035.basePlot.ltr","D01","HARV","HARV_035","HARV_035_349","2016-06-03","2015-05-20","2016-05-23","2016-05-25T14:30Z","2016-07-03T14:00Z","NEON.LTR.HARV035349.20160523","NEON.LTR.HARV035349.20160523.LVS","NEON.DOC.001710vE","Leaves",0,"N",NA,"K8XKz/Su/rT+w2xSzXRL58VgqCnbmk0e"
"85d66dce-5ef3-46c1-af5d-6abdf9756ce7","HARV_035.basePlot.ltr","D01","HARV","HARV_035","HARV_035_349","2016-06-03","2015-05-20","2016-05-23","2016-05-25T14:30Z","2016-07-03T14:00Z","NEON.LTR.HARV035349.20160523","NEON.LTR.HARV035349.20160523.TWI","NEON.DOC.001710vE","Twigs/branches",38.51,"N",NA,"K8XKz/Su/rT+w2xSzXRL58VgqCnbmk0e"
"4b123f78-17f5-4260-b67f-7e1181f09d1c","HARV_052.basePlot.ltr","D01","HARV","HARV_052","HARV_052_935","2016-06-03","2015-05-20","2016-05-23","2016-05-25T14:30Z","2016-07-03T14:00Z","NEON.LTR.HARV052935.20160523","NEON.LTR.HARV052935.20160523.TWI","NEON.DOC.001710vE","Twigs/branches",47.49,"Y",NA,"K8XKz/Su/rT+w2xSzXRL58VgqCnbmk0e"
"3cb96a95-c2cf-4c84-bcd0-19609bcb5135","HARV_052.basePlot.ltr","D01","HARV","HARV_052","HARV_052_935","2016-06-03","2015-05-20","2016-05-23","2016-05-25T14:30Z","2016-07-03T14:00Z","NEON.LTR.HARV052935.20160523","NEON.LTR.HARV052935.20160523.LVS","NEON.DOC.001710vE","Leaves",0,"N",NA,"K8XKz/Su/rT+w2xSzXRL58VgqCnbmk0e"
"628e6bb8-0c42-456e-8de1-d1e0a73780b6","HARV_052.basePlot.ltr","D01","HARV","HARV_052","HARV_052_935","2016-06-03","2015-05-20","2016-05-23","2016-05-25T14:30Z","2016-07-03T14:00Z","NEON.LTR.HARV052935.20160523","NEON.LTR.HARV052935.20160523.MXT","NEON.DOC.001710vE","Mixed",0,"N",NA,"K8XKz/Su/rT+w2xSzXRL58VgqCnbmk0e"
"a0d6cfae-ae0a-45d6-9e13-fe1444ffd087","HARV_035.basePlot.ltr","D01","HARV","HARV_035","HARV_035_032","2016-06-03","2015-05-20","2016-05-23","2016-05-25T14:30Z","2016-07-03T14:00Z","NEON.LTR.HARV035032.20160523","NEON.LTR.HARV035032.20160523.LVS","NEON.DOC.001710vE","Leaves",0,"N",NA,"K8XKz/Su/rT+w2xSzXRL58VgqCnbmk0e"
"dd5cfea2-c7bb-4652-82da-a085033fc31c","HARV_035.basePlot.ltr","D01","HARV","HARV_035","HARV_035_032","2016-06-03","2015-05-20","2016-05-23","2016-05-25T14:30Z","2016-07-03T14:00Z","NEON.LTR.HARV035032.20160523","NEON.LTR.HARV035032.20160523.TWI","NEON.DOC.001710vE","Twigs/branches",69.74,"N",NA,"K8XKz/Su/rT+w2xSzXRL58VgqCnbmk0e"
"b7d1f971-6033-450f-b22c-70821d178a15","HARV_035.basePlot.ltr","D01","HARV","HARV_035","HARV_035_032","2016-06-03","2015-05-20","2016-05-23","2016-05-25T14:30Z","2016-07-03T14:00Z","NEON.LTR.HARV035032.20160523","NEON.LTR.HARV035032.20160523.MXT","NEON.DOC.001710vE","Mixed",0,"N",NA,"K8XKz/Su/rT+w2xSzXRL58VgqCnbmk0e"
"cfb6dc78-e42e-4a70-b6fe-ea56cf5e1568","HARV_052.basePlot.ltr","D01","HARV","HARV_052","HARV_052_253","2016-06-03","2015-05-20","2016-05-23","2016-05-25T14:30Z","2016-07-03T14:00Z","NEON.LTR.HARV052253.20160523","NEON.LTR.HARV052253.20160523.MXT","NEON.DOC.001710vE","Mixed",0,"N",NA,"K8XKz/Su/rT+w2xSzXRL58VgqCnbmk0e"
"17f32ecb-1133-4b59-b48b-049286d508da","HARV_052.basePlot.ltr","D01","HARV","HARV_052","HARV_052_253","2016-06-03","2015-05-20","2016-05-23","2016-05-25T14:30Z","2016-07-03T14:00Z","NEON.LTR.HARV052253.20160523","NEON.LTR.HARV052253.20160523.LVS","NEON.DOC.001710vE","Leaves",0,"N",NA,"K8XKz/Su/rT+w2xSzXRL58VgqCnbmk0e"
"bfc09656-857f-45ad-96c7-26788ea9a331","HARV_052.basePlot.ltr","D01","HARV","HARV_052","HARV_052_253","2016-06-03","2015-05-20","2016-05-23","2016-05-25T14:30Z","2016-07-03T14:00Z","NEON.LTR.HARV052253.20160523","NEON.LTR.HARV052253.20160523.TWI","NEON.DOC.001710vE","Twigs/branches",28.79,"N",NA,"K8XKz/Su/rT+w2xSzXRL58VgqCnbmk0e"
"5c31621a-bbee-41f1-8df7-bac4507cd013","HARV_043.basePlot.ltr","D01","HARV","HARV_043","HARV_043_034","2016-06-03","2015-05-20","2016-05-23","2016-05-25T14:30Z","2016-07-03T14:00Z","NEON.LTR.HARV043034.20160523","NEON.LTR.HARV043034.20160523.LVS","NEON.DOC.001710vE","Leaves",0,"N",NA,"K8XKz/Su/rT+w2xSzXRL58VgqCnbmk0e"
"4c229a06-ab1a-4b0e-a9aa-caba129cfb53","HARV_043.basePlot.ltr","D01","HARV","HARV_043","HARV_043_034","2016-06-03","2015-05-20","2016-05-23","2016-05-25T14:30Z","2016-07-03T14:00Z","NEON.LTR.HARV043034.20160523","NEON.LTR.HARV043034.20160523.TWI","NEON.DOC.001710vE","Twigs/branches",23.63,"N",NA,"K8XKz/Su/rT+w2xSzXRL58VgqCnbmk0e"
"320b6039-95ad-4379-8be7-e68ae7be4dc6","HARV_043.basePlot.ltr","D01","HARV","HARV_043","HARV_043_615","2016-06-03","2015-05-20","2016-05-23","2016-05-25T14:30Z","2016-07-03T14:00Z","NEON.LTR.HARV043615.20160523","NEON.LTR.HARV043615.20160523.MXT","NEON.DOC.001710vE","Mixed",0,"N",NA,"K8XKz/Su/rT+w2xSzXRL58VgqCnbmk0e"
"b03f234b-3e1d-4c9e-b461-96906943b494","HARV_050.basePlot.ltr","D01","HARV","HARV_050","HARV_050_822","2016-06-03","2015-05-20","2016-05-24","2016-05-25T14:30Z","2016-07-03T14:00Z","NEON.LTR.HARV050822.20160524","NEON.LTR.HARV050822.20160524.LVS","NEON.DOC.001710vE","Leaves",0,"N",NA,"K8XKz/Su/rT+w2xSzXRL58VgqCnbmk0e"
"4d0145bd-a4d5-4cdb-8329-d588c4a48b79","HARV_042.basePlot.ltr","D01","HARV","HARV_042","HARV_042_557","2016-06-03","2015-05-20","2016-05-24","2016-05-25T14:30Z","2016-07-03T14:00Z","NEON.LTR.HARV042557.20160524","NEON.LTR.HARV042557.20160524.LVS","NEON.DOC.001710vE","Leaves",0,"N",NA,"K8XKz/Su/rT+w2xSzXRL58VgqCnbmk0e"
"4e59d5e1-b4c2-47f6-b2d5-f2c8f24d29bf","HARV_039.basePlot.ltr","D01","HARV","HARV_039","HARV_039_557","2016-06-03","2015-05-20","2016-05-24","2016-05-25T14:30Z","2016-07-03T14:00Z","NEON.LTR.HARV039557.20160524","NEON.LTR.HARV039557.20160524.MXT","NEON.DOC.001710vE","Mixed",0,"N",NA,"K8XKz/Su/rT+w2xSzXRL58VgqCnbmk0e"
"db3cd2f6-dc9e-4eba-9f56-45f86f7735fc","HARV_039.basePlot.ltr","D01","HARV","HARV_039","HARV_039_557","2016-06-03","2015-05-20","2016-05-24","2016-05-25T14:30Z","2016-07-03T14:00Z","NEON.LTR.HARV039557.20160524","NEON.LTR.HARV039557.20160524.TWI","NEON.DOC.001710vE","Twigs/branches",21.62,"N",NA,"K8XKz/Su/rT+w2xSzXRL58VgqCnbmk0e"
"d4a56870-e86d-4df7-bed3-2f65c547c087","HARV_039.basePlot.ltr","D01","HARV","HARV_039","HARV_039_557","2016-06-03","2015-05-20","2016-05-24","2016-05-25T14:30Z","2016-07-03T14:00Z","NEON.LTR.HARV039557.20160524","NEON.LTR.HARV039557.20160524.LVS","NEON.DOC.001710vE","Leaves",0,"N",NA,"K8XKz/Su/rT+w2xSzXRL58VgqCnbmk0e"
"d384ca21-ba25-4ce3-aba1-fdfe388c671e","HARV_047.basePlot.ltr","D01","HARV","HARV_047","HARV_047_870","2016-06-03","2015-05-20","2016-05-24","2016-05-25T14:30Z","2016-07-03T14:00Z","NEON.LTR.HARV047870.20160524","NEON.LTR.HARV047870.20160524.LVS","NEON.DOC.001710vE","Leaves",0,"N",NA,"K8XKz/Su/rT+w2xSzXRL58VgqCnbmk0e"
"48c2ea4f-6ec9-40c8-b3ac-8a0b94fc73aa","HARV_047.basePlot.ltr","D01","HARV","HARV_047","HARV_047_870","2016-06-03","2015-05-20","2016-05-24","2016-05-25T14:30Z","2016-07-03T14:00Z","NEON.LTR.HARV047870.20160524","NEON.LTR.HARV047870.20160524.TWI","NEON.DOC.001710vE","Twigs/branches",73.06,"N",NA,"K8XKz/Su/rT+w2xSzXRL58VgqCnbmk0e"
"3dbf6190-9c7d-4561-b3b1-f6203b620eef","HARV_047.basePlot.ltr","D01","HARV","HARV_047","HARV_047_870","2016-06-03","2015-05-20","2016-05-24","2016-05-25T14:30Z","2016-07-03T14:00Z","NEON.LTR.HARV047870.20160524","NEON.LTR.HARV047870.20160524.MXT","NEON.DOC.001710vE","Mixed",0,"N",NA,"K8XKz/Su/rT+w2xSzXRL58VgqCnbmk0e"
"85f35710-9910-4e32-bdcb-1cbce650be36","HARV_042.basePlot.ltr","D01","HARV","HARV_042","HARV_042_809","2016-06-03","2015-05-20","2016-05-24","2016-05-25T14:30Z","2016-07-03T14:00Z","NEON.LTR.HARV042809.20160524","NEON.LTR.HARV042809.20160524.TWI","NEON.DOC.001710vE","Twigs/branches",54.32,"N",NA,"K8XKz/Su/rT+w2xSzXRL58VgqCnbmk0e"
"0cb69e5f-f07a-4279-952f-5eaddc7f76d1","HARV_042.basePlot.ltr","D01","HARV","HARV_042","HARV_042_809","2016-06-03","2015-05-20","2016-05-24","2016-05-25T14:30Z","2016-07-03T14:00Z","NEON.LTR.HARV042809.20160524","NEON.LTR.HARV042809.20160524.MXT","NEON.DOC.001710vE","Mixed",0,"N",NA,"K8XKz/Su/rT+w2xSzXRL58VgqCnbmk0e"
"14412790-a260-479b-a209-5a34a5f25f30","HARV_042.basePlot.ltr","D01","HARV","HARV_042","HARV_042_809","2016-06-03","2015-05-20","2016-05-24","2016-05-25T14:30Z","2016-07-03T14:00Z","NEON.LTR.HARV042809.20160524","NEON.LTR.HARV042809.20160524.LVS","NEON.DOC.001710vE","Leaves",0,"N",NA,"K8XKz/Su/rT+w2xSzXRL58VgqCnbmk0e"
"c53a1bb7-6901-4cc9-80d4-324acd62de5e","HARV_040.basePlot.ltr","D01","HARV","HARV_040","HARV_040_862","2016-06-03","2015-05-20","2016-05-24","2016-05-25T14:30Z","2016-07-03T14:00Z","NEON.LTR.HARV040862.20160524","NEON.LTR.HARV040862.20160524.LVS","NEON.DOC.001710vE","Leaves",0,"N",NA,"K8XKz/Su/rT+w2xSzXRL58VgqCnbmk0e"
"ef127fbe-da75-46b8-94aa-2ffc2c0161e3","HARV_040.basePlot.ltr","D01","HARV","HARV_040","HARV_040_862","2016-06-03","2015-05-20","2016-05-24","2016-05-25T14:30Z","2016-07-03T14:00Z","NEON.LTR.HARV040862.20160524","NEON.LTR.HARV040862.20160524.TWI","NEON.DOC.001710vE","Twigs/branches",3.41,"N",NA,"K8XKz/Su/rT+w2xSzXRL58VgqCnbmk0e"
"6f9812b9-aa47-45c1-9c56-a3eee51e3093","HARV_040.basePlot.ltr","D01","HARV","HARV_040","HARV_040_862","2016-06-03","2015-05-20","2016-05-24","2016-05-25T14:30Z","2016-07-03T14:00Z","NEON.LTR.HARV040862.20160524","NEON.LTR.HARV040862.20160524.MXT","NEON.DOC.001710vE","Mixed",0,"N",NA,"K8XKz/Su/rT+w2xSzXRL58VgqCnbmk0e"
"51a1aa56-7df5-4342-92a7-c9d1558e4f06","HARV_049.basePlot.ltr","D01","HARV","HARV_049","HARV_049_385","2016-06-03","2015-05-20","2016-05-24","2016-05-25T14:30Z","2016-07-03T14:00Z","NEON.LTR.HARV049385.20160524","NEON.LTR.HARV049385.20160524.MXT","NEON.DOC.001710vE","Mixed",0,"N",NA,"K8XKz/Su/rT+w2xSzXRL58VgqCnbmk0e"
"ca0846c1-e9ee-42e1-b1b2-6324e8c8ffdf","HARV_049.basePlot.ltr","D01","HARV","HARV_049","HARV_049_385","2016-06-03","2015-05-20","2016-05-24","2016-05-25T14:30Z","2016-07-03T14:00Z","NEON.LTR.HARV049385.20160524","NEON.LTR.HARV049385.20160524.LVS","NEON.DOC.001710vE","Leaves",0,"N",NA,"K8XKz/Su/rT+w2xSzXRL58VgqCnbmk0e"
"a2bfd90c-ee5e-4a99-b528-3bca2e771e27","HARV_049.basePlot.ltr","D01","HARV","HARV_049","HARV_049_385","2016-06-03","2015-05-20","2016-05-24","2016-05-25T14:30Z","2016-07-03T14:00Z","NEON.LTR.HARV049385.20160524","NEON.LTR.HARV049385.20160524.TWI","NEON.DOC.001710vE","Twigs/branches",83.35,"N",NA,"K8XKz/Su/rT+w2xSzXRL58VgqCnbmk0e"
"27e46d5e-fbec-4459-91b2-11a11f6db88b","HARV_050.basePlot.ltr","D01","HARV","HARV_050","HARV_050_173","2016-06-03","2015-05-20","2016-05-24","2016-05-25T14:30Z","2016-07-03T14:00Z","NEON.LTR.HARV050173.20160524","NEON.LTR.HARV050173.20160524.MXT","NEON.DOC.001710vE","Mixed",0,"N",NA,"K8XKz/Su/rT+w2xSzXRL58VgqCnbmk0e"
"584abbcf-c394-4bf5-84af-d64b55251ac8","HARV_050.basePlot.ltr","D01","HARV","HARV_050","HARV_050_173","2016-06-03","2015-05-20","2016-05-24","2016-05-25T14:30Z","2016-07-03T14:00Z","NEON.LTR.HARV050173.20160524","NEON.LTR.HARV050173.20160524.TWI","NEON.DOC.001710vE","Twigs/branches",29.44,"N",NA,"K8XKz/Su/rT+w2xSzXRL58VgqCnbmk0e"
"7ea89bfc-47dd-470f-abf5-1ac2070bbcf9","HARV_050.basePlot.ltr","D01","HARV","HARV_050","HARV_050_173","2016-06-03","2015-05-20","2016-05-24","2016-05-25T14:30Z","2016-07-03T14:00Z","NEON.LTR.HARV050173.20160524","NEON.LTR.HARV050173.20160524.LVS","NEON.DOC.001710vE","Leaves",0,"N",NA,"K8XKz/Su/rT+w2xSzXRL58VgqCnbmk0e"
"8e1896d3-5c79-4f97-b8e5-032182d6eb58","HARV_038.basePlot.ltr","D01","HARV","HARV_038","HARV_038_550","2016-06-03","2015-05-20","2016-05-24","2016-05-25T14:30Z","2016-07-03T14:00Z","NEON.LTR.HARV038550.20160524","NEON.LTR.HARV038550.20160524.LVS","NEON.DOC.001710vE","Leaves",0,"N",NA,"K8XKz/Su/rT+w2xSzXRL58VgqCnbmk0e"
"87339619-75e6-44f9-9e41-ddcf7e1aec9a","HARV_038.basePlot.ltr","D01","HARV","HARV_038","HARV_038_550","2016-06-03","2015-05-20","2016-05-24","2016-05-25T14:30Z","2016-07-03T14:00Z","NEON.LTR.HARV038550.20160524","NEON.LTR.HARV038550.20160524.MXT","NEON.DOC.001710vE","Mixed",0,"N",NA,"K8XKz/Su/rT+w2xSzXRL58VgqCnbmk0e"
"d5c6ea18-fb64-40f3-a22b-214480bd8568","HARV_038.basePlot.ltr","D01","HARV","HARV_038","HARV_038_550","2016-06-03","2015-05-20","2016-05-24","2016-05-25T14:30Z","2016-07-03T14:00Z","NEON.LTR.HARV038550.20160524","NEON.LTR.HARV038550.20160524.TWI","NEON.DOC.001710vE","Twigs/branches",101.57,"N",NA,"K8XKz/Su/rT+w2xSzXRL58VgqCnbmk0e"
"890f5364-f86d-4640-81f9-8ff20ded251a","HARV_051.basePlot.ltr","D01","HARV","HARV_051","HARV_051_653","2016-06-03","2015-05-20","2016-05-24","2016-05-25T14:30Z","2016-07-03T14:00Z","NEON.LTR.HARV051653.20160524","NEON.LTR.HARV051653.20160524.LVS","NEON.DOC.001710vE","Leaves",0,"N",NA,"K8XKz/Su/rT+w2xSzXRL58VgqCnbmk0e"
"2aae6b81-da13-474d-90d5-e981d59421c3","HARV_051.basePlot.ltr","D01","HARV","HARV_051","HARV_051_653","2016-06-03","2015-05-20","2016-05-24","2016-05-25T14:30Z","2016-07-03T14:00Z","NEON.LTR.HARV051653.20160524","NEON.LTR.HARV051653.20160524.MXT","NEON.DOC.001710vE","Mixed",0,"N",NA,"K8XKz/Su/rT+w2xSzXRL58VgqCnbmk0e"
"dda95d3d-5ae9-457c-9ce0-6e678bfddd87","HARV_051.basePlot.ltr","D01","HARV","HARV_051","HARV_051_653","2016-06-03","2015-05-20","2016-05-24","2016-05-25T14:30Z","2016-07-03T14:00Z","NEON.LTR.HARV051653.20160524","NEON.LTR.HARV051653.20160524.TWI","NEON.DOC.001710vE","Twigs/branches",97.58,"N",NA,"K8XKz/Su/rT+w2xSzXRL58VgqCnbmk0e"
"d6d2fad3-d77c-4282-85c4-ab809bf79653","HARV_044.basePlot.ltr","D01","HARV","HARV_044","HARV_044_060","2016-06-03","2015-05-20","2016-05-24","2016-05-25T14:30Z","2016-07-03T14:00Z","NEON.LTR.HARV044060.20160524","NEON.LTR.HARV044060.20160524.TWI","NEON.DOC.001710vE","Twigs/branches",17.82,"N",NA,"K8XKz/Su/rT+w2xSzXRL58VgqCnbmk0e"
"999fb33f-99e1-4d74-8ec2-1be21918d34a","HARV_044.basePlot.ltr","D01","HARV","HARV_044","HARV_044_060","2016-06-03","2015-05-20","2016-05-24","2016-05-25T14:30Z","2016-07-03T14:00Z","NEON.LTR.HARV044060.20160524","NEON.LTR.HARV044060.20160524.MXT","NEON.DOC.001710vE","Mixed",0,"N",NA,"K8XKz/Su/rT+w2xSzXRL58VgqCnbmk0e"
"cef9c8a1-b978-45b3-b8df-991712bf2289","HARV_044.basePlot.ltr","D01","HARV","HARV_044","HARV_044_060","2016-06-03","2015-05-20","2016-05-24","2016-05-25T14:30Z","2016-07-03T14:00Z","NEON.LTR.HARV044060.20160524","NEON.LTR.HARV044060.20160524.LVS","NEON.DOC.001710vE","Leaves",0,"N",NA,"K8XKz/Su/rT+w2xSzXRL58VgqCnbmk0e"
"b95be578-195b-4100-804d-1ec6ce09f8c5","HARV_047.basePlot.ltr","D01","HARV","HARV_047","HARV_047_142","2016-06-03","2015-05-20","2016-05-24","2016-05-25T14:30Z","2016-07-03T14:00Z","NEON.LTR.HARV047142.20160524","NEON.LTR.HARV047142.20160524.MXT","NEON.DOC.001710vE","Mixed",0,"N",NA,"K8XKz/Su/rT+w2xSzXRL58VgqCnbmk0e"
"db5969be-ba95-4ebb-abfd-e62277ddd3d9","HARV_047.basePlot.ltr","D01","HARV","HARV_047","HARV_047_142","2016-06-03","2015-05-20","2016-05-24","2016-05-25T14:30Z","2016-07-03T14:00Z","NEON.LTR.HARV047142.20160524","NEON.LTR.HARV047142.20160524.LVS","NEON.DOC.001710vE","Leaves",0,"N",NA,"K8XKz/Su/rT+w2xSzXRL58VgqCnbmk0e"
"82205cb2-48ee-4a29-8852-72788773b740","HARV_047.basePlot.ltr","D01","HARV","HARV_047","HARV_047_142","2016-06-03","2015-05-20","2016-05-24","2016-05-25T14:30Z","2016-07-03T14:00Z","NEON.LTR.HARV047142.20160524","NEON.LTR.HARV047142.20160524.TWI","NEON.DOC.001710vE","Twigs/branches",36.28,"N",NA,"K8XKz/Su/rT+w2xSzXRL58VgqCnbmk0e"
"fb79a787-cf24-473f-bd31-5b0de39fea4f","HARV_038.basePlot.ltr","D01","HARV","HARV_038","HARV_038_385","2016-06-03","2015-05-20","2016-05-24","2016-05-25T14:30Z","2016-07-03T14:00Z","NEON.LTR.HARV038385.20160524","NEON.LTR.HARV038385.20160524.LVS","NEON.DOC.001710vE","Leaves",0,"N",NA,"K8XKz/Su/rT+w2xSzXRL58VgqCnbmk0e"
"3f353f8a-5abf-43c0-acea-449961e59def","HARV_038.basePlot.ltr","D01","HARV","HARV_038","HARV_038_385","2016-06-03","2015-05-20","2016-05-24","2016-05-25T14:30Z","2016-07-03T14:00Z","NEON.LTR.HARV038385.20160524","NEON.LTR.HARV038385.20160524.MXT","NEON.DOC.001710vE","Mixed",0,"N",NA,"K8XKz/Su/rT+w2xSzXRL58VgqCnbmk0e"
"3fcc0062-d5e6-4121-9df9-a5b93b0bb98e","HARV_038.basePlot.ltr","D01","HARV","HARV_038","HARV_038_385","2016-06-03","2015-05-20","2016-05-24","2016-05-25T14:30Z","2016-07-03T14:00Z","NEON.LTR.HARV038385.20160524","NEON.LTR.HARV038385.20160524.TWI","NEON.DOC.001710vE","Twigs/branches",59.99,"N",NA,"K8XKz/Su/rT+w2xSzXRL58VgqCnbmk0e"
"1ae76361-cdff-4268-8a9e-26bfa80e1209","HARV_037.basePlot.ltr","D01","HARV","HARV_037","HARV_037_862","2016-06-03","2015-05-20","2016-05-24","2016-05-25T14:30Z","2016-07-03T14:00Z","NEON.LTR.HARV037862.20160524","NEON.LTR.HARV037862.20160524.MXT","NEON.DOC.001710vE","Mixed",0,"N",NA,"K8XKz/Su/rT+w2xSzXRL58VgqCnbmk0e"
"5ea203bd-c893-4533-87b6-165d60f4e585","HARV_034.basePlot.ltr","D01","HARV","HARV_034","HARV_034_259","2016-06-03","2015-05-20","2016-05-24","2016-05-25T14:30Z","2016-07-03T14:00Z","NEON.LTR.HARV034259.20160524","NEON.LTR.HARV034259.20160524.MXT","NEON.DOC.001710vE","Mixed",0,"N",NA,"K8XKz/Su/rT+w2xSzXRL58VgqCnbmk0e"
"06752676-41b4-40de-ab2a-480f452f38f4","HARV_037.basePlot.ltr","D01","HARV","HARV_037","HARV_037_862","2016-06-03","2015-05-20","2016-05-24","2016-05-25T14:30Z","2016-07-03T14:00Z","NEON.LTR.HARV037862.20160524","NEON.LTR.HARV037862.20160524.LVS","NEON.DOC.001710vE","Leaves",0,"N",NA,"K8XKz/Su/rT+w2xSzXRL58VgqCnbmk0e"
"f5666ba8-eb2f-4575-89fd-75785120f612","HARV_037.basePlot.ltr","D01","HARV","HARV_037","HARV_037_862","2016-06-03","2015-05-20","2016-05-24","2016-05-25T14:30Z","2016-07-03T14:00Z","NEON.LTR.HARV037862.20160524","NEON.LTR.HARV037862.20160524.TWI","NEON.DOC.001710vE","Twigs/branches",11.05,"N",NA,"K8XKz/Su/rT+w2xSzXRL58VgqCnbmk0e"
"d9ddfbac-fb1e-4248-a5ae-b28fcd24e535","HARV_034.basePlot.ltr","D01","HARV","HARV_034","HARV_034_259","2016-06-03","2015-05-20","2016-05-24","2016-05-25T14:30Z","2016-07-03T14:00Z","NEON.LTR.HARV034259.20160524","NEON.LTR.HARV034259.20160524.LVS","NEON.DOC.001710vE","Leaves",0,"N",NA,"K8XKz/Su/rT+w2xSzXRL58VgqCnbmk0e"
"d6a10d93-0c66-455c-a484-049e9378610b","HARV_034.basePlot.ltr","D01","HARV","HARV_034","HARV_034_259","2016-06-03","2015-05-20","2016-05-24","2016-05-25T14:30Z","2016-07-03T14:00Z","NEON.LTR.HARV034259.20160524","NEON.LTR.HARV034259.20160524.TWI","NEON.DOC.001710vE","Twigs/branches",20.16,"N",NA,"K8XKz/Su/rT+w2xSzXRL58VgqCnbmk0e"
"79ae281d-e191-4388-a4fa-e7e89f30b20b","HARV_041.basePlot.ltr","D01","HARV","HARV_041","HARV_041_401","2016-06-03","2015-05-20","2016-05-24","2016-05-25T14:30Z","2016-07-03T14:00Z","NEON.LTR.HARV041401.20160524","NEON.LTR.HARV041401.20160524.LVS","NEON.DOC.001710vE","Leaves",0,"N",NA,"K8XKz/Su/rT+w2xSzXRL58VgqCnbmk0e"
"a4375501-6fed-43de-8c9d-9fc9de56abc4","HARV_041.basePlot.ltr","D01","HARV","HARV_041","HARV_041_401","2016-06-03","2015-05-20","2016-05-24","2016-05-25T14:30Z","2016-07-03T14:00Z","NEON.LTR.HARV041401.20160524","NEON.LTR.HARV041401.20160524.TWI","NEON.DOC.001710vE","Twigs/branches",10.15,"N",NA,"K8XKz/Su/rT+w2xSzXRL58VgqCnbmk0e"
"a6f73255-a8d7-4aae-bae0-326de0f003d3","HARV_041.basePlot.ltr","D01","HARV","HARV_041","HARV_041_401","2016-06-03","2015-05-20","2016-05-24","2016-05-25T14:30Z","2016-07-03T14:00Z","NEON.LTR.HARV041401.20160524","NEON.LTR.HARV041401.20160524.MXT","NEON.DOC.001710vE","Mixed",0,"N",NA,"K8XKz/Su/rT+w2xSzXRL58VgqCnbmk0e"
"4b964f12-6ef8-4743-918c-106acecfdb63","HARV_046.basePlot.ltr","D01","HARV","HARV_046","HARV_046_895","2016-06-03","2015-05-20","2016-05-24","2016-05-25T14:30Z","2016-07-03T14:00Z","NEON.LTR.HARV046895.20160524","NEON.LTR.HARV046895.20160524.LVS","NEON.DOC.001710vE","Leaves",0,"N",NA,"K8XKz/Su/rT+w2xSzXRL58VgqCnbmk0e"
"aff521da-c082-4262-b742-f57a9fb2a845","HARV_046.basePlot.ltr","D01","HARV","HARV_046","HARV_046_895","2016-06-03","2015-05-20","2016-05-24","2016-05-25T14:30Z","2016-07-03T14:00Z","NEON.LTR.HARV046895.20160524","NEON.LTR.HARV046895.20160524.MXT","NEON.DOC.001710vE","Mixed",0,"N",NA,"K8XKz/Su/rT+w2xSzXRL58VgqCnbmk0e"
"37696075-e80a-4f37-a03b-fdbd2c84f7df","HARV_046.basePlot.ltr","D01","HARV","HARV_046","HARV_046_895","2016-06-03","2015-05-20","2016-05-24","2016-05-25T14:30Z","2016-07-03T14:00Z","NEON.LTR.HARV046895.20160524","NEON.LTR.HARV046895.20160524.TWI","NEON.DOC.001710vE","Twigs/branches",94.14,"N",NA,"K8XKz/Su/rT+w2xSzXRL58VgqCnbmk0e"
"b80d479a-d030-419f-8495-fa1fbb624d8d","HARV_033.basePlot.ltr","D01","HARV","HARV_033","HARV_033_269","2016-06-03","2015-05-20","2016-05-24","2016-05-25T14:30Z","2016-07-03T14:00Z","NEON.LTR.HARV033269.20160524","NEON.LTR.HARV033269.20160524.MXT","NEON.DOC.001710vE","Mixed",0,"N",NA,"K8XKz/Su/rT+w2xSzXRL58VgqCnbmk0e"
"e6449b4f-761e-4dc7-b290-2c1347fe8518","HARV_034.basePlot.ltr","D01","HARV","HARV_034","HARV_034_680","2016-06-03","2015-05-20","2016-05-24","2016-05-25T14:30Z","2016-07-03T14:00Z","NEON.LTR.HARV034680.20160524","NEON.LTR.HARV034680.20160524.MXT","NEON.DOC.001710vE","Mixed",0,"N",NA,"K8XKz/Su/rT+w2xSzXRL58VgqCnbmk0e"
"e02008a3-95c7-4f9d-95af-3240fe2dfb4e","HARV_034.basePlot.ltr","D01","HARV","HARV_034","HARV_034_680","2016-06-03","2015-05-20","2016-05-24","2016-05-25T14:30Z","2016-07-03T14:00Z","NEON.LTR.HARV034680.20160524","NEON.LTR.HARV034680.20160524.TWI","NEON.DOC.001710vE","Twigs/branches",2.33,"N",NA,"K8XKz/Su/rT+w2xSzXRL58VgqCnbmk0e"
"9323bd1d-f1d7-452a-89ac-123b1845d8f1","HARV_033.basePlot.ltr","D01","HARV","HARV_033","HARV_033_269","2016-06-03","2015-05-20","2016-05-24","2016-05-25T14:30Z","2016-07-03T14:00Z","NEON.LTR.HARV033269.20160524","NEON.LTR.HARV033269.20160524.TWI","NEON.DOC.001710vE","Twigs/branches",43.74,"Y",NA,"K8XKz/Su/rT+w2xSzXRL58VgqCnbmk0e"
"a760695c-d59f-4457-98dc-0c5859fcf71e","HARV_034.basePlot.ltr","D01","HARV","HARV_034","HARV_034_680","2016-06-03","2015-05-20","2016-05-24","2016-05-25T14:30Z","2016-07-03T14:00Z","NEON.LTR.HARV034680.20160524","NEON.LTR.HARV034680.20160524.LVS","NEON.DOC.001710vE","Leaves",0,"N",NA,"K8XKz/Su/rT+w2xSzXRL58VgqCnbmk0e"
"2c30412f-774b-4ce8-ba16-eeeb70146ece","HARV_033.basePlot.ltr","D01","HARV","HARV_033","HARV_033_269","2016-06-03","2015-05-20","2016-05-24","2016-05-25T14:30Z","2016-07-03T14:00Z","NEON.LTR.HARV033269.20160524","NEON.LTR.HARV033269.20160524.LVS","NEON.DOC.001710vE","Leaves",0,"N",NA,"K8XKz/Su/rT+w2xSzXRL58VgqCnbmk0e"
"91f8e275-6f15-438b-a1f5-8e1279079062","HARV_044.basePlot.ltr","D01","HARV","HARV_044","HARV_044_809","2016-06-03","2015-05-20","2016-05-24","2016-05-25T14:30Z","2016-07-03T14:00Z","NEON.LTR.HARV044809.20160524","NEON.LTR.HARV044809.20160524.MXT","NEON.DOC.001710vE","Mixed",0,"N",NA,"K8XKz/Su/rT+w2xSzXRL58VgqCnbmk0e"
"150b9519-c261-400f-ae1f-7502982506fe","HARV_037.basePlot.ltr","D01","HARV","HARV_037","HARV_037_299","2016-06-03","2015-05-20","2016-05-24","2016-05-25T14:30Z","2016-07-03T14:00Z","NEON.LTR.HARV037299.20160524","NEON.LTR.HARV037299.20160524.MXT","NEON.DOC.001710vE","Mixed",0,"N",NA,"K8XKz/Su/rT+w2xSzXRL58VgqCnbmk0e"
"78adff12-ec71-4592-bf3c-4053fb48bbc3","HARV_037.basePlot.ltr","D01","HARV","HARV_037","HARV_037_299","2016-06-03","2015-05-20","2016-05-24","2016-05-25T14:30Z","2016-07-03T14:00Z","NEON.LTR.HARV037299.20160524","NEON.LTR.HARV037299.20160524.LVS","NEON.DOC.001710vE","Leaves",0,"N",NA,"K8XKz/Su/rT+w2xSzXRL58VgqCnbmk0e"
"bcf4edae-6d0b-4d61-9b18-6eef6f509a83","HARV_037.basePlot.ltr","D01","HARV","HARV_037","HARV_037_299","2016-06-03","2015-05-20","2016-05-24","2016-05-25T14:30Z","2016-07-03T14:00Z","NEON.LTR.HARV037299.20160524","NEON.LTR.HARV037299.20160524.TWI","NEON.DOC.001710vE","Twigs/branches",54.16,"Y",NA,"K8XKz/Su/rT+w2xSzXRL58VgqCnbmk0e"
"71808d5b-e8e5-4124-8396-344bd77294e0","HARV_044.basePlot.ltr","D01","HARV","HARV_044","HARV_044_809","2016-06-03","2015-05-20","2016-05-24","2016-05-25T14:30Z","2016-07-03T14:00Z","NEON.LTR.HARV044809.20160524","NEON.LTR.HARV044809.20160524.LVS","NEON.DOC.001710vE","Leaves",0,"N",NA,"K8XKz/Su/rT+w2xSzXRL58VgqCnbmk0e"
"cc7d676b-4100-436c-88d2-aab7ed00737a","HARV_044.basePlot.ltr","D01","HARV","HARV_044","HARV_044_809","2016-06-03","2015-05-20","2016-05-24","2016-05-25T14:30Z","2016-07-03T14:00Z","NEON.LTR.HARV044809.20160524","NEON.LTR.HARV044809.20160524.TWI","NEON.DOC.001710vE","Twigs/branches",229.46,"N",NA,"K8XKz/Su/rT+w2xSzXRL58VgqCnbmk0e"
"43d75a5e-d726-4486-b669-2361dbb1bdfa","HARV_040.basePlot.ltr","D01","HARV","HARV_040","HARV_040_299","2016-06-03","2015-05-20","2016-05-24","2016-05-25T14:30Z","2016-07-03T14:00Z","NEON.LTR.HARV040299.20160524","NEON.LTR.HARV040299.20160524.MXT","NEON.DOC.001710vE","Mixed",0,"N",NA,"K8XKz/Su/rT+w2xSzXRL58VgqCnbmk0e"
"077bd84d-d2c6-456e-990d-cecc7edebb4f","HARV_040.basePlot.ltr","D01","HARV","HARV_040","HARV_040_299","2016-06-03","2015-05-20","2016-05-24","2016-05-25T14:30Z","2016-07-03T14:00Z","NEON.LTR.HARV040299.20160524","NEON.LTR.HARV040299.20160524.TWI","NEON.DOC.001710vE","Twigs/branches",16.17,"Y",NA,"K8XKz/Su/rT+w2xSzXRL58VgqCnbmk0e"
"eee03472-d2c9-4a0d-a8aa-bc020dc8c5f5","HARV_040.basePlot.ltr","D01","HARV","HARV_040","HARV_040_299","2016-06-03","2015-05-20","2016-05-24","2016-05-25T14:30Z","2016-07-03T14:00Z","NEON.LTR.HARV040299.20160524","NEON.LTR.HARV040299.20160524.LVS","NEON.DOC.001710vE","Leaves",0,"N",NA,"K8XKz/Su/rT+w2xSzXRL58VgqCnbmk0e"
"c38ff2ad-fc5b-4c10-afe2-7f3cc3dda252","HARV_049.basePlot.ltr","D01","HARV","HARV_049","HARV_049_902","2016-06-03","2015-05-20","2016-05-24","2016-05-25T14:30Z","2016-07-03T14:00Z","NEON.LTR.HARV049902.20160524","NEON.LTR.HARV049902.20160524.MXT","NEON.DOC.001710vE","Mixed",0,"N",NA,"K8XKz/Su/rT+w2xSzXRL58VgqCnbmk0e"
"4c0fd17a-3638-4db7-b99e-e621b3a16ab0","HARV_049.basePlot.ltr","D01","HARV","HARV_049","HARV_049_902","2016-06-03","2015-05-20","2016-05-24","2016-05-25T14:30Z","2016-07-03T14:00Z","NEON.LTR.HARV049902.20160524","NEON.LTR.HARV049902.20160524.TWI","NEON.DOC.001710vE","Twigs/branches",60.96,"N",NA,"K8XKz/Su/rT+w2xSzXRL58VgqCnbmk0e"
"6cb840cb-fabd-4d17-9dbd-88f5064ecd0b","HARV_049.basePlot.ltr","D01","HARV","HARV_049","HARV_049_902","2016-06-03","2015-05-20","2016-05-24","2016-05-25T14:30Z","2016-07-03T14:00Z","NEON.LTR.HARV049902.20160524","NEON.LTR.HARV049902.20160524.LVS","NEON.DOC.001710vE","Leaves",0,"N",NA,"K8XKz/Su/rT+w2xSzXRL58VgqCnbmk0e"
"8f9eef73-3e88-435f-8703-58a68b03c2b4","HARV_041.basePlot.ltr","D01","HARV","HARV_041","HARV_041_597","2016-06-03","2015-05-20","2016-05-24","2016-05-25T14:30Z","2016-07-03T14:00Z","NEON.LTR.HARV041597.20160524","NEON.LTR.HARV041597.20160524.TWI","NEON.DOC.001710vE","Twigs/branches",9.38,"N",NA,"K8XKz/Su/rT+w2xSzXRL58VgqCnbmk0e"
"0c200f01-2771-48d0-a4be-0b16e822a65a","HARV_041.basePlot.ltr","D01","HARV","HARV_041","HARV_041_597","2016-06-03","2015-05-20","2016-05-24","2016-05-25T14:30Z","2016-07-03T14:00Z","NEON.LTR.HARV041597.20160524","NEON.LTR.HARV041597.20160524.LVS","NEON.DOC.001710vE","Leaves",0,"N",NA,"K8XKz/Su/rT+w2xSzXRL58VgqCnbmk0e"
"d7b387c9-0a87-4162-b447-b1a33245cd4e","HARV_041.basePlot.ltr","D01","HARV","HARV_041","HARV_041_597","2016-06-03","2015-05-20","2016-05-24","2016-05-25T14:30Z","2016-07-03T14:00Z","NEON.LTR.HARV041597.20160524","NEON.LTR.HARV041597.20160524.MXT","NEON.DOC.001710vE","Mixed",0,"N",NA,"K8XKz/Su/rT+w2xSzXRL58VgqCnbmk0e"
"feafd10f-434a-4571-922c-84ad949ac2f0","HARV_051.basePlot.ltr","D01","HARV","HARV_051","HARV_051_288","2016-06-03","2015-05-20","2016-05-24","2016-05-25T14:30Z","2016-07-03T14:00Z","NEON.LTR.HARV051288.20160524","NEON.LTR.HARV051288.20160524.MXT","NEON.DOC.001710vE","Mixed",0,"N",NA,"K8XKz/Su/rT+w2xSzXRL58VgqCnbmk0e"
"1f5cedf5-84e8-4146-8193-91f07d79bdce","HARV_033.basePlot.ltr","D01","HARV","HARV_033","HARV_033_115","2016-06-03","2015-05-20","2016-05-24","2016-05-25T14:30Z","2016-07-03T14:00Z","NEON.LTR.HARV033115.20160524","NEON.LTR.HARV033115.20160524.MXT","NEON.DOC.001710vE","Mixed",0,"N",NA,"K8XKz/Su/rT+w2xSzXRL58VgqCnbmk0e"
"6e41ec0e-03c6-40c9-93bb-918ed7833f62","HARV_051.basePlot.ltr","D01","HARV","HARV_051","HARV_051_288","2016-06-03","2015-05-20","2016-05-24","2016-05-25T14:30Z","2016-07-03T14:00Z","NEON.LTR.HARV051288.20160524","NEON.LTR.HARV051288.20160524.LVS","NEON.DOC.001710vE","Leaves",0,"N",NA,"K8XKz/Su/rT+w2xSzXRL58VgqCnbmk0e"
"fea1bdb9-6922-4b05-919b-1148bcaf3be8","HARV_033.basePlot.ltr","D01","HARV","HARV_033","HARV_033_115","2016-06-03","2015-05-20","2016-05-24","2016-05-25T14:30Z","2016-07-03T14:00Z","NEON.LTR.HARV033115.20160524","NEON.LTR.HARV033115.20160524.LVS","NEON.DOC.001710vE","Leaves",0,"N",NA,"K8XKz/Su/rT+w2xSzXRL58VgqCnbmk0e"
"18b59238-095b-4ebc-9185-97733fdcadf0","HARV_033.basePlot.ltr","D01","HARV","HARV_033","HARV_033_115","2016-06-03","2015-05-20","2016-05-24","2016-05-25T14:30Z","2016-07-03T14:00Z","NEON.LTR.HARV033115.20160524","NEON.LTR.HARV033115.20160524.TWI","NEON.DOC.001710vE","Twigs/branches",55.78,"N",NA,"K8XKz/Su/rT+w2xSzXRL58VgqCnbmk0e"
"abe763df-1f36-4ce3-9257-6b04d61d520a","HARV_051.basePlot.ltr","D01","HARV","HARV_051","HARV_051_288","2016-06-03","2015-05-20","2016-05-24","2016-05-25T14:30Z","2016-07-03T14:00Z","NEON.LTR.HARV051288.20160524","NEON.LTR.HARV051288.20160524.TWI","NEON.DOC.001710vE","Twigs/branches",36.16,"N",NA,"K8XKz/Su/rT+w2xSzXRL58VgqCnbmk0e"
"633c3ac8-e176-4f1c-981f-a6804aac1460","HARV_039.basePlot.ltr","D01","HARV","HARV_039","HARV_039_809","2016-06-03","2015-05-20","2016-05-24","2016-05-25T14:30Z","2016-07-03T14:00Z","NEON.LTR.HARV039809.20160524","NEON.LTR.HARV039809.20160524.TWI","NEON.DOC.001710vE","Twigs/branches",63.81,"N",NA,"K8XKz/Su/rT+w2xSzXRL58VgqCnbmk0e"
"b12cf45f-7397-4e00-aa9d-11b6eac2b616","HARV_039.basePlot.ltr","D01","HARV","HARV_039","HARV_039_809","2016-06-03","2015-05-20","2016-05-24","2016-05-25T14:30Z","2016-07-03T14:00Z","NEON.LTR.HARV039809.20160524","NEON.LTR.HARV039809.20160524.MXT","NEON.DOC.001710vE","Mixed",0,"N",NA,"K8XKz/Su/rT+w2xSzXRL58VgqCnbmk0e"
"ddf47560-b410-4add-b152-c825a366b252","HARV_039.basePlot.ltr","D01","HARV","HARV_039","HARV_039_809","2016-06-03","2015-05-20","2016-05-24","2016-05-25T14:30Z","2016-07-03T14:00Z","NEON.LTR.HARV039809.20160524","NEON.LTR.HARV039809.20160524.LVS","NEON.DOC.001710vE","Leaves",0,"N",NA,"K8XKz/Su/rT+w2xSzXRL58VgqCnbmk0e"
"3eb8f169-dc68-4391-a709-31b0d17e02cb","HARV_050.basePlot.ltr","D01","HARV","HARV_050","HARV_050_822","2016-06-03","2015-05-20","2016-05-24","2016-05-25T14:30Z","2016-07-03T14:00Z","NEON.LTR.HARV050822.20160524","NEON.LTR.HARV050822.20160524.MXT","NEON.DOC.001710vE","Mixed",0,"N",NA,"K8XKz/Su/rT+w2xSzXRL58VgqCnbmk0e"
"5c7df107-aa9c-4887-aa4f-d5ba686cb3d0","HARV_050.basePlot.ltr","D01","HARV","HARV_050","HARV_050_822","2016-06-03","2015-05-20","2016-05-24","2016-05-25T14:30Z","2016-07-03T14:00Z","NEON.LTR.HARV050822.20160524","NEON.LTR.HARV050822.20160524.TWI","NEON.DOC.001710vE","Twigs/branches",113.57,"N",NA,"K8XKz/Su/rT+w2xSzXRL58VgqCnbmk0e"
"f744caf0-4a64-4cc6-a028-0755d93ca683","HARV_042.basePlot.ltr","D01","HARV","HARV_042","HARV_042_557","2016-06-03","2015-05-20","2016-05-24","2016-05-25T14:30Z","2016-07-03T14:00Z","NEON.LTR.HARV042557.20160524","NEON.LTR.HARV042557.20160524.TWI","NEON.DOC.001710vE","Twigs/branches",201.25,"N",NA,"K8XKz/Su/rT+w2xSzXRL58VgqCnbmk0e"
"4798ce19-0a21-493b-87b1-4afe84a4ec91","HARV_042.basePlot.ltr","D01","HARV","HARV_042","HARV_042_557","2016-06-03","2015-05-20","2016-05-24","2016-05-25T14:30Z","2016-07-03T14:00Z","NEON.LTR.HARV042557.20160524","NEON.LTR.HARV042557.20160524.MXT","NEON.DOC.001710vE","Mixed",0,"N",NA,"K8XKz/Su/rT+w2xSzXRL58VgqCnbmk0e"
"10299ecf-dece-4167-8a67-04d92d0851ba","HARV_048.basePlot.ltr","D01","HARV","HARV_048","HARV_048_701","2016-05-25","2016-03-23","2016-05-16","2016-05-20T16:30Z","2016-05-25T14:20Z","NEON.LTR.HARV048701.20160516","NEON.LTR.HARV048701.20160516.FLR","NEON.DOC.001710vE","Flowers",0.06,"N",NA,"4fwqTWf6TJUgX1b061gRBN/1LlNKYVNd"
"fdc86e47-712c-4f4c-8860-3e00df3dbd19","HARV_048.basePlot.ltr","D01","HARV","HARV_048","HARV_048_701","2016-05-25","2016-03-23","2016-05-16","2016-05-20T16:30Z","2016-05-25T14:20Z","NEON.LTR.HARV048701.20160516","NEON.LTR.HARV048701.20160516.TWI","NEON.DOC.001710vE","Twigs/branches",1.95,"N",NA,"4fwqTWf6TJUgX1b061gRBN/1LlNKYVNd"
"8e35dd31-c8f9-45b2-9a3c-1dbf7dfcf1a5","HARV_048.basePlot.ltr","D01","HARV","HARV_048","HARV_048_701","2016-05-25","2016-03-23","2016-05-16","2016-05-20T16:30Z","2016-05-25T14:20Z","NEON.LTR.HARV048701.20160516","NEON.LTR.HARV048701.20160516.LVS","NEON.DOC.001710vE","Leaves",1.06,"N",NA,"4fwqTWf6TJUgX1b061gRBN/1LlNKYVNd"
"891ef6b5-1a25-4fe9-a778-6ee6c824d4d1","HARV_048.basePlot.ltr","D01","HARV","HARV_048","HARV_048_701","2016-05-25","2016-03-23","2016-05-16","2016-05-20T16:30Z","2016-05-25T14:20Z","NEON.LTR.HARV048701.20160516","NEON.LTR.HARV048701.20160516.WDY","NEON.DOC.001710vE","Woody material",0.1,"N",NA,"4fwqTWf6TJUgX1b061gRBN/1LlNKYVNd"
"1afbe70b-bb30-4880-aafd-72d5423b2e26","HARV_048.basePlot.ltr","D01","HARV","HARV_048","HARV_048_701","2016-05-25","2016-03-23","2016-05-16","2016-05-20T16:30Z","2016-05-25T14:20Z","NEON.LTR.HARV048701.20160516","NEON.LTR.HARV048701.20160516.OTH","NEON.DOC.001710vE","Other",1.41,"N",NA,"4fwqTWf6TJUgX1b061gRBN/1LlNKYVNd"
"bc65c28a-f72c-47aa-a153-7f9c225605a9","HARV_048.basePlot.ltr","D01","HARV","HARV_048","HARV_048_701","2016-05-25","2016-03-23","2016-05-16","2016-05-20T16:30Z","2016-05-25T14:20Z","NEON.LTR.HARV048701.20160516","NEON.LTR.HARV048701.20160516.SDS","NEON.DOC.001710vE","Seeds",0,"N",NA,"4fwqTWf6TJUgX1b061gRBN/1LlNKYVNd"
"793a3207-981d-4901-9c01-1057a0a504a4","HARV_048.basePlot.ltr","D01","HARV","HARV_048","HARV_048_701","2016-05-25","2016-03-23","2016-05-16","2016-05-20T16:30Z","2016-05-25T14:20Z","NEON.LTR.HARV048701.20160516","NEON.LTR.HARV048701.20160516.NDL","NEON.DOC.001710vE","Needles",0.86,"N",NA,"4fwqTWf6TJUgX1b061gRBN/1LlNKYVNd"
"eb0a390f-ca48-4256-b870-f517b340d7b4","HARV_038.basePlot.ltr","D01","HARV","HARV_038","HARV_038_363","2016-05-25","2016-03-23","2016-05-16","2016-05-20T16:30Z","2016-05-25T14:20Z","NEON.LTR.HARV038363.20160516","NEON.LTR.HARV038363.20160516.SDS","NEON.DOC.001710vE","Seeds",0,"N",NA,"4fwqTWf6TJUgX1b061gRBN/1LlNKYVNd"
"878cd09f-86a0-4a78-a2e1-e0b8794bd9be","HARV_038.basePlot.ltr","D01","HARV","HARV_038","HARV_038_363","2016-05-25","2016-03-23","2016-05-16","2016-05-20T16:30Z","2016-05-25T14:20Z","NEON.LTR.HARV038363.20160516","NEON.LTR.HARV038363.20160516.OTH","NEON.DOC.001710vE","Other",3.71,"N",NA,"4fwqTWf6TJUgX1b061gRBN/1LlNKYVNd"
"c064f079-6c23-4c41-a64f-009c09af2897","HARV_038.basePlot.ltr","D01","HARV","HARV_038","HARV_038_363","2016-05-25","2016-03-23","2016-05-16","2016-05-20T16:30Z","2016-05-25T14:20Z","NEON.LTR.HARV038363.20160516","NEON.LTR.HARV038363.20160516.TWI","NEON.DOC.001710vE","Twigs/branches",3.05,"Y",NA,"4fwqTWf6TJUgX1b061gRBN/1LlNKYVNd"
"a9f69097-cee4-489e-a9d8-c20b7d5f8a16","HARV_051.basePlot.ltr","D01","HARV","HARV_051","HARV_051_701","2016-05-25","2016-03-23","2016-05-16","2016-05-20T16:30Z","2016-05-25T14:20Z","NEON.LTR.HARV051701.20160516","NEON.LTR.HARV051701.20160516.WDY","NEON.DOC.001710vE","Woody material",0.19,"N",NA,"4fwqTWf6TJUgX1b061gRBN/1LlNKYVNd"
"b087d733-9f6b-4eed-8d11-01bb49d6d699","HARV_038.basePlot.ltr","D01","HARV","HARV_038","HARV_038_363","2016-05-25","2016-03-23","2016-05-16","2016-05-20T16:30Z","2016-05-25T14:20Z","NEON.LTR.HARV038363.20160516","NEON.LTR.HARV038363.20160516.WDY","NEON.DOC.001710vE","Woody material",0.06,"N",NA,"4fwqTWf6TJUgX1b061gRBN/1LlNKYVNd"
"266d5523-17b4-4cc6-881c-4891b5d008ad","HARV_051.basePlot.ltr","D01","HARV","HARV_051","HARV_051_701","2016-05-25","2016-03-23","2016-05-16","2016-05-20T16:30Z","2016-05-25T14:20Z","NEON.LTR.HARV051701.20160516","NEON.LTR.HARV051701.20160516.SDS","NEON.DOC.001710vE","Seeds",0.03,"N",NA,"4fwqTWf6TJUgX1b061gRBN/1LlNKYVNd"
"2a99341f-17b1-4a2e-8ada-90b776cd7ca0","HARV_051.basePlot.ltr","D01","HARV","HARV_051","HARV_051_701","2016-05-25","2016-03-23","2016-05-16","2016-05-20T16:30Z","2016-05-25T14:20Z","NEON.LTR.HARV051701.20160516","NEON.LTR.HARV051701.20160516.LVS","NEON.DOC.001710vE","Leaves",0.47,"N",NA,"4fwqTWf6TJUgX1b061gRBN/1LlNKYVNd"
"b5f1817d-0d3c-4169-9768-91817ba9b6aa","HARV_038.basePlot.ltr","D01","HARV","HARV_038","HARV_038_363","2016-05-25","2016-03-23","2016-05-16","2016-05-20T16:30Z","2016-05-25T14:20Z","NEON.LTR.HARV038363.20160516","NEON.LTR.HARV038363.20160516.FLR","NEON.DOC.001710vE","Flowers",4.64,"Y",NA,"4fwqTWf6TJUgX1b061gRBN/1LlNKYVNd"
"49e3fda4-9afa-4cf2-a5b0-fbd0525ef800","HARV_038.basePlot.ltr","D01","HARV","HARV_038","HARV_038_363","2016-05-25","2016-03-23","2016-05-16","2016-05-20T16:30Z","2016-05-25T14:20Z","NEON.LTR.HARV038363.20160516","NEON.LTR.HARV038363.20160516.NDL","NEON.DOC.001710vE","Needles",1.75,"N",NA,"4fwqTWf6TJUgX1b061gRBN/1LlNKYVNd"
"d730bb9c-13cd-42fb-8edd-12775f3489ce","HARV_051.basePlot.ltr","D01","HARV","HARV_051","HARV_051_701","2016-05-25","2016-03-23","2016-05-16","2016-05-20T16:30Z","2016-05-25T14:20Z","NEON.LTR.HARV051701.20160516","NEON.LTR.HARV051701.20160516.FLR","NEON.DOC.001710vE","Flowers",1.72,"Y",NA,"4fwqTWf6TJUgX1b061gRBN/1LlNKYVNd"
"ae2af632-0c43-4d41-b89e-d55718d601e2","HARV_038.basePlot.ltr","D01","HARV","HARV_038","HARV_038_363","2016-05-25","2016-03-23","2016-05-16","2016-05-20T16:30Z","2016-05-25T14:20Z","NEON.LTR.HARV038363.20160516","NEON.LTR.HARV038363.20160516.LVS","NEON.DOC.001710vE","Leaves",0.32,"N",NA,"4fwqTWf6TJUgX1b061gRBN/1LlNKYVNd"
"f0df0d3f-1edb-4e30-b985-62bff2b92b92","HARV_051.basePlot.ltr","D01","HARV","HARV_051","HARV_051_701","2016-05-25","2016-03-23","2016-05-16","2016-05-20T16:30Z","2016-05-25T14:20Z","NEON.LTR.HARV051701.20160516","NEON.LTR.HARV051701.20160516.TWI","NEON.DOC.001710vE","Twigs/branches",0.34,"N",NA,"4fwqTWf6TJUgX1b061gRBN/1LlNKYVNd"
"199e88bc-026a-4f5e-8847-3130c249840a","HARV_051.basePlot.ltr","D01","HARV","HARV_051","HARV_051_701","2016-05-25","2016-03-23","2016-05-16","2016-05-20T16:30Z","2016-05-25T14:20Z","NEON.LTR.HARV051701.20160516","NEON.LTR.HARV051701.20160516.NDL","NEON.DOC.001710vE","Needles",1.26,"N",NA,"4fwqTWf6TJUgX1b061gRBN/1LlNKYVNd"
"578e5ed5-0651-402e-9c2c-e728c2699aa3","HARV_051.basePlot.ltr","D01","HARV","HARV_051","HARV_051_701","2016-05-25","2016-03-23","2016-05-16","2016-05-20T16:30Z","2016-05-25T14:20Z","NEON.LTR.HARV051701.20160516","NEON.LTR.HARV051701.20160516.OTH","NEON.DOC.001710vE","Other",3.74,"N",NA,"4fwqTWf6TJUgX1b061gRBN/1LlNKYVNd"
"9049828c-c219-4833-91a6-8f5ca7ce0af2","HARV_044.basePlot.ltr","D01","HARV","HARV_044","HARV_044_111","2016-05-25","2016-03-23","2016-05-16","2016-05-20T16:30Z","2016-05-25T14:20Z","NEON.LTR.HARV044111.20160516","NEON.LTR.HARV044111.20160516.TWI","NEON.DOC.001710vE","Twigs/branches",0.86,"N",NA,"4fwqTWf6TJUgX1b061gRBN/1LlNKYVNd"
"8085df8a-c7b6-4a04-8a82-4e3dc8c842da","HARV_044.basePlot.ltr","D01","HARV","HARV_044","HARV_044_111","2016-05-25","2016-03-23","2016-05-16","2016-05-20T16:30Z","2016-05-25T14:20Z","NEON.LTR.HARV044111.20160516","NEON.LTR.HARV044111.20160516.OTH","NEON.DOC.001710vE","Other",2.98,"N",NA,"4fwqTWf6TJUgX1b061gRBN/1LlNKYVNd"
"eb58f8e7-176f-4ba9-904a-190e9db3a3bc","HARV_044.basePlot.ltr","D01","HARV","HARV_044","HARV_044_111","2016-05-25","2016-03-23","2016-05-16","2016-05-20T16:30Z","2016-05-25T14:20Z","NEON.LTR.HARV044111.20160516","NEON.LTR.HARV044111.20160516.LVS","NEON.DOC.001710vE","Leaves",0.19,"N",NA,"4fwqTWf6TJUgX1b061gRBN/1LlNKYVNd"
"57d997c3-4643-4690-ba31-e9ed4caa21f3","HARV_044.basePlot.ltr","D01","HARV","HARV_044","HARV_044_111","2016-05-25","2016-03-23","2016-05-16","2016-05-20T16:30Z","2016-05-25T14:20Z","NEON.LTR.HARV044111.20160516","NEON.LTR.HARV044111.20160516.FLR","NEON.DOC.001710vE","Flowers",4.26,"N",NA,"4fwqTWf6TJUgX1b061gRBN/1LlNKYVNd"
"bd0e12e0-2a78-4e6e-802c-51d9dc9eaa37","HARV_044.basePlot.ltr","D01","HARV","HARV_044","HARV_044_111","2016-05-25","2016-03-23","2016-05-16","2016-05-20T16:30Z","2016-05-25T14:20Z","NEON.LTR.HARV044111.20160516","NEON.LTR.HARV044111.20160516.WDY","NEON.DOC.001710vE","Woody material",1.02,"N",NA,"4fwqTWf6TJUgX1b061gRBN/1LlNKYVNd"
"2f525ba1-bed2-4e6a-8957-c11ce2f362ae","HARV_044.basePlot.ltr","D01","HARV","HARV_044","HARV_044_111","2016-05-25","2016-03-23","2016-05-16","2016-05-20T16:30Z","2016-05-25T14:20Z","NEON.LTR.HARV044111.20160516","NEON.LTR.HARV044111.20160516.NDL","NEON.DOC.001710vE","Needles",3.51,"N",NA,"4fwqTWf6TJUgX1b061gRBN/1LlNKYVNd"
"c69ec684-2fa8-44eb-9d35-89dbd7c941f1","HARV_044.basePlot.ltr","D01","HARV","HARV_044","HARV_044_111","2016-05-25","2016-03-23","2016-05-16","2016-05-20T16:30Z","2016-05-25T14:20Z","NEON.LTR.HARV044111.20160516","NEON.LTR.HARV044111.20160516.SDS","NEON.DOC.001710vE","Seeds",0,"N",NA,"4fwqTWf6TJUgX1b061gRBN/1LlNKYVNd"
"6c2f1129-aece-4098-b38b-046ffb55798f","HARV_047.basePlot.ltr","D01","HARV","HARV_047","HARV_047_111","2016-05-25","2016-03-23","2016-05-16","2016-05-20T16:30Z","2016-05-25T14:20Z","NEON.LTR.HARV047111.20160516","NEON.LTR.HARV047111.20160516.LVS","NEON.DOC.001710vE","Leaves",0.67,"N",NA,"4fwqTWf6TJUgX1b061gRBN/1LlNKYVNd"
"69a0fde5-fd11-4a5a-b948-99d2defde55d","HARV_047.basePlot.ltr","D01","HARV","HARV_047","HARV_047_111","2016-05-25","2016-03-23","2016-05-16","2016-05-20T16:30Z","2016-05-25T14:20Z","NEON.LTR.HARV047111.20160516","NEON.LTR.HARV047111.20160516.OTH","NEON.DOC.001710vE","Other",1.45,"N",NA,"4fwqTWf6TJUgX1b061gRBN/1LlNKYVNd"
"bc569438-60c5-4b48-9fe3-036102a3844d","HARV_047.basePlot.ltr","D01","HARV","HARV_047","HARV_047_111","2016-05-25","2016-03-23","2016-05-16","2016-05-20T16:30Z","2016-05-25T14:20Z","NEON.LTR.HARV047111.20160516","NEON.LTR.HARV047111.20160516.NDL","NEON.DOC.001710vE","Needles",0.03,"N",NA,"4fwqTWf6TJUgX1b061gRBN/1LlNKYVNd"
"b0caa4ee-4798-4e76-ad39-43f80c9a24f7","HARV_047.basePlot.ltr","D01","HARV","HARV_047","HARV_047_111","2016-05-25","2016-03-23","2016-05-16","2016-05-20T16:30Z","2016-05-25T14:20Z","NEON.LTR.HARV047111.20160516","NEON.LTR.HARV047111.20160516.FLR","NEON.DOC.001710vE","Flowers",0.25,"N",NA,"4fwqTWf6TJUgX1b061gRBN/1LlNKYVNd"
"71d45dbb-150b-449f-a3de-1c64f6b9605d","HARV_047.basePlot.ltr","D01","HARV","HARV_047","HARV_047_111","2016-05-25","2016-03-23","2016-05-16","2016-05-20T16:30Z","2016-05-25T14:20Z","NEON.LTR.HARV047111.20160516","NEON.LTR.HARV047111.20160516.TWI","NEON.DOC.001710vE","Twigs/branches",0,"N",NA,"4fwqTWf6TJUgX1b061gRBN/1LlNKYVNd"
"06751219-0981-4ea0-9567-7a34191d325e","HARV_047.basePlot.ltr","D01","HARV","HARV_047","HARV_047_111","2016-05-25","2016-03-23","2016-05-16","2016-05-20T16:30Z","2016-05-25T14:20Z","NEON.LTR.HARV047111.20160516","NEON.LTR.HARV047111.20160516.WDY","NEON.DOC.001710vE","Woody material",0.07,"N",NA,"4fwqTWf6TJUgX1b061gRBN/1LlNKYVNd"
"31370510-3163-44eb-b4b6-f42573f6bf96","HARV_047.basePlot.ltr","D01","HARV","HARV_047","HARV_047_111","2016-05-25","2016-03-23","2016-05-16","2016-05-20T16:30Z","2016-05-25T14:20Z","NEON.LTR.HARV047111.20160516","NEON.LTR.HARV047111.20160516.SDS","NEON.DOC.001710vE","Seeds",0.005,"Y",NA,"4fwqTWf6TJUgX1b061gRBN/1LlNKYVNd"
"f748d4ad-66a5-4a6d-af66-630ee67022b7","HARV_042.basePlot.ltr","D01","HARV","HARV_042","HARV_042_858","2016-05-25","2016-03-23","2016-05-16","2016-05-20T16:30Z","2016-05-25T14:20Z","NEON.LTR.HARV042858.20160516","NEON.LTR.HARV042858.20160516.NDL","NEON.DOC.001710vE","Needles",1.8,"N",NA,"4fwqTWf6TJUgX1b061gRBN/1LlNKYVNd"
"a5465cd0-713a-4e76-b1be-b09053f94673","HARV_042.basePlot.ltr","D01","HARV","HARV_042","HARV_042_858","2016-05-25","2016-03-23","2016-05-16","2016-05-20T16:30Z","2016-05-25T14:20Z","NEON.LTR.HARV042858.20160516","NEON.LTR.HARV042858.20160516.OTH","NEON.DOC.001710vE","Other",2.45,"N",NA,"4fwqTWf6TJUgX1b061gRBN/1LlNKYVNd"
"088d6a21-9c52-4da8-80dd-4d26f15b5523","HARV_042.basePlot.ltr","D01","HARV","HARV_042","HARV_042_858","2016-05-25","2016-03-23","2016-05-16","2016-05-20T16:30Z","2016-05-25T14:20Z","NEON.LTR.HARV042858.20160516","NEON.LTR.HARV042858.20160516.FLR","NEON.DOC.001710vE","Flowers",1.58,"N",NA,"4fwqTWf6TJUgX1b061gRBN/1LlNKYVNd"
"c23b90d5-e84b-4311-98f3-c6c3124f5414","HARV_042.basePlot.ltr","D01","HARV","HARV_042","HARV_042_858","2016-05-25","2016-03-23","2016-05-16","2016-05-20T16:30Z","2016-05-25T14:20Z","NEON.LTR.HARV042858.20160516","NEON.LTR.HARV042858.20160516.TWI","NEON.DOC.001710vE","Twigs/branches",0.74,"N",NA,"4fwqTWf6TJUgX1b061gRBN/1LlNKYVNd"
"6e9aa5fc-f230-4187-b183-72d54382dde9","HARV_042.basePlot.ltr","D01","HARV","HARV_042","HARV_042_858","2016-05-25","2016-03-23","2016-05-16","2016-05-20T16:30Z","2016-05-25T14:20Z","NEON.LTR.HARV042858.20160516","NEON.LTR.HARV042858.20160516.WDY","NEON.DOC.001710vE","Woody material",0.17,"N",NA,"4fwqTWf6TJUgX1b061gRBN/1LlNKYVNd"
"6b0db236-cf89-4388-830e-19076d445367","HARV_042.basePlot.ltr","D01","HARV","HARV_042","HARV_042_858","2016-05-25","2016-03-23","2016-05-16","2016-05-20T16:30Z","2016-05-25T14:20Z","NEON.LTR.HARV042858.20160516","NEON.LTR.HARV042858.20160516.SDS","NEON.DOC.001710vE","Seeds",0,"N",NA,"4fwqTWf6TJUgX1b061gRBN/1LlNKYVNd"
"afc6183e-5260-4462-a162-c3fc14e21854","HARV_042.basePlot.ltr","D01","HARV","HARV_042","HARV_042_858","2016-05-25","2016-03-23","2016-05-16","2016-05-20T16:30Z","2016-05-25T14:20Z","NEON.LTR.HARV042858.20160516","NEON.LTR.HARV042858.20160516.LVS","NEON.DOC.001710vE","Leaves",0.95,"N",NA,"4fwqTWf6TJUgX1b061gRBN/1LlNKYVNd"
"a9d4df75-a921-40c0-9a65-6d49b5066690","HARV_040.basePlot.ltr","D01","HARV","HARV_040","HARV_040_292","2016-05-25","2016-03-23","2016-05-16","2016-05-20T16:30Z","2016-05-25T14:20Z","NEON.LTR.HARV040292.20160516","NEON.LTR.HARV040292.20160516.FLR","NEON.DOC.001710vE","Flowers",0.35,"N",NA,"4fwqTWf6TJUgX1b061gRBN/1LlNKYVNd"
"4cb7e8bc-2364-4dfe-a4ec-b023028a69d1","HARV_040.basePlot.ltr","D01","HARV","HARV_040","HARV_040_292","2016-05-25","2016-03-23","2016-05-16","2016-05-20T16:30Z","2016-05-25T14:20Z","NEON.LTR.HARV040292.20160516","NEON.LTR.HARV040292.20160516.OTH","NEON.DOC.001710vE","Other",0.98,"N",NA,"4fwqTWf6TJUgX1b061gRBN/1LlNKYVNd"
"582b162b-9b17-40f9-b96f-950ab93aa486","HARV_040.basePlot.ltr","D01","HARV","HARV_040","HARV_040_292","2016-05-25","2016-03-23","2016-05-16","2016-05-20T16:30Z","2016-05-25T14:20Z","NEON.LTR.HARV040292.20160516","NEON.LTR.HARV040292.20160516.SDS","NEON.DOC.001710vE","Seeds",0,"N",NA,"4fwqTWf6TJUgX1b061gRBN/1LlNKYVNd"
"f6406a80-032a-4b7d-b597-1df4767b9530","HARV_040.basePlot.ltr","D01","HARV","HARV_040","HARV_040_292","2016-05-25","2016-03-23","2016-05-16","2016-05-20T16:30Z","2016-05-25T14:20Z","NEON.LTR.HARV040292.20160516","NEON.LTR.HARV040292.20160516.NDL","NEON.DOC.001710vE","Needles",0.11,"N",NA,"4fwqTWf6TJUgX1b061gRBN/1LlNKYVNd"
"3eb9f52b-293c-4fde-8fe8-f35982531d9c","HARV_040.basePlot.ltr","D01","HARV","HARV_040","HARV_040_292","2016-05-25","2016-03-23","2016-05-16","2016-05-20T16:30Z","2016-05-25T14:20Z","NEON.LTR.HARV040292.20160516","NEON.LTR.HARV040292.20160516.TWI","NEON.DOC.001710vE","Twigs/branches",0.11,"Y",NA,"4fwqTWf6TJUgX1b061gRBN/1LlNKYVNd"
"55d01e82-85d1-44e0-a8b5-3640af1c17d7","HARV_046.basePlot.ltr","D01","HARV","HARV_046","HARV_046_764","2016-05-25","2016-03-23","2016-05-16","2016-05-20T16:30Z","2016-05-25T14:20Z","NEON.LTR.HARV046764.20160516","NEON.LTR.HARV046764.20160516.FLR","NEON.DOC.001710vE","Flowers",0.33,"N",NA,"4fwqTWf6TJUgX1b061gRBN/1LlNKYVNd"
"9976c5fc-2374-420a-9b80-aec3e32d8485","HARV_041.basePlot.ltr","D01","HARV","HARV_041","HARV_041_264","2016-05-25","2016-03-23","2016-05-16","2016-05-20T16:30Z","2016-05-25T14:20Z","NEON.LTR.HARV041264.20160516","NEON.LTR.HARV041264.20160516.LVS","NEON.DOC.001710vE","Leaves",0.21,"N",NA,"4fwqTWf6TJUgX1b061gRBN/1LlNKYVNd"
"3775b9f0-2c44-44de-b42e-c887e8cec84a","HARV_046.basePlot.ltr","D01","HARV","HARV_046","HARV_046_764","2016-05-25","2016-03-23","2016-05-16","2016-05-20T16:30Z","2016-05-25T14:20Z","NEON.LTR.HARV046764.20160516","NEON.LTR.HARV046764.20160516.OTH","NEON.DOC.001710vE","Other",0.3,"N",NA,"4fwqTWf6TJUgX1b061gRBN/1LlNKYVNd"
"aeed65ba-18cd-4c73-9b5f-51b42e804216","HARV_041.basePlot.ltr","D01","HARV","HARV_041","HARV_041_264","2016-05-25","2016-03-23","2016-05-16","2016-05-20T16:30Z","2016-05-25T14:20Z","NEON.LTR.HARV041264.20160516","NEON.LTR.HARV041264.20160516.FLR","NEON.DOC.001710vE","Flowers",0.2,"N",NA,"4fwqTWf6TJUgX1b061gRBN/1LlNKYVNd"
"cdc18422-75d6-46a3-811e-f9c1413a9c37","HARV_041.basePlot.ltr","D01","HARV","HARV_041","HARV_041_264","2016-05-25","2016-03-23","2016-05-16","2016-05-20T16:30Z","2016-05-25T14:20Z","NEON.LTR.HARV041264.20160516","NEON.LTR.HARV041264.20160516.TWI","NEON.DOC.001710vE","Twigs/branches",4.93,"N",NA,"4fwqTWf6TJUgX1b061gRBN/1LlNKYVNd"
"0fc26cd9-e665-4834-8947-97391d882692","HARV_041.basePlot.ltr","D01","HARV","HARV_041","HARV_041_264","2016-05-25","2016-03-23","2016-05-16","2016-05-20T16:30Z","2016-05-25T14:20Z","NEON.LTR.HARV041264.20160516","NEON.LTR.HARV041264.20160516.NDL","NEON.DOC.001710vE","Needles",2.8,"N",NA,"4fwqTWf6TJUgX1b061gRBN/1LlNKYVNd"
"d719f0fd-bf48-4353-aa19-53f28c83da61","HARV_046.basePlot.ltr","D01","HARV","HARV_046","HARV_046_764","2016-05-25","2016-03-23","2016-05-16","2016-05-20T16:30Z","2016-05-25T14:20Z","NEON.LTR.HARV046764.20160516","NEON.LTR.HARV046764.20160516.NDL","NEON.DOC.001710vE","Needles",0.56,"N",NA,"4fwqTWf6TJUgX1b061gRBN/1LlNKYVNd"
"a0455228-a40c-43ed-ac7d-e2e1e918b77d","HARV_046.basePlot.ltr","D01","HARV","HARV_046","HARV_046_764","2016-05-25","2016-03-23","2016-05-16","2016-05-20T16:30Z","2016-05-25T14:20Z","NEON.LTR.HARV046764.20160516","NEON.LTR.HARV046764.20160516.SDS","NEON.DOC.001710vE","Seeds",0.03,"N",NA,"4fwqTWf6TJUgX1b061gRBN/1LlNKYVNd"
"7e590fb6-1bef-4378-b2b6-de4b8c090054","HARV_041.basePlot.ltr","D01","HARV","HARV_041","HARV_041_264","2016-05-25","2016-03-23","2016-05-16","2016-05-20T16:30Z","2016-05-25T14:20Z","NEON.LTR.HARV041264.20160516","NEON.LTR.HARV041264.20160516.OTH","NEON.DOC.001710vE","Other",1.86,"N",NA,"4fwqTWf6TJUgX1b061gRBN/1LlNKYVNd"
"7f4e5c07-4943-43c0-9987-ce9a0f86cdba","HARV_046.basePlot.ltr","D01","HARV","HARV_046","HARV_046_764","2016-05-25","2016-03-23","2016-05-16","2016-05-20T16:30Z","2016-05-25T14:20Z","NEON.LTR.HARV046764.20160516","NEON.LTR.HARV046764.20160516.TWI","NEON.DOC.001710vE","Twigs/branches",0.41,"N",NA,"4fwqTWf6TJUgX1b061gRBN/1LlNKYVNd"
"426d29c5-1953-4d65-a5df-13d03503e048","HARV_046.basePlot.ltr","D01","HARV","HARV_046","HARV_046_764","2016-05-25","2016-03-23","2016-05-16","2016-05-20T16:30Z","2016-05-25T14:20Z","NEON.LTR.HARV046764.20160516","NEON.LTR.HARV046764.20160516.WDY","NEON.DOC.001710vE","Woody material",1.77,"N",NA,"4fwqTWf6TJUgX1b061gRBN/1LlNKYVNd"
"702ee0dd-57cf-43db-8b6e-d3a83fa060f3","HARV_041.basePlot.ltr","D01","HARV","HARV_041","HARV_041_264","2016-05-25","2016-03-23","2016-05-16","2016-05-20T16:30Z","2016-05-25T14:20Z","NEON.LTR.HARV041264.20160516","NEON.LTR.HARV041264.20160516.WDY","NEON.DOC.001710vE","Woody material",1.19,"N",NA,"4fwqTWf6TJUgX1b061gRBN/1LlNKYVNd"
"c1ea67a6-75a5-45af-ab2d-5f27772fad04","HARV_040.basePlot.ltr","D01","HARV","HARV_040","HARV_040_292","2016-05-25","2016-03-23","2016-05-16","2016-05-20T16:30Z","2016-05-25T14:20Z","NEON.LTR.HARV040292.20160516","NEON.LTR.HARV040292.20160516.WDY","NEON.DOC.001710vE","Woody material",0.01,"N",NA,"4fwqTWf6TJUgX1b061gRBN/1LlNKYVNd"
"1c7d95a7-c1c7-4cf1-9d24-60d0f0bc45f5","HARV_046.basePlot.ltr","D01","HARV","HARV_046","HARV_046_764","2016-05-25","2016-03-23","2016-05-16","2016-05-20T16:30Z","2016-05-25T14:20Z","NEON.LTR.HARV046764.20160516","NEON.LTR.HARV046764.20160516.LVS","NEON.DOC.001710vE","Leaves",0.14,"N",NA,"4fwqTWf6TJUgX1b061gRBN/1LlNKYVNd"
"a07886ff-5c0d-4559-a12a-f46865a6e015","HARV_040.basePlot.ltr","D01","HARV","HARV_040","HARV_040_292","2016-05-25","2016-03-23","2016-05-16","2016-05-20T16:30Z","2016-05-25T14:20Z","NEON.LTR.HARV040292.20160516","NEON.LTR.HARV040292.20160516.LVS","NEON.DOC.001710vE","Leaves",0.03,"Y",NA,"4fwqTWf6TJUgX1b061gRBN/1LlNKYVNd"
"82785813-4985-4fe2-be42-ca456d1e89cb","HARV_041.basePlot.ltr","D01","HARV","HARV_041","HARV_041_264","2016-05-25","2016-03-23","2016-05-16","2016-05-20T16:30Z","2016-05-25T14:20Z","NEON.LTR.HARV041264.20160516","NEON.LTR.HARV041264.20160516.SDS","NEON.DOC.001710vE","Seeds",0.005,"N",NA,"4fwqTWf6TJUgX1b061gRBN/1LlNKYVNd"
"a77f1e4a-31b6-4f68-bc73-18290c91a6b9","HARV_037.basePlot.ltr","D01","HARV","HARV_037","HARV_037_849","2016-05-26","2016-03-23","2016-05-16","2016-05-20T16:30Z","2016-05-25T14:20Z","NEON.LTR.HARV037849.20160516","NEON.LTR.HARV037849.20160516.FLR","NEON.DOC.001710vE","Flowers",0.44,"N",NA,"4fwqTWf6TJUgX1b061gRBN/1LlNKYVNd"
"4d6f50e7-25e2-4d2d-8ec7-60e0abd6e5cd","HARV_037.basePlot.ltr","D01","HARV","HARV_037","HARV_037_849","2016-05-26","2016-03-23","2016-05-16","2016-05-20T16:30Z","2016-05-25T14:20Z","NEON.LTR.HARV037849.20160516","NEON.LTR.HARV037849.20160516.SDS","NEON.DOC.001710vE","Seeds",0.02,"N",NA,"4fwqTWf6TJUgX1b061gRBN/1LlNKYVNd"
"ccff34ad-5a5f-4051-bea1-08d7078dab70","HARV_037.basePlot.ltr","D01","HARV","HARV_037","HARV_037_849","2016-05-26","2016-03-23","2016-05-16","2016-05-20T16:30Z","2016-05-25T14:20Z","NEON.LTR.HARV037849.20160516","NEON.LTR.HARV037849.20160516.OTH","NEON.DOC.001710vE","Other",4.25,"Y",NA,"4fwqTWf6TJUgX1b061gRBN/1LlNKYVNd"
"ec1bd9f4-ed1e-4a56-9757-18a85c7fe811","HARV_037.basePlot.ltr","D01","HARV","HARV_037","HARV_037_849","2016-05-26","2016-03-23","2016-05-16","2016-05-20T16:30Z","2016-05-25T14:20Z","NEON.LTR.HARV037849.20160516","NEON.LTR.HARV037849.20160516.LVS","NEON.DOC.001710vE","Leaves",0.27,"N",NA,"4fwqTWf6TJUgX1b061gRBN/1LlNKYVNd"
"3777f39b-ae58-438d-8ac6-db7c355ee189","HARV_037.basePlot.ltr","D01","HARV","HARV_037","HARV_037_849","2016-05-26","2016-03-23","2016-05-16","2016-05-20T16:30Z","2016-05-25T14:20Z","NEON.LTR.HARV037849.20160516","NEON.LTR.HARV037849.20160516.WDY","NEON.DOC.001710vE","Woody material",0.69,"N",NA,"4fwqTWf6TJUgX1b061gRBN/1LlNKYVNd"
"fa09fce3-1481-471b-abcd-2cec3e5fd60d","HARV_037.basePlot.ltr","D01","HARV","HARV_037","HARV_037_849","2016-05-26","2016-03-23","2016-05-16","2016-05-20T16:30Z","2016-05-25T14:20Z","NEON.LTR.HARV037849.20160516","NEON.LTR.HARV037849.20160516.TWI","NEON.DOC.001710vE","Twigs/branches",4.15,"N",NA,"4fwqTWf6TJUgX1b061gRBN/1LlNKYVNd"
"1b9e0b42-d9f4-4ba5-a308-2b4801e3e9fb","HARV_046.basePlot.ltr","D01","HARV","HARV_046","HARV_046_204","2016-05-25","2016-03-23","2016-05-16","2016-05-20T16:30Z","2016-05-25T14:20Z","NEON.LTR.HARV046204.20160516","NEON.LTR.HARV046204.20160516.WDY","NEON.DOC.001710vE","Woody material",0.12,"N",NA,"4fwqTWf6TJUgX1b061gRBN/1LlNKYVNd"
"f72c7a9b-a874-4904-90f8-fbb485d4f83d","HARV_046.basePlot.ltr","D01","HARV","HARV_046","HARV_046_204","2016-05-25","2016-03-23","2016-05-16","2016-05-20T16:30Z","2016-05-25T14:20Z","NEON.LTR.HARV046204.20160516","NEON.LTR.HARV046204.20160516.SDS","NEON.DOC.001710vE","Seeds",0.08,"N",NA,"4fwqTWf6TJUgX1b061gRBN/1LlNKYVNd"
"0c18d4b0-f3ec-4228-9683-ae77ef986d8b","HARV_046.basePlot.ltr","D01","HARV","HARV_046","HARV_046_204","2016-05-25","2016-03-23","2016-05-16","2016-05-20T16:30Z","2016-05-25T14:20Z","NEON.LTR.HARV046204.20160516","NEON.LTR.HARV046204.20160516.FLR","NEON.DOC.001710vE","Flowers",0.66,"N",NA,"4fwqTWf6TJUgX1b061gRBN/1LlNKYVNd"
"ea611fea-01fe-4e2c-9fc6-e32587672c16","HARV_046.basePlot.ltr","D01","HARV","HARV_046","HARV_046_204","2016-05-25","2016-03-23","2016-05-16","2016-05-20T16:30Z","2016-05-25T14:20Z","NEON.LTR.HARV046204.20160516","NEON.LTR.HARV046204.20160516.OTH","NEON.DOC.001710vE","Other",0.47,"N",NA,"4fwqTWf6TJUgX1b061gRBN/1LlNKYVNd"
"0f96241d-e0f0-435c-92a7-11e56c810aef","HARV_046.basePlot.ltr","D01","HARV","HARV_046","HARV_046_204","2016-05-25","2016-03-23","2016-05-16","2016-05-20T16:30Z","2016-05-25T14:20Z","NEON.LTR.HARV046204.20160516","NEON.LTR.HARV046204.20160516.NDL","NEON.DOC.001710vE","Needles",1.27,"Y",NA,"4fwqTWf6TJUgX1b061gRBN/1LlNKYVNd"
"5529bcbc-b287-4a5c-91fc-54e08229e99d","HARV_046.basePlot.ltr","D01","HARV","HARV_046","HARV_046_204","2016-05-25","2016-03-23","2016-05-16","2016-05-20T16:30Z","2016-05-25T14:20Z","NEON.LTR.HARV046204.20160516","NEON.LTR.HARV046204.20160516.LVS","NEON.DOC.001710vE","Leaves",0.11,"N",NA,"4fwqTWf6TJUgX1b061gRBN/1LlNKYVNd"
"8dccb452-75b0-436b-8d15-a4e51abb574b","HARV_046.basePlot.ltr","D01","HARV","HARV_046","HARV_046_204","2016-05-25","2016-03-23","2016-05-16","2016-05-20T16:30Z","2016-05-25T14:20Z","NEON.LTR.HARV046204.20160516","NEON.LTR.HARV046204.20160516.TWI","NEON.DOC.001710vE","Twigs/branches",2.94,"Y",NA,"4fwqTWf6TJUgX1b061gRBN/1LlNKYVNd"
"e05f11f9-c9c6-4981-bdbc-4572969d8da3","HARV_037.basePlot.ltr","D01","HARV","HARV_037","HARV_037_849","2016-05-26","2016-03-23","2016-05-16","2016-05-20T16:30Z","2016-05-25T14:20Z","NEON.LTR.HARV037849.20160516","NEON.LTR.HARV037849.20160516.NDL","NEON.DOC.001710vE","Needles",5.23,"N",NA,"4fwqTWf6TJUgX1b061gRBN/1LlNKYVNd"
"de9bdcd9-9114-44d4-8a22-c4ad5826928e","HARV_035.basePlot.ltr","D01","HARV","HARV_035","HARV_035_402","2016-05-25","2016-03-23","2016-05-16","2016-05-20T16:30Z","2016-05-25T14:20Z","NEON.LTR.HARV035402.20160516","NEON.LTR.HARV035402.20160516.OTH","NEON.DOC.001710vE","Other",3.28,"N",NA,"4fwqTWf6TJUgX1b061gRBN/1LlNKYVNd"
"37cbab85-cee8-4458-bfbd-f8242195fc15","HARV_038.basePlot.ltr","D01","HARV","HARV_038","HARV_038_543","2016-05-25","2016-03-23","2016-05-16","2016-05-20T16:30Z","2016-05-25T14:20Z","NEON.LTR.HARV038543.20160516","NEON.LTR.HARV038543.20160516.NDL","NEON.DOC.001710vE","Needles",0.6,"Y",NA,"4fwqTWf6TJUgX1b061gRBN/1LlNKYVNd"
"f189731c-d6af-4f43-9117-df4818b8c329","HARV_038.basePlot.ltr","D01","HARV","HARV_038","HARV_038_543","2016-05-25","2016-03-23","2016-05-16","2016-05-20T16:30Z","2016-05-25T14:20Z","NEON.LTR.HARV038543.20160516","NEON.LTR.HARV038543.20160516.OTH","NEON.DOC.001710vE","Other",5.09,"N",NA,"4fwqTWf6TJUgX1b061gRBN/1LlNKYVNd"
"2a7f9080-ea69-4bd6-9b66-4ccbab9b03f9","HARV_038.basePlot.ltr","D01","HARV","HARV_038","HARV_038_543","2016-05-25","2016-03-23","2016-05-16","2016-05-20T16:30Z","2016-05-25T14:20Z","NEON.LTR.HARV038543.20160516","NEON.LTR.HARV038543.20160516.SDS","NEON.DOC.001710vE","Seeds",0.04,"N",NA,"4fwqTWf6TJUgX1b061gRBN/1LlNKYVNd"
"b570268e-c6d2-4279-8447-7d6b93d9a1b2","HARV_038.basePlot.ltr","D01","HARV","HARV_038","HARV_038_543","2016-05-25","2016-03-23","2016-05-16","2016-05-20T16:30Z","2016-05-25T14:20Z","NEON.LTR.HARV038543.20160516","NEON.LTR.HARV038543.20160516.FLR","NEON.DOC.001710vE","Flowers",2.82,"N",NA,"4fwqTWf6TJUgX1b061gRBN/1LlNKYVNd"
"97e84fcd-baf6-4051-a760-9e9babb4dc47","HARV_038.basePlot.ltr","D01","HARV","HARV_038","HARV_038_543","2016-05-25","2016-03-23","2016-05-16","2016-05-20T16:30Z","2016-05-25T14:20Z","NEON.LTR.HARV038543.20160516","NEON.LTR.HARV038543.20160516.LVS","NEON.DOC.001710vE","Leaves",0.62,"N",NA,"4fwqTWf6TJUgX1b061gRBN/1LlNKYVNd"
"c7f53332-64da-4a07-8e77-b35089a9c289","HARV_038.basePlot.ltr","D01","HARV","HARV_038","HARV_038_543","2016-05-25","2016-03-23","2016-05-16","2016-05-20T16:30Z","2016-05-25T14:20Z","NEON.LTR.HARV038543.20160516","NEON.LTR.HARV038543.20160516.WDY","NEON.DOC.001710vE","Woody material",0.23,"N",NA,"4fwqTWf6TJUgX1b061gRBN/1LlNKYVNd"
"8c0efeb8-17af-48f8-b910-630e9fc0dc24","HARV_038.basePlot.ltr","D01","HARV","HARV_038","HARV_038_543","2016-05-25","2016-03-23","2016-05-16","2016-05-20T16:30Z","2016-05-25T14:20Z","NEON.LTR.HARV038543.20160516","NEON.LTR.HARV038543.20160516.TWI","NEON.DOC.001710vE","Twigs/branches",0.97,"Y",NA,"4fwqTWf6TJUgX1b061gRBN/1LlNKYVNd"
"a33a12a5-9520-418f-aaaf-cd2c76a0dc92","HARV_035.basePlot.ltr","D01","HARV","HARV_035","HARV_035_402","2016-05-25","2016-03-23","2016-05-16","2016-05-20T16:30Z","2016-05-25T14:20Z","NEON.LTR.HARV035402.20160516","NEON.LTR.HARV035402.20160516.SDS","NEON.DOC.001710vE","Seeds",0.02,"N",NA,"4fwqTWf6TJUgX1b061gRBN/1LlNKYVNd"
"c8c68b5e-d302-4469-85de-0c620b913042","HARV_035.basePlot.ltr","D01","HARV","HARV_035","HARV_035_402","2016-05-25","2016-03-23","2016-05-16","2016-05-20T16:30Z","2016-05-25T14:20Z","NEON.LTR.HARV035402.20160516","NEON.LTR.HARV035402.20160516.NDL","NEON.DOC.001710vE","Needles",3.39,"N",NA,"4fwqTWf6TJUgX1b061gRBN/1LlNKYVNd"
"130041ce-ad5b-4117-9408-bfd67a778ce1","HARV_035.basePlot.ltr","D01","HARV","HARV_035","HARV_035_402","2016-05-25","2016-03-23","2016-05-16","2016-05-20T16:30Z","2016-05-25T14:20Z","NEON.LTR.HARV035402.20160516","NEON.LTR.HARV035402.20160516.WDY","NEON.DOC.001710vE","Woody material",0.09,"N",NA,"4fwqTWf6TJUgX1b061gRBN/1LlNKYVNd"
"0d875dea-d781-414b-99d3-659e53d295cf","HARV_035.basePlot.ltr","D01","HARV","HARV_035","HARV_035_402","2016-05-25","2016-03-23","2016-05-16","2016-05-20T16:30Z","2016-05-25T14:20Z","NEON.LTR.HARV035402.20160516","NEON.LTR.HARV035402.20160516.LVS","NEON.DOC.001710vE","Leaves",0.04,"N",NA,"4fwqTWf6TJUgX1b061gRBN/1LlNKYVNd"
"ffd38abf-b29f-4943-8241-ad6bc4896af9","HARV_035.basePlot.ltr","D01","HARV","HARV_035","HARV_035_402","2016-05-25","2016-03-23","2016-05-16","2016-05-20T16:30Z","2016-05-25T14:20Z","NEON.LTR.HARV035402.20160516","NEON.LTR.HARV035402.20160516.FLR","NEON.DOC.001710vE","Flowers",0.2,"N",NA,"4fwqTWf6TJUgX1b061gRBN/1LlNKYVNd"
"3045a287-5e99-4005-b95f-f78ac52662c3","HARV_035.basePlot.ltr","D01","HARV","HARV_035","HARV_035_402","2016-05-25","2016-03-23","2016-05-16","2016-05-20T16:30Z","2016-05-25T14:20Z","NEON.LTR.HARV035402.20160516","NEON.LTR.HARV035402.20160516.TWI","NEON.DOC.001710vE","Twigs/branches",1.31,"N",NA,"4fwqTWf6TJUgX1b061gRBN/1LlNKYVNd"
"c998ef32-5db9-41f0-97a9-d33dae600bf3","HARV_044.basePlot.ltr","D01","HARV","HARV_044","HARV_044_815","2016-05-25","2016-03-23","2016-05-16","2016-05-20T16:30Z","2016-05-25T14:20Z","NEON.LTR.HARV044815.20160516","NEON.LTR.HARV044815.20160516.SDS","NEON.DOC.001710vE","Seeds",0.02,"N",NA,"4fwqTWf6TJUgX1b061gRBN/1LlNKYVNd"
"7d32a61b-508a-4134-8b1b-ba53b1412d0b","HARV_044.basePlot.ltr","D01","HARV","HARV_044","HARV_044_815","2016-05-25","2016-03-23","2016-05-16","2016-05-20T16:30Z","2016-05-25T14:20Z","NEON.LTR.HARV044815.20160516","NEON.LTR.HARV044815.20160516.FLR","NEON.DOC.001710vE","Flowers",2.66,"N",NA,"4fwqTWf6TJUgX1b061gRBN/1LlNKYVNd"
"c48e9b3e-0a1f-471f-927a-ffcea75cdd46","HARV_044.basePlot.ltr","D01","HARV","HARV_044","HARV_044_815","2016-05-25","2016-03-23","2016-05-16","2016-05-20T16:30Z","2016-05-25T14:20Z","NEON.LTR.HARV044815.20160516","NEON.LTR.HARV044815.20160516.OTH","NEON.DOC.001710vE","Other",1.13,"N",NA,"4fwqTWf6TJUgX1b061gRBN/1LlNKYVNd"
"b390f863-1d25-4b4e-a3ac-ecc18d217077","HARV_044.basePlot.ltr","D01","HARV","HARV_044","HARV_044_815","2016-05-25","2016-03-23","2016-05-16","2016-05-20T16:30Z","2016-05-25T14:20Z","NEON.LTR.HARV044815.20160516","NEON.LTR.HARV044815.20160516.WDY","NEON.DOC.001710vE","Woody material",0.06,"Y",NA,"4fwqTWf6TJUgX1b061gRBN/1LlNKYVNd"
"d9d0eb67-9815-41da-8cd0-69c68d73172a","HARV_044.basePlot.ltr","D01","HARV","HARV_044","HARV_044_815","2016-05-25","2016-03-23","2016-05-16","2016-05-20T16:30Z","2016-05-25T14:20Z","NEON.LTR.HARV044815.20160516","NEON.LTR.HARV044815.20160516.TWI","NEON.DOC.001710vE","Twigs/branches",0.1,"N",NA,"4fwqTWf6TJUgX1b061gRBN/1LlNKYVNd"
"938dca92-c6c5-43fe-9cdb-6a585865254a","HARV_044.basePlot.ltr","D01","HARV","HARV_044","HARV_044_815","2016-05-25","2016-03-23","2016-05-16","2016-05-20T16:30Z","2016-05-25T14:20Z","NEON.LTR.HARV044815.20160516","NEON.LTR.HARV044815.20160516.LVS","NEON.DOC.001710vE","Leaves",0.9,"N",NA,"4fwqTWf6TJUgX1b061gRBN/1LlNKYVNd"
"eb1d52b5-0a80-4ddf-a5dd-8908c44f32c5","HARV_044.basePlot.ltr","D01","HARV","HARV_044","HARV_044_815","2016-05-25","2016-03-23","2016-05-16","2016-05-20T16:30Z","2016-05-25T14:20Z","NEON.LTR.HARV044815.20160516","NEON.LTR.HARV044815.20160516.NDL","NEON.DOC.001710vE","Needles",0.27,"N",NA,"4fwqTWf6TJUgX1b061gRBN/1LlNKYVNd"
"c6cbcde5-46e8-4785-b060-4c9b3b92c2f2","HARV_035.basePlot.ltr","D01","HARV","HARV_035","HARV_035_120","2016-05-26","2016-03-23","2016-05-16","2016-05-20T16:30Z","2016-05-25T14:20Z","NEON.LTR.HARV035120.20160516","NEON.LTR.HARV035120.20160516.SDS","NEON.DOC.001710vE","Seeds",0.02,"N",NA,"4fwqTWf6TJUgX1b061gRBN/1LlNKYVNd"
"1be3c3e4-88b2-4b26-b7f3-cce90c53ff05","HARV_035.basePlot.ltr","D01","HARV","HARV_035","HARV_035_120","2016-05-26","2016-03-23","2016-05-16","2016-05-20T16:30Z","2016-05-25T14:20Z","NEON.LTR.HARV035120.20160516","NEON.LTR.HARV035120.20160516.NDL","NEON.DOC.001710vE","Needles",1.44,"N",NA,"4fwqTWf6TJUgX1b061gRBN/1LlNKYVNd"
"e19f8a51-91eb-4749-808c-e8e6dd1ae061","HARV_035.basePlot.ltr","D01","HARV","HARV_035","HARV_035_120","2016-05-26","2016-03-23","2016-05-16","2016-05-20T16:30Z","2016-05-25T14:20Z","NEON.LTR.HARV035120.20160516","NEON.LTR.HARV035120.20160516.OTH","NEON.DOC.001710vE","Other",5.94,"N",NA,"4fwqTWf6TJUgX1b061gRBN/1LlNKYVNd"
"7bdafe3c-bf23-41a7-af2e-37d46876b406","HARV_035.basePlot.ltr","D01","HARV","HARV_035","HARV_035_120","2016-05-26","2016-03-23","2016-05-16","2016-05-20T16:30Z","2016-05-25T14:20Z","NEON.LTR.HARV035120.20160516","NEON.LTR.HARV035120.20160516.LVS","NEON.DOC.001710vE","Leaves",0.23,"Y",NA,"4fwqTWf6TJUgX1b061gRBN/1LlNKYVNd"
"39e662de-736b-4d74-8c62-63692994a3d9","HARV_049.basePlot.ltr","D01","HARV","HARV_049","HARV_049_890","2016-05-25","2016-03-23","2016-05-16","2016-05-20T16:30Z","2016-05-25T14:20Z","NEON.LTR.HARV049890.20160516","NEON.LTR.HARV049890.20160516.OTH","NEON.DOC.001710vE","Other",9.66,"Y",NA,"4fwqTWf6TJUgX1b061gRBN/1LlNKYVNd"
"f922424c-44e7-4e44-8f50-111a712ac2a8","HARV_049.basePlot.ltr","D01","HARV","HARV_049","HARV_049_890","2016-05-25","2016-03-23","2016-05-16","2016-05-20T16:30Z","2016-05-25T14:20Z","NEON.LTR.HARV049890.20160516","NEON.LTR.HARV049890.20160516.LVS","NEON.DOC.001710vE","Leaves",0.42,"N",NA,"4fwqTWf6TJUgX1b061gRBN/1LlNKYVNd"
"d4f59f79-e22c-4ae4-8603-92535876eb14","HARV_042.basePlot.ltr","D01","HARV","HARV_042","HARV_042_699","2016-05-26","2016-03-23","2016-05-16","2016-05-20T16:30Z","2016-05-25T14:20Z","NEON.LTR.HARV042699.20160516","NEON.LTR.HARV042699.20160516.SDS","NEON.DOC.001710vE","Seeds",0.005,"N",NA,"4fwqTWf6TJUgX1b061gRBN/1LlNKYVNd"
"76fa7a2e-95de-4dea-91e4-66723c832926","HARV_042.basePlot.ltr","D01","HARV","HARV_042","HARV_042_699","2016-05-26","2016-03-23","2016-05-16","2016-05-20T16:30Z","2016-05-25T14:20Z","NEON.LTR.HARV042699.20160516","NEON.LTR.HARV042699.20160516.LVS","NEON.DOC.001710vE","Leaves",0.24,"N",NA,"4fwqTWf6TJUgX1b061gRBN/1LlNKYVNd"
"1d1f0681-33a9-4397-8764-d25e80ba3780","HARV_049.basePlot.ltr","D01","HARV","HARV_049","HARV_049_890","2016-05-25","2016-03-23","2016-05-16","2016-05-20T16:30Z","2016-05-25T14:20Z","NEON.LTR.HARV049890.20160516","NEON.LTR.HARV049890.20160516.FLR","NEON.DOC.001710vE","Flowers",0.59,"N",NA,"4fwqTWf6TJUgX1b061gRBN/1LlNKYVNd"
"659b7df7-7f6d-48d2-b9e0-1dd42798563e","HARV_042.basePlot.ltr","D01","HARV","HARV_042","HARV_042_699","2016-05-26","2016-03-23","2016-05-16","2016-05-20T16:30Z","2016-05-25T14:20Z","NEON.LTR.HARV042699.20160516","NEON.LTR.HARV042699.20160516.FLR","NEON.DOC.001710vE","Flowers",0.19,"N",NA,"4fwqTWf6TJUgX1b061gRBN/1LlNKYVNd"
"e137c8e0-5303-409e-b614-1a0ebeba90ff","HARV_035.basePlot.ltr","D01","HARV","HARV_035","HARV_035_120","2016-05-26","2016-03-23","2016-05-16","2016-05-20T16:30Z","2016-05-25T14:20Z","NEON.LTR.HARV035120.20160516","NEON.LTR.HARV035120.20160516.FLR","NEON.DOC.001710vE","Flowers",0.28,"N",NA,"4fwqTWf6TJUgX1b061gRBN/1LlNKYVNd"
"e22792ea-a322-40a3-b005-8294f3e53432","HARV_049.basePlot.ltr","D01","HARV","HARV_049","HARV_049_890","2016-05-25","2016-03-23","2016-05-16","2016-05-20T16:30Z","2016-05-25T14:20Z","NEON.LTR.HARV049890.20160516","NEON.LTR.HARV049890.20160516.SDS","NEON.DOC.001710vE","Seeds",0,"N",NA,"4fwqTWf6TJUgX1b061gRBN/1LlNKYVNd"
"41a26bf3-4d20-421c-ac34-3aeed84efd68","HARV_042.basePlot.ltr","D01","HARV","HARV_042","HARV_042_699","2016-05-26","2016-03-23","2016-05-16","2016-05-20T16:30Z","2016-05-25T14:20Z","NEON.LTR.HARV042699.20160516","NEON.LTR.HARV042699.20160516.TWI","NEON.DOC.001710vE","Twigs/branches",0.15,"N",NA,"4fwqTWf6TJUgX1b061gRBN/1LlNKYVNd"
"9bb5824e-c796-402b-ac7a-47f254800045","HARV_042.basePlot.ltr","D01","HARV","HARV_042","HARV_042_699","2016-05-26","2016-03-23","2016-05-16","2016-05-20T16:30Z","2016-05-25T14:20Z","NEON.LTR.HARV042699.20160516","NEON.LTR.HARV042699.20160516.WDY","NEON.DOC.001710vE","Woody material",0.12,"N",NA,"4fwqTWf6TJUgX1b061gRBN/1LlNKYVNd"
"30a366be-59bd-4444-8a6b-064976f64f73","HARV_049.basePlot.ltr","D01","HARV","HARV_049","HARV_049_890","2016-05-25","2016-03-23","2016-05-16","2016-05-20T16:30Z","2016-05-25T14:20Z","NEON.LTR.HARV049890.20160516","NEON.LTR.HARV049890.20160516.TWI","NEON.DOC.001710vE","Twigs/branches",1.73,"N",NA,"4fwqTWf6TJUgX1b061gRBN/1LlNKYVNd"
"32ca1824-0105-4bec-97bb-aeb5a0603717","HARV_042.basePlot.ltr","D01","HARV","HARV_042","HARV_042_699","2016-05-26","2016-03-23","2016-05-16","2016-05-20T16:30Z","2016-05-25T14:20Z","NEON.LTR.HARV042699.20160516","NEON.LTR.HARV042699.20160516.OTH","NEON.DOC.001710vE","Other",1.89,"N",NA,"4fwqTWf6TJUgX1b061gRBN/1LlNKYVNd"
"ae504ed0-064e-496b-828a-0496ab9279f6","HARV_049.basePlot.ltr","D01","HARV","HARV_049","HARV_049_890","2016-05-25","2016-03-23","2016-05-16","2016-05-20T16:30Z","2016-05-25T14:20Z","NEON.LTR.HARV049890.20160516","NEON.LTR.HARV049890.20160516.NDL","NEON.DOC.001710vE","Needles",1.26,"N",NA,"4fwqTWf6TJUgX1b061gRBN/1LlNKYVNd"
"8c64f359-2cd8-4015-99ca-5e3bfa2c5124","HARV_042.basePlot.ltr","D01","HARV","HARV_042","HARV_042_699","2016-05-26","2016-03-23","2016-05-16","2016-05-20T16:30Z","2016-05-25T14:20Z","NEON.LTR.HARV042699.20160516","NEON.LTR.HARV042699.20160516.NDL","NEON.DOC.001710vE","Needles",0.85,"N",NA,"4fwqTWf6TJUgX1b061gRBN/1LlNKYVNd"
"ade0f9a3-7c01-4757-8cc2-4966a5c708d6","HARV_035.basePlot.ltr","D01","HARV","HARV_035","HARV_035_120","2016-05-26","2016-03-23","2016-05-16","2016-05-20T16:30Z","2016-05-25T14:20Z","NEON.LTR.HARV035120.20160516","NEON.LTR.HARV035120.20160516.TWI","NEON.DOC.001710vE","Twigs/branches",1.12,"N",NA,"4fwqTWf6TJUgX1b061gRBN/1LlNKYVNd"
"e88a6666-156c-479a-a62e-b5afa1fc45f9","HARV_035.basePlot.ltr","D01","HARV","HARV_035","HARV_035_120","2016-05-26","2016-03-23","2016-05-16","2016-05-20T16:30Z","2016-05-25T14:20Z","NEON.LTR.HARV035120.20160516","NEON.LTR.HARV035120.20160516.WDY","NEON.DOC.001710vE","Woody material",0.22,"N",NA,"4fwqTWf6TJUgX1b061gRBN/1LlNKYVNd"
"5f7299df-4722-44c1-aeb7-04531e425508","HARV_050.basePlot.ltr","D01","HARV","HARV_050","HARV_050_947","2016-05-25","2016-03-23","2016-05-16","2016-05-20T16:30Z","2016-05-25T14:20Z","NEON.LTR.HARV050947.20160516","NEON.LTR.HARV050947.20160516.OTH","NEON.DOC.001710vE","Other",1.91,"N",NA,"4fwqTWf6TJUgX1b061gRBN/1LlNKYVNd"
"dcc5db31-ccd0-45dd-a3b9-bf221028b318","HARV_050.basePlot.ltr","D01","HARV","HARV_050","HARV_050_947","2016-05-25","2016-03-23","2016-05-16","2016-05-20T16:30Z","2016-05-25T14:20Z","NEON.LTR.HARV050947.20160516","NEON.LTR.HARV050947.20160516.TWI","NEON.DOC.001710vE","Twigs/branches",0.94,"N",NA,"4fwqTWf6TJUgX1b061gRBN/1LlNKYVNd"
"0815b1e8-ba29-41fa-aa42-3970fca9749b","HARV_050.basePlot.ltr","D01","HARV","HARV_050","HARV_050_947","2016-05-25","2016-03-23","2016-05-16","2016-05-20T16:30Z","2016-05-25T14:20Z","NEON.LTR.HARV050947.20160516","NEON.LTR.HARV050947.20160516.WDY","NEON.DOC.001710vE","Woody material",0.69,"Y",NA,"4fwqTWf6TJUgX1b061gRBN/1LlNKYVNd"
"47effc90-a3c3-4a68-8930-c092b45c656c","HARV_049.basePlot.ltr","D01","HARV","HARV_049","HARV_049_890","2016-05-25","2016-03-23","2016-05-16","2016-05-20T16:30Z","2016-05-25T14:20Z","NEON.LTR.HARV049890.20160516","NEON.LTR.HARV049890.20160516.WDY","NEON.DOC.001710vE","Woody material",0.36,"N",NA,"4fwqTWf6TJUgX1b061gRBN/1LlNKYVNd"
"0907b01f-c48a-44f9-a8c8-b6c1614b245f","HARV_050.basePlot.ltr","D01","HARV","HARV_050","HARV_050_947","2016-05-25","2016-03-23","2016-05-16","2016-05-20T16:30Z","2016-05-25T14:20Z","NEON.LTR.HARV050947.20160516","NEON.LTR.HARV050947.20160516.SDS","NEON.DOC.001710vE","Seeds",0.01,"N",NA,"4fwqTWf6TJUgX1b061gRBN/1LlNKYVNd"
"59802138-8b14-4e3d-8e33-71e692b5f2c2","HARV_050.basePlot.ltr","D01","HARV","HARV_050","HARV_050_947","2016-05-25","2016-03-23","2016-05-16","2016-05-20T16:30Z","2016-05-25T14:20Z","NEON.LTR.HARV050947.20160516","NEON.LTR.HARV050947.20160516.FLR","NEON.DOC.001710vE","Flowers",0.25,"N",NA,"4fwqTWf6TJUgX1b061gRBN/1LlNKYVNd"
"e89cf896-ce16-4336-bb6b-384845a2d3bc","HARV_050.basePlot.ltr","D01","HARV","HARV_050","HARV_050_947","2016-05-25","2016-03-23","2016-05-16","2016-05-20T16:30Z","2016-05-25T14:20Z","NEON.LTR.HARV050947.20160516","NEON.LTR.HARV050947.20160516.NDL","NEON.DOC.001710vE","Needles",1.08,"Y",NA,"4fwqTWf6TJUgX1b061gRBN/1LlNKYVNd"
"b3bfa88d-3985-4874-bc42-c612b4150da1","HARV_050.basePlot.ltr","D01","HARV","HARV_050","HARV_050_947","2016-05-25","2016-03-23","2016-05-16","2016-05-20T16:30Z","2016-05-25T14:20Z","NEON.LTR.HARV050947.20160516","NEON.LTR.HARV050947.20160516.LVS","NEON.DOC.001710vE","Leaves",0.43,"N",NA,"4fwqTWf6TJUgX1b061gRBN/1LlNKYVNd"
"2ae0a70b-028b-4c0a-8eef-8a953c38c3e1","HARV_037.basePlot.ltr","D01","HARV","HARV_037","HARV_037_292","2016-05-25","2016-03-23","2016-05-16","2016-05-20T16:30Z","2016-05-25T14:20Z","NEON.LTR.HARV037292.20160516","NEON.LTR.HARV037292.20160516.LVS","NEON.DOC.001710vE","Leaves",0.41,"N",NA,"4fwqTWf6TJUgX1b061gRBN/1LlNKYVNd"
"fd2af228-de85-4d75-a91c-5b5588e16d24","HARV_037.basePlot.ltr","D01","HARV","HARV_037","HARV_037_292","2016-05-25","2016-03-23","2016-05-16","2016-05-20T16:30Z","2016-05-25T14:20Z","NEON.LTR.HARV037292.20160516","NEON.LTR.HARV037292.20160516.SDS","NEON.DOC.001710vE","Seeds",0.09,"N",NA,"4fwqTWf6TJUgX1b061gRBN/1LlNKYVNd"
"1a2c524f-2a82-46a7-b825-d1b523e07773","HARV_037.basePlot.ltr","D01","HARV","HARV_037","HARV_037_292","2016-05-25","2016-03-23","2016-05-16","2016-05-20T16:30Z","2016-05-25T14:20Z","NEON.LTR.HARV037292.20160516","NEON.LTR.HARV037292.20160516.WDY","NEON.DOC.001710vE","Woody material",0.96,"N",NA,"4fwqTWf6TJUgX1b061gRBN/1LlNKYVNd"
"06b96bef-5273-41c5-ad80-b680a236fd99","HARV_037.basePlot.ltr","D01","HARV","HARV_037","HARV_037_292","2016-05-25","2016-03-23","2016-05-16","2016-05-20T16:30Z","2016-05-25T14:20Z","NEON.LTR.HARV037292.20160516","NEON.LTR.HARV037292.20160516.TWI","NEON.DOC.001710vE","Twigs/branches",0.89,"N",NA,"4fwqTWf6TJUgX1b061gRBN/1LlNKYVNd"
"76702b5a-0839-4f69-b479-2691f1431c45","HARV_037.basePlot.ltr","D01","HARV","HARV_037","HARV_037_292","2016-05-25","2016-03-23","2016-05-16","2016-05-20T16:30Z","2016-05-25T14:20Z","NEON.LTR.HARV037292.20160516","NEON.LTR.HARV037292.20160516.OTH","NEON.DOC.001710vE","Other",4.61,"N",NA,"4fwqTWf6TJUgX1b061gRBN/1LlNKYVNd"
"9855f4d4-cc65-4ca7-b90c-966fdbe40205","HARV_037.basePlot.ltr","D01","HARV","HARV_037","HARV_037_292","2016-05-25","2016-03-23","2016-05-16","2016-05-20T16:30Z","2016-05-25T14:20Z","NEON.LTR.HARV037292.20160516","NEON.LTR.HARV037292.20160516.NDL","NEON.DOC.001710vE","Needles",0.35,"N",NA,"4fwqTWf6TJUgX1b061gRBN/1LlNKYVNd"
"503b61b7-13c1-4ae4-87e5-d85ff877b83b","HARV_037.basePlot.ltr","D01","HARV","HARV_037","HARV_037_292","2016-05-25","2016-03-23","2016-05-16","2016-05-20T16:30Z","2016-05-25T14:20Z","NEON.LTR.HARV037292.20160516","NEON.LTR.HARV037292.20160516.FLR","NEON.DOC.001710vE","Flowers",3.47,"N",NA,"4fwqTWf6TJUgX1b061gRBN/1LlNKYVNd"
"63ef65ba-2f69-4936-bd04-936fcc0a9776","HARV_051.basePlot.ltr","D01","HARV","HARV_051","HARV_051_361","2016-05-25","2016-03-23","2016-05-16","2016-05-20T16:30Z","2016-05-25T14:20Z","NEON.LTR.HARV051361.20160516","NEON.LTR.HARV051361.20160516.SDS","NEON.DOC.001710vE","Seeds",0,"N",NA,"4fwqTWf6TJUgX1b061gRBN/1LlNKYVNd"
"d4a3fc7f-29e0-4d65-a033-5251c19f197c","HARV_051.basePlot.ltr","D01","HARV","HARV_051","HARV_051_361","2016-05-25","2016-03-23","2016-05-16","2016-05-20T16:30Z","2016-05-25T14:20Z","NEON.LTR.HARV051361.20160516","NEON.LTR.HARV051361.20160516.WDY","NEON.DOC.001710vE","Woody material",0.22,"N",NA,"4fwqTWf6TJUgX1b061gRBN/1LlNKYVNd"
"daf376b5-43f2-43a9-9ba9-c8119c9f23f6","HARV_051.basePlot.ltr","D01","HARV","HARV_051","HARV_051_361","2016-05-25","2016-03-23","2016-05-16","2016-05-20T16:30Z","2016-05-25T14:20Z","NEON.LTR.HARV051361.20160516","NEON.LTR.HARV051361.20160516.OTH","NEON.DOC.001710vE","Other",2.62,"N",NA,"4fwqTWf6TJUgX1b061gRBN/1LlNKYVNd"
"6a96f2f9-34c2-41a8-961f-0912f0b55bb6","HARV_051.basePlot.ltr","D01","HARV","HARV_051","HARV_051_361","2016-05-25","2016-03-23","2016-05-16","2016-05-20T16:30Z","2016-05-25T14:20Z","NEON.LTR.HARV051361.20160516","NEON.LTR.HARV051361.20160516.TWI","NEON.DOC.001710vE","Twigs/branches",0.26,"N",NA,"4fwqTWf6TJUgX1b061gRBN/1LlNKYVNd"
"d81ec31d-56e9-4707-8636-2d5a15548a05","HARV_051.basePlot.ltr","D01","HARV","HARV_051","HARV_051_361","2016-05-25","2016-03-23","2016-05-16","2016-05-20T16:30Z","2016-05-25T14:20Z","NEON.LTR.HARV051361.20160516","NEON.LTR.HARV051361.20160516.NDL","NEON.DOC.001710vE","Needles",0.85,"N",NA,"4fwqTWf6TJUgX1b061gRBN/1LlNKYVNd"
"54ce6d5f-0b11-41aa-98e0-8fd8f80e6ce1","HARV_051.basePlot.ltr","D01","HARV","HARV_051","HARV_051_361","2016-05-25","2016-03-23","2016-05-16","2016-05-20T16:30Z","2016-05-25T14:20Z","NEON.LTR.HARV051361.20160516","NEON.LTR.HARV051361.20160516.LVS","NEON.DOC.001710vE","Leaves",0.5,"Y",NA,"4fwqTWf6TJUgX1b061gRBN/1LlNKYVNd"
"23c27dde-9a10-4430-99ef-c40cd95a30b7","HARV_051.basePlot.ltr","D01","HARV","HARV_051","HARV_051_361","2016-05-25","2016-03-23","2016-05-16","2016-05-20T16:30Z","2016-05-25T14:20Z","NEON.LTR.HARV051361.20160516","NEON.LTR.HARV051361.20160516.FLR","NEON.DOC.001710vE","Flowers",0.54,"N",NA,"4fwqTWf6TJUgX1b061gRBN/1LlNKYVNd"
"92e639ce-b906-4067-9a0c-a163b48bcee0","HARV_049.basePlot.ltr","D01","HARV","HARV_049","HARV_049_437","2016-05-26","2016-03-23","2016-05-16","2016-05-20T16:30Z","2016-05-25T14:20Z","NEON.LTR.HARV049437.20160516","NEON.LTR.HARV049437.20160516.SDS","NEON.DOC.001710vE","Seeds",0,"N",NA,"4fwqTWf6TJUgX1b061gRBN/1LlNKYVNd"
"0320a771-0840-45a7-9909-d6b8b829a4dd","HARV_039.basePlot.ltr","D01","HARV","HARV_039","HARV_039_872","2016-05-25","2016-03-23","2016-05-16","2016-05-20T16:30Z","2016-05-25T14:20Z","NEON.LTR.HARV039872.20160516","NEON.LTR.HARV039872.20160516.NDL","NEON.DOC.001710vE","Needles",0.65,"N",NA,"4fwqTWf6TJUgX1b061gRBN/1LlNKYVNd"
"efac84ad-5b58-4e2a-aa01-5868a9c038c6","HARV_039.basePlot.ltr","D01","HARV","HARV_039","HARV_039_872","2016-05-25","2016-03-23","2016-05-16","2016-05-20T16:30Z","2016-05-25T14:20Z","NEON.LTR.HARV039872.20160516","NEON.LTR.HARV039872.20160516.SDS","NEON.DOC.001710vE","Seeds",0,"N",NA,"4fwqTWf6TJUgX1b061gRBN/1LlNKYVNd"
"5a2b7e38-07b1-4093-919e-ac53cf49e96b","HARV_039.basePlot.ltr","D01","HARV","HARV_039","HARV_039_872","2016-05-25","2016-03-23","2016-05-16","2016-05-20T16:30Z","2016-05-25T14:20Z","NEON.LTR.HARV039872.20160516","NEON.LTR.HARV039872.20160516.OTH","NEON.DOC.001710vE","Other",2.98,"Y",NA,"4fwqTWf6TJUgX1b061gRBN/1LlNKYVNd"
"2f56ea6a-122e-456f-9b22-933f61c65f29","HARV_039.basePlot.ltr","D01","HARV","HARV_039","HARV_039_872","2016-05-25","2016-03-23","2016-05-16","2016-05-20T16:30Z","2016-05-25T14:20Z","NEON.LTR.HARV039872.20160516","NEON.LTR.HARV039872.20160516.TWI","NEON.DOC.001710vE","Twigs/branches",0,"N",NA,"4fwqTWf6TJUgX1b061gRBN/1LlNKYVNd"
"2ac6d800-d1ea-4bac-b16b-c362a90cdc06","HARV_049.basePlot.ltr","D01","HARV","HARV_049","HARV_049_437","2016-05-26","2016-03-23","2016-05-16","2016-05-20T16:30Z","2016-05-25T14:20Z","NEON.LTR.HARV049437.20160516","NEON.LTR.HARV049437.20160516.LVS","NEON.DOC.001710vE","Leaves",0.07,"N",NA,"4fwqTWf6TJUgX1b061gRBN/1LlNKYVNd"
"69d9cc59-3020-4713-991a-5b859609cbfd","HARV_039.basePlot.ltr","D01","HARV","HARV_039","HARV_039_872","2016-05-25","2016-03-23","2016-05-16","2016-05-20T16:30Z","2016-05-25T14:20Z","NEON.LTR.HARV039872.20160516","NEON.LTR.HARV039872.20160516.FLR","NEON.DOC.001710vE","Flowers",2.32,"N",NA,"4fwqTWf6TJUgX1b061gRBN/1LlNKYVNd"
"04744c52-3ad1-4a56-ac29-f364a79b861a","HARV_049.basePlot.ltr","D01","HARV","HARV_049","HARV_049_437","2016-05-26","2016-03-23","2016-05-16","2016-05-20T16:30Z","2016-05-25T14:20Z","NEON.LTR.HARV049437.20160516","NEON.LTR.HARV049437.20160516.NDL","NEON.DOC.001710vE","Needles",4.71,"Y",NA,"4fwqTWf6TJUgX1b061gRBN/1LlNKYVNd"
"760cec82-0127-48b1-99f5-6657c75554e6","HARV_049.basePlot.ltr","D01","HARV","HARV_049","HARV_049_437","2016-05-26","2016-03-23","2016-05-16","2016-05-20T16:30Z","2016-05-25T14:20Z","NEON.LTR.HARV049437.20160516","NEON.LTR.HARV049437.20160516.OTH","NEON.DOC.001710vE","Other",6.68,"N",NA,"4fwqTWf6TJUgX1b061gRBN/1LlNKYVNd"
"3485078a-053d-4207-83ab-1cbb0ab80ca6","HARV_039.basePlot.ltr","D01","HARV","HARV_039","HARV_039_872","2016-05-25","2016-03-23","2016-05-16","2016-05-20T16:30Z","2016-05-25T14:20Z","NEON.LTR.HARV039872.20160516","NEON.LTR.HARV039872.20160516.LVS","NEON.DOC.001710vE","Leaves",0.2,"N",NA,"4fwqTWf6TJUgX1b061gRBN/1LlNKYVNd"
"3cbcf4c9-ce4f-4638-94a5-b9d5ddf4041a","HARV_049.basePlot.ltr","D01","HARV","HARV_049","HARV_049_437","2016-05-26","2016-03-23","2016-05-16","2016-05-20T16:30Z","2016-05-25T14:20Z","NEON.LTR.HARV049437.20160516","NEON.LTR.HARV049437.20160516.TWI","NEON.DOC.001710vE","Twigs/branches",5.83,"N",NA,"4fwqTWf6TJUgX1b061gRBN/1LlNKYVNd"
"51589c23-2b8b-4646-852a-d83cb4fdb473","HARV_039.basePlot.ltr","D01","HARV","HARV_039","HARV_039_872","2016-05-25","2016-03-23","2016-05-16","2016-05-20T16:30Z","2016-05-25T14:20Z","NEON.LTR.HARV039872.20160516","NEON.LTR.HARV039872.20160516.WDY","NEON.DOC.001710vE","Woody material",0.06,"N",NA,"4fwqTWf6TJUgX1b061gRBN/1LlNKYVNd"
"8dda07ea-1dd4-4952-bc1b-4d344e6bd734","HARV_049.basePlot.ltr","D01","HARV","HARV_049","HARV_049_437","2016-05-26","2016-03-23","2016-05-16","2016-05-20T16:30Z","2016-05-25T14:20Z","NEON.LTR.HARV049437.20160516","NEON.LTR.HARV049437.20160516.FLR","NEON.DOC.001710vE","Flowers",0.08,"N",NA,"4fwqTWf6TJUgX1b061gRBN/1LlNKYVNd"
"d9ab471e-c9cb-4b4d-8312-1af85b4e5830","HARV_049.basePlot.ltr","D01","HARV","HARV_049","HARV_049_437","2016-05-26","2016-03-23","2016-05-16","2016-05-20T16:30Z","2016-05-25T14:20Z","NEON.LTR.HARV049437.20160516","NEON.LTR.HARV049437.20160516.WDY","NEON.DOC.001710vE","Woody material",0.49,"N",NA,"4fwqTWf6TJUgX1b061gRBN/1LlNKYVNd"
"41e823ba-386a-43f5-a25c-abf9950e1297","HARV_043.basePlot.ltr","D01","HARV","HARV_043","HARV_043_007","2016-05-25","2016-03-23","2016-05-16","2016-05-20T16:30Z","2016-05-25T14:20Z","NEON.LTR.HARV043007.20160516","NEON.LTR.HARV043007.20160516.SDS","NEON.DOC.001710vE","Seeds",0.01,"N",NA,"4fwqTWf6TJUgX1b061gRBN/1LlNKYVNd"
"e6209aec-4264-4d20-b49d-bd46800ff694","HARV_043.basePlot.ltr","D01","HARV","HARV_043","HARV_043_007","2016-05-25","2016-03-23","2016-05-16","2016-05-20T16:30Z","2016-05-25T14:20Z","NEON.LTR.HARV043007.20160516","NEON.LTR.HARV043007.20160516.TWI","NEON.DOC.001710vE","Twigs/branches",1.73,"N",NA,"4fwqTWf6TJUgX1b061gRBN/1LlNKYVNd"
"14058ee5-ed6d-4a3f-adee-28fc23de717b","HARV_043.basePlot.ltr","D01","HARV","HARV_043","HARV_043_007","2016-05-25","2016-03-23","2016-05-16","2016-05-20T16:30Z","2016-05-25T14:20Z","NEON.LTR.HARV043007.20160516","NEON.LTR.HARV043007.20160516.NDL","NEON.DOC.001710vE","Needles",0.12,"N",NA,"4fwqTWf6TJUgX1b061gRBN/1LlNKYVNd"
"59cd1887-bc89-437b-ac54-ba1e1df18032","HARV_043.basePlot.ltr","D01","HARV","HARV_043","HARV_043_007","2016-05-25","2016-03-23","2016-05-16","2016-05-20T16:30Z","2016-05-25T14:20Z","NEON.LTR.HARV043007.20160516","NEON.LTR.HARV043007.20160516.FLR","NEON.DOC.001710vE","Flowers",0.53,"N",NA,"4fwqTWf6TJUgX1b061gRBN/1LlNKYVNd"
"f3b834bd-719a-46e5-8031-7b8d489d4ed3","HARV_043.basePlot.ltr","D01","HARV","HARV_043","HARV_043_007","2016-05-25","2016-03-23","2016-05-16","2016-05-20T16:30Z","2016-05-25T14:20Z","NEON.LTR.HARV043007.20160516","NEON.LTR.HARV043007.20160516.WDY","NEON.DOC.001710vE","Woody material",0.26,"N",NA,"4fwqTWf6TJUgX1b061gRBN/1LlNKYVNd"
"8399d4b5-32ff-4088-b757-2b4557afdaad","HARV_043.basePlot.ltr","D01","HARV","HARV_043","HARV_043_007","2016-05-25","2016-03-23","2016-05-16","2016-05-20T16:30Z","2016-05-25T14:20Z","NEON.LTR.HARV043007.20160516","NEON.LTR.HARV043007.20160516.OTH","NEON.DOC.001710vE","Other",7.37,"N",NA,"4fwqTWf6TJUgX1b061gRBN/1LlNKYVNd"
"9c099f90-b2e5-466b-bf29-0acb23d1b78d","HARV_043.basePlot.ltr","D01","HARV","HARV_043","HARV_043_007","2016-05-25","2016-03-23","2016-05-16","2016-05-20T16:30Z","2016-05-25T14:20Z","NEON.LTR.HARV043007.20160516","NEON.LTR.HARV043007.20160516.LVS","NEON.DOC.001710vE","Leaves",1.61,"N",NA,"4fwqTWf6TJUgX1b061gRBN/1LlNKYVNd"
"9d3b3fd7-ca74-413a-a6b7-1c657e73bb13","HARV_048.basePlot.ltr","D01","HARV","HARV_048","HARV_048_355","2016-05-25","2016-03-23","2016-05-16","2016-05-20T16:30Z","2016-05-25T14:20Z","NEON.LTR.HARV048355.20160516","NEON.LTR.HARV048355.20160516.LVS","NEON.DOC.001710vE","Leaves",0.02,"N",NA,"4fwqTWf6TJUgX1b061gRBN/1LlNKYVNd"
"3c9448d2-a20b-44cc-8b91-b1ace7f7e4e5","HARV_048.basePlot.ltr","D01","HARV","HARV_048","HARV_048_355","2016-05-25","2016-03-23","2016-05-16","2016-05-20T16:30Z","2016-05-25T14:20Z","NEON.LTR.HARV048355.20160516","NEON.LTR.HARV048355.20160516.TWI","NEON.DOC.001710vE","Twigs/branches",2.24,"N",NA,"4fwqTWf6TJUgX1b061gRBN/1LlNKYVNd"
"2c8c0904-d515-4a98-aa9a-d232142e4523","HARV_048.basePlot.ltr","D01","HARV","HARV_048","HARV_048_355","2016-05-25","2016-03-23","2016-05-16","2016-05-20T16:30Z","2016-05-25T14:20Z","NEON.LTR.HARV048355.20160516","NEON.LTR.HARV048355.20160516.NDL","NEON.DOC.001710vE","Needles",1.29,"N",NA,"4fwqTWf6TJUgX1b061gRBN/1LlNKYVNd"
"01a93c75-3f83-4abc-b9e7-d8a677284dbb","HARV_048.basePlot.ltr","D01","HARV","HARV_048","HARV_048_355","2016-05-25","2016-03-23","2016-05-16","2016-05-20T16:30Z","2016-05-25T14:20Z","NEON.LTR.HARV048355.20160516","NEON.LTR.HARV048355.20160516.FLR","NEON.DOC.001710vE","Flowers",1.42,"N",NA,"4fwqTWf6TJUgX1b061gRBN/1LlNKYVNd"
"fae9f267-c032-475a-b5bf-dc46830e0c1c","HARV_048.basePlot.ltr","D01","HARV","HARV_048","HARV_048_355","2016-05-25","2016-03-23","2016-05-16","2016-05-20T16:30Z","2016-05-25T14:20Z","NEON.LTR.HARV048355.20160516","NEON.LTR.HARV048355.20160516.OTH","NEON.DOC.001710vE","Other",1.78,"N",NA,"4fwqTWf6TJUgX1b061gRBN/1LlNKYVNd"
"4f5e9217-38b2-45db-a664-74bc2be8e109","HARV_048.basePlot.ltr","D01","HARV","HARV_048","HARV_048_355","2016-05-25","2016-03-23","2016-05-16","2016-05-20T16:30Z","2016-05-25T14:20Z","NEON.LTR.HARV048355.20160516","NEON.LTR.HARV048355.20160516.WDY","NEON.DOC.001710vE","Woody material",1.09,"N",NA,"4fwqTWf6TJUgX1b061gRBN/1LlNKYVNd"
"b44a88c6-cc38-4b5b-8b72-7a44a179ac71","HARV_048.basePlot.ltr","D01","HARV","HARV_048","HARV_048_355","2016-05-25","2016-03-23","2016-05-16","2016-05-20T16:30Z","2016-05-25T14:20Z","NEON.LTR.HARV048355.20160516","NEON.LTR.HARV048355.20160516.SDS","NEON.DOC.001710vE","Seeds",0,"N",NA,"4fwqTWf6TJUgX1b061gRBN/1LlNKYVNd"
"7199f6f9-e6f8-42ab-aea4-e82ff6e67870","HARV_041.basePlot.ltr","D01","HARV","HARV_041","HARV_041_620","2016-05-25","2016-03-23","2016-05-16","2016-05-20T16:30Z","2016-05-25T14:20Z","NEON.LTR.HARV041620.20160516","NEON.LTR.HARV041620.20160516.LVS","NEON.DOC.001710vE","Leaves",0.16,"N",NA,"4fwqTWf6TJUgX1b061gRBN/1LlNKYVNd"
"e6c13b1e-aef8-4a0a-9ad0-24aec94f7f9a","HARV_041.basePlot.ltr","D01","HARV","HARV_041","HARV_041_620","2016-05-25","2016-03-23","2016-05-16","2016-05-20T16:30Z","2016-05-25T14:20Z","NEON.LTR.HARV041620.20160516","NEON.LTR.HARV041620.20160516.NDL","NEON.DOC.001710vE","Needles",1.04,"N",NA,"4fwqTWf6TJUgX1b061gRBN/1LlNKYVNd"
"715040a4-e974-4021-8687-d2aa53e00fb5","HARV_041.basePlot.ltr","D01","HARV","HARV_041","HARV_041_620","2016-05-25","2016-03-23","2016-05-16","2016-05-20T16:30Z","2016-05-25T14:20Z","NEON.LTR.HARV041620.20160516","NEON.LTR.HARV041620.20160516.FLR","NEON.DOC.001710vE","Flowers",1.41,"N",NA,"4fwqTWf6TJUgX1b061gRBN/1LlNKYVNd"
"db89fa3a-80c5-4ee2-9631-6ceb1b0e4344","HARV_041.basePlot.ltr","D01","HARV","HARV_041","HARV_041_620","2016-05-25","2016-03-23","2016-05-16","2016-05-20T16:30Z","2016-05-25T14:20Z","NEON.LTR.HARV041620.20160516","NEON.LTR.HARV041620.20160516.WDY","NEON.DOC.001710vE","Woody material",0.01,"N",NA,"4fwqTWf6TJUgX1b061gRBN/1LlNKYVNd"
"1f437191-4b28-46ac-8cf3-2862c388951a","HARV_041.basePlot.ltr","D01","HARV","HARV_041","HARV_041_620","2016-05-25","2016-03-23","2016-05-16","2016-05-20T16:30Z","2016-05-25T14:20Z","NEON.LTR.HARV041620.20160516","NEON.LTR.HARV041620.20160516.TWI","NEON.DOC.001710vE","Twigs/branches",1.4,"N",NA,"4fwqTWf6TJUgX1b061gRBN/1LlNKYVNd"
"68c9ae8c-88ed-47fc-a0eb-1348b74fae0a","HARV_041.basePlot.ltr","D01","HARV","HARV_041","HARV_041_620","2016-05-25","2016-03-23","2016-05-16","2016-05-20T16:30Z","2016-05-25T14:20Z","NEON.LTR.HARV041620.20160516","NEON.LTR.HARV041620.20160516.SDS","NEON.DOC.001710vE","Seeds",0.005,"N",NA,"4fwqTWf6TJUgX1b061gRBN/1LlNKYVNd"
"118f0122-e580-4383-baac-b2f581269a0b","HARV_041.basePlot.ltr","D01","HARV","HARV_041","HARV_041_620","2016-05-25","2016-03-23","2016-05-16","2016-05-20T16:30Z","2016-05-25T14:20Z","NEON.LTR.HARV041620.20160516","NEON.LTR.HARV041620.20160516.OTH","NEON.DOC.001710vE","Other",2.31,"N",NA,"4fwqTWf6TJUgX1b061gRBN/1LlNKYVNd"
"21449c4e-e9fb-446e-ace5-a36818cd4bed","HARV_034.basePlot.ltr","D01","HARV","HARV_034","HARV_034_371","2016-05-25","2016-03-23","2016-05-16","2016-05-20T16:30Z","2016-05-25T14:20Z","NEON.LTR.HARV034371.20160516","NEON.LTR.HARV034371.20160516.SDS","NEON.DOC.001710vE","Seeds",0.02,"N",NA,"4fwqTWf6TJUgX1b061gRBN/1LlNKYVNd"
"fdfae31b-e67d-46f7-a03a-502e74adf9d1","HARV_050.basePlot.ltr","D01","HARV","HARV_050","HARV_050_043","2016-05-25","2016-03-23","2016-05-16","2016-05-20T16:30Z","2016-05-25T14:20Z","NEON.LTR.HARV050043.20160516","NEON.LTR.HARV050043.20160516.WDY","NEON.DOC.001710vE","Woody material",0.22,"N",NA,"4fwqTWf6TJUgX1b061gRBN/1LlNKYVNd"
"99ffdc4b-77ed-46df-8ff0-f92f6bf21c22","HARV_050.basePlot.ltr","D01","HARV","HARV_050","HARV_050_043","2016-05-25","2016-03-23","2016-05-16","2016-05-20T16:30Z","2016-05-25T14:20Z","NEON.LTR.HARV050043.20160516","NEON.LTR.HARV050043.20160516.OTH","NEON.DOC.001710vE","Other",5.08,"N",NA,"4fwqTWf6TJUgX1b061gRBN/1LlNKYVNd"
"8d1576fa-3323-4e35-85ea-acd0b951a2d2","HARV_034.basePlot.ltr","D01","HARV","HARV_034","HARV_034_371","2016-05-25","2016-03-23","2016-05-16","2016-05-20T16:30Z","2016-05-25T14:20Z","NEON.LTR.HARV034371.20160516","NEON.LTR.HARV034371.20160516.FLR","NEON.DOC.001710vE","Flowers",1.44,"N",NA,"4fwqTWf6TJUgX1b061gRBN/1LlNKYVNd"
"43220b39-3514-45eb-aa29-a736b0551c28","HARV_034.basePlot.ltr","D01","HARV","HARV_034","HARV_034_371","2016-05-25","2016-03-23","2016-05-16","2016-05-20T16:30Z","2016-05-25T14:20Z","NEON.LTR.HARV034371.20160516","NEON.LTR.HARV034371.20160516.TWI","NEON.DOC.001710vE","Twigs/branches",1.72,"N",NA,"4fwqTWf6TJUgX1b061gRBN/1LlNKYVNd"
"d0eace14-e9d9-4e60-a994-643fdff6381f","HARV_034.basePlot.ltr","D01","HARV","HARV_034","HARV_034_371","2016-05-25","2016-03-23","2016-05-16","2016-05-20T16:30Z","2016-05-25T14:20Z","NEON.LTR.HARV034371.20160516","NEON.LTR.HARV034371.20160516.WDY","NEON.DOC.001710vE","Woody material",11.02,"N",NA,"4fwqTWf6TJUgX1b061gRBN/1LlNKYVNd"
"0ed92ebe-0920-4210-8e1f-c7032318e1eb","HARV_034.basePlot.ltr","D01","HARV","HARV_034","HARV_034_371","2016-05-25","2016-03-23","2016-05-16","2016-05-20T16:30Z","2016-05-25T14:20Z","NEON.LTR.HARV034371.20160516","NEON.LTR.HARV034371.20160516.LVS","NEON.DOC.001710vE","Leaves",0.47,"N",NA,"4fwqTWf6TJUgX1b061gRBN/1LlNKYVNd"
"0cb85652-ec63-446b-9dae-15f3db3a0621","HARV_050.basePlot.ltr","D01","HARV","HARV_050","HARV_050_043","2016-05-25","2016-03-23","2016-05-16","2016-05-20T16:30Z","2016-05-25T14:20Z","NEON.LTR.HARV050043.20160516","NEON.LTR.HARV050043.20160516.LVS","NEON.DOC.001710vE","Leaves",0.31,"N",NA,"4fwqTWf6TJUgX1b061gRBN/1LlNKYVNd"
"9533f0fe-c99e-4676-b636-e7bedc3c9c98","HARV_050.basePlot.ltr","D01","HARV","HARV_050","HARV_050_043","2016-05-25","2016-03-23","2016-05-16","2016-05-20T16:30Z","2016-05-25T14:20Z","NEON.LTR.HARV050043.20160516","NEON.LTR.HARV050043.20160516.SDS","NEON.DOC.001710vE","Seeds",0.02,"N",NA,"4fwqTWf6TJUgX1b061gRBN/1LlNKYVNd"
"5c5692df-e05f-4bdd-83f5-eac3f274b336","HARV_050.basePlot.ltr","D01","HARV","HARV_050","HARV_050_043","2016-05-25","2016-03-23","2016-05-16","2016-05-20T16:30Z","2016-05-25T14:20Z","NEON.LTR.HARV050043.20160516","NEON.LTR.HARV050043.20160516.TWI","NEON.DOC.001710vE","Twigs/branches",8.06,"N",NA,"4fwqTWf6TJUgX1b061gRBN/1LlNKYVNd"
"8104537d-6269-4bd1-9870-031813508f5a","HARV_034.basePlot.ltr","D01","HARV","HARV_034","HARV_034_371","2016-05-25","2016-03-23","2016-05-16","2016-05-20T16:30Z","2016-05-25T14:20Z","NEON.LTR.HARV034371.20160516","NEON.LTR.HARV034371.20160516.OTH","NEON.DOC.001710vE","Other",6.46,"N",NA,"4fwqTWf6TJUgX1b061gRBN/1LlNKYVNd"
"014db4e4-850c-425e-8f0d-4c29d0ec448d","HARV_050.basePlot.ltr","D01","HARV","HARV_050","HARV_050_043","2016-05-25","2016-03-23","2016-05-16","2016-05-20T16:30Z","2016-05-25T14:20Z","NEON.LTR.HARV050043.20160516","NEON.LTR.HARV050043.20160516.FLR","NEON.DOC.001710vE","Flowers",0.4,"N",NA,"4fwqTWf6TJUgX1b061gRBN/1LlNKYVNd"
"10378bb4-d9f1-494a-951f-fec4c3805016","HARV_034.basePlot.ltr","D01","HARV","HARV_034","HARV_034_371","2016-05-25","2016-03-23","2016-05-16","2016-05-20T16:30Z","2016-05-25T14:20Z","NEON.LTR.HARV034371.20160516","NEON.LTR.HARV034371.20160516.NDL","NEON.DOC.001710vE","Needles",11.35,"N",NA,"4fwqTWf6TJUgX1b061gRBN/1LlNKYVNd"
"a06f0805-bbc2-48c5-b88b-ebb64d99fe4b","HARV_050.basePlot.ltr","D01","HARV","HARV_050","HARV_050_043","2016-05-25","2016-03-23","2016-05-16","2016-05-20T16:30Z","2016-05-25T14:20Z","NEON.LTR.HARV050043.20160516","NEON.LTR.HARV050043.20160516.NDL","NEON.DOC.001710vE","Needles",0.53,"N",NA,"4fwqTWf6TJUgX1b061gRBN/1LlNKYVNd"
"75a2eb0f-6e3d-4e5f-bf48-418efa2b79a9","HARV_052.basePlot.ltr","D01","HARV","HARV_052","HARV_052_314","2016-05-25","2016-03-23","2016-05-16","2016-05-20T16:30Z","2016-05-25T14:20Z","NEON.LTR.HARV052314.20160516","NEON.LTR.HARV052314.20160516.LVS","NEON.DOC.001710vE","Leaves",0,"N",NA,"4fwqTWf6TJUgX1b061gRBN/1LlNKYVNd"
"42350bcb-1b7b-4472-9692-43dd7e6ba7fa","HARV_052.basePlot.ltr","D01","HARV","HARV_052","HARV_052_314","2016-05-25","2016-03-23","2016-05-16","2016-05-20T16:30Z","2016-05-25T14:20Z","NEON.LTR.HARV052314.20160516","NEON.LTR.HARV052314.20160516.TWI","NEON.DOC.001710vE","Twigs/branches",2.17,"N",NA,"4fwqTWf6TJUgX1b061gRBN/1LlNKYVNd"
"6fa10568-c884-4c17-bb21-fff46a041e3b","HARV_052.basePlot.ltr","D01","HARV","HARV_052","HARV_052_314","2016-05-25","2016-03-23","2016-05-16","2016-05-20T16:30Z","2016-05-25T14:20Z","NEON.LTR.HARV052314.20160516","NEON.LTR.HARV052314.20160516.OTH","NEON.DOC.001710vE","Other",7.47,"N",NA,"4fwqTWf6TJUgX1b061gRBN/1LlNKYVNd"
"fe6af2ec-d3c2-460f-b772-b33f5dc224fe","HARV_052.basePlot.ltr","D01","HARV","HARV_052","HARV_052_314","2016-05-25","2016-03-23","2016-05-16","2016-05-20T16:30Z","2016-05-25T14:20Z","NEON.LTR.HARV052314.20160516","NEON.LTR.HARV052314.20160516.NDL","NEON.DOC.001710vE","Needles",0.9,"N",NA,"4fwqTWf6TJUgX1b061gRBN/1LlNKYVNd"
"8a53b049-0def-418e-b1da-6fc99acd0578","HARV_052.basePlot.ltr","D01","HARV","HARV_052","HARV_052_314","2016-05-25","2016-03-23","2016-05-16","2016-05-20T16:30Z","2016-05-25T14:20Z","NEON.LTR.HARV052314.20160516","NEON.LTR.HARV052314.20160516.SDS","NEON.DOC.001710vE","Seeds",0.01,"N",NA,"4fwqTWf6TJUgX1b061gRBN/1LlNKYVNd"
"86da82ae-5537-4ee1-881d-4142bf657cb7","HARV_052.basePlot.ltr","D01","HARV","HARV_052","HARV_052_314","2016-05-25","2016-03-23","2016-05-16","2016-05-20T16:30Z","2016-05-25T14:20Z","NEON.LTR.HARV052314.20160516","NEON.LTR.HARV052314.20160516.FLR","NEON.DOC.001710vE","Flowers",3.79,"N",NA,"4fwqTWf6TJUgX1b061gRBN/1LlNKYVNd"
"850f280a-3a34-457b-91bb-fc1645e2d70a","HARV_052.basePlot.ltr","D01","HARV","HARV_052","HARV_052_314","2016-05-25","2016-03-23","2016-05-16","2016-05-20T16:30Z","2016-05-25T14:20Z","NEON.LTR.HARV052314.20160516","NEON.LTR.HARV052314.20160516.WDY","NEON.DOC.001710vE","Woody material",0.59,"N",NA,"4fwqTWf6TJUgX1b061gRBN/1LlNKYVNd"
"f2a6b0a7-8180-4462-80ec-b9027ade5c99","HARV_033.basePlot.ltr","D01","HARV","HARV_033","HARV_033_397","2016-05-25","2016-03-23","2016-05-16","2016-05-20T16:30Z","2016-05-25T14:20Z","NEON.LTR.HARV033397.20160516","NEON.LTR.HARV033397.20160516.OTH","NEON.DOC.001710vE","Other",2.79,"N",NA,"4fwqTWf6TJUgX1b061gRBN/1LlNKYVNd"
"50d6db08-8014-496b-bb15-45b389412584","HARV_033.basePlot.ltr","D01","HARV","HARV_033","HARV_033_397","2016-05-25","2016-03-23","2016-05-16","2016-05-20T16:30Z","2016-05-25T14:20Z","NEON.LTR.HARV033397.20160516","NEON.LTR.HARV033397.20160516.LVS","NEON.DOC.001710vE","Leaves",0.31,"N",NA,"4fwqTWf6TJUgX1b061gRBN/1LlNKYVNd"
"8cda458a-1547-46a4-a73e-69adbdeb1089","HARV_033.basePlot.ltr","D01","HARV","HARV_033","HARV_033_397","2016-05-25","2016-03-23","2016-05-16","2016-05-20T16:30Z","2016-05-25T14:20Z","NEON.LTR.HARV033397.20160516","NEON.LTR.HARV033397.20160516.WDY","NEON.DOC.001710vE","Woody material",0.06,"N",NA,"4fwqTWf6TJUgX1b061gRBN/1LlNKYVNd"
"692a95f9-2d5d-47ab-b938-ea708606f1c9","HARV_033.basePlot.ltr","D01","HARV","HARV_033","HARV_033_397","2016-05-25","2016-03-23","2016-05-16","2016-05-20T16:30Z","2016-05-25T14:20Z","NEON.LTR.HARV033397.20160516","NEON.LTR.HARV033397.20160516.TWI","NEON.DOC.001710vE","Twigs/branches",0.4,"N",NA,"4fwqTWf6TJUgX1b061gRBN/1LlNKYVNd"
"30129624-f9cf-492b-9581-3d55e7aa86fa","HARV_033.basePlot.ltr","D01","HARV","HARV_033","HARV_033_397","2016-05-25","2016-03-23","2016-05-16","2016-05-20T16:30Z","2016-05-25T14:20Z","NEON.LTR.HARV033397.20160516","NEON.LTR.HARV033397.20160516.SDS","NEON.DOC.001710vE","Seeds",0,"N",NA,"4fwqTWf6TJUgX1b061gRBN/1LlNKYVNd"
"a69b744f-e5c5-4dcf-8b8b-c5610b3e04a2","HARV_033.basePlot.ltr","D01","HARV","HARV_033","HARV_033_397","2016-05-25","2016-03-23","2016-05-16","2016-05-20T16:30Z","2016-05-25T14:20Z","NEON.LTR.HARV033397.20160516","NEON.LTR.HARV033397.20160516.NDL","NEON.DOC.001710vE","Needles",0.96,"N",NA,"4fwqTWf6TJUgX1b061gRBN/1LlNKYVNd"
"5ae93a16-b8fa-4c5c-b6d6-d6b0a5a9da5f","HARV_033.basePlot.ltr","D01","HARV","HARV_033","HARV_033_397","2016-05-25","2016-03-23","2016-05-16","2016-05-20T16:30Z","2016-05-25T14:20Z","NEON.LTR.HARV033397.20160516","NEON.LTR.HARV033397.20160516.FLR","NEON.DOC.001710vE","Flowers",0.95,"N",NA,"4fwqTWf6TJUgX1b061gRBN/1LlNKYVNd"
"66aeb5aa-6e73-42dd-af8a-74ed1e512e19","HARV_033.basePlot.ltr","D01","HARV","HARV_033","HARV_033_209","2016-05-25","2016-03-23","2016-05-16","2016-05-20T16:30Z","2016-05-25T14:20Z","NEON.LTR.HARV033209.20160516","NEON.LTR.HARV033209.20160516.OTH","NEON.DOC.001710vE","Other",3.14,"N",NA,"4fwqTWf6TJUgX1b061gRBN/1LlNKYVNd"
"cb3e3302-8dad-49f9-987a-c8338ee1251f","HARV_033.basePlot.ltr","D01","HARV","HARV_033","HARV_033_209","2016-05-25","2016-03-23","2016-05-16","2016-05-20T16:30Z","2016-05-25T14:20Z","NEON.LTR.HARV033209.20160516","NEON.LTR.HARV033209.20160516.LVS","NEON.DOC.001710vE","Leaves",0.91,"N",NA,"4fwqTWf6TJUgX1b061gRBN/1LlNKYVNd"
"d33f64e6-1769-4dcf-ae4c-9729881366c3","HARV_033.basePlot.ltr","D01","HARV","HARV_033","HARV_033_209","2016-05-25","2016-03-23","2016-05-16","2016-05-20T16:30Z","2016-05-25T14:20Z","NEON.LTR.HARV033209.20160516","NEON.LTR.HARV033209.20160516.SDS","NEON.DOC.001710vE","Seeds",0,"N",NA,"4fwqTWf6TJUgX1b061gRBN/1LlNKYVNd"
"274e1a50-f102-4995-a05d-18309d5ea524","HARV_033.basePlot.ltr","D01","HARV","HARV_033","HARV_033_209","2016-05-25","2016-03-23","2016-05-16","2016-05-20T16:30Z","2016-05-25T14:20Z","NEON.LTR.HARV033209.20160516","NEON.LTR.HARV033209.20160516.FLR","NEON.DOC.001710vE","Flowers",0.54,"N",NA,"4fwqTWf6TJUgX1b061gRBN/1LlNKYVNd"
"5a79ef25-a1c4-4228-a8ee-ced485c0848b","HARV_033.basePlot.ltr","D01","HARV","HARV_033","HARV_033_209","2016-05-25","2016-03-23","2016-05-16","2016-05-20T16:30Z","2016-05-25T14:20Z","NEON.LTR.HARV033209.20160516","NEON.LTR.HARV033209.20160516.NDL","NEON.DOC.001710vE","Needles",0.38,"N",NA,"4fwqTWf6TJUgX1b061gRBN/1LlNKYVNd"
"609df698-f4b0-435d-82c0-5482791bb6cb","HARV_033.basePlot.ltr","D01","HARV","HARV_033","HARV_033_209","2016-05-25","2016-03-23","2016-05-16","2016-05-20T16:30Z","2016-05-25T14:20Z","NEON.LTR.HARV033209.20160516","NEON.LTR.HARV033209.20160516.TWI","NEON.DOC.001710vE","Twigs/branches",0.26,"N",NA,"4fwqTWf6TJUgX1b061gRBN/1LlNKYVNd"
"b90848ae-7122-4845-9481-7b55b7209d3e","HARV_033.basePlot.ltr","D01","HARV","HARV_033","HARV_033_209","2016-05-25","2016-03-23","2016-05-16","2016-05-20T16:30Z","2016-05-25T14:20Z","NEON.LTR.HARV033209.20160516","NEON.LTR.HARV033209.20160516.WDY","NEON.DOC.001710vE","Woody material",0.85,"N",NA,"4fwqTWf6TJUgX1b061gRBN/1LlNKYVNd"
"f4b8608c-7de9-4125-9de5-6ed1240d5c1f","HARV_043.basePlot.ltr","D01","HARV","HARV_043","HARV_043_550","2016-05-25","2016-03-23","2016-05-16","2016-05-20T16:30Z","2016-05-25T14:20Z","NEON.LTR.HARV043550.20160516","NEON.LTR.HARV043550.20160516.TWI","NEON.DOC.001710vE","Twigs/branches",2.08,"N",NA,"4fwqTWf6TJUgX1b061gRBN/1LlNKYVNd"
"d94ac8ef-8148-41e3-88d2-d82c8644a9b6","HARV_043.basePlot.ltr","D01","HARV","HARV_043","HARV_043_550","2016-05-25","2016-03-23","2016-05-16","2016-05-20T16:30Z","2016-05-25T14:20Z","NEON.LTR.HARV043550.20160516","NEON.LTR.HARV043550.20160516.WDY","NEON.DOC.001710vE","Woody material",0.14,"N",NA,"4fwqTWf6TJUgX1b061gRBN/1LlNKYVNd"
"538564a9-8349-4170-bf2c-6c4473673217","HARV_043.basePlot.ltr","D01","HARV","HARV_043","HARV_043_550","2016-05-25","2016-03-23","2016-05-16","2016-05-20T16:30Z","2016-05-25T14:20Z","NEON.LTR.HARV043550.20160516","NEON.LTR.HARV043550.20160516.NDL","NEON.DOC.001710vE","Needles",1.57,"N",NA,"4fwqTWf6TJUgX1b061gRBN/1LlNKYVNd"
"b75b342b-b039-48dc-af91-de999100dc70","HARV_043.basePlot.ltr","D01","HARV","HARV_043","HARV_043_550","2016-05-25","2016-03-23","2016-05-16","2016-05-20T16:30Z","2016-05-25T14:20Z","NEON.LTR.HARV043550.20160516","NEON.LTR.HARV043550.20160516.SDS","NEON.DOC.001710vE","Seeds",0.01,"Y",NA,"4fwqTWf6TJUgX1b061gRBN/1LlNKYVNd"
"13f24394-9f5d-4e85-a7c2-e3a8f2360eab","HARV_043.basePlot.ltr","D01","HARV","HARV_043","HARV_043_550","2016-05-25","2016-03-23","2016-05-16","2016-05-20T16:30Z","2016-05-25T14:20Z","NEON.LTR.HARV043550.20160516","NEON.LTR.HARV043550.20160516.OTH","NEON.DOC.001710vE","Other",7.25,"N",NA,"4fwqTWf6TJUgX1b061gRBN/1LlNKYVNd"
"d92b693f-1d68-4837-87fb-c9e77b7f477e","HARV_043.basePlot.ltr","D01","HARV","HARV_043","HARV_043_550","2016-05-25","2016-03-23","2016-05-16","2016-05-20T16:30Z","2016-05-25T14:20Z","NEON.LTR.HARV043550.20160516","NEON.LTR.HARV043550.20160516.LVS","NEON.DOC.001710vE","Leaves",0.09,"N",NA,"4fwqTWf6TJUgX1b061gRBN/1LlNKYVNd"
"f23d8fe9-fb12-461c-8a17-ed1d501f3f38","HARV_043.basePlot.ltr","D01","HARV","HARV_043","HARV_043_550","2016-05-25","2016-03-23","2016-05-16","2016-05-20T16:30Z","2016-05-25T14:20Z","NEON.LTR.HARV043550.20160516","NEON.LTR.HARV043550.20160516.FLR","NEON.DOC.001710vE","Flowers",0.3,"N",NA,"4fwqTWf6TJUgX1b061gRBN/1LlNKYVNd"
"218a01a2-c3e5-4d95-bf73-25deb9f037a1","HARV_045.basePlot.ltr","D01","HARV","HARV_045","HARV_045_265","2016-05-25","2016-03-23","2016-05-16","2016-05-20T16:30Z","2016-05-25T14:20Z","NEON.LTR.HARV045265.20160516","NEON.LTR.HARV045265.20160516.FLR","NEON.DOC.001710vE","Flowers",0.54,"N",NA,"4fwqTWf6TJUgX1b061gRBN/1LlNKYVNd"
"0dba1c46-fc40-4c1f-89f7-7f1761a31dc8","HARV_045.basePlot.ltr","D01","HARV","HARV_045","HARV_045_265","2016-05-25","2016-03-23","2016-05-16","2016-05-20T16:30Z","2016-05-25T14:20Z","NEON.LTR.HARV045265.20160516","NEON.LTR.HARV045265.20160516.NDL","NEON.DOC.001710vE","Needles",0.3,"N",NA,"4fwqTWf6TJUgX1b061gRBN/1LlNKYVNd"
"d5b27ecf-fbf6-4c8b-96a2-5b253c223541","HARV_045.basePlot.ltr","D01","HARV","HARV_045","HARV_045_265","2016-05-25","2016-03-23","2016-05-16","2016-05-20T16:30Z","2016-05-25T14:20Z","NEON.LTR.HARV045265.20160516","NEON.LTR.HARV045265.20160516.LVS","NEON.DOC.001710vE","Leaves",0.87,"Y",NA,"4fwqTWf6TJUgX1b061gRBN/1LlNKYVNd"
"c45f60eb-a6d0-41fb-8ede-2fde0f8d146f","HARV_045.basePlot.ltr","D01","HARV","HARV_045","HARV_045_265","2016-05-25","2016-03-23","2016-05-16","2016-05-20T16:30Z","2016-05-25T14:20Z","NEON.LTR.HARV045265.20160516","NEON.LTR.HARV045265.20160516.WDY","NEON.DOC.001710vE","Woody material",0.12,"N",NA,"4fwqTWf6TJUgX1b061gRBN/1LlNKYVNd"
"dfa34e46-3edf-474e-82ce-c773fcdc7532","HARV_045.basePlot.ltr","D01","HARV","HARV_045","HARV_045_265","2016-05-25","2016-03-23","2016-05-16","2016-05-20T16:30Z","2016-05-25T14:20Z","NEON.LTR.HARV045265.20160516","NEON.LTR.HARV045265.20160516.SDS","NEON.DOC.001710vE","Seeds",0.02,"N",NA,"4fwqTWf6TJUgX1b061gRBN/1LlNKYVNd"
"42751897-1bb1-4757-bb6a-35f4a69e4f8c","HARV_045.basePlot.ltr","D01","HARV","HARV_045","HARV_045_265","2016-05-25","2016-03-23","2016-05-16","2016-05-20T16:30Z","2016-05-25T14:20Z","NEON.LTR.HARV045265.20160516","NEON.LTR.HARV045265.20160516.OTH","NEON.DOC.001710vE","Other",2.92,"N",NA,"4fwqTWf6TJUgX1b061gRBN/1LlNKYVNd"
"20ece2a2-bc41-40af-8fa2-8316210e1859","HARV_045.basePlot.ltr","D01","HARV","HARV_045","HARV_045_265","2016-05-25","2016-03-23","2016-05-16","2016-05-20T16:30Z","2016-05-25T14:20Z","NEON.LTR.HARV045265.20160516","NEON.LTR.HARV045265.20160516.TWI","NEON.DOC.001710vE","Twigs/branches",5.89,"N",NA,"4fwqTWf6TJUgX1b061gRBN/1LlNKYVNd"
"29c40f78-117b-4e99-875b-4ecb961c1ab8","HARV_047.basePlot.ltr","D01","HARV","HARV_047","HARV_047_947","2016-05-26","2016-03-23","2016-05-16","2016-05-20T16:30Z","2016-05-25T14:20Z","NEON.LTR.HARV047947.20160516","NEON.LTR.HARV047947.20160516.NDL","NEON.DOC.001710vE","Needles",0.01,"N",NA,"4fwqTWf6TJUgX1b061gRBN/1LlNKYVNd"
"ac4c3369-48e1-4f34-a22a-58af10adf02e","HARV_047.basePlot.ltr","D01","HARV","HARV_047","HARV_047_947","2016-05-26","2016-03-23","2016-05-16","2016-05-20T16:30Z","2016-05-25T14:20Z","NEON.LTR.HARV047947.20160516","NEON.LTR.HARV047947.20160516.TWI","NEON.DOC.001710vE","Twigs/branches",0,"N",NA,"4fwqTWf6TJUgX1b061gRBN/1LlNKYVNd"
"4b491fe5-b171-4f95-9f4c-fb5e7bd3e449","HARV_047.basePlot.ltr","D01","HARV","HARV_047","HARV_047_947","2016-05-26","2016-03-23","2016-05-16","2016-05-20T16:30Z","2016-05-25T14:20Z","NEON.LTR.HARV047947.20160516","NEON.LTR.HARV047947.20160516.FLR","NEON.DOC.001710vE","Flowers",1.46,"N",NA,"4fwqTWf6TJUgX1b061gRBN/1LlNKYVNd"
"f8ae9169-8c16-4074-9388-14eda12ef6c8","HARV_047.basePlot.ltr","D01","HARV","HARV_047","HARV_047_947","2016-05-26","2016-03-23","2016-05-16","2016-05-20T16:30Z","2016-05-25T14:20Z","NEON.LTR.HARV047947.20160516","NEON.LTR.HARV047947.20160516.SDS","NEON.DOC.001710vE","Seeds",0,"N",NA,"4fwqTWf6TJUgX1b061gRBN/1LlNKYVNd"
"8dffad24-7265-4167-aa8a-3d27586d63c9","HARV_047.basePlot.ltr","D01","HARV","HARV_047","HARV_047_947","2016-05-26","2016-03-23","2016-05-16","2016-05-20T16:30Z","2016-05-25T14:20Z","NEON.LTR.HARV047947.20160516","NEON.LTR.HARV047947.20160516.LVS","NEON.DOC.001710vE","Leaves",0.9,"N",NA,"4fwqTWf6TJUgX1b061gRBN/1LlNKYVNd"
"8be79458-c4bc-4913-8fc8-b6d1016fc3f6","HARV_047.basePlot.ltr","D01","HARV","HARV_047","HARV_047_947","2016-05-26","2016-03-23","2016-05-16","2016-05-20T16:30Z","2016-05-25T14:20Z","NEON.LTR.HARV047947.20160516","NEON.LTR.HARV047947.20160516.WDY","NEON.DOC.001710vE","Woody material",0,"N",NA,"4fwqTWf6TJUgX1b061gRBN/1LlNKYVNd"
"64eb46c3-8c99-43f0-951e-28df0d7d283b","HARV_047.basePlot.ltr","D01","HARV","HARV_047","HARV_047_947","2016-05-26","2016-03-23","2016-05-16","2016-05-20T16:30Z","2016-05-25T14:20Z","NEON.LTR.HARV047947.20160516","NEON.LTR.HARV047947.20160516.OTH","NEON.DOC.001710vE","Other",1.76,"Y",NA,"4fwqTWf6TJUgX1b061gRBN/1LlNKYVNd"
"ab7b709d-d72e-43eb-abc5-e4d9ea42c1f5","HARV_045.basePlot.ltr","D01","HARV","HARV_045","HARV_045_201","2016-05-25","2016-03-23","2016-05-16","2016-05-20T16:30Z","2016-05-25T14:20Z","NEON.LTR.HARV045201.20160516","NEON.LTR.HARV045201.20160516.LVS","NEON.DOC.001710vE","Leaves",0.21,"N",NA,"4fwqTWf6TJUgX1b061gRBN/1LlNKYVNd"
"2a1aae96-b76b-4276-abf2-0889206f984a","HARV_045.basePlot.ltr","D01","HARV","HARV_045","HARV_045_201","2016-05-25","2016-03-23","2016-05-16","2016-05-20T16:30Z","2016-05-25T14:20Z","NEON.LTR.HARV045201.20160516","NEON.LTR.HARV045201.20160516.TWI","NEON.DOC.001710vE","Twigs/branches",0.22,"Y",NA,"4fwqTWf6TJUgX1b061gRBN/1LlNKYVNd"
"e96817f7-bce7-4250-b828-4fad1105f5f3","HARV_045.basePlot.ltr","D01","HARV","HARV_045","HARV_045_201","2016-05-25","2016-03-23","2016-05-16","2016-05-20T16:30Z","2016-05-25T14:20Z","NEON.LTR.HARV045201.20160516","NEON.LTR.HARV045201.20160516.FLR","NEON.DOC.001710vE","Flowers",0.63,"N",NA,"4fwqTWf6TJUgX1b061gRBN/1LlNKYVNd"
"ca59e5be-9d32-4d24-9c4c-81dfaf90ac93","HARV_045.basePlot.ltr","D01","HARV","HARV_045","HARV_045_201","2016-05-25","2016-03-23","2016-05-16","2016-05-20T16:30Z","2016-05-25T14:20Z","NEON.LTR.HARV045201.20160516","NEON.LTR.HARV045201.20160516.WDY","NEON.DOC.001710vE","Woody material",0.2,"Y",NA,"4fwqTWf6TJUgX1b061gRBN/1LlNKYVNd"
"d2de82bd-b483-46d7-a2ad-61fc19dfec67","HARV_045.basePlot.ltr","D01","HARV","HARV_045","HARV_045_201","2016-05-25","2016-03-23","2016-05-16","2016-05-20T16:30Z","2016-05-25T14:20Z","NEON.LTR.HARV045201.20160516","NEON.LTR.HARV045201.20160516.OTH","NEON.DOC.001710vE","Other",2.08,"Y",NA,"4fwqTWf6TJUgX1b061gRBN/1LlNKYVNd"
"8e95201f-f3b0-4a1c-b53d-f6a605cce13d","HARV_045.basePlot.ltr","D01","HARV","HARV_045","HARV_045_201","2016-05-25","2016-03-23","2016-05-16","2016-05-20T16:30Z","2016-05-25T14:20Z","NEON.LTR.HARV045201.20160516","NEON.LTR.HARV045201.20160516.SDS","NEON.DOC.001710vE","Seeds",0.12,"N",NA,"4fwqTWf6TJUgX1b061gRBN/1LlNKYVNd"
"a34238d0-b775-45e7-87aa-5cfc525cc418","HARV_045.basePlot.ltr","D01","HARV","HARV_045","HARV_045_201","2016-05-25","2016-03-23","2016-05-16","2016-05-20T16:30Z","2016-05-25T14:20Z","NEON.LTR.HARV045201.20160516","NEON.LTR.HARV045201.20160516.NDL","NEON.DOC.001710vE","Needles",0.21,"N",NA,"4fwqTWf6TJUgX1b061gRBN/1LlNKYVNd"
"951a87b2-1686-49b6-b31d-56ae43c9f956","HARV_052.basePlot.ltr","D01","HARV","HARV_052","HARV_052_902","2016-05-25","2016-03-23","2016-05-16","2016-05-20T16:30Z","2016-05-25T14:20Z","NEON.LTR.HARV052902.20160516","NEON.LTR.HARV052902.20160516.SDS","NEON.DOC.001710vE","Seeds",0.01,"N",NA,"4fwqTWf6TJUgX1b061gRBN/1LlNKYVNd"
"8472a520-c75e-46fb-a42a-caf3655eb96b","HARV_052.basePlot.ltr","D01","HARV","HARV_052","HARV_052_902","2016-05-25","2016-03-23","2016-05-16","2016-05-20T16:30Z","2016-05-25T14:20Z","NEON.LTR.HARV052902.20160516","NEON.LTR.HARV052902.20160516.FLR","NEON.DOC.001710vE","Flowers",0.18,"N",NA,"4fwqTWf6TJUgX1b061gRBN/1LlNKYVNd"
"da311819-5b7f-45ee-9c2a-f53aa1d67954","HARV_039.basePlot.ltr","D01","HARV","HARV_039","HARV_039_660","2016-05-25","2016-03-23","2016-05-16","2016-05-20T16:30Z","2016-05-25T14:20Z","NEON.LTR.HARV039660.20160516","NEON.LTR.HARV039660.20160516.FLR","NEON.DOC.001710vE","Flowers",0.29,"N",NA,"4fwqTWf6TJUgX1b061gRBN/1LlNKYVNd"
"5c378553-5339-4df4-978a-689565a4ebca","HARV_039.basePlot.ltr","D01","HARV","HARV_039","HARV_039_660","2016-05-25","2016-03-23","2016-05-16","2016-05-20T16:30Z","2016-05-25T14:20Z","NEON.LTR.HARV039660.20160516","NEON.LTR.HARV039660.20160516.OTH","NEON.DOC.001710vE","Other",2.05,"N",NA,"4fwqTWf6TJUgX1b061gRBN/1LlNKYVNd"
"1764ccea-4b8a-491e-a77b-5ba4f4a68532","HARV_052.basePlot.ltr","D01","HARV","HARV_052","HARV_052_902","2016-05-25","2016-03-23","2016-05-16","2016-05-20T16:30Z","2016-05-25T14:20Z","NEON.LTR.HARV052902.20160516","NEON.LTR.HARV052902.20160516.LVS","NEON.DOC.001710vE","Leaves",0.12,"N",NA,"4fwqTWf6TJUgX1b061gRBN/1LlNKYVNd"
"c7bc315d-6b11-41a9-813d-ceaeec21db23","HARV_039.basePlot.ltr","D01","HARV","HARV_039","HARV_039_660","2016-05-25","2016-03-23","2016-05-16","2016-05-20T16:30Z","2016-05-25T14:20Z","NEON.LTR.HARV039660.20160516","NEON.LTR.HARV039660.20160516.NDL","NEON.DOC.001710vE","Needles",1.89,"N",NA,"4fwqTWf6TJUgX1b061gRBN/1LlNKYVNd"
"4f9d715d-23a0-4a92-a11d-ed65b760b55c","HARV_039.basePlot.ltr","D01","HARV","HARV_039","HARV_039_660","2016-05-25","2016-03-23","2016-05-16","2016-05-20T16:30Z","2016-05-25T14:20Z","NEON.LTR.HARV039660.20160516","NEON.LTR.HARV039660.20160516.LVS","NEON.DOC.001710vE","Leaves",0.12,"N",NA,"4fwqTWf6TJUgX1b061gRBN/1LlNKYVNd"
"dfe82c85-9b07-4192-9204-9cb5cd7ea845","HARV_052.basePlot.ltr","D01","HARV","HARV_052","HARV_052_902","2016-05-25","2016-03-23","2016-05-16","2016-05-20T16:30Z","2016-05-25T14:20Z","NEON.LTR.HARV052902.20160516","NEON.LTR.HARV052902.20160516.OTH","NEON.DOC.001710vE","Other",2.44,"N",NA,"4fwqTWf6TJUgX1b061gRBN/1LlNKYVNd"
"b1654dd6-b58a-4c14-b7d9-1829796f4f91","HARV_039.basePlot.ltr","D01","HARV","HARV_039","HARV_039_660","2016-05-25","2016-03-23","2016-05-16","2016-05-20T16:30Z","2016-05-25T14:20Z","NEON.LTR.HARV039660.20160516","NEON.LTR.HARV039660.20160516.SDS","NEON.DOC.001710vE","Seeds",0,"N",NA,"4fwqTWf6TJUgX1b061gRBN/1LlNKYVNd"
"7316dfc1-8dc7-425d-b595-9992b579c08d","HARV_052.basePlot.ltr","D01","HARV","HARV_052","HARV_052_902","2016-05-25","2016-03-23","2016-05-16","2016-05-20T16:30Z","2016-05-25T14:20Z","NEON.LTR.HARV052902.20160516","NEON.LTR.HARV052902.20160516.TWI","NEON.DOC.001710vE","Twigs/branches",2.37,"N",NA,"4fwqTWf6TJUgX1b061gRBN/1LlNKYVNd"
"17f3fc3b-9ebc-4dff-bf06-9304324d0df2","HARV_039.basePlot.ltr","D01","HARV","HARV_039","HARV_039_660","2016-05-25","2016-03-23","2016-05-16","2016-05-20T16:30Z","2016-05-25T14:20Z","NEON.LTR.HARV039660.20160516","NEON.LTR.HARV039660.20160516.WDY","NEON.DOC.001710vE","Woody material",3.03,"Y",NA,"4fwqTWf6TJUgX1b061gRBN/1LlNKYVNd"
"da6d3a03-43c6-417e-bb7c-8f44317e2aa9","HARV_052.basePlot.ltr","D01","HARV","HARV_052","HARV_052_902","2016-05-25","2016-03-23","2016-05-16","2016-05-20T16:30Z","2016-05-25T14:20Z","NEON.LTR.HARV052902.20160516","NEON.LTR.HARV052902.20160516.WDY","NEON.DOC.001710vE","Woody material",2.3,"N",NA,"4fwqTWf6TJUgX1b061gRBN/1LlNKYVNd"
"4a222e2d-e419-4282-9ca9-9277ba01964f","HARV_039.basePlot.ltr","D01","HARV","HARV_039","HARV_039_660","2016-05-25","2016-03-23","2016-05-16","2016-05-20T16:30Z","2016-05-25T14:20Z","NEON.LTR.HARV039660.20160516","NEON.LTR.HARV039660.20160516.TWI","NEON.DOC.001710vE","Twigs/branches",0.08,"N",NA,"4fwqTWf6TJUgX1b061gRBN/1LlNKYVNd"
"c878ae3c-6470-4cf9-b98a-426d111b8da3","HARV_052.basePlot.ltr","D01","HARV","HARV_052","HARV_052_902","2016-05-25","2016-03-23","2016-05-16","2016-05-20T16:30Z","2016-05-25T14:20Z","NEON.LTR.HARV052902.20160516","NEON.LTR.HARV052902.20160516.NDL","NEON.DOC.001710vE","Needles",1.2,"Y",NA,"4fwqTWf6TJUgX1b061gRBN/1LlNKYVNd"
"d33154e2-491f-4e23-9421-f9b5929e98e6","HARV_036.basePlot.ltr","D01","HARV","HARV_036","HARV_036_167","2016-05-25","2016-03-23","2016-05-16","2016-05-20T16:30Z","2016-05-25T14:20Z","NEON.LTR.HARV036167.20160516","NEON.LTR.HARV036167.20160516.WDY","NEON.DOC.001710vE","Woody material",0.13,"N",NA,"4fwqTWf6TJUgX1b061gRBN/1LlNKYVNd"
"d378ae5b-58d0-4145-a0d8-79e39850022a","HARV_036.basePlot.ltr","D01","HARV","HARV_036","HARV_036_167","2016-05-25","2016-03-23","2016-05-16","2016-05-20T16:30Z","2016-05-25T14:20Z","NEON.LTR.HARV036167.20160516","NEON.LTR.HARV036167.20160516.LVS","NEON.DOC.001710vE","Leaves",0.79,"N",NA,"4fwqTWf6TJUgX1b061gRBN/1LlNKYVNd"
"0167f301-1850-4379-a727-7b0603d902b0","HARV_036.basePlot.ltr","D01","HARV","HARV_036","HARV_036_167","2016-05-25","2016-03-23","2016-05-16","2016-05-20T16:30Z","2016-05-25T14:20Z","NEON.LTR.HARV036167.20160516","NEON.LTR.HARV036167.20160516.NDL","NEON.DOC.001710vE","Needles",0.54,"N",NA,"4fwqTWf6TJUgX1b061gRBN/1LlNKYVNd"
"1cc3a1cb-ffc7-45c5-baa6-14d1a6c6dbc7","HARV_036.basePlot.ltr","D01","HARV","HARV_036","HARV_036_167","2016-05-25","2016-03-23","2016-05-16","2016-05-20T16:30Z","2016-05-25T14:20Z","NEON.LTR.HARV036167.20160516","NEON.LTR.HARV036167.20160516.SDS","NEON.DOC.001710vE","Seeds",0.02,"N",NA,"4fwqTWf6TJUgX1b061gRBN/1LlNKYVNd"
"c6ee3e44-83d1-4b01-aede-ef302d7af544","HARV_036.basePlot.ltr","D01","HARV","HARV_036","HARV_036_167","2016-05-25","2016-03-23","2016-05-16","2016-05-20T16:30Z","2016-05-25T14:20Z","NEON.LTR.HARV036167.20160516","NEON.LTR.HARV036167.20160516.OTH","NEON.DOC.001710vE","Other",5.63,"N",NA,"4fwqTWf6TJUgX1b061gRBN/1LlNKYVNd"
"702ce533-b029-47b9-bd02-26201d8b3743","HARV_036.basePlot.ltr","D01","HARV","HARV_036","HARV_036_167","2016-05-25","2016-03-23","2016-05-16","2016-05-20T16:30Z","2016-05-25T14:20Z","NEON.LTR.HARV036167.20160516","NEON.LTR.HARV036167.20160516.FLR","NEON.DOC.001710vE","Flowers",1.56,"N",NA,"4fwqTWf6TJUgX1b061gRBN/1LlNKYVNd"
"a24fe427-eb75-4827-88d3-4f1be328033a","HARV_036.basePlot.ltr","D01","HARV","HARV_036","HARV_036_167","2016-05-25","2016-03-23","2016-05-16","2016-05-20T16:30Z","2016-05-25T14:20Z","NEON.LTR.HARV036167.20160516","NEON.LTR.HARV036167.20160516.TWI","NEON.DOC.001710vE","Twigs/branches",1.51,"N",NA,"4fwqTWf6TJUgX1b061gRBN/1LlNKYVNd"
"d1023d3d-b9fe-425c-9990-83dc0761b018","HARV_040.basePlot.ltr","D01","HARV","HARV_040","HARV_040_849","2016-05-25","2016-03-23","2016-05-16","2016-05-20T16:30Z","2016-05-25T14:20Z","NEON.LTR.HARV040849.20160516","NEON.LTR.HARV040849.20160516.NDL","NEON.DOC.001710vE","Needles",0.01,"N",NA,"4fwqTWf6TJUgX1b061gRBN/1LlNKYVNd"
"c50b1812-bdb0-4ca5-ada7-cba4d315fd90","HARV_040.basePlot.ltr","D01","HARV","HARV_040","HARV_040_849","2016-05-25","2016-03-23","2016-05-16","2016-05-20T16:30Z","2016-05-25T14:20Z","NEON.LTR.HARV040849.20160516","NEON.LTR.HARV040849.20160516.TWI","NEON.DOC.001710vE","Twigs/branches",0.12,"N",NA,"4fwqTWf6TJUgX1b061gRBN/1LlNKYVNd"
"83a7ac28-9992-4a99-a338-f34a4fabacc4","HARV_040.basePlot.ltr","D01","HARV","HARV_040","HARV_040_849","2016-05-25","2016-03-23","2016-05-16","2016-05-20T16:30Z","2016-05-25T14:20Z","NEON.LTR.HARV040849.20160516","NEON.LTR.HARV040849.20160516.FLR","NEON.DOC.001710vE","Flowers",0.27,"Y",NA,"4fwqTWf6TJUgX1b061gRBN/1LlNKYVNd"
"90a665b6-b0be-42fa-9773-f7339330eb98","HARV_040.basePlot.ltr","D01","HARV","HARV_040","HARV_040_849","2016-05-25","2016-03-23","2016-05-16","2016-05-20T16:30Z","2016-05-25T14:20Z","NEON.LTR.HARV040849.20160516","NEON.LTR.HARV040849.20160516.WDY","NEON.DOC.001710vE","Woody material",0.02,"N",NA,"4fwqTWf6TJUgX1b061gRBN/1LlNKYVNd"
"d30a9f6a-d2a0-453b-a92f-294c04ac00d9","HARV_040.basePlot.ltr","D01","HARV","HARV_040","HARV_040_849","2016-05-25","2016-03-23","2016-05-16","2016-05-20T16:30Z","2016-05-25T14:20Z","NEON.LTR.HARV040849.20160516","NEON.LTR.HARV040849.20160516.OTH","NEON.DOC.001710vE","Other",0.16,"N",NA,"4fwqTWf6TJUgX1b061gRBN/1LlNKYVNd"
"15081388-b73e-4b45-95f8-a87e0ffddc28","HARV_040.basePlot.ltr","D01","HARV","HARV_040","HARV_040_849","2016-05-25","2016-03-23","2016-05-16","2016-05-20T16:30Z","2016-05-25T14:20Z","NEON.LTR.HARV040849.20160516","NEON.LTR.HARV040849.20160516.LVS","NEON.DOC.001710vE","Leaves",0.02,"N",NA,"4fwqTWf6TJUgX1b061gRBN/1LlNKYVNd"
"a9d92b28-e338-49af-a0b5-548521c9627f","HARV_040.basePlot.ltr","D01","HARV","HARV_040","HARV_040_849","2016-05-25","2016-03-23","2016-05-16","2016-05-20T16:30Z","2016-05-25T14:20Z","NEON.LTR.HARV040849.20160516","NEON.LTR.HARV040849.20160516.SDS","NEON.DOC.001710vE","Seeds",0,"N",NA,"4fwqTWf6TJUgX1b061gRBN/1LlNKYVNd"
"2eefab1e-dda2-47c5-a0f6-75ef0741bdfc","HARV_034.basePlot.ltr","D01","HARV","HARV_034","HARV_034_608","2016-05-25","2016-03-23","2016-05-16","2016-05-20T16:30Z","2016-05-25T14:20Z","NEON.LTR.HARV034608.20160516","NEON.LTR.HARV034608.20160516.TWI","NEON.DOC.001710vE","Twigs/branches",1.22,"N",NA,"4fwqTWf6TJUgX1b061gRBN/1LlNKYVNd"
"bce2d957-6aa0-4586-8210-af54b0c4f6c9","HARV_034.basePlot.ltr","D01","HARV","HARV_034","HARV_034_608","2016-05-25","2016-03-23","2016-05-16","2016-05-20T16:30Z","2016-05-25T14:20Z","NEON.LTR.HARV034608.20160516","NEON.LTR.HARV034608.20160516.OTH","NEON.DOC.001710vE","Other",9.11,"N",NA,"4fwqTWf6TJUgX1b061gRBN/1LlNKYVNd"
"a30130ce-263b-4e91-91c3-f4c5adfc83c1","HARV_034.basePlot.ltr","D01","HARV","HARV_034","HARV_034_608","2016-05-25","2016-03-23","2016-05-16","2016-05-20T16:30Z","2016-05-25T14:20Z","NEON.LTR.HARV034608.20160516","NEON.LTR.HARV034608.20160516.SDS","NEON.DOC.001710vE","Seeds",0,"N",NA,"4fwqTWf6TJUgX1b061gRBN/1LlNKYVNd"
"6af3dae2-1106-4fdb-ae40-7e27b05eee46","HARV_034.basePlot.ltr","D01","HARV","HARV_034","HARV_034_608","2016-05-25","2016-03-23","2016-05-16","2016-05-20T16:30Z","2016-05-25T14:20Z","NEON.LTR.HARV034608.20160516","NEON.LTR.HARV034608.20160516.NDL","NEON.DOC.001710vE","Needles",8.16,"N",NA,"4fwqTWf6TJUgX1b061gRBN/1LlNKYVNd"
"2d16a6d0-7c7b-4d38-9d34-515e42723e06","HARV_034.basePlot.ltr","D01","HARV","HARV_034","HARV_034_608","2016-05-25","2016-03-23","2016-05-16","2016-05-20T16:30Z","2016-05-25T14:20Z","NEON.LTR.HARV034608.20160516","NEON.LTR.HARV034608.20160516.LVS","NEON.DOC.001710vE","Leaves",0.06,"N",NA,"4fwqTWf6TJUgX1b061gRBN/1LlNKYVNd"
"f37a09f1-8408-4142-bda8-09fc45b4630e","HARV_034.basePlot.ltr","D01","HARV","HARV_034","HARV_034_608","2016-05-25","2016-03-23","2016-05-16","2016-05-20T16:30Z","2016-05-25T14:20Z","NEON.LTR.HARV034608.20160516","NEON.LTR.HARV034608.20160516.FLR","NEON.DOC.001710vE","Flowers",0.12,"N",NA,"4fwqTWf6TJUgX1b061gRBN/1LlNKYVNd"
"118fd24f-d25f-45cf-ba30-7413f9d55139","HARV_034.basePlot.ltr","D01","HARV","HARV_034","HARV_034_608","2016-05-25","2016-03-23","2016-05-16","2016-05-20T16:30Z","2016-05-25T14:20Z","NEON.LTR.HARV034608.20160516","NEON.LTR.HARV034608.20160516.WDY","NEON.DOC.001710vE","Woody material",4.01,"Y",NA,"4fwqTWf6TJUgX1b061gRBN/1LlNKYVNd"
"e5bfad90-9b41-42c8-99a1-c9c608fa8e95","HARV_038.basePlot.ltr","D01","HARV","HARV_038","HARV_038_543","2016-07-15","2016-05-16","2016-07-11","2016-07-14T14:15Z","2016-07-15T18:47Z","NEON.LTR.HARV038543.20160711","NEON.LTR.HARV038543.20160711.SDS","NEON.DOC.001710vE","Seeds",0.16,"N",NA,"nJ5SLjmo9KloJvxdkZwGIuojNiVtvG/wqD3cm8OvTBY="
"07ead904-74fd-4622-8832-bf82a8724b8f","HARV_038.basePlot.ltr","D01","HARV","HARV_038","HARV_038_543","2016-07-15","2016-05-16","2016-07-11","2016-07-14T14:15Z","2016-07-15T18:47Z","NEON.LTR.HARV038543.20160711","NEON.LTR.HARV038543.20160711.WDY","NEON.DOC.001710vE","Woody material",0.11,"N",NA,"nJ5SLjmo9KloJvxdkZwGIuojNiVtvG/wqD3cm8OvTBY="
"623820e6-5944-4a7f-add0-536c50d46b7f","HARV_038.basePlot.ltr","D01","HARV","HARV_038","HARV_038_543","2016-07-15","2016-05-16","2016-07-11","2016-07-14T14:15Z","2016-07-15T18:47Z","NEON.LTR.HARV038543.20160711","NEON.LTR.HARV038543.20160711.LVS","NEON.DOC.001710vE","Leaves",2.76,"N",NA,"nJ5SLjmo9KloJvxdkZwGIuojNiVtvG/wqD3cm8OvTBY="
"46342e51-e5d9-48fe-ac61-ceed0a1edb60","HARV_038.basePlot.ltr","D01","HARV","HARV_038","HARV_038_543","2016-07-15","2016-05-16","2016-07-11","2016-07-14T14:15Z","2016-07-15T18:47Z","NEON.LTR.HARV038543.20160711","NEON.LTR.HARV038543.20160711.FLR","NEON.DOC.001710vE","Flowers",0.93,"N",NA,"nJ5SLjmo9KloJvxdkZwGIuojNiVtvG/wqD3cm8OvTBY="
"f4192668-0f48-4ee8-8560-191d6f420b79","HARV_038.basePlot.ltr","D01","HARV","HARV_038","HARV_038_543","2016-07-15","2016-05-16","2016-07-11","2016-07-14T14:15Z","2016-07-15T18:47Z","NEON.LTR.HARV038543.20160711","NEON.LTR.HARV038543.20160711.NDL","NEON.DOC.001710vE","Needles",0.56,"N",NA,"nJ5SLjmo9KloJvxdkZwGIuojNiVtvG/wqD3cm8OvTBY="
"7145a9f5-c6f1-4cca-89cb-81740c4428a7","HARV_038.basePlot.ltr","D01","HARV","HARV_038","HARV_038_543","2016-07-15","2016-05-16","2016-07-11","2016-07-14T14:15Z","2016-07-15T18:47Z","NEON.LTR.HARV038543.20160711","NEON.LTR.HARV038543.20160711.OTH","NEON.DOC.001710vE","Other",5.03,"N",NA,"nJ5SLjmo9KloJvxdkZwGIuojNiVtvG/wqD3cm8OvTBY="
"d8b8a0be-8ef2-4c50-9b22-a5a6ab9f0f4a","HARV_038.basePlot.ltr","D01","HARV","HARV_038","HARV_038_543","2016-07-15","2016-05-16","2016-07-11","2016-07-14T14:15Z","2016-07-15T18:47Z","NEON.LTR.HARV038543.20160711","NEON.LTR.HARV038543.20160711.TWI","NEON.DOC.001710vE","Twigs/branches",2.26,"N",NA,"nJ5SLjmo9KloJvxdkZwGIuojNiVtvG/wqD3cm8OvTBY="
"29b9ecf4-3c4d-410b-b042-bfe587f0fd51","HARV_047.basePlot.ltr","D01","HARV","HARV_047","HARV_047_947","2016-07-15","2016-05-16","2016-07-11","2016-07-14T14:15Z","2016-07-15T18:47Z","NEON.LTR.HARV047947.20160711","NEON.LTR.HARV047947.20160711.LVS","NEON.DOC.001710vE","Leaves",6.8,"N",NA,"nJ5SLjmo9KloJvxdkZwGIuojNiVtvG/wqD3cm8OvTBY="
"7365d628-a433-49e3-ad39-9d020e848fa4","HARV_047.basePlot.ltr","D01","HARV","HARV_047","HARV_047_947","2016-07-15","2016-05-16","2016-07-11","2016-07-14T14:15Z","2016-07-15T18:47Z","NEON.LTR.HARV047947.20160711","NEON.LTR.HARV047947.20160711.SDS","NEON.DOC.001710vE","Seeds",0.005,"N",NA,"nJ5SLjmo9KloJvxdkZwGIuojNiVtvG/wqD3cm8OvTBY="
"6748cbde-3795-48bf-b572-c93d76047013","HARV_047.basePlot.ltr","D01","HARV","HARV_047","HARV_047_947","2016-07-15","2016-05-16","2016-07-11","2016-07-14T14:15Z","2016-07-15T18:47Z","NEON.LTR.HARV047947.20160711","NEON.LTR.HARV047947.20160711.FLR","NEON.DOC.001710vE","Flowers",0.6,"N",NA,"nJ5SLjmo9KloJvxdkZwGIuojNiVtvG/wqD3cm8OvTBY="
"685ec498-d9e9-42e3-addf-6c1808409a5b","HARV_047.basePlot.ltr","D01","HARV","HARV_047","HARV_047_947","2016-07-15","2016-05-16","2016-07-11","2016-07-14T14:15Z","2016-07-15T18:47Z","NEON.LTR.HARV047947.20160711","NEON.LTR.HARV047947.20160711.OTH","NEON.DOC.001710vE","Other",1.68,"Y",NA,"nJ5SLjmo9KloJvxdkZwGIuojNiVtvG/wqD3cm8OvTBY="
"9f05c903-896b-4ee9-8726-7c75f512a1a3","HARV_047.basePlot.ltr","D01","HARV","HARV_047","HARV_047_947","2016-07-15","2016-05-16","2016-07-11","2016-07-14T14:15Z","2016-07-15T18:47Z","NEON.LTR.HARV047947.20160711","NEON.LTR.HARV047947.20160711.TWI","NEON.DOC.001710vE","Twigs/branches",1.32,"N",NA,"nJ5SLjmo9KloJvxdkZwGIuojNiVtvG/wqD3cm8OvTBY="
"2e42c0a9-7f40-4717-971b-69572daf66e9","HARV_047.basePlot.ltr","D01","HARV","HARV_047","HARV_047_947","2016-07-15","2016-05-16","2016-07-11","2016-07-14T14:15Z","2016-07-15T18:47Z","NEON.LTR.HARV047947.20160711","NEON.LTR.HARV047947.20160711.WDY","NEON.DOC.001710vE","Woody material",0.04,"N",NA,"nJ5SLjmo9KloJvxdkZwGIuojNiVtvG/wqD3cm8OvTBY="
"3098964e-baf9-488d-bc01-66090f31018c","HARV_047.basePlot.ltr","D01","HARV","HARV_047","HARV_047_947","2016-07-15","2016-05-16","2016-07-11","2016-07-14T14:15Z","2016-07-15T18:47Z","NEON.LTR.HARV047947.20160711","NEON.LTR.HARV047947.20160711.NDL","NEON.DOC.001710vE","Needles",0,"N",NA,"nJ5SLjmo9KloJvxdkZwGIuojNiVtvG/wqD3cm8OvTBY="
"13ce699e-0665-4d1b-8e7b-e318d14e4aef","HARV_042.basePlot.ltr","D01","HARV","HARV_042","HARV_042_858","2016-07-15","2016-05-16","2016-07-11","2016-07-14T14:15Z","2016-07-15T18:47Z","NEON.LTR.HARV042858.20160711","NEON.LTR.HARV042858.20160711.OTH","NEON.DOC.001710vE","Other",9.86,"N",NA,"nJ5SLjmo9KloJvxdkZwGIuojNiVtvG/wqD3cm8OvTBY="
"125d27ce-93c5-406b-b10c-11f6d644b6d3","HARV_042.basePlot.ltr","D01","HARV","HARV_042","HARV_042_858","2016-07-15","2016-05-16","2016-07-11","2016-07-14T14:15Z","2016-07-15T18:47Z","NEON.LTR.HARV042858.20160711","NEON.LTR.HARV042858.20160711.WDY","NEON.DOC.001710vE","Woody material",0.88,"N",NA,"nJ5SLjmo9KloJvxdkZwGIuojNiVtvG/wqD3cm8OvTBY="
"d1f40f94-8e7e-488b-8a30-f390a8c7fbf3","HARV_042.basePlot.ltr","D01","HARV","HARV_042","HARV_042_858","2016-07-15","2016-05-16","2016-07-11","2016-07-14T14:15Z","2016-07-15T18:47Z","NEON.LTR.HARV042858.20160711","NEON.LTR.HARV042858.20160711.TWI","NEON.DOC.001710vE","Twigs/branches",5.82,"N",NA,"nJ5SLjmo9KloJvxdkZwGIuojNiVtvG/wqD3cm8OvTBY="
"8caea8f0-90ef-4ac9-81dc-d99493264884","HARV_042.basePlot.ltr","D01","HARV","HARV_042","HARV_042_858","2016-07-15","2016-05-16","2016-07-11","2016-07-14T14:15Z","2016-07-15T18:47Z","NEON.LTR.HARV042858.20160711","NEON.LTR.HARV042858.20160711.SDS","NEON.DOC.001710vE","Seeds",0.14,"N",NA,"nJ5SLjmo9KloJvxdkZwGIuojNiVtvG/wqD3cm8OvTBY="
"0a50d51f-e254-41af-98c6-e3c2314ca137","HARV_042.basePlot.ltr","D01","HARV","HARV_042","HARV_042_858","2016-07-15","2016-05-16","2016-07-11","2016-07-14T14:15Z","2016-07-15T18:47Z","NEON.LTR.HARV042858.20160711","NEON.LTR.HARV042858.20160711.LVS","NEON.DOC.001710vE","Leaves",2.57,"Y",NA,"nJ5SLjmo9KloJvxdkZwGIuojNiVtvG/wqD3cm8OvTBY="
"55c69785-962a-444c-aa50-4ac6b08f7881","HARV_042.basePlot.ltr","D01","HARV","HARV_042","HARV_042_858","2016-07-15","2016-05-16","2016-07-11","2016-07-14T14:15Z","2016-07-15T18:47Z","NEON.LTR.HARV042858.20160711","NEON.LTR.HARV042858.20160711.FLR","NEON.DOC.001710vE","Flowers",3.38,"N",NA,"nJ5SLjmo9KloJvxdkZwGIuojNiVtvG/wqD3cm8OvTBY="
"1f19c8f2-fc98-4bbe-956d-5419ee998863","HARV_042.basePlot.ltr","D01","HARV","HARV_042","HARV_042_858","2016-07-15","2016-05-16","2016-07-11","2016-07-14T14:15Z","2016-07-15T18:47Z","NEON.LTR.HARV042858.20160711","NEON.LTR.HARV042858.20160711.NDL","NEON.DOC.001710vE","Needles",17.88,"N",NA,"nJ5SLjmo9KloJvxdkZwGIuojNiVtvG/wqD3cm8OvTBY="
"35e053b2-040c-4793-a948-2f5ef7fd94f1","HARV_048.basePlot.ltr","D01","HARV","HARV_048","HARV_048_701","2016-07-15","2016-05-16","2016-07-11","2016-07-14T14:15Z","2016-07-15T18:47Z","NEON.LTR.HARV048701.20160711","NEON.LTR.HARV048701.20160711.LVS","NEON.DOC.001710vE","Leaves",1.78,"N",NA,"nJ5SLjmo9KloJvxdkZwGIuojNiVtvG/wqD3cm8OvTBY="
"a0388cea-e2ff-45e2-955c-39c46595c652","HARV_048.basePlot.ltr","D01","HARV","HARV_048","HARV_048_701","2016-07-15","2016-05-16","2016-07-11","2016-07-14T14:15Z","2016-07-15T18:47Z","NEON.LTR.HARV048701.20160711","NEON.LTR.HARV048701.20160711.OTH","NEON.DOC.001710vE","Other",4.75,"N",NA,"nJ5SLjmo9KloJvxdkZwGIuojNiVtvG/wqD3cm8OvTBY="
"c1b9fc09-ebbf-4bd6-b106-e5685679351d","HARV_048.basePlot.ltr","D01","HARV","HARV_048","HARV_048_701","2016-07-15","2016-05-16","2016-07-11","2016-07-14T14:15Z","2016-07-15T18:47Z","NEON.LTR.HARV048701.20160711","NEON.LTR.HARV048701.20160711.WDY","NEON.DOC.001710vE","Woody material",0.06,"N",NA,"nJ5SLjmo9KloJvxdkZwGIuojNiVtvG/wqD3cm8OvTBY="
"ad25c0b9-4623-40d1-b59e-305ed4400061","HARV_048.basePlot.ltr","D01","HARV","HARV_048","HARV_048_701","2016-07-15","2016-05-16","2016-07-11","2016-07-14T14:15Z","2016-07-15T18:47Z","NEON.LTR.HARV048701.20160711","NEON.LTR.HARV048701.20160711.SDS","NEON.DOC.001710vE","Seeds",0,"N",NA,"nJ5SLjmo9KloJvxdkZwGIuojNiVtvG/wqD3cm8OvTBY="
"67abf3f5-c2f0-49ab-9f44-aac94df4556c","HARV_048.basePlot.ltr","D01","HARV","HARV_048","HARV_048_701","2016-07-15","2016-05-16","2016-07-11","2016-07-14T14:15Z","2016-07-15T18:47Z","NEON.LTR.HARV048701.20160711","NEON.LTR.HARV048701.20160711.TWI","NEON.DOC.001710vE","Twigs/branches",5.04,"N",NA,"nJ5SLjmo9KloJvxdkZwGIuojNiVtvG/wqD3cm8OvTBY="
"ca3dc4f6-7cb0-4f5e-99e3-9b9e15425eb2","HARV_048.basePlot.ltr","D01","HARV","HARV_048","HARV_048_701","2016-07-15","2016-05-16","2016-07-11","2016-07-14T14:15Z","2016-07-15T18:47Z","NEON.LTR.HARV048701.20160711","NEON.LTR.HARV048701.20160711.NDL","NEON.DOC.001710vE","Needles",0.59,"N",NA,"nJ5SLjmo9KloJvxdkZwGIuojNiVtvG/wqD3cm8OvTBY="
"c9e72eb5-9431-490e-89d6-fbec8e94107b","HARV_048.basePlot.ltr","D01","HARV","HARV_048","HARV_048_701","2016-07-15","2016-05-16","2016-07-11","2016-07-14T14:15Z","2016-07-15T18:47Z","NEON.LTR.HARV048701.20160711","NEON.LTR.HARV048701.20160711.FLR","NEON.DOC.001710vE","Flowers",1.06,"N",NA,"nJ5SLjmo9KloJvxdkZwGIuojNiVtvG/wqD3cm8OvTBY="
"1deeff24-59ca-4834-b4cd-ebeb9e3c984a","HARV_036.basePlot.ltr","D01","HARV","HARV_036","HARV_036_426","2016-07-15","2016-05-16","2016-07-11","2016-07-14T14:15Z","2016-07-15T18:47Z","NEON.LTR.HARV036426.20160711","NEON.LTR.HARV036426.20160711.LVS","NEON.DOC.001710vE","Leaves",2.08,"N",NA,"nJ5SLjmo9KloJvxdkZwGIuojNiVtvG/wqD3cm8OvTBY="
"16ac1fb3-c752-40d7-9ce0-d3f19860e19d","HARV_036.basePlot.ltr","D01","HARV","HARV_036","HARV_036_426","2016-07-15","2016-05-16","2016-07-11","2016-07-14T14:15Z","2016-07-15T18:47Z","NEON.LTR.HARV036426.20160711","NEON.LTR.HARV036426.20160711.WDY","NEON.DOC.001710vE","Woody material",1.35,"N",NA,"nJ5SLjmo9KloJvxdkZwGIuojNiVtvG/wqD3cm8OvTBY="
"24a3d82d-460c-4f99-b84a-3bcfa47a17ba","HARV_036.basePlot.ltr","D01","HARV","HARV_036","HARV_036_426","2016-07-15","2016-05-16","2016-07-11","2016-07-14T14:15Z","2016-07-15T18:47Z","NEON.LTR.HARV036426.20160711","NEON.LTR.HARV036426.20160711.NDL","NEON.DOC.001710vE","Needles",0.005,"N",NA,"nJ5SLjmo9KloJvxdkZwGIuojNiVtvG/wqD3cm8OvTBY="
"f978494e-942f-43c3-8385-ac34fca01446","HARV_036.basePlot.ltr","D01","HARV","HARV_036","HARV_036_426","2016-07-15","2016-05-16","2016-07-11","2016-07-14T14:15Z","2016-07-15T18:47Z","NEON.LTR.HARV036426.20160711","NEON.LTR.HARV036426.20160711.OTH","NEON.DOC.001710vE","Other",4.38,"N",NA,"nJ5SLjmo9KloJvxdkZwGIuojNiVtvG/wqD3cm8OvTBY="
"82e41f6e-b88b-4b42-8c89-f58db740ce0a","HARV_036.basePlot.ltr","D01","HARV","HARV_036","HARV_036_426","2016-07-15","2016-05-16","2016-07-11","2016-07-14T14:15Z","2016-07-15T18:47Z","NEON.LTR.HARV036426.20160711","NEON.LTR.HARV036426.20160711.SDS","NEON.DOC.001710vE","Seeds",0.22,"N",NA,"nJ5SLjmo9KloJvxdkZwGIuojNiVtvG/wqD3cm8OvTBY="
"c48e2be5-2c9a-438b-8e64-f8e43459285a","HARV_036.basePlot.ltr","D01","HARV","HARV_036","HARV_036_426","2016-07-15","2016-05-16","2016-07-11","2016-07-14T14:15Z","2016-07-15T18:47Z","NEON.LTR.HARV036426.20160711","NEON.LTR.HARV036426.20160711.TWI","NEON.DOC.001710vE","Twigs/branches",1.78,"N",NA,"nJ5SLjmo9KloJvxdkZwGIuojNiVtvG/wqD3cm8OvTBY="
"74ff61c1-6b99-4bca-ae4c-154fa047bd26","HARV_036.basePlot.ltr","D01","HARV","HARV_036","HARV_036_426","2016-07-15","2016-05-16","2016-07-11","2016-07-14T14:15Z","2016-07-15T18:47Z","NEON.LTR.HARV036426.20160711","NEON.LTR.HARV036426.20160711.FLR","NEON.DOC.001710vE","Flowers",2.83,"N",NA,"nJ5SLjmo9KloJvxdkZwGIuojNiVtvG/wqD3cm8OvTBY="
"033cce11-16df-40dd-93fe-090a9be51b78","HARV_035.basePlot.ltr","D01","HARV","HARV_035","HARV_035_402","2016-07-15","2016-05-16","2016-07-11","2016-07-14T14:15Z","2016-07-15T18:47Z","NEON.LTR.HARV035402.20160711","NEON.LTR.HARV035402.20160711.NDL","NEON.DOC.001710vE","Needles",2.64,"N",NA,"nJ5SLjmo9KloJvxdkZwGIuojNiVtvG/wqD3cm8OvTBY="
"23d2a1ef-adf9-4e5d-852b-8f33cd4b31a6","HARV_035.basePlot.ltr","D01","HARV","HARV_035","HARV_035_402","2016-07-15","2016-05-16","2016-07-11","2016-07-14T14:15Z","2016-07-15T18:47Z","NEON.LTR.HARV035402.20160711","NEON.LTR.HARV035402.20160711.LVS","NEON.DOC.001710vE","Leaves",1.36,"N",NA,"nJ5SLjmo9KloJvxdkZwGIuojNiVtvG/wqD3cm8OvTBY="
"dfe21385-a86b-4898-9e01-8433c84cc25d","HARV_052.basePlot.ltr","D01","HARV","HARV_052","HARV_052_314","2016-07-15","2016-05-16","2016-07-11","2016-07-14T14:15Z","2016-07-15T18:47Z","NEON.LTR.HARV052314.20160711","NEON.LTR.HARV052314.20160711.OTH","NEON.DOC.001710vE","Other",7.19,"N",NA,"nJ5SLjmo9KloJvxdkZwGIuojNiVtvG/wqD3cm8OvTBY="
"afacdbbd-8d27-4257-bbb6-59fdce65a7e7","HARV_035.basePlot.ltr","D01","HARV","HARV_035","HARV_035_402","2016-07-15","2016-05-16","2016-07-11","2016-07-14T14:15Z","2016-07-15T18:47Z","NEON.LTR.HARV035402.20160711","NEON.LTR.HARV035402.20160711.WDY","NEON.DOC.001710vE","Woody material",0.3,"N",NA,"nJ5SLjmo9KloJvxdkZwGIuojNiVtvG/wqD3cm8OvTBY="
"f1cd18ad-63eb-4754-8bd1-2b56c97db025","HARV_052.basePlot.ltr","D01","HARV","HARV_052","HARV_052_314","2016-07-15","2016-05-16","2016-07-11","2016-07-14T14:15Z","2016-07-15T18:47Z","NEON.LTR.HARV052314.20160711","NEON.LTR.HARV052314.20160711.TWI","NEON.DOC.001710vE","Twigs/branches",1.59,"N",NA,"nJ5SLjmo9KloJvxdkZwGIuojNiVtvG/wqD3cm8OvTBY="
"beb56bc8-87eb-4399-ba0a-2b1bc156570c","HARV_035.basePlot.ltr","D01","HARV","HARV_035","HARV_035_402","2016-07-15","2016-05-16","2016-07-11","2016-07-14T14:15Z","2016-07-15T18:47Z","NEON.LTR.HARV035402.20160711","NEON.LTR.HARV035402.20160711.TWI","NEON.DOC.001710vE","Twigs/branches",2.56,"N",NA,"nJ5SLjmo9KloJvxdkZwGIuojNiVtvG/wqD3cm8OvTBY="
"116a4eab-b2b9-4f11-abeb-a1f33f2a1844","HARV_052.basePlot.ltr","D01","HARV","HARV_052","HARV_052_314","2016-07-15","2016-05-16","2016-07-11","2016-07-14T14:15Z","2016-07-15T18:47Z","NEON.LTR.HARV052314.20160711","NEON.LTR.HARV052314.20160711.NDL","NEON.DOC.001710vE","Needles",0.63,"N",NA,"nJ5SLjmo9KloJvxdkZwGIuojNiVtvG/wqD3cm8OvTBY="
"e6f253c4-ba1b-4e28-b72d-170be77e2439","HARV_052.basePlot.ltr","D01","HARV","HARV_052","HARV_052_314","2016-07-15","2016-05-16","2016-07-11","2016-07-14T14:15Z","2016-07-15T18:47Z","NEON.LTR.HARV052314.20160711","NEON.LTR.HARV052314.20160711.FLR","NEON.DOC.001710vE","Flowers",0.34,"N",NA,"nJ5SLjmo9KloJvxdkZwGIuojNiVtvG/wqD3cm8OvTBY="
"fe839b85-acbc-4c01-8139-db511390c09a","HARV_052.basePlot.ltr","D01","HARV","HARV_052","HARV_052_314","2016-07-15","2016-05-16","2016-07-11","2016-07-14T14:15Z","2016-07-15T18:47Z","NEON.LTR.HARV052314.20160711","NEON.LTR.HARV052314.20160711.SDS","NEON.DOC.001710vE","Seeds",0.005,"N",NA,"nJ5SLjmo9KloJvxdkZwGIuojNiVtvG/wqD3cm8OvTBY="
"1cdcd680-10ab-49fc-85ea-f2641c10ada4","HARV_035.basePlot.ltr","D01","HARV","HARV_035","HARV_035_402","2016-07-15","2016-05-16","2016-07-11","2016-07-14T14:15Z","2016-07-15T18:47Z","NEON.LTR.HARV035402.20160711","NEON.LTR.HARV035402.20160711.OTH","NEON.DOC.001710vE","Other",6.58,"N",NA,"nJ5SLjmo9KloJvxdkZwGIuojNiVtvG/wqD3cm8OvTBY="
"ea544f86-4c1f-4bca-88f9-9c9c315236a7","HARV_052.basePlot.ltr","D01","HARV","HARV_052","HARV_052_314","2016-07-15","2016-05-16","2016-07-11","2016-07-14T14:15Z","2016-07-15T18:47Z","NEON.LTR.HARV052314.20160711","NEON.LTR.HARV052314.20160711.LVS","NEON.DOC.001710vE","Leaves",0.95,"N",NA,"nJ5SLjmo9KloJvxdkZwGIuojNiVtvG/wqD3cm8OvTBY="
"337f2f18-cba8-4dfc-b918-48a41fd5583c","HARV_035.basePlot.ltr","D01","HARV","HARV_035","HARV_035_402","2016-07-15","2016-05-16","2016-07-11","2016-07-14T14:15Z","2016-07-15T18:47Z","NEON.LTR.HARV035402.20160711","NEON.LTR.HARV035402.20160711.SDS","NEON.DOC.001710vE","Seeds",0,"N",NA,"nJ5SLjmo9KloJvxdkZwGIuojNiVtvG/wqD3cm8OvTBY="
"bf309769-877f-4856-8e5f-27540c020836","HARV_052.basePlot.ltr","D01","HARV","HARV_052","HARV_052_314","2016-07-15","2016-05-16","2016-07-11","2016-07-14T14:15Z","2016-07-15T18:47Z","NEON.LTR.HARV052314.20160711","NEON.LTR.HARV052314.20160711.WDY","NEON.DOC.001710vE","Woody material",0.07,"Y",NA,"nJ5SLjmo9KloJvxdkZwGIuojNiVtvG/wqD3cm8OvTBY="
"b3237dba-3b52-4b83-a9a6-b99a50a41fb6","HARV_035.basePlot.ltr","D01","HARV","HARV_035","HARV_035_402","2016-07-15","2016-05-16","2016-07-11","2016-07-14T14:15Z","2016-07-15T18:47Z","NEON.LTR.HARV035402.20160711","NEON.LTR.HARV035402.20160711.FLR","NEON.DOC.001710vE","Flowers",0.09,"N",NA,"nJ5SLjmo9KloJvxdkZwGIuojNiVtvG/wqD3cm8OvTBY="
"f49b12e2-7b7b-4c84-b5f9-942f254fb78d","HARV_043.basePlot.ltr","D01","HARV","HARV_043","HARV_043_550","2016-07-15","2016-05-16","2016-07-11","2016-07-14T14:15Z","2016-07-15T18:47Z","NEON.LTR.HARV043550.20160711","NEON.LTR.HARV043550.20160711.TWI","NEON.DOC.001710vE","Twigs/branches",1.45,"N",NA,"nJ5SLjmo9KloJvxdkZwGIuojNiVtvG/wqD3cm8OvTBY="
"86534a8a-d1ff-4263-9444-2c2c476e9314","HARV_043.basePlot.ltr","D01","HARV","HARV_043","HARV_043_550","2016-07-15","2016-05-16","2016-07-11","2016-07-14T14:15Z","2016-07-15T18:47Z","NEON.LTR.HARV043550.20160711","NEON.LTR.HARV043550.20160711.LVS","NEON.DOC.001710vE","Leaves",1.36,"N",NA,"nJ5SLjmo9KloJvxdkZwGIuojNiVtvG/wqD3cm8OvTBY="
"a8d87073-577c-4a25-9ec5-dacdd27d8ed0","HARV_043.basePlot.ltr","D01","HARV","HARV_043","HARV_043_550","2016-07-15","2016-05-16","2016-07-11","2016-07-14T14:15Z","2016-07-15T18:47Z","NEON.LTR.HARV043550.20160711","NEON.LTR.HARV043550.20160711.FLR","NEON.DOC.001710vE","Flowers",0.07,"N",NA,"nJ5SLjmo9KloJvxdkZwGIuojNiVtvG/wqD3cm8OvTBY="
"9606c05e-e4db-42c2-a60b-effa4306c1d1","HARV_043.basePlot.ltr","D01","HARV","HARV_043","HARV_043_550","2016-07-15","2016-05-16","2016-07-11","2016-07-14T14:15Z","2016-07-15T18:47Z","NEON.LTR.HARV043550.20160711","NEON.LTR.HARV043550.20160711.WDY","NEON.DOC.001710vE","Woody material",0.16,"N",NA,"nJ5SLjmo9KloJvxdkZwGIuojNiVtvG/wqD3cm8OvTBY="
"a522d1c0-cfc8-4e19-bae7-0c51c64a2ed4","HARV_044.basePlot.ltr","D01","HARV","HARV_044","HARV_044_815","2016-07-15","2016-05-16","2016-07-11","2016-07-14T14:15Z","2016-07-15T18:47Z","NEON.LTR.HARV044815.20160711","NEON.LTR.HARV044815.20160711.LVS","NEON.DOC.001710vE","Leaves",2.98,"Y",NA,"nJ5SLjmo9KloJvxdkZwGIuojNiVtvG/wqD3cm8OvTBY="
"f89f2c57-b30b-4435-8ca8-185ca2c07400","HARV_044.basePlot.ltr","D01","HARV","HARV_044","HARV_044_815","2016-07-15","2016-05-16","2016-07-11","2016-07-14T14:15Z","2016-07-15T18:47Z","NEON.LTR.HARV044815.20160711","NEON.LTR.HARV044815.20160711.NDL","NEON.DOC.001710vE","Needles",0.005,"N",NA,"nJ5SLjmo9KloJvxdkZwGIuojNiVtvG/wqD3cm8OvTBY="
"cd2571c8-f645-43cb-8741-6557a7e70be9","HARV_043.basePlot.ltr","D01","HARV","HARV_043","HARV_043_550","2016-07-15","2016-05-16","2016-07-11","2016-07-14T14:15Z","2016-07-15T18:47Z","NEON.LTR.HARV043550.20160711","NEON.LTR.HARV043550.20160711.OTH","NEON.DOC.001710vE","Other",4.8,"N",NA,"nJ5SLjmo9KloJvxdkZwGIuojNiVtvG/wqD3cm8OvTBY="
"2587e82e-142a-4f18-a87d-ec1ac28d50e7","HARV_043.basePlot.ltr","D01","HARV","HARV_043","HARV_043_550","2016-07-15","2016-05-16","2016-07-11","2016-07-14T14:15Z","2016-07-15T18:47Z","NEON.LTR.HARV043550.20160711","NEON.LTR.HARV043550.20160711.NDL","NEON.DOC.001710vE","Needles",2.3,"N",NA,"nJ5SLjmo9KloJvxdkZwGIuojNiVtvG/wqD3cm8OvTBY="
"eafa2469-b5d5-4c0b-bab8-e66d53d1dbd8","HARV_044.basePlot.ltr","D01","HARV","HARV_044","HARV_044_815","2016-07-15","2016-05-16","2016-07-11","2016-07-14T14:15Z","2016-07-15T18:47Z","NEON.LTR.HARV044815.20160711","NEON.LTR.HARV044815.20160711.FLR","NEON.DOC.001710vE","Flowers",1.77,"N",NA,"nJ5SLjmo9KloJvxdkZwGIuojNiVtvG/wqD3cm8OvTBY="
"a874f235-f9d5-4089-8db3-ef443ae57a66","HARV_044.basePlot.ltr","D01","HARV","HARV_044","HARV_044_815","2016-07-15","2016-05-16","2016-07-11","2016-07-14T14:15Z","2016-07-15T18:47Z","NEON.LTR.HARV044815.20160711","NEON.LTR.HARV044815.20160711.SDS","NEON.DOC.001710vE","Seeds",0.45,"N",NA,"nJ5SLjmo9KloJvxdkZwGIuojNiVtvG/wqD3cm8OvTBY="
"9bce3e31-73ea-4178-81a7-72b73ec52257","HARV_043.basePlot.ltr","D01","HARV","HARV_043","HARV_043_550","2016-07-15","2016-05-16","2016-07-11","2016-07-14T14:15Z","2016-07-15T18:47Z","NEON.LTR.HARV043550.20160711","NEON.LTR.HARV043550.20160711.SDS","NEON.DOC.001710vE","Seeds",0,"N",NA,"nJ5SLjmo9KloJvxdkZwGIuojNiVtvG/wqD3cm8OvTBY="
"6a41a98f-2b92-4cd4-b100-083f0d72952d","HARV_044.basePlot.ltr","D01","HARV","HARV_044","HARV_044_815","2016-07-15","2016-05-16","2016-07-11","2016-07-14T14:15Z","2016-07-15T18:47Z","NEON.LTR.HARV044815.20160711","NEON.LTR.HARV044815.20160711.OTH","NEON.DOC.001710vE","Other",2.67,"N",NA,"nJ5SLjmo9KloJvxdkZwGIuojNiVtvG/wqD3cm8OvTBY="
"ad4e2735-2d38-4a8a-b96d-fdbb16f4c72b","HARV_044.basePlot.ltr","D01","HARV","HARV_044","HARV_044_815","2016-07-15","2016-05-16","2016-07-11","2016-07-14T14:15Z","2016-07-15T18:47Z","NEON.LTR.HARV044815.20160711","NEON.LTR.HARV044815.20160711.WDY","NEON.DOC.001710vE","Woody material",0.06,"N",NA,"nJ5SLjmo9KloJvxdkZwGIuojNiVtvG/wqD3cm8OvTBY="
"3a17eaf7-e7c3-4071-8031-35af9dcd3d8f","HARV_044.basePlot.ltr","D01","HARV","HARV_044","HARV_044_815","2016-07-15","2016-05-16","2016-07-11","2016-07-14T14:15Z","2016-07-15T18:47Z","NEON.LTR.HARV044815.20160711","NEON.LTR.HARV044815.20160711.TWI","NEON.DOC.001710vE","Twigs/branches",2,"N",NA,"nJ5SLjmo9KloJvxdkZwGIuojNiVtvG/wqD3cm8OvTBY="
"b0f1a2a7-4b77-4653-90f8-7ea8ae4e8ce0","HARV_051.basePlot.ltr","D01","HARV","HARV_051","HARV_051_701","2016-07-15","2016-05-16","2016-07-11","2016-07-14T14:15Z","2016-07-15T18:47Z","NEON.LTR.HARV051701.20160711","NEON.LTR.HARV051701.20160711.WDY","NEON.DOC.001710vE","Woody material",0.47,"N",NA,"nJ5SLjmo9KloJvxdkZwGIuojNiVtvG/wqD3cm8OvTBY="
"c1547e4c-01d2-4601-9634-7465259d91f6","HARV_051.basePlot.ltr","D01","HARV","HARV_051","HARV_051_701","2016-07-15","2016-05-16","2016-07-11","2016-07-14T14:15Z","2016-07-15T18:47Z","NEON.LTR.HARV051701.20160711","NEON.LTR.HARV051701.20160711.LVS","NEON.DOC.001710vE","Leaves",14.61,"N",NA,"nJ5SLjmo9KloJvxdkZwGIuojNiVtvG/wqD3cm8OvTBY="
"d21b7b25-d589-42c1-befc-9d2ebfd808ed","HARV_051.basePlot.ltr","D01","HARV","HARV_051","HARV_051_701","2016-07-15","2016-05-16","2016-07-11","2016-07-14T14:15Z","2016-07-15T18:47Z","NEON.LTR.HARV051701.20160711","NEON.LTR.HARV051701.20160711.TWI","NEON.DOC.001710vE","Twigs/branches",3.24,"N",NA,"nJ5SLjmo9KloJvxdkZwGIuojNiVtvG/wqD3cm8OvTBY="
"deec1912-fa37-4c19-b642-673a1f5917ad","HARV_051.basePlot.ltr","D01","HARV","HARV_051","HARV_051_701","2016-07-15","2016-05-16","2016-07-11","2016-07-14T14:15Z","2016-07-15T18:47Z","NEON.LTR.HARV051701.20160711","NEON.LTR.HARV051701.20160711.FLR","NEON.DOC.001710vE","Flowers",3.41,"N",NA,"nJ5SLjmo9KloJvxdkZwGIuojNiVtvG/wqD3cm8OvTBY="
"1b66dc5a-f507-4a2f-adc0-4433aff6d5a8","HARV_051.basePlot.ltr","D01","HARV","HARV_051","HARV_051_701","2016-07-15","2016-05-16","2016-07-11","2016-07-14T14:15Z","2016-07-15T18:47Z","NEON.LTR.HARV051701.20160711","NEON.LTR.HARV051701.20160711.SDS","NEON.DOC.001710vE","Seeds",0.61,"N",NA,"nJ5SLjmo9KloJvxdkZwGIuojNiVtvG/wqD3cm8OvTBY="
"adbd3a09-6d52-4134-8f9d-8e841883130a","HARV_051.basePlot.ltr","D01","HARV","HARV_051","HARV_051_701","2016-07-15","2016-05-16","2016-07-11","2016-07-14T14:15Z","2016-07-15T18:47Z","NEON.LTR.HARV051701.20160711","NEON.LTR.HARV051701.20160711.OTH","NEON.DOC.001710vE","Other",4.78,"N",NA,"nJ5SLjmo9KloJvxdkZwGIuojNiVtvG/wqD3cm8OvTBY="
"b6b10b34-f780-4ad7-8793-687eb0606e78","HARV_051.basePlot.ltr","D01","HARV","HARV_051","HARV_051_701","2016-07-15","2016-05-16","2016-07-11","2016-07-14T14:15Z","2016-07-15T18:47Z","NEON.LTR.HARV051701.20160711","NEON.LTR.HARV051701.20160711.NDL","NEON.DOC.001710vE","Needles",3.15,"N",NA,"nJ5SLjmo9KloJvxdkZwGIuojNiVtvG/wqD3cm8OvTBY="
"56a31446-56e8-4df9-914f-1d44c6114f80","HARV_051.basePlot.ltr","D01","HARV","HARV_051","HARV_051_361","2016-07-15","2016-05-16","2016-07-11","2016-07-14T14:15Z","2016-07-15T18:47Z","NEON.LTR.HARV051361.20160711","NEON.LTR.HARV051361.20160711.LVS","NEON.DOC.001710vE","Leaves",5.21,"N",NA,"nJ5SLjmo9KloJvxdkZwGIuojNiVtvG/wqD3cm8OvTBY="
"8c1b2994-c261-404c-9b6d-7cf322d076e4","HARV_051.basePlot.ltr","D01","HARV","HARV_051","HARV_051_361","2016-07-15","2016-05-16","2016-07-11","2016-07-14T14:15Z","2016-07-15T18:47Z","NEON.LTR.HARV051361.20160711","NEON.LTR.HARV051361.20160711.SDS","NEON.DOC.001710vE","Seeds",0.13,"N",NA,"nJ5SLjmo9KloJvxdkZwGIuojNiVtvG/wqD3cm8OvTBY="
"083d86f5-a120-45b7-9527-e7c39b74b189","HARV_051.basePlot.ltr","D01","HARV","HARV_051","HARV_051_361","2016-07-15","2016-05-16","2016-07-11","2016-07-14T14:15Z","2016-07-15T18:47Z","NEON.LTR.HARV051361.20160711","NEON.LTR.HARV051361.20160711.NDL","NEON.DOC.001710vE","Needles",0.65,"N",NA,"nJ5SLjmo9KloJvxdkZwGIuojNiVtvG/wqD3cm8OvTBY="
"b375ea95-6f42-4f5a-9387-59538c41df34","HARV_051.basePlot.ltr","D01","HARV","HARV_051","HARV_051_361","2016-07-15","2016-05-16","2016-07-11","2016-07-14T14:15Z","2016-07-15T18:47Z","NEON.LTR.HARV051361.20160711","NEON.LTR.HARV051361.20160711.TWI","NEON.DOC.001710vE","Twigs/branches",5.2,"N",NA,"nJ5SLjmo9KloJvxdkZwGIuojNiVtvG/wqD3cm8OvTBY="
"eccb1c52-a592-4a72-9c97-d1afe9e07dd0","HARV_051.basePlot.ltr","D01","HARV","HARV_051","HARV_051_361","2016-07-15","2016-05-16","2016-07-11","2016-07-14T14:15Z","2016-07-15T18:47Z","NEON.LTR.HARV051361.20160711","NEON.LTR.HARV051361.20160711.FLR","NEON.DOC.001710vE","Flowers",0.82,"N",NA,"nJ5SLjmo9KloJvxdkZwGIuojNiVtvG/wqD3cm8OvTBY="
"ef220fd2-3ad2-4b77-bd11-ac869a943bb3","HARV_051.basePlot.ltr","D01","HARV","HARV_051","HARV_051_361","2016-07-15","2016-05-16","2016-07-11","2016-07-14T14:15Z","2016-07-15T18:47Z","NEON.LTR.HARV051361.20160711","NEON.LTR.HARV051361.20160711.WDY","NEON.DOC.001710vE","Woody material",0.18,"N",NA,"nJ5SLjmo9KloJvxdkZwGIuojNiVtvG/wqD3cm8OvTBY="
"798080f1-a860-4a7b-9194-a7baf5340821","HARV_051.basePlot.ltr","D01","HARV","HARV_051","HARV_051_361","2016-07-15","2016-05-16","2016-07-11","2016-07-14T14:15Z","2016-07-15T18:47Z","NEON.LTR.HARV051361.20160711","NEON.LTR.HARV051361.20160711.OTH","NEON.DOC.001710vE","Other",5.7,"N",NA,"nJ5SLjmo9KloJvxdkZwGIuojNiVtvG/wqD3cm8OvTBY="
"07bdb786-4c12-4c16-9667-8a9582db72ab","HARV_034.basePlot.ltr","D01","HARV","HARV_034","HARV_034_371","2016-07-15","2016-05-16","2016-07-11","2016-07-14T14:15Z","2016-07-15T18:47Z","NEON.LTR.HARV034371.20160711","NEON.LTR.HARV034371.20160711.LVS","NEON.DOC.001710vE","Leaves",1.09,"N",NA,"nJ5SLjmo9KloJvxdkZwGIuojNiVtvG/wqD3cm8OvTBY="
"45b168db-16c6-4327-a7c4-317a0406454e","HARV_036.basePlot.ltr","D01","HARV","HARV_036","HARV_036_167","2016-07-15","2016-05-16","2016-07-11","2016-07-14T14:15Z","2016-07-15T18:47Z","NEON.LTR.HARV036167.20160711","NEON.LTR.HARV036167.20160711.TWI","NEON.DOC.001710vE","Twigs/branches",1.47,"Y",NA,"nJ5SLjmo9KloJvxdkZwGIuojNiVtvG/wqD3cm8OvTBY="
"0df3e2c0-1a01-459f-9bd6-d0d5f4d6b193","HARV_036.basePlot.ltr","D01","HARV","HARV_036","HARV_036_167","2016-07-15","2016-05-16","2016-07-11","2016-07-14T14:15Z","2016-07-15T18:47Z","NEON.LTR.HARV036167.20160711","NEON.LTR.HARV036167.20160711.SDS","NEON.DOC.001710vE","Seeds",2.67,"N",NA,"nJ5SLjmo9KloJvxdkZwGIuojNiVtvG/wqD3cm8OvTBY="
"49557c70-aff0-4e71-aa65-0fa18190940f","HARV_034.basePlot.ltr","D01","HARV","HARV_034","HARV_034_371","2016-07-15","2016-05-16","2016-07-11","2016-07-14T14:15Z","2016-07-15T18:47Z","NEON.LTR.HARV034371.20160711","NEON.LTR.HARV034371.20160711.FLR","NEON.DOC.001710vE","Flowers",1.11,"N",NA,"nJ5SLjmo9KloJvxdkZwGIuojNiVtvG/wqD3cm8OvTBY="
"0334085f-3d85-43b7-882f-e91c3aed0c15","HARV_036.basePlot.ltr","D01","HARV","HARV_036","HARV_036_167","2016-07-15","2016-05-16","2016-07-11","2016-07-14T14:15Z","2016-07-15T18:47Z","NEON.LTR.HARV036167.20160711","NEON.LTR.HARV036167.20160711.FLR","NEON.DOC.001710vE","Flowers",0.87,"N",NA,"nJ5SLjmo9KloJvxdkZwGIuojNiVtvG/wqD3cm8OvTBY="
"0c100dbf-2f54-4c3e-a4c9-9e0ce9c9861f","HARV_034.basePlot.ltr","D01","HARV","HARV_034","HARV_034_371","2016-07-15","2016-05-16","2016-07-11","2016-07-14T14:15Z","2016-07-15T18:47Z","NEON.LTR.HARV034371.20160711","NEON.LTR.HARV034371.20160711.WDY","NEON.DOC.001710vE","Woody material",1.23,"N",NA,"nJ5SLjmo9KloJvxdkZwGIuojNiVtvG/wqD3cm8OvTBY="
"f35f4704-f827-4a95-b270-acc5ff86979c","HARV_034.basePlot.ltr","D01","HARV","HARV_034","HARV_034_371","2016-07-15","2016-05-16","2016-07-11","2016-07-14T14:15Z","2016-07-15T18:47Z","NEON.LTR.HARV034371.20160711","NEON.LTR.HARV034371.20160711.NDL","NEON.DOC.001710vE","Needles",4.11,"N",NA,"nJ5SLjmo9KloJvxdkZwGIuojNiVtvG/wqD3cm8OvTBY="
"76b176b1-c4cb-4c5d-81d0-ff5d58f97a5a","HARV_036.basePlot.ltr","D01","HARV","HARV_036","HARV_036_167","2016-07-15","2016-05-16","2016-07-11","2016-07-14T14:15Z","2016-07-15T18:47Z","NEON.LTR.HARV036167.20160711","NEON.LTR.HARV036167.20160711.OTH","NEON.DOC.001710vE","Other",8.31,"N",NA,"nJ5SLjmo9KloJvxdkZwGIuojNiVtvG/wqD3cm8OvTBY="
"f701f680-f7a2-4645-bd85-c30d15b232c3","HARV_034.basePlot.ltr","D01","HARV","HARV_034","HARV_034_371","2016-07-15","2016-05-16","2016-07-11","2016-07-14T14:15Z","2016-07-15T18:47Z","NEON.LTR.HARV034371.20160711","NEON.LTR.HARV034371.20160711.SDS","NEON.DOC.001710vE","Seeds",0.005,"N",NA,"nJ5SLjmo9KloJvxdkZwGIuojNiVtvG/wqD3cm8OvTBY="
"7df2dd18-4ac7-4f8f-a689-3ae9618b9af5","HARV_036.basePlot.ltr","D01","HARV","HARV_036","HARV_036_167","2016-07-15","2016-05-16","2016-07-11","2016-07-14T14:15Z","2016-07-15T18:47Z","NEON.LTR.HARV036167.20160711","NEON.LTR.HARV036167.20160711.NDL","NEON.DOC.001710vE","Needles",0.28,"N",NA,"nJ5SLjmo9KloJvxdkZwGIuojNiVtvG/wqD3cm8OvTBY="
"86ebd425-522d-4434-bd35-407050e6cf81","HARV_036.basePlot.ltr","D01","HARV","HARV_036","HARV_036_167","2016-07-15","2016-05-16","2016-07-11","2016-07-14T14:15Z","2016-07-15T18:47Z","NEON.LTR.HARV036167.20160711","NEON.LTR.HARV036167.20160711.WDY","NEON.DOC.001710vE","Woody material",0.71,"N",NA,"nJ5SLjmo9KloJvxdkZwGIuojNiVtvG/wqD3cm8OvTBY="
"e12b1828-2670-4959-b264-e2b744c1726e","HARV_034.basePlot.ltr","D01","HARV","HARV_034","HARV_034_371","2016-07-15","2016-05-16","2016-07-11","2016-07-14T14:15Z","2016-07-15T18:47Z","NEON.LTR.HARV034371.20160711","NEON.LTR.HARV034371.20160711.TWI","NEON.DOC.001710vE","Twigs/branches",0.25,"N",NA,"nJ5SLjmo9KloJvxdkZwGIuojNiVtvG/wqD3cm8OvTBY="
"b58268b5-2549-43d0-9a40-038576d6dcd6","HARV_036.basePlot.ltr","D01","HARV","HARV_036","HARV_036_167","2016-07-15","2016-05-16","2016-07-11","2016-07-14T14:15Z","2016-07-15T18:47Z","NEON.LTR.HARV036167.20160711","NEON.LTR.HARV036167.20160711.LVS","NEON.DOC.001710vE","Leaves",3.91,"Y",NA,"nJ5SLjmo9KloJvxdkZwGIuojNiVtvG/wqD3cm8OvTBY="
"ec709dfa-bc10-4644-b015-3257ad45e15a","HARV_034.basePlot.ltr","D01","HARV","HARV_034","HARV_034_371","2016-07-15","2016-05-16","2016-07-11","2016-07-14T14:15Z","2016-07-15T18:47Z","NEON.LTR.HARV034371.20160711","NEON.LTR.HARV034371.20160711.OTH","NEON.DOC.001710vE","Other",5.55,"N",NA,"nJ5SLjmo9KloJvxdkZwGIuojNiVtvG/wqD3cm8OvTBY="
"3fad720e-fcc1-4ad4-b0a0-16eca24ecefe","HARV_041.basePlot.ltr","D01","HARV","HARV_041","HARV_041_264","2016-07-15","2016-05-16","2016-07-11","2016-07-14T14:15Z","2016-07-15T18:47Z","NEON.LTR.HARV041264.20160711","NEON.LTR.HARV041264.20160711.SDS","NEON.DOC.001710vE","Seeds",0.005,"N",NA,"nJ5SLjmo9KloJvxdkZwGIuojNiVtvG/wqD3cm8OvTBY="
"89a1b7b3-14c2-46da-8766-f6841ca00635","HARV_041.basePlot.ltr","D01","HARV","HARV_041","HARV_041_264","2016-07-15","2016-05-16","2016-07-11","2016-07-14T14:15Z","2016-07-15T18:47Z","NEON.LTR.HARV041264.20160711","NEON.LTR.HARV041264.20160711.NDL","NEON.DOC.001710vE","Needles",5.4,"Y",NA,"nJ5SLjmo9KloJvxdkZwGIuojNiVtvG/wqD3cm8OvTBY="
"cfabe304-14c2-45e7-b2fd-c0e7e15fbb92","HARV_041.basePlot.ltr","D01","HARV","HARV_041","HARV_041_264","2016-07-15","2016-05-16","2016-07-11","2016-07-14T14:15Z","2016-07-15T18:47Z","NEON.LTR.HARV041264.20160711","NEON.LTR.HARV041264.20160711.LVS","NEON.DOC.001710vE","Leaves",0.35,"N",NA,"nJ5SLjmo9KloJvxdkZwGIuojNiVtvG/wqD3cm8OvTBY="
"dc8baa33-06d6-4765-80b5-0c4c7d49ef94","HARV_041.basePlot.ltr","D01","HARV","HARV_041","HARV_041_264","2016-07-15","2016-05-16","2016-07-11","2016-07-14T14:15Z","2016-07-15T18:47Z","NEON.LTR.HARV041264.20160711","NEON.LTR.HARV041264.20160711.WDY","NEON.DOC.001710vE","Woody material",2.76,"N",NA,"nJ5SLjmo9KloJvxdkZwGIuojNiVtvG/wqD3cm8OvTBY="
"15aa6378-dd40-431c-8905-4b89c744910f","HARV_041.basePlot.ltr","D01","HARV","HARV_041","HARV_041_264","2016-07-15","2016-05-16","2016-07-11","2016-07-14T14:15Z","2016-07-15T18:47Z","NEON.LTR.HARV041264.20160711","NEON.LTR.HARV041264.20160711.TWI","NEON.DOC.001710vE","Twigs/branches",3.14,"N",NA,"nJ5SLjmo9KloJvxdkZwGIuojNiVtvG/wqD3cm8OvTBY="
"29cbd6c2-78f2-498f-b575-ba225f051f71","HARV_041.basePlot.ltr","D01","HARV","HARV_041","HARV_041_264","2016-07-15","2016-05-16","2016-07-11","2016-07-14T14:15Z","2016-07-15T18:47Z","NEON.LTR.HARV041264.20160711","NEON.LTR.HARV041264.20160711.OTH","NEON.DOC.001710vE","Other",9.39,"N",NA,"nJ5SLjmo9KloJvxdkZwGIuojNiVtvG/wqD3cm8OvTBY="
"f43c2b8b-de5a-4362-86e4-7e955e4957b1","HARV_041.basePlot.ltr","D01","HARV","HARV_041","HARV_041_264","2016-07-15","2016-05-16","2016-07-11","2016-07-14T14:15Z","2016-07-15T18:47Z","NEON.LTR.HARV041264.20160711","NEON.LTR.HARV041264.20160711.FLR","NEON.DOC.001710vE","Flowers",3.56,"N",NA,"nJ5SLjmo9KloJvxdkZwGIuojNiVtvG/wqD3cm8OvTBY="
"1a613604-5f2e-4e89-b914-9284c8e0aef1","HARV_033.basePlot.ltr","D01","HARV","HARV_033","HARV_033_397","2016-07-15","2016-05-16","2016-07-11","2016-07-14T14:15Z","2016-07-15T18:47Z","NEON.LTR.HARV033397.20160711","NEON.LTR.HARV033397.20160711.FLR","NEON.DOC.001710vE","Flowers",2.95,"N",NA,"nJ5SLjmo9KloJvxdkZwGIuojNiVtvG/wqD3cm8OvTBY="
"fc044201-2229-440d-8a5d-adc752313ecc","HARV_033.basePlot.ltr","D01","HARV","HARV_033","HARV_033_397","2016-07-15","2016-05-16","2016-07-11","2016-07-14T14:15Z","2016-07-15T18:47Z","NEON.LTR.HARV033397.20160711","NEON.LTR.HARV033397.20160711.OTH","NEON.DOC.001710vE","Other",3.39,"N",NA,"nJ5SLjmo9KloJvxdkZwGIuojNiVtvG/wqD3cm8OvTBY="
"714ea616-d4fe-43dd-ab92-f1b2cc8d3809","HARV_033.basePlot.ltr","D01","HARV","HARV_033","HARV_033_397","2016-07-15","2016-05-16","2016-07-11","2016-07-14T14:15Z","2016-07-15T18:47Z","NEON.LTR.HARV033397.20160711","NEON.LTR.HARV033397.20160711.WDY","NEON.DOC.001710vE","Woody material",0.06,"N",NA,"nJ5SLjmo9KloJvxdkZwGIuojNiVtvG/wqD3cm8OvTBY="
"4b3986c2-507f-4f03-a9b8-3361038cc7e2","HARV_033.basePlot.ltr","D01","HARV","HARV_033","HARV_033_397","2016-07-15","2016-05-16","2016-07-11","2016-07-14T14:15Z","2016-07-15T18:47Z","NEON.LTR.HARV033397.20160711","NEON.LTR.HARV033397.20160711.TWI","NEON.DOC.001710vE","Twigs/branches",0.48,"N",NA,"nJ5SLjmo9KloJvxdkZwGIuojNiVtvG/wqD3cm8OvTBY="
"88205716-e56d-4673-80aa-bd0f7628d448","HARV_033.basePlot.ltr","D01","HARV","HARV_033","HARV_033_397","2016-07-15","2016-05-16","2016-07-11","2016-07-14T14:15Z","2016-07-15T18:47Z","NEON.LTR.HARV033397.20160711","NEON.LTR.HARV033397.20160711.NDL","NEON.DOC.001710vE","Needles",2.91,"Y",NA,"nJ5SLjmo9KloJvxdkZwGIuojNiVtvG/wqD3cm8OvTBY="
"69066431-1df4-4e4e-ad73-c1b551f0dbdd","HARV_033.basePlot.ltr","D01","HARV","HARV_033","HARV_033_397","2016-07-15","2016-05-16","2016-07-11","2016-07-14T14:15Z","2016-07-15T18:47Z","NEON.LTR.HARV033397.20160711","NEON.LTR.HARV033397.20160711.LVS","NEON.DOC.001710vE","Leaves",2.28,"N",NA,"nJ5SLjmo9KloJvxdkZwGIuojNiVtvG/wqD3cm8OvTBY="
"5b3fa2c5-8258-4e5f-9ecd-4b3a4ad4b234","HARV_033.basePlot.ltr","D01","HARV","HARV_033","HARV_033_397","2016-07-15","2016-05-16","2016-07-11","2016-07-14T14:15Z","2016-07-15T18:47Z","NEON.LTR.HARV033397.20160711","NEON.LTR.HARV033397.20160711.SDS","NEON.DOC.001710vE","Seeds",3.37,"N",NA,"nJ5SLjmo9KloJvxdkZwGIuojNiVtvG/wqD3cm8OvTBY="
"bfa170e7-c7c4-44ef-b00c-037bd82ba4f7","HARV_045.basePlot.ltr","D01","HARV","HARV_045","HARV_045_265","2016-07-15","2016-05-16","2016-07-11","2016-07-14T14:15Z","2016-07-15T18:47Z","NEON.LTR.HARV045265.20160711","NEON.LTR.HARV045265.20160711.FLR","NEON.DOC.001710vE","Flowers",2.67,"N",NA,"nJ5SLjmo9KloJvxdkZwGIuojNiVtvG/wqD3cm8OvTBY="
"82dc8d09-08e1-4adf-b182-1b6272e33651","HARV_045.basePlot.ltr","D01","HARV","HARV_045","HARV_045_265","2016-07-15","2016-05-16","2016-07-11","2016-07-14T14:15Z","2016-07-15T18:47Z","NEON.LTR.HARV045265.20160711","NEON.LTR.HARV045265.20160711.SDS","NEON.DOC.001710vE","Seeds",0.35,"N",NA,"nJ5SLjmo9KloJvxdkZwGIuojNiVtvG/wqD3cm8OvTBY="
"170cdfdd-0669-485f-bebc-90f6f58d2b9b","HARV_045.basePlot.ltr","D01","HARV","HARV_045","HARV_045_265","2016-07-15","2016-05-16","2016-07-11","2016-07-14T14:15Z","2016-07-15T18:47Z","NEON.LTR.HARV045265.20160711","NEON.LTR.HARV045265.20160711.OTH","NEON.DOC.001710vE","Other",4.37,"N",NA,"nJ5SLjmo9KloJvxdkZwGIuojNiVtvG/wqD3cm8OvTBY="
"e9bc6eb2-12ad-42a8-b727-2d4d18d6472f","HARV_045.basePlot.ltr","D01","HARV","HARV_045","HARV_045_265","2016-07-15","2016-05-16","2016-07-11","2016-07-14T14:15Z","2016-07-15T18:47Z","NEON.LTR.HARV045265.20160711","NEON.LTR.HARV045265.20160711.NDL","NEON.DOC.001710vE","Needles",0.96,"N",NA,"nJ5SLjmo9KloJvxdkZwGIuojNiVtvG/wqD3cm8OvTBY="
"d46c6636-548e-427f-a870-95d75ba1fba3","HARV_045.basePlot.ltr","D01","HARV","HARV_045","HARV_045_265","2016-07-15","2016-05-16","2016-07-11","2016-07-14T14:15Z","2016-07-15T18:47Z","NEON.LTR.HARV045265.20160711","NEON.LTR.HARV045265.20160711.WDY","NEON.DOC.001710vE","Woody material",0.09,"N",NA,"nJ5SLjmo9KloJvxdkZwGIuojNiVtvG/wqD3cm8OvTBY="
"d63e89bd-949c-4d84-b784-abe7508e5b8d","HARV_045.basePlot.ltr","D01","HARV","HARV_045","HARV_045_265","2016-07-15","2016-05-16","2016-07-11","2016-07-14T14:15Z","2016-07-15T18:47Z","NEON.LTR.HARV045265.20160711","NEON.LTR.HARV045265.20160711.TWI","NEON.DOC.001710vE","Twigs/branches",5.15,"N",NA,"nJ5SLjmo9KloJvxdkZwGIuojNiVtvG/wqD3cm8OvTBY="
"dde72e41-83e7-4226-9561-921dc1917c37","HARV_045.basePlot.ltr","D01","HARV","HARV_045","HARV_045_265","2016-07-15","2016-05-16","2016-07-11","2016-07-14T14:15Z","2016-07-15T18:47Z","NEON.LTR.HARV045265.20160711","NEON.LTR.HARV045265.20160711.LVS","NEON.DOC.001710vE","Leaves",4.38,"Y",NA,"nJ5SLjmo9KloJvxdkZwGIuojNiVtvG/wqD3cm8OvTBY="
"fb7693b4-976e-4bd3-8199-fd95662e60d2","HARV_037.basePlot.ltr","D01","HARV","HARV_037","HARV_037_292","2016-07-15","2016-05-16","2016-07-11","2016-07-14T14:15Z","2016-07-15T18:47Z","NEON.LTR.HARV037292.20160711","NEON.LTR.HARV037292.20160711.SDS","NEON.DOC.001710vE","Seeds",0.04,"N",NA,"nJ5SLjmo9KloJvxdkZwGIuojNiVtvG/wqD3cm8OvTBY="
"8dd49268-1723-48cd-909b-2b904211b832","HARV_037.basePlot.ltr","D01","HARV","HARV_037","HARV_037_292","2016-07-15","2016-05-16","2016-07-11","2016-07-14T14:15Z","2016-07-15T18:47Z","NEON.LTR.HARV037292.20160711","NEON.LTR.HARV037292.20160711.OTH","NEON.DOC.001710vE","Other",5.37,"N",NA,"nJ5SLjmo9KloJvxdkZwGIuojNiVtvG/wqD3cm8OvTBY="
"4d6ea427-e761-4494-9e75-742ee87b5dcc","HARV_037.basePlot.ltr","D01","HARV","HARV_037","HARV_037_292","2016-07-15","2016-05-16","2016-07-11","2016-07-14T14:15Z","2016-07-15T18:47Z","NEON.LTR.HARV037292.20160711","NEON.LTR.HARV037292.20160711.WDY","NEON.DOC.001710vE","Woody material",0.96,"N",NA,"nJ5SLjmo9KloJvxdkZwGIuojNiVtvG/wqD3cm8OvTBY="
"2e4bed9b-4b5b-46be-a0a3-1bc3f195ccd8","HARV_037.basePlot.ltr","D01","HARV","HARV_037","HARV_037_292","2016-07-15","2016-05-16","2016-07-11","2016-07-14T14:15Z","2016-07-15T18:47Z","NEON.LTR.HARV037292.20160711","NEON.LTR.HARV037292.20160711.LVS","NEON.DOC.001710vE","Leaves",2.04,"N",NA,"nJ5SLjmo9KloJvxdkZwGIuojNiVtvG/wqD3cm8OvTBY="
"a06c5d8f-79c7-483d-bcc4-9c9a79b242f4","HARV_037.basePlot.ltr","D01","HARV","HARV_037","HARV_037_292","2016-07-15","2016-05-16","2016-07-11","2016-07-14T14:15Z","2016-07-15T18:47Z","NEON.LTR.HARV037292.20160711","NEON.LTR.HARV037292.20160711.FLR","NEON.DOC.001710vE","Flowers",0.18,"N",NA,"nJ5SLjmo9KloJvxdkZwGIuojNiVtvG/wqD3cm8OvTBY="
"4e6892ee-eceb-4593-b8d3-96005d6503da","HARV_037.basePlot.ltr","D01","HARV","HARV_037","HARV_037_292","2016-07-15","2016-05-16","2016-07-11","2016-07-14T14:15Z","2016-07-15T18:47Z","NEON.LTR.HARV037292.20160711","NEON.LTR.HARV037292.20160711.NDL","NEON.DOC.001710vE","Needles",1.19,"N",NA,"nJ5SLjmo9KloJvxdkZwGIuojNiVtvG/wqD3cm8OvTBY="
"2d07c5bc-d473-4779-9c00-0949f0dc7aa5","HARV_037.basePlot.ltr","D01","HARV","HARV_037","HARV_037_292","2016-07-15","2016-05-16","2016-07-11","2016-07-14T14:15Z","2016-07-15T18:47Z","NEON.LTR.HARV037292.20160711","NEON.LTR.HARV037292.20160711.TWI","NEON.DOC.001710vE","Twigs/branches",3.66,"Y",NA,"nJ5SLjmo9KloJvxdkZwGIuojNiVtvG/wqD3cm8OvTBY="
"0ed3f979-f984-436a-b0c5-937eaafd5146","HARV_041.basePlot.ltr","D01","HARV","HARV_041","HARV_041_620","2016-07-15","2016-05-16","2016-07-11","2016-07-14T14:15Z","2016-07-15T18:47Z","NEON.LTR.HARV041620.20160711","NEON.LTR.HARV041620.20160711.OTH","NEON.DOC.001710vE","Other",5.33,"N",NA,"nJ5SLjmo9KloJvxdkZwGIuojNiVtvG/wqD3cm8OvTBY="
"dc9e2865-8fd1-461e-bd23-90a362b8c595","HARV_041.basePlot.ltr","D01","HARV","HARV_041","HARV_041_620","2016-07-15","2016-05-16","2016-07-11","2016-07-14T14:15Z","2016-07-15T18:47Z","NEON.LTR.HARV041620.20160711","NEON.LTR.HARV041620.20160711.SDS","NEON.DOC.001710vE","Seeds",0.005,"N",NA,"nJ5SLjmo9KloJvxdkZwGIuojNiVtvG/wqD3cm8OvTBY="
"f48f8d4d-b5b7-4cf3-bbe3-7f0708d12ba0","HARV_041.basePlot.ltr","D01","HARV","HARV_041","HARV_041_620","2016-07-15","2016-05-16","2016-07-11","2016-07-14T14:15Z","2016-07-15T18:47Z","NEON.LTR.HARV041620.20160711","NEON.LTR.HARV041620.20160711.WDY","NEON.DOC.001710vE","Woody material",0.3,"N",NA,"nJ5SLjmo9KloJvxdkZwGIuojNiVtvG/wqD3cm8OvTBY="
"053666f7-2fdd-45cc-8cfb-8a90e0a65b5b","HARV_041.basePlot.ltr","D01","HARV","HARV_041","HARV_041_620","2016-07-15","2016-05-16","2016-07-11","2016-07-14T14:15Z","2016-07-15T18:47Z","NEON.LTR.HARV041620.20160711","NEON.LTR.HARV041620.20160711.FLR","NEON.DOC.001710vE","Flowers",1.4,"N",NA,"nJ5SLjmo9KloJvxdkZwGIuojNiVtvG/wqD3cm8OvTBY="
"3e755426-66c6-44a1-bfb0-635653bf748a","HARV_041.basePlot.ltr","D01","HARV","HARV_041","HARV_041_620","2016-07-15","2016-05-16","2016-07-11","2016-07-14T14:15Z","2016-07-15T18:47Z","NEON.LTR.HARV041620.20160711","NEON.LTR.HARV041620.20160711.TWI","NEON.DOC.001710vE","Twigs/branches",2.92,"N",NA,"nJ5SLjmo9KloJvxdkZwGIuojNiVtvG/wqD3cm8OvTBY="
"afd03451-c1a5-4005-a6cb-aed0e6129866","HARV_041.basePlot.ltr","D01","HARV","HARV_041","HARV_041_620","2016-07-15","2016-05-16","2016-07-11","2016-07-14T14:15Z","2016-07-15T18:47Z","NEON.LTR.HARV041620.20160711","NEON.LTR.HARV041620.20160711.NDL","NEON.DOC.001710vE","Needles",0.43,"N",NA,"nJ5SLjmo9KloJvxdkZwGIuojNiVtvG/wqD3cm8OvTBY="
"09d3ce8b-0877-4756-8f58-e78674bdacac","HARV_041.basePlot.ltr","D01","HARV","HARV_041","HARV_041_620","2016-07-15","2016-05-16","2016-07-11","2016-07-14T14:15Z","2016-07-15T18:47Z","NEON.LTR.HARV041620.20160711","NEON.LTR.HARV041620.20160711.LVS","NEON.DOC.001710vE","Leaves",2.38,"N",NA,"nJ5SLjmo9KloJvxdkZwGIuojNiVtvG/wqD3cm8OvTBY="
"5de5f645-da93-4ad2-b91a-39607a21f868","HARV_040.basePlot.ltr","D01","HARV","HARV_040","HARV_040_849","2016-07-15","2016-05-16","2016-07-11","2016-07-14T14:15Z","2016-07-15T18:47Z","NEON.LTR.HARV040849.20160711","NEON.LTR.HARV040849.20160711.FLR","NEON.DOC.001710vE","Flowers",0.11,"N",NA,"nJ5SLjmo9KloJvxdkZwGIuojNiVtvG/wqD3cm8OvTBY="
"be06b1e0-d011-4471-8524-a596d84cb18b","HARV_040.basePlot.ltr","D01","HARV","HARV_040","HARV_040_849","2016-07-15","2016-05-16","2016-07-11","2016-07-14T14:15Z","2016-07-15T18:47Z","NEON.LTR.HARV040849.20160711","NEON.LTR.HARV040849.20160711.SDS","NEON.DOC.001710vE","Seeds",0.26,"N",NA,"nJ5SLjmo9KloJvxdkZwGIuojNiVtvG/wqD3cm8OvTBY="
"eb1af249-56b5-4c78-b68f-ca0ac1563a34","HARV_040.basePlot.ltr","D01","HARV","HARV_040","HARV_040_849","2016-07-15","2016-05-16","2016-07-11","2016-07-14T14:15Z","2016-07-15T18:47Z","NEON.LTR.HARV040849.20160711","NEON.LTR.HARV040849.20160711.LVS","NEON.DOC.001710vE","Leaves",0.22,"N",NA,"nJ5SLjmo9KloJvxdkZwGIuojNiVtvG/wqD3cm8OvTBY="
"02caa72e-edcd-4d55-9669-14f419b05180","HARV_040.basePlot.ltr","D01","HARV","HARV_040","HARV_040_849","2016-07-15","2016-05-16","2016-07-11","2016-07-14T14:15Z","2016-07-15T18:47Z","NEON.LTR.HARV040849.20160711","NEON.LTR.HARV040849.20160711.NDL","NEON.DOC.001710vE","Needles",0.04,"N",NA,"nJ5SLjmo9KloJvxdkZwGIuojNiVtvG/wqD3cm8OvTBY="
"11b2fe4e-abe5-40d7-9eb9-159b2d2257cd","HARV_040.basePlot.ltr","D01","HARV","HARV_040","HARV_040_849","2016-07-15","2016-05-16","2016-07-11","2016-07-14T14:15Z","2016-07-15T18:47Z","NEON.LTR.HARV040849.20160711","NEON.LTR.HARV040849.20160711.OTH","NEON.DOC.001710vE","Other",0.67,"N",NA,"nJ5SLjmo9KloJvxdkZwGIuojNiVtvG/wqD3cm8OvTBY="
"f11d72d0-a579-4026-9374-7c51d1a641b0","HARV_040.basePlot.ltr","D01","HARV","HARV_040","HARV_040_849","2016-07-15","2016-05-16","2016-07-11","2016-07-14T14:15Z","2016-07-15T18:47Z","NEON.LTR.HARV040849.20160711","NEON.LTR.HARV040849.20160711.WDY","NEON.DOC.001710vE","Woody material",0.005,"Y",NA,"nJ5SLjmo9KloJvxdkZwGIuojNiVtvG/wqD3cm8OvTBY="
"8854213b-1c89-4300-a37f-53c3a6d1e94d","HARV_040.basePlot.ltr","D01","HARV","HARV_040","HARV_040_849","2016-07-15","2016-05-16","2016-07-11","2016-07-14T14:15Z","2016-07-15T18:47Z","NEON.LTR.HARV040849.20160711","NEON.LTR.HARV040849.20160711.TWI","NEON.DOC.001710vE","Twigs/branches",0.59,"N",NA,"nJ5SLjmo9KloJvxdkZwGIuojNiVtvG/wqD3cm8OvTBY="
"8bf1db5a-bfa0-45a7-8175-c60e3959bbd4","HARV_047.basePlot.ltr","D01","HARV","HARV_047","HARV_047_111","2016-07-15","2016-05-16","2016-07-11","2016-07-14T14:15Z","2016-07-15T18:47Z","NEON.LTR.HARV047111.20160711","NEON.LTR.HARV047111.20160711.TWI","NEON.DOC.001710vE","Twigs/branches",20.54,"N",NA,"nJ5SLjmo9KloJvxdkZwGIuojNiVtvG/wqD3cm8OvTBY="
"7cc1d0d9-e4b6-4fe6-be44-a5c4c724ed0c","HARV_047.basePlot.ltr","D01","HARV","HARV_047","HARV_047_111","2016-07-15","2016-05-16","2016-07-11","2016-07-14T14:15Z","2016-07-15T18:47Z","NEON.LTR.HARV047111.20160711","NEON.LTR.HARV047111.20160711.SDS","NEON.DOC.001710vE","Seeds",0.005,"N",NA,"nJ5SLjmo9KloJvxdkZwGIuojNiVtvG/wqD3cm8OvTBY="
"2f64358c-6388-4b02-a815-c6af949c5fbf","HARV_047.basePlot.ltr","D01","HARV","HARV_047","HARV_047_111","2016-07-15","2016-05-16","2016-07-11","2016-07-14T14:15Z","2016-07-15T18:47Z","NEON.LTR.HARV047111.20160711","NEON.LTR.HARV047111.20160711.FLR","NEON.DOC.001710vE","Flowers",1.02,"N",NA,"nJ5SLjmo9KloJvxdkZwGIuojNiVtvG/wqD3cm8OvTBY="
"e6d55a84-e744-4db9-af96-7019c808f132","HARV_047.basePlot.ltr","D01","HARV","HARV_047","HARV_047_111","2016-07-15","2016-05-16","2016-07-11","2016-07-14T14:15Z","2016-07-15T18:47Z","NEON.LTR.HARV047111.20160711","NEON.LTR.HARV047111.20160711.NDL","NEON.DOC.001710vE","Needles",0.01,"N",NA,"nJ5SLjmo9KloJvxdkZwGIuojNiVtvG/wqD3cm8OvTBY="
"1a78ddf5-79d3-4850-82b3-e2605de1f52c","HARV_047.basePlot.ltr","D01","HARV","HARV_047","HARV_047_111","2016-07-15","2016-05-16","2016-07-11","2016-07-14T14:15Z","2016-07-15T18:47Z","NEON.LTR.HARV047111.20160711","NEON.LTR.HARV047111.20160711.OTH","NEON.DOC.001710vE","Other",2.08,"N",NA,"nJ5SLjmo9KloJvxdkZwGIuojNiVtvG/wqD3cm8OvTBY="
"51533c31-44a2-4826-b55e-9584a2dcf87b","HARV_047.basePlot.ltr","D01","HARV","HARV_047","HARV_047_111","2016-07-15","2016-05-16","2016-07-11","2016-07-14T14:15Z","2016-07-15T18:47Z","NEON.LTR.HARV047111.20160711","NEON.LTR.HARV047111.20160711.LVS","NEON.DOC.001710vE","Leaves",6.25,"Y",NA,"nJ5SLjmo9KloJvxdkZwGIuojNiVtvG/wqD3cm8OvTBY="
"fcb7dbbb-d234-4cbc-a1cc-f48a8c6a265c","HARV_047.basePlot.ltr","D01","HARV","HARV_047","HARV_047_111","2016-07-15","2016-05-16","2016-07-11","2016-07-14T14:15Z","2016-07-15T18:47Z","NEON.LTR.HARV047111.20160711","NEON.LTR.HARV047111.20160711.WDY","NEON.DOC.001710vE","Woody material",0.28,"N",NA,"nJ5SLjmo9KloJvxdkZwGIuojNiVtvG/wqD3cm8OvTBY="
"c95d3ad0-e873-4e8b-8037-c8a11f75975f","HARV_035.basePlot.ltr","D01","HARV","HARV_035","HARV_035_120","2016-07-15","2016-05-16","2016-07-11","2016-07-14T14:15Z","2016-07-15T18:47Z","NEON.LTR.HARV035120.20160711","NEON.LTR.HARV035120.20160711.WDY","NEON.DOC.001710vE","Woody material",0.45,"N",NA,"nJ5SLjmo9KloJvxdkZwGIuojNiVtvG/wqD3cm8OvTBY="
"3d267753-8c73-440c-a101-ff3f8bc472e1","HARV_035.basePlot.ltr","D01","HARV","HARV_035","HARV_035_120","2016-07-15","2016-05-16","2016-07-11","2016-07-14T14:15Z","2016-07-15T18:47Z","NEON.LTR.HARV035120.20160711","NEON.LTR.HARV035120.20160711.OTH","NEON.DOC.001710vE","Other",5.33,"N",NA,"nJ5SLjmo9KloJvxdkZwGIuojNiVtvG/wqD3cm8OvTBY="
"2aa16a1d-0f23-4681-9b6d-9aff04c151b1","HARV_035.basePlot.ltr","D01","HARV","HARV_035","HARV_035_120","2016-07-15","2016-05-16","2016-07-11","2016-07-14T14:15Z","2016-07-15T18:47Z","NEON.LTR.HARV035120.20160711","NEON.LTR.HARV035120.20160711.TWI","NEON.DOC.001710vE","Twigs/branches",0.89,"N",NA,"nJ5SLjmo9KloJvxdkZwGIuojNiVtvG/wqD3cm8OvTBY="
"341dac01-fe6a-48ac-83d1-26783d251571","HARV_035.basePlot.ltr","D01","HARV","HARV_035","HARV_035_120","2016-07-15","2016-05-16","2016-07-11","2016-07-14T14:15Z","2016-07-15T18:47Z","NEON.LTR.HARV035120.20160711","NEON.LTR.HARV035120.20160711.LVS","NEON.DOC.001710vE","Leaves",1.63,"Y",NA,"nJ5SLjmo9KloJvxdkZwGIuojNiVtvG/wqD3cm8OvTBY="
"47e12d8c-0a78-4fc0-91be-8f6b78483dd0","HARV_035.basePlot.ltr","D01","HARV","HARV_035","HARV_035_120","2016-07-15","2016-05-16","2016-07-11","2016-07-14T14:15Z","2016-07-15T18:47Z","NEON.LTR.HARV035120.20160711","NEON.LTR.HARV035120.20160711.FLR","NEON.DOC.001710vE","Flowers",0.23,"N",NA,"nJ5SLjmo9KloJvxdkZwGIuojNiVtvG/wqD3cm8OvTBY="
"5a589fa4-82e7-4727-ab3a-c72f7b8f8fe4","HARV_035.basePlot.ltr","D01","HARV","HARV_035","HARV_035_120","2016-07-15","2016-05-16","2016-07-11","2016-07-14T14:15Z","2016-07-15T18:47Z","NEON.LTR.HARV035120.20160711","NEON.LTR.HARV035120.20160711.NDL","NEON.DOC.001710vE","Needles",1.01,"N",NA,"nJ5SLjmo9KloJvxdkZwGIuojNiVtvG/wqD3cm8OvTBY="
"c8239e50-3cd8-4e86-93c4-a5d941b1a72f","HARV_035.basePlot.ltr","D01","HARV","HARV_035","HARV_035_120","2016-07-15","2016-05-16","2016-07-11","2016-07-14T14:15Z","2016-07-15T18:47Z","NEON.LTR.HARV035120.20160711","NEON.LTR.HARV035120.20160711.SDS","NEON.DOC.001710vE","Seeds",0.23,"N",NA,"nJ5SLjmo9KloJvxdkZwGIuojNiVtvG/wqD3cm8OvTBY="
"c6d3cd97-a2c0-42e9-94de-d9eda855f78e","HARV_033.basePlot.ltr","D01","HARV","HARV_033","HARV_033_209","2016-07-15","2016-05-16","2016-07-11","2016-07-14T14:15Z","2016-07-15T18:47Z","NEON.LTR.HARV033209.20160711","NEON.LTR.HARV033209.20160711.FLR","NEON.DOC.001710vE","Flowers",2.97,"N",NA,"nJ5SLjmo9KloJvxdkZwGIuojNiVtvG/wqD3cm8OvTBY="
"cedba6fd-1370-42bf-99cf-4cd31bcba660","HARV_048.basePlot.ltr","D01","HARV","HARV_048","HARV_048_355","2016-07-15","2016-05-16","2016-07-11","2016-07-14T14:15Z","2016-07-15T18:47Z","NEON.LTR.HARV048355.20160711","NEON.LTR.HARV048355.20160711.FLR","NEON.DOC.001710vE","Flowers",0.71,"N",NA,"nJ5SLjmo9KloJvxdkZwGIuojNiVtvG/wqD3cm8OvTBY="
"228407df-cc32-4058-92f9-10c47e8c8bdf","HARV_033.basePlot.ltr","D01","HARV","HARV_033","HARV_033_209","2016-07-15","2016-05-16","2016-07-11","2016-07-14T14:15Z","2016-07-15T18:47Z","NEON.LTR.HARV033209.20160711","NEON.LTR.HARV033209.20160711.SDS","NEON.DOC.001710vE","Seeds",0.31,"N",NA,"nJ5SLjmo9KloJvxdkZwGIuojNiVtvG/wqD3cm8OvTBY="
"539dfd0e-2a00-4cc8-969c-6d0b8353e2e9","HARV_033.basePlot.ltr","D01","HARV","HARV_033","HARV_033_209","2016-07-15","2016-05-16","2016-07-11","2016-07-14T14:15Z","2016-07-15T18:47Z","NEON.LTR.HARV033209.20160711","NEON.LTR.HARV033209.20160711.OTH","NEON.DOC.001710vE","Other",6.17,"N",NA,"nJ5SLjmo9KloJvxdkZwGIuojNiVtvG/wqD3cm8OvTBY="
"14aa8c9d-6f79-457e-98c9-7b65a310fe97","HARV_033.basePlot.ltr","D01","HARV","HARV_033","HARV_033_209","2016-07-15","2016-05-16","2016-07-11","2016-07-14T14:15Z","2016-07-15T18:47Z","NEON.LTR.HARV033209.20160711","NEON.LTR.HARV033209.20160711.TWI","NEON.DOC.001710vE","Twigs/branches",8.91,"N",NA,"nJ5SLjmo9KloJvxdkZwGIuojNiVtvG/wqD3cm8OvTBY="
"765bac20-6fbb-4acb-a22b-376e537a4778","HARV_048.basePlot.ltr","D01","HARV","HARV_048","HARV_048_355","2016-07-15","2016-05-16","2016-07-11","2016-07-14T14:15Z","2016-07-15T18:47Z","NEON.LTR.HARV048355.20160711","NEON.LTR.HARV048355.20160711.SDS","NEON.DOC.001710vE","Seeds",0,"N",NA,"nJ5SLjmo9KloJvxdkZwGIuojNiVtvG/wqD3cm8OvTBY="
"872a5db0-8567-452a-9bb3-2b541737bbe1","HARV_048.basePlot.ltr","D01","HARV","HARV_048","HARV_048_355","2016-07-15","2016-05-16","2016-07-11","2016-07-14T14:15Z","2016-07-15T18:47Z","NEON.LTR.HARV048355.20160711","NEON.LTR.HARV048355.20160711.TWI","NEON.DOC.001710vE","Twigs/branches",1.19,"N",NA,"nJ5SLjmo9KloJvxdkZwGIuojNiVtvG/wqD3cm8OvTBY="
"0aa4bc2f-e452-41a1-8939-acd208bbaceb","HARV_048.basePlot.ltr","D01","HARV","HARV_048","HARV_048_355","2016-07-15","2016-05-16","2016-07-11","2016-07-14T14:15Z","2016-07-15T18:47Z","NEON.LTR.HARV048355.20160711","NEON.LTR.HARV048355.20160711.NDL","NEON.DOC.001710vE","Needles",2.55,"N",NA,"nJ5SLjmo9KloJvxdkZwGIuojNiVtvG/wqD3cm8OvTBY="
"2ea25877-4ba6-4782-903d-af129412588c","HARV_033.basePlot.ltr","D01","HARV","HARV_033","HARV_033_209","2016-07-15","2016-05-16","2016-07-11","2016-07-14T14:15Z","2016-07-15T18:47Z","NEON.LTR.HARV033209.20160711","NEON.LTR.HARV033209.20160711.LVS","NEON.DOC.001710vE","Leaves",3.7,"Y",NA,"nJ5SLjmo9KloJvxdkZwGIuojNiVtvG/wqD3cm8OvTBY="
"1f6e4b9e-f9d6-4a13-9f60-042ed6f1b70e","HARV_033.basePlot.ltr","D01","HARV","HARV_033","HARV_033_209","2016-07-15","2016-05-16","2016-07-11","2016-07-14T14:15Z","2016-07-15T18:47Z","NEON.LTR.HARV033209.20160711","NEON.LTR.HARV033209.20160711.WDY","NEON.DOC.001710vE","Woody material",1.55,"N",NA,"nJ5SLjmo9KloJvxdkZwGIuojNiVtvG/wqD3cm8OvTBY="
"d6c03a7f-83e9-4c63-88d5-65a7fc95181e","HARV_048.basePlot.ltr","D01","HARV","HARV_048","HARV_048_355","2016-07-15","2016-05-16","2016-07-11","2016-07-14T14:15Z","2016-07-15T18:47Z","NEON.LTR.HARV048355.20160711","NEON.LTR.HARV048355.20160711.OTH","NEON.DOC.001710vE","Other",3.86,"N",NA,"nJ5SLjmo9KloJvxdkZwGIuojNiVtvG/wqD3cm8OvTBY="
"c3bbb019-9cdf-4d60-854c-ae9e10de8b05","HARV_048.basePlot.ltr","D01","HARV","HARV_048","HARV_048_355","2016-07-15","2016-05-16","2016-07-11","2016-07-14T14:15Z","2016-07-15T18:47Z","NEON.LTR.HARV048355.20160711","NEON.LTR.HARV048355.20160711.LVS","NEON.DOC.001710vE","Leaves",0.81,"N",NA,"nJ5SLjmo9KloJvxdkZwGIuojNiVtvG/wqD3cm8OvTBY="
"2099cc89-5199-4493-a690-3d1c46c831d0","HARV_033.basePlot.ltr","D01","HARV","HARV_033","HARV_033_209","2016-07-15","2016-05-16","2016-07-11","2016-07-14T14:15Z","2016-07-15T18:47Z","NEON.LTR.HARV033209.20160711","NEON.LTR.HARV033209.20160711.NDL","NEON.DOC.001710vE","Needles",10.33,"Y",NA,"nJ5SLjmo9KloJvxdkZwGIuojNiVtvG/wqD3cm8OvTBY="
"7dfc83f4-e28e-44aa-919e-3ddf2697fbf8","HARV_048.basePlot.ltr","D01","HARV","HARV_048","HARV_048_355","2016-07-15","2016-05-16","2016-07-11","2016-07-14T14:15Z","2016-07-15T18:47Z","NEON.LTR.HARV048355.20160711","NEON.LTR.HARV048355.20160711.WDY","NEON.DOC.001710vE","Woody material",0.28,"N",NA,"nJ5SLjmo9KloJvxdkZwGIuojNiVtvG/wqD3cm8OvTBY="
"6899b3a3-5c48-4c8e-b98b-9445f2190bf3","HARV_049.basePlot.ltr","D01","HARV","HARV_049","HARV_049_437","2016-07-15","2016-05-16","2016-07-11","2016-07-14T14:15Z","2016-07-15T18:47Z","NEON.LTR.HARV049437.20160711","NEON.LTR.HARV049437.20160711.NDL","NEON.DOC.001710vE","Needles",8.86,"Y",NA,"nJ5SLjmo9KloJvxdkZwGIuojNiVtvG/wqD3cm8OvTBY="
"1a8909c0-0e1b-4102-a60b-1a7770b93911","HARV_049.basePlot.ltr","D01","HARV","HARV_049","HARV_049_437","2016-07-15","2016-05-16","2016-07-11","2016-07-14T14:15Z","2016-07-15T18:47Z","NEON.LTR.HARV049437.20160711","NEON.LTR.HARV049437.20160711.SDS","NEON.DOC.001710vE","Seeds",0.05,"N",NA,"nJ5SLjmo9KloJvxdkZwGIuojNiVtvG/wqD3cm8OvTBY="
"126f5b55-690b-48fa-ab03-8d85ebaad870","HARV_049.basePlot.ltr","D01","HARV","HARV_049","HARV_049_437","2016-07-15","2016-05-16","2016-07-11","2016-07-14T14:15Z","2016-07-15T18:47Z","NEON.LTR.HARV049437.20160711","NEON.LTR.HARV049437.20160711.OTH","NEON.DOC.001710vE","Other",6.37,"N",NA,"nJ5SLjmo9KloJvxdkZwGIuojNiVtvG/wqD3cm8OvTBY="
"de6ece59-b5af-43b4-a26f-6562be829ac3","HARV_049.basePlot.ltr","D01","HARV","HARV_049","HARV_049_437","2016-07-15","2016-05-16","2016-07-11","2016-07-14T14:15Z","2016-07-15T18:47Z","NEON.LTR.HARV049437.20160711","NEON.LTR.HARV049437.20160711.FLR","NEON.DOC.001710vE","Flowers",0.41,"N",NA,"nJ5SLjmo9KloJvxdkZwGIuojNiVtvG/wqD3cm8OvTBY="
"086001a2-332f-4bf7-b35f-fba1a6e95c14","HARV_049.basePlot.ltr","D01","HARV","HARV_049","HARV_049_437","2016-07-15","2016-05-16","2016-07-11","2016-07-14T14:15Z","2016-07-15T18:47Z","NEON.LTR.HARV049437.20160711","NEON.LTR.HARV049437.20160711.TWI","NEON.DOC.001710vE","Twigs/branches",0.39,"N",NA,"nJ5SLjmo9KloJvxdkZwGIuojNiVtvG/wqD3cm8OvTBY="
"7ea1b767-ade7-466c-aef8-b49d77283635","HARV_049.basePlot.ltr","D01","HARV","HARV_049","HARV_049_437","2016-07-15","2016-05-16","2016-07-11","2016-07-14T14:15Z","2016-07-15T18:47Z","NEON.LTR.HARV049437.20160711","NEON.LTR.HARV049437.20160711.WDY","NEON.DOC.001710vE","Woody material",0.23,"N",NA,"nJ5SLjmo9KloJvxdkZwGIuojNiVtvG/wqD3cm8OvTBY="
"44e0d409-e5ba-4ae1-bcf5-25d89e7b6c6a","HARV_049.basePlot.ltr","D01","HARV","HARV_049","HARV_049_437","2016-07-15","2016-05-16","2016-07-11","2016-07-14T14:15Z","2016-07-15T18:47Z","NEON.LTR.HARV049437.20160711","NEON.LTR.HARV049437.20160711.LVS","NEON.DOC.001710vE","Leaves",0.2,"N",NA,"nJ5SLjmo9KloJvxdkZwGIuojNiVtvG/wqD3cm8OvTBY="
"d336e91a-1242-4d26-b08f-014a6c070e88","HARV_034.basePlot.ltr","D01","HARV","HARV_034","HARV_034_608","2016-07-15","2016-05-16","2016-07-11","2016-07-14T14:15Z","2016-07-15T18:47Z","NEON.LTR.HARV034608.20160711","NEON.LTR.HARV034608.20160711.LVS","NEON.DOC.001710vE","Leaves",0.91,"N",NA,"nJ5SLjmo9KloJvxdkZwGIuojNiVtvG/wqD3cm8OvTBY="
"bfc20554-3193-4a16-b994-d658bd0b5810","HARV_034.basePlot.ltr","D01","HARV","HARV_034","HARV_034_608","2016-07-15","2016-05-16","2016-07-11","2016-07-14T14:15Z","2016-07-15T18:47Z","NEON.LTR.HARV034608.20160711","NEON.LTR.HARV034608.20160711.SDS","NEON.DOC.001710vE","Seeds",0.005,"N",NA,"nJ5SLjmo9KloJvxdkZwGIuojNiVtvG/wqD3cm8OvTBY="
"89f2cfee-123c-447d-93b3-d373d7467865","HARV_034.basePlot.ltr","D01","HARV","HARV_034","HARV_034_608","2016-07-15","2016-05-16","2016-07-11","2016-07-14T14:15Z","2016-07-15T18:47Z","NEON.LTR.HARV034608.20160711","NEON.LTR.HARV034608.20160711.NDL","NEON.DOC.001710vE","Needles",3.41,"N",NA,"nJ5SLjmo9KloJvxdkZwGIuojNiVtvG/wqD3cm8OvTBY="
"df469651-507f-4ef4-9081-f0089ecb4095","HARV_034.basePlot.ltr","D01","HARV","HARV_034","HARV_034_608","2016-07-15","2016-05-16","2016-07-11","2016-07-14T14:15Z","2016-07-15T18:47Z","NEON.LTR.HARV034608.20160711","NEON.LTR.HARV034608.20160711.WDY","NEON.DOC.001710vE","Woody material",4.93,"N",NA,"nJ5SLjmo9KloJvxdkZwGIuojNiVtvG/wqD3cm8OvTBY="
"2238f402-5be0-4043-bbd3-8ef280756ff0","HARV_034.basePlot.ltr","D01","HARV","HARV_034","HARV_034_608","2016-07-15","2016-05-16","2016-07-11","2016-07-14T14:15Z","2016-07-15T18:47Z","NEON.LTR.HARV034608.20160711","NEON.LTR.HARV034608.20160711.TWI","NEON.DOC.001710vE","Twigs/branches",0.19,"N",NA,"nJ5SLjmo9KloJvxdkZwGIuojNiVtvG/wqD3cm8OvTBY="
"ce08fd55-d983-40d8-af99-e9f718634b14","HARV_034.basePlot.ltr","D01","HARV","HARV_034","HARV_034_608","2016-07-15","2016-05-16","2016-07-11","2016-07-14T14:15Z","2016-07-15T18:47Z","NEON.LTR.HARV034608.20160711","NEON.LTR.HARV034608.20160711.FLR","NEON.DOC.001710vE","Flowers",1.36,"N",NA,"nJ5SLjmo9KloJvxdkZwGIuojNiVtvG/wqD3cm8OvTBY="
"b09c453d-317c-4927-af20-ddcde8a41a86","HARV_034.basePlot.ltr","D01","HARV","HARV_034","HARV_034_608","2016-07-15","2016-05-16","2016-07-11","2016-07-14T14:15Z","2016-07-15T18:47Z","NEON.LTR.HARV034608.20160711","NEON.LTR.HARV034608.20160711.OTH","NEON.DOC.001710vE","Other",6.85,"Y",NA,"nJ5SLjmo9KloJvxdkZwGIuojNiVtvG/wqD3cm8OvTBY="
"4aac1c7c-706a-4401-a7ca-af1ba7d8b4e9","HARV_039.basePlot.ltr","D01","HARV","HARV_039","HARV_039_872","2016-07-15","2016-05-16","2016-07-11","2016-07-14T14:15Z","2016-07-15T18:47Z","NEON.LTR.HARV039872.20160711","NEON.LTR.HARV039872.20160711.OTH","NEON.DOC.001710vE","Other",3.33,"N",NA,"nJ5SLjmo9KloJvxdkZwGIuojNiVtvG/wqD3cm8OvTBY="
"132d5afb-6e8d-448b-aa0a-dee3979aa0d8","HARV_039.basePlot.ltr","D01","HARV","HARV_039","HARV_039_872","2016-07-15","2016-05-16","2016-07-11","2016-07-14T14:15Z","2016-07-15T18:47Z","NEON.LTR.HARV039872.20160711","NEON.LTR.HARV039872.20160711.NDL","NEON.DOC.001710vE","Needles",5.91,"N",NA,"nJ5SLjmo9KloJvxdkZwGIuojNiVtvG/wqD3cm8OvTBY="
"92b23ac3-f5a7-48d8-9ceb-de1dee279382","HARV_039.basePlot.ltr","D01","HARV","HARV_039","HARV_039_872","2016-07-15","2016-05-16","2016-07-11","2016-07-14T14:15Z","2016-07-15T18:47Z","NEON.LTR.HARV039872.20160711","NEON.LTR.HARV039872.20160711.LVS","NEON.DOC.001710vE","Leaves",1.43,"Y",NA,"nJ5SLjmo9KloJvxdkZwGIuojNiVtvG/wqD3cm8OvTBY="
"a24700ce-244f-49dd-a58f-64a442e8c1ba","HARV_039.basePlot.ltr","D01","HARV","HARV_039","HARV_039_872","2016-07-15","2016-05-16","2016-07-11","2016-07-14T14:15Z","2016-07-15T18:47Z","NEON.LTR.HARV039872.20160711","NEON.LTR.HARV039872.20160711.WDY","NEON.DOC.001710vE","Woody material",8.3,"N",NA,"nJ5SLjmo9KloJvxdkZwGIuojNiVtvG/wqD3cm8OvTBY="
"a7509c5d-c976-4734-a2f5-df91942feec8","HARV_039.basePlot.ltr","D01","HARV","HARV_039","HARV_039_872","2016-07-15","2016-05-16","2016-07-11","2016-07-14T14:15Z","2016-07-15T18:47Z","NEON.LTR.HARV039872.20160711","NEON.LTR.HARV039872.20160711.FLR","NEON.DOC.001710vE","Flowers",4.07,"N",NA,"nJ5SLjmo9KloJvxdkZwGIuojNiVtvG/wqD3cm8OvTBY="
"24952512-1406-4716-b6a2-36c68f2ca100","HARV_039.basePlot.ltr","D01","HARV","HARV_039","HARV_039_872","2016-07-15","2016-05-16","2016-07-11","2016-07-14T14:15Z","2016-07-15T18:47Z","NEON.LTR.HARV039872.20160711","NEON.LTR.HARV039872.20160711.TWI","NEON.DOC.001710vE","Twigs/branches",5.92,"N",NA,"nJ5SLjmo9KloJvxdkZwGIuojNiVtvG/wqD3cm8OvTBY="
"73aaa52c-377b-45f3-9eec-94f5490f72d7","HARV_039.basePlot.ltr","D01","HARV","HARV_039","HARV_039_872","2016-07-15","2016-05-16","2016-07-11","2016-07-14T14:15Z","2016-07-15T18:47Z","NEON.LTR.HARV039872.20160711","NEON.LTR.HARV039872.20160711.SDS","NEON.DOC.001710vE","Seeds",0.33,"N",NA,"nJ5SLjmo9KloJvxdkZwGIuojNiVtvG/wqD3cm8OvTBY="
"90446d07-5b33-4b81-9fc3-6ea4afdbcc4f","HARV_042.basePlot.ltr","D01","HARV","HARV_042","HARV_042_699","2016-07-15","2016-05-16","2016-07-11","2016-07-14T14:15Z","2016-07-15T18:47Z","NEON.LTR.HARV042699.20160711","NEON.LTR.HARV042699.20160711.OTH","NEON.DOC.001710vE","Other",4.03,"Y",NA,"nJ5SLjmo9KloJvxdkZwGIuojNiVtvG/wqD3cm8OvTBY="
"a1947476-d121-48bb-a5c0-41bfced26293","HARV_042.basePlot.ltr","D01","HARV","HARV_042","HARV_042_699","2016-07-15","2016-05-16","2016-07-11","2016-07-14T14:15Z","2016-07-15T18:47Z","NEON.LTR.HARV042699.20160711","NEON.LTR.HARV042699.20160711.WDY","NEON.DOC.001710vE","Woody material",0.18,"N",NA,"nJ5SLjmo9KloJvxdkZwGIuojNiVtvG/wqD3cm8OvTBY="
"2df6f3f5-acf7-42e6-83cc-47ad479e4420","HARV_042.basePlot.ltr","D01","HARV","HARV_042","HARV_042_699","2016-07-15","2016-05-16","2016-07-11","2016-07-14T14:15Z","2016-07-15T18:47Z","NEON.LTR.HARV042699.20160711","NEON.LTR.HARV042699.20160711.LVS","NEON.DOC.001710vE","Leaves",7.18,"N",NA,"nJ5SLjmo9KloJvxdkZwGIuojNiVtvG/wqD3cm8OvTBY="
"567e7a11-0928-4c30-ae42-314e86eaea5c","HARV_042.basePlot.ltr","D01","HARV","HARV_042","HARV_042_699","2016-07-15","2016-05-16","2016-07-11","2016-07-14T14:15Z","2016-07-15T18:47Z","NEON.LTR.HARV042699.20160711","NEON.LTR.HARV042699.20160711.TWI","NEON.DOC.001710vE","Twigs/branches",2.96,"N",NA,"nJ5SLjmo9KloJvxdkZwGIuojNiVtvG/wqD3cm8OvTBY="
"9b706c69-31c0-4aa0-b14c-14cd7292baca","HARV_042.basePlot.ltr","D01","HARV","HARV_042","HARV_042_699","2016-07-15","2016-05-16","2016-07-11","2016-07-14T14:15Z","2016-07-15T18:47Z","NEON.LTR.HARV042699.20160711","NEON.LTR.HARV042699.20160711.SDS","NEON.DOC.001710vE","Seeds",0.14,"N",NA,"nJ5SLjmo9KloJvxdkZwGIuojNiVtvG/wqD3cm8OvTBY="
"98b88aaf-836e-4751-ab7b-0f4ef27e9aa5","HARV_042.basePlot.ltr","D01","HARV","HARV_042","HARV_042_699","2016-07-15","2016-05-16","2016-07-11","2016-07-14T14:15Z","2016-07-15T18:47Z","NEON.LTR.HARV042699.20160711","NEON.LTR.HARV042699.20160711.NDL","NEON.DOC.001710vE","Needles",10.59,"N",NA,"nJ5SLjmo9KloJvxdkZwGIuojNiVtvG/wqD3cm8OvTBY="
"70cec484-d07b-4f1f-a9a2-c1c5029baaeb","HARV_042.basePlot.ltr","D01","HARV","HARV_042","HARV_042_699","2016-07-15","2016-05-16","2016-07-11","2016-07-14T14:15Z","2016-07-15T18:47Z","NEON.LTR.HARV042699.20160711","NEON.LTR.HARV042699.20160711.FLR","NEON.DOC.001710vE","Flowers",2.72,"N",NA,"nJ5SLjmo9KloJvxdkZwGIuojNiVtvG/wqD3cm8OvTBY="
"3677cc08-5c93-4348-9c1b-2396004ad032","HARV_050.basePlot.ltr","D01","HARV","HARV_050","HARV_050_947","2016-07-15","2016-05-16","2016-07-11","2016-07-14T14:15Z","2016-07-15T18:47Z","NEON.LTR.HARV050947.20160711","NEON.LTR.HARV050947.20160711.NDL","NEON.DOC.001710vE","Needles",2.43,"N",NA,"nJ5SLjmo9KloJvxdkZwGIuojNiVtvG/wqD3cm8OvTBY="
"6df02afa-0819-4e1c-b245-7439345f7c07","HARV_050.basePlot.ltr","D01","HARV","HARV_050","HARV_050_947","2016-07-15","2016-05-16","2016-07-11","2016-07-14T14:15Z","2016-07-15T18:47Z","NEON.LTR.HARV050947.20160711","NEON.LTR.HARV050947.20160711.OTH","NEON.DOC.001710vE","Other",10.43,"N",NA,"nJ5SLjmo9KloJvxdkZwGIuojNiVtvG/wqD3cm8OvTBY="
"65ab3d69-4588-4606-a79d-223dc502fe27","HARV_050.basePlot.ltr","D01","HARV","HARV_050","HARV_050_947","2016-07-15","2016-05-16","2016-07-11","2016-07-14T14:15Z","2016-07-15T18:47Z","NEON.LTR.HARV050947.20160711","NEON.LTR.HARV050947.20160711.SDS","NEON.DOC.001710vE","Seeds",0,"N",NA,"nJ5SLjmo9KloJvxdkZwGIuojNiVtvG/wqD3cm8OvTBY="
"aa13fa79-d2ba-47f1-9736-f8069d8fcb4a","HARV_050.basePlot.ltr","D01","HARV","HARV_050","HARV_050_947","2016-07-15","2016-05-16","2016-07-11","2016-07-14T14:15Z","2016-07-15T18:47Z","NEON.LTR.HARV050947.20160711","NEON.LTR.HARV050947.20160711.FLR","NEON.DOC.001710vE","Flowers",5.2,"Y",NA,"nJ5SLjmo9KloJvxdkZwGIuojNiVtvG/wqD3cm8OvTBY="
"2029ffc2-60bf-43af-b878-a9ec5807a131","HARV_050.basePlot.ltr","D01","HARV","HARV_050","HARV_050_947","2016-07-15","2016-05-16","2016-07-11","2016-07-14T14:15Z","2016-07-15T18:47Z","NEON.LTR.HARV050947.20160711","NEON.LTR.HARV050947.20160711.TWI","NEON.DOC.001710vE","Twigs/branches",1.26,"N",NA,"nJ5SLjmo9KloJvxdkZwGIuojNiVtvG/wqD3cm8OvTBY="
"92477fc1-9c41-4475-8196-ee186d326fb1","HARV_050.basePlot.ltr","D01","HARV","HARV_050","HARV_050_947","2016-07-15","2016-05-16","2016-07-11","2016-07-14T14:15Z","2016-07-15T18:47Z","NEON.LTR.HARV050947.20160711","NEON.LTR.HARV050947.20160711.LVS","NEON.DOC.001710vE","Leaves",1.25,"N",NA,"nJ5SLjmo9KloJvxdkZwGIuojNiVtvG/wqD3cm8OvTBY="
"7c57a0d8-f4ce-42f9-bdac-eae36fb9ede5","HARV_050.basePlot.ltr","D01","HARV","HARV_050","HARV_050_947","2016-07-15","2016-05-16","2016-07-11","2016-07-14T14:15Z","2016-07-15T18:47Z","NEON.LTR.HARV050947.20160711","NEON.LTR.HARV050947.20160711.WDY","NEON.DOC.001710vE","Woody material",6.02,"N",NA,"nJ5SLjmo9KloJvxdkZwGIuojNiVtvG/wqD3cm8OvTBY="
"635dbd27-1188-4d78-bca3-1a1ee7af7732","HARV_052.basePlot.ltr","D01","HARV","HARV_052","HARV_052_902","2016-07-15","2016-05-16","2016-07-11","2016-07-14T14:15Z","2016-07-15T18:47Z","NEON.LTR.HARV052902.20160711","NEON.LTR.HARV052902.20160711.NDL","NEON.DOC.001710vE","Needles",1.35,"N",NA,"nJ5SLjmo9KloJvxdkZwGIuojNiVtvG/wqD3cm8OvTBY="
"69f29ef7-9d94-4053-b36c-4125f9ebda39","HARV_052.basePlot.ltr","D01","HARV","HARV_052","HARV_052_902","2016-07-15","2016-05-16","2016-07-11","2016-07-14T14:15Z","2016-07-15T18:47Z","NEON.LTR.HARV052902.20160711","NEON.LTR.HARV052902.20160711.SDS","NEON.DOC.001710vE","Seeds",0.005,"N",NA,"nJ5SLjmo9KloJvxdkZwGIuojNiVtvG/wqD3cm8OvTBY="
"660efa38-b771-4cfc-a3f9-1379006ea5be","HARV_052.basePlot.ltr","D01","HARV","HARV_052","HARV_052_902","2016-07-15","2016-05-16","2016-07-11","2016-07-14T14:15Z","2016-07-15T18:47Z","NEON.LTR.HARV052902.20160711","NEON.LTR.HARV052902.20160711.FLR","NEON.DOC.001710vE","Flowers",0.34,"N",NA,"nJ5SLjmo9KloJvxdkZwGIuojNiVtvG/wqD3cm8OvTBY="
"8a542ab4-2538-48d3-ae33-ec5325d8ca34","HARV_052.basePlot.ltr","D01","HARV","HARV_052","HARV_052_902","2016-07-15","2016-05-16","2016-07-11","2016-07-14T14:15Z","2016-07-15T18:47Z","NEON.LTR.HARV052902.20160711","NEON.LTR.HARV052902.20160711.WDY","NEON.DOC.001710vE","Woody material",0.22,"N",NA,"nJ5SLjmo9KloJvxdkZwGIuojNiVtvG/wqD3cm8OvTBY="
"0b2a55d9-ccc4-4099-9c7f-d20741846f15","HARV_052.basePlot.ltr","D01","HARV","HARV_052","HARV_052_902","2016-07-15","2016-05-16","2016-07-11","2016-07-14T14:15Z","2016-07-15T18:47Z","NEON.LTR.HARV052902.20160711","NEON.LTR.HARV052902.20160711.TWI","NEON.DOC.001710vE","Twigs/branches",1.07,"N",NA,"nJ5SLjmo9KloJvxdkZwGIuojNiVtvG/wqD3cm8OvTBY="
"9c377d00-1c85-4c22-b1e5-eb055e407e9b","HARV_052.basePlot.ltr","D01","HARV","HARV_052","HARV_052_902","2016-07-15","2016-05-16","2016-07-11","2016-07-14T14:15Z","2016-07-15T18:47Z","NEON.LTR.HARV052902.20160711","NEON.LTR.HARV052902.20160711.OTH","NEON.DOC.001710vE","Other",8.97,"N",NA,"nJ5SLjmo9KloJvxdkZwGIuojNiVtvG/wqD3cm8OvTBY="
"fe58dcb5-5591-4ade-a712-568c27216cc3","HARV_052.basePlot.ltr","D01","HARV","HARV_052","HARV_052_902","2016-07-15","2016-05-16","2016-07-11","2016-07-14T14:15Z","2016-07-15T18:47Z","NEON.LTR.HARV052902.20160711","NEON.LTR.HARV052902.20160711.LVS","NEON.DOC.001710vE","Leaves",0.35,"N",NA,"nJ5SLjmo9KloJvxdkZwGIuojNiVtvG/wqD3cm8OvTBY="
"d1272d54-e70f-4108-ac53-4fe3aa7f5d9a","HARV_039.basePlot.ltr","D01","HARV","HARV_039","HARV_039_660","2016-07-15","2016-05-16","2016-07-11","2016-07-14T14:15Z","2016-07-15T18:47Z","NEON.LTR.HARV039660.20160711","NEON.LTR.HARV039660.20160711.OTH","NEON.DOC.001710vE","Other",3.84,"N",NA,"nJ5SLjmo9KloJvxdkZwGIuojNiVtvG/wqD3cm8OvTBY="
"cbe914bc-c307-438e-9468-282ce94af890","HARV_039.basePlot.ltr","D01","HARV","HARV_039","HARV_039_660","2016-07-15","2016-05-16","2016-07-11","2016-07-14T14:15Z","2016-07-15T18:47Z","NEON.LTR.HARV039660.20160711","NEON.LTR.HARV039660.20160711.TWI","NEON.DOC.001710vE","Twigs/branches",1.78,"N",NA,"nJ5SLjmo9KloJvxdkZwGIuojNiVtvG/wqD3cm8OvTBY="
"d3a3a1c1-6dd4-40ee-ac6b-5ada1c09496f","HARV_039.basePlot.ltr","D01","HARV","HARV_039","HARV_039_660","2016-07-15","2016-05-16","2016-07-11","2016-07-14T14:15Z","2016-07-15T18:47Z","NEON.LTR.HARV039660.20160711","NEON.LTR.HARV039660.20160711.FLR","NEON.DOC.001710vE","Flowers",2.56,"N",NA,"nJ5SLjmo9KloJvxdkZwGIuojNiVtvG/wqD3cm8OvTBY="
"4a630c8e-b1fd-48be-9054-9e463934aaa9","HARV_039.basePlot.ltr","D01","HARV","HARV_039","HARV_039_660","2016-07-15","2016-05-16","2016-07-11","2016-07-14T14:15Z","2016-07-15T18:47Z","NEON.LTR.HARV039660.20160711","NEON.LTR.HARV039660.20160711.LVS","NEON.DOC.001710vE","Leaves",2.8,"N",NA,"nJ5SLjmo9KloJvxdkZwGIuojNiVtvG/wqD3cm8OvTBY="
"b3a9a0d6-2024-4ab0-b3b5-4d4575b01817","HARV_039.basePlot.ltr","D01","HARV","HARV_039","HARV_039_660","2016-07-15","2016-05-16","2016-07-11","2016-07-14T14:15Z","2016-07-15T18:47Z","NEON.LTR.HARV039660.20160711","NEON.LTR.HARV039660.20160711.SDS","NEON.DOC.001710vE","Seeds",0.36,"N",NA,"nJ5SLjmo9KloJvxdkZwGIuojNiVtvG/wqD3cm8OvTBY="
"22594e35-b8dd-4b15-a1e1-1e067c543e4d","HARV_039.basePlot.ltr","D01","HARV","HARV_039","HARV_039_660","2016-07-15","2016-05-16","2016-07-11","2016-07-14T14:15Z","2016-07-15T18:47Z","NEON.LTR.HARV039660.20160711","NEON.LTR.HARV039660.20160711.WDY","NEON.DOC.001710vE","Woody material",8.12,"N",NA,"nJ5SLjmo9KloJvxdkZwGIuojNiVtvG/wqD3cm8OvTBY="
"b5cb9079-1ccf-47bd-a2e9-68f42c06e712","HARV_039.basePlot.ltr","D01","HARV","HARV_039","HARV_039_660","2016-07-15","2016-05-16","2016-07-11","2016-07-14T14:15Z","2016-07-15T18:47Z","NEON.LTR.HARV039660.20160711","NEON.LTR.HARV039660.20160711.NDL","NEON.DOC.001710vE","Needles",0.26,"N",NA,"nJ5SLjmo9KloJvxdkZwGIuojNiVtvG/wqD3cm8OvTBY="
"a05c34db-d274-41c1-aa14-7ff7d680b65d","HARV_046.basePlot.ltr","D01","HARV","HARV_046","HARV_046_204","2016-07-15","2016-05-16","2016-07-11","2016-07-14T14:15Z","2016-07-15T18:47Z","NEON.LTR.HARV046204.20160711","NEON.LTR.HARV046204.20160711.FLR","NEON.DOC.001710vE","Flowers",2.08,"N",NA,"nJ5SLjmo9KloJvxdkZwGIuojNiVtvG/wqD3cm8OvTBY="
"e115cf67-482e-4971-a5f4-031290f2bb8c","HARV_046.basePlot.ltr","D01","HARV","HARV_046","HARV_046_204","2016-07-15","2016-05-16","2016-07-11","2016-07-14T14:15Z","2016-07-15T18:47Z","NEON.LTR.HARV046204.20160711","NEON.LTR.HARV046204.20160711.OTH","NEON.DOC.001710vE","Other",2.68,"N",NA,"nJ5SLjmo9KloJvxdkZwGIuojNiVtvG/wqD3cm8OvTBY="
"23f48ad5-712a-4484-a0c4-40ef9b0ae489","HARV_046.basePlot.ltr","D01","HARV","HARV_046","HARV_046_204","2016-07-15","2016-05-16","2016-07-11","2016-07-14T14:15Z","2016-07-15T18:47Z","NEON.LTR.HARV046204.20160711","NEON.LTR.HARV046204.20160711.TWI","NEON.DOC.001710vE","Twigs/branches",0.29,"N",NA,"nJ5SLjmo9KloJvxdkZwGIuojNiVtvG/wqD3cm8OvTBY="
"a03ffdda-82c3-4b58-b98c-c7bff3a59958","HARV_046.basePlot.ltr","D01","HARV","HARV_046","HARV_046_204","2016-07-15","2016-05-16","2016-07-11","2016-07-14T14:15Z","2016-07-15T18:47Z","NEON.LTR.HARV046204.20160711","NEON.LTR.HARV046204.20160711.LVS","NEON.DOC.001710vE","Leaves",0.75,"N",NA,"nJ5SLjmo9KloJvxdkZwGIuojNiVtvG/wqD3cm8OvTBY="
"f40ef885-96ff-4b28-8cba-75f0b8abee9b","HARV_046.basePlot.ltr","D01","HARV","HARV_046","HARV_046_204","2016-07-15","2016-05-16","2016-07-11","2016-07-14T14:15Z","2016-07-15T18:47Z","NEON.LTR.HARV046204.20160711","NEON.LTR.HARV046204.20160711.SDS","NEON.DOC.001710vE","Seeds",0.08,"N",NA,"nJ5SLjmo9KloJvxdkZwGIuojNiVtvG/wqD3cm8OvTBY="
"21b10396-8ab3-4c23-8e15-dc4eac89c0a5","HARV_046.basePlot.ltr","D01","HARV","HARV_046","HARV_046_204","2016-07-15","2016-05-16","2016-07-11","2016-07-14T14:15Z","2016-07-15T18:47Z","NEON.LTR.HARV046204.20160711","NEON.LTR.HARV046204.20160711.NDL","NEON.DOC.001710vE","Needles",1.85,"N",NA,"nJ5SLjmo9KloJvxdkZwGIuojNiVtvG/wqD3cm8OvTBY="
"76ae3e98-8afd-48b7-a58c-10d01738fbf5","HARV_046.basePlot.ltr","D01","HARV","HARV_046","HARV_046_204","2016-07-15","2016-05-16","2016-07-11","2016-07-14T14:15Z","2016-07-15T18:47Z","NEON.LTR.HARV046204.20160711","NEON.LTR.HARV046204.20160711.WDY","NEON.DOC.001710vE","Woody material",0.21,"N",NA,"nJ5SLjmo9KloJvxdkZwGIuojNiVtvG/wqD3cm8OvTBY="
"41b3b2fc-93a9-443c-9880-4c4da0c14398","HARV_043.basePlot.ltr","D01","HARV","HARV_043","HARV_043_007","2016-07-15","2016-05-16","2016-07-11","2016-07-14T14:15Z","2016-07-15T18:47Z","NEON.LTR.HARV043007.20160711","NEON.LTR.HARV043007.20160711.WDY","NEON.DOC.001710vE","Woody material",0.31,"Y",NA,"nJ5SLjmo9KloJvxdkZwGIuojNiVtvG/wqD3cm8OvTBY="
"25657398-ac62-412e-8c94-dfdfb56b06d8","HARV_045.basePlot.ltr","D01","HARV","HARV_045","HARV_045_201","2016-07-15","2016-05-16","2016-07-11","2016-07-14T14:15Z","2016-07-15T18:47Z","NEON.LTR.HARV045201.20160711","NEON.LTR.HARV045201.20160711.NDL","NEON.DOC.001710vE","Needles",0.26,"N",NA,"nJ5SLjmo9KloJvxdkZwGIuojNiVtvG/wqD3cm8OvTBY="
"563906b2-0e12-4869-ab92-bb2b45d30d44","HARV_044.basePlot.ltr","D01","HARV","HARV_044","HARV_044_111","2016-07-15","2016-05-16","2016-07-11","2016-07-14T14:15Z","2016-07-15T18:47Z","NEON.LTR.HARV044111.20160711","NEON.LTR.HARV044111.20160711.OTH","NEON.DOC.001710vE","Other",5.45,"N",NA,"nJ5SLjmo9KloJvxdkZwGIuojNiVtvG/wqD3cm8OvTBY="
"0bd15241-a6d1-475f-a195-d06c9bdf9d4b","HARV_040.basePlot.ltr","D01","HARV","HARV_040","HARV_040_292","2016-07-15","2016-05-16","2016-07-11","2016-07-14T14:15Z","2016-07-15T18:47Z","NEON.LTR.HARV040292.20160711","NEON.LTR.HARV040292.20160711.OTH","NEON.DOC.001710vE","Other",2.87,"N",NA,"nJ5SLjmo9KloJvxdkZwGIuojNiVtvG/wqD3cm8OvTBY="
"a81d9912-f29e-4dda-8fcc-cb7937f7fb51","HARV_040.basePlot.ltr","D01","HARV","HARV_040","HARV_040_292","2016-07-15","2016-05-16","2016-07-11","2016-07-14T14:15Z","2016-07-15T18:47Z","NEON.LTR.HARV040292.20160711","NEON.LTR.HARV040292.20160711.LVS","NEON.DOC.001710vE","Leaves",1.62,"N",NA,"nJ5SLjmo9KloJvxdkZwGIuojNiVtvG/wqD3cm8OvTBY="
"a2a6297c-5c6d-48c3-bfb8-d484a7ef1589","HARV_043.basePlot.ltr","D01","HARV","HARV_043","HARV_043_007","2016-07-15","2016-05-16","2016-07-11","2016-07-14T14:15Z","2016-07-15T18:47Z","NEON.LTR.HARV043007.20160711","NEON.LTR.HARV043007.20160711.LVS","NEON.DOC.001710vE","Leaves",2.01,"N",NA,"nJ5SLjmo9KloJvxdkZwGIuojNiVtvG/wqD3cm8OvTBY="
"831fecba-5316-4026-b72b-68830c28039a","HARV_044.basePlot.ltr","D01","HARV","HARV_044","HARV_044_111","2016-07-15","2016-05-16","2016-07-11","2016-07-14T14:15Z","2016-07-15T18:47Z","NEON.LTR.HARV044111.20160711","NEON.LTR.HARV044111.20160711.LVS","NEON.DOC.001710vE","Leaves",0.98,"N",NA,"nJ5SLjmo9KloJvxdkZwGIuojNiVtvG/wqD3cm8OvTBY="
"74591594-ca1f-42ca-b744-6529abad39f7","HARV_044.basePlot.ltr","D01","HARV","HARV_044","HARV_044_111","2016-07-15","2016-05-16","2016-07-11","2016-07-14T14:15Z","2016-07-15T18:47Z","NEON.LTR.HARV044111.20160711","NEON.LTR.HARV044111.20160711.TWI","NEON.DOC.001710vE","Twigs/branches",0.73,"N",NA,"nJ5SLjmo9KloJvxdkZwGIuojNiVtvG/wqD3cm8OvTBY="
"69a98d4b-14db-480d-8707-61180f14491c","HARV_043.basePlot.ltr","D01","HARV","HARV_043","HARV_043_007","2016-07-15","2016-05-16","2016-07-11","2016-07-14T14:15Z","2016-07-15T18:47Z","NEON.LTR.HARV043007.20160711","NEON.LTR.HARV043007.20160711.FLR","NEON.DOC.001710vE","Flowers",0.54,"N",NA,"nJ5SLjmo9KloJvxdkZwGIuojNiVtvG/wqD3cm8OvTBY="
"04b5d86a-9623-470a-a12c-6e07e108f5c3","HARV_045.basePlot.ltr","D01","HARV","HARV_045","HARV_045_201","2016-07-15","2016-05-16","2016-07-11","2016-07-14T14:15Z","2016-07-15T18:47Z","NEON.LTR.HARV045201.20160711","NEON.LTR.HARV045201.20160711.WDY","NEON.DOC.001710vE","Woody material",0.07,"N",NA,"nJ5SLjmo9KloJvxdkZwGIuojNiVtvG/wqD3cm8OvTBY="
"e0e23f21-d6f2-4272-be4b-a91c596a83c5","HARV_045.basePlot.ltr","D01","HARV","HARV_045","HARV_045_201","2016-07-15","2016-05-16","2016-07-11","2016-07-14T14:15Z","2016-07-15T18:47Z","NEON.LTR.HARV045201.20160711","NEON.LTR.HARV045201.20160711.SDS","NEON.DOC.001710vE","Seeds",0.23,"N",NA,"nJ5SLjmo9KloJvxdkZwGIuojNiVtvG/wqD3cm8OvTBY="
"a496165d-250d-48f4-9cae-1f640e0e6234","HARV_043.basePlot.ltr","D01","HARV","HARV_043","HARV_043_007","2016-07-15","2016-05-16","2016-07-11","2016-07-14T14:15Z","2016-07-15T18:47Z","NEON.LTR.HARV043007.20160711","NEON.LTR.HARV043007.20160711.TWI","NEON.DOC.001710vE","Twigs/branches",0.45,"N",NA,"nJ5SLjmo9KloJvxdkZwGIuojNiVtvG/wqD3cm8OvTBY="
"49c559d6-b77b-4ee1-a0bd-a2b36b193ac3","HARV_044.basePlot.ltr","D01","HARV","HARV_044","HARV_044_111","2016-07-15","2016-05-16","2016-07-11","2016-07-14T14:15Z","2016-07-15T18:47Z","NEON.LTR.HARV044111.20160711","NEON.LTR.HARV044111.20160711.WDY","NEON.DOC.001710vE","Woody material",0.1,"N",NA,"nJ5SLjmo9KloJvxdkZwGIuojNiVtvG/wqD3cm8OvTBY="
"f74f11f0-842f-42ff-b506-cc7bf68a8c12","HARV_040.basePlot.ltr","D01","HARV","HARV_040","HARV_040_292","2016-07-15","2016-05-16","2016-07-11","2016-07-14T14:15Z","2016-07-15T18:47Z","NEON.LTR.HARV040292.20160711","NEON.LTR.HARV040292.20160711.FLR","NEON.DOC.001710vE","Flowers",1.06,"N",NA,"nJ5SLjmo9KloJvxdkZwGIuojNiVtvG/wqD3cm8OvTBY="
"79d7b06c-4bab-42b9-bf04-ef6accdf3b48","HARV_043.basePlot.ltr","D01","HARV","HARV_043","HARV_043_007","2016-07-15","2016-05-16","2016-07-11","2016-07-14T14:15Z","2016-07-15T18:47Z","NEON.LTR.HARV043007.20160711","NEON.LTR.HARV043007.20160711.OTH","NEON.DOC.001710vE","Other",7.37,"Y",NA,"nJ5SLjmo9KloJvxdkZwGIuojNiVtvG/wqD3cm8OvTBY="
"04b52993-2dba-4abc-8220-519bd6d05dd7","HARV_044.basePlot.ltr","D01","HARV","HARV_044","HARV_044_111","2016-07-15","2016-05-16","2016-07-11","2016-07-14T14:15Z","2016-07-15T18:47Z","NEON.LTR.HARV044111.20160711","NEON.LTR.HARV044111.20160711.FLR","NEON.DOC.001710vE","Flowers",1.11,"N",NA,"nJ5SLjmo9KloJvxdkZwGIuojNiVtvG/wqD3cm8OvTBY="
"da1fcfb1-43c9-4fb2-8f6b-3671ec179724","HARV_043.basePlot.ltr","D01","HARV","HARV_043","HARV_043_007","2016-07-15","2016-05-16","2016-07-11","2016-07-14T14:15Z","2016-07-15T18:47Z","NEON.LTR.HARV043007.20160711","NEON.LTR.HARV043007.20160711.SDS","NEON.DOC.001710vE","Seeds",0.18,"N",NA,"nJ5SLjmo9KloJvxdkZwGIuojNiVtvG/wqD3cm8OvTBY="
"aa4ba91d-5d59-4ce4-85ec-2a7b1c67d2fe","HARV_040.basePlot.ltr","D01","HARV","HARV_040","HARV_040_292","2016-07-15","2016-05-16","2016-07-11","2016-07-14T14:15Z","2016-07-15T18:47Z","NEON.LTR.HARV040292.20160711","NEON.LTR.HARV040292.20160711.SDS","NEON.DOC.001710vE","Seeds",0.005,"N",NA,"nJ5SLjmo9KloJvxdkZwGIuojNiVtvG/wqD3cm8OvTBY="
"c6890c1c-9d3b-4792-8479-e576068b28ea","HARV_040.basePlot.ltr","D01","HARV","HARV_040","HARV_040_292","2016-07-15","2016-05-16","2016-07-11","2016-07-14T14:15Z","2016-07-15T18:47Z","NEON.LTR.HARV040292.20160711","NEON.LTR.HARV040292.20160711.WDY","NEON.DOC.001710vE","Woody material",0.13,"N",NA,"nJ5SLjmo9KloJvxdkZwGIuojNiVtvG/wqD3cm8OvTBY="
"b589cc74-83f4-48f5-b41c-d1c2cafe278b","HARV_040.basePlot.ltr","D01","HARV","HARV_040","HARV_040_292","2016-07-15","2016-05-16","2016-07-11","2016-07-14T14:15Z","2016-07-15T18:47Z","NEON.LTR.HARV040292.20160711","NEON.LTR.HARV040292.20160711.TWI","NEON.DOC.001710vE","Twigs/branches",3,"Y",NA,"nJ5SLjmo9KloJvxdkZwGIuojNiVtvG/wqD3cm8OvTBY="
"aff5705f-58e2-4c43-b975-818d2e45f1d9","HARV_045.basePlot.ltr","D01","HARV","HARV_045","HARV_045_201","2016-07-15","2016-05-16","2016-07-11","2016-07-14T14:15Z","2016-07-15T18:47Z","NEON.LTR.HARV045201.20160711","NEON.LTR.HARV045201.20160711.TWI","NEON.DOC.001710vE","Twigs/branches",0.72,"Y",NA,"nJ5SLjmo9KloJvxdkZwGIuojNiVtvG/wqD3cm8OvTBY="
"899a7f9e-0d2f-4f69-ba83-973096fbaf50","HARV_040.basePlot.ltr","D01","HARV","HARV_040","HARV_040_292","2016-07-15","2016-05-16","2016-07-11","2016-07-14T14:15Z","2016-07-15T18:47Z","NEON.LTR.HARV040292.20160711","NEON.LTR.HARV040292.20160711.NDL","NEON.DOC.001710vE","Needles",0.07,"N",NA,"nJ5SLjmo9KloJvxdkZwGIuojNiVtvG/wqD3cm8OvTBY="
"f17371f7-93ac-43e1-bb1f-c1a0af49763c","HARV_044.basePlot.ltr","D01","HARV","HARV_044","HARV_044_111","2016-07-15","2016-05-16","2016-07-11","2016-07-14T14:15Z","2016-07-15T18:47Z","NEON.LTR.HARV044111.20160711","NEON.LTR.HARV044111.20160711.NDL","NEON.DOC.001710vE","Needles",2,"Y",NA,"nJ5SLjmo9KloJvxdkZwGIuojNiVtvG/wqD3cm8OvTBY="
"ba399f69-3ce4-41bb-9538-d76c0ee4c213","HARV_044.basePlot.ltr","D01","HARV","HARV_044","HARV_044_111","2016-07-15","2016-05-16","2016-07-11","2016-07-14T14:15Z","2016-07-15T18:47Z","NEON.LTR.HARV044111.20160711","NEON.LTR.HARV044111.20160711.SDS","NEON.DOC.001710vE","Seeds",0.03,"N",NA,"nJ5SLjmo9KloJvxdkZwGIuojNiVtvG/wqD3cm8OvTBY="
"6d271a7e-17be-4a6c-97b1-82bfe4d4e777","HARV_045.basePlot.ltr","D01","HARV","HARV_045","HARV_045_201","2016-07-15","2016-05-16","2016-07-11","2016-07-14T14:15Z","2016-07-15T18:47Z","NEON.LTR.HARV045201.20160711","NEON.LTR.HARV045201.20160711.FLR","NEON.DOC.001710vE","Flowers",2.62,"N",NA,"nJ5SLjmo9KloJvxdkZwGIuojNiVtvG/wqD3cm8OvTBY="
"b04109f9-1be7-4424-afe9-f7e80084bcf6","HARV_043.basePlot.ltr","D01","HARV","HARV_043","HARV_043_007","2016-07-15","2016-05-16","2016-07-11","2016-07-14T14:15Z","2016-07-15T18:47Z","NEON.LTR.HARV043007.20160711","NEON.LTR.HARV043007.20160711.NDL","NEON.DOC.001710vE","Needles",0.69,"N",NA,"nJ5SLjmo9KloJvxdkZwGIuojNiVtvG/wqD3cm8OvTBY="
"0904f1a6-f009-4ec0-b7c0-76377f93910c","HARV_045.basePlot.ltr","D01","HARV","HARV_045","HARV_045_201","2016-07-15","2016-05-16","2016-07-11","2016-07-14T14:15Z","2016-07-15T18:47Z","NEON.LTR.HARV045201.20160711","NEON.LTR.HARV045201.20160711.LVS","NEON.DOC.001710vE","Leaves",4.24,"N",NA,"nJ5SLjmo9KloJvxdkZwGIuojNiVtvG/wqD3cm8OvTBY="
"bd7d28d6-5175-4bbf-8df8-4ce7040e611a","HARV_045.basePlot.ltr","D01","HARV","HARV_045","HARV_045_201","2016-07-15","2016-05-16","2016-07-11","2016-07-14T14:15Z","2016-07-15T18:47Z","NEON.LTR.HARV045201.20160711","NEON.LTR.HARV045201.20160711.OTH","NEON.DOC.001710vE","Other",3.32,"N",NA,"nJ5SLjmo9KloJvxdkZwGIuojNiVtvG/wqD3cm8OvTBY="
"77451cb8-36e4-4be0-b7df-cb07e15eebad","HARV_037.basePlot.ltr","D01","HARV","HARV_037","HARV_037_849","2016-07-15","2016-05-16","2016-07-11","2016-07-14T14:15Z","2016-07-15T18:47Z","NEON.LTR.HARV037849.20160711","NEON.LTR.HARV037849.20160711.FLR","NEON.DOC.001710vE","Flowers",0.2,"N",NA,"nJ5SLjmo9KloJvxdkZwGIuojNiVtvG/wqD3cm8OvTBY="
"f5cad535-c046-49b9-a0fd-53edc068c2fd","HARV_037.basePlot.ltr","D01","HARV","HARV_037","HARV_037_849","2016-07-15","2016-05-16","2016-07-11","2016-07-14T14:15Z","2016-07-15T18:47Z","NEON.LTR.HARV037849.20160711","NEON.LTR.HARV037849.20160711.OTH","NEON.DOC.001710vE","Other",0.09,"N",NA,"nJ5SLjmo9KloJvxdkZwGIuojNiVtvG/wqD3cm8OvTBY="
"c8fb837b-4ca3-441e-9915-fe26dd9c5299","HARV_037.basePlot.ltr","D01","HARV","HARV_037","HARV_037_849","2016-07-15","2016-05-16","2016-07-11","2016-07-14T14:15Z","2016-07-15T18:47Z","NEON.LTR.HARV037849.20160711","NEON.LTR.HARV037849.20160711.WDY","NEON.DOC.001710vE","Woody material",0.37,"N",NA,"nJ5SLjmo9KloJvxdkZwGIuojNiVtvG/wqD3cm8OvTBY="
"655e5027-7193-4a5b-841c-63ec1f7bc4a5","HARV_037.basePlot.ltr","D01","HARV","HARV_037","HARV_037_849","2016-07-15","2016-05-16","2016-07-11","2016-07-14T14:15Z","2016-07-15T18:47Z","NEON.LTR.HARV037849.20160711","NEON.LTR.HARV037849.20160711.TWI","NEON.DOC.001710vE","Twigs/branches",1.22,"N",NA,"nJ5SLjmo9KloJvxdkZwGIuojNiVtvG/wqD3cm8OvTBY="
"3090e272-ca08-46e0-a444-13ff75b91f56","HARV_037.basePlot.ltr","D01","HARV","HARV_037","HARV_037_849","2016-07-15","2016-05-16","2016-07-11","2016-07-14T14:15Z","2016-07-15T18:47Z","NEON.LTR.HARV037849.20160711","NEON.LTR.HARV037849.20160711.NDL","NEON.DOC.001710vE","Needles",9.41,"N",NA,"nJ5SLjmo9KloJvxdkZwGIuojNiVtvG/wqD3cm8OvTBY="
"70c88339-a205-4688-a933-5a4fe6fe5b9a","HARV_037.basePlot.ltr","D01","HARV","HARV_037","HARV_037_849","2016-07-15","2016-05-16","2016-07-11","2016-07-14T14:15Z","2016-07-15T18:47Z","NEON.LTR.HARV037849.20160711","NEON.LTR.HARV037849.20160711.SDS","NEON.DOC.001710vE","Seeds",0.05,"N",NA,"nJ5SLjmo9KloJvxdkZwGIuojNiVtvG/wqD3cm8OvTBY="
"c1aafd14-c753-4704-ad0c-6255c55ac048","HARV_037.basePlot.ltr","D01","HARV","HARV_037","HARV_037_849","2016-07-15","2016-05-16","2016-07-11","2016-07-14T14:15Z","2016-07-15T18:47Z","NEON.LTR.HARV037849.20160711","NEON.LTR.HARV037849.20160711.LVS","NEON.DOC.001710vE","Leaves",0.43,"N",NA,"nJ5SLjmo9KloJvxdkZwGIuojNiVtvG/wqD3cm8OvTBY="
"1a367afd-74fe-463a-9ab2-09609b4dd38d","HARV_050.basePlot.ltr","D01","HARV","HARV_050","HARV_050_043","2016-07-15","2016-05-16","2016-07-11","2016-07-14T14:15Z","2016-07-15T18:47Z","NEON.LTR.HARV050043.20160711","NEON.LTR.HARV050043.20160711.LVS","NEON.DOC.001710vE","Leaves",1.83,"Y",NA,"nJ5SLjmo9KloJvxdkZwGIuojNiVtvG/wqD3cm8OvTBY="
"81e718db-23d6-4ac9-bd1a-8550cc316830","HARV_049.basePlot.ltr","D01","HARV","HARV_049","HARV_049_890","2016-07-15","2016-05-16","2016-07-11","2016-07-14T14:15Z","2016-07-15T18:47Z","NEON.LTR.HARV049890.20160711","NEON.LTR.HARV049890.20160711.NDL","NEON.DOC.001710vE","Needles",5.2,"Y",NA,"nJ5SLjmo9KloJvxdkZwGIuojNiVtvG/wqD3cm8OvTBY="
"a218410d-7df6-42b3-90dd-432f3825db67","HARV_050.basePlot.ltr","D01","HARV","HARV_050","HARV_050_043","2016-07-15","2016-05-16","2016-07-11","2016-07-14T14:15Z","2016-07-15T18:47Z","NEON.LTR.HARV050043.20160711","NEON.LTR.HARV050043.20160711.WDY","NEON.DOC.001710vE","Woody material",0.46,"N",NA,"nJ5SLjmo9KloJvxdkZwGIuojNiVtvG/wqD3cm8OvTBY="
"86043263-0d66-43a3-a317-28d480a90942","HARV_049.basePlot.ltr","D01","HARV","HARV_049","HARV_049_890","2016-07-15","2016-05-16","2016-07-11","2016-07-14T14:15Z","2016-07-15T18:47Z","NEON.LTR.HARV049890.20160711","NEON.LTR.HARV049890.20160711.OTH","NEON.DOC.001710vE","Other",8.43,"N",NA,"nJ5SLjmo9KloJvxdkZwGIuojNiVtvG/wqD3cm8OvTBY="
"0389e894-f74a-4197-8175-8a1ac65b39ce","HARV_049.basePlot.ltr","D01","HARV","HARV_049","HARV_049_890","2016-07-15","2016-05-16","2016-07-11","2016-07-14T14:15Z","2016-07-15T18:47Z","NEON.LTR.HARV049890.20160711","NEON.LTR.HARV049890.20160711.SDS","NEON.DOC.001710vE","Seeds",0.05,"N",NA,"nJ5SLjmo9KloJvxdkZwGIuojNiVtvG/wqD3cm8OvTBY="
"05d9bfcf-ba50-4b2e-8def-10035252c68b","HARV_050.basePlot.ltr","D01","HARV","HARV_050","HARV_050_043","2016-07-15","2016-05-16","2016-07-11","2016-07-14T14:15Z","2016-07-15T18:47Z","NEON.LTR.HARV050043.20160711","NEON.LTR.HARV050043.20160711.FLR","NEON.DOC.001710vE","Flowers",1.36,"N",NA,"nJ5SLjmo9KloJvxdkZwGIuojNiVtvG/wqD3cm8OvTBY="
"09731744-99e9-438e-9812-2d01bacc0694","HARV_049.basePlot.ltr","D01","HARV","HARV_049","HARV_049_890","2016-07-15","2016-05-16","2016-07-11","2016-07-14T14:15Z","2016-07-15T18:47Z","NEON.LTR.HARV049890.20160711","NEON.LTR.HARV049890.20160711.LVS","NEON.DOC.001710vE","Leaves",0.76,"N",NA,"nJ5SLjmo9KloJvxdkZwGIuojNiVtvG/wqD3cm8OvTBY="
"8ba6ea7a-747e-4312-b3f9-0082241a0c7d","HARV_050.basePlot.ltr","D01","HARV","HARV_050","HARV_050_043","2016-07-15","2016-05-16","2016-07-11","2016-07-14T14:15Z","2016-07-15T18:47Z","NEON.LTR.HARV050043.20160711","NEON.LTR.HARV050043.20160711.TWI","NEON.DOC.001710vE","Twigs/branches",2.53,"N",NA,"nJ5SLjmo9KloJvxdkZwGIuojNiVtvG/wqD3cm8OvTBY="
"af9f6d7b-4d2d-4599-b16a-45276f3ed905","HARV_049.basePlot.ltr","D01","HARV","HARV_049","HARV_049_890","2016-07-15","2016-05-16","2016-07-11","2016-07-14T14:15Z","2016-07-15T18:47Z","NEON.LTR.HARV049890.20160711","NEON.LTR.HARV049890.20160711.TWI","NEON.DOC.001710vE","Twigs/branches",1.65,"N",NA,"nJ5SLjmo9KloJvxdkZwGIuojNiVtvG/wqD3cm8OvTBY="
"e02f2501-31c1-4570-bb82-f073f470514b","HARV_049.basePlot.ltr","D01","HARV","HARV_049","HARV_049_890","2016-07-15","2016-05-16","2016-07-11","2016-07-14T14:15Z","2016-07-15T18:47Z","NEON.LTR.HARV049890.20160711","NEON.LTR.HARV049890.20160711.WDY","NEON.DOC.001710vE","Woody material",0.13,"N",NA,"nJ5SLjmo9KloJvxdkZwGIuojNiVtvG/wqD3cm8OvTBY="
"4efd1dee-db85-4792-8506-c0ef50595aac","HARV_050.basePlot.ltr","D01","HARV","HARV_050","HARV_050_043","2016-07-15","2016-05-16","2016-07-11","2016-07-14T14:15Z","2016-07-15T18:47Z","NEON.LTR.HARV050043.20160711","NEON.LTR.HARV050043.20160711.OTH","NEON.DOC.001710vE","Other",6.87,"N",NA,"nJ5SLjmo9KloJvxdkZwGIuojNiVtvG/wqD3cm8OvTBY="
"d696d0af-2666-4012-90d8-b9984f39f0a8","HARV_050.basePlot.ltr","D01","HARV","HARV_050","HARV_050_043","2016-07-15","2016-05-16","2016-07-11","2016-07-14T14:15Z","2016-07-15T18:47Z","NEON.LTR.HARV050043.20160711","NEON.LTR.HARV050043.20160711.SDS","NEON.DOC.001710vE","Seeds",0.14,"N",NA,"nJ5SLjmo9KloJvxdkZwGIuojNiVtvG/wqD3cm8OvTBY="
"4c98d0ab-5a24-44f7-ab26-db854c256f6c","HARV_049.basePlot.ltr","D01","HARV","HARV_049","HARV_049_890","2016-07-15","2016-05-16","2016-07-11","2016-07-14T14:15Z","2016-07-15T18:47Z","NEON.LTR.HARV049890.20160711","NEON.LTR.HARV049890.20160711.FLR","NEON.DOC.001710vE","Flowers",0.09,"N",NA,"nJ5SLjmo9KloJvxdkZwGIuojNiVtvG/wqD3cm8OvTBY="
"351ec3f8-627f-44fb-81b3-3568284e8b88","HARV_050.basePlot.ltr","D01","HARV","HARV_050","HARV_050_043","2016-07-15","2016-05-16","2016-07-11","2016-07-14T14:15Z","2016-07-15T18:47Z","NEON.LTR.HARV050043.20160711","NEON.LTR.HARV050043.20160711.NDL","NEON.DOC.001710vE","Needles",0.8,"N",NA,"nJ5SLjmo9KloJvxdkZwGIuojNiVtvG/wqD3cm8OvTBY="
"d7de6d52-a30e-4bde-9267-88735d062eb4","HARV_046.basePlot.ltr","D01","HARV","HARV_046","HARV_046_764","2016-07-15","2016-05-16","2016-07-11","2016-07-14T14:15Z","2016-07-15T18:47Z","NEON.LTR.HARV046764.20160711","NEON.LTR.HARV046764.20160711.OTH","NEON.DOC.001710vE","Other",0.88,"N",NA,"nJ5SLjmo9KloJvxdkZwGIuojNiVtvG/wqD3cm8OvTBY="
"c28dd8f4-1ebc-4cdd-a5d2-7d75fe3a993b","HARV_046.basePlot.ltr","D01","HARV","HARV_046","HARV_046_764","2016-07-15","2016-05-16","2016-07-11","2016-07-14T14:15Z","2016-07-15T18:47Z","NEON.LTR.HARV046764.20160711","NEON.LTR.HARV046764.20160711.LVS","NEON.DOC.001710vE","Leaves",0.67,"N",NA,"nJ5SLjmo9KloJvxdkZwGIuojNiVtvG/wqD3cm8OvTBY="
"a22d7b61-30ec-43cc-a62d-7bf16380243c","HARV_046.basePlot.ltr","D01","HARV","HARV_046","HARV_046_764","2016-07-15","2016-05-16","2016-07-11","2016-07-14T14:15Z","2016-07-15T18:47Z","NEON.LTR.HARV046764.20160711","NEON.LTR.HARV046764.20160711.SDS","NEON.DOC.001710vE","Seeds",0.005,"N",NA,"nJ5SLjmo9KloJvxdkZwGIuojNiVtvG/wqD3cm8OvTBY="
"93bfe0a7-329f-4675-a357-9bbd22a6727a","HARV_046.basePlot.ltr","D01","HARV","HARV_046","HARV_046_764","2016-07-15","2016-05-16","2016-07-11","2016-07-14T14:15Z","2016-07-15T18:47Z","NEON.LTR.HARV046764.20160711","NEON.LTR.HARV046764.20160711.WDY","NEON.DOC.001710vE","Woody material",0.16,"Y",NA,"nJ5SLjmo9KloJvxdkZwGIuojNiVtvG/wqD3cm8OvTBY="
"09e8b192-3ff0-49fa-b70f-e382b9048f31","HARV_046.basePlot.ltr","D01","HARV","HARV_046","HARV_046_764","2016-07-15","2016-05-16","2016-07-11","2016-07-14T14:15Z","2016-07-15T18:47Z","NEON.LTR.HARV046764.20160711","NEON.LTR.HARV046764.20160711.FLR","NEON.DOC.001710vE","Flowers",0.005,"N",NA,"nJ5SLjmo9KloJvxdkZwGIuojNiVtvG/wqD3cm8OvTBY="
"c5c8d687-5080-49fd-97bb-24d75b31afe6","HARV_046.basePlot.ltr","D01","HARV","HARV_046","HARV_046_764","2016-07-15","2016-05-16","2016-07-11","2016-07-14T14:15Z","2016-07-15T18:47Z","NEON.LTR.HARV046764.20160711","NEON.LTR.HARV046764.20160711.NDL","NEON.DOC.001710vE","Needles",0.46,"N",NA,"nJ5SLjmo9KloJvxdkZwGIuojNiVtvG/wqD3cm8OvTBY="
"14c51a54-0137-485e-b15d-14ec0ff75f1e","HARV_046.basePlot.ltr","D01","HARV","HARV_046","HARV_046_764","2016-07-15","2016-05-16","2016-07-11","2016-07-14T14:15Z","2016-07-15T18:47Z","NEON.LTR.HARV046764.20160711","NEON.LTR.HARV046764.20160711.TWI","NEON.DOC.001710vE","Twigs/branches",0.38,"N",NA,"nJ5SLjmo9KloJvxdkZwGIuojNiVtvG/wqD3cm8OvTBY="
"5e5a56c0-46f7-406f-9609-66216568f6df","HARV_045.basePlot.ltr","D01","HARV","HARV_045","HARV_045_201","2016-09-13","2016-07-11","2016-09-06","2016-09-09T20:00Z","2016-09-14T18:30Z","NEON.LTR.HARV045201.20160906","NEON.LTR.HARV045201.20160906.NDL","NEON.DOC.001710vE","Needles",0.13,"N","","XdV86USKkiYZfb6rmwpnK/f2Yah5qnQO"
"2964ccab-c9ba-4109-912d-0808400d41a9","HARV_045.basePlot.ltr","D01","HARV","HARV_045","HARV_045_201","2016-09-13","2016-07-11","2016-09-06","2016-09-09T20:00Z","2016-09-14T18:30Z","NEON.LTR.HARV045201.20160906","NEON.LTR.HARV045201.20160906.SDS","NEON.DOC.001710vE","Seeds",1.02,"N","","XdV86USKkiYZfb6rmwpnK/f2Yah5qnQO"
"b910e3e8-8e8c-4151-ba49-f01efc78698b","HARV_045.basePlot.ltr","D01","HARV","HARV_045","HARV_045_201","2016-09-13","2016-07-11","2016-09-06","2016-09-09T20:00Z","2016-09-14T18:30Z","NEON.LTR.HARV045201.20160906","NEON.LTR.HARV045201.20160906.WDY","NEON.DOC.001710vE","Woody material",0.05,"N","","XdV86USKkiYZfb6rmwpnK/f2Yah5qnQO"
"0f4295bd-ce4b-44e5-9a15-19b282ac2115","HARV_045.basePlot.ltr","D01","HARV","HARV_045","HARV_045_201","2016-09-13","2016-07-11","2016-09-06","2016-09-09T20:00Z","2016-09-14T18:30Z","NEON.LTR.HARV045201.20160906","NEON.LTR.HARV045201.20160906.TWI","NEON.DOC.001710vE","Twigs/branches",2.63,"N","","XdV86USKkiYZfb6rmwpnK/f2Yah5qnQO"
"76dee243-08be-4b49-97e7-2516a2fc02b2","HARV_045.basePlot.ltr","D01","HARV","HARV_045","HARV_045_201","2016-09-13","2016-07-11","2016-09-06","2016-09-09T20:00Z","2016-09-14T18:30Z","NEON.LTR.HARV045201.20160906","NEON.LTR.HARV045201.20160906.OTH","NEON.DOC.001710vE","Other",0.86,"N","","XdV86USKkiYZfb6rmwpnK/f2Yah5qnQO"
"941850a9-8d96-42c8-a46a-65f4ce5c1642","HARV_045.basePlot.ltr","D01","HARV","HARV_045","HARV_045_201","2016-09-13","2016-07-11","2016-09-06","2016-09-09T20:00Z","2016-09-14T18:30Z","NEON.LTR.HARV045201.20160906","NEON.LTR.HARV045201.20160906.LVS","NEON.DOC.001710vE","Leaves",7.35,"N","","XdV86USKkiYZfb6rmwpnK/f2Yah5qnQO"
"43210ee5-156d-4308-a438-caea8e73ac36","HARV_045.basePlot.ltr","D01","HARV","HARV_045","HARV_045_201","2016-09-13","2016-07-11","2016-09-06","2016-09-09T20:00Z","2016-09-14T18:30Z","NEON.LTR.HARV045201.20160906","NEON.LTR.HARV045201.20160906.FLR","NEON.DOC.001710vE","Flowers",0.33,"N","","XdV86USKkiYZfb6rmwpnK/f2Yah5qnQO"
"3755e603-e30d-4705-9d60-b91660f00c74","HARV_038.basePlot.ltr","D01","HARV","HARV_038","HARV_038_363","2016-09-13","2016-07-11","2016-09-06","2016-09-09T20:00Z","2016-09-14T18:30Z","NEON.LTR.HARV038363.20160906","NEON.LTR.HARV038363.20160906.LVS","NEON.DOC.001710vE","Leaves",2.62,"N","","XdV86USKkiYZfb6rmwpnK/f2Yah5qnQO"
"401ba4a8-4520-40ac-b115-3962c7d39d49","HARV_038.basePlot.ltr","D01","HARV","HARV_038","HARV_038_363","2016-09-13","2016-07-11","2016-09-06","2016-09-09T20:00Z","2016-09-14T18:30Z","NEON.LTR.HARV038363.20160906","NEON.LTR.HARV038363.20160906.WDY","NEON.DOC.001710vE","Woody material",0.09,"N","","XdV86USKkiYZfb6rmwpnK/f2Yah5qnQO"
"f8e15920-bd15-4500-99f7-0e1ec8dcd48d","HARV_038.basePlot.ltr","D01","HARV","HARV_038","HARV_038_363","2016-09-13","2016-07-11","2016-09-06","2016-09-09T20:00Z","2016-09-14T18:30Z","NEON.LTR.HARV038363.20160906","NEON.LTR.HARV038363.20160906.NDL","NEON.DOC.001710vE","Needles",6.78,"N","","XdV86USKkiYZfb6rmwpnK/f2Yah5qnQO"
"d87d37f9-52fb-4ea2-b21b-cf7b8521c234","HARV_038.basePlot.ltr","D01","HARV","HARV_038","HARV_038_363","2016-09-13","2016-07-11","2016-09-06","2016-09-09T20:00Z","2016-09-14T18:30Z","NEON.LTR.HARV038363.20160906","NEON.LTR.HARV038363.20160906.SDS","NEON.DOC.001710vE","Seeds",0.005,"N","","XdV86USKkiYZfb6rmwpnK/f2Yah5qnQO"
"26e2f8d3-5cb9-4efb-a4a9-e9ea94434d53","HARV_038.basePlot.ltr","D01","HARV","HARV_038","HARV_038_363","2016-09-13","2016-07-11","2016-09-06","2016-09-09T20:00Z","2016-09-14T18:30Z","NEON.LTR.HARV038363.20160906","NEON.LTR.HARV038363.20160906.TWI","NEON.DOC.001710vE","Twigs/branches",2.67,"N","","XdV86USKkiYZfb6rmwpnK/f2Yah5qnQO"
"d1015b9c-2950-4adb-9fa0-d04871f75ebd","HARV_038.basePlot.ltr","D01","HARV","HARV_038","HARV_038_363","2016-09-13","2016-07-11","2016-09-06","2016-09-09T20:00Z","2016-09-14T18:30Z","NEON.LTR.HARV038363.20160906","NEON.LTR.HARV038363.20160906.FLR","NEON.DOC.001710vE","Flowers",0.01,"Y","","XdV86USKkiYZfb6rmwpnK/f2Yah5qnQO"
"93490088-aa7d-4e7f-8332-a7e72573d124","HARV_038.basePlot.ltr","D01","HARV","HARV_038","HARV_038_363","2016-09-13","2016-07-11","2016-09-06","2016-09-09T20:00Z","2016-09-14T18:30Z","NEON.LTR.HARV038363.20160906","NEON.LTR.HARV038363.20160906.OTH","NEON.DOC.001710vE","Other",3.58,"N","","XdV86USKkiYZfb6rmwpnK/f2Yah5qnQO"
"ad9a2ff4-70f3-4f89-9e9b-5c0622dabcaa","HARV_035.basePlot.ltr","D01","HARV","HARV_035","HARV_035_402","2016-09-13","2016-07-11","2016-09-06","2016-09-09T20:00Z","2016-09-14T18:30Z","NEON.LTR.HARV035402.20160906","NEON.LTR.HARV035402.20160906.OTH","NEON.DOC.001710vE","Other",5.68,"N","","XdV86USKkiYZfb6rmwpnK/f2Yah5qnQO"
"32134e75-8c14-400e-88d3-a5062b713947","HARV_034.basePlot.ltr","D01","HARV","HARV_034","HARV_034_371","2016-09-13","2016-07-11","2016-09-06","2016-09-09T20:00Z","2016-09-14T18:30Z","NEON.LTR.HARV034371.20160906","NEON.LTR.HARV034371.20160906.NDL","NEON.DOC.001710vE","Needles",6.12,"N","","XdV86USKkiYZfb6rmwpnK/f2Yah5qnQO"
"a433d6f8-ecf3-473d-b76d-068b91a2a3ff","HARV_034.basePlot.ltr","D01","HARV","HARV_034","HARV_034_371","2016-09-13","2016-07-11","2016-09-06","2016-09-09T20:00Z","2016-09-14T18:30Z","NEON.LTR.HARV034371.20160906","NEON.LTR.HARV034371.20160906.OTH","NEON.DOC.001710vE","Other",5.07,"Y","","XdV86USKkiYZfb6rmwpnK/f2Yah5qnQO"
"8825ac07-70ae-4159-8e02-58c4ca8a09c0","HARV_035.basePlot.ltr","D01","HARV","HARV_035","HARV_035_402","2016-09-13","2016-07-11","2016-09-06","2016-09-09T20:00Z","2016-09-14T18:30Z","NEON.LTR.HARV035402.20160906","NEON.LTR.HARV035402.20160906.TWI","NEON.DOC.001710vE","Twigs/branches",0.78,"N","","XdV86USKkiYZfb6rmwpnK/f2Yah5qnQO"
"6a9d97d0-d147-4dc2-a0b6-9407f94cfd19","HARV_035.basePlot.ltr","D01","HARV","HARV_035","HARV_035_402","2016-09-13","2016-07-11","2016-09-06","2016-09-09T20:00Z","2016-09-14T18:30Z","NEON.LTR.HARV035402.20160906","NEON.LTR.HARV035402.20160906.FLR","NEON.DOC.001710vE","Flowers",0,"N","","XdV86USKkiYZfb6rmwpnK/f2Yah5qnQO"
"c843384d-a715-425f-8f4a-30d79acc6da9","HARV_034.basePlot.ltr","D01","HARV","HARV_034","HARV_034_371","2016-09-13","2016-07-11","2016-09-06","2016-09-09T20:00Z","2016-09-14T18:30Z","NEON.LTR.HARV034371.20160906","NEON.LTR.HARV034371.20160906.FLR","NEON.DOC.001710vE","Flowers",0.18,"N","","XdV86USKkiYZfb6rmwpnK/f2Yah5qnQO"
"1398c03d-b06a-4e54-9e81-47b28a81409e","HARV_035.basePlot.ltr","D01","HARV","HARV_035","HARV_035_402","2016-09-13","2016-07-11","2016-09-06","2016-09-09T20:00Z","2016-09-14T18:30Z","NEON.LTR.HARV035402.20160906","NEON.LTR.HARV035402.20160906.SDS","NEON.DOC.001710vE","Seeds",0.005,"N","","XdV86USKkiYZfb6rmwpnK/f2Yah5qnQO"
"a240ad79-68b7-4bf0-9427-20e6d7e4d4fa","HARV_035.basePlot.ltr","D01","HARV","HARV_035","HARV_035_402","2016-09-13","2016-07-11","2016-09-06","2016-09-09T20:00Z","2016-09-14T18:30Z","NEON.LTR.HARV035402.20160906","NEON.LTR.HARV035402.20160906.LVS","NEON.DOC.001710vE","Leaves",1.6,"N","","XdV86USKkiYZfb6rmwpnK/f2Yah5qnQO"
"d8d04d85-74ee-4756-acd3-cd94b4420ba3","HARV_035.basePlot.ltr","D01","HARV","HARV_035","HARV_035_402","2016-09-13","2016-07-11","2016-09-06","2016-09-09T20:00Z","2016-09-14T18:30Z","NEON.LTR.HARV035402.20160906","NEON.LTR.HARV035402.20160906.WDY","NEON.DOC.001710vE","Woody material",0.21,"N","","XdV86USKkiYZfb6rmwpnK/f2Yah5qnQO"
"99bebc33-8e86-4b7d-a18d-bbbe0ed5eb6f","HARV_034.basePlot.ltr","D01","HARV","HARV_034","HARV_034_371","2016-09-13","2016-07-11","2016-09-06","2016-09-09T20:00Z","2016-09-14T18:30Z","NEON.LTR.HARV034371.20160906","NEON.LTR.HARV034371.20160906.LVS","NEON.DOC.001710vE","Leaves",1.15,"N","","XdV86USKkiYZfb6rmwpnK/f2Yah5qnQO"
"bf2ce0fc-7533-4504-b809-03dc5c6e98b7","HARV_034.basePlot.ltr","D01","HARV","HARV_034","HARV_034_371","2016-09-13","2016-07-11","2016-09-06","2016-09-09T20:00Z","2016-09-14T18:30Z","NEON.LTR.HARV034371.20160906","NEON.LTR.HARV034371.20160906.TWI","NEON.DOC.001710vE","Twigs/branches",1.71,"Y","","XdV86USKkiYZfb6rmwpnK/f2Yah5qnQO"
"7517e34d-4af2-4e2e-89c6-146a30c90760","HARV_034.basePlot.ltr","D01","HARV","HARV_034","HARV_034_371","2016-09-13","2016-07-11","2016-09-06","2016-09-09T20:00Z","2016-09-14T18:30Z","NEON.LTR.HARV034371.20160906","NEON.LTR.HARV034371.20160906.WDY","NEON.DOC.001710vE","Woody material",1.76,"N","","XdV86USKkiYZfb6rmwpnK/f2Yah5qnQO"
"c4854f9d-1365-483e-9d8d-804ca4fd0ef7","HARV_034.basePlot.ltr","D01","HARV","HARV_034","HARV_034_371","2016-09-13","2016-07-11","2016-09-06","2016-09-09T20:00Z","2016-09-14T18:30Z","NEON.LTR.HARV034371.20160906","NEON.LTR.HARV034371.20160906.SDS","NEON.DOC.001710vE","Seeds",0,"N","","XdV86USKkiYZfb6rmwpnK/f2Yah5qnQO"
"5f0b2567-0a6a-46eb-9590-d871357a0467","HARV_035.basePlot.ltr","D01","HARV","HARV_035","HARV_035_402","2016-09-13","2016-07-11","2016-09-06","2016-09-09T20:00Z","2016-09-14T18:30Z","NEON.LTR.HARV035402.20160906","NEON.LTR.HARV035402.20160906.NDL","NEON.DOC.001710vE","Needles",4.48,"Y","","XdV86USKkiYZfb6rmwpnK/f2Yah5qnQO"
"d65720d0-3bba-4612-9cbd-efe148121d32","HARV_049.basePlot.ltr","D01","HARV","HARV_049","HARV_049_437","2016-09-13","2016-07-11","2016-09-06","2016-09-09T20:00Z","2016-09-14T18:30Z","NEON.LTR.HARV049437.20160906","NEON.LTR.HARV049437.20160906.NDL","NEON.DOC.001710vE","Needles",2.76,"N","QC0","XdV86USKkiYZfb6rmwpnK/f2Yah5qnQO"
"97cc0a28-34c5-4d93-979a-7c3d41996996","HARV_049.basePlot.ltr","D01","HARV","HARV_049","HARV_049_437","2016-09-13","2016-07-11","2016-09-06","2016-09-09T20:00Z","2016-09-14T18:30Z","NEON.LTR.HARV049437.20160906","NEON.LTR.HARV049437.20160906.WDY","NEON.DOC.001710vE","Woody material",1.34,"N","QC0","XdV86USKkiYZfb6rmwpnK/f2Yah5qnQO"
"f2f92d83-0d5b-4bac-93de-c478ccd8c2ce","HARV_049.basePlot.ltr","D01","HARV","HARV_049","HARV_049_437","2016-09-13","2016-07-11","2016-09-06","2016-09-09T20:00Z","2016-09-14T18:30Z","NEON.LTR.HARV049437.20160906","NEON.LTR.HARV049437.20160906.OTH","NEON.DOC.001710vE","Other",17.24,"N","QC0","XdV86USKkiYZfb6rmwpnK/f2Yah5qnQO"
"3657b098-0010-4f38-99e1-f4bdef48b2b6","HARV_049.basePlot.ltr","D01","HARV","HARV_049","HARV_049_437","2016-09-13","2016-07-11","2016-09-06","2016-09-09T20:00Z","2016-09-14T18:30Z","NEON.LTR.HARV049437.20160906","NEON.LTR.HARV049437.20160906.SDS","NEON.DOC.001710vE","Seeds",0.05,"N","QC0","XdV86USKkiYZfb6rmwpnK/f2Yah5qnQO"
"d3fb2a07-1039-411f-a3f2-b36478714022","HARV_049.basePlot.ltr","D01","HARV","HARV_049","HARV_049_437","2016-09-13","2016-07-11","2016-09-06","2016-09-09T20:00Z","2016-09-14T18:30Z","NEON.LTR.HARV049437.20160906","NEON.LTR.HARV049437.20160906.LVS","NEON.DOC.001710vE","Leaves",1.3,"Y","QC0","XdV86USKkiYZfb6rmwpnK/f2Yah5qnQO"
"c4b1d1da-cd52-49de-a4b7-aae17eeed07e","HARV_049.basePlot.ltr","D01","HARV","HARV_049","HARV_049_437","2016-09-13","2016-07-11","2016-09-06","2016-09-09T20:00Z","2016-09-14T18:30Z","NEON.LTR.HARV049437.20160906","NEON.LTR.HARV049437.20160906.FLR","NEON.DOC.001710vE","Flowers",0.005,"N","QC0","XdV86USKkiYZfb6rmwpnK/f2Yah5qnQO"
"02401618-1ef0-44e0-9e03-c42a19aa20db","HARV_049.basePlot.ltr","D01","HARV","HARV_049","HARV_049_437","2016-09-13","2016-07-11","2016-09-06","2016-09-09T20:00Z","2016-09-14T18:30Z","NEON.LTR.HARV049437.20160906","NEON.LTR.HARV049437.20160906.TWI","NEON.DOC.001710vE","Twigs/branches",0.63,"N","QC0","XdV86USKkiYZfb6rmwpnK/f2Yah5qnQO"
"73cbd143-da2d-4f49-96ab-a1b51bb88b58","HARV_049.basePlot.ltr","D01","HARV","HARV_049","HARV_049_890","2016-09-13","2016-07-11","2016-09-06","2016-09-09T20:00Z","2016-09-14T18:30Z","NEON.LTR.HARV049890.20160906","NEON.LTR.HARV049890.20160906.TWI","NEON.DOC.001710vE","Twigs/branches",1.36,"Y","","XdV86USKkiYZfb6rmwpnK/f2Yah5qnQO"
"1e352b91-7f8d-46ed-a8c2-451f8cc90336","HARV_049.basePlot.ltr","D01","HARV","HARV_049","HARV_049_890","2016-09-13","2016-07-11","2016-09-06","2016-09-09T20:00Z","2016-09-14T18:30Z","NEON.LTR.HARV049890.20160906","NEON.LTR.HARV049890.20160906.LVS","NEON.DOC.001710vE","Leaves",2.79,"Y","","XdV86USKkiYZfb6rmwpnK/f2Yah5qnQO"
"836469ba-fd77-46a1-bfeb-3f969a037445","HARV_049.basePlot.ltr","D01","HARV","HARV_049","HARV_049_890","2016-09-13","2016-07-11","2016-09-06","2016-09-09T20:00Z","2016-09-14T18:30Z","NEON.LTR.HARV049890.20160906","NEON.LTR.HARV049890.20160906.NDL","NEON.DOC.001710vE","Needles",8.23,"N","","XdV86USKkiYZfb6rmwpnK/f2Yah5qnQO"
"deb5173e-cbef-4ac7-aa10-6f4b5c63ad09","HARV_049.basePlot.ltr","D01","HARV","HARV_049","HARV_049_890","2016-09-13","2016-07-11","2016-09-06","2016-09-09T20:00Z","2016-09-14T18:30Z","NEON.LTR.HARV049890.20160906","NEON.LTR.HARV049890.20160906.OTH","NEON.DOC.001710vE","Other",29.45,"N","","XdV86USKkiYZfb6rmwpnK/f2Yah5qnQO"
"9c318e0a-daa3-4bf1-8a61-5e3fcf5ce261","HARV_049.basePlot.ltr","D01","HARV","HARV_049","HARV_049_890","2016-09-13","2016-07-11","2016-09-06","2016-09-09T20:00Z","2016-09-14T18:30Z","NEON.LTR.HARV049890.20160906","NEON.LTR.HARV049890.20160906.WDY","NEON.DOC.001710vE","Woody material",0.13,"N","","XdV86USKkiYZfb6rmwpnK/f2Yah5qnQO"
"1139b63d-c91f-4ddd-b221-5ec82c6e499a","HARV_049.basePlot.ltr","D01","HARV","HARV_049","HARV_049_890","2016-09-13","2016-07-11","2016-09-06","2016-09-09T20:00Z","2016-09-14T18:30Z","NEON.LTR.HARV049890.20160906","NEON.LTR.HARV049890.20160906.SDS","NEON.DOC.001710vE","Seeds",0.005,"N","","XdV86USKkiYZfb6rmwpnK/f2Yah5qnQO"
"946277fc-0463-4ae0-8eb7-e9a117c4ac07","HARV_049.basePlot.ltr","D01","HARV","HARV_049","HARV_049_890","2016-09-13","2016-07-11","2016-09-06","2016-09-09T20:00Z","2016-09-14T18:30Z","NEON.LTR.HARV049890.20160906","NEON.LTR.HARV049890.20160906.FLR","NEON.DOC.001710vE","Flowers",0.005,"N","","XdV86USKkiYZfb6rmwpnK/f2Yah5qnQO"
"4f874d52-92f3-4aae-902f-dae90c270b8d","HARV_041.basePlot.ltr","D01","HARV","HARV_041","HARV_041_264","2016-09-13","2016-07-11","2016-09-06","2016-09-09T20:00Z","2016-09-14T18:30Z","NEON.LTR.HARV041264.20160906","NEON.LTR.HARV041264.20160906.SDS","NEON.DOC.001710vE","Seeds",0.01,"Y","","XdV86USKkiYZfb6rmwpnK/f2Yah5qnQO"
"34964c13-ce6a-4c17-bedf-4cd8504b8c91","HARV_041.basePlot.ltr","D01","HARV","HARV_041","HARV_041_264","2016-09-13","2016-07-11","2016-09-06","2016-09-09T20:00Z","2016-09-14T18:30Z","NEON.LTR.HARV041264.20160906","NEON.LTR.HARV041264.20160906.LVS","NEON.DOC.001710vE","Leaves",0.46,"N","","XdV86USKkiYZfb6rmwpnK/f2Yah5qnQO"
"40c99f33-2346-48f3-b701-da5a931f5572","HARV_041.basePlot.ltr","D01","HARV","HARV_041","HARV_041_264","2016-09-13","2016-07-11","2016-09-06","2016-09-09T20:00Z","2016-09-14T18:30Z","NEON.LTR.HARV041264.20160906","NEON.LTR.HARV041264.20160906.NDL","NEON.DOC.001710vE","Needles",3.6,"N","","XdV86USKkiYZfb6rmwpnK/f2Yah5qnQO"
"4b813e0c-266d-4e55-bfe9-83ca99ed6f0a","HARV_041.basePlot.ltr","D01","HARV","HARV_041","HARV_041_264","2016-09-13","2016-07-11","2016-09-06","2016-09-09T20:00Z","2016-09-14T18:30Z","NEON.LTR.HARV041264.20160906","NEON.LTR.HARV041264.20160906.FLR","NEON.DOC.001710vE","Flowers",0.31,"N","","XdV86USKkiYZfb6rmwpnK/f2Yah5qnQO"
"7a5f235f-195d-4c6b-b515-3aadbc7df8d5","HARV_041.basePlot.ltr","D01","HARV","HARV_041","HARV_041_264","2016-09-13","2016-07-11","2016-09-06","2016-09-09T20:00Z","2016-09-14T18:30Z","NEON.LTR.HARV041264.20160906","NEON.LTR.HARV041264.20160906.WDY","NEON.DOC.001710vE","Woody material",3.83,"N","","XdV86USKkiYZfb6rmwpnK/f2Yah5qnQO"
"551d3172-db69-4237-9493-cfab930300fc","HARV_041.basePlot.ltr","D01","HARV","HARV_041","HARV_041_264","2016-09-13","2016-07-11","2016-09-06","2016-09-09T20:00Z","2016-09-14T18:30Z","NEON.LTR.HARV041264.20160906","NEON.LTR.HARV041264.20160906.TWI","NEON.DOC.001710vE","Twigs/branches",1.57,"Y","","XdV86USKkiYZfb6rmwpnK/f2Yah5qnQO"
"33cffdbd-385f-43e8-a92b-1a8774a69e54","HARV_041.basePlot.ltr","D01","HARV","HARV_041","HARV_041_264","2016-09-13","2016-07-11","2016-09-06","2016-09-09T20:00Z","2016-09-14T18:30Z","NEON.LTR.HARV041264.20160906","NEON.LTR.HARV041264.20160906.OTH","NEON.DOC.001710vE","Other",21.86,"N","","XdV86USKkiYZfb6rmwpnK/f2Yah5qnQO"
"b19fecbe-2063-449e-93eb-226ac622f416","HARV_047.basePlot.ltr","D01","HARV","HARV_047","HARV_047_111","2016-09-13","2016-07-11","2016-09-06","2016-09-09T20:00Z","2016-09-14T18:30Z","NEON.LTR.HARV047111.20160906","NEON.LTR.HARV047111.20160906.WDY","NEON.DOC.001710vE","Woody material",0.005,"N","","XdV86USKkiYZfb6rmwpnK/f2Yah5qnQO"
"62e81058-b935-4faa-9a0f-f6e0cbf3fd88","HARV_047.basePlot.ltr","D01","HARV","HARV_047","HARV_047_111","2016-09-13","2016-07-11","2016-09-06","2016-09-09T20:00Z","2016-09-14T18:30Z","NEON.LTR.HARV047111.20160906","NEON.LTR.HARV047111.20160906.FLR","NEON.DOC.001710vE","Flowers",0.03,"N","","XdV86USKkiYZfb6rmwpnK/f2Yah5qnQO"
"a391259f-bcd5-403f-8554-f5d5eb779c4d","HARV_047.basePlot.ltr","D01","HARV","HARV_047","HARV_047_111","2016-09-13","2016-07-11","2016-09-06","2016-09-09T20:00Z","2016-09-14T18:30Z","NEON.LTR.HARV047111.20160906","NEON.LTR.HARV047111.20160906.TWI","NEON.DOC.001710vE","Twigs/branches",0.72,"N","","XdV86USKkiYZfb6rmwpnK/f2Yah5qnQO"
"babf90e0-f67a-4a33-b16a-9182f45578de","HARV_047.basePlot.ltr","D01","HARV","HARV_047","HARV_047_111","2016-09-13","2016-07-11","2016-09-06","2016-09-09T20:00Z","2016-09-14T18:30Z","NEON.LTR.HARV047111.20160906","NEON.LTR.HARV047111.20160906.SDS","NEON.DOC.001710vE","Seeds",0.06,"N","","XdV86USKkiYZfb6rmwpnK/f2Yah5qnQO"
"c1dadde6-e225-482d-835a-6f4081294a3c","HARV_047.basePlot.ltr","D01","HARV","HARV_047","HARV_047_111","2016-09-13","2016-07-11","2016-09-06","2016-09-09T20:00Z","2016-09-14T18:30Z","NEON.LTR.HARV047111.20160906","NEON.LTR.HARV047111.20160906.LVS","NEON.DOC.001710vE","Leaves",4.47,"N","","XdV86USKkiYZfb6rmwpnK/f2Yah5qnQO"
"6d7e9138-3a5c-4e21-a8c1-908d16cf4469","HARV_047.basePlot.ltr","D01","HARV","HARV_047","HARV_047_111","2016-09-13","2016-07-11","2016-09-06","2016-09-09T20:00Z","2016-09-14T18:30Z","NEON.LTR.HARV047111.20160906","NEON.LTR.HARV047111.20160906.OTH","NEON.DOC.001710vE","Other",0.96,"N","","XdV86USKkiYZfb6rmwpnK/f2Yah5qnQO"
"84682729-e659-4c36-9e8f-6a38855bd012","HARV_047.basePlot.ltr","D01","HARV","HARV_047","HARV_047_111","2016-09-13","2016-07-11","2016-09-06","2016-09-09T20:00Z","2016-09-14T18:30Z","NEON.LTR.HARV047111.20160906","NEON.LTR.HARV047111.20160906.NDL","NEON.DOC.001710vE","Needles",0.03,"N","","XdV86USKkiYZfb6rmwpnK/f2Yah5qnQO"
"ac1eb24e-4f74-49fd-9002-7680f3ff9529","HARV_042.basePlot.ltr","D01","HARV","HARV_042","HARV_042_858","2016-09-13","2016-07-11","2016-09-06","2016-09-09T20:00Z","2016-09-14T18:30Z","NEON.LTR.HARV042858.20160906","NEON.LTR.HARV042858.20160906.FLR","NEON.DOC.001710vE","Flowers",0.78,"N","","XdV86USKkiYZfb6rmwpnK/f2Yah5qnQO"
"0ef5e40c-45c5-4368-b846-f2ff6e58dfae","HARV_036.basePlot.ltr","D01","HARV","HARV_036","HARV_036_426","2016-09-13","2016-07-11","2016-09-06","2016-09-09T20:00Z","2016-09-14T18:30Z","NEON.LTR.HARV036426.20160906","NEON.LTR.HARV036426.20160906.LVS","NEON.DOC.001710vE","Leaves",2.07,"N","","XdV86USKkiYZfb6rmwpnK/f2Yah5qnQO"
"5cea9c93-f8fc-4ee1-b03a-f788fd9ed6e2","HARV_042.basePlot.ltr","D01","HARV","HARV_042","HARV_042_858","2016-09-13","2016-07-11","2016-09-06","2016-09-09T20:00Z","2016-09-14T18:30Z","NEON.LTR.HARV042858.20160906","NEON.LTR.HARV042858.20160906.NDL","NEON.DOC.001710vE","Needles",3.63,"N","","XdV86USKkiYZfb6rmwpnK/f2Yah5qnQO"
"a2159ed9-95de-4798-81d7-3598f7836dc0","HARV_036.basePlot.ltr","D01","HARV","HARV_036","HARV_036_426","2016-09-13","2016-07-11","2016-09-06","2016-09-09T20:00Z","2016-09-14T18:30Z","NEON.LTR.HARV036426.20160906","NEON.LTR.HARV036426.20160906.OTH","NEON.DOC.001710vE","Other",1.35,"N","","XdV86USKkiYZfb6rmwpnK/f2Yah5qnQO"
"96e259c1-8ea4-4890-9791-dd04186a4061","HARV_042.basePlot.ltr","D01","HARV","HARV_042","HARV_042_858","2016-09-13","2016-07-11","2016-09-06","2016-09-09T20:00Z","2016-09-14T18:30Z","NEON.LTR.HARV042858.20160906","NEON.LTR.HARV042858.20160906.WDY","NEON.DOC.001710vE","Woody material",0.26,"N","","XdV86USKkiYZfb6rmwpnK/f2Yah5qnQO"
"9a3cb8fa-1df7-4813-9970-24bf426d0c62","HARV_042.basePlot.ltr","D01","HARV","HARV_042","HARV_042_858","2016-09-13","2016-07-11","2016-09-06","2016-09-09T20:00Z","2016-09-14T18:30Z","NEON.LTR.HARV042858.20160906","NEON.LTR.HARV042858.20160906.SDS","NEON.DOC.001710vE","Seeds",2.41,"N","","XdV86USKkiYZfb6rmwpnK/f2Yah5qnQO"
"4d8de37f-7b52-41a2-9972-3230eab58933","HARV_042.basePlot.ltr","D01","HARV","HARV_042","HARV_042_858","2016-09-13","2016-07-11","2016-09-06","2016-09-09T20:00Z","2016-09-14T18:30Z","NEON.LTR.HARV042858.20160906","NEON.LTR.HARV042858.20160906.OTH","NEON.DOC.001710vE","Other",3.7,"Y","","XdV86USKkiYZfb6rmwpnK/f2Yah5qnQO"
"008a8cce-7daa-4f48-a4df-5445d0121f66","HARV_036.basePlot.ltr","D01","HARV","HARV_036","HARV_036_426","2016-09-13","2016-07-11","2016-09-06","2016-09-09T20:00Z","2016-09-14T18:30Z","NEON.LTR.HARV036426.20160906","NEON.LTR.HARV036426.20160906.NDL","NEON.DOC.001710vE","Needles",0.005,"N","","XdV86USKkiYZfb6rmwpnK/f2Yah5qnQO"
"99542f57-fb28-4c42-970f-8284ff41b815","HARV_036.basePlot.ltr","D01","HARV","HARV_036","HARV_036_426","2016-09-13","2016-07-11","2016-09-06","2016-09-09T20:00Z","2016-09-14T18:30Z","NEON.LTR.HARV036426.20160906","NEON.LTR.HARV036426.20160906.WDY","NEON.DOC.001710vE","Woody material",0.36,"N","","XdV86USKkiYZfb6rmwpnK/f2Yah5qnQO"
"16d98d31-a669-4528-b6d9-2b01cd631fd6","HARV_036.basePlot.ltr","D01","HARV","HARV_036","HARV_036_426","2016-09-13","2016-07-11","2016-09-06","2016-09-09T20:00Z","2016-09-14T18:30Z","NEON.LTR.HARV036426.20160906","NEON.LTR.HARV036426.20160906.FLR","NEON.DOC.001710vE","Flowers",0.005,"N","","XdV86USKkiYZfb6rmwpnK/f2Yah5qnQO"
"8d636a8d-bffe-491b-b69a-e5d8c02eaffc","HARV_036.basePlot.ltr","D01","HARV","HARV_036","HARV_036_426","2016-09-13","2016-07-11","2016-09-06","2016-09-09T20:00Z","2016-09-14T18:30Z","NEON.LTR.HARV036426.20160906","NEON.LTR.HARV036426.20160906.TWI","NEON.DOC.001710vE","Twigs/branches",1.38,"N","","XdV86USKkiYZfb6rmwpnK/f2Yah5qnQO"
"f5e4a490-37dc-4456-a992-bca85a3112cd","HARV_042.basePlot.ltr","D01","HARV","HARV_042","HARV_042_858","2016-09-13","2016-07-11","2016-09-06","2016-09-09T20:00Z","2016-09-14T18:30Z","NEON.LTR.HARV042858.20160906","NEON.LTR.HARV042858.20160906.TWI","NEON.DOC.001710vE","Twigs/branches",0.45,"N","","XdV86USKkiYZfb6rmwpnK/f2Yah5qnQO"
"0cd45289-1a5d-4e3b-9228-631632a94a0f","HARV_042.basePlot.ltr","D01","HARV","HARV_042","HARV_042_858","2016-09-13","2016-07-11","2016-09-06","2016-09-09T20:00Z","2016-09-14T18:30Z","NEON.LTR.HARV042858.20160906","NEON.LTR.HARV042858.20160906.LVS","NEON.DOC.001710vE","Leaves",2.52,"N","","XdV86USKkiYZfb6rmwpnK/f2Yah5qnQO"
"c2162a87-43b1-4a99-94c5-2ea5e297b51b","HARV_036.basePlot.ltr","D01","HARV","HARV_036","HARV_036_426","2016-09-13","2016-07-11","2016-09-06","2016-09-09T20:00Z","2016-09-14T18:30Z","NEON.LTR.HARV036426.20160906","NEON.LTR.HARV036426.20160906.SDS","NEON.DOC.001710vE","Seeds",6.15,"N","","XdV86USKkiYZfb6rmwpnK/f2Yah5qnQO"
"b3aa22e7-1606-4dc2-965e-b53580670db4","HARV_051.basePlot.ltr","D01","HARV","HARV_051","HARV_051_701","2016-09-13","2016-07-11","2016-09-06","2016-09-09T20:00Z","2016-09-14T18:30Z","NEON.LTR.HARV051701.20160906","NEON.LTR.HARV051701.20160906.NDL","NEON.DOC.001710vE","Needles",1.35,"N","","XdV86USKkiYZfb6rmwpnK/f2Yah5qnQO"
"e0534bea-eaf4-4d67-a226-2c1f1f742d94","HARV_051.basePlot.ltr","D01","HARV","HARV_051","HARV_051_701","2016-09-13","2016-07-11","2016-09-06","2016-09-09T20:00Z","2016-09-14T18:30Z","NEON.LTR.HARV051701.20160906","NEON.LTR.HARV051701.20160906.FLR","NEON.DOC.001710vE","Flowers",0.12,"N","","XdV86USKkiYZfb6rmwpnK/f2Yah5qnQO"
"75145118-efd6-45b3-b753-4650f9c933ad","HARV_051.basePlot.ltr","D01","HARV","HARV_051","HARV_051_701","2016-09-13","2016-07-11","2016-09-06","2016-09-09T20:00Z","2016-09-14T18:30Z","NEON.LTR.HARV051701.20160906","NEON.LTR.HARV051701.20160906.LVS","NEON.DOC.001710vE","Leaves",7.27,"N","","XdV86USKkiYZfb6rmwpnK/f2Yah5qnQO"
"9adfc227-eea8-473e-9753-235b7c47fd85","HARV_051.basePlot.ltr","D01","HARV","HARV_051","HARV_051_701","2016-09-13","2016-07-11","2016-09-06","2016-09-09T20:00Z","2016-09-14T18:30Z","NEON.LTR.HARV051701.20160906","NEON.LTR.HARV051701.20160906.SDS","NEON.DOC.001710vE","Seeds",16.19,"N","","XdV86USKkiYZfb6rmwpnK/f2Yah5qnQO"
"ebbdf26b-0c15-4faf-9eca-3123f0105718","HARV_051.basePlot.ltr","D01","HARV","HARV_051","HARV_051_701","2016-09-13","2016-07-11","2016-09-06","2016-09-09T20:00Z","2016-09-14T18:30Z","NEON.LTR.HARV051701.20160906","NEON.LTR.HARV051701.20160906.TWI","NEON.DOC.001710vE","Twigs/branches",1.43,"N","","XdV86USKkiYZfb6rmwpnK/f2Yah5qnQO"
"414a9e53-d7d9-40df-a40a-989a26ded066","HARV_051.basePlot.ltr","D01","HARV","HARV_051","HARV_051_701","2016-09-13","2016-07-11","2016-09-06","2016-09-09T20:00Z","2016-09-14T18:30Z","NEON.LTR.HARV051701.20160906","NEON.LTR.HARV051701.20160906.WDY","NEON.DOC.001710vE","Woody material",5.93,"N","","XdV86USKkiYZfb6rmwpnK/f2Yah5qnQO"
"d3e76f59-1ab1-4b06-a2d5-90f664b706dd","HARV_051.basePlot.ltr","D01","HARV","HARV_051","HARV_051_701","2016-09-13","2016-07-11","2016-09-06","2016-09-09T20:00Z","2016-09-14T18:30Z","NEON.LTR.HARV051701.20160906","NEON.LTR.HARV051701.20160906.OTH","NEON.DOC.001710vE","Other",3.05,"N","","XdV86USKkiYZfb6rmwpnK/f2Yah5qnQO"
"30535008-8a69-4f6c-aac0-27aa6c3de47f","HARV_042.basePlot.ltr","D01","HARV","HARV_042","HARV_042_699","2016-09-13","2016-07-11","2016-09-06","2016-09-09T20:00Z","2016-09-14T18:30Z","NEON.LTR.HARV042699.20160906","NEON.LTR.HARV042699.20160906.LVS","NEON.DOC.001710vE","Leaves",2.73,"N","QC0","XdV86USKkiYZfb6rmwpnK/f2Yah5qnQO"
"f5cee2cf-920b-415a-a7fb-9b714f003b49","HARV_042.basePlot.ltr","D01","HARV","HARV_042","HARV_042_699","2016-09-13","2016-07-11","2016-09-06","2016-09-09T20:00Z","2016-09-14T18:30Z","NEON.LTR.HARV042699.20160906","NEON.LTR.HARV042699.20160906.TWI","NEON.DOC.001710vE","Twigs/branches",2.85,"N","QC0","XdV86USKkiYZfb6rmwpnK/f2Yah5qnQO"
"e9b0783d-96c2-4afe-81b8-a4bde5885c92","HARV_042.basePlot.ltr","D01","HARV","HARV_042","HARV_042_699","2016-09-13","2016-07-11","2016-09-06","2016-09-09T20:00Z","2016-09-14T18:30Z","NEON.LTR.HARV042699.20160906","NEON.LTR.HARV042699.20160906.FLR","NEON.DOC.001710vE","Flowers",0.13,"N","QC0","XdV86USKkiYZfb6rmwpnK/f2Yah5qnQO"
"26e11c60-fe2a-4a0d-9d97-5a56cbf431b0","HARV_042.basePlot.ltr","D01","HARV","HARV_042","HARV_042_699","2016-09-13","2016-07-11","2016-09-06","2016-09-09T20:00Z","2016-09-14T18:30Z","NEON.LTR.HARV042699.20160906","NEON.LTR.HARV042699.20160906.NDL","NEON.DOC.001710vE","Needles",2,"N","QC0","XdV86USKkiYZfb6rmwpnK/f2Yah5qnQO"
"e41b19a8-c72a-47c9-888b-da2f351dad23","HARV_042.basePlot.ltr","D01","HARV","HARV_042","HARV_042_699","2016-09-13","2016-07-11","2016-09-06","2016-09-09T20:00Z","2016-09-14T18:30Z","NEON.LTR.HARV042699.20160906","NEON.LTR.HARV042699.20160906.SDS","NEON.DOC.001710vE","Seeds",5.84,"N","QC0","XdV86USKkiYZfb6rmwpnK/f2Yah5qnQO"
"f734a7fb-2ed0-44ed-85cc-8b23564416e4","HARV_042.basePlot.ltr","D01","HARV","HARV_042","HARV_042_699","2016-09-13","2016-07-11","2016-09-06","2016-09-09T20:00Z","2016-09-14T18:30Z","NEON.LTR.HARV042699.20160906","NEON.LTR.HARV042699.20160906.WDY","NEON.DOC.001710vE","Woody material",0.12,"N","QC0","XdV86USKkiYZfb6rmwpnK/f2Yah5qnQO"
"5e4e271f-b03c-4bec-ae92-0d48a6a9d7ea","HARV_042.basePlot.ltr","D01","HARV","HARV_042","HARV_042_699","2016-09-13","2016-07-11","2016-09-06","2016-09-09T20:00Z","2016-09-14T18:30Z","NEON.LTR.HARV042699.20160906","NEON.LTR.HARV042699.20160906.OTH","NEON.DOC.001710vE","Other",2.48,"N","QC0","XdV86USKkiYZfb6rmwpnK/f2Yah5qnQO"
"b38560be-34b2-4360-9e64-6f6a7435c508","HARV_046.basePlot.ltr","D01","HARV","HARV_046","HARV_046_764","2016-09-13","2016-07-11","2016-09-06","2016-09-09T20:00Z","2016-09-14T18:30Z","NEON.LTR.HARV046764.20160906","NEON.LTR.HARV046764.20160906.FLR","NEON.DOC.001710vE","Flowers",0.005,"N","","XdV86USKkiYZfb6rmwpnK/f2Yah5qnQO"
"697f39dc-4ebd-4600-a270-1f86a1a3d182","HARV_046.basePlot.ltr","D01","HARV","HARV_046","HARV_046_764","2016-09-13","2016-07-11","2016-09-06","2016-09-09T20:00Z","2016-09-14T18:30Z","NEON.LTR.HARV046764.20160906","NEON.LTR.HARV046764.20160906.WDY","NEON.DOC.001710vE","Woody material",0.06,"N","","XdV86USKkiYZfb6rmwpnK/f2Yah5qnQO"
"04a66633-d7df-435d-ab36-0e784688ac0d","HARV_044.basePlot.ltr","D01","HARV","HARV_044","HARV_044_815","2016-09-13","2016-07-11","2016-09-06","2016-09-09T20:00Z","2016-09-14T18:30Z","NEON.LTR.HARV044815.20160906","NEON.LTR.HARV044815.20160906.OTH","NEON.DOC.001710vE","Other",0.28,"Y","","XdV86USKkiYZfb6rmwpnK/f2Yah5qnQO"
"089219de-4ce7-41bc-87b2-cf6dfb77eaab","HARV_046.basePlot.ltr","D01","HARV","HARV_046","HARV_046_764","2016-09-13","2016-07-11","2016-09-06","2016-09-09T20:00Z","2016-09-14T18:30Z","NEON.LTR.HARV046764.20160906","NEON.LTR.HARV046764.20160906.OTH","NEON.DOC.001710vE","Other",0.2,"N","","XdV86USKkiYZfb6rmwpnK/f2Yah5qnQO"
"7906cfa2-4485-496e-84b2-c6c7cdc77ac6","HARV_046.basePlot.ltr","D01","HARV","HARV_046","HARV_046_764","2016-09-13","2016-07-11","2016-09-06","2016-09-09T20:00Z","2016-09-14T18:30Z","NEON.LTR.HARV046764.20160906","NEON.LTR.HARV046764.20160906.LVS","NEON.DOC.001710vE","Leaves",1.55,"N","","XdV86USKkiYZfb6rmwpnK/f2Yah5qnQO"
"68d6b0f0-03e4-4a3b-a3b6-36d57c384357","HARV_046.basePlot.ltr","D01","HARV","HARV_046","HARV_046_764","2016-09-13","2016-07-11","2016-09-06","2016-09-09T20:00Z","2016-09-14T18:30Z","NEON.LTR.HARV046764.20160906","NEON.LTR.HARV046764.20160906.NDL","NEON.DOC.001710vE","Needles",0.44,"N","","XdV86USKkiYZfb6rmwpnK/f2Yah5qnQO"
"6b0bb40f-ecf1-44ba-a755-806da9ec896c","HARV_044.basePlot.ltr","D01","HARV","HARV_044","HARV_044_815","2016-09-13","2016-07-11","2016-09-06","2016-09-09T20:00Z","2016-09-14T18:30Z","NEON.LTR.HARV044815.20160906","NEON.LTR.HARV044815.20160906.FLR","NEON.DOC.001710vE","Flowers",0.06,"N","","XdV86USKkiYZfb6rmwpnK/f2Yah5qnQO"
"aa127efa-d1ac-49a1-af19-a1dbdc6ec728","HARV_046.basePlot.ltr","D01","HARV","HARV_046","HARV_046_764","2016-09-13","2016-07-11","2016-09-06","2016-09-09T20:00Z","2016-09-14T18:30Z","NEON.LTR.HARV046764.20160906","NEON.LTR.HARV046764.20160906.TWI","NEON.DOC.001710vE","Twigs/branches",0.45,"N","","XdV86USKkiYZfb6rmwpnK/f2Yah5qnQO"
"02d45a0a-677f-4930-aaf4-c606652ca56d","HARV_044.basePlot.ltr","D01","HARV","HARV_044","HARV_044_815","2016-09-13","2016-07-11","2016-09-06","2016-09-09T20:00Z","2016-09-14T18:30Z","NEON.LTR.HARV044815.20160906","NEON.LTR.HARV044815.20160906.SDS","NEON.DOC.001710vE","Seeds",0.02,"N","","XdV86USKkiYZfb6rmwpnK/f2Yah5qnQO"
"fabf0b42-9071-452d-81a0-e0bc259d0cf5","HARV_046.basePlot.ltr","D01","HARV","HARV_046","HARV_046_764","2016-09-13","2016-07-11","2016-09-06","2016-09-09T20:00Z","2016-09-14T18:30Z","NEON.LTR.HARV046764.20160906","NEON.LTR.HARV046764.20160906.SDS","NEON.DOC.001710vE","Seeds",0.005,"N","","XdV86USKkiYZfb6rmwpnK/f2Yah5qnQO"
"a21ce363-b8a6-4e27-93c0-15d867d5fa15","HARV_044.basePlot.ltr","D01","HARV","HARV_044","HARV_044_815","2016-09-13","2016-07-11","2016-09-06","2016-09-09T20:00Z","2016-09-14T18:30Z","NEON.LTR.HARV044815.20160906","NEON.LTR.HARV044815.20160906.LVS","NEON.DOC.001710vE","Leaves",1.81,"N","","XdV86USKkiYZfb6rmwpnK/f2Yah5qnQO"
"834c8a68-4dce-480f-9e7e-328a62569b35","HARV_044.basePlot.ltr","D01","HARV","HARV_044","HARV_044_815","2016-09-13","2016-07-11","2016-09-06","2016-09-09T20:00Z","2016-09-14T18:30Z","NEON.LTR.HARV044815.20160906","NEON.LTR.HARV044815.20160906.NDL","NEON.DOC.001710vE","Needles",0.01,"N","","XdV86USKkiYZfb6rmwpnK/f2Yah5qnQO"
"f6cb1cb0-7e48-4611-88d1-cac21ca22dab","HARV_044.basePlot.ltr","D01","HARV","HARV_044","HARV_044_815","2016-09-13","2016-07-11","2016-09-06","2016-09-09T20:00Z","2016-09-14T18:30Z","NEON.LTR.HARV044815.20160906","NEON.LTR.HARV044815.20160906.WDY","NEON.DOC.001710vE","Woody material",0.04,"N","","XdV86USKkiYZfb6rmwpnK/f2Yah5qnQO"
"2177476e-0d80-4022-93d7-aec5bb736882","HARV_044.basePlot.ltr","D01","HARV","HARV_044","HARV_044_815","2016-09-13","2016-07-11","2016-09-06","2016-09-09T20:00Z","2016-09-14T18:30Z","NEON.LTR.HARV044815.20160906","NEON.LTR.HARV044815.20160906.TWI","NEON.DOC.001710vE","Twigs/branches",0.11,"N","","XdV86USKkiYZfb6rmwpnK/f2Yah5qnQO"
"821d9597-c353-41de-aa7a-a04158b1ab0e","HARV_044.basePlot.ltr","D01","HARV","HARV_044","HARV_044_111","2016-09-13","2016-07-11","2016-09-06","2016-09-09T20:00Z","2016-09-14T18:30Z","NEON.LTR.HARV044111.20160906","NEON.LTR.HARV044111.20160906.WDY","NEON.DOC.001710vE","Woody material",0.15,"N","","XdV86USKkiYZfb6rmwpnK/f2Yah5qnQO"
"487f8228-ce96-44a6-be30-faa43328b1c7","HARV_044.basePlot.ltr","D01","HARV","HARV_044","HARV_044_111","2016-09-13","2016-07-11","2016-09-06","2016-09-09T20:00Z","2016-09-14T18:30Z","NEON.LTR.HARV044111.20160906","NEON.LTR.HARV044111.20160906.SDS","NEON.DOC.001710vE","Seeds",0.005,"N","","XdV86USKkiYZfb6rmwpnK/f2Yah5qnQO"
"535e8e29-5ef1-445f-804e-31ec7af8b889","HARV_044.basePlot.ltr","D01","HARV","HARV_044","HARV_044_111","2016-09-13","2016-07-11","2016-09-06","2016-09-09T20:00Z","2016-09-14T18:30Z","NEON.LTR.HARV044111.20160906","NEON.LTR.HARV044111.20160906.LVS","NEON.DOC.001710vE","Leaves",0.85,"Y","","XdV86USKkiYZfb6rmwpnK/f2Yah5qnQO"
"59f92a2d-469e-4362-9b04-c64c298afc9a","HARV_044.basePlot.ltr","D01","HARV","HARV_044","HARV_044_111","2016-09-13","2016-07-11","2016-09-06","2016-09-09T20:00Z","2016-09-14T18:30Z","NEON.LTR.HARV044111.20160906","NEON.LTR.HARV044111.20160906.FLR","NEON.DOC.001710vE","Flowers",0.1,"N","","XdV86USKkiYZfb6rmwpnK/f2Yah5qnQO"
"91e789cb-2b61-4a9d-ba5f-c218fe17545e","HARV_044.basePlot.ltr","D01","HARV","HARV_044","HARV_044_111","2016-09-13","2016-07-11","2016-09-06","2016-09-09T20:00Z","2016-09-14T18:30Z","NEON.LTR.HARV044111.20160906","NEON.LTR.HARV044111.20160906.NDL","NEON.DOC.001710vE","Needles",0.89,"N","","XdV86USKkiYZfb6rmwpnK/f2Yah5qnQO"
"196681fa-dae7-49e5-bbd1-39fe4f41c915","HARV_044.basePlot.ltr","D01","HARV","HARV_044","HARV_044_111","2016-09-13","2016-07-11","2016-09-06","2016-09-09T20:00Z","2016-09-14T18:30Z","NEON.LTR.HARV044111.20160906","NEON.LTR.HARV044111.20160906.TWI","NEON.DOC.001710vE","Twigs/branches",0.39,"N","","XdV86USKkiYZfb6rmwpnK/f2Yah5qnQO"
"8e152fef-2a64-4aca-bd23-f3d8eac8fd41","HARV_044.basePlot.ltr","D01","HARV","HARV_044","HARV_044_111","2016-09-13","2016-07-11","2016-09-06","2016-09-09T20:00Z","2016-09-14T18:30Z","NEON.LTR.HARV044111.20160906","NEON.LTR.HARV044111.20160906.OTH","NEON.DOC.001710vE","Other",0.76,"N","","XdV86USKkiYZfb6rmwpnK/f2Yah5qnQO"
"f3dda1c4-0804-49ac-bb0e-7307c5ea14e7","HARV_041.basePlot.ltr","D01","HARV","HARV_041","HARV_041_620","2016-09-13","2016-07-11","2016-09-06","2016-09-09T20:00Z","2016-09-14T18:30Z","NEON.LTR.HARV041620.20160906","NEON.LTR.HARV041620.20160906.SDS","NEON.DOC.001710vE","Seeds",0.005,"N","","XdV86USKkiYZfb6rmwpnK/f2Yah5qnQO"
"f623611b-efca-420a-93e8-076869345bc1","HARV_038.basePlot.ltr","D01","HARV","HARV_038","HARV_038_543","2016-09-13","2016-07-11","2016-09-06","2016-09-09T20:00Z","2016-09-14T18:30Z","NEON.LTR.HARV038543.20160906","NEON.LTR.HARV038543.20160906.TWI","NEON.DOC.001710vE","Twigs/branches",0.39,"N","","XdV86USKkiYZfb6rmwpnK/f2Yah5qnQO"
"a2d09051-8a37-46f4-ba1a-a225750c3926","HARV_041.basePlot.ltr","D01","HARV","HARV_041","HARV_041_620","2016-09-13","2016-07-11","2016-09-06","2016-09-09T20:00Z","2016-09-14T18:30Z","NEON.LTR.HARV041620.20160906","NEON.LTR.HARV041620.20160906.OTH","NEON.DOC.001710vE","Other",13.64,"N","","XdV86USKkiYZfb6rmwpnK/f2Yah5qnQO"
"fa5e3875-a52d-4d9a-b211-96062d350816","HARV_041.basePlot.ltr","D01","HARV","HARV_041","HARV_041_620","2016-09-13","2016-07-11","2016-09-06","2016-09-09T20:00Z","2016-09-14T18:30Z","NEON.LTR.HARV041620.20160906","NEON.LTR.HARV041620.20160906.FLR","NEON.DOC.001710vE","Flowers",0.1,"N","","XdV86USKkiYZfb6rmwpnK/f2Yah5qnQO"
"9cc7b4fb-d323-4f76-b681-f4ce53c8dbfc","HARV_038.basePlot.ltr","D01","HARV","HARV_038","HARV_038_543","2016-09-13","2016-07-11","2016-09-06","2016-09-09T20:00Z","2016-09-14T18:30Z","NEON.LTR.HARV038543.20160906","NEON.LTR.HARV038543.20160906.WDY","NEON.DOC.001710vE","Woody material",0.005,"N","","XdV86USKkiYZfb6rmwpnK/f2Yah5qnQO"
"8229c982-9a93-4016-a823-6295dbb114f1","HARV_038.basePlot.ltr","D01","HARV","HARV_038","HARV_038_543","2016-09-13","2016-07-11","2016-09-06","2016-09-09T20:00Z","2016-09-14T18:30Z","NEON.LTR.HARV038543.20160906","NEON.LTR.HARV038543.20160906.NDL","NEON.DOC.001710vE","Needles",3.58,"N","","XdV86USKkiYZfb6rmwpnK/f2Yah5qnQO"
"c6613233-fafc-41c5-b650-23e4a3b7649c","HARV_041.basePlot.ltr","D01","HARV","HARV_041","HARV_041_620","2016-09-13","2016-07-11","2016-09-06","2016-09-09T20:00Z","2016-09-14T18:30Z","NEON.LTR.HARV041620.20160906","NEON.LTR.HARV041620.20160906.LVS","NEON.DOC.001710vE","Leaves",2.88,"N","","XdV86USKkiYZfb6rmwpnK/f2Yah5qnQO"
"311f8961-947f-4a08-9e5e-a9ebc4ac96a1","HARV_038.basePlot.ltr","D01","HARV","HARV_038","HARV_038_543","2016-09-13","2016-07-11","2016-09-06","2016-09-09T20:00Z","2016-09-14T18:30Z","NEON.LTR.HARV038543.20160906","NEON.LTR.HARV038543.20160906.FLR","NEON.DOC.001710vE","Flowers",0.005,"N","","XdV86USKkiYZfb6rmwpnK/f2Yah5qnQO"
"46cd414e-b3c8-4fe6-a1a7-71d0a1376649","HARV_041.basePlot.ltr","D01","HARV","HARV_041","HARV_041_620","2016-09-13","2016-07-11","2016-09-06","2016-09-09T20:00Z","2016-09-14T18:30Z","NEON.LTR.HARV041620.20160906","NEON.LTR.HARV041620.20160906.WDY","NEON.DOC.001710vE","Woody material",0.005,"N","","XdV86USKkiYZfb6rmwpnK/f2Yah5qnQO"
"6bb42e83-a051-462b-b14f-b6c49ed3ae64","HARV_041.basePlot.ltr","D01","HARV","HARV_041","HARV_041_620","2016-09-13","2016-07-11","2016-09-06","2016-09-09T20:00Z","2016-09-14T18:30Z","NEON.LTR.HARV041620.20160906","NEON.LTR.HARV041620.20160906.NDL","NEON.DOC.001710vE","Needles",2.1,"N","","XdV86USKkiYZfb6rmwpnK/f2Yah5qnQO"
"131552f8-8ae3-48f2-bcd1-a96a577867f0","HARV_041.basePlot.ltr","D01","HARV","HARV_041","HARV_041_620","2016-09-13","2016-07-11","2016-09-06","2016-09-09T20:00Z","2016-09-14T18:30Z","NEON.LTR.HARV041620.20160906","NEON.LTR.HARV041620.20160906.TWI","NEON.DOC.001710vE","Twigs/branches",1.24,"N","","XdV86USKkiYZfb6rmwpnK/f2Yah5qnQO"
"76a83412-b6c6-4793-9e6e-d4772bb279e8","HARV_038.basePlot.ltr","D01","HARV","HARV_038","HARV_038_543","2016-09-13","2016-07-11","2016-09-06","2016-09-09T20:00Z","2016-09-14T18:30Z","NEON.LTR.HARV038543.20160906","NEON.LTR.HARV038543.20160906.LVS","NEON.DOC.001710vE","Leaves",1.52,"N","","XdV86USKkiYZfb6rmwpnK/f2Yah5qnQO"
"5518a31a-0209-425f-bf16-fcc75b7f0e11","HARV_038.basePlot.ltr","D01","HARV","HARV_038","HARV_038_543","2016-09-13","2016-07-11","2016-09-06","2016-09-09T20:00Z","2016-09-14T18:30Z","NEON.LTR.HARV038543.20160906","NEON.LTR.HARV038543.20160906.SDS","NEON.DOC.001710vE","Seeds",0.3,"N","","XdV86USKkiYZfb6rmwpnK/f2Yah5qnQO"
"c4c1715a-4f80-4a0c-823b-1f31c0805ea2","HARV_038.basePlot.ltr","D01","HARV","HARV_038","HARV_038_543","2016-09-13","2016-07-11","2016-09-06","2016-09-09T20:00Z","2016-09-14T18:30Z","NEON.LTR.HARV038543.20160906","NEON.LTR.HARV038543.20160906.OTH","NEON.DOC.001710vE","Other",9.3,"N","","XdV86USKkiYZfb6rmwpnK/f2Yah5qnQO"
"60b89572-375c-4c4d-8dc0-d0ac1ff2bd65","HARV_035.basePlot.ltr","D01","HARV","HARV_035","HARV_035_120","2016-09-13","2016-07-11","2016-09-06","2016-09-09T20:00Z","2016-09-14T18:30Z","NEON.LTR.HARV035120.20160906","NEON.LTR.HARV035120.20160906.TWI","NEON.DOC.001710vE","Twigs/branches",0.51,"N","","XdV86USKkiYZfb6rmwpnK/f2Yah5qnQO"
"2650a6fe-d3c6-406f-9e08-1c43fa215938","HARV_035.basePlot.ltr","D01","HARV","HARV_035","HARV_035_120","2016-09-13","2016-07-11","2016-09-06","2016-09-09T20:00Z","2016-09-14T18:30Z","NEON.LTR.HARV035120.20160906","NEON.LTR.HARV035120.20160906.FLR","NEON.DOC.001710vE","Flowers",0.01,"N","","XdV86USKkiYZfb6rmwpnK/f2Yah5qnQO"
"8e55490a-725e-434a-acaf-4fb213c3d38d","HARV_035.basePlot.ltr","D01","HARV","HARV_035","HARV_035_120","2016-09-13","2016-07-11","2016-09-06","2016-09-09T20:00Z","2016-09-14T18:30Z","NEON.LTR.HARV035120.20160906","NEON.LTR.HARV035120.20160906.OTH","NEON.DOC.001710vE","Other",6.84,"N","","XdV86USKkiYZfb6rmwpnK/f2Yah5qnQO"
"81734f7e-e140-4778-8321-4f4cf79626f1","HARV_035.basePlot.ltr","D01","HARV","HARV_035","HARV_035_120","2016-09-13","2016-07-11","2016-09-06","2016-09-09T20:00Z","2016-09-14T18:30Z","NEON.LTR.HARV035120.20160906","NEON.LTR.HARV035120.20160906.LVS","NEON.DOC.001710vE","Leaves",2.09,"N","","XdV86USKkiYZfb6rmwpnK/f2Yah5qnQO"
"dd1e6982-e67a-4960-b94a-1bc24acf95ec","HARV_035.basePlot.ltr","D01","HARV","HARV_035","HARV_035_120","2016-09-13","2016-07-11","2016-09-06","2016-09-09T20:00Z","2016-09-14T18:30Z","NEON.LTR.HARV035120.20160906","NEON.LTR.HARV035120.20160906.WDY","NEON.DOC.001710vE","Woody material",0.07,"N","","XdV86USKkiYZfb6rmwpnK/f2Yah5qnQO"
"0edbf4d8-4b9f-436e-be86-07e4ba04587d","HARV_035.basePlot.ltr","D01","HARV","HARV_035","HARV_035_120","2016-09-13","2016-07-11","2016-09-06","2016-09-09T20:00Z","2016-09-14T18:30Z","NEON.LTR.HARV035120.20160906","NEON.LTR.HARV035120.20160906.SDS","NEON.DOC.001710vE","Seeds",0.005,"Y","","XdV86USKkiYZfb6rmwpnK/f2Yah5qnQO"
"93b4e58f-89d2-49fb-b8d0-c0990c9680eb","HARV_035.basePlot.ltr","D01","HARV","HARV_035","HARV_035_120","2016-09-13","2016-07-11","2016-09-06","2016-09-09T20:00Z","2016-09-14T18:30Z","NEON.LTR.HARV035120.20160906","NEON.LTR.HARV035120.20160906.NDL","NEON.DOC.001710vE","Needles",1.42,"N","","XdV86USKkiYZfb6rmwpnK/f2Yah5qnQO"
"09b45208-f360-4e50-8ef5-0e218c71faf6","HARV_039.basePlot.ltr","D01","HARV","HARV_039","HARV_039_660","2016-09-13","2016-07-11","2016-09-06","2016-09-09T20:00Z","2016-09-14T18:30Z","NEON.LTR.HARV039660.20160906","NEON.LTR.HARV039660.20160906.OTH","NEON.DOC.001710vE","Other",2.17,"N","","XdV86USKkiYZfb6rmwpnK/f2Yah5qnQO"
"d9e1b39d-5e58-4c17-b8ca-a212ad1180bc","HARV_039.basePlot.ltr","D01","HARV","HARV_039","HARV_039_660","2016-09-13","2016-07-11","2016-09-06","2016-09-09T20:00Z","2016-09-14T18:30Z","NEON.LTR.HARV039660.20160906","NEON.LTR.HARV039660.20160906.WDY","NEON.DOC.001710vE","Woody material",3.46,"N","","XdV86USKkiYZfb6rmwpnK/f2Yah5qnQO"
"f17cb05f-b59a-4d27-a022-76145670d9bb","HARV_039.basePlot.ltr","D01","HARV","HARV_039","HARV_039_660","2016-09-13","2016-07-11","2016-09-06","2016-09-09T20:00Z","2016-09-14T18:30Z","NEON.LTR.HARV039660.20160906","NEON.LTR.HARV039660.20160906.FLR","NEON.DOC.001710vE","Flowers",0.54,"Y","","XdV86USKkiYZfb6rmwpnK/f2Yah5qnQO"
"cfe2888b-4d35-4839-81db-418dccab339e","HARV_039.basePlot.ltr","D01","HARV","HARV_039","HARV_039_660","2016-09-13","2016-07-11","2016-09-06","2016-09-09T20:00Z","2016-09-14T18:30Z","NEON.LTR.HARV039660.20160906","NEON.LTR.HARV039660.20160906.SDS","NEON.DOC.001710vE","Seeds",0.03,"N","","XdV86USKkiYZfb6rmwpnK/f2Yah5qnQO"
"4701517a-4156-44dc-bb2d-378a93fd1de3","HARV_039.basePlot.ltr","D01","HARV","HARV_039","HARV_039_660","2016-09-13","2016-07-11","2016-09-06","2016-09-09T20:00Z","2016-09-14T18:30Z","NEON.LTR.HARV039660.20160906","NEON.LTR.HARV039660.20160906.LVS","NEON.DOC.001710vE","Leaves",0.6,"N","","XdV86USKkiYZfb6rmwpnK/f2Yah5qnQO"
"ecd7ac15-d779-43d0-b6b1-352f0e368e36","HARV_039.basePlot.ltr","D01","HARV","HARV_039","HARV_039_660","2016-09-13","2016-07-11","2016-09-06","2016-09-09T20:00Z","2016-09-14T18:30Z","NEON.LTR.HARV039660.20160906","NEON.LTR.HARV039660.20160906.NDL","NEON.DOC.001710vE","Needles",3.76,"N","","XdV86USKkiYZfb6rmwpnK/f2Yah5qnQO"
"59281364-a911-4030-87e2-7119c04afe99","HARV_039.basePlot.ltr","D01","HARV","HARV_039","HARV_039_660","2016-09-13","2016-07-11","2016-09-06","2016-09-09T20:00Z","2016-09-14T18:30Z","NEON.LTR.HARV039660.20160906","NEON.LTR.HARV039660.20160906.TWI","NEON.DOC.001710vE","Twigs/branches",0,"N","","XdV86USKkiYZfb6rmwpnK/f2Yah5qnQO"
"2b11502d-a68f-40f5-bb38-99e3bda70c08","HARV_050.basePlot.ltr","D01","HARV","HARV_050","HARV_050_043","2016-09-13","2016-07-11","2016-09-06","2016-09-09T20:00Z","2016-09-14T18:30Z","NEON.LTR.HARV050043.20160906","NEON.LTR.HARV050043.20160906.LVS","NEON.DOC.001710vE","Leaves",1.41,"N","","XdV86USKkiYZfb6rmwpnK/f2Yah5qnQO"
"9293aa2b-b2d3-4bcc-bdd6-98c2b511312d","HARV_050.basePlot.ltr","D01","HARV","HARV_050","HARV_050_043","2016-09-13","2016-07-11","2016-09-06","2016-09-09T20:00Z","2016-09-14T18:30Z","NEON.LTR.HARV050043.20160906","NEON.LTR.HARV050043.20160906.WDY","NEON.DOC.001710vE","Woody material",0.12,"Y","","XdV86USKkiYZfb6rmwpnK/f2Yah5qnQO"
"4c973001-cfe4-415d-bd07-42cab79dba40","HARV_050.basePlot.ltr","D01","HARV","HARV_050","HARV_050_043","2016-09-13","2016-07-11","2016-09-06","2016-09-09T20:00Z","2016-09-14T18:30Z","NEON.LTR.HARV050043.20160906","NEON.LTR.HARV050043.20160906.TWI","NEON.DOC.001710vE","Twigs/branches",5.55,"N","","XdV86USKkiYZfb6rmwpnK/f2Yah5qnQO"
"af77063d-84c9-4a6d-9067-f50b725d3fff","HARV_050.basePlot.ltr","D01","HARV","HARV_050","HARV_050_043","2016-09-13","2016-07-11","2016-09-06","2016-09-09T20:00Z","2016-09-14T18:30Z","NEON.LTR.HARV050043.20160906","NEON.LTR.HARV050043.20160906.SDS","NEON.DOC.001710vE","Seeds",6.1,"N","","XdV86USKkiYZfb6rmwpnK/f2Yah5qnQO"
"dd03deca-eed3-453d-8a6e-0fe54ed0e717","HARV_050.basePlot.ltr","D01","HARV","HARV_050","HARV_050_043","2016-09-13","2016-07-11","2016-09-06","2016-09-09T20:00Z","2016-09-14T18:30Z","NEON.LTR.HARV050043.20160906","NEON.LTR.HARV050043.20160906.FLR","NEON.DOC.001710vE","Flowers",0.28,"Y","","XdV86USKkiYZfb6rmwpnK/f2Yah5qnQO"
"84a59ee5-140b-4add-bbd7-1dcb480f4f12","HARV_050.basePlot.ltr","D01","HARV","HARV_050","HARV_050_043","2016-09-13","2016-07-11","2016-09-06","2016-09-09T20:00Z","2016-09-14T18:30Z","NEON.LTR.HARV050043.20160906","NEON.LTR.HARV050043.20160906.NDL","NEON.DOC.001710vE","Needles",2.5,"N","","XdV86USKkiYZfb6rmwpnK/f2Yah5qnQO"
"c2f16201-17b6-407d-82e2-3e2e241d30b3","HARV_050.basePlot.ltr","D01","HARV","HARV_050","HARV_050_043","2016-09-13","2016-07-11","2016-09-06","2016-09-09T20:00Z","2016-09-14T18:30Z","NEON.LTR.HARV050043.20160906","NEON.LTR.HARV050043.20160906.OTH","NEON.DOC.001710vE","Other",4.28,"N","","XdV86USKkiYZfb6rmwpnK/f2Yah5qnQO"
"44b62e02-0326-40cc-a3b2-9cbf28ec6c58","HARV_037.basePlot.ltr","D01","HARV","HARV_037","HARV_037_292","2016-09-13","2016-07-11","2016-09-06","2016-09-09T20:00Z","2016-09-14T18:30Z","NEON.LTR.HARV037292.20160906","NEON.LTR.HARV037292.20160906.TWI","NEON.DOC.001710vE","Twigs/branches",0.92,"N","","XdV86USKkiYZfb6rmwpnK/f2Yah5qnQO"
"f3397e3c-6a96-4e26-a7ae-25f54c0464e3","HARV_034.basePlot.ltr","D01","HARV","HARV_034","HARV_034_608","2016-09-13","2016-07-11","2016-09-06","2016-09-09T20:00Z","2016-09-14T18:30Z","NEON.LTR.HARV034608.20160906","NEON.LTR.HARV034608.20160906.WDY","NEON.DOC.001710vE","Woody material",15.59,"N","","XdV86USKkiYZfb6rmwpnK/f2Yah5qnQO"
"709b02c4-c726-4cb7-9608-0bfd80012de4","HARV_037.basePlot.ltr","D01","HARV","HARV_037","HARV_037_292","2016-09-13","2016-07-11","2016-09-06","2016-09-09T20:00Z","2016-09-14T18:30Z","NEON.LTR.HARV037292.20160906","NEON.LTR.HARV037292.20160906.NDL","NEON.DOC.001710vE","Needles",3.56,"Y","","XdV86USKkiYZfb6rmwpnK/f2Yah5qnQO"
"3c5bb968-9cd9-4e74-ba96-1e69c0f531ce","HARV_034.basePlot.ltr","D01","HARV","HARV_034","HARV_034_608","2016-09-13","2016-07-11","2016-09-06","2016-09-09T20:00Z","2016-09-14T18:30Z","NEON.LTR.HARV034608.20160906","NEON.LTR.HARV034608.20160906.NDL","NEON.DOC.001710vE","Needles",2.76,"N","","XdV86USKkiYZfb6rmwpnK/f2Yah5qnQO"
"7a4ac730-8fb7-4e37-8c5c-484756b30099","HARV_037.basePlot.ltr","D01","HARV","HARV_037","HARV_037_292","2016-09-13","2016-07-11","2016-09-06","2016-09-09T20:00Z","2016-09-14T18:30Z","NEON.LTR.HARV037292.20160906","NEON.LTR.HARV037292.20160906.FLR","NEON.DOC.001710vE","Flowers",0.08,"N","","XdV86USKkiYZfb6rmwpnK/f2Yah5qnQO"
"c8284904-47e8-4693-aca8-6ff625b7e30a","HARV_037.basePlot.ltr","D01","HARV","HARV_037","HARV_037_292","2016-09-13","2016-07-11","2016-09-06","2016-09-09T20:00Z","2016-09-14T18:30Z","NEON.LTR.HARV037292.20160906","NEON.LTR.HARV037292.20160906.WDY","NEON.DOC.001710vE","Woody material",0.17,"N","","XdV86USKkiYZfb6rmwpnK/f2Yah5qnQO"
"d6401dc1-4865-430b-a3c7-6499645e6b03","HARV_034.basePlot.ltr","D01","HARV","HARV_034","HARV_034_608","2016-09-13","2016-07-11","2016-09-06","2016-09-09T20:00Z","2016-09-14T18:30Z","NEON.LTR.HARV034608.20160906","NEON.LTR.HARV034608.20160906.LVS","NEON.DOC.001710vE","Leaves",0.7,"N","","XdV86USKkiYZfb6rmwpnK/f2Yah5qnQO"
"208b494f-d5b1-4dfa-9511-fba8fc6b4b3b","HARV_037.basePlot.ltr","D01","HARV","HARV_037","HARV_037_292","2016-09-13","2016-07-11","2016-09-06","2016-09-09T20:00Z","2016-09-14T18:30Z","NEON.LTR.HARV037292.20160906","NEON.LTR.HARV037292.20160906.LVS","NEON.DOC.001710vE","Leaves",1.67,"N","","XdV86USKkiYZfb6rmwpnK/f2Yah5qnQO"
"4924d823-e6ed-4117-a599-4839d902bc93","HARV_034.basePlot.ltr","D01","HARV","HARV_034","HARV_034_608","2016-09-13","2016-07-11","2016-09-06","2016-09-09T20:00Z","2016-09-14T18:30Z","NEON.LTR.HARV034608.20160906","NEON.LTR.HARV034608.20160906.FLR","NEON.DOC.001710vE","Flowers",0.19,"N","","XdV86USKkiYZfb6rmwpnK/f2Yah5qnQO"
"993edbda-33b8-4abb-a0a4-3249d7485e5f","HARV_034.basePlot.ltr","D01","HARV","HARV_034","HARV_034_608","2016-09-13","2016-07-11","2016-09-06","2016-09-09T20:00Z","2016-09-14T18:30Z","NEON.LTR.HARV034608.20160906","NEON.LTR.HARV034608.20160906.TWI","NEON.DOC.001710vE","Twigs/branches",0.3,"N","","XdV86USKkiYZfb6rmwpnK/f2Yah5qnQO"
"98832b56-29d1-4ddc-8597-48fc0847a6a8","HARV_037.basePlot.ltr","D01","HARV","HARV_037","HARV_037_292","2016-09-13","2016-07-11","2016-09-06","2016-09-09T20:00Z","2016-09-14T18:30Z","NEON.LTR.HARV037292.20160906","NEON.LTR.HARV037292.20160906.SDS","NEON.DOC.001710vE","Seeds",1.33,"N","","XdV86USKkiYZfb6rmwpnK/f2Yah5qnQO"
"ef9ddb0f-8025-4ea9-a172-07a91f2aaf4e","HARV_034.basePlot.ltr","D01","HARV","HARV_034","HARV_034_608","2016-09-13","2016-07-11","2016-09-06","2016-09-09T20:00Z","2016-09-14T18:30Z","NEON.LTR.HARV034608.20160906","NEON.LTR.HARV034608.20160906.SDS","NEON.DOC.001710vE","Seeds",0.005,"N","","XdV86USKkiYZfb6rmwpnK/f2Yah5qnQO"
"cf407c2c-3286-49df-9a14-f9ccb9cb497d","HARV_034.basePlot.ltr","D01","HARV","HARV_034","HARV_034_608","2016-09-13","2016-07-11","2016-09-06","2016-09-09T20:00Z","2016-09-14T18:30Z","NEON.LTR.HARV034608.20160906","NEON.LTR.HARV034608.20160906.OTH","NEON.DOC.001710vE","Other",8.7,"Y","","XdV86USKkiYZfb6rmwpnK/f2Yah5qnQO"
"0bc5d95b-0cc8-4209-b5e2-3ab94704e659","HARV_037.basePlot.ltr","D01","HARV","HARV_037","HARV_037_292","2016-09-13","2016-07-11","2016-09-06","2016-09-09T20:00Z","2016-09-14T18:30Z","NEON.LTR.HARV037292.20160906","NEON.LTR.HARV037292.20160906.OTH","NEON.DOC.001710vE","Other",4.34,"N","","XdV86USKkiYZfb6rmwpnK/f2Yah5qnQO"
"3d6f2f02-0967-438c-868c-6e9851e227f7","HARV_050.basePlot.ltr","D01","HARV","HARV_050","HARV_050_947","2016-09-13","2016-07-11","2016-09-06","2016-09-09T20:00Z","2016-09-14T18:30Z","NEON.LTR.HARV050947.20160906","NEON.LTR.HARV050947.20160906.TWI","NEON.DOC.001710vE","Twigs/branches",0.48,"N","","XdV86USKkiYZfb6rmwpnK/f2Yah5qnQO"
"2daacf00-9ff1-4e23-99f1-f6ddcc0475c3","HARV_050.basePlot.ltr","D01","HARV","HARV_050","HARV_050_947","2016-09-13","2016-07-11","2016-09-06","2016-09-09T20:00Z","2016-09-14T18:30Z","NEON.LTR.HARV050947.20160906","NEON.LTR.HARV050947.20160906.WDY","NEON.DOC.001710vE","Woody material",0.68,"N","","XdV86USKkiYZfb6rmwpnK/f2Yah5qnQO"
"96524c7f-b66b-4150-9f7e-cbd20edd8c80","HARV_050.basePlot.ltr","D01","HARV","HARV_050","HARV_050_947","2016-09-13","2016-07-11","2016-09-06","2016-09-09T20:00Z","2016-09-14T18:30Z","NEON.LTR.HARV050947.20160906","NEON.LTR.HARV050947.20160906.LVS","NEON.DOC.001710vE","Leaves",1.56,"N","","XdV86USKkiYZfb6rmwpnK/f2Yah5qnQO"
"da1a4a2b-59ce-404d-9fce-d31ef6cd7ba7","HARV_050.basePlot.ltr","D01","HARV","HARV_050","HARV_050_947","2016-09-13","2016-07-11","2016-09-06","2016-09-09T20:00Z","2016-09-14T18:30Z","NEON.LTR.HARV050947.20160906","NEON.LTR.HARV050947.20160906.NDL","NEON.DOC.001710vE","Needles",3.94,"Y","","XdV86USKkiYZfb6rmwpnK/f2Yah5qnQO"
"af7201ec-9521-4f61-8f71-9b656060653b","HARV_050.basePlot.ltr","D01","HARV","HARV_050","HARV_050_947","2016-09-13","2016-07-11","2016-09-06","2016-09-09T20:00Z","2016-09-14T18:30Z","NEON.LTR.HARV050947.20160906","NEON.LTR.HARV050947.20160906.FLR","NEON.DOC.001710vE","Flowers",0.31,"N","","XdV86USKkiYZfb6rmwpnK/f2Yah5qnQO"
"fdba7981-a5fe-40f0-8c98-9b3163d4cbc1","HARV_050.basePlot.ltr","D01","HARV","HARV_050","HARV_050_947","2016-09-13","2016-07-11","2016-09-06","2016-09-09T20:00Z","2016-09-14T18:30Z","NEON.LTR.HARV050947.20160906","NEON.LTR.HARV050947.20160906.SDS","NEON.DOC.001710vE","Seeds",0,"N","","XdV86USKkiYZfb6rmwpnK/f2Yah5qnQO"
"5c3db857-42e3-43d5-b931-f283e0852c33","HARV_050.basePlot.ltr","D01","HARV","HARV_050","HARV_050_947","2016-09-13","2016-07-11","2016-09-06","2016-09-09T20:00Z","2016-09-14T18:30Z","NEON.LTR.HARV050947.20160906","NEON.LTR.HARV050947.20160906.OTH","NEON.DOC.001710vE","Other",5.58,"N","","XdV86USKkiYZfb6rmwpnK/f2Yah5qnQO"
"20b4c303-7fd2-4b1f-80ae-e11ae6e40b5b","HARV_037.basePlot.ltr","D01","HARV","HARV_037","HARV_037_849","2016-09-13","2016-07-11","2016-09-06","2016-09-09T20:00Z","2016-09-14T18:30Z","NEON.LTR.HARV037849.20160906","NEON.LTR.HARV037849.20160906.LVS","NEON.DOC.001710vE","Leaves",0.26,"N","","XdV86USKkiYZfb6rmwpnK/f2Yah5qnQO"
"d081b034-ec3d-4c7f-a830-2bc74ba5f302","HARV_037.basePlot.ltr","D01","HARV","HARV_037","HARV_037_849","2016-09-13","2016-07-11","2016-09-06","2016-09-09T20:00Z","2016-09-14T18:30Z","NEON.LTR.HARV037849.20160906","NEON.LTR.HARV037849.20160906.OTH","NEON.DOC.001710vE","Other",0.1,"N","","XdV86USKkiYZfb6rmwpnK/f2Yah5qnQO"
"13dd08f4-5e4c-4b9a-9efa-7b8f22e04faa","HARV_037.basePlot.ltr","D01","HARV","HARV_037","HARV_037_849","2016-09-13","2016-07-11","2016-09-06","2016-09-09T20:00Z","2016-09-14T18:30Z","NEON.LTR.HARV037849.20160906","NEON.LTR.HARV037849.20160906.WDY","NEON.DOC.001710vE","Woody material",1.84,"N","","XdV86USKkiYZfb6rmwpnK/f2Yah5qnQO"
"ae67ce23-b5fc-41f9-872f-e37bc94943ca","HARV_037.basePlot.ltr","D01","HARV","HARV_037","HARV_037_849","2016-09-13","2016-07-11","2016-09-06","2016-09-09T20:00Z","2016-09-14T18:30Z","NEON.LTR.HARV037849.20160906","NEON.LTR.HARV037849.20160906.FLR","NEON.DOC.001710vE","Flowers",0.05,"N","","XdV86USKkiYZfb6rmwpnK/f2Yah5qnQO"
"6a30409e-b065-4b09-950a-72fb2984e414","HARV_037.basePlot.ltr","D01","HARV","HARV_037","HARV_037_849","2016-09-13","2016-07-11","2016-09-06","2016-09-09T20:00Z","2016-09-14T18:30Z","NEON.LTR.HARV037849.20160906","NEON.LTR.HARV037849.20160906.TWI","NEON.DOC.001710vE","Twigs/branches",3.99,"N","","XdV86USKkiYZfb6rmwpnK/f2Yah5qnQO"
"e7917a79-61fd-4250-b824-10c90d24c201","HARV_037.basePlot.ltr","D01","HARV","HARV_037","HARV_037_849","2016-09-13","2016-07-11","2016-09-06","2016-09-09T20:00Z","2016-09-14T18:30Z","NEON.LTR.HARV037849.20160906","NEON.LTR.HARV037849.20160906.NDL","NEON.DOC.001710vE","Needles",19.8,"N","","XdV86USKkiYZfb6rmwpnK/f2Yah5qnQO"
"331612a1-9f9a-4eb8-8b7f-6c9452b387fb","HARV_037.basePlot.ltr","D01","HARV","HARV_037","HARV_037_849","2016-09-13","2016-07-11","2016-09-06","2016-09-09T20:00Z","2016-09-14T18:30Z","NEON.LTR.HARV037849.20160906","NEON.LTR.HARV037849.20160906.SDS","NEON.DOC.001710vE","Seeds",0.005,"Y","","XdV86USKkiYZfb6rmwpnK/f2Yah5qnQO"
"c5ce4962-b266-431e-8f25-3110cdba1357","HARV_047.basePlot.ltr","D01","HARV","HARV_047","HARV_047_947","2016-09-13","2016-07-11","2016-09-06","2016-09-09T20:00Z","2016-09-14T18:30Z","NEON.LTR.HARV047947.20160906","NEON.LTR.HARV047947.20160906.LVS","NEON.DOC.001710vE","Leaves",4.06,"N","","XdV86USKkiYZfb6rmwpnK/f2Yah5qnQO"
"e32bec5d-9732-4f61-8f58-b1e0172ef2a0","HARV_047.basePlot.ltr","D01","HARV","HARV_047","HARV_047_947","2016-09-13","2016-07-11","2016-09-06","2016-09-09T20:00Z","2016-09-14T18:30Z","NEON.LTR.HARV047947.20160906","NEON.LTR.HARV047947.20160906.WDY","NEON.DOC.001710vE","Woody material",0.07,"N","","XdV86USKkiYZfb6rmwpnK/f2Yah5qnQO"
"ab3f064f-ddf6-4fa1-92b5-e443a8002345","HARV_047.basePlot.ltr","D01","HARV","HARV_047","HARV_047_947","2016-09-13","2016-07-11","2016-09-06","2016-09-09T20:00Z","2016-09-14T18:30Z","NEON.LTR.HARV047947.20160906","NEON.LTR.HARV047947.20160906.TWI","NEON.DOC.001710vE","Twigs/branches",1.72,"N","","XdV86USKkiYZfb6rmwpnK/f2Yah5qnQO"
"ce1dd92d-2d2a-4561-bda9-8cebe390e272","HARV_047.basePlot.ltr","D01","HARV","HARV_047","HARV_047_947","2016-09-13","2016-07-11","2016-09-06","2016-09-09T20:00Z","2016-09-14T18:30Z","NEON.LTR.HARV047947.20160906","NEON.LTR.HARV047947.20160906.SDS","NEON.DOC.001710vE","Seeds",0.76,"Y","","XdV86USKkiYZfb6rmwpnK/f2Yah5qnQO"
"9a4cead0-20d4-44d5-a9c3-9a8e1f875cfd","HARV_047.basePlot.ltr","D01","HARV","HARV_047","HARV_047_947","2016-09-13","2016-07-11","2016-09-06","2016-09-09T20:00Z","2016-09-14T18:30Z","NEON.LTR.HARV047947.20160906","NEON.LTR.HARV047947.20160906.NDL","NEON.DOC.001710vE","Needles",0.005,"N","","XdV86USKkiYZfb6rmwpnK/f2Yah5qnQO"
"4cd6c399-37a7-433e-8e24-4a7ade7e4ac2","HARV_047.basePlot.ltr","D01","HARV","HARV_047","HARV_047_947","2016-09-13","2016-07-11","2016-09-06","2016-09-09T20:00Z","2016-09-14T18:30Z","NEON.LTR.HARV047947.20160906","NEON.LTR.HARV047947.20160906.FLR","NEON.DOC.001710vE","Flowers",0.005,"N","","XdV86USKkiYZfb6rmwpnK/f2Yah5qnQO"
"97b1ce75-10aa-465d-b5e4-17ecc99bfe61","HARV_047.basePlot.ltr","D01","HARV","HARV_047","HARV_047_947","2016-09-13","2016-07-11","2016-09-06","2016-09-09T20:00Z","2016-09-14T18:30Z","NEON.LTR.HARV047947.20160906","NEON.LTR.HARV047947.20160906.OTH","NEON.DOC.001710vE","Other",0.37,"N","","XdV86USKkiYZfb6rmwpnK/f2Yah5qnQO"
"4a22c127-1cd5-4997-b0a6-a33bf44a2293","HARV_046.basePlot.ltr","D01","HARV","HARV_046","HARV_046_204","2016-09-13","2016-07-11","2016-09-06","2016-09-09T20:00Z","2016-09-14T18:30Z","NEON.LTR.HARV046204.20160906","NEON.LTR.HARV046204.20160906.NDL","NEON.DOC.001710vE","Needles",1.75,"N","","XdV86USKkiYZfb6rmwpnK/f2Yah5qnQO"
"58127bd7-487b-4e9f-922a-5f0fcea5e3d7","HARV_046.basePlot.ltr","D01","HARV","HARV_046","HARV_046_204","2016-09-13","2016-07-11","2016-09-06","2016-09-09T20:00Z","2016-09-14T18:30Z","NEON.LTR.HARV046204.20160906","NEON.LTR.HARV046204.20160906.TWI","NEON.DOC.001710vE","Twigs/branches",0.16,"Y","","XdV86USKkiYZfb6rmwpnK/f2Yah5qnQO"
"911cdd97-a39e-427f-881b-cdce565fc8ea","HARV_046.basePlot.ltr","D01","HARV","HARV_046","HARV_046_204","2016-09-13","2016-07-11","2016-09-06","2016-09-09T20:00Z","2016-09-14T18:30Z","NEON.LTR.HARV046204.20160906","NEON.LTR.HARV046204.20160906.OTH","NEON.DOC.001710vE","Other",2.43,"N","","XdV86USKkiYZfb6rmwpnK/f2Yah5qnQO"
"2fe21054-f5dc-47b2-81a0-60f8de130be3","HARV_046.basePlot.ltr","D01","HARV","HARV_046","HARV_046_204","2016-09-13","2016-07-11","2016-09-06","2016-09-09T20:00Z","2016-09-14T18:30Z","NEON.LTR.HARV046204.20160906","NEON.LTR.HARV046204.20160906.FLR","NEON.DOC.001710vE","Flowers",0.23,"N","","XdV86USKkiYZfb6rmwpnK/f2Yah5qnQO"
"70b2595b-bc78-4ec5-8d83-12fc52f32183","HARV_046.basePlot.ltr","D01","HARV","HARV_046","HARV_046_204","2016-09-13","2016-07-11","2016-09-06","2016-09-09T20:00Z","2016-09-14T18:30Z","NEON.LTR.HARV046204.20160906","NEON.LTR.HARV046204.20160906.SDS","NEON.DOC.001710vE","Seeds",4.5,"N","","XdV86USKkiYZfb6rmwpnK/f2Yah5qnQO"
"7a163ebd-368e-4b65-a820-ef7ae2392e09","HARV_046.basePlot.ltr","D01","HARV","HARV_046","HARV_046_204","2016-09-13","2016-07-11","2016-09-06","2016-09-09T20:00Z","2016-09-14T18:30Z","NEON.LTR.HARV046204.20160906","NEON.LTR.HARV046204.20160906.LVS","NEON.DOC.001710vE","Leaves",1.38,"N","","XdV86USKkiYZfb6rmwpnK/f2Yah5qnQO"
"8fd7e9b5-8e49-44a1-ab97-1f27c5f28be0","HARV_046.basePlot.ltr","D01","HARV","HARV_046","HARV_046_204","2016-09-13","2016-07-11","2016-09-06","2016-09-09T20:00Z","2016-09-14T18:30Z","NEON.LTR.HARV046204.20160906","NEON.LTR.HARV046204.20160906.WDY","NEON.DOC.001710vE","Woody material",0.005,"N","","XdV86USKkiYZfb6rmwpnK/f2Yah5qnQO"
"dc1d7caf-dadb-4561-884d-a7e790d59b7c","HARV_036.basePlot.ltr","D01","HARV","HARV_036","HARV_036_167","2016-09-13","2016-07-11","2016-09-06","2016-09-09T20:00Z","2016-09-14T18:30Z","NEON.LTR.HARV036167.20160906","NEON.LTR.HARV036167.20160906.TWI","NEON.DOC.001710vE","Twigs/branches",4.85,"N","","XdV86USKkiYZfb6rmwpnK/f2Yah5qnQO"
"51e812a1-1f21-45d0-abfe-8de782651e8b","HARV_036.basePlot.ltr","D01","HARV","HARV_036","HARV_036_167","2016-09-13","2016-07-11","2016-09-06","2016-09-09T20:00Z","2016-09-14T18:30Z","NEON.LTR.HARV036167.20160906","NEON.LTR.HARV036167.20160906.WDY","NEON.DOC.001710vE","Woody material",0.11,"N","","XdV86USKkiYZfb6rmwpnK/f2Yah5qnQO"
"6f879904-2d69-40fe-a6a3-befd2a4b6866","HARV_036.basePlot.ltr","D01","HARV","HARV_036","HARV_036_167","2016-09-13","2016-07-11","2016-09-06","2016-09-09T20:00Z","2016-09-14T18:30Z","NEON.LTR.HARV036167.20160906","NEON.LTR.HARV036167.20160906.NDL","NEON.DOC.001710vE","Needles",0.91,"N","","XdV86USKkiYZfb6rmwpnK/f2Yah5qnQO"
"29fde954-de9a-4556-917c-1270eda17248","HARV_036.basePlot.ltr","D01","HARV","HARV_036","HARV_036_167","2016-09-13","2016-07-11","2016-09-06","2016-09-09T20:00Z","2016-09-14T18:30Z","NEON.LTR.HARV036167.20160906","NEON.LTR.HARV036167.20160906.LVS","NEON.DOC.001710vE","Leaves",2.94,"N","","XdV86USKkiYZfb6rmwpnK/f2Yah5qnQO"
"cc4af370-274d-4f0a-b216-589ca760fc77","HARV_036.basePlot.ltr","D01","HARV","HARV_036","HARV_036_167","2016-09-13","2016-07-11","2016-09-06","2016-09-09T20:00Z","2016-09-14T18:30Z","NEON.LTR.HARV036167.20160906","NEON.LTR.HARV036167.20160906.OTH","NEON.DOC.001710vE","Other",1.29,"N","","XdV86USKkiYZfb6rmwpnK/f2Yah5qnQO"
"124aa348-66b9-410b-a10d-b5ca5935c139","HARV_036.basePlot.ltr","D01","HARV","HARV_036","HARV_036_167","2016-09-13","2016-07-11","2016-09-06","2016-09-09T20:00Z","2016-09-14T18:30Z","NEON.LTR.HARV036167.20160906","NEON.LTR.HARV036167.20160906.SDS","NEON.DOC.001710vE","Seeds",17.13,"N","","XdV86USKkiYZfb6rmwpnK/f2Yah5qnQO"
"43e93ed9-d7ec-4101-a073-8b59f18169da","HARV_036.basePlot.ltr","D01","HARV","HARV_036","HARV_036_167","2016-09-13","2016-07-11","2016-09-06","2016-09-09T20:00Z","2016-09-14T18:30Z","NEON.LTR.HARV036167.20160906","NEON.LTR.HARV036167.20160906.FLR","NEON.DOC.001710vE","Flowers",0.12,"Y","","XdV86USKkiYZfb6rmwpnK/f2Yah5qnQO"
"ae566970-9f63-4eed-9f1a-e73edba2b05b","HARV_045.basePlot.ltr","D01","HARV","HARV_045","HARV_045_265","2016-09-13","2016-07-11","2016-09-06","2016-09-09T20:00Z","2016-09-14T18:30Z","NEON.LTR.HARV045265.20160906","NEON.LTR.HARV045265.20160906.OTH","NEON.DOC.001710vE","Other",3.09,"N","","XdV86USKkiYZfb6rmwpnK/f2Yah5qnQO"
"5104b8c1-8c3d-4dad-9ca4-9cb18394a6bc","HARV_045.basePlot.ltr","D01","HARV","HARV_045","HARV_045_265","2016-09-13","2016-07-11","2016-09-06","2016-09-09T20:00Z","2016-09-14T18:30Z","NEON.LTR.HARV045265.20160906","NEON.LTR.HARV045265.20160906.FLR","NEON.DOC.001710vE","Flowers",0.25,"N","","XdV86USKkiYZfb6rmwpnK/f2Yah5qnQO"
"def291f8-1910-457c-a302-a32a0c30021f","HARV_045.basePlot.ltr","D01","HARV","HARV_045","HARV_045_265","2016-09-13","2016-07-11","2016-09-06","2016-09-09T20:00Z","2016-09-14T18:30Z","NEON.LTR.HARV045265.20160906","NEON.LTR.HARV045265.20160906.NDL","NEON.DOC.001710vE","Needles",1.56,"N","","XdV86USKkiYZfb6rmwpnK/f2Yah5qnQO"
"a3cf8d23-1a25-4df2-b1b9-bf266bb7b35f","HARV_045.basePlot.ltr","D01","HARV","HARV_045","HARV_045_265","2016-09-13","2016-07-11","2016-09-06","2016-09-09T20:00Z","2016-09-14T18:30Z","NEON.LTR.HARV045265.20160906","NEON.LTR.HARV045265.20160906.LVS","NEON.DOC.001710vE","Leaves",3.66,"N","","XdV86USKkiYZfb6rmwpnK/f2Yah5qnQO"
"5ac3fb18-f792-4680-ba82-91518135da83","HARV_045.basePlot.ltr","D01","HARV","HARV_045","HARV_045_265","2016-09-13","2016-07-11","2016-09-06","2016-09-09T20:00Z","2016-09-14T18:30Z","NEON.LTR.HARV045265.20160906","NEON.LTR.HARV045265.20160906.SDS","NEON.DOC.001710vE","Seeds",4.35,"N","","XdV86USKkiYZfb6rmwpnK/f2Yah5qnQO"
"0f998023-b340-44da-b3de-65db2eeaacb0","HARV_045.basePlot.ltr","D01","HARV","HARV_045","HARV_045_265","2016-09-13","2016-07-11","2016-09-06","2016-09-09T20:00Z","2016-09-14T18:30Z","NEON.LTR.HARV045265.20160906","NEON.LTR.HARV045265.20160906.WDY","NEON.DOC.001710vE","Woody material",0.13,"N","","XdV86USKkiYZfb6rmwpnK/f2Yah5qnQO"
"9e89e09f-7bfa-4eb6-9581-6a81adfd53c5","HARV_045.basePlot.ltr","D01","HARV","HARV_045","HARV_045_265","2016-09-13","2016-07-11","2016-09-06","2016-09-09T20:00Z","2016-09-14T18:30Z","NEON.LTR.HARV045265.20160906","NEON.LTR.HARV045265.20160906.TWI","NEON.DOC.001710vE","Twigs/branches",4.7,"Y","","XdV86USKkiYZfb6rmwpnK/f2Yah5qnQO"
"086a0d34-d326-4530-848e-f771dc96beea","HARV_040.basePlot.ltr","D01","HARV","HARV_040","HARV_040_292","2016-09-13","2016-07-11","2016-09-07","2016-09-09T20:00Z","2016-09-14T18:30Z","NEON.LTR.HARV040292.20160907","NEON.LTR.HARV040292.20160907.NDL","NEON.DOC.001710vE","Needles",0.16,"N","","XdV86USKkiYZfb6rmwpnK/f2Yah5qnQO"
"8607ffb7-788a-4ac2-9029-efd007138029","HARV_052.basePlot.ltr","D01","HARV","HARV_052","HARV_052_314","2016-09-13","2016-07-11","2016-09-07","2016-09-09T20:00Z","2016-09-14T18:30Z","NEON.LTR.HARV052314.20160907","NEON.LTR.HARV052314.20160907.SDS","NEON.DOC.001710vE","Seeds",0.005,"N","","XdV86USKkiYZfb6rmwpnK/f2Yah5qnQO"
"90a86f92-a1c5-4f43-ba71-61361db2ce3c","HARV_040.basePlot.ltr","D01","HARV","HARV_040","HARV_040_292","2016-09-13","2016-07-11","2016-09-07","2016-09-09T20:00Z","2016-09-14T18:30Z","NEON.LTR.HARV040292.20160907","NEON.LTR.HARV040292.20160907.SDS","NEON.DOC.001710vE","Seeds",0,"N","","XdV86USKkiYZfb6rmwpnK/f2Yah5qnQO"
"83d08fa2-9df4-4537-b8c5-65f735ae4939","HARV_040.basePlot.ltr","D01","HARV","HARV_040","HARV_040_292","2016-09-13","2016-07-11","2016-09-07","2016-09-09T20:00Z","2016-09-14T18:30Z","NEON.LTR.HARV040292.20160907","NEON.LTR.HARV040292.20160907.WDY","NEON.DOC.001710vE","Woody material",0.03,"N","","XdV86USKkiYZfb6rmwpnK/f2Yah5qnQO"
"06fe2bcf-d539-4fc1-a7ae-42c65a2d6ae2","HARV_040.basePlot.ltr","D01","HARV","HARV_040","HARV_040_292","2016-09-13","2016-07-11","2016-09-07","2016-09-09T20:00Z","2016-09-14T18:30Z","NEON.LTR.HARV040292.20160907","NEON.LTR.HARV040292.20160907.TWI","NEON.DOC.001710vE","Twigs/branches",0.55,"N","","XdV86USKkiYZfb6rmwpnK/f2Yah5qnQO"
"581ad6c0-69b2-47d5-8d8b-4cf665b6eb1a","HARV_040.basePlot.ltr","D01","HARV","HARV_040","HARV_040_292","2016-09-13","2016-07-11","2016-09-07","2016-09-09T20:00Z","2016-09-14T18:30Z","NEON.LTR.HARV040292.20160907","NEON.LTR.HARV040292.20160907.LVS","NEON.DOC.001710vE","Leaves",1.33,"N","","XdV86USKkiYZfb6rmwpnK/f2Yah5qnQO"
"90913536-18fb-4194-a660-9d3c4aaf6338","HARV_040.basePlot.ltr","D01","HARV","HARV_040","HARV_040_292","2016-09-13","2016-07-11","2016-09-07","2016-09-09T20:00Z","2016-09-14T18:30Z","NEON.LTR.HARV040292.20160907","NEON.LTR.HARV040292.20160907.FLR","NEON.DOC.001710vE","Flowers",0.04,"N","","XdV86USKkiYZfb6rmwpnK/f2Yah5qnQO"
"2319cba6-382e-4969-be45-1badcd766be9","HARV_033.basePlot.ltr","D01","HARV","HARV_033","HARV_033_209","2016-09-13","2016-07-11","2016-09-07","2016-09-09T20:00Z","2016-09-14T18:30Z","NEON.LTR.HARV033209.20160907","NEON.LTR.HARV033209.20160907.TWI","NEON.DOC.001710vE","Twigs/branches",4.14,"N","QC0","XdV86USKkiYZfb6rmwpnK/f2Yah5qnQO"
"8849257a-8389-46f0-b2ae-4da25bbd5a62","HARV_033.basePlot.ltr","D01","HARV","HARV_033","HARV_033_209","2016-09-13","2016-07-11","2016-09-07","2016-09-09T20:00Z","2016-09-14T18:30Z","NEON.LTR.HARV033209.20160907","NEON.LTR.HARV033209.20160907.OTH","NEON.DOC.001710vE","Other",3.29,"N","QC0","XdV86USKkiYZfb6rmwpnK/f2Yah5qnQO"
"c0179665-bb19-470f-87ca-7d5186fc6964","HARV_033.basePlot.ltr","D01","HARV","HARV_033","HARV_033_209","2016-09-13","2016-07-11","2016-09-07","2016-09-09T20:00Z","2016-09-14T18:30Z","NEON.LTR.HARV033209.20160907","NEON.LTR.HARV033209.20160907.FLR","NEON.DOC.001710vE","Flowers",0.3,"N","QC0","XdV86USKkiYZfb6rmwpnK/f2Yah5qnQO"
"76bcd0a0-62ff-4ec4-a182-b86fe99a6095","HARV_033.basePlot.ltr","D01","HARV","HARV_033","HARV_033_209","2016-09-13","2016-07-11","2016-09-07","2016-09-09T20:00Z","2016-09-14T18:30Z","NEON.LTR.HARV033209.20160907","NEON.LTR.HARV033209.20160907.WDY","NEON.DOC.001710vE","Woody material",1.03,"N","QC0","XdV86USKkiYZfb6rmwpnK/f2Yah5qnQO"
"65e16a20-2f19-4d10-9f52-0ea2732a44cb","HARV_033.basePlot.ltr","D01","HARV","HARV_033","HARV_033_209","2016-09-13","2016-07-11","2016-09-07","2016-09-09T20:00Z","2016-09-14T18:30Z","NEON.LTR.HARV033209.20160907","NEON.LTR.HARV033209.20160907.SDS","NEON.DOC.001710vE","Seeds",1.95,"N","QC0","XdV86USKkiYZfb6rmwpnK/f2Yah5qnQO"
"1914558b-c843-4257-90ba-78bbdfba8d6b","HARV_033.basePlot.ltr","D01","HARV","HARV_033","HARV_033_209","2016-09-13","2016-07-11","2016-09-07","2016-09-09T20:00Z","2016-09-14T18:30Z","NEON.LTR.HARV033209.20160907","NEON.LTR.HARV033209.20160907.NDL","NEON.DOC.001710vE","Needles",6.06,"N","QC0","XdV86USKkiYZfb6rmwpnK/f2Yah5qnQO"
"509330c4-66bb-4fbb-b6fb-96d67cd5a126","HARV_033.basePlot.ltr","D01","HARV","HARV_033","HARV_033_209","2016-09-13","2016-07-11","2016-09-07","2016-09-09T20:00Z","2016-09-14T18:30Z","NEON.LTR.HARV033209.20160907","NEON.LTR.HARV033209.20160907.LVS","NEON.DOC.001710vE","Leaves",5.59,"N","QC0","XdV86USKkiYZfb6rmwpnK/f2Yah5qnQO"
"edc24513-d969-4815-ae8f-38e844ed200a","HARV_043.basePlot.ltr","D01","HARV","HARV_043","HARV_043_550","2016-09-13","2016-07-11","2016-09-07","2016-09-09T20:00Z","2016-09-14T18:30Z","NEON.LTR.HARV043550.20160907","NEON.LTR.HARV043550.20160907.FLR","NEON.DOC.001710vE","Flowers",0.005,"N","","XdV86USKkiYZfb6rmwpnK/f2Yah5qnQO"
"a7b11c00-2032-4ad4-b62f-74e20c6c1025","HARV_048.basePlot.ltr","D01","HARV","HARV_048","HARV_048_355","2016-09-13","2016-07-11","2016-09-07","2016-09-09T20:00Z","2016-09-14T18:30Z","NEON.LTR.HARV048355.20160907","NEON.LTR.HARV048355.20160907.SDS","NEON.DOC.001710vE","Seeds",0,"N","","XdV86USKkiYZfb6rmwpnK/f2Yah5qnQO"
"ba71ed12-df81-4733-bbb6-d030f862eed4","HARV_043.basePlot.ltr","D01","HARV","HARV_043","HARV_043_550","2016-09-13","2016-07-11","2016-09-07","2016-09-09T20:00Z","2016-09-14T18:30Z","NEON.LTR.HARV043550.20160907","NEON.LTR.HARV043550.20160907.LVS","NEON.DOC.001710vE","Leaves",3.56,"N","","XdV86USKkiYZfb6rmwpnK/f2Yah5qnQO"
"fd63ce93-c335-4f69-b035-0ee0bd45c6cb","HARV_048.basePlot.ltr","D01","HARV","HARV_048","HARV_048_355","2016-09-13","2016-07-11","2016-09-07","2016-09-09T20:00Z","2016-09-14T18:30Z","NEON.LTR.HARV048355.20160907","NEON.LTR.HARV048355.20160907.FLR","NEON.DOC.001710vE","Flowers",0.02,"N","","XdV86USKkiYZfb6rmwpnK/f2Yah5qnQO"
"69645296-d5bb-4849-a5f1-a560713f135c","HARV_043.basePlot.ltr","D01","HARV","HARV_043","HARV_043_550","2016-09-13","2016-07-11","2016-09-07","2016-09-09T20:00Z","2016-09-14T18:30Z","NEON.LTR.HARV043550.20160907","NEON.LTR.HARV043550.20160907.NDL","NEON.DOC.001710vE","Needles",7.28,"N","","XdV86USKkiYZfb6rmwpnK/f2Yah5qnQO"
"571652bb-3b8f-4974-9f82-8bd256bcd387","HARV_048.basePlot.ltr","D01","HARV","HARV_048","HARV_048_355","2016-09-13","2016-07-11","2016-09-07","2016-09-09T20:00Z","2016-09-14T18:30Z","NEON.LTR.HARV048355.20160907","NEON.LTR.HARV048355.20160907.WDY","NEON.DOC.001710vE","Woody material",0.12,"Y","","XdV86USKkiYZfb6rmwpnK/f2Yah5qnQO"
"3b13ff72-63b3-4554-a439-f0b782cb8278","HARV_043.basePlot.ltr","D01","HARV","HARV_043","HARV_043_550","2016-09-13","2016-07-11","2016-09-07","2016-09-09T20:00Z","2016-09-14T18:30Z","NEON.LTR.HARV043550.20160907","NEON.LTR.HARV043550.20160907.TWI","NEON.DOC.001710vE","Twigs/branches",2.22,"N","","XdV86USKkiYZfb6rmwpnK/f2Yah5qnQO"
"3cc87bf6-2e61-482a-ba60-63100c9b2351","HARV_043.basePlot.ltr","D01","HARV","HARV_043","HARV_043_550","2016-09-13","2016-07-11","2016-09-07","2016-09-09T20:00Z","2016-09-14T18:30Z","NEON.LTR.HARV043550.20160907","NEON.LTR.HARV043550.20160907.OTH","NEON.DOC.001710vE","Other",7.51,"N","","XdV86USKkiYZfb6rmwpnK/f2Yah5qnQO"
"72425e2e-2575-4fae-bfec-5bd5233585a2","HARV_043.basePlot.ltr","D01","HARV","HARV_043","HARV_043_550","2016-09-13","2016-07-11","2016-09-07","2016-09-09T20:00Z","2016-09-14T18:30Z","NEON.LTR.HARV043550.20160907","NEON.LTR.HARV043550.20160907.WDY","NEON.DOC.001710vE","Woody material",0.04,"N","","XdV86USKkiYZfb6rmwpnK/f2Yah5qnQO"
"58eb4aa9-8b40-4a5e-b39b-43154efb65af","HARV_043.basePlot.ltr","D01","HARV","HARV_043","HARV_043_550","2016-09-13","2016-07-11","2016-09-07","2016-09-09T20:00Z","2016-09-14T18:30Z","NEON.LTR.HARV043550.20160907","NEON.LTR.HARV043550.20160907.SDS","NEON.DOC.001710vE","Seeds",0,"N","","XdV86USKkiYZfb6rmwpnK/f2Yah5qnQO"
"a7468703-40fa-4502-84d8-b846c0212b1e","HARV_048.basePlot.ltr","D01","HARV","HARV_048","HARV_048_355","2016-09-13","2016-07-11","2016-09-07","2016-09-09T20:00Z","2016-09-14T18:30Z","NEON.LTR.HARV048355.20160907","NEON.LTR.HARV048355.20160907.NDL","NEON.DOC.001710vE","Needles",2.97,"N","","XdV86USKkiYZfb6rmwpnK/f2Yah5qnQO"
"6fa01da6-1f03-4bcb-ba16-67d559751ec9","HARV_048.basePlot.ltr","D01","HARV","HARV_048","HARV_048_355","2016-09-13","2016-07-11","2016-09-07","2016-09-09T20:00Z","2016-09-14T18:30Z","NEON.LTR.HARV048355.20160907","NEON.LTR.HARV048355.20160907.TWI","NEON.DOC.001710vE","Twigs/branches",2.37,"N","","XdV86USKkiYZfb6rmwpnK/f2Yah5qnQO"
"012a6256-3d19-4795-9d02-04d3256e3479","HARV_048.basePlot.ltr","D01","HARV","HARV_048","HARV_048_355","2016-09-13","2016-07-11","2016-09-07","2016-09-09T20:00Z","2016-09-14T18:30Z","NEON.LTR.HARV048355.20160907","NEON.LTR.HARV048355.20160907.OTH","NEON.DOC.001710vE","Other",8.28,"N","","XdV86USKkiYZfb6rmwpnK/f2Yah5qnQO"
"086c1619-fce1-4588-a0df-4961fa82a8b7","HARV_048.basePlot.ltr","D01","HARV","HARV_048","HARV_048_355","2016-09-13","2016-07-11","2016-09-07","2016-09-09T20:00Z","2016-09-14T18:30Z","NEON.LTR.HARV048355.20160907","NEON.LTR.HARV048355.20160907.LVS","NEON.DOC.001710vE","Leaves",0.71,"N","","XdV86USKkiYZfb6rmwpnK/f2Yah5qnQO"
"43c8c9a3-ca2d-47b7-b72d-b243fb2a320c","HARV_033.basePlot.ltr","D01","HARV","HARV_033","HARV_033_397","2016-09-13","2016-07-11","2016-09-07","2016-09-09T20:00Z","2016-09-14T18:30Z","NEON.LTR.HARV033397.20160907","NEON.LTR.HARV033397.20160907.SDS","NEON.DOC.001710vE","Seeds",3.87,"N","","XdV86USKkiYZfb6rmwpnK/f2Yah5qnQO"
"eb8f1fde-51c9-4c8d-af5f-ef98c7d34c3e","HARV_033.basePlot.ltr","D01","HARV","HARV_033","HARV_033_397","2016-09-13","2016-07-11","2016-09-07","2016-09-09T20:00Z","2016-09-14T18:30Z","NEON.LTR.HARV033397.20160907","NEON.LTR.HARV033397.20160907.NDL","NEON.DOC.001710vE","Needles",1.38,"N","","XdV86USKkiYZfb6rmwpnK/f2Yah5qnQO"
"f39d0de2-23d6-481b-990d-50f7ab64778e","HARV_033.basePlot.ltr","D01","HARV","HARV_033","HARV_033_397","2016-09-13","2016-07-11","2016-09-07","2016-09-09T20:00Z","2016-09-14T18:30Z","NEON.LTR.HARV033397.20160907","NEON.LTR.HARV033397.20160907.TWI","NEON.DOC.001710vE","Twigs/branches",2.81,"Y","","XdV86USKkiYZfb6rmwpnK/f2Yah5qnQO"
"4287ed25-96ce-4c68-a712-f64a41c2b5fc","HARV_033.basePlot.ltr","D01","HARV","HARV_033","HARV_033_397","2016-09-13","2016-07-11","2016-09-07","2016-09-09T20:00Z","2016-09-14T18:30Z","NEON.LTR.HARV033397.20160907","NEON.LTR.HARV033397.20160907.WDY","NEON.DOC.001710vE","Woody material",0.15,"N","","XdV86USKkiYZfb6rmwpnK/f2Yah5qnQO"
"0e16db24-e30c-4055-bf74-41f784c21f22","HARV_033.basePlot.ltr","D01","HARV","HARV_033","HARV_033_397","2016-09-13","2016-07-11","2016-09-07","2016-09-09T20:00Z","2016-09-14T18:30Z","NEON.LTR.HARV033397.20160907","NEON.LTR.HARV033397.20160907.FLR","NEON.DOC.001710vE","Flowers",0.04,"N","","XdV86USKkiYZfb6rmwpnK/f2Yah5qnQO"
"69736bbe-9e83-4cb8-8861-8c92c5f927a6","HARV_033.basePlot.ltr","D01","HARV","HARV_033","HARV_033_397","2016-09-13","2016-07-11","2016-09-07","2016-09-09T20:00Z","2016-09-14T18:30Z","NEON.LTR.HARV033397.20160907","NEON.LTR.HARV033397.20160907.LVS","NEON.DOC.001710vE","Leaves",5.34,"N","","XdV86USKkiYZfb6rmwpnK/f2Yah5qnQO"
"d054efc1-68a0-41fb-8058-539ce0d1882d","HARV_033.basePlot.ltr","D01","HARV","HARV_033","HARV_033_397","2016-09-13","2016-07-11","2016-09-07","2016-09-09T20:00Z","2016-09-14T18:30Z","NEON.LTR.HARV033397.20160907","NEON.LTR.HARV033397.20160907.OTH","NEON.DOC.001710vE","Other",0.91,"N","","XdV86USKkiYZfb6rmwpnK/f2Yah5qnQO"
"a3c69fbf-0ba6-4adf-bd75-0e6531db238a","HARV_043.basePlot.ltr","D01","HARV","HARV_043","HARV_043_007","2016-09-13","2016-07-11","2016-09-07","2016-09-09T20:00Z","2016-09-14T18:30Z","NEON.LTR.HARV043007.20160907","NEON.LTR.HARV043007.20160907.FLR","NEON.DOC.001710vE","Flowers",0.06,"N","","XdV86USKkiYZfb6rmwpnK/f2Yah5qnQO"
"7b39cc42-30ef-43b3-be2c-ece92b095092","HARV_043.basePlot.ltr","D01","HARV","HARV_043","HARV_043_007","2016-09-13","2016-07-11","2016-09-07","2016-09-09T20:00Z","2016-09-14T18:30Z","NEON.LTR.HARV043007.20160907","NEON.LTR.HARV043007.20160907.NDL","NEON.DOC.001710vE","Needles",3.53,"N","","XdV86USKkiYZfb6rmwpnK/f2Yah5qnQO"
"22225e4c-d8fe-4cca-b065-d9d0ae2a77cf","HARV_043.basePlot.ltr","D01","HARV","HARV_043","HARV_043_007","2016-09-13","2016-07-11","2016-09-07","2016-09-09T20:00Z","2016-09-14T18:30Z","NEON.LTR.HARV043007.20160907","NEON.LTR.HARV043007.20160907.WDY","NEON.DOC.001710vE","Woody material",0.08,"N","","XdV86USKkiYZfb6rmwpnK/f2Yah5qnQO"
"198bcb76-2a1d-40c2-b75b-d6a850de563d","HARV_043.basePlot.ltr","D01","HARV","HARV_043","HARV_043_007","2016-09-13","2016-07-11","2016-09-07","2016-09-09T20:00Z","2016-09-14T18:30Z","NEON.LTR.HARV043007.20160907","NEON.LTR.HARV043007.20160907.SDS","NEON.DOC.001710vE","Seeds",0.05,"N","","XdV86USKkiYZfb6rmwpnK/f2Yah5qnQO"
"75c827a3-5fe3-4bdd-81a4-5d32e8f63637","HARV_043.basePlot.ltr","D01","HARV","HARV_043","HARV_043_007","2016-09-13","2016-07-11","2016-09-07","2016-09-09T20:00Z","2016-09-14T18:30Z","NEON.LTR.HARV043007.20160907","NEON.LTR.HARV043007.20160907.LVS","NEON.DOC.001710vE","Leaves",2.35,"N","","XdV86USKkiYZfb6rmwpnK/f2Yah5qnQO"
"04c4f009-c8ea-42bf-a192-78ee787d8c26","HARV_043.basePlot.ltr","D01","HARV","HARV_043","HARV_043_007","2016-09-13","2016-07-11","2016-09-07","2016-09-09T20:00Z","2016-09-14T18:30Z","NEON.LTR.HARV043007.20160907","NEON.LTR.HARV043007.20160907.OTH","NEON.DOC.001710vE","Other",4.42,"N","","XdV86USKkiYZfb6rmwpnK/f2Yah5qnQO"
"2474a117-a77f-4071-aea5-87e6aa4dc296","HARV_043.basePlot.ltr","D01","HARV","HARV_043","HARV_043_007","2016-09-13","2016-07-11","2016-09-07","2016-09-09T20:00Z","2016-09-14T18:30Z","NEON.LTR.HARV043007.20160907","NEON.LTR.HARV043007.20160907.TWI","NEON.DOC.001710vE","Twigs/branches",0.2,"N","","XdV86USKkiYZfb6rmwpnK/f2Yah5qnQO"
"719c6faa-3766-44a1-8446-89b4616b417c","HARV_052.basePlot.ltr","D01","HARV","HARV_052","HARV_052_902","2016-09-13","2016-07-11","2016-09-07","2016-09-09T20:00Z","2016-09-14T18:30Z","NEON.LTR.HARV052902.20160907","NEON.LTR.HARV052902.20160907.NDL","NEON.DOC.001710vE","Needles",7.47,"N","QC0","XdV86USKkiYZfb6rmwpnK/f2Yah5qnQO"
"1dfee379-6c15-4609-99f3-7a2ce6367294","HARV_052.basePlot.ltr","D01","HARV","HARV_052","HARV_052_902","2016-09-13","2016-07-11","2016-09-07","2016-09-09T20:00Z","2016-09-14T18:30Z","NEON.LTR.HARV052902.20160907","NEON.LTR.HARV052902.20160907.OTH","NEON.DOC.001710vE","Other",13.2,"N","QC0","XdV86USKkiYZfb6rmwpnK/f2Yah5qnQO"
"e3a49485-ceaf-4145-b55f-a58c5ac2b4e6","HARV_052.basePlot.ltr","D01","HARV","HARV_052","HARV_052_902","2016-09-13","2016-07-11","2016-09-07","2016-09-09T20:00Z","2016-09-14T18:30Z","NEON.LTR.HARV052902.20160907","NEON.LTR.HARV052902.20160907.LVS","NEON.DOC.001710vE","Leaves",0.3,"N","QC0","XdV86USKkiYZfb6rmwpnK/f2Yah5qnQO"
"9f9d9c04-97bd-44d6-afae-cdad60e096c0","HARV_052.basePlot.ltr","D01","HARV","HARV_052","HARV_052_902","2016-09-13","2016-07-11","2016-09-07","2016-09-09T20:00Z","2016-09-14T18:30Z","NEON.LTR.HARV052902.20160907","NEON.LTR.HARV052902.20160907.WDY","NEON.DOC.001710vE","Woody material",1.43,"N","QC0","XdV86USKkiYZfb6rmwpnK/f2Yah5qnQO"
"ac468b09-2112-4008-b2e7-5d0de93a52f9","HARV_052.basePlot.ltr","D01","HARV","HARV_052","HARV_052_902","2016-09-13","2016-07-11","2016-09-07","2016-09-09T20:00Z","2016-09-14T18:30Z","NEON.LTR.HARV052902.20160907","NEON.LTR.HARV052902.20160907.TWI","NEON.DOC.001710vE","Twigs/branches",0,"N","QC0","XdV86USKkiYZfb6rmwpnK/f2Yah5qnQO"
"da0d5a3d-5e4a-4256-89f0-487ec780cb40","HARV_052.basePlot.ltr","D01","HARV","HARV_052","HARV_052_902","2016-09-13","2016-07-11","2016-09-07","2016-09-09T20:00Z","2016-09-14T18:30Z","NEON.LTR.HARV052902.20160907","NEON.LTR.HARV052902.20160907.SDS","NEON.DOC.001710vE","Seeds",1.05,"N","QC0","XdV86USKkiYZfb6rmwpnK/f2Yah5qnQO"
"4146e232-375a-492a-a98c-0aa166201d0f","HARV_052.basePlot.ltr","D01","HARV","HARV_052","HARV_052_902","2016-09-13","2016-07-11","2016-09-07","2016-09-09T20:00Z","2016-09-14T18:30Z","NEON.LTR.HARV052902.20160907","NEON.LTR.HARV052902.20160907.FLR","NEON.DOC.001710vE","Flowers",0.15,"N","QC0","XdV86USKkiYZfb6rmwpnK/f2Yah5qnQO"
"552405a1-9f7b-4439-ba71-b46aace4a7c6","HARV_052.basePlot.ltr","D01","HARV","HARV_052","HARV_052_314","2016-09-13","2016-07-11","2016-09-07","2016-09-09T20:00Z","2016-09-14T18:30Z","NEON.LTR.HARV052314.20160907","NEON.LTR.HARV052314.20160907.NDL","NEON.DOC.001710vE","Needles",3.43,"Y","","XdV86USKkiYZfb6rmwpnK/f2Yah5qnQO"
"c53c5886-252b-4ff4-aa19-8cc99fa19395","HARV_052.basePlot.ltr","D01","HARV","HARV_052","HARV_052_314","2016-09-13","2016-07-11","2016-09-07","2016-09-09T20:00Z","2016-09-14T18:30Z","NEON.LTR.HARV052314.20160907","NEON.LTR.HARV052314.20160907.TWI","NEON.DOC.001710vE","Twigs/branches",2.51,"N","","XdV86USKkiYZfb6rmwpnK/f2Yah5qnQO"
"46c36cf5-5e4b-4168-a468-609d8dbffadd","HARV_052.basePlot.ltr","D01","HARV","HARV_052","HARV_052_314","2016-09-13","2016-07-11","2016-09-07","2016-09-09T20:00Z","2016-09-14T18:30Z","NEON.LTR.HARV052314.20160907","NEON.LTR.HARV052314.20160907.FLR","NEON.DOC.001710vE","Flowers",0.11,"N","","XdV86USKkiYZfb6rmwpnK/f2Yah5qnQO"
"c4c46866-0dc7-47d9-bd26-92fc8342560c","HARV_052.basePlot.ltr","D01","HARV","HARV_052","HARV_052_314","2016-09-13","2016-07-11","2016-09-07","2016-09-09T20:00Z","2016-09-14T18:30Z","NEON.LTR.HARV052314.20160907","NEON.LTR.HARV052314.20160907.LVS","NEON.DOC.001710vE","Leaves",2.17,"N","","XdV86USKkiYZfb6rmwpnK/f2Yah5qnQO"
"fe481349-1252-4c7a-beb2-57e3ae94debc","HARV_052.basePlot.ltr","D01","HARV","HARV_052","HARV_052_314","2016-09-13","2016-07-11","2016-09-07","2016-09-09T20:00Z","2016-09-14T18:30Z","NEON.LTR.HARV052314.20160907","NEON.LTR.HARV052314.20160907.OTH","NEON.DOC.001710vE","Other",5.88,"N","","XdV86USKkiYZfb6rmwpnK/f2Yah5qnQO"
"01c94d9e-b05d-446a-a22d-f7d0259f8e4b","HARV_052.basePlot.ltr","D01","HARV","HARV_052","HARV_052_314","2016-09-13","2016-07-11","2016-09-07","2016-09-09T20:00Z","2016-09-14T18:30Z","NEON.LTR.HARV052314.20160907","NEON.LTR.HARV052314.20160907.WDY","NEON.DOC.001710vE","Woody material",1.05,"N","","XdV86USKkiYZfb6rmwpnK/f2Yah5qnQO"
"7e0ab5c7-a7b7-47b8-ba58-59de6640213a","HARV_040.basePlot.ltr","D01","HARV","HARV_040","HARV_040_292","2016-09-13","2016-07-11","2016-09-07","2016-09-09T20:00Z","2016-09-14T18:30Z","NEON.LTR.HARV040292.20160907","NEON.LTR.HARV040292.20160907.OTH","NEON.DOC.001710vE","Other",0.58,"N","","XdV86USKkiYZfb6rmwpnK/f2Yah5qnQO"
"54f93007-66cc-43d5-b90c-7e4048663a01","HARV_043.basePlot.ltr","D01","HARV","HARV_043","HARV_043_007","2016-11-15","2015-05-13","2016-10-31","2016-11-07T14:20Z","2016-11-15T13:00Z","NEON.LTR.HARV043007.20161031","NEON.LTR.HARV043007.20161031.WDY","NEON.DOC.001710vE","Woody material",0.26,"N","","jRr6tAEXvh/2EP2nqxILjbvMaL6VMLwf"
"68dff7c5-704d-4ef6-9963-5b320770245c","HARV_043.basePlot.ltr","D01","HARV","HARV_043","HARV_043_007","2016-11-15","2015-05-13","2016-10-31","2016-11-07T14:20Z","2016-11-15T13:00Z","NEON.LTR.HARV043007.20161031","NEON.LTR.HARV043007.20161031.LVS","NEON.DOC.001710vE","Leaves",47.1,"Y","","jRr6tAEXvh/2EP2nqxILjbvMaL6VMLwf"
"2a4ae1a7-2759-4882-94c3-ecbed94d1b54","HARV_043.basePlot.ltr","D01","HARV","HARV_043","HARV_043_007","2016-11-15","2015-05-13","2016-10-31","2016-11-07T14:20Z","2016-11-15T13:00Z","NEON.LTR.HARV043007.20161031","NEON.LTR.HARV043007.20161031.SDS","NEON.DOC.001710vE","Seeds",0.005,"N","","jRr6tAEXvh/2EP2nqxILjbvMaL6VMLwf"
"5dd3d4e6-013c-41f5-af6b-a1071fc7abf9","HARV_043.basePlot.ltr","D01","HARV","HARV_043","HARV_043_007","2016-11-15","2015-05-13","2016-10-31","2016-11-07T14:20Z","2016-11-15T13:00Z","NEON.LTR.HARV043007.20161031","NEON.LTR.HARV043007.20161031.FLR","NEON.DOC.001710vE","Flowers",0.005,"N","","jRr6tAEXvh/2EP2nqxILjbvMaL6VMLwf"
"a99fe98d-287e-4f71-b742-0ad0fb43ed40","HARV_044.basePlot.ltr","D01","HARV","HARV_044","HARV_044_815","2016-11-15","2015-05-13","2016-10-31","2016-11-07T14:20Z","2016-11-15T13:00Z","NEON.LTR.HARV044815.20161031","NEON.LTR.HARV044815.20161031.NDL","NEON.DOC.001710vE","Needles",0.15,"N","","jRr6tAEXvh/2EP2nqxILjbvMaL6VMLwf"
"74683061-7d8f-4fb1-b2a5-ae871a87fb18","HARV_044.basePlot.ltr","D01","HARV","HARV_044","HARV_044_815","2016-11-15","2015-05-13","2016-10-31","2016-11-07T14:20Z","2016-11-15T13:00Z","NEON.LTR.HARV044815.20161031","NEON.LTR.HARV044815.20161031.SDS","NEON.DOC.001710vE","Seeds",9.78,"N","2 bags - 9.78 and 0.00","jRr6tAEXvh/2EP2nqxILjbvMaL6VMLwf"
"6b6dd63b-52e7-4343-8896-c7a3461e4b82","HARV_044.basePlot.ltr","D01","HARV","HARV_044","HARV_044_815","2016-11-15","2015-05-13","2016-10-31","2016-11-07T14:20Z","2016-11-15T13:00Z","NEON.LTR.HARV044815.20161031","NEON.LTR.HARV044815.20161031.WDY","NEON.DOC.001710vE","Woody material",0,"N","none collected","jRr6tAEXvh/2EP2nqxILjbvMaL6VMLwf"
"551238ff-717a-4a69-b286-e3bd437def28","HARV_044.basePlot.ltr","D01","HARV","HARV_044","HARV_044_815","2016-11-15","2015-05-13","2016-10-31","2016-11-07T14:20Z","2016-11-15T13:00Z","NEON.LTR.HARV044815.20161031","NEON.LTR.HARV044815.20161031.OTH","NEON.DOC.001710vE","Other",0.36,"N","","jRr6tAEXvh/2EP2nqxILjbvMaL6VMLwf"
"d56eac6a-07aa-47bb-958a-dd5f025f730a","HARV_044.basePlot.ltr","D01","HARV","HARV_044","HARV_044_815","2016-11-15","2015-05-13","2016-10-31","2016-11-07T14:20Z","2016-11-15T13:00Z","NEON.LTR.HARV044815.20161031","NEON.LTR.HARV044815.20161031.FLR","NEON.DOC.001710vE","Flowers",0.06,"Y","","jRr6tAEXvh/2EP2nqxILjbvMaL6VMLwf"
"6c5457c3-3c0b-413f-9880-113f11f3b99f","HARV_044.basePlot.ltr","D01","HARV","HARV_044","HARV_044_815","2016-11-15","2015-05-13","2016-10-31","2016-11-07T14:20Z","2016-11-15T13:00Z","NEON.LTR.HARV044815.20161031","NEON.LTR.HARV044815.20161031.TWI","NEON.DOC.001710vE","Twigs/branches",0.45,"N","","jRr6tAEXvh/2EP2nqxILjbvMaL6VMLwf"
"832cf97b-758e-489d-bc4b-e4f934dfc555","HARV_044.basePlot.ltr","D01","HARV","HARV_044","HARV_044_815","2016-11-15","2015-05-13","2016-10-31","2016-11-07T14:20Z","2016-11-15T13:00Z","NEON.LTR.HARV044815.20161031","NEON.LTR.HARV044815.20161031.LVS","NEON.DOC.001710vE","Leaves",77.62,"N","","jRr6tAEXvh/2EP2nqxILjbvMaL6VMLwf"
"a1a180d3-abb0-4fed-a33c-fa5c16180c67","HARV_044.basePlot.ltr","D01","HARV","HARV_044","HARV_044_111","2016-11-15","2015-05-13","2016-10-31","2016-11-07T14:20Z","2016-11-15T13:00Z","NEON.LTR.HARV044111.20161031","NEON.LTR.HARV044111.20161031.WDY","NEON.DOC.001710vE","Woody material",0.005,"N","","jRr6tAEXvh/2EP2nqxILjbvMaL6VMLwf"
"75ea6345-208e-4ec0-b986-128dd23a7fe4","HARV_044.basePlot.ltr","D01","HARV","HARV_044","HARV_044_111","2016-11-15","2015-05-13","2016-10-31","2016-11-07T14:20Z","2016-11-15T13:00Z","NEON.LTR.HARV044111.20161031","NEON.LTR.HARV044111.20161031.NDL","NEON.DOC.001710vE","Needles",7.62,"N","","jRr6tAEXvh/2EP2nqxILjbvMaL6VMLwf"
"6f0e1e61-0aaa-4e63-9ce1-af144926839f","HARV_044.basePlot.ltr","D01","HARV","HARV_044","HARV_044_111","2016-11-15","2015-05-13","2016-10-31","2016-11-07T14:20Z","2016-11-15T13:00Z","NEON.LTR.HARV044111.20161031","NEON.LTR.HARV044111.20161031.FLR","NEON.DOC.001710vE","Flowers",0.005,"Y","","jRr6tAEXvh/2EP2nqxILjbvMaL6VMLwf"
"147a7b41-8777-4673-befd-1d4f702b4cf0","HARV_044.basePlot.ltr","D01","HARV","HARV_044","HARV_044_111","2016-11-15","2015-05-13","2016-10-31","2016-11-07T14:20Z","2016-11-15T13:00Z","NEON.LTR.HARV044111.20161031","NEON.LTR.HARV044111.20161031.OTH","NEON.DOC.001710vE","Other",20.37,"N","mostly needles","jRr6tAEXvh/2EP2nqxILjbvMaL6VMLwf"
"29d210b0-b734-4eae-afaf-467181dfa6e4","HARV_044.basePlot.ltr","D01","HARV","HARV_044","HARV_044_111","2016-11-15","2015-05-13","2016-10-31","2016-11-07T14:20Z","2016-11-15T13:00Z","NEON.LTR.HARV044111.20161031","NEON.LTR.HARV044111.20161031.TWI","NEON.DOC.001710vE","Twigs/branches",0.16,"N","","jRr6tAEXvh/2EP2nqxILjbvMaL6VMLwf"
"7f32e962-796c-40aa-93ae-aa4b1c832b1a","HARV_044.basePlot.ltr","D01","HARV","HARV_044","HARV_044_111","2016-11-15","2015-05-13","2016-10-31","2016-11-07T14:20Z","2016-11-15T13:00Z","NEON.LTR.HARV044111.20161031","NEON.LTR.HARV044111.20161031.SDS","NEON.DOC.001710vE","Seeds",0.005,"N","","jRr6tAEXvh/2EP2nqxILjbvMaL6VMLwf"
"05f16208-0a55-4cdb-a540-63ac0df9db4c","HARV_044.basePlot.ltr","D01","HARV","HARV_044","HARV_044_111","2016-11-15","2015-05-13","2016-10-31","2016-11-07T14:20Z","2016-11-15T13:00Z","NEON.LTR.HARV044111.20161031","NEON.LTR.HARV044111.20161031.LVS","NEON.DOC.001710vE","Leaves",90.59,"N","","jRr6tAEXvh/2EP2nqxILjbvMaL6VMLwf"
"915f285c-3346-4cca-9d8e-1fb2932ebbdf","HARV_035.basePlot.ltr","D01","HARV","HARV_035","HARV_035_120","2016-11-15","2015-05-13","2016-10-31","2016-11-07T14:20Z","2016-11-15T13:00Z","NEON.LTR.HARV035120.20161031","NEON.LTR.HARV035120.20161031.TWI","NEON.DOC.001710vE","Twigs/branches",2.64,"N","","jRr6tAEXvh/2EP2nqxILjbvMaL6VMLwf"
"8a604d7e-e528-4524-bcd8-337597242983","HARV_035.basePlot.ltr","D01","HARV","HARV_035","HARV_035_120","2016-11-15","2015-05-13","2016-10-31","2016-11-07T14:20Z","2016-11-15T13:00Z","NEON.LTR.HARV035120.20161031","NEON.LTR.HARV035120.20161031.WDY","NEON.DOC.001710vE","Woody material",0.005,"N","","jRr6tAEXvh/2EP2nqxILjbvMaL6VMLwf"
"2b6971be-de51-4bc3-930c-94266cb6bb09","HARV_035.basePlot.ltr","D01","HARV","HARV_035","HARV_035_120","2016-11-15","2015-05-13","2016-10-31","2016-11-07T14:20Z","2016-11-15T13:00Z","NEON.LTR.HARV035120.20161031","NEON.LTR.HARV035120.20161031.OTH","NEON.DOC.001710vE","Other",1.36,"N","mostly needles","jRr6tAEXvh/2EP2nqxILjbvMaL6VMLwf"
"27830b72-d9c3-4aaa-8d7e-f4fd9588b60e","HARV_035.basePlot.ltr","D01","HARV","HARV_035","HARV_035_120","2016-11-15","2015-05-13","2016-10-31","2016-11-07T14:20Z","2016-11-15T13:00Z","NEON.LTR.HARV035120.20161031","NEON.LTR.HARV035120.20161031.LVS","NEON.DOC.001710vE","Leaves",46.28,"N","","jRr6tAEXvh/2EP2nqxILjbvMaL6VMLwf"
"db0901f7-b3fa-48cb-8f53-6919ecd2c324","HARV_035.basePlot.ltr","D01","HARV","HARV_035","HARV_035_120","2016-11-15","2015-05-13","2016-10-31","2016-11-07T14:20Z","2016-11-15T13:00Z","NEON.LTR.HARV035120.20161031","NEON.LTR.HARV035120.20161031.FLR","NEON.DOC.001710vE","Flowers",0.005,"N","","jRr6tAEXvh/2EP2nqxILjbvMaL6VMLwf"
"a8f5e36a-608d-4b8c-8b31-ad5e3ea95134","HARV_035.basePlot.ltr","D01","HARV","HARV_035","HARV_035_120","2016-11-15","2015-05-13","2016-10-31","2016-11-07T14:20Z","2016-11-15T13:00Z","NEON.LTR.HARV035120.20161031","NEON.LTR.HARV035120.20161031.SDS","NEON.DOC.001710vE","Seeds",0.38,"N","","jRr6tAEXvh/2EP2nqxILjbvMaL6VMLwf"
"682cfb77-8e79-4705-a48d-167c0588cb80","HARV_035.basePlot.ltr","D01","HARV","HARV_035","HARV_035_120","2016-11-15","2015-05-13","2016-10-31","2016-11-07T14:20Z","2016-11-15T13:00Z","NEON.LTR.HARV035120.20161031","NEON.LTR.HARV035120.20161031.NDL","NEON.DOC.001710vE","Needles",0.94,"Y","","jRr6tAEXvh/2EP2nqxILjbvMaL6VMLwf"
"1d1adbd9-ba7d-401a-81da-117c1c47bd5c","HARV_052.basePlot.ltr","D01","HARV","HARV_052","HARV_052_314","2016-11-15","2015-05-13","2016-10-31","2016-11-07T14:20Z","2016-11-15T13:00Z","NEON.LTR.HARV052314.20161031","NEON.LTR.HARV052314.20161031.LVS","NEON.DOC.001710vE","Leaves",94.38,"N","","EkSno5X21V+6BMsaD1wBB48CY0mHxVq/"
"c6d482c5-8c70-4ada-8094-5d6a061c3403","HARV_052.basePlot.ltr","D01","HARV","HARV_052","HARV_052_314","2016-11-15","2015-05-13","2016-10-31","2016-11-07T14:20Z","2016-11-15T13:00Z","NEON.LTR.HARV052314.20161031","NEON.LTR.HARV052314.20161031.NDL","NEON.DOC.001710vE","Needles",5.49,"Y","","EkSno5X21V+6BMsaD1wBB48CY0mHxVq/"
"a04f2921-8654-45ed-aa56-bf455c512ed0","HARV_052.basePlot.ltr","D01","HARV","HARV_052","HARV_052_314","2016-11-15","2015-05-13","2016-10-31","2016-11-07T14:20Z","2016-11-15T13:00Z","NEON.LTR.HARV052314.20161031","NEON.LTR.HARV052314.20161031.FLR","NEON.DOC.001710vE","Flowers",0.14,"N","","EkSno5X21V+6BMsaD1wBB48CY0mHxVq/"
"9cfe2578-ba32-43ca-8918-4bcfa65cd3d6","HARV_052.basePlot.ltr","D01","HARV","HARV_052","HARV_052_314","2016-11-15","2015-05-13","2016-10-31","2016-11-07T14:20Z","2016-11-15T13:00Z","NEON.LTR.HARV052314.20161031","NEON.LTR.HARV052314.20161031.SDS","NEON.DOC.001710vE","Seeds",0.005,"Y","","EkSno5X21V+6BMsaD1wBB48CY0mHxVq/"
"f03da314-464e-4e96-ac1d-ffc5f02b1418","HARV_052.basePlot.ltr","D01","HARV","HARV_052","HARV_052_314","2016-11-15","2015-05-13","2016-10-31","2016-11-07T14:20Z","2016-11-15T13:00Z","NEON.LTR.HARV052314.20161031","NEON.LTR.HARV052314.20161031.OTH","NEON.DOC.001710vE","Other",1.03,"N","","EkSno5X21V+6BMsaD1wBB48CY0mHxVq/"
"30e86a55-f260-4fbd-a409-80242e21d40c","HARV_052.basePlot.ltr","D01","HARV","HARV_052","HARV_052_314","2016-11-15","2015-05-13","2016-10-31","2016-11-07T14:20Z","2016-11-15T13:00Z","NEON.LTR.HARV052314.20161031","NEON.LTR.HARV052314.20161031.TWI","NEON.DOC.001710vE","Twigs/branches",1.08,"N","","EkSno5X21V+6BMsaD1wBB48CY0mHxVq/"
"92a67026-aada-4ffc-8272-6edb194d7b16","HARV_052.basePlot.ltr","D01","HARV","HARV_052","HARV_052_314","2016-11-15","2015-05-13","2016-10-31","2016-11-07T14:20Z","2016-11-15T13:00Z","NEON.LTR.HARV052314.20161031","NEON.LTR.HARV052314.20161031.WDY","NEON.DOC.001710vE","Woody material",0.44,"N","","EkSno5X21V+6BMsaD1wBB48CY0mHxVq/"
"22995a91-85a6-450a-a454-aab6e7595e3f","HARV_052.basePlot.ltr","D01","HARV","HARV_052","HARV_052_902","2016-11-15","2015-05-13","2016-10-31","2016-11-07T14:20Z","2016-11-15T13:00Z","NEON.LTR.HARV052902.20161031","NEON.LTR.HARV052902.20161031.OTH","NEON.DOC.001710vE","Other",11.24,"N","mostly needles","jRr6tAEXvh/2EP2nqxILjbvMaL6VMLwf"
"7e35294a-00ce-441f-bc74-9877fa982c86","HARV_052.basePlot.ltr","D01","HARV","HARV_052","HARV_052_902","2016-11-15","2015-05-13","2016-10-31","2016-11-07T14:20Z","2016-11-15T13:00Z","NEON.LTR.HARV052902.20161031","NEON.LTR.HARV052902.20161031.LVS","NEON.DOC.001710vE","Leaves",23.26,"N","","jRr6tAEXvh/2EP2nqxILjbvMaL6VMLwf"
"8841e0b7-7495-49c1-a509-4dd801d7fae9","HARV_052.basePlot.ltr","D01","HARV","HARV_052","HARV_052_902","2016-11-15","2015-05-13","2016-10-31","2016-11-07T14:20Z","2016-11-15T13:00Z","NEON.LTR.HARV052902.20161031","NEON.LTR.HARV052902.20161031.WDY","NEON.DOC.001710vE","Woody material",2.09,"N","","jRr6tAEXvh/2EP2nqxILjbvMaL6VMLwf"
"1a05b976-52b3-4244-9f56-e431c395f2ed","HARV_052.basePlot.ltr","D01","HARV","HARV_052","HARV_052_902","2016-11-15","2015-05-13","2016-10-31","2016-11-07T14:20Z","2016-11-15T13:00Z","NEON.LTR.HARV052902.20161031","NEON.LTR.HARV052902.20161031.NDL","NEON.DOC.001710vE","Needles",4.19,"N","","jRr6tAEXvh/2EP2nqxILjbvMaL6VMLwf"
"37f569ff-5aa0-4b66-845a-227b715d169f","HARV_052.basePlot.ltr","D01","HARV","HARV_052","HARV_052_902","2016-11-15","2015-05-13","2016-10-31","2016-11-07T14:20Z","2016-11-15T13:00Z","NEON.LTR.HARV052902.20161031","NEON.LTR.HARV052902.20161031.TWI","NEON.DOC.001710vE","Twigs/branches",3.17,"N","","jRr6tAEXvh/2EP2nqxILjbvMaL6VMLwf"
"253eaffa-9f55-4ef0-a7b0-94c3c00a07e6","HARV_052.basePlot.ltr","D01","HARV","HARV_052","HARV_052_902","2016-11-15","2015-05-13","2016-10-31","2016-11-07T14:20Z","2016-11-15T13:00Z","NEON.LTR.HARV052902.20161031","NEON.LTR.HARV052902.20161031.FLR","NEON.DOC.001710vE","Flowers",0.02,"Y","","jRr6tAEXvh/2EP2nqxILjbvMaL6VMLwf"
"b59ad4fe-afa4-4768-8250-25ae1eb2fed7","HARV_052.basePlot.ltr","D01","HARV","HARV_052","HARV_052_902","2016-11-15","2015-05-13","2016-10-31","2016-11-07T14:20Z","2016-11-15T13:00Z","NEON.LTR.HARV052902.20161031","NEON.LTR.HARV052902.20161031.SDS","NEON.DOC.001710vE","Seeds",4.75,"N","2 bags","jRr6tAEXvh/2EP2nqxILjbvMaL6VMLwf"
"c99815a6-dd71-4f35-8a6d-bca1a7bb7a7a","HARV_035.basePlot.ltr","D01","HARV","HARV_035","HARV_035_402","2016-11-15","2015-05-13","2016-10-31","2016-11-07T14:20Z","2016-11-15T13:00Z","NEON.LTR.HARV035402.20161031","NEON.LTR.HARV035402.20161031.NDL","NEON.DOC.001710vE","Needles",2.85,"N","","EkSno5X21V+6BMsaD1wBB48CY0mHxVq/"
"61e5ef59-d179-4b35-9418-cb58addc3f75","HARV_035.basePlot.ltr","D01","HARV","HARV_035","HARV_035_402","2016-11-15","2015-05-13","2016-10-31","2016-11-07T14:20Z","2016-11-15T13:00Z","NEON.LTR.HARV035402.20161031","NEON.LTR.HARV035402.20161031.OTH","NEON.DOC.001710vE","Other",0.18,"N","","EkSno5X21V+6BMsaD1wBB48CY0mHxVq/"
"1b87899e-3ccf-4220-82cf-e001eae96a49","HARV_035.basePlot.ltr","D01","HARV","HARV_035","HARV_035_402","2016-11-15","2015-05-13","2016-10-31","2016-11-07T14:20Z","2016-11-15T13:00Z","NEON.LTR.HARV035402.20161031","NEON.LTR.HARV035402.20161031.TWI","NEON.DOC.001710vE","Twigs/branches",6.55,"N","","EkSno5X21V+6BMsaD1wBB48CY0mHxVq/"
"c60e1bc1-f0d4-4567-bb33-8191d560d6b6","HARV_035.basePlot.ltr","D01","HARV","HARV_035","HARV_035_402","2016-11-15","2015-05-13","2016-10-31","2016-11-07T14:20Z","2016-11-15T13:00Z","NEON.LTR.HARV035402.20161031","NEON.LTR.HARV035402.20161031.SDS","NEON.DOC.001710vE","Seeds",0.005,"N","","EkSno5X21V+6BMsaD1wBB48CY0mHxVq/"
"5ddf839c-4f06-4baa-8541-73171bf77ce5","HARV_035.basePlot.ltr","D01","HARV","HARV_035","HARV_035_402","2016-11-15","2015-05-13","2016-10-31","2016-11-07T14:20Z","2016-11-15T13:00Z","NEON.LTR.HARV035402.20161031","NEON.LTR.HARV035402.20161031.WDY","NEON.DOC.001710vE","Woody material",0.06,"N","","EkSno5X21V+6BMsaD1wBB48CY0mHxVq/"
"75b91839-b283-48c1-b179-80b1de31c265","HARV_035.basePlot.ltr","D01","HARV","HARV_035","HARV_035_402","2016-11-15","2015-05-13","2016-10-31","2016-11-07T14:20Z","2016-11-15T13:00Z","NEON.LTR.HARV035402.20161031","NEON.LTR.HARV035402.20161031.LVS","NEON.DOC.001710vE","Leaves",35.31,"N","","EkSno5X21V+6BMsaD1wBB48CY0mHxVq/"
"3fbd039f-0c06-47ab-9470-5317039f37d1","HARV_035.basePlot.ltr","D01","HARV","HARV_035","HARV_035_402","2016-11-15","2015-05-13","2016-10-31","2016-11-07T14:20Z","2016-11-15T13:00Z","NEON.LTR.HARV035402.20161031","NEON.LTR.HARV035402.20161031.FLR","NEON.DOC.001710vE","Flowers",0.09,"N","","EkSno5X21V+6BMsaD1wBB48CY0mHxVq/"
"d8a122f9-3abf-43bb-a939-802eff83b0b2","HARV_043.basePlot.ltr","D01","HARV","HARV_043","HARV_043_007","2016-11-15","2015-05-13","2016-10-31","2016-11-07T14:20Z","2016-11-15T13:00Z","NEON.LTR.HARV043007.20161031","NEON.LTR.HARV043007.20161031.NDL","NEON.DOC.001710vE","Needles",6.17,"N","","jRr6tAEXvh/2EP2nqxILjbvMaL6VMLwf"
"8d8180fc-c199-4741-8d66-59e63dded4f1","HARV_043.basePlot.ltr","D01","HARV","HARV_043","HARV_043_007","2016-11-15","2015-05-13","2016-10-31","2016-11-07T14:20Z","2016-11-15T13:00Z","NEON.LTR.HARV043007.20161031","NEON.LTR.HARV043007.20161031.OTH","NEON.DOC.001710vE","Other",0.46,"N","","jRr6tAEXvh/2EP2nqxILjbvMaL6VMLwf"
"c20bc1ee-5354-4f6d-8653-2ec84b92e420","HARV_043.basePlot.ltr","D01","HARV","HARV_043","HARV_043_007","2016-11-15","2015-05-13","2016-10-31","2016-11-07T14:20Z","2016-11-15T13:00Z","NEON.LTR.HARV043007.20161031","NEON.LTR.HARV043007.20161031.TWI","NEON.DOC.001710vE","Twigs/branches",4.62,"N","","jRr6tAEXvh/2EP2nqxILjbvMaL6VMLwf"
"0f3b0641-a5ce-4e92-80d8-54242591f872","HARV_048.basePlot.ltr","D01","HARV","HARV_048","HARV_048_701","2016-11-15","2015-05-14","2016-10-31","2016-11-07T14:20Z","2016-11-15T13:00Z","NEON.LTR.HARV048701.20161031","NEON.LTR.HARV048701.20161031.OTH","NEON.DOC.001710vE","Other",0.35,"N","","EkSno5X21V+6BMsaD1wBB48CY0mHxVq/"
"1367d43e-0318-4891-91e6-012836f930cf","HARV_043.basePlot.ltr","D01","HARV","HARV_043","HARV_043_550","2016-11-15","2015-05-14","2016-10-31","2016-11-07T14:20Z","2016-11-15T13:00Z","NEON.LTR.HARV043550.20161031","NEON.LTR.HARV043550.20161031.TWI","NEON.DOC.001710vE","Twigs/branches",1.63,"N","","jRr6tAEXvh/2EP2nqxILjbvMaL6VMLwf"
"c4a31d7d-665d-4e2b-9dc7-86d5419a7447","HARV_048.basePlot.ltr","D01","HARV","HARV_048","HARV_048_701","2016-11-15","2015-05-14","2016-10-31","2016-11-07T14:20Z","2016-11-15T13:00Z","NEON.LTR.HARV048701.20161031","NEON.LTR.HARV048701.20161031.NDL","NEON.DOC.001710vE","Needles",1.91,"N","","EkSno5X21V+6BMsaD1wBB48CY0mHxVq/"
"0c091097-7a9e-4bb8-86cf-06ed37fbd55b","HARV_048.basePlot.ltr","D01","HARV","HARV_048","HARV_048_701","2016-11-15","2015-05-14","2016-10-31","2016-11-07T14:20Z","2016-11-15T13:00Z","NEON.LTR.HARV048701.20161031","NEON.LTR.HARV048701.20161031.SDS","NEON.DOC.001710vE","Seeds",9.83,"N","2 bags - 9.83 and 0.00","EkSno5X21V+6BMsaD1wBB48CY0mHxVq/"
"26176f2a-ed15-418e-ad0a-497a3a53dbc4","HARV_048.basePlot.ltr","D01","HARV","HARV_048","HARV_048_701","2016-11-15","2015-05-14","2016-10-31","2016-11-07T14:20Z","2016-11-15T13:00Z","NEON.LTR.HARV048701.20161031","NEON.LTR.HARV048701.20161031.TWI","NEON.DOC.001710vE","Twigs/branches",0.66,"N","","EkSno5X21V+6BMsaD1wBB48CY0mHxVq/"
"20ff924e-15ba-409b-ae75-25726a1b038e","HARV_048.basePlot.ltr","D01","HARV","HARV_048","HARV_048_701","2016-11-15","2015-05-14","2016-10-31","2016-11-07T14:20Z","2016-11-15T13:00Z","NEON.LTR.HARV048701.20161031","NEON.LTR.HARV048701.20161031.FLR","NEON.DOC.001710vE","Flowers",0.005,"Y","","EkSno5X21V+6BMsaD1wBB48CY0mHxVq/"
"29835d53-638e-48bb-81d5-348924f2e874","HARV_048.basePlot.ltr","D01","HARV","HARV_048","HARV_048_701","2016-11-15","2015-05-14","2016-10-31","2016-11-07T14:20Z","2016-11-15T13:00Z","NEON.LTR.HARV048701.20161031","NEON.LTR.HARV048701.20161031.WDY","NEON.DOC.001710vE","Woody material",1.23,"N","","EkSno5X21V+6BMsaD1wBB48CY0mHxVq/"
"cbcff255-8a7a-4abf-827c-c7b76d868106","HARV_048.basePlot.ltr","D01","HARV","HARV_048","HARV_048_355","2016-11-15","2015-05-14","2016-10-31","2016-11-07T14:20Z","2016-11-15T13:00Z","NEON.LTR.HARV048355.20161031","NEON.LTR.HARV048355.20161031.FLR","NEON.DOC.001710vE","Flowers",0.005,"N","","jRr6tAEXvh/2EP2nqxILjbvMaL6VMLwf"
"86d1e286-486e-4945-8ed9-b431d07bb265","HARV_048.basePlot.ltr","D01","HARV","HARV_048","HARV_048_355","2016-11-15","2015-05-14","2016-10-31","2016-11-07T14:20Z","2016-11-15T13:00Z","NEON.LTR.HARV048355.20161031","NEON.LTR.HARV048355.20161031.OTH","NEON.DOC.001710vE","Other",6.11,"N","mostly needles","jRr6tAEXvh/2EP2nqxILjbvMaL6VMLwf"
"0d88f2ff-27e9-4642-bfe1-cddfa09edeb0","HARV_048.basePlot.ltr","D01","HARV","HARV_048","HARV_048_355","2016-11-15","2015-05-14","2016-10-31","2016-11-07T14:20Z","2016-11-15T13:00Z","NEON.LTR.HARV048355.20161031","NEON.LTR.HARV048355.20161031.TWI","NEON.DOC.001710vE","Twigs/branches",1.09,"N","","jRr6tAEXvh/2EP2nqxILjbvMaL6VMLwf"
"ce644adf-fc0e-4c7f-b2f2-4f08be209884","HARV_048.basePlot.ltr","D01","HARV","HARV_048","HARV_048_355","2016-11-15","2015-05-14","2016-10-31","2016-11-07T14:20Z","2016-11-15T13:00Z","NEON.LTR.HARV048355.20161031","NEON.LTR.HARV048355.20161031.NDL","NEON.DOC.001710vE","Needles",5.18,"N","","jRr6tAEXvh/2EP2nqxILjbvMaL6VMLwf"
"a2be8323-7cb9-4be2-9e76-34a80a63a891","HARV_048.basePlot.ltr","D01","HARV","HARV_048","HARV_048_355","2016-11-15","2015-05-14","2016-10-31","2016-11-07T14:20Z","2016-11-15T13:00Z","NEON.LTR.HARV048355.20161031","NEON.LTR.HARV048355.20161031.WDY","NEON.DOC.001710vE","Woody material",0.21,"N","","jRr6tAEXvh/2EP2nqxILjbvMaL6VMLwf"
"6c5f01a9-5ad7-4425-aa5d-62896f53db23","HARV_048.basePlot.ltr","D01","HARV","HARV_048","HARV_048_355","2016-11-15","2015-05-14","2016-10-31","2016-11-07T14:20Z","2016-11-15T13:00Z","NEON.LTR.HARV048355.20161031","NEON.LTR.HARV048355.20161031.LVS","NEON.DOC.001710vE","Leaves",51.46,"Y","","jRr6tAEXvh/2EP2nqxILjbvMaL6VMLwf"
"42b3d832-d83f-49a0-b5b1-5d3ea74f8bae","HARV_048.basePlot.ltr","D01","HARV","HARV_048","HARV_048_355","2016-11-15","2015-05-14","2016-10-31","2016-11-07T14:20Z","2016-11-15T13:00Z","NEON.LTR.HARV048355.20161031","NEON.LTR.HARV048355.20161031.SDS","NEON.DOC.001710vE","Seeds",0.005,"N","","jRr6tAEXvh/2EP2nqxILjbvMaL6VMLwf"
"7bb4757e-4ef8-406e-8694-490b10f15dc4","HARV_043.basePlot.ltr","D01","HARV","HARV_043","HARV_043_550","2016-11-15","2015-05-14","2016-10-31","2016-11-07T14:20Z","2016-11-15T13:00Z","NEON.LTR.HARV043550.20161031","NEON.LTR.HARV043550.20161031.FLR","NEON.DOC.001710vE","Flowers",0.005,"N","","jRr6tAEXvh/2EP2nqxILjbvMaL6VMLwf"
"f672ed84-21b6-4809-a9d8-9c69848d52f9","HARV_043.basePlot.ltr","D01","HARV","HARV_043","HARV_043_550","2016-11-15","2015-05-14","2016-10-31","2016-11-07T14:20Z","2016-11-15T13:00Z","NEON.LTR.HARV043550.20161031","NEON.LTR.HARV043550.20161031.LVS","NEON.DOC.001710vE","Leaves",31.87,"N","","jRr6tAEXvh/2EP2nqxILjbvMaL6VMLwf"
"fe9b8f20-2cf2-497a-ac3b-2f134caa94c7","HARV_043.basePlot.ltr","D01","HARV","HARV_043","HARV_043_550","2016-11-15","2015-05-14","2016-10-31","2016-11-07T14:20Z","2016-11-15T13:00Z","NEON.LTR.HARV043550.20161031","NEON.LTR.HARV043550.20161031.SDS","NEON.DOC.001710vE","Seeds",0.005,"N","","jRr6tAEXvh/2EP2nqxILjbvMaL6VMLwf"
"d15712b1-0b0d-43e0-b8cb-630627e40750","HARV_043.basePlot.ltr","D01","HARV","HARV_043","HARV_043_550","2016-11-15","2015-05-14","2016-10-31","2016-11-07T14:20Z","2016-11-15T13:00Z","NEON.LTR.HARV043550.20161031","NEON.LTR.HARV043550.20161031.NDL","NEON.DOC.001710vE","Needles",4.79,"N","","jRr6tAEXvh/2EP2nqxILjbvMaL6VMLwf"
"195a5f82-abab-4b3f-9a1a-f01cb5739d50","HARV_043.basePlot.ltr","D01","HARV","HARV_043","HARV_043_550","2016-11-15","2015-05-14","2016-10-31","2016-11-07T14:20Z","2016-11-15T13:00Z","NEON.LTR.HARV043550.20161031","NEON.LTR.HARV043550.20161031.OTH","NEON.DOC.001710vE","Other",0.14,"N","","jRr6tAEXvh/2EP2nqxILjbvMaL6VMLwf"
"41a6116e-b8da-44cb-9b04-369f4e72c2c5","HARV_043.basePlot.ltr","D01","HARV","HARV_043","HARV_043_550","2016-11-15","2015-05-14","2016-10-31","2016-11-07T14:20Z","2016-11-15T13:00Z","NEON.LTR.HARV043550.20161031","NEON.LTR.HARV043550.20161031.WDY","NEON.DOC.001710vE","Woody material",0.11,"N","","jRr6tAEXvh/2EP2nqxILjbvMaL6VMLwf"
"42574cb0-2f47-4b87-8b7e-802401b8117f","HARV_048.basePlot.ltr","D01","HARV","HARV_048","HARV_048_701","2016-11-15","2015-05-14","2016-10-31","2016-11-07T14:20Z","2016-11-15T13:00Z","NEON.LTR.HARV048701.20161031","NEON.LTR.HARV048701.20161031.LVS","NEON.DOC.001710vE","Leaves",45.84,"N","","EkSno5X21V+6BMsaD1wBB48CY0mHxVq/"
"980e0dee-05b8-4c53-884c-7505f56295d4","HARV_050.basePlot.ltr","D01","HARV","HARV_050","HARV_050_947","2016-11-15","2015-05-15","2016-10-31","2016-11-07T14:20Z","2016-11-15T13:00Z","NEON.LTR.HARV050947.20161031","NEON.LTR.HARV050947.20161031.TWI","NEON.DOC.001710vE","Twigs/branches",1.11,"N","","jRr6tAEXvh/2EP2nqxILjbvMaL6VMLwf"
"654dbe6e-513d-4409-bc02-99e5a13ae9fe","HARV_050.basePlot.ltr","D01","HARV","HARV_050","HARV_050_947","2016-11-15","2015-05-15","2016-10-31","2016-11-07T14:20Z","2016-11-15T13:00Z","NEON.LTR.HARV050947.20161031","NEON.LTR.HARV050947.20161031.SDS","NEON.DOC.001710vE","Seeds",0.005,"Y","","jRr6tAEXvh/2EP2nqxILjbvMaL6VMLwf"
"55aabb5d-a8f3-42c3-9bc6-e0c2018dd06e","HARV_050.basePlot.ltr","D01","HARV","HARV_050","HARV_050_947","2016-11-15","2015-05-15","2016-10-31","2016-11-07T14:20Z","2016-11-15T13:00Z","NEON.LTR.HARV050947.20161031","NEON.LTR.HARV050947.20161031.NDL","NEON.DOC.001710vE","Needles",7.6,"N","","jRr6tAEXvh/2EP2nqxILjbvMaL6VMLwf"
"ce501561-0339-40ea-b7c6-daff49632185","HARV_050.basePlot.ltr","D01","HARV","HARV_050","HARV_050_947","2016-11-15","2015-05-15","2016-10-31","2016-11-07T14:20Z","2016-11-15T13:00Z","NEON.LTR.HARV050947.20161031","NEON.LTR.HARV050947.20161031.WDY","NEON.DOC.001710vE","Woody material",1.24,"N","","jRr6tAEXvh/2EP2nqxILjbvMaL6VMLwf"
"94c792c2-223e-43fe-a3b0-b10621427c69","HARV_050.basePlot.ltr","D01","HARV","HARV_050","HARV_050_947","2016-11-15","2015-05-15","2016-10-31","2016-11-07T14:20Z","2016-11-15T13:00Z","NEON.LTR.HARV050947.20161031","NEON.LTR.HARV050947.20161031.LVS","NEON.DOC.001710vE","Leaves",32.28,"N","","jRr6tAEXvh/2EP2nqxILjbvMaL6VMLwf"
"71db0b0c-7511-4fcc-8ee1-20b8d55a87ea","HARV_049.basePlot.ltr","D01","HARV","HARV_049","HARV_049_437","2016-11-15","2015-05-15","2016-10-31","2016-11-07T14:20Z","2016-11-15T13:00Z","NEON.LTR.HARV049437.20161031","NEON.LTR.HARV049437.20161031.TWI","NEON.DOC.001710vE","Twigs/branches",3.36,"Y","","jRr6tAEXvh/2EP2nqxILjbvMaL6VMLwf"
"a9e55248-f5c8-4534-a571-c59dc3ceace5","HARV_049.basePlot.ltr","D01","HARV","HARV_049","HARV_049_437","2016-11-15","2015-05-15","2016-10-31","2016-11-07T14:20Z","2016-11-15T13:00Z","NEON.LTR.HARV049437.20161031","NEON.LTR.HARV049437.20161031.WDY","NEON.DOC.001710vE","Woody material",0.06,"Y","","jRr6tAEXvh/2EP2nqxILjbvMaL6VMLwf"
"47b35774-40e6-4219-a1c1-3b3526d49ce7","HARV_049.basePlot.ltr","D01","HARV","HARV_049","HARV_049_437","2016-11-15","2015-05-15","2016-10-31","2016-11-07T14:20Z","2016-11-15T13:00Z","NEON.LTR.HARV049437.20161031","NEON.LTR.HARV049437.20161031.FLR","NEON.DOC.001710vE","Flowers",0.005,"N","","jRr6tAEXvh/2EP2nqxILjbvMaL6VMLwf"
"c0bf6f1f-662f-401b-b7b4-8096af429b29","HARV_049.basePlot.ltr","D01","HARV","HARV_049","HARV_049_437","2016-11-15","2015-05-15","2016-10-31","2016-11-07T14:20Z","2016-11-15T13:00Z","NEON.LTR.HARV049437.20161031","NEON.LTR.HARV049437.20161031.OTH","NEON.DOC.001710vE","Other",1.17,"N","","jRr6tAEXvh/2EP2nqxILjbvMaL6VMLwf"
"515b32f7-55b0-406c-946d-70119fc63002","HARV_049.basePlot.ltr","D01","HARV","HARV_049","HARV_049_437","2016-11-15","2015-05-15","2016-10-31","2016-11-07T14:20Z","2016-11-15T13:00Z","NEON.LTR.HARV049437.20161031","NEON.LTR.HARV049437.20161031.LVS","NEON.DOC.001710vE","Leaves",21.8,"N","","jRr6tAEXvh/2EP2nqxILjbvMaL6VMLwf"
"5250c761-c12e-4b97-b93a-acdebeffb3fb","HARV_049.basePlot.ltr","D01","HARV","HARV_049","HARV_049_437","2016-11-15","2015-05-15","2016-10-31","2016-11-07T14:20Z","2016-11-15T13:00Z","NEON.LTR.HARV049437.20161031","NEON.LTR.HARV049437.20161031.NDL","NEON.DOC.001710vE","Needles",32.74,"N","","jRr6tAEXvh/2EP2nqxILjbvMaL6VMLwf"
"3978a7e5-feb5-4232-aaab-9aaf4227f828","HARV_049.basePlot.ltr","D01","HARV","HARV_049","HARV_049_437","2016-11-15","2015-05-15","2016-10-31","2016-11-07T14:20Z","2016-11-15T13:00Z","NEON.LTR.HARV049437.20161031","NEON.LTR.HARV049437.20161031.SDS","NEON.DOC.001710vE","Seeds",0.95,"N","","jRr6tAEXvh/2EP2nqxILjbvMaL6VMLwf"
"776dc25a-19b4-4009-9d7c-41fb00bcd9bc","HARV_049.basePlot.ltr","D01","HARV","HARV_049","HARV_049_890","2016-11-15","2015-05-15","2016-10-31","2016-11-07T14:20Z","2016-11-15T13:00Z","NEON.LTR.HARV049890.20161031","NEON.LTR.HARV049890.20161031.OTH","NEON.DOC.001710vE","Other",0.35,"N","","jRr6tAEXvh/2EP2nqxILjbvMaL6VMLwf"
"0e08a902-dcdb-4ee4-9642-2313e1d49943","HARV_049.basePlot.ltr","D01","HARV","HARV_049","HARV_049_890","2016-11-15","2015-05-15","2016-10-31","2016-11-07T14:20Z","2016-11-15T13:00Z","NEON.LTR.HARV049890.20161031","NEON.LTR.HARV049890.20161031.LVS","NEON.DOC.001710vE","Leaves",26.38,"N","","jRr6tAEXvh/2EP2nqxILjbvMaL6VMLwf"
"adc011b6-e0a1-49f7-9a25-0df7622dbedd","HARV_049.basePlot.ltr","D01","HARV","HARV_049","HARV_049_890","2016-11-15","2015-05-15","2016-10-31","2016-11-07T14:20Z","2016-11-15T13:00Z","NEON.LTR.HARV049890.20161031","NEON.LTR.HARV049890.20161031.SDS","NEON.DOC.001710vE","Seeds",0.005,"N","","jRr6tAEXvh/2EP2nqxILjbvMaL6VMLwf"
"ac96f83c-ffbe-4d2d-a975-5b119fd85184","HARV_049.basePlot.ltr","D01","HARV","HARV_049","HARV_049_890","2016-11-15","2015-05-15","2016-10-31","2016-11-07T14:20Z","2016-11-15T13:00Z","NEON.LTR.HARV049890.20161031","NEON.LTR.HARV049890.20161031.NDL","NEON.DOC.001710vE","Needles",4.02,"N","","jRr6tAEXvh/2EP2nqxILjbvMaL6VMLwf"
"9b8a9cc7-f77f-432e-8061-14b31162e49a","HARV_049.basePlot.ltr","D01","HARV","HARV_049","HARV_049_890","2016-11-15","2015-05-15","2016-10-31","2016-11-07T14:20Z","2016-11-15T13:00Z","NEON.LTR.HARV049890.20161031","NEON.LTR.HARV049890.20161031.FLR","NEON.DOC.001710vE","Flowers",0.005,"N","","jRr6tAEXvh/2EP2nqxILjbvMaL6VMLwf"
"f71d038d-6b16-438e-a94a-f3597cf34c63","HARV_049.basePlot.ltr","D01","HARV","HARV_049","HARV_049_890","2016-11-15","2015-05-15","2016-10-31","2016-11-07T14:20Z","2016-11-15T13:00Z","NEON.LTR.HARV049890.20161031","NEON.LTR.HARV049890.20161031.WDY","NEON.DOC.001710vE","Woody material",2.62,"N","","jRr6tAEXvh/2EP2nqxILjbvMaL6VMLwf"
"44d451f4-4e2b-448e-b04f-ac886a5f05b1","HARV_049.basePlot.ltr","D01","HARV","HARV_049","HARV_049_890","2016-11-15","2015-05-15","2016-10-31","2016-11-07T14:20Z","2016-11-15T13:00Z","NEON.LTR.HARV049890.20161031","NEON.LTR.HARV049890.20161031.TWI","NEON.DOC.001710vE","Twigs/branches",4.69,"N","","jRr6tAEXvh/2EP2nqxILjbvMaL6VMLwf"
"3a4e726f-6ae7-4a92-83a9-250c37eb9a7a","HARV_041.basePlot.ltr","D01","HARV","HARV_041","HARV_041_264","2016-11-15","2015-05-15","2016-10-31","2016-11-07T14:20Z","2016-11-15T13:00Z","NEON.LTR.HARV041264.20161031","NEON.LTR.HARV041264.20161031.LVS","NEON.DOC.001710vE","Leaves",13.06,"Y","","jRr6tAEXvh/2EP2nqxILjbvMaL6VMLwf"
"bb87457b-7b21-4182-a87b-bc8e8789f783","HARV_041.basePlot.ltr","D01","HARV","HARV_041","HARV_041_264","2016-11-15","2015-05-15","2016-10-31","2016-11-07T14:20Z","2016-11-15T13:00Z","NEON.LTR.HARV041264.20161031","NEON.LTR.HARV041264.20161031.SDS","NEON.DOC.001710vE","Seeds",0.02,"N","","jRr6tAEXvh/2EP2nqxILjbvMaL6VMLwf"
"6a53f456-3289-4a12-a618-3185dc267705","HARV_041.basePlot.ltr","D01","HARV","HARV_041","HARV_041_264","2016-11-15","2015-05-15","2016-10-31","2016-11-07T14:20Z","2016-11-15T13:00Z","NEON.LTR.HARV041264.20161031","NEON.LTR.HARV041264.20161031.WDY","NEON.DOC.001710vE","Woody material",0.75,"N","","jRr6tAEXvh/2EP2nqxILjbvMaL6VMLwf"
"6f13416d-1f3a-4cfa-93cd-10521b4ffd55","HARV_041.basePlot.ltr","D01","HARV","HARV_041","HARV_041_264","2016-11-15","2015-05-15","2016-10-31","2016-11-07T14:20Z","2016-11-15T13:00Z","NEON.LTR.HARV041264.20161031","NEON.LTR.HARV041264.20161031.TWI","NEON.DOC.001710vE","Twigs/branches",1.22,"N","","jRr6tAEXvh/2EP2nqxILjbvMaL6VMLwf"
"1aeb4967-5343-40a7-baaa-a639f1ef8335","HARV_041.basePlot.ltr","D01","HARV","HARV_041","HARV_041_264","2016-11-15","2015-05-15","2016-10-31","2016-11-07T14:20Z","2016-11-15T13:00Z","NEON.LTR.HARV041264.20161031","NEON.LTR.HARV041264.20161031.OTH","NEON.DOC.001710vE","Other",2.82,"N","","jRr6tAEXvh/2EP2nqxILjbvMaL6VMLwf"
"e108ac28-ce0e-474a-978e-a7edf993a7e6","HARV_041.basePlot.ltr","D01","HARV","HARV_041","HARV_041_264","2016-11-15","2015-05-15","2016-10-31","2016-11-07T14:20Z","2016-11-15T13:00Z","NEON.LTR.HARV041264.20161031","NEON.LTR.HARV041264.20161031.NDL","NEON.DOC.001710vE","Needles",18.1,"N","","jRr6tAEXvh/2EP2nqxILjbvMaL6VMLwf"
"0a983e02-5b95-4eca-b535-2afdbe8d5ed4","HARV_041.basePlot.ltr","D01","HARV","HARV_041","HARV_041_264","2016-11-15","2015-05-15","2016-10-31","2016-11-07T14:20Z","2016-11-15T13:00Z","NEON.LTR.HARV041264.20161031","NEON.LTR.HARV041264.20161031.FLR","NEON.DOC.001710vE","Flowers",0.05,"Y","","jRr6tAEXvh/2EP2nqxILjbvMaL6VMLwf"
"2d79b4f6-144f-4fe0-b7a1-3e155d380648","HARV_050.basePlot.ltr","D01","HARV","HARV_050","HARV_050_043","2016-11-15","2015-05-15","2016-10-31","2016-11-07T14:20Z","2016-11-15T13:00Z","NEON.LTR.HARV050043.20161031","NEON.LTR.HARV050043.20161031.NDL","NEON.DOC.001710vE","Needles",0.6,"N","","jRr6tAEXvh/2EP2nqxILjbvMaL6VMLwf"
"7f9d36cb-21b6-4a72-b927-ec3bdb2d6798","HARV_050.basePlot.ltr","D01","HARV","HARV_050","HARV_050_043","2016-11-15","2015-05-15","2016-10-31","2016-11-07T14:20Z","2016-11-15T13:00Z","NEON.LTR.HARV050043.20161031","NEON.LTR.HARV050043.20161031.OTH","NEON.DOC.001710vE","Other",1.94,"N","mostly needles","jRr6tAEXvh/2EP2nqxILjbvMaL6VMLwf"
"9b56f94a-c59c-46c8-9db0-ca9c06d427d0","HARV_050.basePlot.ltr","D01","HARV","HARV_050","HARV_050_043","2016-11-15","2015-05-15","2016-10-31","2016-11-07T14:20Z","2016-11-15T13:00Z","NEON.LTR.HARV050043.20161031","NEON.LTR.HARV050043.20161031.WDY","NEON.DOC.001710vE","Woody material",0.24,"N","","jRr6tAEXvh/2EP2nqxILjbvMaL6VMLwf"
"fb4cff3d-484b-4c09-a7cb-fbed2d24b448","HARV_050.basePlot.ltr","D01","HARV","HARV_050","HARV_050_043","2016-11-15","2015-05-15","2016-10-31","2016-11-07T14:20Z","2016-11-15T13:00Z","NEON.LTR.HARV050043.20161031","NEON.LTR.HARV050043.20161031.LVS","NEON.DOC.001710vE","Leaves",62.95,"N","","jRr6tAEXvh/2EP2nqxILjbvMaL6VMLwf"
"f73ac0c8-ba1b-47d6-8317-5311b8e99080","HARV_050.basePlot.ltr","D01","HARV","HARV_050","HARV_050_043","2016-11-15","2015-05-15","2016-10-31","2016-11-07T14:20Z","2016-11-15T13:00Z","NEON.LTR.HARV050043.20161031","NEON.LTR.HARV050043.20161031.FLR","NEON.DOC.001710vE","Flowers",0.07,"N","","jRr6tAEXvh/2EP2nqxILjbvMaL6VMLwf"
"218f8f51-0673-492c-a715-d9bb1248f012","HARV_050.basePlot.ltr","D01","HARV","HARV_050","HARV_050_043","2016-11-15","2015-05-15","2016-10-31","2016-11-07T14:20Z","2016-11-15T13:00Z","NEON.LTR.HARV050043.20161031","NEON.LTR.HARV050043.20161031.TWI","NEON.DOC.001710vE","Twigs/branches",4.01,"N","","jRr6tAEXvh/2EP2nqxILjbvMaL6VMLwf"
"43add2a1-ec5c-4673-8453-68e4dd0d0315","HARV_050.basePlot.ltr","D01","HARV","HARV_050","HARV_050_043","2016-11-15","2015-05-15","2016-10-31","2016-11-07T14:20Z","2016-11-15T13:00Z","NEON.LTR.HARV050043.20161031","NEON.LTR.HARV050043.20161031.SDS","NEON.DOC.001710vE","Seeds",22.74,"N","2 bag - 22.74 and 0.00","jRr6tAEXvh/2EP2nqxILjbvMaL6VMLwf"
"09d9acd1-cbdd-4edf-a970-315740bc0d8d","HARV_050.basePlot.ltr","D01","HARV","HARV_050","HARV_050_947","2016-11-15","2015-05-15","2016-10-31","2016-11-07T14:20Z","2016-11-15T13:00Z","NEON.LTR.HARV050947.20161031","NEON.LTR.HARV050947.20161031.FLR","NEON.DOC.001710vE","Flowers",0.02,"N","","jRr6tAEXvh/2EP2nqxILjbvMaL6VMLwf"
"5e6e444a-b459-4abc-b9cb-846bd23593fc","HARV_050.basePlot.ltr","D01","HARV","HARV_050","HARV_050_947","2016-11-15","2015-05-15","2016-10-31","2016-11-07T14:20Z","2016-11-15T13:00Z","NEON.LTR.HARV050947.20161031","NEON.LTR.HARV050947.20161031.OTH","NEON.DOC.001710vE","Other",0.59,"N","","jRr6tAEXvh/2EP2nqxILjbvMaL6VMLwf"
"b245356a-dbd7-40ee-a819-e01206a06c61","HARV_036.basePlot.ltr","D01","HARV","HARV_036","HARV_036_167","2016-11-15","2015-05-18","2016-10-31","2016-11-07T14:20Z","2016-11-15T13:00Z","NEON.LTR.HARV036167.20161031","NEON.LTR.HARV036167.20161031.TWI","NEON.DOC.001710vE","Twigs/branches",5.98,"N","","jRr6tAEXvh/2EP2nqxILjbvMaL6VMLwf"
"185693c3-cee7-4ed3-9382-2faa469699b3","HARV_036.basePlot.ltr","D01","HARV","HARV_036","HARV_036_167","2016-11-15","2015-05-18","2016-10-31","2016-11-07T14:20Z","2016-11-15T13:00Z","NEON.LTR.HARV036167.20161031","NEON.LTR.HARV036167.20161031.SDS","NEON.DOC.001710vE","Seeds",67.9,"N","","jRr6tAEXvh/2EP2nqxILjbvMaL6VMLwf"
"200b5e63-5cb7-458d-89af-d64ec6ece212","HARV_036.basePlot.ltr","D01","HARV","HARV_036","HARV_036_167","2016-11-15","2015-05-18","2016-10-31","2016-11-07T14:20Z","2016-11-15T13:00Z","NEON.LTR.HARV036167.20161031","NEON.LTR.HARV036167.20161031.LVS","NEON.DOC.001710vE","Leaves",118.9,"N","","jRr6tAEXvh/2EP2nqxILjbvMaL6VMLwf"
"53505964-6389-4403-b7a3-f775a0f48a78","HARV_036.basePlot.ltr","D01","HARV","HARV_036","HARV_036_167","2016-11-15","2015-05-18","2016-10-31","2016-11-07T14:20Z","2016-11-15T13:00Z","NEON.LTR.HARV036167.20161031","NEON.LTR.HARV036167.20161031.NDL","NEON.DOC.001710vE","Needles",0.07,"N","","jRr6tAEXvh/2EP2nqxILjbvMaL6VMLwf"
"4a2b951c-3cdb-4bdb-8af9-47148f3a93ec","HARV_036.basePlot.ltr","D01","HARV","HARV_036","HARV_036_167","2016-11-15","2015-05-18","2016-10-31","2016-11-07T14:20Z","2016-11-15T13:00Z","NEON.LTR.HARV036167.20161031","NEON.LTR.HARV036167.20161031.FLR","NEON.DOC.001710vE","Flowers",0,"N","none collected","jRr6tAEXvh/2EP2nqxILjbvMaL6VMLwf"
"4681cf1e-c236-445c-a8f6-58f78f8076b8","HARV_036.basePlot.ltr","D01","HARV","HARV_036","HARV_036_167","2016-11-15","2015-05-18","2016-10-31","2016-11-07T14:20Z","2016-11-15T13:00Z","NEON.LTR.HARV036167.20161031","NEON.LTR.HARV036167.20161031.OTH","NEON.DOC.001710vE","Other",4.47,"N","","jRr6tAEXvh/2EP2nqxILjbvMaL6VMLwf"
"d55c814a-e9ce-4329-a83e-6ca6dda27a8a","HARV_036.basePlot.ltr","D01","HARV","HARV_036","HARV_036_167","2016-11-15","2015-05-18","2016-10-31","2016-11-07T14:20Z","2016-11-15T13:00Z","NEON.LTR.HARV036167.20161031","NEON.LTR.HARV036167.20161031.WDY","NEON.DOC.001710vE","Woody material",0.32,"N","","jRr6tAEXvh/2EP2nqxILjbvMaL6VMLwf"
"32a3208d-3965-4de2-b805-8cfa86c071fa","HARV_040.basePlot.ltr","D01","HARV","HARV_040","HARV_040_292","2016-11-15","2015-05-18","2016-10-31","2016-11-07T14:20Z","2016-11-15T13:00Z","NEON.LTR.HARV040292.20161031","NEON.LTR.HARV040292.20161031.LVS","NEON.DOC.001710vE","Leaves",41.19,"N","","jRr6tAEXvh/2EP2nqxILjbvMaL6VMLwf"
"99a5c995-1838-4f99-883e-c885e5af89a5","HARV_040.basePlot.ltr","D01","HARV","HARV_040","HARV_040_292","2016-11-15","2015-05-18","2016-10-31","2016-11-07T14:20Z","2016-11-15T13:00Z","NEON.LTR.HARV040292.20161031","NEON.LTR.HARV040292.20161031.NDL","NEON.DOC.001710vE","Needles",0.24,"N","","jRr6tAEXvh/2EP2nqxILjbvMaL6VMLwf"
"09a9ab89-fe4e-445c-99ae-1e6e1e535b6f","HARV_040.basePlot.ltr","D01","HARV","HARV_040","HARV_040_292","2016-11-15","2015-05-18","2016-10-31","2016-11-07T14:20Z","2016-11-15T13:00Z","NEON.LTR.HARV040292.20161031","NEON.LTR.HARV040292.20161031.WDY","NEON.DOC.001710vE","Woody material",0.005,"N","","jRr6tAEXvh/2EP2nqxILjbvMaL6VMLwf"
"018c6e32-5648-4e99-9582-3699ebda589d","HARV_040.basePlot.ltr","D01","HARV","HARV_040","HARV_040_292","2016-11-15","2015-05-18","2016-10-31","2016-11-07T14:20Z","2016-11-15T13:00Z","NEON.LTR.HARV040292.20161031","NEON.LTR.HARV040292.20161031.FLR","NEON.DOC.001710vE","Flowers",0.25,"N","","jRr6tAEXvh/2EP2nqxILjbvMaL6VMLwf"
"84efe454-2125-402e-bb77-e60e8e756b4c","HARV_040.basePlot.ltr","D01","HARV","HARV_040","HARV_040_292","2016-11-15","2015-05-18","2016-10-31","2016-11-07T14:20Z","2016-11-15T13:00Z","NEON.LTR.HARV040292.20161031","NEON.LTR.HARV040292.20161031.SDS","NEON.DOC.001710vE","Seeds",0.005,"N","","jRr6tAEXvh/2EP2nqxILjbvMaL6VMLwf"
"6b7331b9-afcd-4f8e-84e5-c738d1cd1b99","HARV_040.basePlot.ltr","D01","HARV","HARV_040","HARV_040_292","2016-11-15","2015-05-18","2016-10-31","2016-11-07T14:20Z","2016-11-15T13:00Z","NEON.LTR.HARV040292.20161031","NEON.LTR.HARV040292.20161031.TWI","NEON.DOC.001710vE","Twigs/branches",1.59,"N","","jRr6tAEXvh/2EP2nqxILjbvMaL6VMLwf"
"a5e7affd-2b84-4c49-b264-356175efe1b9","HARV_040.basePlot.ltr","D01","HARV","HARV_040","HARV_040_292","2016-11-15","2015-05-18","2016-10-31","2016-11-07T14:20Z","2016-11-15T13:00Z","NEON.LTR.HARV040292.20161031","NEON.LTR.HARV040292.20161031.OTH","NEON.DOC.001710vE","Other",0.2,"N","","jRr6tAEXvh/2EP2nqxILjbvMaL6VMLwf"
"dbae4deb-024b-473e-bb94-66d5cccc049d","HARV_047.basePlot.ltr","D01","HARV","HARV_047","HARV_047_111","2016-11-15","2015-05-18","2016-10-31","2016-11-07T14:20Z","2016-11-15T13:00Z","NEON.LTR.HARV047111.20161031","NEON.LTR.HARV047111.20161031.SDS","NEON.DOC.001710vE","Seeds",0.67,"N","","EkSno5X21V+6BMsaD1wBB48CY0mHxVq/"
"1e9ff757-b6be-4059-b83f-4c1d197c1718","HARV_047.basePlot.ltr","D01","HARV","HARV_047","HARV_047_111","2016-11-15","2015-05-18","2016-10-31","2016-11-07T14:20Z","2016-11-15T13:00Z","NEON.LTR.HARV047111.20161031","NEON.LTR.HARV047111.20161031.LVS","NEON.DOC.001710vE","Leaves",93,"N","","EkSno5X21V+6BMsaD1wBB48CY0mHxVq/"
"be1d859b-5006-43b3-8ca5-2b160bf840a3","HARV_047.basePlot.ltr","D01","HARV","HARV_047","HARV_047_111","2016-11-15","2015-05-18","2016-10-31","2016-11-07T14:20Z","2016-11-15T13:00Z","NEON.LTR.HARV047111.20161031","NEON.LTR.HARV047111.20161031.FLR","NEON.DOC.001710vE","Flowers",0.005,"N","","EkSno5X21V+6BMsaD1wBB48CY0mHxVq/"
"bd7b50ab-6f57-4974-b5b3-02694ad21475","HARV_047.basePlot.ltr","D01","HARV","HARV_047","HARV_047_111","2016-11-15","2015-05-18","2016-10-31","2016-11-07T14:20Z","2016-11-15T13:00Z","NEON.LTR.HARV047111.20161031","NEON.LTR.HARV047111.20161031.NDL","NEON.DOC.001710vE","Needles",0.01,"N","","EkSno5X21V+6BMsaD1wBB48CY0mHxVq/"
"76baf966-21d3-4fe6-93ef-5b1e87c5bd73","HARV_047.basePlot.ltr","D01","HARV","HARV_047","HARV_047_111","2016-11-15","2015-05-18","2016-10-31","2016-11-07T14:20Z","2016-11-15T13:00Z","NEON.LTR.HARV047111.20161031","NEON.LTR.HARV047111.20161031.OTH","NEON.DOC.001710vE","Other",0.28,"N","","EkSno5X21V+6BMsaD1wBB48CY0mHxVq/"
"a0da8804-a966-40b4-beba-acd8dba0fb44","HARV_047.basePlot.ltr","D01","HARV","HARV_047","HARV_047_111","2016-11-15","2015-05-18","2016-10-31","2016-11-07T14:20Z","2016-11-15T13:00Z","NEON.LTR.HARV047111.20161031","NEON.LTR.HARV047111.20161031.WDY","NEON.DOC.001710vE","Woody material",0.005,"N","","EkSno5X21V+6BMsaD1wBB48CY0mHxVq/"
"5d16797b-e0a8-43a5-9965-6b8c5175497f","HARV_047.basePlot.ltr","D01","HARV","HARV_047","HARV_047_111","2016-11-15","2015-05-18","2016-10-31","2016-11-07T14:20Z","2016-11-15T13:00Z","NEON.LTR.HARV047111.20161031","NEON.LTR.HARV047111.20161031.TWI","NEON.DOC.001710vE","Twigs/branches",0.4,"N","","EkSno5X21V+6BMsaD1wBB48CY0mHxVq/"
"50955aeb-a1ab-4a1a-bc5e-ecb6390b7345","HARV_040.basePlot.ltr","D01","HARV","HARV_040","HARV_040_849","2016-11-15","2015-05-18","2016-10-31","2016-11-07T14:20Z","2016-11-15T13:00Z","NEON.LTR.HARV040849.20161031","NEON.LTR.HARV040849.20161031.SDS","NEON.DOC.001710vE","Seeds",0.005,"N","","jRr6tAEXvh/2EP2nqxILjbvMaL6VMLwf"
"427f7845-f63d-4b23-88b2-7f7a120de75c","HARV_040.basePlot.ltr","D01","HARV","HARV_040","HARV_040_849","2016-11-15","2015-05-18","2016-10-31","2016-11-07T14:20Z","2016-11-15T13:00Z","NEON.LTR.HARV040849.20161031","NEON.LTR.HARV040849.20161031.NDL","NEON.DOC.001710vE","Needles",1.36,"N","","jRr6tAEXvh/2EP2nqxILjbvMaL6VMLwf"
"dc0df4fb-6979-4a84-8100-2157b46fbbef","HARV_040.basePlot.ltr","D01","HARV","HARV_040","HARV_040_849","2016-11-15","2015-05-18","2016-10-31","2016-11-07T14:20Z","2016-11-15T13:00Z","NEON.LTR.HARV040849.20161031","NEON.LTR.HARV040849.20161031.LVS","NEON.DOC.001710vE","Leaves",12.1,"N","","jRr6tAEXvh/2EP2nqxILjbvMaL6VMLwf"
"e703af5c-1973-491f-9a37-fb8c35c9c21c","HARV_040.basePlot.ltr","D01","HARV","HARV_040","HARV_040_849","2016-11-15","2015-05-18","2016-10-31","2016-11-07T14:20Z","2016-11-15T13:00Z","NEON.LTR.HARV040849.20161031","NEON.LTR.HARV040849.20161031.WDY","NEON.DOC.001710vE","Woody material",0.05,"N","","jRr6tAEXvh/2EP2nqxILjbvMaL6VMLwf"
"97f787a8-7207-433b-a6eb-2b022e5a901c","HARV_040.basePlot.ltr","D01","HARV","HARV_040","HARV_040_849","2016-11-15","2015-05-18","2016-10-31","2016-11-07T14:20Z","2016-11-15T13:00Z","NEON.LTR.HARV040849.20161031","NEON.LTR.HARV040849.20161031.TWI","NEON.DOC.001710vE","Twigs/branches",5.53,"N","","jRr6tAEXvh/2EP2nqxILjbvMaL6VMLwf"
"29412233-e918-4d28-bfa7-fcb76fe9aa0f","HARV_040.basePlot.ltr","D01","HARV","HARV_040","HARV_040_849","2016-11-15","2015-05-18","2016-10-31","2016-11-07T14:20Z","2016-11-15T13:00Z","NEON.LTR.HARV040849.20161031","NEON.LTR.HARV040849.20161031.FLR","NEON.DOC.001710vE","Flowers",0.005,"Y","","jRr6tAEXvh/2EP2nqxILjbvMaL6VMLwf"
"99742650-6a3a-4acf-84e1-464b99296666","HARV_040.basePlot.ltr","D01","HARV","HARV_040","HARV_040_849","2016-11-15","2015-05-18","2016-10-31","2016-11-07T14:20Z","2016-11-15T13:00Z","NEON.LTR.HARV040849.20161031","NEON.LTR.HARV040849.20161031.OTH","NEON.DOC.001710vE","Other",0.1,"Y","","jRr6tAEXvh/2EP2nqxILjbvMaL6VMLwf"
"c34b58b1-5b9b-465a-8c67-ed336b54d21c","HARV_045.basePlot.ltr","D01","HARV","HARV_045","HARV_045_201","2016-11-15","2015-05-18","2016-10-31","2016-11-07T14:20Z","2016-11-15T13:00Z","NEON.LTR.HARV045201.20161031","NEON.LTR.HARV045201.20161031.WDY","NEON.DOC.001710vE","Woody material",1.52,"N","","jRr6tAEXvh/2EP2nqxILjbvMaL6VMLwf"
"923575dc-2b98-4038-87ca-91dcc5e6763b","HARV_045.basePlot.ltr","D01","HARV","HARV_045","HARV_045_201","2016-11-15","2015-05-18","2016-10-31","2016-11-07T14:20Z","2016-11-15T13:00Z","NEON.LTR.HARV045201.20161031","NEON.LTR.HARV045201.20161031.TWI","NEON.DOC.001710vE","Twigs/branches",0.65,"N","","jRr6tAEXvh/2EP2nqxILjbvMaL6VMLwf"
"a6361b1f-365a-4ac2-b0e5-a06c644f7e47","HARV_045.basePlot.ltr","D01","HARV","HARV_045","HARV_045_201","2016-11-15","2015-05-18","2016-10-31","2016-11-07T14:20Z","2016-11-15T13:00Z","NEON.LTR.HARV045201.20161031","NEON.LTR.HARV045201.20161031.LVS","NEON.DOC.001710vE","Leaves",66.37,"N","","jRr6tAEXvh/2EP2nqxILjbvMaL6VMLwf"
"78c197c3-020e-449c-90a6-77cc489d9aa6","HARV_045.basePlot.ltr","D01","HARV","HARV_045","HARV_045_201","2016-11-15","2015-05-18","2016-10-31","2016-11-07T14:20Z","2016-11-15T13:00Z","NEON.LTR.HARV045201.20161031","NEON.LTR.HARV045201.20161031.NDL","NEON.DOC.001710vE","Needles",0.29,"N","","jRr6tAEXvh/2EP2nqxILjbvMaL6VMLwf"
"734843aa-573b-4593-b65f-f7f09c3bb864","HARV_045.basePlot.ltr","D01","HARV","HARV_045","HARV_045_201","2016-11-15","2015-05-18","2016-10-31","2016-11-07T14:20Z","2016-11-15T13:00Z","NEON.LTR.HARV045201.20161031","NEON.LTR.HARV045201.20161031.FLR","NEON.DOC.001710vE","Flowers",0.02,"N","","jRr6tAEXvh/2EP2nqxILjbvMaL6VMLwf"
"da4fdcf0-2957-45b2-8375-b1e19f8c152f","HARV_045.basePlot.ltr","D01","HARV","HARV_045","HARV_045_201","2016-11-15","2015-05-18","2016-10-31","2016-11-07T14:20Z","2016-11-15T13:00Z","NEON.LTR.HARV045201.20161031","NEON.LTR.HARV045201.20161031.SDS","NEON.DOC.001710vE","Seeds",24.93,"N","2 bags - 24.93 and 0.00","jRr6tAEXvh/2EP2nqxILjbvMaL6VMLwf"
"8ff7308b-44ba-404b-9e7b-ca6493ff918e","HARV_045.basePlot.ltr","D01","HARV","HARV_045","HARV_045_201","2016-11-15","2015-05-18","2016-10-31","2016-11-07T14:20Z","2016-11-15T13:00Z","NEON.LTR.HARV045201.20161031","NEON.LTR.HARV045201.20161031.OTH","NEON.DOC.001710vE","Other",0.56,"Y","","jRr6tAEXvh/2EP2nqxILjbvMaL6VMLwf"
"391ced38-f9c5-4742-9e90-1f8eb326eedc","HARV_045.basePlot.ltr","D01","HARV","HARV_045","HARV_045_265","2016-11-15","2015-05-18","2016-10-31","2016-11-07T14:20Z","2016-11-15T13:00Z","NEON.LTR.HARV045265.20161031","NEON.LTR.HARV045265.20161031.NDL","NEON.DOC.001710vE","Needles",2.15,"N","","jRr6tAEXvh/2EP2nqxILjbvMaL6VMLwf"
"e6f2bb5f-7fdc-405c-8159-2af7a55b9fdf","HARV_045.basePlot.ltr","D01","HARV","HARV_045","HARV_045_265","2016-11-15","2015-05-18","2016-10-31","2016-11-07T14:20Z","2016-11-15T13:00Z","NEON.LTR.HARV045265.20161031","NEON.LTR.HARV045265.20161031.LVS","NEON.DOC.001710vE","Leaves",56.92,"N","","jRr6tAEXvh/2EP2nqxILjbvMaL6VMLwf"
"adcd84f0-1bd1-4b13-bcd8-b9bcadb4fb9a","HARV_045.basePlot.ltr","D01","HARV","HARV_045","HARV_045_265","2016-11-15","2015-05-18","2016-10-31","2016-11-07T14:20Z","2016-11-15T13:00Z","NEON.LTR.HARV045265.20161031","NEON.LTR.HARV045265.20161031.TWI","NEON.DOC.001710vE","Twigs/branches",0.19,"N","","jRr6tAEXvh/2EP2nqxILjbvMaL6VMLwf"
"c0ab76bb-9ba9-4dc2-b269-e37b2ccf3e9d","HARV_045.basePlot.ltr","D01","HARV","HARV_045","HARV_045_265","2016-11-15","2015-05-18","2016-10-31","2016-11-07T14:20Z","2016-11-15T13:00Z","NEON.LTR.HARV045265.20161031","NEON.LTR.HARV045265.20161031.WDY","NEON.DOC.001710vE","Woody material",0.12,"N","","jRr6tAEXvh/2EP2nqxILjbvMaL6VMLwf"
"38d37b70-9ec1-4155-b6ec-289c8fa37200","HARV_045.basePlot.ltr","D01","HARV","HARV_045","HARV_045_265","2016-11-15","2015-05-18","2016-10-31","2016-11-07T14:20Z","2016-11-15T13:00Z","NEON.LTR.HARV045265.20161031","NEON.LTR.HARV045265.20161031.SDS","NEON.DOC.001710vE","Seeds",23.11,"N","2 bags - 23.11 and 0.00","jRr6tAEXvh/2EP2nqxILjbvMaL6VMLwf"
"8997e03c-4e14-4f17-b23a-69e708b40d9a","HARV_045.basePlot.ltr","D01","HARV","HARV_045","HARV_045_265","2016-11-15","2015-05-18","2016-10-31","2016-11-07T14:20Z","2016-11-15T13:00Z","NEON.LTR.HARV045265.20161031","NEON.LTR.HARV045265.20161031.FLR","NEON.DOC.001710vE","Flowers",0.09,"N","","jRr6tAEXvh/2EP2nqxILjbvMaL6VMLwf"
"9f2a08d9-e458-40cc-bdcf-e0e1b4b0522e","HARV_045.basePlot.ltr","D01","HARV","HARV_045","HARV_045_265","2016-11-15","2015-05-18","2016-10-31","2016-11-07T14:20Z","2016-11-15T13:00Z","NEON.LTR.HARV045265.20161031","NEON.LTR.HARV045265.20161031.OTH","NEON.DOC.001710vE","Other",1.67,"Y","","jRr6tAEXvh/2EP2nqxILjbvMaL6VMLwf"
"13697589-7920-4d83-b3b0-cc720009b1d6","HARV_036.basePlot.ltr","D01","HARV","HARV_036","HARV_036_426","2016-11-15","2015-05-18","2016-10-31","2016-11-07T14:20Z","2016-11-15T13:00Z","NEON.LTR.HARV036426.20161031","NEON.LTR.HARV036426.20161031.NDL","NEON.DOC.001710vE","Needles",0.005,"N","","EkSno5X21V+6BMsaD1wBB48CY0mHxVq/"
"62c11ed8-b131-4c12-af84-e1013233d13f","HARV_036.basePlot.ltr","D01","HARV","HARV_036","HARV_036_426","2016-11-15","2015-05-18","2016-10-31","2016-11-07T14:20Z","2016-11-15T13:00Z","NEON.LTR.HARV036426.20161031","NEON.LTR.HARV036426.20161031.TWI","NEON.DOC.001710vE","Twigs/branches",12.94,"N","","EkSno5X21V+6BMsaD1wBB48CY0mHxVq/"
"70b05915-50e1-4e81-b459-51cd56585b70","HARV_036.basePlot.ltr","D01","HARV","HARV_036","HARV_036_426","2016-11-15","2015-05-18","2016-10-31","2016-11-07T14:20Z","2016-11-15T13:00Z","NEON.LTR.HARV036426.20161031","NEON.LTR.HARV036426.20161031.OTH","NEON.DOC.001710vE","Other",1.31,"N","","EkSno5X21V+6BMsaD1wBB48CY0mHxVq/"
"ceb1818b-eb89-4b68-8266-6a50ac78c878","HARV_036.basePlot.ltr","D01","HARV","HARV_036","HARV_036_426","2016-11-15","2015-05-18","2016-10-31","2016-11-07T14:20Z","2016-11-15T13:00Z","NEON.LTR.HARV036426.20161031","NEON.LTR.HARV036426.20161031.SDS","NEON.DOC.001710vE","Seeds",69.22,"N","2 bags","EkSno5X21V+6BMsaD1wBB48CY0mHxVq/"
"b646ba2d-c558-4b73-92d6-b0e6fd7ca57d","HARV_036.basePlot.ltr","D01","HARV","HARV_036","HARV_036_426","2016-11-15","2015-05-18","2016-10-31","2016-11-07T14:20Z","2016-11-15T13:00Z","NEON.LTR.HARV036426.20161031","NEON.LTR.HARV036426.20161031.LVS","NEON.DOC.001710vE","Leaves",107.72,"N","","EkSno5X21V+6BMsaD1wBB48CY0mHxVq/"
"2713916a-4038-4453-b28c-721588dafee9","HARV_036.basePlot.ltr","D01","HARV","HARV_036","HARV_036_426","2016-11-15","2015-05-18","2016-10-31","2016-11-07T14:20Z","2016-11-15T13:00Z","NEON.LTR.HARV036426.20161031","NEON.LTR.HARV036426.20161031.WDY","NEON.DOC.001710vE","Woody material",0.57,"N","","EkSno5X21V+6BMsaD1wBB48CY0mHxVq/"
"e039df69-0192-467e-bdb2-94f8889fa3d8","HARV_036.basePlot.ltr","D01","HARV","HARV_036","HARV_036_426","2016-11-15","2015-05-18","2016-10-31","2016-11-07T14:20Z","2016-11-15T13:00Z","NEON.LTR.HARV036426.20161031","NEON.LTR.HARV036426.20161031.FLR","NEON.DOC.001710vE","Flowers",0.005,"N","","EkSno5X21V+6BMsaD1wBB48CY0mHxVq/"
"db6cf2e2-86b3-456b-8a9b-8f36e1398004","HARV_051.basePlot.ltr","D01","HARV","HARV_051","HARV_051_361","2016-11-15","2015-05-19","2016-10-31","2016-11-07T14:20Z","2016-11-15T13:00Z","NEON.LTR.HARV051361.20161031","NEON.LTR.HARV051361.20161031.FLR","NEON.DOC.001710vE","Flowers",0.03,"Y","","jRr6tAEXvh/2EP2nqxILjbvMaL6VMLwf"
"2991b379-0647-4e0c-95c3-38da729d6f2f","HARV_051.basePlot.ltr","D01","HARV","HARV_051","HARV_051_361","2016-11-15","2015-05-19","2016-10-31","2016-11-07T14:20Z","2016-11-15T13:00Z","NEON.LTR.HARV051361.20161031","NEON.LTR.HARV051361.20161031.TWI","NEON.DOC.001710vE","Twigs/branches",0.95,"N","","jRr6tAEXvh/2EP2nqxILjbvMaL6VMLwf"
"27ff45cd-1c72-450b-be3a-3135a821dcb1","HARV_051.basePlot.ltr","D01","HARV","HARV_051","HARV_051_361","2016-11-15","2015-05-19","2016-10-31","2016-11-07T14:20Z","2016-11-15T13:00Z","NEON.LTR.HARV051361.20161031","NEON.LTR.HARV051361.20161031.LVS","NEON.DOC.001710vE","Leaves",65.79,"N","","jRr6tAEXvh/2EP2nqxILjbvMaL6VMLwf"
"45521395-0067-42c4-a431-e88ba19e908e","HARV_051.basePlot.ltr","D01","HARV","HARV_051","HARV_051_361","2016-11-15","2015-05-19","2016-10-31","2016-11-07T14:20Z","2016-11-15T13:00Z","NEON.LTR.HARV051361.20161031","NEON.LTR.HARV051361.20161031.WDY","NEON.DOC.001710vE","Woody material",0.3,"N","","jRr6tAEXvh/2EP2nqxILjbvMaL6VMLwf"
"07a09f7f-7c69-40e1-ba94-187a93655224","HARV_051.basePlot.ltr","D01","HARV","HARV_051","HARV_051_361","2016-11-15","2015-05-19","2016-10-31","2016-11-07T14:20Z","2016-11-15T13:00Z","NEON.LTR.HARV051361.20161031","NEON.LTR.HARV051361.20161031.SDS","NEON.DOC.001710vE","Seeds",13.29,"N","2 bags - 13.29 and 0.00","jRr6tAEXvh/2EP2nqxILjbvMaL6VMLwf"
"ff56c33a-6b9a-4445-897d-8ed0e483fa16","HARV_037.basePlot.ltr","D01","HARV","HARV_037","HARV_037_849","2016-11-15","2015-05-19","2016-10-31","2016-11-07T14:20Z","2016-11-15T13:00Z","NEON.LTR.HARV037849.20161031","NEON.LTR.HARV037849.20161031.TWI","NEON.DOC.001710vE","Twigs/branches",2.38,"N","","jRr6tAEXvh/2EP2nqxILjbvMaL6VMLwf"
"0500ed95-6270-40a2-91ee-223bc7264d23","HARV_037.basePlot.ltr","D01","HARV","HARV_037","HARV_037_849","2016-11-15","2015-05-19","2016-10-31","2016-11-07T14:20Z","2016-11-15T13:00Z","NEON.LTR.HARV037849.20161031","NEON.LTR.HARV037849.20161031.OTH","NEON.DOC.001710vE","Other",0.5,"N","","jRr6tAEXvh/2EP2nqxILjbvMaL6VMLwf"
"7fd2776e-5c97-442a-9cab-6847a8d55a17","HARV_037.basePlot.ltr","D01","HARV","HARV_037","HARV_037_849","2016-11-15","2015-05-19","2016-10-31","2016-11-07T14:20Z","2016-11-15T13:00Z","NEON.LTR.HARV037849.20161031","NEON.LTR.HARV037849.20161031.LVS","NEON.DOC.001710vE","Leaves",20.39,"N","","jRr6tAEXvh/2EP2nqxILjbvMaL6VMLwf"
"608e76eb-2f8c-4cb5-a979-5db4cec0f8b9","HARV_037.basePlot.ltr","D01","HARV","HARV_037","HARV_037_849","2016-11-15","2015-05-19","2016-10-31","2016-11-07T14:20Z","2016-11-15T13:00Z","NEON.LTR.HARV037849.20161031","NEON.LTR.HARV037849.20161031.NDL","NEON.DOC.001710vE","Needles",10.08,"Y","","jRr6tAEXvh/2EP2nqxILjbvMaL6VMLwf"
"27ac5196-726b-4f94-852c-4c16d6547cd0","HARV_037.basePlot.ltr","D01","HARV","HARV_037","HARV_037_849","2016-11-15","2015-05-19","2016-10-31","2016-11-07T14:20Z","2016-11-15T13:00Z","NEON.LTR.HARV037849.20161031","NEON.LTR.HARV037849.20161031.SDS","NEON.DOC.001710vE","Seeds",0.16,"N","","jRr6tAEXvh/2EP2nqxILjbvMaL6VMLwf"
"c58250c6-1b14-4383-8f74-3011ea4a262c","HARV_037.basePlot.ltr","D01","HARV","HARV_037","HARV_037_849","2016-11-15","2015-05-19","2016-10-31","2016-11-07T14:20Z","2016-11-15T13:00Z","NEON.LTR.HARV037849.20161031","NEON.LTR.HARV037849.20161031.FLR","NEON.DOC.001710vE","Flowers",0.005,"N","","jRr6tAEXvh/2EP2nqxILjbvMaL6VMLwf"
"9aa2d389-4c7d-42ca-88a0-8631a4753b68","HARV_037.basePlot.ltr","D01","HARV","HARV_037","HARV_037_849","2016-11-15","2015-05-19","2016-10-31","2016-11-07T14:20Z","2016-11-15T13:00Z","NEON.LTR.HARV037849.20161031","NEON.LTR.HARV037849.20161031.WDY","NEON.DOC.001710vE","Woody material",2.53,"N","","jRr6tAEXvh/2EP2nqxILjbvMaL6VMLwf"
"38e2b427-d7d8-4d88-b810-8769fb28fb53","HARV_051.basePlot.ltr","D01","HARV","HARV_051","HARV_051_701","2016-11-15","2015-05-19","2016-10-31","2016-11-07T14:20Z","2016-11-15T13:00Z","NEON.LTR.HARV051701.20161031","NEON.LTR.HARV051701.20161031.SDS","NEON.DOC.001710vE","Seeds",11.41,"N","2 bags - 11.41 and 0.00","jRr6tAEXvh/2EP2nqxILjbvMaL6VMLwf"
"6c942eb7-8b0c-4a4e-88e7-908b0e0d216e","HARV_051.basePlot.ltr","D01","HARV","HARV_051","HARV_051_701","2016-11-15","2015-05-19","2016-10-31","2016-11-07T14:20Z","2016-11-15T13:00Z","NEON.LTR.HARV051701.20161031","NEON.LTR.HARV051701.20161031.FLR","NEON.DOC.001710vE","Flowers",0.09,"N","","jRr6tAEXvh/2EP2nqxILjbvMaL6VMLwf"
"4195a694-6740-4916-ae3d-24aa3f1952df","HARV_051.basePlot.ltr","D01","HARV","HARV_051","HARV_051_701","2016-11-15","2015-05-19","2016-10-31","2016-11-07T14:20Z","2016-11-15T13:00Z","NEON.LTR.HARV051701.20161031","NEON.LTR.HARV051701.20161031.OTH","NEON.DOC.001710vE","Other",0.72,"N","","jRr6tAEXvh/2EP2nqxILjbvMaL6VMLwf"
"33c0db3c-eb46-4990-95ef-e1a243909c37","HARV_051.basePlot.ltr","D01","HARV","HARV_051","HARV_051_701","2016-11-15","2015-05-19","2016-10-31","2016-11-07T14:20Z","2016-11-15T13:00Z","NEON.LTR.HARV051701.20161031","NEON.LTR.HARV051701.20161031.WDY","NEON.DOC.001710vE","Woody material",0.11,"N","","jRr6tAEXvh/2EP2nqxILjbvMaL6VMLwf"
"145c43c7-f3a6-42b9-860f-d2d5799acd26","HARV_051.basePlot.ltr","D01","HARV","HARV_051","HARV_051_701","2016-11-15","2015-05-19","2016-10-31","2016-11-07T14:20Z","2016-11-15T13:00Z","NEON.LTR.HARV051701.20161031","NEON.LTR.HARV051701.20161031.LVS","NEON.DOC.001710vE","Leaves",75.94,"N","","jRr6tAEXvh/2EP2nqxILjbvMaL6VMLwf"
"4ba27422-6587-4c2b-955c-1e88b530510b","HARV_051.basePlot.ltr","D01","HARV","HARV_051","HARV_051_701","2016-11-15","2015-05-19","2016-10-31","2016-11-07T14:20Z","2016-11-15T13:00Z","NEON.LTR.HARV051701.20161031","NEON.LTR.HARV051701.20161031.NDL","NEON.DOC.001710vE","Needles",1.67,"N","","jRr6tAEXvh/2EP2nqxILjbvMaL6VMLwf"
"8b3ab642-824b-480b-a95c-461f3e1f7caa","HARV_051.basePlot.ltr","D01","HARV","HARV_051","HARV_051_701","2016-11-15","2015-05-19","2016-10-31","2016-11-07T14:20Z","2016-11-15T13:00Z","NEON.LTR.HARV051701.20161031","NEON.LTR.HARV051701.20161031.TWI","NEON.DOC.001710vE","Twigs/branches",5.45,"N","","jRr6tAEXvh/2EP2nqxILjbvMaL6VMLwf"
"f2828763-7c53-46eb-a17c-8a3eb99c0364","HARV_038.basePlot.ltr","D01","HARV","HARV_038","HARV_038_363","2016-11-15","2015-05-19","2016-10-31","2016-11-07T14:20Z","2016-11-15T13:00Z","NEON.LTR.HARV038363.20161031","NEON.LTR.HARV038363.20161031.NDL","NEON.DOC.001710vE","Needles",1.32,"N","","jRr6tAEXvh/2EP2nqxILjbvMaL6VMLwf"
"eb8af864-b798-4d36-8f8d-2b731d6d654a","HARV_038.basePlot.ltr","D01","HARV","HARV_038","HARV_038_363","2016-11-15","2015-05-19","2016-10-31","2016-11-07T14:20Z","2016-11-15T13:00Z","NEON.LTR.HARV038363.20161031","NEON.LTR.HARV038363.20161031.SDS","NEON.DOC.001710vE","Seeds",1.36,"N","","jRr6tAEXvh/2EP2nqxILjbvMaL6VMLwf"
"77f1428e-b5c2-4f38-952f-8ac21f268860","HARV_038.basePlot.ltr","D01","HARV","HARV_038","HARV_038_363","2016-11-15","2015-05-19","2016-10-31","2016-11-07T14:20Z","2016-11-15T13:00Z","NEON.LTR.HARV038363.20161031","NEON.LTR.HARV038363.20161031.OTH","NEON.DOC.001710vE","Other",0.48,"N","","jRr6tAEXvh/2EP2nqxILjbvMaL6VMLwf"
"8fdd722c-38e6-452c-8118-af340ba84f1d","HARV_038.basePlot.ltr","D01","HARV","HARV_038","HARV_038_363","2016-11-15","2015-05-19","2016-10-31","2016-11-07T14:20Z","2016-11-15T13:00Z","NEON.LTR.HARV038363.20161031","NEON.LTR.HARV038363.20161031.FLR","NEON.DOC.001710vE","Flowers",0.12,"N","","jRr6tAEXvh/2EP2nqxILjbvMaL6VMLwf"
"7a993e08-8286-46ca-a98c-116eeec0204d","HARV_038.basePlot.ltr","D01","HARV","HARV_038","HARV_038_363","2016-11-15","2015-05-19","2016-10-31","2016-11-07T14:20Z","2016-11-15T13:00Z","NEON.LTR.HARV038363.20161031","NEON.LTR.HARV038363.20161031.LVS","NEON.DOC.001710vE","Leaves",84.72,"N","","jRr6tAEXvh/2EP2nqxILjbvMaL6VMLwf"
"1f74983c-108e-45c7-b7e8-2652e2eabae2","HARV_038.basePlot.ltr","D01","HARV","HARV_038","HARV_038_363","2016-11-15","2015-05-19","2016-10-31","2016-11-07T14:20Z","2016-11-15T13:00Z","NEON.LTR.HARV038363.20161031","NEON.LTR.HARV038363.20161031.TWI","NEON.DOC.001710vE","Twigs/branches",0.74,"Y","","jRr6tAEXvh/2EP2nqxILjbvMaL6VMLwf"
"83609f7c-c07c-46e5-9aa4-95ab79130946","HARV_038.basePlot.ltr","D01","HARV","HARV_038","HARV_038_363","2016-11-15","2015-05-19","2016-10-31","2016-11-07T14:20Z","2016-11-15T13:00Z","NEON.LTR.HARV038363.20161031","NEON.LTR.HARV038363.20161031.WDY","NEON.DOC.001710vE","Woody material",0.005,"Y","","jRr6tAEXvh/2EP2nqxILjbvMaL6VMLwf"
"7fa5fba5-944c-4639-bdba-6ea82467ed9e","HARV_037.basePlot.ltr","D01","HARV","HARV_037","HARV_037_292","2016-11-15","2015-05-19","2016-10-31","2016-11-07T14:20Z","2016-11-15T13:00Z","NEON.LTR.HARV037292.20161031","NEON.LTR.HARV037292.20161031.SDS","NEON.DOC.001710vE","Seeds",2.85,"N","","EkSno5X21V+6BMsaD1wBB48CY0mHxVq/"
"4895b460-711b-4f37-a327-f306d665b5df","HARV_037.basePlot.ltr","D01","HARV","HARV_037","HARV_037_292","2016-11-15","2015-05-19","2016-10-31","2016-11-07T14:20Z","2016-11-15T13:00Z","NEON.LTR.HARV037292.20161031","NEON.LTR.HARV037292.20161031.FLR","NEON.DOC.001710vE","Flowers",0.005,"N","","EkSno5X21V+6BMsaD1wBB48CY0mHxVq/"
"3fa52558-b130-458c-a2bf-c1e074ad9e92","HARV_037.basePlot.ltr","D01","HARV","HARV_037","HARV_037_292","2016-11-15","2015-05-19","2016-10-31","2016-11-07T14:20Z","2016-11-15T13:00Z","NEON.LTR.HARV037292.20161031","NEON.LTR.HARV037292.20161031.LVS","NEON.DOC.001710vE","Leaves",76.6,"Y","","EkSno5X21V+6BMsaD1wBB48CY0mHxVq/"
"ab6edf30-caba-4271-b005-bc1336730b41","HARV_037.basePlot.ltr","D01","HARV","HARV_037","HARV_037_292","2016-11-15","2015-05-19","2016-10-31","2016-11-07T14:20Z","2016-11-15T13:00Z","NEON.LTR.HARV037292.20161031","NEON.LTR.HARV037292.20161031.OTH","NEON.DOC.001710vE","Other",2.73,"N","","EkSno5X21V+6BMsaD1wBB48CY0mHxVq/"
"d2b097ef-c4d0-497d-9501-5f79f9d78a12","HARV_037.basePlot.ltr","D01","HARV","HARV_037","HARV_037_292","2016-11-15","2015-05-19","2016-10-31","2016-11-07T14:20Z","2016-11-15T13:00Z","NEON.LTR.HARV037292.20161031","NEON.LTR.HARV037292.20161031.NDL","NEON.DOC.001710vE","Needles",0.48,"N","","EkSno5X21V+6BMsaD1wBB48CY0mHxVq/"
"38f6598c-02e4-4838-a1ea-174add0bc1e2","HARV_037.basePlot.ltr","D01","HARV","HARV_037","HARV_037_292","2016-11-15","2015-05-19","2016-10-31","2016-11-07T14:20Z","2016-11-15T13:00Z","NEON.LTR.HARV037292.20161031","NEON.LTR.HARV037292.20161031.TWI","NEON.DOC.001710vE","Twigs/branches",1.87,"N","","EkSno5X21V+6BMsaD1wBB48CY0mHxVq/"
"e8aa66da-14ad-4bba-b958-695b5dd0aef1","HARV_037.basePlot.ltr","D01","HARV","HARV_037","HARV_037_292","2016-11-15","2015-05-19","2016-10-31","2016-11-07T14:20Z","2016-11-15T13:00Z","NEON.LTR.HARV037292.20161031","NEON.LTR.HARV037292.20161031.WDY","NEON.DOC.001710vE","Woody material",0.01,"N","","EkSno5X21V+6BMsaD1wBB48CY0mHxVq/"
"96200af2-3e4e-400b-b8bc-114df93262c1","HARV_042.basePlot.ltr","D01","HARV","HARV_042","HARV_042_858","2016-11-15","2015-05-19","2016-10-31","2016-11-07T14:20Z","2016-11-15T13:00Z","NEON.LTR.HARV042858.20161031","NEON.LTR.HARV042858.20161031.LVS","NEON.DOC.001710vE","Leaves",86.72,"N","","jRr6tAEXvh/2EP2nqxILjbvMaL6VMLwf"
"12e84a3c-98e7-419f-8b4a-e125d942c184","HARV_042.basePlot.ltr","D01","HARV","HARV_042","HARV_042_858","2016-11-15","2015-05-19","2016-10-31","2016-11-07T14:20Z","2016-11-15T13:00Z","NEON.LTR.HARV042858.20161031","NEON.LTR.HARV042858.20161031.TWI","NEON.DOC.001710vE","Twigs/branches",0.28,"N","","jRr6tAEXvh/2EP2nqxILjbvMaL6VMLwf"
"c6adad8f-06a4-4f4b-ba9b-72d66e930a66","HARV_042.basePlot.ltr","D01","HARV","HARV_042","HARV_042_858","2016-11-15","2015-05-19","2016-10-31","2016-11-07T14:20Z","2016-11-15T13:00Z","NEON.LTR.HARV042858.20161031","NEON.LTR.HARV042858.20161031.OTH","NEON.DOC.001710vE","Other",0.85,"N","","jRr6tAEXvh/2EP2nqxILjbvMaL6VMLwf"
"f8b01278-3a1f-4626-aaf1-b4391dd81dea","HARV_042.basePlot.ltr","D01","HARV","HARV_042","HARV_042_858","2016-11-15","2015-05-19","2016-10-31","2016-11-07T14:20Z","2016-11-15T13:00Z","NEON.LTR.HARV042858.20161031","NEON.LTR.HARV042858.20161031.NDL","NEON.DOC.001710vE","Needles",9.16,"Y","","jRr6tAEXvh/2EP2nqxILjbvMaL6VMLwf"
"6ca8af47-a819-4d97-81fe-f28fe25e800b","HARV_042.basePlot.ltr","D01","HARV","HARV_042","HARV_042_858","2016-11-15","2015-05-19","2016-10-31","2016-11-07T14:20Z","2016-11-15T13:00Z","NEON.LTR.HARV042858.20161031","NEON.LTR.HARV042858.20161031.FLR","NEON.DOC.001710vE","Flowers",0.005,"N","","jRr6tAEXvh/2EP2nqxILjbvMaL6VMLwf"
"42a545fa-2bd7-4d65-bff8-397dcbf4da84","HARV_042.basePlot.ltr","D01","HARV","HARV_042","HARV_042_858","2016-11-15","2015-05-19","2016-10-31","2016-11-07T14:20Z","2016-11-15T13:00Z","NEON.LTR.HARV042858.20161031","NEON.LTR.HARV042858.20161031.WDY","NEON.DOC.001710vE","Woody material",4.73,"N","","jRr6tAEXvh/2EP2nqxILjbvMaL6VMLwf"
"dcb6abe4-dc25-49b6-8de4-b0489c942a6a","HARV_042.basePlot.ltr","D01","HARV","HARV_042","HARV_042_858","2016-11-15","2015-05-19","2016-10-31","2016-11-07T14:20Z","2016-11-15T13:00Z","NEON.LTR.HARV042858.20161031","NEON.LTR.HARV042858.20161031.SDS","NEON.DOC.001710vE","Seeds",6.27,"N","2 bags - 6.27 and 0.00","jRr6tAEXvh/2EP2nqxILjbvMaL6VMLwf"
"dc17d655-044b-4d5d-9aff-130a411e8fa9","HARV_034.basePlot.ltr","D01","HARV","HARV_034","HARV_034_608","2016-11-15","2015-05-19","2016-10-31","2016-11-07T14:20Z","2016-11-15T13:00Z","NEON.LTR.HARV034608.20161031","NEON.LTR.HARV034608.20161031.LVS","NEON.DOC.001710vE","Leaves",28.17,"N","","jRr6tAEXvh/2EP2nqxILjbvMaL6VMLwf"
"bca5d34a-cc21-4483-840a-deb7830bd987","HARV_034.basePlot.ltr","D01","HARV","HARV_034","HARV_034_608","2016-11-15","2015-05-19","2016-10-31","2016-11-07T14:20Z","2016-11-15T13:00Z","NEON.LTR.HARV034608.20161031","NEON.LTR.HARV034608.20161031.OTH","NEON.DOC.001710vE","Other",0.87,"N","","jRr6tAEXvh/2EP2nqxILjbvMaL6VMLwf"
"5513ccb8-499c-493f-aed3-6c28e1127fbb","HARV_034.basePlot.ltr","D01","HARV","HARV_034","HARV_034_608","2016-11-15","2015-05-19","2016-10-31","2016-11-07T14:20Z","2016-11-15T13:00Z","NEON.LTR.HARV034608.20161031","NEON.LTR.HARV034608.20161031.NDL","NEON.DOC.001710vE","Needles",19.95,"N","","jRr6tAEXvh/2EP2nqxILjbvMaL6VMLwf"
"323ae621-2c95-4cd5-89e7-5902d85de5c9","HARV_034.basePlot.ltr","D01","HARV","HARV_034","HARV_034_608","2016-11-15","2015-05-19","2016-10-31","2016-11-07T14:20Z","2016-11-15T13:00Z","NEON.LTR.HARV034608.20161031","NEON.LTR.HARV034608.20161031.FLR","NEON.DOC.001710vE","Flowers",0.11,"Y","","jRr6tAEXvh/2EP2nqxILjbvMaL6VMLwf"
"a1ba1d1b-24b6-49a9-a3bf-87fed8ca900d","HARV_034.basePlot.ltr","D01","HARV","HARV_034","HARV_034_608","2016-11-15","2015-05-19","2016-10-31","2016-11-07T14:20Z","2016-11-15T13:00Z","NEON.LTR.HARV034608.20161031","NEON.LTR.HARV034608.20161031.WDY","NEON.DOC.001710vE","Woody material",1.85,"N","","jRr6tAEXvh/2EP2nqxILjbvMaL6VMLwf"
"72c74cec-6528-4a9d-b008-31d6c80f8a26","HARV_034.basePlot.ltr","D01","HARV","HARV_034","HARV_034_608","2016-11-15","2015-05-19","2016-10-31","2016-11-07T14:20Z","2016-11-15T13:00Z","NEON.LTR.HARV034608.20161031","NEON.LTR.HARV034608.20161031.SDS","NEON.DOC.001710vE","Seeds",0.005,"N","","jRr6tAEXvh/2EP2nqxILjbvMaL6VMLwf"
"5b4ab255-f33a-42ac-9e8f-e757f2f684ac","HARV_034.basePlot.ltr","D01","HARV","HARV_034","HARV_034_608","2016-11-15","2015-05-19","2016-10-31","2016-11-07T14:20Z","2016-11-15T13:00Z","NEON.LTR.HARV034608.20161031","NEON.LTR.HARV034608.20161031.TWI","NEON.DOC.001710vE","Twigs/branches",0.52,"N","","jRr6tAEXvh/2EP2nqxILjbvMaL6VMLwf"
"76b796ce-dce8-420e-ae7c-d5e588b6ca88","HARV_038.basePlot.ltr","D01","HARV","HARV_038","HARV_038_543","2016-11-15","2015-05-19","2016-10-31","2016-11-07T14:20Z","2016-11-15T13:00Z","NEON.LTR.HARV038543.20161031","NEON.LTR.HARV038543.20161031.FLR","NEON.DOC.001710vE","Flowers",0.005,"N","","jRr6tAEXvh/2EP2nqxILjbvMaL6VMLwf"
"0f64079d-0fc2-4b65-b3fa-beaf1a84e210","HARV_038.basePlot.ltr","D01","HARV","HARV_038","HARV_038_543","2016-11-15","2015-05-19","2016-10-31","2016-11-07T14:20Z","2016-11-15T13:00Z","NEON.LTR.HARV038543.20161031","NEON.LTR.HARV038543.20161031.OTH","NEON.DOC.001710vE","Other",2.19,"N","","jRr6tAEXvh/2EP2nqxILjbvMaL6VMLwf"
"f7971b77-4e5d-4dd9-82e1-2afaaaf397f4","HARV_038.basePlot.ltr","D01","HARV","HARV_038","HARV_038_543","2016-11-15","2015-05-19","2016-10-31","2016-11-07T14:20Z","2016-11-15T13:00Z","NEON.LTR.HARV038543.20161031","NEON.LTR.HARV038543.20161031.SDS","NEON.DOC.001710vE","Seeds",0.005,"N","","jRr6tAEXvh/2EP2nqxILjbvMaL6VMLwf"
"4bf0b31e-ca26-46d5-b676-a13550585e07","HARV_038.basePlot.ltr","D01","HARV","HARV_038","HARV_038_543","2016-11-15","2015-05-19","2016-10-31","2016-11-07T14:20Z","2016-11-15T13:00Z","NEON.LTR.HARV038543.20161031","NEON.LTR.HARV038543.20161031.WDY","NEON.DOC.001710vE","Woody material",0.05,"N","","jRr6tAEXvh/2EP2nqxILjbvMaL6VMLwf"
"20735e90-90b9-4340-8a00-eea7ff5d8273","HARV_038.basePlot.ltr","D01","HARV","HARV_038","HARV_038_543","2016-11-15","2015-05-19","2016-10-31","2016-11-07T14:20Z","2016-11-15T13:00Z","NEON.LTR.HARV038543.20161031","NEON.LTR.HARV038543.20161031.TWI","NEON.DOC.001710vE","Twigs/branches",0.93,"N","","jRr6tAEXvh/2EP2nqxILjbvMaL6VMLwf"
"b6f0a6fe-5552-412e-b18e-9e3e6ce8c534","HARV_038.basePlot.ltr","D01","HARV","HARV_038","HARV_038_543","2016-11-15","2015-05-19","2016-10-31","2016-11-07T14:20Z","2016-11-15T13:00Z","NEON.LTR.HARV038543.20161031","NEON.LTR.HARV038543.20161031.NDL","NEON.DOC.001710vE","Needles",1.61,"Y","","jRr6tAEXvh/2EP2nqxILjbvMaL6VMLwf"
"12f38084-4f20-4103-ac85-43776a6d8559","HARV_038.basePlot.ltr","D01","HARV","HARV_038","HARV_038_543","2016-11-15","2015-05-19","2016-10-31","2016-11-07T14:20Z","2016-11-15T13:00Z","NEON.LTR.HARV038543.20161031","NEON.LTR.HARV038543.20161031.LVS","NEON.DOC.001710vE","Leaves",92.27,"N","","jRr6tAEXvh/2EP2nqxILjbvMaL6VMLwf"
"b942604e-4532-42e7-ae0c-24e2e552098e","HARV_042.basePlot.ltr","D01","HARV","HARV_042","HARV_042_699","2016-11-15","2015-05-19","2016-10-31","2016-11-07T14:20Z","2016-11-15T13:00Z","NEON.LTR.HARV042699.20161031","NEON.LTR.HARV042699.20161031.NDL","NEON.DOC.001710vE","Needles",10.44,"N","","jRr6tAEXvh/2EP2nqxILjbvMaL6VMLwf"
"d6125da4-6858-4b6a-b45a-cee40b60e857","HARV_042.basePlot.ltr","D01","HARV","HARV_042","HARV_042_699","2016-11-15","2015-05-19","2016-10-31","2016-11-07T14:20Z","2016-11-15T13:00Z","NEON.LTR.HARV042699.20161031","NEON.LTR.HARV042699.20161031.FLR","NEON.DOC.001710vE","Flowers",0.05,"N","","jRr6tAEXvh/2EP2nqxILjbvMaL6VMLwf"
"7956b2a8-501f-4665-974e-82a6e13c9dcd","HARV_042.basePlot.ltr","D01","HARV","HARV_042","HARV_042_699","2016-11-15","2015-05-19","2016-10-31","2016-11-07T14:20Z","2016-11-15T13:00Z","NEON.LTR.HARV042699.20161031","NEON.LTR.HARV042699.20161031.WDY","NEON.DOC.001710vE","Woody material",0.38,"N","","jRr6tAEXvh/2EP2nqxILjbvMaL6VMLwf"
"443c2980-d2a7-451e-a054-ab2d4e6f34f8","HARV_042.basePlot.ltr","D01","HARV","HARV_042","HARV_042_699","2016-11-15","2015-05-19","2016-10-31","2016-11-07T14:20Z","2016-11-15T13:00Z","NEON.LTR.HARV042699.20161031","NEON.LTR.HARV042699.20161031.OTH","NEON.DOC.001710vE","Other",0.73,"N","","jRr6tAEXvh/2EP2nqxILjbvMaL6VMLwf"
"2ccf0e43-215b-4b76-8ffe-6cbe6a8910a7","HARV_042.basePlot.ltr","D01","HARV","HARV_042","HARV_042_699","2016-11-15","2015-05-19","2016-10-31","2016-11-07T14:20Z","2016-11-15T13:00Z","NEON.LTR.HARV042699.20161031","NEON.LTR.HARV042699.20161031.TWI","NEON.DOC.001710vE","Twigs/branches",3.12,"N","","jRr6tAEXvh/2EP2nqxILjbvMaL6VMLwf"
"ac060499-1b02-42e7-a35d-7e14ded141fc","HARV_042.basePlot.ltr","D01","HARV","HARV_042","HARV_042_699","2016-11-15","2015-05-19","2016-10-31","2016-11-07T14:20Z","2016-11-15T13:00Z","NEON.LTR.HARV042699.20161031","NEON.LTR.HARV042699.20161031.LVS","NEON.DOC.001710vE","Leaves",75.85,"N","","jRr6tAEXvh/2EP2nqxILjbvMaL6VMLwf"
"f58e1fca-6666-4e75-b51a-a26b57001a9e","HARV_042.basePlot.ltr","D01","HARV","HARV_042","HARV_042_699","2016-11-15","2015-05-19","2016-10-31","2016-11-07T14:20Z","2016-11-15T13:00Z","NEON.LTR.HARV042699.20161031","NEON.LTR.HARV042699.20161031.SDS","NEON.DOC.001710vE","Seeds",0.87,"N","","jRr6tAEXvh/2EP2nqxILjbvMaL6VMLwf"
"93a079dd-c0f7-46df-8b0c-0da26d1d3e38","HARV_034.basePlot.ltr","D01","HARV","HARV_034","HARV_034_371","2016-11-15","2015-05-19","2016-10-31","2016-11-07T14:20Z","2016-11-15T13:00Z","NEON.LTR.HARV034371.20161031","NEON.LTR.HARV034371.20161031.OTH","NEON.DOC.001710vE","Other",2.12,"Y","","EkSno5X21V+6BMsaD1wBB48CY0mHxVq/"
"00900deb-1479-4cac-a49d-565bc7789d38","HARV_034.basePlot.ltr","D01","HARV","HARV_034","HARV_034_371","2016-11-15","2015-05-19","2016-10-31","2016-11-07T14:20Z","2016-11-15T13:00Z","NEON.LTR.HARV034371.20161031","NEON.LTR.HARV034371.20161031.TWI","NEON.DOC.001710vE","Twigs/branches",0.08,"N","","EkSno5X21V+6BMsaD1wBB48CY0mHxVq/"
"cb8c0216-6910-4122-b73c-532a622e8239","HARV_034.basePlot.ltr","D01","HARV","HARV_034","HARV_034_371","2016-11-15","2015-05-19","2016-10-31","2016-11-07T14:20Z","2016-11-15T13:00Z","NEON.LTR.HARV034371.20161031","NEON.LTR.HARV034371.20161031.FLR","NEON.DOC.001710vE","Flowers",0.16,"N","","EkSno5X21V+6BMsaD1wBB48CY0mHxVq/"
"7d6609c1-b35c-470c-b151-3e7f36144e33","HARV_034.basePlot.ltr","D01","HARV","HARV_034","HARV_034_371","2016-11-15","2015-05-19","2016-10-31","2016-11-07T14:20Z","2016-11-15T13:00Z","NEON.LTR.HARV034371.20161031","NEON.LTR.HARV034371.20161031.NDL","NEON.DOC.001710vE","Needles",37.15,"Y","","EkSno5X21V+6BMsaD1wBB48CY0mHxVq/"
"2b91b2fa-bbd8-4c1a-94c2-6f48e08e3ae4","HARV_034.basePlot.ltr","D01","HARV","HARV_034","HARV_034_371","2016-11-15","2015-05-19","2016-10-31","2016-11-07T14:20Z","2016-11-15T13:00Z","NEON.LTR.HARV034371.20161031","NEON.LTR.HARV034371.20161031.SDS","NEON.DOC.001710vE","Seeds",0.005,"N","","EkSno5X21V+6BMsaD1wBB48CY0mHxVq/"
"c4e7c6bf-552b-4389-a433-2567d5b3c62c","HARV_034.basePlot.ltr","D01","HARV","HARV_034","HARV_034_371","2016-11-15","2015-05-19","2016-10-31","2016-11-07T14:20Z","2016-11-15T13:00Z","NEON.LTR.HARV034371.20161031","NEON.LTR.HARV034371.20161031.LVS","NEON.DOC.001710vE","Leaves",34.37,"N","","EkSno5X21V+6BMsaD1wBB48CY0mHxVq/"
"82dabdbc-8b28-43c6-8507-b416d3cd0e3c","HARV_034.basePlot.ltr","D01","HARV","HARV_034","HARV_034_371","2016-11-15","2015-05-19","2016-10-31","2016-11-07T14:20Z","2016-11-15T13:00Z","NEON.LTR.HARV034371.20161031","NEON.LTR.HARV034371.20161031.WDY","NEON.DOC.001710vE","Woody material",1.31,"N","","EkSno5X21V+6BMsaD1wBB48CY0mHxVq/"
"0d40e071-3419-4ed5-9817-e7bab45dfeda","HARV_051.basePlot.ltr","D01","HARV","HARV_051","HARV_051_361","2016-11-15","2015-05-19","2016-10-31","2016-11-07T14:20Z","2016-11-15T13:00Z","NEON.LTR.HARV051361.20161031","NEON.LTR.HARV051361.20161031.NDL","NEON.DOC.001710vE","Needles",1.01,"N","","jRr6tAEXvh/2EP2nqxILjbvMaL6VMLwf"
"231e870e-071f-4784-a252-c7adb871dadb","HARV_051.basePlot.ltr","D01","HARV","HARV_051","HARV_051_361","2016-11-15","2015-05-19","2016-10-31","2016-11-07T14:20Z","2016-11-15T13:00Z","NEON.LTR.HARV051361.20161031","NEON.LTR.HARV051361.20161031.OTH","NEON.DOC.001710vE","Other",0.39,"N","","jRr6tAEXvh/2EP2nqxILjbvMaL6VMLwf"
"6fd86411-2eb1-4b32-9882-3030ee13ba5b","HARV_047.basePlot.ltr","D01","HARV","HARV_047","HARV_047_947","2016-11-15","2015-05-20","2016-10-31","2016-11-07T14:20Z","2016-11-15T13:00Z","NEON.LTR.HARV047947.20161031","NEON.LTR.HARV047947.20161031.FLR","NEON.DOC.001710vE","Flowers",0,"N","none collected","EkSno5X21V+6BMsaD1wBB48CY0mHxVq/"
"f8d8f116-f377-4470-b2be-76583f815e5f","HARV_047.basePlot.ltr","D01","HARV","HARV_047","HARV_047_947","2016-11-15","2015-05-20","2016-10-31","2016-11-07T14:20Z","2016-11-15T13:00Z","NEON.LTR.HARV047947.20161031","NEON.LTR.HARV047947.20161031.LVS","NEON.DOC.001710vE","Leaves",49.36,"N","","EkSno5X21V+6BMsaD1wBB48CY0mHxVq/"
"236c8bd5-0b29-4891-92bb-63b65504db8a","HARV_047.basePlot.ltr","D01","HARV","HARV_047","HARV_047_947","2016-11-15","2015-05-20","2016-10-31","2016-11-07T14:20Z","2016-11-15T13:00Z","NEON.LTR.HARV047947.20161031","NEON.LTR.HARV047947.20161031.NDL","NEON.DOC.001710vE","Needles",0.005,"Y","","EkSno5X21V+6BMsaD1wBB48CY0mHxVq/"
"37252477-2f1c-4ed7-97b6-707a194090de","HARV_047.basePlot.ltr","D01","HARV","HARV_047","HARV_047_947","2016-11-15","2015-05-20","2016-10-31","2016-11-07T14:20Z","2016-11-15T13:00Z","NEON.LTR.HARV047947.20161031","NEON.LTR.HARV047947.20161031.OTH","NEON.DOC.001710vE","Other",0.33,"N","","EkSno5X21V+6BMsaD1wBB48CY0mHxVq/"
"bb1ff630-cd3d-47a3-9a69-b5003271e955","HARV_047.basePlot.ltr","D01","HARV","HARV_047","HARV_047_947","2016-11-15","2015-05-20","2016-10-31","2016-11-07T14:20Z","2016-11-15T13:00Z","NEON.LTR.HARV047947.20161031","NEON.LTR.HARV047947.20161031.TWI","NEON.DOC.001710vE","Twigs/branches",0.005,"N","","EkSno5X21V+6BMsaD1wBB48CY0mHxVq/"
"dd73c6c6-1189-462c-8d35-9e8b218f2369","HARV_047.basePlot.ltr","D01","HARV","HARV_047","HARV_047_947","2016-11-15","2015-05-20","2016-10-31","2016-11-07T14:20Z","2016-11-15T13:00Z","NEON.LTR.HARV047947.20161031","NEON.LTR.HARV047947.20161031.SDS","NEON.DOC.001710vE","Seeds",0.14,"N","","EkSno5X21V+6BMsaD1wBB48CY0mHxVq/"
"a6ba986b-eec6-46cf-babd-adef8d7dbc6c","HARV_047.basePlot.ltr","D01","HARV","HARV_047","HARV_047_947","2016-11-15","2015-05-20","2016-10-31","2016-11-07T14:20Z","2016-11-15T13:00Z","NEON.LTR.HARV047947.20161031","NEON.LTR.HARV047947.20161031.WDY","NEON.DOC.001710vE","Woody material",0.005,"N","","EkSno5X21V+6BMsaD1wBB48CY0mHxVq/"
"9f10daaf-7c83-4c39-9534-40e32c755b3b","HARV_033.basePlot.ltr","D01","HARV","HARV_033","HARV_033_397","2016-11-15","2015-05-20","2016-10-31","2016-11-07T14:20Z","2016-11-15T13:00Z","NEON.LTR.HARV033397.20161031","NEON.LTR.HARV033397.20161031.OTH","NEON.DOC.001710vE","Other",0.56,"N","","2xX6mTIEU2zzk+aGAURxuwRthSzBo/kx"
"cb1e3bfc-e512-4460-a6ed-5a2fd097f3a6","HARV_033.basePlot.ltr","D01","HARV","HARV_033","HARV_033_397","2016-11-15","2015-05-20","2016-10-31","2016-11-07T14:20Z","2016-11-15T13:00Z","NEON.LTR.HARV033397.20161031","NEON.LTR.HARV033397.20161031.SDS","NEON.DOC.001710vE","Seeds",7.65,"N","2 bags - 7.65 and 0.00","2xX6mTIEU2zzk+aGAURxuwRthSzBo/kx"
"ae69fa0c-9ea2-4abd-b8a8-091125e97ccd","HARV_033.basePlot.ltr","D01","HARV","HARV_033","HARV_033_397","2016-11-15","2015-05-20","2016-10-31","2016-11-07T14:20Z","2016-11-15T13:00Z","NEON.LTR.HARV033397.20161031","NEON.LTR.HARV033397.20161031.WDY","NEON.DOC.001710vE","Woody material",0.12,"N","","2xX6mTIEU2zzk+aGAURxuwRthSzBo/kx"
"d97de83a-2c42-4904-b44e-c52534a1f382","HARV_033.basePlot.ltr","D01","HARV","HARV_033","HARV_033_397","2016-11-15","2015-05-20","2016-10-31","2016-11-07T14:20Z","2016-11-15T13:00Z","NEON.LTR.HARV033397.20161031","NEON.LTR.HARV033397.20161031.NDL","NEON.DOC.001710vE","Needles",5.46,"N","","2xX6mTIEU2zzk+aGAURxuwRthSzBo/kx"
"2311e55b-02a5-4995-b445-ff7cd9930e1a","HARV_033.basePlot.ltr","D01","HARV","HARV_033","HARV_033_397","2016-11-15","2015-05-20","2016-10-31","2016-11-07T14:20Z","2016-11-15T13:00Z","NEON.LTR.HARV033397.20161031","NEON.LTR.HARV033397.20161031.FLR","NEON.DOC.001710vE","Flowers",0.005,"N","","2xX6mTIEU2zzk+aGAURxuwRthSzBo/kx"
"e9bd62fa-fa94-4ec8-b1ec-0a7f2b6a74de","HARV_033.basePlot.ltr","D01","HARV","HARV_033","HARV_033_397","2016-11-15","2015-05-20","2016-10-31","2016-11-07T14:20Z","2016-11-15T13:00Z","NEON.LTR.HARV033397.20161031","NEON.LTR.HARV033397.20161031.TWI","NEON.DOC.001710vE","Twigs/branches",0.34,"N","","2xX6mTIEU2zzk+aGAURxuwRthSzBo/kx"
"1217bfba-b9ef-419a-ae97-5549a1e7ee40","HARV_033.basePlot.ltr","D01","HARV","HARV_033","HARV_033_397","2016-11-15","2015-05-20","2016-10-31","2016-11-07T14:20Z","2016-11-15T13:00Z","NEON.LTR.HARV033397.20161031","NEON.LTR.HARV033397.20161031.LVS","NEON.DOC.001710vE","Leaves",98.84,"N","","2xX6mTIEU2zzk+aGAURxuwRthSzBo/kx"
"44a66e35-a93b-4a9a-aa52-40fcca219d4f","HARV_033.basePlot.ltr","D01","HARV","HARV_033","HARV_033_209","2016-11-15","2015-05-20","2016-10-31","2016-11-07T14:20Z","2016-11-15T13:00Z","NEON.LTR.HARV033209.20161031","NEON.LTR.HARV033209.20161031.OTH","NEON.DOC.001710vE","Other",0.89,"N","","2xX6mTIEU2zzk+aGAURxuwRthSzBo/kx"
"67001110-f03a-4b9d-b830-3200ac61c5ec","HARV_033.basePlot.ltr","D01","HARV","HARV_033","HARV_033_209","2016-11-15","2015-05-20","2016-10-31","2016-11-07T14:20Z","2016-11-15T13:00Z","NEON.LTR.HARV033209.20161031","NEON.LTR.HARV033209.20161031.NDL","NEON.DOC.001710vE","Needles",12.85,"N","","2xX6mTIEU2zzk+aGAURxuwRthSzBo/kx"
"c955780b-ee85-4b09-9214-57737ae7e3e0","HARV_033.basePlot.ltr","D01","HARV","HARV_033","HARV_033_209","2016-11-15","2015-05-20","2016-10-31","2016-11-07T14:20Z","2016-11-15T13:00Z","NEON.LTR.HARV033209.20161031","NEON.LTR.HARV033209.20161031.TWI","NEON.DOC.001710vE","Twigs/branches",18.17,"Y","","2xX6mTIEU2zzk+aGAURxuwRthSzBo/kx"
"c8567ebd-0b42-4ff9-9934-b216de6e25f4","HARV_033.basePlot.ltr","D01","HARV","HARV_033","HARV_033_209","2016-11-15","2015-05-20","2016-10-31","2016-11-07T14:20Z","2016-11-15T13:00Z","NEON.LTR.HARV033209.20161031","NEON.LTR.HARV033209.20161031.SDS","NEON.DOC.001710vE","Seeds",13.07,"Y","2 BAGS - 13.07 and 0.00","2xX6mTIEU2zzk+aGAURxuwRthSzBo/kx"
"1bf78857-9dd7-47b2-82b2-c09e6e1e4773","HARV_033.basePlot.ltr","D01","HARV","HARV_033","HARV_033_209","2016-11-15","2015-05-20","2016-10-31","2016-11-07T14:20Z","2016-11-15T13:00Z","NEON.LTR.HARV033209.20161031","NEON.LTR.HARV033209.20161031.WDY","NEON.DOC.001710vE","Woody material",0.58,"Y","","2xX6mTIEU2zzk+aGAURxuwRthSzBo/kx"
"cf5c5a56-d9e1-4768-aa22-2f6b6d507550","HARV_033.basePlot.ltr","D01","HARV","HARV_033","HARV_033_209","2016-11-15","2015-05-20","2016-10-31","2016-11-07T14:20Z","2016-11-15T13:00Z","NEON.LTR.HARV033209.20161031","NEON.LTR.HARV033209.20161031.LVS","NEON.DOC.001710vE","Leaves",74.29,"N","","2xX6mTIEU2zzk+aGAURxuwRthSzBo/kx"
"04051b4e-40f2-463f-941b-61cff0f60b41","HARV_033.basePlot.ltr","D01","HARV","HARV_033","HARV_033_209","2016-11-15","2015-05-20","2016-10-31","2016-11-07T14:20Z","2016-11-15T13:00Z","NEON.LTR.HARV033209.20161031","NEON.LTR.HARV033209.20161031.FLR","NEON.DOC.001710vE","Flowers",0.005,"N","","2xX6mTIEU2zzk+aGAURxuwRthSzBo/kx"
"89db33a7-907e-4099-8c09-7959dd1fb5e9","HARV_039.basePlot.ltr","D01","HARV","HARV_039","HARV_039_660","2016-11-15","2015-05-21","2016-10-31","2016-11-07T14:20Z","2016-11-15T13:00Z","NEON.LTR.HARV039660.20161031","NEON.LTR.HARV039660.20161031.FLR","NEON.DOC.001710vE","Flowers",0.005,"N","","EkSno5X21V+6BMsaD1wBB48CY0mHxVq/"
"9a00e70e-f523-4e18-a0c6-8be0b3bf2c15","HARV_039.basePlot.ltr","D01","HARV","HARV_039","HARV_039_660","2016-11-15","2015-05-21","2016-10-31","2016-11-07T14:20Z","2016-11-15T13:00Z","NEON.LTR.HARV039660.20161031","NEON.LTR.HARV039660.20161031.OTH","NEON.DOC.001710vE","Other",1.05,"N","","EkSno5X21V+6BMsaD1wBB48CY0mHxVq/"
"738bb243-f347-4d8e-97f8-e97eee1f23d8","HARV_039.basePlot.ltr","D01","HARV","HARV_039","HARV_039_660","2016-11-15","2015-05-21","2016-10-31","2016-11-07T14:20Z","2016-11-15T13:00Z","NEON.LTR.HARV039660.20161031","NEON.LTR.HARV039660.20161031.NDL","NEON.DOC.001710vE","Needles",19.09,"N","","EkSno5X21V+6BMsaD1wBB48CY0mHxVq/"
"6a95309b-1998-4816-9491-d9c768e3471d","HARV_039.basePlot.ltr","D01","HARV","HARV_039","HARV_039_660","2016-11-15","2015-05-21","2016-10-31","2016-11-07T14:20Z","2016-11-15T13:00Z","NEON.LTR.HARV039660.20161031","NEON.LTR.HARV039660.20161031.WDY","NEON.DOC.001710vE","Woody material",1.63,"N","","EkSno5X21V+6BMsaD1wBB48CY0mHxVq/"
"50716d90-c503-4c53-aaee-186af36c1623","HARV_039.basePlot.ltr","D01","HARV","HARV_039","HARV_039_660","2016-11-15","2015-05-21","2016-10-31","2016-11-07T14:20Z","2016-11-15T13:00Z","NEON.LTR.HARV039660.20161031","NEON.LTR.HARV039660.20161031.LVS","NEON.DOC.001710vE","Leaves",49.32,"Y","","EkSno5X21V+6BMsaD1wBB48CY0mHxVq/"
"e1a3bf44-3728-4e45-a04b-d57a98a0596b","HARV_039.basePlot.ltr","D01","HARV","HARV_039","HARV_039_660","2016-11-15","2015-05-21","2016-10-31","2016-11-07T14:20Z","2016-11-15T13:00Z","NEON.LTR.HARV039660.20161031","NEON.LTR.HARV039660.20161031.SDS","NEON.DOC.001710vE","Seeds",0.005,"N","","EkSno5X21V+6BMsaD1wBB48CY0mHxVq/"
"45b2f7a3-b57e-498b-b059-dd8933b26ea7","HARV_039.basePlot.ltr","D01","HARV","HARV_039","HARV_039_872","2016-11-15","2015-05-21","2016-10-31","2016-11-07T14:20Z","2016-11-15T13:00Z","NEON.LTR.HARV039872.20161031","NEON.LTR.HARV039872.20161031.LVS","NEON.DOC.001710vE","Leaves",56.67,"N","","EkSno5X21V+6BMsaD1wBB48CY0mHxVq/"
"8275bf4d-3fce-4d0f-9256-aa3dd84c352d","HARV_039.basePlot.ltr","D01","HARV","HARV_039","HARV_039_872","2016-11-15","2015-05-21","2016-10-31","2016-11-07T14:20Z","2016-11-15T13:00Z","NEON.LTR.HARV039872.20161031","NEON.LTR.HARV039872.20161031.NDL","NEON.DOC.001710vE","Needles",2.32,"N","","EkSno5X21V+6BMsaD1wBB48CY0mHxVq/"
"e8e41f68-178a-4801-a2d2-5425df1523e4","HARV_039.basePlot.ltr","D01","HARV","HARV_039","HARV_039_872","2016-11-15","2015-05-21","2016-10-31","2016-11-07T14:20Z","2016-11-15T13:00Z","NEON.LTR.HARV039872.20161031","NEON.LTR.HARV039872.20161031.SDS","NEON.DOC.001710vE","Seeds",4.71,"N","2 bags - 4.71 and 0.00","EkSno5X21V+6BMsaD1wBB48CY0mHxVq/"
"6b541d53-302e-4eb1-83a3-83b63309e395","HARV_039.basePlot.ltr","D01","HARV","HARV_039","HARV_039_872","2016-11-15","2015-05-21","2016-10-31","2016-11-07T14:20Z","2016-11-15T13:00Z","NEON.LTR.HARV039872.20161031","NEON.LTR.HARV039872.20161031.OTH","NEON.DOC.001710vE","Other",0.92,"N","","EkSno5X21V+6BMsaD1wBB48CY0mHxVq/"
"7d5eafcb-e7cb-43ea-b4f8-366f2dcf7737","HARV_039.basePlot.ltr","D01","HARV","HARV_039","HARV_039_872","2016-11-15","2015-05-21","2016-10-31","2016-11-07T14:20Z","2016-11-15T13:00Z","NEON.LTR.HARV039872.20161031","NEON.LTR.HARV039872.20161031.FLR","NEON.DOC.001710vE","Flowers",0.06,"Y","","EkSno5X21V+6BMsaD1wBB48CY0mHxVq/"
"cd689a92-21d4-4d35-a2e9-f063ad92f917","HARV_039.basePlot.ltr","D01","HARV","HARV_039","HARV_039_872","2016-11-15","2015-05-21","2016-10-31","2016-11-07T14:20Z","2016-11-15T13:00Z","NEON.LTR.HARV039872.20161031","NEON.LTR.HARV039872.20161031.WDY","NEON.DOC.001710vE","Woody material",2.35,"N","","EkSno5X21V+6BMsaD1wBB48CY0mHxVq/"
"1a873813-85c9-489d-89f6-7c277368bdbc","HARV_039.basePlot.ltr","D01","HARV","HARV_039","HARV_039_872","2016-11-15","2015-05-21","2016-10-31","2016-11-07T14:20Z","2016-11-15T13:00Z","NEON.LTR.HARV039872.20161031","NEON.LTR.HARV039872.20161031.TWI","NEON.DOC.001710vE","Twigs/branches",1.55,"N","","EkSno5X21V+6BMsaD1wBB48CY0mHxVq/"
"3195158c-8044-4605-a33c-c2f6773adc47","HARV_039.basePlot.ltr","D01","HARV","HARV_039","HARV_039_660","2016-11-15","2015-05-21","2016-10-31","2016-11-07T14:20Z","2016-11-15T13:00Z","NEON.LTR.HARV039660.20161031","NEON.LTR.HARV039660.20161031.TWI","NEON.DOC.001710vE","Twigs/branches",0.2,"N","","EkSno5X21V+6BMsaD1wBB48CY0mHxVq/"
"75ed4bfa-ecf9-4dee-a1da-77d7a51cb376","HARV_051.basePlot.ltr","D01","HARV","HARV_051","HARV_051_701","2016-11-04","2016-09-06","2016-10-17","2016-10-26T16:40Z","2016-11-04T12:26Z","NEON.LTR.HARV051701.20161017","NEON.LTR.HARV051701.20161017.WDY","NEON.DOC.001710vE","Woody material",0.18,"N","","+f00xtEQUq1afNaqPyxh9svtGXouuDqR"
"0619ded2-fd6a-44ea-a630-8e74bb316a9d","HARV_037.basePlot.ltr","D01","HARV","HARV_037","HARV_037_849","2016-11-04","2016-09-06","2016-10-17","2016-10-26T16:40Z","2016-11-04T12:26Z","NEON.LTR.HARV037849.20161017","NEON.LTR.HARV037849.20161017.FLR","NEON.DOC.001710vE","Flowers",0.005,"N","","xYAz/hoNa4beHeF8Co82eF9aIjZ5mOeG"
"99bbfc71-ae13-47c9-ae11-bce19aa52d05","HARV_037.basePlot.ltr","D01","HARV","HARV_037","HARV_037_849","2016-11-04","2016-09-06","2016-10-17","2016-10-26T16:40Z","2016-11-04T12:26Z","NEON.LTR.HARV037849.20161017","NEON.LTR.HARV037849.20161017.WDY","NEON.DOC.001710vE","Woody material",1.88,"Y","","xYAz/hoNa4beHeF8Co82eF9aIjZ5mOeG"
"22881e0e-05d5-483c-90eb-8fe469058117","HARV_050.basePlot.ltr","D01","HARV","HARV_050","HARV_050_947","2016-11-04","2016-09-06","2016-10-17","2016-10-26T16:40Z","2016-11-04T12:26Z","NEON.LTR.HARV050947.20161017","NEON.LTR.HARV050947.20161017.SDS","NEON.DOC.001710vE","Seeds",0.005,"N","","+f00xtEQUq1afNaqPyxh9svtGXouuDqR"
"d87f1f74-960f-4c44-9345-6bbe61f5415d","HARV_050.basePlot.ltr","D01","HARV","HARV_050","HARV_050_947","2016-11-04","2016-09-06","2016-10-17","2016-10-26T16:40Z","2016-11-04T12:26Z","NEON.LTR.HARV050947.20161017","NEON.LTR.HARV050947.20161017.OTH","NEON.DOC.001710vE","Other",2.81,"Y","","+f00xtEQUq1afNaqPyxh9svtGXouuDqR"
"3c50266b-aec0-411f-b59d-8d881a2bdc3f","HARV_035.basePlot.ltr","D01","HARV","HARV_035","HARV_035_120","2016-11-04","2016-09-06","2016-10-17","2016-10-26T16:40Z","2016-11-04T12:26Z","NEON.LTR.HARV035120.20161017","NEON.LTR.HARV035120.20161017.TWI","NEON.DOC.001710vE","Twigs/branches",0.2,"N","","xYAz/hoNa4beHeF8Co82eF9aIjZ5mOeG"
"342ce20d-7b08-4016-bf14-b4091a10f831","HARV_050.basePlot.ltr","D01","HARV","HARV_050","HARV_050_947","2016-11-04","2016-09-06","2016-10-17","2016-10-26T16:40Z","2016-11-04T12:26Z","NEON.LTR.HARV050947.20161017","NEON.LTR.HARV050947.20161017.FLR","NEON.DOC.001710vE","Flowers",0.005,"N","","+f00xtEQUq1afNaqPyxh9svtGXouuDqR"
"a23c3af9-3387-4818-b45b-1cb53e09da3d","HARV_037.basePlot.ltr","D01","HARV","HARV_037","HARV_037_849","2016-11-04","2016-09-06","2016-10-17","2016-10-26T16:40Z","2016-11-04T12:26Z","NEON.LTR.HARV037849.20161017","NEON.LTR.HARV037849.20161017.LVS","NEON.DOC.001710vE","Leaves",2.56,"N","","xYAz/hoNa4beHeF8Co82eF9aIjZ5mOeG"
"419fd182-b172-4fcf-81ef-4c9f1645e6a6","HARV_050.basePlot.ltr","D01","HARV","HARV_050","HARV_050_947","2016-11-04","2016-09-06","2016-10-17","2016-10-26T16:40Z","2016-11-04T12:26Z","NEON.LTR.HARV050947.20161017","NEON.LTR.HARV050947.20161017.WDY","NEON.DOC.001710vE","Woody material",0.03,"N","","+f00xtEQUq1afNaqPyxh9svtGXouuDqR"
"6657fb01-7463-4a0e-a821-28fc76aa41c2","HARV_037.basePlot.ltr","D01","HARV","HARV_037","HARV_037_849","2016-11-04","2016-09-06","2016-10-17","2016-10-26T16:40Z","2016-11-04T12:26Z","NEON.LTR.HARV037849.20161017","NEON.LTR.HARV037849.20161017.NDL","NEON.DOC.001710vE","Needles",36.38,"N","","xYAz/hoNa4beHeF8Co82eF9aIjZ5mOeG"
"3e34df27-45ca-4f1b-b82a-38ef3d9b1b50","HARV_050.basePlot.ltr","D01","HARV","HARV_050","HARV_050_947","2016-11-04","2016-09-06","2016-10-17","2016-10-26T16:40Z","2016-11-04T12:26Z","NEON.LTR.HARV050947.20161017","NEON.LTR.HARV050947.20161017.TWI","NEON.DOC.001710vE","Twigs/branches",0.06,"N","","+f00xtEQUq1afNaqPyxh9svtGXouuDqR"
"a510f427-c31e-4915-a195-fe4dc8a33656","HARV_035.basePlot.ltr","D01","HARV","HARV_035","HARV_035_120","2016-11-04","2016-09-06","2016-10-17","2016-10-26T16:40Z","2016-11-04T12:26Z","NEON.LTR.HARV035120.20161017","NEON.LTR.HARV035120.20161017.WDY","NEON.DOC.001710vE","Woody material",0.4,"N","","xYAz/hoNa4beHeF8Co82eF9aIjZ5mOeG"
"58c5e36a-4e8c-49da-a183-aa843f821ce7","HARV_035.basePlot.ltr","D01","HARV","HARV_035","HARV_035_120","2016-11-04","2016-09-06","2016-10-17","2016-10-26T16:40Z","2016-11-04T12:26Z","NEON.LTR.HARV035120.20161017","NEON.LTR.HARV035120.20161017.SDS","NEON.DOC.001710vE","Seeds",0.07,"Y","","xYAz/hoNa4beHeF8Co82eF9aIjZ5mOeG"
"26023871-bb22-4335-889d-b3d89cd258be","HARV_037.basePlot.ltr","D01","HARV","HARV_037","HARV_037_849","2016-11-04","2016-09-06","2016-10-17","2016-10-26T16:40Z","2016-11-04T12:26Z","NEON.LTR.HARV037849.20161017","NEON.LTR.HARV037849.20161017.TWI","NEON.DOC.001710vE","Twigs/branches",1.53,"N","","xYAz/hoNa4beHeF8Co82eF9aIjZ5mOeG"
"b95c1aba-9bf5-4b5c-981f-3a765e310225","HARV_035.basePlot.ltr","D01","HARV","HARV_035","HARV_035_120","2016-11-04","2016-09-06","2016-10-17","2016-10-26T16:40Z","2016-11-04T12:26Z","NEON.LTR.HARV035120.20161017","NEON.LTR.HARV035120.20161017.OTH","NEON.DOC.001710vE","Other",6.33,"N","","xYAz/hoNa4beHeF8Co82eF9aIjZ5mOeG"
"c3b1c938-a47e-4739-90a9-9f0a870aa49a","HARV_035.basePlot.ltr","D01","HARV","HARV_035","HARV_035_120","2016-11-04","2016-09-06","2016-10-17","2016-10-26T16:40Z","2016-11-04T12:26Z","NEON.LTR.HARV035120.20161017","NEON.LTR.HARV035120.20161017.NDL","NEON.DOC.001710vE","Needles",1.32,"N","","xYAz/hoNa4beHeF8Co82eF9aIjZ5mOeG"
"cff7231e-0632-4993-a046-61a5b63dfda1","HARV_035.basePlot.ltr","D01","HARV","HARV_035","HARV_035_120","2016-11-04","2016-09-06","2016-10-17","2016-10-26T16:40Z","2016-11-04T12:26Z","NEON.LTR.HARV035120.20161017","NEON.LTR.HARV035120.20161017.FLR","NEON.DOC.001710vE","Flowers",0.13,"N","","xYAz/hoNa4beHeF8Co82eF9aIjZ5mOeG"
"b1b06b5d-a03f-4b32-b52d-ba14abd50b1e","HARV_037.basePlot.ltr","D01","HARV","HARV_037","HARV_037_849","2016-11-04","2016-09-06","2016-10-17","2016-10-26T16:40Z","2016-11-04T12:26Z","NEON.LTR.HARV037849.20161017","NEON.LTR.HARV037849.20161017.SDS","NEON.DOC.001710vE","Seeds",0.21,"N","","xYAz/hoNa4beHeF8Co82eF9aIjZ5mOeG"
"d1900897-0407-44aa-b9fb-0ec9d9f0dfaf","HARV_037.basePlot.ltr","D01","HARV","HARV_037","HARV_037_849","2016-11-04","2016-09-06","2016-10-17","2016-10-26T16:40Z","2016-11-04T12:26Z","NEON.LTR.HARV037849.20161017","NEON.LTR.HARV037849.20161017.OTH","NEON.DOC.001710vE","Other",7.95,"N","","xYAz/hoNa4beHeF8Co82eF9aIjZ5mOeG"
"d4ef649a-df02-4f4e-860a-60331297e3df","HARV_050.basePlot.ltr","D01","HARV","HARV_050","HARV_050_947","2016-11-04","2016-09-06","2016-10-17","2016-10-26T16:40Z","2016-11-04T12:26Z","NEON.LTR.HARV050947.20161017","NEON.LTR.HARV050947.20161017.NDL","NEON.DOC.001710vE","Needles",23.11,"N","","+f00xtEQUq1afNaqPyxh9svtGXouuDqR"
"9a3bde3a-9f50-4bb8-95a6-c90c07390c32","HARV_035.basePlot.ltr","D01","HARV","HARV_035","HARV_035_120","2016-11-04","2016-09-06","2016-10-17","2016-10-26T16:40Z","2016-11-04T12:26Z","NEON.LTR.HARV035120.20161017","NEON.LTR.HARV035120.20161017.LVS","NEON.DOC.001710vE","Leaves",19.47,"N","","xYAz/hoNa4beHeF8Co82eF9aIjZ5mOeG"
"bdc07d52-f268-445f-aebc-70f0aabef1b7","HARV_050.basePlot.ltr","D01","HARV","HARV_050","HARV_050_947","2016-11-04","2016-09-06","2016-10-17","2016-10-26T16:40Z","2016-11-04T12:26Z","NEON.LTR.HARV050947.20161017","NEON.LTR.HARV050947.20161017.LVS","NEON.DOC.001710vE","Leaves",13.76,"N","","+f00xtEQUq1afNaqPyxh9svtGXouuDqR"
"5a92b411-ec33-4aa2-9e25-889f2da7c5bf","HARV_046.basePlot.ltr","D01","HARV","HARV_046","HARV_046_204","2016-11-04","2016-09-06","2016-10-17","2016-10-26T16:40Z","2016-11-04T12:26Z","NEON.LTR.HARV046204.20161017","NEON.LTR.HARV046204.20161017.NDL","NEON.DOC.001710vE","Needles",11.07,"N","","+f00xtEQUq1afNaqPyxh9svtGXouuDqR"
"1e729d51-839d-49e2-8585-9bc7ae62060f","HARV_046.basePlot.ltr","D01","HARV","HARV_046","HARV_046_204","2016-11-04","2016-09-06","2016-10-17","2016-10-26T16:40Z","2016-11-04T12:26Z","NEON.LTR.HARV046204.20161017","NEON.LTR.HARV046204.20161017.FLR","NEON.DOC.001710vE","Flowers",0.28,"N","","+f00xtEQUq1afNaqPyxh9svtGXouuDqR"
"7a4b3b70-2369-4839-ae19-ef2d2c6ee428","HARV_046.basePlot.ltr","D01","HARV","HARV_046","HARV_046_204","2016-11-04","2016-09-06","2016-10-17","2016-10-26T16:40Z","2016-11-04T12:26Z","NEON.LTR.HARV046204.20161017","NEON.LTR.HARV046204.20161017.WDY","NEON.DOC.001710vE","Woody material",0.06,"N","","+f00xtEQUq1afNaqPyxh9svtGXouuDqR"
"f47c2259-49b1-4989-91d8-19f2ddd95b02","HARV_046.basePlot.ltr","D01","HARV","HARV_046","HARV_046_204","2016-11-04","2016-09-06","2016-10-17","2016-10-26T16:40Z","2016-11-04T12:26Z","NEON.LTR.HARV046204.20161017","NEON.LTR.HARV046204.20161017.SDS","NEON.DOC.001710vE","Seeds",0.05,"N","","+f00xtEQUq1afNaqPyxh9svtGXouuDqR"
"1211fe60-7a99-4788-b29f-03882eb5de1d","HARV_046.basePlot.ltr","D01","HARV","HARV_046","HARV_046_204","2016-11-04","2016-09-06","2016-10-17","2016-10-26T16:40Z","2016-11-04T12:26Z","NEON.LTR.HARV046204.20161017","NEON.LTR.HARV046204.20161017.TWI","NEON.DOC.001710vE","Twigs/branches",0,"N","","+f00xtEQUq1afNaqPyxh9svtGXouuDqR"
"4c803d56-ec5b-4825-84f9-13811839cd5a","HARV_046.basePlot.ltr","D01","HARV","HARV_046","HARV_046_204","2016-11-04","2016-09-06","2016-10-17","2016-10-26T16:40Z","2016-11-04T12:26Z","NEON.LTR.HARV046204.20161017","NEON.LTR.HARV046204.20161017.OTH","NEON.DOC.001710vE","Other",1.97,"N","","+f00xtEQUq1afNaqPyxh9svtGXouuDqR"
"3ba70027-6560-4526-9285-848e008c36b8","HARV_046.basePlot.ltr","D01","HARV","HARV_046","HARV_046_204","2016-11-04","2016-09-06","2016-10-17","2016-10-26T16:40Z","2016-11-04T12:26Z","NEON.LTR.HARV046204.20161017","NEON.LTR.HARV046204.20161017.LVS","NEON.DOC.001710vE","Leaves",10.61,"N","","+f00xtEQUq1afNaqPyxh9svtGXouuDqR"
"8e8e3cba-d492-4a36-a49a-b96a35815e86","HARV_036.basePlot.ltr","D01","HARV","HARV_036","HARV_036_426","2016-11-04","2016-09-06","2016-10-17","2016-10-26T16:40Z","2016-11-04T12:26Z","NEON.LTR.HARV036426.20161017","NEON.LTR.HARV036426.20161017.SDS","NEON.DOC.001710vE","Seeds",22.36,"N","22.36 in 105 degrees Celsius oven.","xYAz/hoNa4beHeF8Co82eF9aIjZ5mOeG"
"16341792-877e-4f81-8fd5-2bf9dce19f16","HARV_036.basePlot.ltr","D01","HARV","HARV_036","HARV_036_426","2016-11-04","2016-09-06","2016-10-17","2016-10-26T16:40Z","2016-11-04T12:26Z","NEON.LTR.HARV036426.20161017","NEON.LTR.HARV036426.20161017.TWI","NEON.DOC.001710vE","Twigs/branches",1.81,"N","","xYAz/hoNa4beHeF8Co82eF9aIjZ5mOeG"
"689fbded-e5ed-4324-b356-a0eaa0606947","HARV_036.basePlot.ltr","D01","HARV","HARV_036","HARV_036_426","2016-11-04","2016-09-06","2016-10-17","2016-10-26T16:40Z","2016-11-04T12:26Z","NEON.LTR.HARV036426.20161017","NEON.LTR.HARV036426.20161017.OTH","NEON.DOC.001710vE","Other",0.96,"N","","xYAz/hoNa4beHeF8Co82eF9aIjZ5mOeG"
"1ed4efde-1947-4cec-b45e-a3213254fa51","HARV_036.basePlot.ltr","D01","HARV","HARV_036","HARV_036_426","2016-11-04","2016-09-06","2016-10-17","2016-10-26T16:40Z","2016-11-04T12:26Z","NEON.LTR.HARV036426.20161017","NEON.LTR.HARV036426.20161017.FLR","NEON.DOC.001710vE","Flowers",0.06,"Y","","xYAz/hoNa4beHeF8Co82eF9aIjZ5mOeG"
"d55d135e-dab3-4b6f-b0bf-0827b3db5125","HARV_036.basePlot.ltr","D01","HARV","HARV_036","HARV_036_426","2016-11-04","2016-09-06","2016-10-17","2016-10-26T16:40Z","2016-11-04T12:26Z","NEON.LTR.HARV036426.20161017","NEON.LTR.HARV036426.20161017.LVS","NEON.DOC.001710vE","Leaves",31.05,"N","","xYAz/hoNa4beHeF8Co82eF9aIjZ5mOeG"
"bc1823e0-695a-4d41-b66e-095bcf4e95f1","HARV_036.basePlot.ltr","D01","HARV","HARV_036","HARV_036_426","2016-11-04","2016-09-06","2016-10-17","2016-10-26T16:40Z","2016-11-04T12:26Z","NEON.LTR.HARV036426.20161017","NEON.LTR.HARV036426.20161017.NDL","NEON.DOC.001710vE","Needles",0,"N","","xYAz/hoNa4beHeF8Co82eF9aIjZ5mOeG"
"49be1e82-e514-42bd-b6ce-916726e8e71e","HARV_036.basePlot.ltr","D01","HARV","HARV_036","HARV_036_426","2016-11-04","2016-09-06","2016-10-17","2016-10-26T16:40Z","2016-11-04T12:26Z","NEON.LTR.HARV036426.20161017","NEON.LTR.HARV036426.20161017.WDY","NEON.DOC.001710vE","Woody material",0.62,"N","","xYAz/hoNa4beHeF8Co82eF9aIjZ5mOeG"
"4166ca5e-a924-420c-abb7-44dd26fc9b05","HARV_045.basePlot.ltr","D01","HARV","HARV_045","HARV_045_201","2016-11-04","2016-09-06","2016-10-17","2016-10-26T16:40Z","2016-11-04T12:26Z","NEON.LTR.HARV045201.20161017","NEON.LTR.HARV045201.20161017.LVS","NEON.DOC.001710vE","Leaves",24.07,"N","","+f00xtEQUq1afNaqPyxh9svtGXouuDqR"
"1b97f80f-9b2a-4ae9-964a-3f11bbb238d9","HARV_045.basePlot.ltr","D01","HARV","HARV_045","HARV_045_201","2016-11-04","2016-09-06","2016-10-17","2016-10-26T16:40Z","2016-11-04T12:26Z","NEON.LTR.HARV045201.20161017","NEON.LTR.HARV045201.20161017.NDL","NEON.DOC.001710vE","Needles",0.43,"Y","","+f00xtEQUq1afNaqPyxh9svtGXouuDqR"
"ab20446a-a2a0-479d-a97a-6f4f85af1b6a","HARV_045.basePlot.ltr","D01","HARV","HARV_045","HARV_045_201","2016-11-04","2016-09-06","2016-10-17","2016-10-26T16:40Z","2016-11-04T12:26Z","NEON.LTR.HARV045201.20161017","NEON.LTR.HARV045201.20161017.WDY","NEON.DOC.001710vE","Woody material",1.36,"N","","+f00xtEQUq1afNaqPyxh9svtGXouuDqR"
"b583e579-699c-49c3-aed0-d3cfb434b85e","HARV_045.basePlot.ltr","D01","HARV","HARV_045","HARV_045_201","2016-11-04","2016-09-06","2016-10-17","2016-10-26T16:40Z","2016-11-04T12:26Z","NEON.LTR.HARV045201.20161017","NEON.LTR.HARV045201.20161017.SDS","NEON.DOC.001710vE","Seeds",6.505,"N","0.005 in 65 degrees Celsius oven and 6.50 in 105 degrees Celsius oven. Bag 2 of ESDS not put in 105 degrees Celsius oven.","+f00xtEQUq1afNaqPyxh9svtGXouuDqR"
"1b94656e-feee-404f-8480-d5bbe6f32f6c","HARV_045.basePlot.ltr","D01","HARV","HARV_045","HARV_045_201","2016-11-04","2016-09-06","2016-10-17","2016-10-26T16:40Z","2016-11-04T12:26Z","NEON.LTR.HARV045201.20161017","NEON.LTR.HARV045201.20161017.TWI","NEON.DOC.001710vE","Twigs/branches",0.15,"N","","+f00xtEQUq1afNaqPyxh9svtGXouuDqR"
"ae2a3283-d39c-405a-be17-9ea45ac8a7e9","HARV_045.basePlot.ltr","D01","HARV","HARV_045","HARV_045_201","2016-11-04","2016-09-06","2016-10-17","2016-10-26T16:40Z","2016-11-04T12:26Z","NEON.LTR.HARV045201.20161017","NEON.LTR.HARV045201.20161017.FLR","NEON.DOC.001710vE","Flowers",0.005,"N","","+f00xtEQUq1afNaqPyxh9svtGXouuDqR"
"b9aa41c4-3f72-4469-abdd-15154bc51a24","HARV_045.basePlot.ltr","D01","HARV","HARV_045","HARV_045_201","2016-11-04","2016-09-06","2016-10-17","2016-10-26T16:40Z","2016-11-04T12:26Z","NEON.LTR.HARV045201.20161017","NEON.LTR.HARV045201.20161017.OTH","NEON.DOC.001710vE","Other",0.44,"N","","+f00xtEQUq1afNaqPyxh9svtGXouuDqR"
"03575869-fbe8-4da9-8c34-b99196578ea7","HARV_038.basePlot.ltr","D01","HARV","HARV_038","HARV_038_543","2016-11-04","2016-09-06","2016-10-17","2016-10-26T16:40Z","2016-11-04T12:26Z","NEON.LTR.HARV038543.20161017","NEON.LTR.HARV038543.20161017.OTH","NEON.DOC.001710vE","Other",5.16,"N","","xYAz/hoNa4beHeF8Co82eF9aIjZ5mOeG"
"76e97078-919a-4255-b199-40dac8770db2","HARV_038.basePlot.ltr","D01","HARV","HARV_038","HARV_038_543","2016-11-04","2016-09-06","2016-10-17","2016-10-26T16:40Z","2016-11-04T12:26Z","NEON.LTR.HARV038543.20161017","NEON.LTR.HARV038543.20161017.WDY","NEON.DOC.001710vE","Woody material",0.07,"N","","xYAz/hoNa4beHeF8Co82eF9aIjZ5mOeG"
"67797bd6-85c6-4a52-8b25-0a073f6ce712","HARV_038.basePlot.ltr","D01","HARV","HARV_038","HARV_038_543","2016-11-04","2016-09-06","2016-10-17","2016-10-26T16:40Z","2016-11-04T12:26Z","NEON.LTR.HARV038543.20161017","NEON.LTR.HARV038543.20161017.TWI","NEON.DOC.001710vE","Twigs/branches",0.19,"N","","xYAz/hoNa4beHeF8Co82eF9aIjZ5mOeG"
"90b1fc83-1d56-4502-9afe-d8b34ba7c7aa","HARV_045.basePlot.ltr","D01","HARV","HARV_045","HARV_045_265","2016-11-04","2016-09-06","2016-10-17","2016-10-26T16:40Z","2016-11-04T12:26Z","NEON.LTR.HARV045265.20161017","NEON.LTR.HARV045265.20161017.LVS","NEON.DOC.001710vE","Leaves",21.72,"N","","+f00xtEQUq1afNaqPyxh9svtGXouuDqR"
"a85321c1-4c98-488e-b58e-925c881a6c13","HARV_046.basePlot.ltr","D01","HARV","HARV_046","HARV_046_764","2016-11-04","2016-09-06","2016-10-17","2016-10-26T16:40Z","2016-11-04T12:26Z","NEON.LTR.HARV046764.20161017","NEON.LTR.HARV046764.20161017.OTH","NEON.DOC.001710vE","Other",0.11,"N","","+f00xtEQUq1afNaqPyxh9svtGXouuDqR"
"59852ca5-8358-4c74-b3fc-8c099ccacbfe","HARV_043.basePlot.ltr","D01","HARV","HARV_043","HARV_043_550","2016-11-04","2016-09-06","2016-10-17","2016-10-26T16:40Z","2016-11-04T12:26Z","NEON.LTR.HARV043550.20161017","NEON.LTR.HARV043550.20161017.NDL","NEON.DOC.001710vE","Needles",8.75,"N","","+f00xtEQUq1afNaqPyxh9svtGXouuDqR"
"60ba8cd7-5f4a-44fa-98ae-f0d6eebb11c4","HARV_043.basePlot.ltr","D01","HARV","HARV_043","HARV_043_550","2016-11-04","2016-09-06","2016-10-17","2016-10-26T16:40Z","2016-11-04T12:26Z","NEON.LTR.HARV043550.20161017","NEON.LTR.HARV043550.20161017.SDS","NEON.DOC.001710vE","Seeds",0.36,"N","","+f00xtEQUq1afNaqPyxh9svtGXouuDqR"
"089c63c6-cd21-4581-9875-4d4113bc9fb4","HARV_043.basePlot.ltr","D01","HARV","HARV_043","HARV_043_550","2016-11-04","2016-09-06","2016-10-17","2016-10-26T16:40Z","2016-11-04T12:26Z","NEON.LTR.HARV043550.20161017","NEON.LTR.HARV043550.20161017.TWI","NEON.DOC.001710vE","Twigs/branches",1.91,"N","","+f00xtEQUq1afNaqPyxh9svtGXouuDqR"
"72deccb9-7cc9-4a62-9ae7-c02942bc82d3","HARV_043.basePlot.ltr","D01","HARV","HARV_043","HARV_043_550","2016-11-04","2016-09-06","2016-10-17","2016-10-26T16:40Z","2016-11-04T12:26Z","NEON.LTR.HARV043550.20161017","NEON.LTR.HARV043550.20161017.WDY","NEON.DOC.001710vE","Woody material",0.2,"N","","+f00xtEQUq1afNaqPyxh9svtGXouuDqR"
"d9090cbf-8735-42cd-86f3-64d3a496e271","HARV_043.basePlot.ltr","D01","HARV","HARV_043","HARV_043_550","2016-11-04","2016-09-06","2016-10-17","2016-10-26T16:40Z","2016-11-04T12:26Z","NEON.LTR.HARV043550.20161017","NEON.LTR.HARV043550.20161017.OTH","NEON.DOC.001710vE","Other",5.79,"N","","+f00xtEQUq1afNaqPyxh9svtGXouuDqR"
"7ea03442-fbdd-4065-8daa-941d35c2edf8","HARV_043.basePlot.ltr","D01","HARV","HARV_043","HARV_043_550","2016-11-04","2016-09-06","2016-10-17","2016-10-26T16:40Z","2016-11-04T12:26Z","NEON.LTR.HARV043550.20161017","NEON.LTR.HARV043550.20161017.FLR","NEON.DOC.001710vE","Flowers",0.03,"N","","+f00xtEQUq1afNaqPyxh9svtGXouuDqR"
"c96e5481-d21e-4649-bd17-d81b56bde294","HARV_043.basePlot.ltr","D01","HARV","HARV_043","HARV_043_550","2016-11-04","2016-09-06","2016-10-17","2016-10-26T16:40Z","2016-11-04T12:26Z","NEON.LTR.HARV043550.20161017","NEON.LTR.HARV043550.20161017.LVS","NEON.DOC.001710vE","Leaves",11.67,"N","","+f00xtEQUq1afNaqPyxh9svtGXouuDqR"
"88045bd5-3e4a-41c9-9050-2b2c8ea4a71e","HARV_051.basePlot.ltr","D01","HARV","HARV_051","HARV_051_361","2016-11-04","2016-09-06","2016-10-17","2016-10-26T16:40Z","2016-11-04T12:26Z","NEON.LTR.HARV051361.20161017","NEON.LTR.HARV051361.20161017.OTH","NEON.DOC.001710vE","Other",0.4,"N","","+f00xtEQUq1afNaqPyxh9svtGXouuDqR"
"0eb05c43-1265-4428-a31a-f963005bec9b","HARV_051.basePlot.ltr","D01","HARV","HARV_051","HARV_051_361","2016-11-04","2016-09-06","2016-10-17","2016-10-26T16:40Z","2016-11-04T12:26Z","NEON.LTR.HARV051361.20161017","NEON.LTR.HARV051361.20161017.FLR","NEON.DOC.001710vE","Flowers",0.005,"N","","+f00xtEQUq1afNaqPyxh9svtGXouuDqR"
"59caf102-cf00-4f3b-89fa-4b61ed0ce4dc","HARV_051.basePlot.ltr","D01","HARV","HARV_051","HARV_051_361","2016-11-04","2016-09-06","2016-10-17","2016-10-26T16:40Z","2016-11-04T12:26Z","NEON.LTR.HARV051361.20161017","NEON.LTR.HARV051361.20161017.WDY","NEON.DOC.001710vE","Woody material",0.21,"N","","+f00xtEQUq1afNaqPyxh9svtGXouuDqR"
"0fe9cdb0-638b-4525-b8fd-5ee7d72b1471","HARV_051.basePlot.ltr","D01","HARV","HARV_051","HARV_051_361","2016-11-04","2016-09-06","2016-10-17","2016-10-26T16:40Z","2016-11-04T12:26Z","NEON.LTR.HARV051361.20161017","NEON.LTR.HARV051361.20161017.TWI","NEON.DOC.001710vE","Twigs/branches",1.33,"N","","+f00xtEQUq1afNaqPyxh9svtGXouuDqR"
"bb9a1d4e-a462-4b74-95b5-fe2e2dfbe914","HARV_051.basePlot.ltr","D01","HARV","HARV_051","HARV_051_361","2016-11-04","2016-09-06","2016-10-17","2016-10-26T16:40Z","2016-11-04T12:26Z","NEON.LTR.HARV051361.20161017","NEON.LTR.HARV051361.20161017.SDS","NEON.DOC.001710vE","Seeds",20.235,"N","20.23 in 105 degrees Celsius oven and 0.005 in 65 degrees Celsius oven.","+f00xtEQUq1afNaqPyxh9svtGXouuDqR"
"14e2bd5d-a673-4ff3-84ab-7c710a518b8e","HARV_051.basePlot.ltr","D01","HARV","HARV_051","HARV_051_361","2016-11-04","2016-09-06","2016-10-17","2016-10-26T16:40Z","2016-11-04T12:26Z","NEON.LTR.HARV051361.20161017","NEON.LTR.HARV051361.20161017.NDL","NEON.DOC.001710vE","Needles",2.34,"N","","+f00xtEQUq1afNaqPyxh9svtGXouuDqR"
"2ccabb54-a4fa-4db3-81bc-fcc92f75e817","HARV_051.basePlot.ltr","D01","HARV","HARV_051","HARV_051_361","2016-11-04","2016-09-06","2016-10-17","2016-10-26T16:40Z","2016-11-04T12:26Z","NEON.LTR.HARV051361.20161017","NEON.LTR.HARV051361.20161017.LVS","NEON.DOC.001710vE","Leaves",10.66,"N","","+f00xtEQUq1afNaqPyxh9svtGXouuDqR"
"edd3e5bb-e30f-4b26-adf7-4794eed9f93b","HARV_052.basePlot.ltr","D01","HARV","HARV_052","HARV_052_314","2016-11-04","2016-09-06","2016-10-17","2016-10-26T16:40Z","2016-11-04T12:26Z","NEON.LTR.HARV052314.20161017","NEON.LTR.HARV052314.20161017.OTH","NEON.DOC.001710vE","Other",7.11,"N","","+f00xtEQUq1afNaqPyxh9svtGXouuDqR"
"87bab459-52ef-4fb9-b119-b277830adff0","HARV_052.basePlot.ltr","D01","HARV","HARV_052","HARV_052_314","2016-11-04","2016-09-06","2016-10-17","2016-10-26T16:40Z","2016-11-04T12:26Z","NEON.LTR.HARV052314.20161017","NEON.LTR.HARV052314.20161017.FLR","NEON.DOC.001710vE","Flowers",0.005,"N","","+f00xtEQUq1afNaqPyxh9svtGXouuDqR"
"d267843f-a81d-4f00-a8a9-740c78abdf35","HARV_052.basePlot.ltr","D01","HARV","HARV_052","HARV_052_314","2016-11-04","2016-09-06","2016-10-17","2016-10-26T16:40Z","2016-11-04T12:26Z","NEON.LTR.HARV052314.20161017","NEON.LTR.HARV052314.20161017.NDL","NEON.DOC.001710vE","Needles",8.03,"N","","+f00xtEQUq1afNaqPyxh9svtGXouuDqR"
"00d5e1fd-dcb9-4a30-82d5-caea1507d481","HARV_052.basePlot.ltr","D01","HARV","HARV_052","HARV_052_314","2016-11-04","2016-09-06","2016-10-17","2016-10-26T16:40Z","2016-11-04T12:26Z","NEON.LTR.HARV052314.20161017","NEON.LTR.HARV052314.20161017.TWI","NEON.DOC.001710vE","Twigs/branches",1.53,"Y","","+f00xtEQUq1afNaqPyxh9svtGXouuDqR"
"094b8cb1-6217-4263-baff-95fe3b3dc771","HARV_052.basePlot.ltr","D01","HARV","HARV_052","HARV_052_314","2016-11-04","2016-09-06","2016-10-17","2016-10-26T16:40Z","2016-11-04T12:26Z","NEON.LTR.HARV052314.20161017","NEON.LTR.HARV052314.20161017.LVS","NEON.DOC.001710vE","Leaves",35.59,"N","","+f00xtEQUq1afNaqPyxh9svtGXouuDqR"
"10ba19ff-6e95-4582-b21b-6a2e05bfaf4d","HARV_052.basePlot.ltr","D01","HARV","HARV_052","HARV_052_314","2016-11-04","2016-09-06","2016-10-17","2016-10-26T16:40Z","2016-11-04T12:26Z","NEON.LTR.HARV052314.20161017","NEON.LTR.HARV052314.20161017.WDY","NEON.DOC.001710vE","Woody material",0.14,"N","","+f00xtEQUq1afNaqPyxh9svtGXouuDqR"
"a635f666-f18b-4de0-ba89-273947ea3703","HARV_052.basePlot.ltr","D01","HARV","HARV_052","HARV_052_314","2016-11-04","2016-09-06","2016-10-17","2016-10-26T16:40Z","2016-11-04T12:26Z","NEON.LTR.HARV052314.20161017","NEON.LTR.HARV052314.20161017.SDS","NEON.DOC.001710vE","Seeds",0.06,"N","","+f00xtEQUq1afNaqPyxh9svtGXouuDqR"
"0c040dea-eaf7-4d90-a4e5-afb04b1f2fe9","HARV_038.basePlot.ltr","D01","HARV","HARV_038","HARV_038_363","2016-11-04","2016-09-06","2016-10-17","2016-10-26T16:40Z","2016-11-04T12:26Z","NEON.LTR.HARV038363.20161017","NEON.LTR.HARV038363.20161017.SDS","NEON.DOC.001710vE","Seeds",0.005,"N","","xYAz/hoNa4beHeF8Co82eF9aIjZ5mOeG"
"a88b3381-1622-4d56-a186-37a3641853ae","HARV_038.basePlot.ltr","D01","HARV","HARV_038","HARV_038_363","2016-11-04","2016-09-06","2016-10-17","2016-10-26T16:40Z","2016-11-04T12:26Z","NEON.LTR.HARV038363.20161017","NEON.LTR.HARV038363.20161017.OTH","NEON.DOC.001710vE","Other",0.86,"Y","","xYAz/hoNa4beHeF8Co82eF9aIjZ5mOeG"
"e670b6f5-deff-43ee-a64e-6e772017c8ef","HARV_038.basePlot.ltr","D01","HARV","HARV_038","HARV_038_363","2016-11-04","2016-09-06","2016-10-17","2016-10-26T16:40Z","2016-11-04T12:26Z","NEON.LTR.HARV038363.20161017","NEON.LTR.HARV038363.20161017.NDL","NEON.DOC.001710vE","Needles",5.39,"N","","xYAz/hoNa4beHeF8Co82eF9aIjZ5mOeG"
"532065ce-f14a-4359-a842-7cac549e8484","HARV_048.basePlot.ltr","D01","HARV","HARV_048","HARV_048_355","2016-11-04","2016-09-06","2016-10-17","2016-10-26T16:40Z","2016-11-04T13:00Z","NEON.LTR.HARV048355.20161017","NEON.LTR.HARV048355.20161017.FLR","NEON.DOC.001710vE","Flowers",0.04,"N","","+f00xtEQUq1afNaqPyxh9svtGXouuDqR"
"e168f2ce-a63e-4437-ac8e-196a44ac3ee6","HARV_038.basePlot.ltr","D01","HARV","HARV_038","HARV_038_363","2016-11-04","2016-09-06","2016-10-17","2016-10-26T16:40Z","2016-11-04T12:26Z","NEON.LTR.HARV038363.20161017","NEON.LTR.HARV038363.20161017.TWI","NEON.DOC.001710vE","Twigs/branches",0.23,"N","","xYAz/hoNa4beHeF8Co82eF9aIjZ5mOeG"
"e1f6948b-5086-4a0d-ac39-c88e63ef868a","HARV_048.basePlot.ltr","D01","HARV","HARV_048","HARV_048_355","2016-11-04","2016-09-06","2016-10-17","2016-10-26T16:40Z","2016-11-04T13:00Z","NEON.LTR.HARV048355.20161017","NEON.LTR.HARV048355.20161017.OTH","NEON.DOC.001710vE","Other",9.72,"N","","+f00xtEQUq1afNaqPyxh9svtGXouuDqR"
"05afab80-1d09-417d-9e69-7c5fbda0b0da","HARV_038.basePlot.ltr","D01","HARV","HARV_038","HARV_038_363","2016-11-04","2016-09-06","2016-10-17","2016-10-26T16:40Z","2016-11-04T12:26Z","NEON.LTR.HARV038363.20161017","NEON.LTR.HARV038363.20161017.WDY","NEON.DOC.001710vE","Woody material",0.09,"N","","xYAz/hoNa4beHeF8Co82eF9aIjZ5mOeG"
"32015d0a-4d39-412c-82dd-ed2525d4b643","HARV_038.basePlot.ltr","D01","HARV","HARV_038","HARV_038_363","2016-11-04","2016-09-06","2016-10-17","2016-10-26T16:40Z","2016-11-04T12:26Z","NEON.LTR.HARV038363.20161017","NEON.LTR.HARV038363.20161017.FLR","NEON.DOC.001710vE","Flowers",0.005,"N","","xYAz/hoNa4beHeF8Co82eF9aIjZ5mOeG"
"379e6525-f860-4cd5-a3a8-c8e40b85aafd","HARV_038.basePlot.ltr","D01","HARV","HARV_038","HARV_038_363","2016-11-04","2016-09-06","2016-10-17","2016-10-26T16:40Z","2016-11-04T12:26Z","NEON.LTR.HARV038363.20161017","NEON.LTR.HARV038363.20161017.LVS","NEON.DOC.001710vE","Leaves",13.46,"N","","xYAz/hoNa4beHeF8Co82eF9aIjZ5mOeG"
"8527bf01-fb12-4869-b465-fa84d94bdb5a","HARV_048.basePlot.ltr","D01","HARV","HARV_048","HARV_048_355","2016-11-04","2016-09-06","2016-10-17","2016-10-26T16:40Z","2016-11-04T13:00Z","NEON.LTR.HARV048355.20161017","NEON.LTR.HARV048355.20161017.TWI","NEON.DOC.001710vE","Twigs/branches",1.1,"N","","+f00xtEQUq1afNaqPyxh9svtGXouuDqR"
"11b8b045-9976-4bf5-956c-f708c618884c","HARV_034.basePlot.ltr","D01","HARV","HARV_034","HARV_034_371","2016-11-04","2016-09-06","2016-10-17","2016-10-26T16:40Z","2016-11-04T12:26Z","NEON.LTR.HARV034371.20161017","NEON.LTR.HARV034371.20161017.SDS","NEON.DOC.001710vE","Seeds",0.09,"N","","xYAz/hoNa4beHeF8Co82eF9aIjZ5mOeG"
"40ef6c29-2628-4d5f-b1f0-ad71381ff505","HARV_048.basePlot.ltr","D01","HARV","HARV_048","HARV_048_355","2016-11-04","2016-09-06","2016-10-17","2016-10-26T16:40Z","2016-11-04T13:00Z","NEON.LTR.HARV048355.20161017","NEON.LTR.HARV048355.20161017.SDS","NEON.DOC.001710vE","Seeds",0.2,"N","","+f00xtEQUq1afNaqPyxh9svtGXouuDqR"
"352b1123-63fb-4dca-b8d3-6174e875690b","HARV_034.basePlot.ltr","D01","HARV","HARV_034","HARV_034_371","2016-11-04","2016-09-06","2016-10-17","2016-10-26T16:40Z","2016-11-04T12:26Z","NEON.LTR.HARV034371.20161017","NEON.LTR.HARV034371.20161017.WDY","NEON.DOC.001710vE","Woody material",13.49,"Y","","xYAz/hoNa4beHeF8Co82eF9aIjZ5mOeG"
"11a8412d-6f65-47d3-9632-8c535addf83a","HARV_048.basePlot.ltr","D01","HARV","HARV_048","HARV_048_355","2016-11-04","2016-09-06","2016-10-17","2016-10-26T16:40Z","2016-11-04T13:00Z","NEON.LTR.HARV048355.20161017","NEON.LTR.HARV048355.20161017.NDL","NEON.DOC.001710vE","Needles",6.67,"N","","+f00xtEQUq1afNaqPyxh9svtGXouuDqR"
"9d4c5528-b1a9-4eca-be76-8ca5e6fccc14","HARV_034.basePlot.ltr","D01","HARV","HARV_034","HARV_034_371","2016-11-04","2016-09-06","2016-10-17","2016-10-26T16:40Z","2016-11-04T12:26Z","NEON.LTR.HARV034371.20161017","NEON.LTR.HARV034371.20161017.OTH","NEON.DOC.001710vE","Other",3.84,"N","","xYAz/hoNa4beHeF8Co82eF9aIjZ5mOeG"
"d920e350-de05-4244-878a-532e5144b54a","HARV_034.basePlot.ltr","D01","HARV","HARV_034","HARV_034_371","2016-11-04","2016-09-06","2016-10-17","2016-10-26T16:40Z","2016-11-04T12:26Z","NEON.LTR.HARV034371.20161017","NEON.LTR.HARV034371.20161017.FLR","NEON.DOC.001710vE","Flowers",0.06,"N","","xYAz/hoNa4beHeF8Co82eF9aIjZ5mOeG"
"28661453-c853-4701-aa69-f97dd5ba64db","HARV_034.basePlot.ltr","D01","HARV","HARV_034","HARV_034_371","2016-11-04","2016-09-06","2016-10-17","2016-10-26T16:40Z","2016-11-04T12:26Z","NEON.LTR.HARV034371.20161017","NEON.LTR.HARV034371.20161017.LVS","NEON.DOC.001710vE","Leaves",8.13,"N","","xYAz/hoNa4beHeF8Co82eF9aIjZ5mOeG"
"60ea2b63-8b9c-41b2-872d-f652fc495c6e","HARV_048.basePlot.ltr","D01","HARV","HARV_048","HARV_048_355","2016-11-04","2016-09-06","2016-10-17","2016-10-26T16:40Z","2016-11-04T13:00Z","NEON.LTR.HARV048355.20161017","NEON.LTR.HARV048355.20161017.LVS","NEON.DOC.001710vE","Leaves",29.2,"N","","+f00xtEQUq1afNaqPyxh9svtGXouuDqR"
"af7c5f0b-2387-4110-af17-2d64b94c1479","HARV_048.basePlot.ltr","D01","HARV","HARV_048","HARV_048_355","2016-11-04","2016-09-06","2016-10-17","2016-10-26T16:40Z","2016-11-04T13:00Z","NEON.LTR.HARV048355.20161017","NEON.LTR.HARV048355.20161017.WDY","NEON.DOC.001710vE","Woody material",0.29,"Y","","+f00xtEQUq1afNaqPyxh9svtGXouuDqR"
"9f910460-4cda-4ae0-b9cf-e5f76aa537c5","HARV_034.basePlot.ltr","D01","HARV","HARV_034","HARV_034_371","2016-11-04","2016-09-06","2016-10-17","2016-10-26T16:40Z","2016-11-04T12:26Z","NEON.LTR.HARV034371.20161017","NEON.LTR.HARV034371.20161017.TWI","NEON.DOC.001710vE","Twigs/branches",0.12,"N","","xYAz/hoNa4beHeF8Co82eF9aIjZ5mOeG"
"dbb17a8d-ea11-4738-a236-8b05fad02615","HARV_034.basePlot.ltr","D01","HARV","HARV_034","HARV_034_371","2016-11-04","2016-09-06","2016-10-17","2016-10-26T16:40Z","2016-11-04T12:26Z","NEON.LTR.HARV034371.20161017","NEON.LTR.HARV034371.20161017.NDL","NEON.DOC.001710vE","Needles",30.16,"N","","xYAz/hoNa4beHeF8Co82eF9aIjZ5mOeG"
"092b7756-f552-47e8-bd21-b0138d1b7511","HARV_049.basePlot.ltr","D01","HARV","HARV_049","HARV_049_437","2016-11-04","2016-09-06","2016-10-17","2016-10-26T16:40Z","2016-11-04T12:26Z","NEON.LTR.HARV049437.20161017","NEON.LTR.HARV049437.20161017.WDY","NEON.DOC.001710vE","Woody material",0.01,"N","","+f00xtEQUq1afNaqPyxh9svtGXouuDqR"
"1118d06a-f084-4a95-b182-09b11c252977","HARV_049.basePlot.ltr","D01","HARV","HARV_049","HARV_049_437","2016-11-04","2016-09-06","2016-10-17","2016-10-26T16:40Z","2016-11-04T12:26Z","NEON.LTR.HARV049437.20161017","NEON.LTR.HARV049437.20161017.TWI","NEON.DOC.001710vE","Twigs/branches",1.36,"N","","+f00xtEQUq1afNaqPyxh9svtGXouuDqR"
"dff9613c-4b4f-44f8-9bb5-4b13604421cd","HARV_049.basePlot.ltr","D01","HARV","HARV_049","HARV_049_437","2016-11-04","2016-09-06","2016-10-17","2016-10-26T16:40Z","2016-11-04T12:26Z","NEON.LTR.HARV049437.20161017","NEON.LTR.HARV049437.20161017.FLR","NEON.DOC.001710vE","Flowers",0.06,"N","","+f00xtEQUq1afNaqPyxh9svtGXouuDqR"
"eb2fdbaa-b3ff-4d7a-8185-f675e56c8739","HARV_049.basePlot.ltr","D01","HARV","HARV_049","HARV_049_437","2016-11-04","2016-09-06","2016-10-17","2016-10-26T16:40Z","2016-11-04T12:26Z","NEON.LTR.HARV049437.20161017","NEON.LTR.HARV049437.20161017.SDS","NEON.DOC.001710vE","Seeds",0.09,"N","","+f00xtEQUq1afNaqPyxh9svtGXouuDqR"
"e6c83f45-f17c-472f-bd74-f94cf478f093","HARV_049.basePlot.ltr","D01","HARV","HARV_049","HARV_049_437","2016-11-04","2016-09-06","2016-10-17","2016-10-26T16:40Z","2016-11-04T12:26Z","NEON.LTR.HARV049437.20161017","NEON.LTR.HARV049437.20161017.OTH","NEON.DOC.001710vE","Other",15.26,"N","","+f00xtEQUq1afNaqPyxh9svtGXouuDqR"
"0f0e8f03-43d9-4d9d-a13a-52c5681f74eb","HARV_049.basePlot.ltr","D01","HARV","HARV_049","HARV_049_437","2016-11-04","2016-09-06","2016-10-17","2016-10-26T16:40Z","2016-11-04T12:26Z","NEON.LTR.HARV049437.20161017","NEON.LTR.HARV049437.20161017.LVS","NEON.DOC.001710vE","Leaves",8.81,"N","","+f00xtEQUq1afNaqPyxh9svtGXouuDqR"
"345cf52f-b3c0-4e29-854e-55503ca33e19","HARV_049.basePlot.ltr","D01","HARV","HARV_049","HARV_049_437","2016-11-04","2016-09-06","2016-10-17","2016-10-26T16:40Z","2016-11-04T12:26Z","NEON.LTR.HARV049437.20161017","NEON.LTR.HARV049437.20161017.NDL","NEON.DOC.001710vE","Needles",8.74,"N","","+f00xtEQUq1afNaqPyxh9svtGXouuDqR"
"50703872-7a7c-4c4a-b89c-ca15d8878a7d","HARV_049.basePlot.ltr","D01","HARV","HARV_049","HARV_049_890","2016-11-04","2016-09-06","2016-10-17","2016-10-26T16:40Z","2016-11-04T12:26Z","NEON.LTR.HARV049890.20161017","NEON.LTR.HARV049890.20161017.OTH","NEON.DOC.001710vE","Other",15.98,"N","","+f00xtEQUq1afNaqPyxh9svtGXouuDqR"
"7b816c60-7e34-430a-a12c-4c863be661ef","HARV_049.basePlot.ltr","D01","HARV","HARV_049","HARV_049_890","2016-11-04","2016-09-06","2016-10-17","2016-10-26T16:40Z","2016-11-04T12:26Z","NEON.LTR.HARV049890.20161017","NEON.LTR.HARV049890.20161017.FLR","NEON.DOC.001710vE","Flowers",0,"N","","+f00xtEQUq1afNaqPyxh9svtGXouuDqR"
"b4b33db0-ecde-4e2a-a9ed-4fc6e4c8fdb2","HARV_049.basePlot.ltr","D01","HARV","HARV_049","HARV_049_890","2016-11-04","2016-09-06","2016-10-17","2016-10-26T16:40Z","2016-11-04T12:26Z","NEON.LTR.HARV049890.20161017","NEON.LTR.HARV049890.20161017.WDY","NEON.DOC.001710vE","Woody material",1.37,"N","","+f00xtEQUq1afNaqPyxh9svtGXouuDqR"
"3ca3f2a9-c2db-4307-9f3d-4164dc6c1056","HARV_049.basePlot.ltr","D01","HARV","HARV_049","HARV_049_890","2016-11-04","2016-09-06","2016-10-17","2016-10-26T16:40Z","2016-11-04T12:26Z","NEON.LTR.HARV049890.20161017","NEON.LTR.HARV049890.20161017.NDL","NEON.DOC.001710vE","Needles",12.62,"N","","+f00xtEQUq1afNaqPyxh9svtGXouuDqR"
"03cfa28d-44a3-489a-9153-c854cf0ae3a0","HARV_049.basePlot.ltr","D01","HARV","HARV_049","HARV_049_890","2016-11-04","2016-09-06","2016-10-17","2016-10-26T16:40Z","2016-11-04T12:26Z","NEON.LTR.HARV049890.20161017","NEON.LTR.HARV049890.20161017.LVS","NEON.DOC.001710vE","Leaves",19.96,"N","","+f00xtEQUq1afNaqPyxh9svtGXouuDqR"
"6be14baf-64df-4e41-94de-04009b80bb69","HARV_049.basePlot.ltr","D01","HARV","HARV_049","HARV_049_890","2016-11-04","2016-09-06","2016-10-17","2016-10-26T16:40Z","2016-11-04T12:26Z","NEON.LTR.HARV049890.20161017","NEON.LTR.HARV049890.20161017.TWI","NEON.DOC.001710vE","Twigs/branches",3.94,"N","","+f00xtEQUq1afNaqPyxh9svtGXouuDqR"
"45d32537-cb9b-485f-b6a3-dbae88136451","HARV_049.basePlot.ltr","D01","HARV","HARV_049","HARV_049_890","2016-11-04","2016-09-06","2016-10-17","2016-10-26T16:40Z","2016-11-04T12:26Z","NEON.LTR.HARV049890.20161017","NEON.LTR.HARV049890.20161017.SDS","NEON.DOC.001710vE","Seeds",1.17,"Y","","+f00xtEQUq1afNaqPyxh9svtGXouuDqR"
"72f1d491-ef6d-4289-9e05-756b18015613","HARV_051.basePlot.ltr","D01","HARV","HARV_051","HARV_051_701","2016-11-04","2016-09-06","2016-10-17","2016-10-26T16:40Z","2016-11-04T12:26Z","NEON.LTR.HARV051701.20161017","NEON.LTR.HARV051701.20161017.SDS","NEON.DOC.001710vE","Seeds",56.615,"N","56.61 in 105 degrees Celsius oven with QC equals 56.61. 0.005 in 65 degrees Celsius oven.","+f00xtEQUq1afNaqPyxh9svtGXouuDqR"
"1bbf82ef-7110-4d63-bb6b-624272be3d3d","HARV_051.basePlot.ltr","D01","HARV","HARV_051","HARV_051_701","2016-11-04","2016-09-06","2016-10-17","2016-10-26T16:40Z","2016-11-04T12:26Z","NEON.LTR.HARV051701.20161017","NEON.LTR.HARV051701.20161017.FLR","NEON.DOC.001710vE","Flowers",0.14,"N","","+f00xtEQUq1afNaqPyxh9svtGXouuDqR"
"c66e3829-6e32-4478-8737-f077556dc8db","HARV_051.basePlot.ltr","D01","HARV","HARV_051","HARV_051_701","2016-11-04","2016-09-06","2016-10-17","2016-10-26T16:40Z","2016-11-04T12:26Z","NEON.LTR.HARV051701.20161017","NEON.LTR.HARV051701.20161017.NDL","NEON.DOC.001710vE","Needles",2.62,"N","","+f00xtEQUq1afNaqPyxh9svtGXouuDqR"
"ffe13e95-a0d3-4904-87a9-d9f10980bf82","HARV_051.basePlot.ltr","D01","HARV","HARV_051","HARV_051_701","2016-11-04","2016-09-06","2016-10-17","2016-10-26T16:40Z","2016-11-04T12:26Z","NEON.LTR.HARV051701.20161017","NEON.LTR.HARV051701.20161017.LVS","NEON.DOC.001710vE","Leaves",20.55,"Y","","+f00xtEQUq1afNaqPyxh9svtGXouuDqR"
"4b7b4349-14ce-40e9-9a85-2cb90c07027d","HARV_051.basePlot.ltr","D01","HARV","HARV_051","HARV_051_701","2016-11-04","2016-09-06","2016-10-17","2016-10-26T16:40Z","2016-11-04T12:26Z","NEON.LTR.HARV051701.20161017","NEON.LTR.HARV051701.20161017.TWI","NEON.DOC.001710vE","Twigs/branches",3.24,"N","","+f00xtEQUq1afNaqPyxh9svtGXouuDqR"
"dc7c6481-571f-48ef-91bf-d4e75fd124cf","HARV_051.basePlot.ltr","D01","HARV","HARV_051","HARV_051_701","2016-11-04","2016-09-06","2016-10-17","2016-10-26T16:40Z","2016-11-04T12:26Z","NEON.LTR.HARV051701.20161017","NEON.LTR.HARV051701.20161017.OTH","NEON.DOC.001710vE","Other",1.62,"N","","+f00xtEQUq1afNaqPyxh9svtGXouuDqR"
"8a45a8e4-06a5-4ae0-b8af-5633fc8408d6","HARV_050.basePlot.ltr","D01","HARV","HARV_050","HARV_050_043","2016-11-04","2016-09-06","2016-10-17","2016-10-26T16:40Z","2016-11-04T12:26Z","NEON.LTR.HARV050043.20161017","NEON.LTR.HARV050043.20161017.OTH","NEON.DOC.001710vE","Other",2.13,"N","","+f00xtEQUq1afNaqPyxh9svtGXouuDqR"
"ffec901f-bc6e-4242-bad0-f3ba9d0fe34b","HARV_039.basePlot.ltr","D01","HARV","HARV_039","HARV_039_872","2016-11-04","2016-09-06","2016-10-17","2016-10-26T16:40Z","2016-11-04T12:26Z","NEON.LTR.HARV039872.20161017","NEON.LTR.HARV039872.20161017.FLR","NEON.DOC.001710vE","Flowers",0.01,"N","","xYAz/hoNa4beHeF8Co82eF9aIjZ5mOeG"
"5bb1e929-d706-46ea-bebb-6f5b8e89079c","HARV_039.basePlot.ltr","D01","HARV","HARV_039","HARV_039_872","2016-11-04","2016-09-06","2016-10-17","2016-10-26T16:40Z","2016-11-04T12:26Z","NEON.LTR.HARV039872.20161017","NEON.LTR.HARV039872.20161017.SDS","NEON.DOC.001710vE","Seeds",7.875,"N","7.87 in 105 degrees Celsius oven. 0.005 in 65 degrees Celsius oven.","xYAz/hoNa4beHeF8Co82eF9aIjZ5mOeG"
"d2017486-8837-4f7c-9054-26a2babed31c","HARV_050.basePlot.ltr","D01","HARV","HARV_050","HARV_050_043","2016-11-04","2016-09-06","2016-10-17","2016-10-26T16:40Z","2016-11-04T12:26Z","NEON.LTR.HARV050043.20161017","NEON.LTR.HARV050043.20161017.FLR","NEON.DOC.001710vE","Flowers",0.005,"N","","+f00xtEQUq1afNaqPyxh9svtGXouuDqR"
"c32280d7-57ee-43ee-9da6-f8e62d3a4239","HARV_039.basePlot.ltr","D01","HARV","HARV_039","HARV_039_872","2016-11-04","2016-09-06","2016-10-17","2016-10-26T16:40Z","2016-11-04T12:26Z","NEON.LTR.HARV039872.20161017","NEON.LTR.HARV039872.20161017.TWI","NEON.DOC.001710vE","Twigs/branches",0.7,"N","","xYAz/hoNa4beHeF8Co82eF9aIjZ5mOeG"
"12ac24a9-0c48-4b40-b9c9-dfa16e33bdcd","HARV_039.basePlot.ltr","D01","HARV","HARV_039","HARV_039_872","2016-11-04","2016-09-06","2016-10-17","2016-10-26T16:40Z","2016-11-04T12:26Z","NEON.LTR.HARV039872.20161017","NEON.LTR.HARV039872.20161017.WDY","NEON.DOC.001710vE","Woody material",0.31,"N","","xYAz/hoNa4beHeF8Co82eF9aIjZ5mOeG"
"5f25c50b-c281-4087-8009-8f96d29194e5","HARV_039.basePlot.ltr","D01","HARV","HARV_039","HARV_039_872","2016-11-04","2016-09-06","2016-10-17","2016-10-26T16:40Z","2016-11-04T12:26Z","NEON.LTR.HARV039872.20161017","NEON.LTR.HARV039872.20161017.LVS","NEON.DOC.001710vE","Leaves",36.66,"N","","xYAz/hoNa4beHeF8Co82eF9aIjZ5mOeG"
"b5a22d6c-1278-4155-b845-a883d179c911","HARV_039.basePlot.ltr","D01","HARV","HARV_039","HARV_039_872","2016-11-04","2016-09-06","2016-10-17","2016-10-26T16:40Z","2016-11-04T12:26Z","NEON.LTR.HARV039872.20161017","NEON.LTR.HARV039872.20161017.NDL","NEON.DOC.001710vE","Needles",0.13,"N","","xYAz/hoNa4beHeF8Co82eF9aIjZ5mOeG"
"c843d592-6241-4b91-977b-2a18017ae65f","HARV_050.basePlot.ltr","D01","HARV","HARV_050","HARV_050_043","2016-11-04","2016-09-06","2016-10-17","2016-10-26T16:40Z","2016-11-04T12:26Z","NEON.LTR.HARV050043.20161017","NEON.LTR.HARV050043.20161017.TWI","NEON.DOC.001710vE","Twigs/branches",6.21,"N","","+f00xtEQUq1afNaqPyxh9svtGXouuDqR"
"e76e6dda-c793-4546-964f-3346057bb474","HARV_039.basePlot.ltr","D01","HARV","HARV_039","HARV_039_872","2016-11-04","2016-09-06","2016-10-17","2016-10-26T16:40Z","2016-11-04T12:26Z","NEON.LTR.HARV039872.20161017","NEON.LTR.HARV039872.20161017.OTH","NEON.DOC.001710vE","Other",0.5,"N","","xYAz/hoNa4beHeF8Co82eF9aIjZ5mOeG"
"f0898e2d-af01-4c98-9348-35171509d07b","HARV_035.basePlot.ltr","D01","HARV","HARV_035","HARV_035_402","2016-11-04","2016-09-06","2016-10-17","2016-10-26T16:40Z","2016-11-04T12:26Z","NEON.LTR.HARV035402.20161017","NEON.LTR.HARV035402.20161017.TWI","NEON.DOC.001710vE","Twigs/branches",1.93,"N","","xYAz/hoNa4beHeF8Co82eF9aIjZ5mOeG"
"629aa90c-cad6-4ae4-a6a4-e11a03b54df3","HARV_035.basePlot.ltr","D01","HARV","HARV_035","HARV_035_402","2016-11-04","2016-09-06","2016-10-17","2016-10-26T16:40Z","2016-11-04T12:26Z","NEON.LTR.HARV035402.20161017","NEON.LTR.HARV035402.20161017.SDS","NEON.DOC.001710vE","Seeds",0.04,"N","","xYAz/hoNa4beHeF8Co82eF9aIjZ5mOeG"
"d791671c-41dc-4e93-8dc0-5a93e4e6d48a","HARV_035.basePlot.ltr","D01","HARV","HARV_035","HARV_035_402","2016-11-04","2016-09-06","2016-10-17","2016-10-26T16:40Z","2016-11-04T12:26Z","NEON.LTR.HARV035402.20161017","NEON.LTR.HARV035402.20161017.OTH","NEON.DOC.001710vE","Other",7.27,"N","","xYAz/hoNa4beHeF8Co82eF9aIjZ5mOeG"
"d3ebea4c-5d41-4d51-84a1-eb6ffdc9a3f2","HARV_035.basePlot.ltr","D01","HARV","HARV_035","HARV_035_402","2016-11-04","2016-09-06","2016-10-17","2016-10-26T16:40Z","2016-11-04T12:26Z","NEON.LTR.HARV035402.20161017","NEON.LTR.HARV035402.20161017.LVS","NEON.DOC.001710vE","Leaves",33.29,"N","","xYAz/hoNa4beHeF8Co82eF9aIjZ5mOeG"
"43041971-0f76-4ead-9693-0be908f85aed","HARV_035.basePlot.ltr","D01","HARV","HARV_035","HARV_035_402","2016-11-04","2016-09-06","2016-10-17","2016-10-26T16:40Z","2016-11-04T12:26Z","NEON.LTR.HARV035402.20161017","NEON.LTR.HARV035402.20161017.WDY","NEON.DOC.001710vE","Woody material",0.01,"N","","xYAz/hoNa4beHeF8Co82eF9aIjZ5mOeG"
"ba598cda-d997-47c5-8f78-a87aa50f0df1","HARV_035.basePlot.ltr","D01","HARV","HARV_035","HARV_035_402","2016-11-04","2016-09-06","2016-10-17","2016-10-26T16:40Z","2016-11-04T12:26Z","NEON.LTR.HARV035402.20161017","NEON.LTR.HARV035402.20161017.NDL","NEON.DOC.001710vE","Needles",7.88,"N","","xYAz/hoNa4beHeF8Co82eF9aIjZ5mOeG"
"d80d94ef-779a-4bf3-a252-7850aac15bfb","HARV_035.basePlot.ltr","D01","HARV","HARV_035","HARV_035_402","2016-11-04","2016-09-06","2016-10-17","2016-10-26T16:40Z","2016-11-04T12:26Z","NEON.LTR.HARV035402.20161017","NEON.LTR.HARV035402.20161017.FLR","NEON.DOC.001710vE","Flowers",0.87,"N","","xYAz/hoNa4beHeF8Co82eF9aIjZ5mOeG"
"28e1e857-a67c-426f-9371-a99bf0e49c33","HARV_036.basePlot.ltr","D01","HARV","HARV_036","HARV_036_167","2016-11-04","2016-09-06","2016-10-17","2016-10-26T16:40Z","2016-11-04T12:26Z","NEON.LTR.HARV036167.20161017","NEON.LTR.HARV036167.20161017.WDY","NEON.DOC.001710vE","Woody material",0.04,"N","","xYAz/hoNa4beHeF8Co82eF9aIjZ5mOeG"
"9d68d843-d9d6-47dc-a7c6-40bcde8f2ea0","HARV_040.basePlot.ltr","D01","HARV","HARV_040","HARV_040_292","2016-11-04","2016-09-06","2016-10-17","2016-10-26T16:40Z","2016-11-04T12:26Z","NEON.LTR.HARV040292.20161017","NEON.LTR.HARV040292.20161017.FLR","NEON.DOC.001710vE","Flowers",0.13,"N","","xYAz/hoNa4beHeF8Co82eF9aIjZ5mOeG"
"0a5690c3-d1f9-476d-b3bb-f2af3b98b481","HARV_040.basePlot.ltr","D01","HARV","HARV_040","HARV_040_292","2016-11-04","2016-09-06","2016-10-17","2016-10-26T16:40Z","2016-11-04T12:26Z","NEON.LTR.HARV040292.20161017","NEON.LTR.HARV040292.20161017.TWI","NEON.DOC.001710vE","Twigs/branches",2.92,"N","","xYAz/hoNa4beHeF8Co82eF9aIjZ5mOeG"
"1f5eff87-73d3-4eea-84ab-bb55a95cfb5e","HARV_036.basePlot.ltr","D01","HARV","HARV_036","HARV_036_167","2016-11-04","2016-09-06","2016-10-17","2016-10-26T16:40Z","2016-11-04T12:26Z","NEON.LTR.HARV036167.20161017","NEON.LTR.HARV036167.20161017.SDS","NEON.DOC.001710vE","Seeds",86.61,"N","86.38 in 105 degrees Celsius oven. 0.23 in 65 degrees Celsius oven.","xYAz/hoNa4beHeF8Co82eF9aIjZ5mOeG"
"7c903d82-b334-4005-985d-e55b81841c84","HARV_036.basePlot.ltr","D01","HARV","HARV_036","HARV_036_167","2016-11-04","2016-09-06","2016-10-17","2016-10-26T16:40Z","2016-11-04T12:26Z","NEON.LTR.HARV036167.20161017","NEON.LTR.HARV036167.20161017.NDL","NEON.DOC.001710vE","Needles",0.67,"N","","xYAz/hoNa4beHeF8Co82eF9aIjZ5mOeG"
"01fc5b04-3e9f-468a-bea8-06c7540299b1","HARV_036.basePlot.ltr","D01","HARV","HARV_036","HARV_036_167","2016-11-04","2016-09-06","2016-10-17","2016-10-26T16:40Z","2016-11-04T12:26Z","NEON.LTR.HARV036167.20161017","NEON.LTR.HARV036167.20161017.LVS","NEON.DOC.001710vE","Leaves",35.84,"N","","xYAz/hoNa4beHeF8Co82eF9aIjZ5mOeG"
"dd5b8cf2-9d77-4a01-bd82-14b8337a1a59","HARV_040.basePlot.ltr","D01","HARV","HARV_040","HARV_040_292","2016-11-04","2016-09-06","2016-10-17","2016-10-26T16:40Z","2016-11-04T12:26Z","NEON.LTR.HARV040292.20161017","NEON.LTR.HARV040292.20161017.OTH","NEON.DOC.001710vE","Other",0.5,"N","","xYAz/hoNa4beHeF8Co82eF9aIjZ5mOeG"
"1462fa93-14c3-436a-85ab-1468bfa75444","HARV_040.basePlot.ltr","D01","HARV","HARV_040","HARV_040_292","2016-11-04","2016-09-06","2016-10-17","2016-10-26T16:40Z","2016-11-04T12:26Z","NEON.LTR.HARV040292.20161017","NEON.LTR.HARV040292.20161017.SDS","NEON.DOC.001710vE","Seeds",0.02,"N","","xYAz/hoNa4beHeF8Co82eF9aIjZ5mOeG"
"814989c8-90fc-461d-b44c-f85f1f7f848d","HARV_040.basePlot.ltr","D01","HARV","HARV_040","HARV_040_292","2016-11-04","2016-09-06","2016-10-17","2016-10-26T16:40Z","2016-11-04T12:26Z","NEON.LTR.HARV040292.20161017","NEON.LTR.HARV040292.20161017.WDY","NEON.DOC.001710vE","Woody material",0.005,"N","","xYAz/hoNa4beHeF8Co82eF9aIjZ5mOeG"
"19ecb5e7-b934-457f-a936-74d1a11795ba","HARV_036.basePlot.ltr","D01","HARV","HARV_036","HARV_036_167","2016-11-04","2016-09-06","2016-10-17","2016-10-26T16:40Z","2016-11-04T12:26Z","NEON.LTR.HARV036167.20161017","NEON.LTR.HARV036167.20161017.TWI","NEON.DOC.001710vE","Twigs/branches",1.94,"N","","xYAz/hoNa4beHeF8Co82eF9aIjZ5mOeG"
"3fec44e4-0592-428f-841d-70f76c9c9103","HARV_036.basePlot.ltr","D01","HARV","HARV_036","HARV_036_167","2016-11-04","2016-09-06","2016-10-17","2016-10-26T16:40Z","2016-11-04T12:26Z","NEON.LTR.HARV036167.20161017","NEON.LTR.HARV036167.20161017.FLR","NEON.DOC.001710vE","Flowers",0.01,"N","","xYAz/hoNa4beHeF8Co82eF9aIjZ5mOeG"
"8131446f-6e43-46b4-a4ed-6e28272c5fdc","HARV_036.basePlot.ltr","D01","HARV","HARV_036","HARV_036_167","2016-11-04","2016-09-06","2016-10-17","2016-10-26T16:40Z","2016-11-04T12:26Z","NEON.LTR.HARV036167.20161017","NEON.LTR.HARV036167.20161017.OTH","NEON.DOC.001710vE","Other",3.15,"N","","xYAz/hoNa4beHeF8Co82eF9aIjZ5mOeG"
"76c31d90-55c8-4865-a46f-3a278e2077a5","HARV_040.basePlot.ltr","D01","HARV","HARV_040","HARV_040_292","2016-11-04","2016-09-06","2016-10-17","2016-10-26T16:40Z","2016-11-04T12:26Z","NEON.LTR.HARV040292.20161017","NEON.LTR.HARV040292.20161017.LVS","NEON.DOC.001710vE","Leaves",56.46,"N","","xYAz/hoNa4beHeF8Co82eF9aIjZ5mOeG"
"dcb643d0-67d5-42a1-85ca-d1541f5058be","HARV_040.basePlot.ltr","D01","HARV","HARV_040","HARV_040_292","2016-11-04","2016-09-06","2016-10-17","2016-10-26T16:40Z","2016-11-04T12:26Z","NEON.LTR.HARV040292.20161017","NEON.LTR.HARV040292.20161017.NDL","NEON.DOC.001710vE","Needles",0.22,"N","","xYAz/hoNa4beHeF8Co82eF9aIjZ5mOeG"
"c3937180-7999-40d9-b389-5a517a6f85cc","HARV_033.basePlot.ltr","D01","HARV","HARV_033","HARV_033_209","2016-11-04","2016-09-06","2016-10-17","2016-10-26T16:40Z","2016-11-04T12:26Z","NEON.LTR.HARV033209.20161017","NEON.LTR.HARV033209.20161017.OTH","NEON.DOC.001710vE","Other",1.71,"N","","xYAz/hoNa4beHeF8Co82eF9aIjZ5mOeG"
"46b1bd48-ef57-4a73-af7c-0ebb8d9777c0","HARV_033.basePlot.ltr","D01","HARV","HARV_033","HARV_033_209","2016-11-04","2016-09-06","2016-10-17","2016-10-26T16:40Z","2016-11-04T12:26Z","NEON.LTR.HARV033209.20161017","NEON.LTR.HARV033209.20161017.SDS","NEON.DOC.001710vE","Seeds",13.41,"N","13.41 105 degrees Celsius oven","xYAz/hoNa4beHeF8Co82eF9aIjZ5mOeG"
"d224a684-7ff6-4c74-9912-c7e7a3fb93be","HARV_033.basePlot.ltr","D01","HARV","HARV_033","HARV_033_209","2016-11-04","2016-09-06","2016-10-17","2016-10-26T16:40Z","2016-11-04T12:26Z","NEON.LTR.HARV033209.20161017","NEON.LTR.HARV033209.20161017.WDY","NEON.DOC.001710vE","Woody material",1.4,"N","","xYAz/hoNa4beHeF8Co82eF9aIjZ5mOeG"
"64404ce3-f3f5-47c9-a20d-003a6e409f7d","HARV_033.basePlot.ltr","D01","HARV","HARV_033","HARV_033_209","2016-11-04","2016-09-06","2016-10-17","2016-10-26T16:40Z","2016-11-04T12:26Z","NEON.LTR.HARV033209.20161017","NEON.LTR.HARV033209.20161017.LVS","NEON.DOC.001710vE","Leaves",13.73,"N","","xYAz/hoNa4beHeF8Co82eF9aIjZ5mOeG"
"987f6cbe-121f-4496-b94a-f4c75a7a0225","HARV_033.basePlot.ltr","D01","HARV","HARV_033","HARV_033_209","2016-11-04","2016-09-06","2016-10-17","2016-10-26T16:40Z","2016-11-04T12:26Z","NEON.LTR.HARV033209.20161017","NEON.LTR.HARV033209.20161017.NDL","NEON.DOC.001710vE","Needles",15.06,"N","","xYAz/hoNa4beHeF8Co82eF9aIjZ5mOeG"
"5e351063-29a2-435a-881f-5272e00e2000","HARV_033.basePlot.ltr","D01","HARV","HARV_033","HARV_033_209","2016-11-04","2016-09-06","2016-10-17","2016-10-26T16:40Z","2016-11-04T12:26Z","NEON.LTR.HARV033209.20161017","NEON.LTR.HARV033209.20161017.TWI","NEON.DOC.001710vE","Twigs/branches",0.77,"Y","","xYAz/hoNa4beHeF8Co82eF9aIjZ5mOeG"
"d1bbdfb2-7036-451d-abce-dbd82ce77664","HARV_033.basePlot.ltr","D01","HARV","HARV_033","HARV_033_209","2016-11-04","2016-09-06","2016-10-17","2016-10-26T16:40Z","2016-11-04T12:26Z","NEON.LTR.HARV033209.20161017","NEON.LTR.HARV033209.20161017.FLR","NEON.DOC.001710vE","Flowers",0.02,"N","","xYAz/hoNa4beHeF8Co82eF9aIjZ5mOeG"
"b986e92f-8965-43b6-a095-38e132bfaaf6","HARV_037.basePlot.ltr","D01","HARV","HARV_037","HARV_037_292","2016-11-04","2016-09-06","2016-10-17","2016-10-26T16:40Z","2016-11-04T12:26Z","NEON.LTR.HARV037292.20161017","NEON.LTR.HARV037292.20161017.LVS","NEON.DOC.001710vE","Leaves",13.39,"N","","xYAz/hoNa4beHeF8Co82eF9aIjZ5mOeG"
"988f0bb2-ee7c-4c91-b329-9036b8318902","HARV_037.basePlot.ltr","D01","HARV","HARV_037","HARV_037_292","2016-11-04","2016-09-06","2016-10-17","2016-10-26T16:40Z","2016-11-04T12:26Z","NEON.LTR.HARV037292.20161017","NEON.LTR.HARV037292.20161017.OTH","NEON.DOC.001710vE","Other",2.86,"Y","","xYAz/hoNa4beHeF8Co82eF9aIjZ5mOeG"
"198ab459-fa0d-48fc-aa40-69e992b5603b","HARV_037.basePlot.ltr","D01","HARV","HARV_037","HARV_037_292","2016-11-04","2016-09-06","2016-10-17","2016-10-26T16:40Z","2016-11-04T12:26Z","NEON.LTR.HARV037292.20161017","NEON.LTR.HARV037292.20161017.WDY","NEON.DOC.001710vE","Woody material",0.28,"N","","xYAz/hoNa4beHeF8Co82eF9aIjZ5mOeG"
"1d73244a-f44b-4ffc-bc87-4e196df34552","HARV_037.basePlot.ltr","D01","HARV","HARV_037","HARV_037_292","2016-11-04","2016-09-06","2016-10-17","2016-10-26T16:40Z","2016-11-04T12:26Z","NEON.LTR.HARV037292.20161017","NEON.LTR.HARV037292.20161017.FLR","NEON.DOC.001710vE","Flowers",0.005,"N","","xYAz/hoNa4beHeF8Co82eF9aIjZ5mOeG"
"bb74ca8e-9e12-4112-8d91-c97f73bd423d","HARV_037.basePlot.ltr","D01","HARV","HARV_037","HARV_037_292","2016-11-04","2016-09-06","2016-10-17","2016-10-26T16:40Z","2016-11-04T12:26Z","NEON.LTR.HARV037292.20161017","NEON.LTR.HARV037292.20161017.SDS","NEON.DOC.001710vE","Seeds",0,"N","","xYAz/hoNa4beHeF8Co82eF9aIjZ5mOeG"
"8e668452-8385-4f6c-936f-c4dddbe471ab","HARV_037.basePlot.ltr","D01","HARV","HARV_037","HARV_037_292","2016-11-04","2016-09-06","2016-10-17","2016-10-26T16:40Z","2016-11-04T12:26Z","NEON.LTR.HARV037292.20161017","NEON.LTR.HARV037292.20161017.TWI","NEON.DOC.001710vE","Twigs/branches",1.4,"N","","xYAz/hoNa4beHeF8Co82eF9aIjZ5mOeG"
"619c1bf0-15b7-42a9-bce1-bb5d5165339b","HARV_037.basePlot.ltr","D01","HARV","HARV_037","HARV_037_292","2016-11-04","2016-09-06","2016-10-17","2016-10-26T16:40Z","2016-11-04T12:26Z","NEON.LTR.HARV037292.20161017","NEON.LTR.HARV037292.20161017.NDL","NEON.DOC.001710vE","Needles",3.92,"N","","xYAz/hoNa4beHeF8Co82eF9aIjZ5mOeG"
"773c42d8-96aa-4b32-9359-d2cefcce9d73","HARV_045.basePlot.ltr","D01","HARV","HARV_045","HARV_045_265","2016-11-04","2016-09-06","2016-10-17","2016-10-26T16:40Z","2016-11-04T12:26Z","NEON.LTR.HARV045265.20161017","NEON.LTR.HARV045265.20161017.FLR","NEON.DOC.001710vE","Flowers",0.1,"Y","","+f00xtEQUq1afNaqPyxh9svtGXouuDqR"
"1d7e9522-8009-489f-92b6-17d30a7cdf34","HARV_047.basePlot.ltr","D01","HARV","HARV_047","HARV_047_111","2016-11-04","2016-09-06","2016-10-17","2016-10-26T16:40Z","2016-11-04T12:26Z","NEON.LTR.HARV047111.20161017","NEON.LTR.HARV047111.20161017.SDS","NEON.DOC.001710vE","Seeds",0.06,"N","","+f00xtEQUq1afNaqPyxh9svtGXouuDqR"
"2b0be719-2a21-4ee2-8f75-d4eb0aceaf80","HARV_047.basePlot.ltr","D01","HARV","HARV_047","HARV_047_111","2016-11-04","2016-09-06","2016-10-17","2016-10-26T16:40Z","2016-11-04T12:26Z","NEON.LTR.HARV047111.20161017","NEON.LTR.HARV047111.20161017.OTH","NEON.DOC.001710vE","Other",1.17,"Y","","+f00xtEQUq1afNaqPyxh9svtGXouuDqR"
"149a0e07-3313-4f77-89da-fa8fa4841d37","HARV_045.basePlot.ltr","D01","HARV","HARV_045","HARV_045_265","2016-11-04","2016-09-06","2016-10-17","2016-10-26T16:40Z","2016-11-04T12:26Z","NEON.LTR.HARV045265.20161017","NEON.LTR.HARV045265.20161017.OTH","NEON.DOC.001710vE","Other",3.09,"N","","+f00xtEQUq1afNaqPyxh9svtGXouuDqR"
"a4af1a21-94c1-4a43-a49c-9d9d9423249b","HARV_047.basePlot.ltr","D01","HARV","HARV_047","HARV_047_111","2016-11-04","2016-09-06","2016-10-17","2016-10-26T16:40Z","2016-11-04T12:26Z","NEON.LTR.HARV047111.20161017","NEON.LTR.HARV047111.20161017.TWI","NEON.DOC.001710vE","Twigs/branches",2.62,"N","","+f00xtEQUq1afNaqPyxh9svtGXouuDqR"
"c94b6ce0-78c1-4286-ae62-309e87c7b71e","HARV_047.basePlot.ltr","D01","HARV","HARV_047","HARV_047_111","2016-11-04","2016-09-06","2016-10-17","2016-10-26T16:40Z","2016-11-04T12:26Z","NEON.LTR.HARV047111.20161017","NEON.LTR.HARV047111.20161017.WDY","NEON.DOC.001710vE","Woody material",0,"N","","+f00xtEQUq1afNaqPyxh9svtGXouuDqR"
"b31f0ba7-896e-4570-b6d0-0a039a7295d8","HARV_047.basePlot.ltr","D01","HARV","HARV_047","HARV_047_111","2016-11-04","2016-09-06","2016-10-17","2016-10-26T16:40Z","2016-11-04T12:26Z","NEON.LTR.HARV047111.20161017","NEON.LTR.HARV047111.20161017.FLR","NEON.DOC.001710vE","Flowers",0,"N","","+f00xtEQUq1afNaqPyxh9svtGXouuDqR"
"9a02aa4a-a807-4234-9fba-6996e102cf4c","HARV_047.basePlot.ltr","D01","HARV","HARV_047","HARV_047_111","2016-11-04","2016-09-06","2016-10-17","2016-10-26T16:40Z","2016-11-04T12:26Z","NEON.LTR.HARV047111.20161017","NEON.LTR.HARV047111.20161017.NDL","NEON.DOC.001710vE","Needles",0.005,"N","","+f00xtEQUq1afNaqPyxh9svtGXouuDqR"
"e320f5e2-052e-45a1-90d5-b719f5ac4c79","HARV_047.basePlot.ltr","D01","HARV","HARV_047","HARV_047_111","2016-11-04","2016-09-06","2016-10-17","2016-10-26T16:40Z","2016-11-04T12:26Z","NEON.LTR.HARV047111.20161017","NEON.LTR.HARV047111.20161017.LVS","NEON.DOC.001710vE","Leaves",33.12,"N","","+f00xtEQUq1afNaqPyxh9svtGXouuDqR"
"65395471-127d-4505-8a3b-52c445bb593a","HARV_046.basePlot.ltr","D01","HARV","HARV_046","HARV_046_764","2016-11-04","2016-09-06","2016-10-17","2016-10-26T16:40Z","2016-11-04T12:26Z","NEON.LTR.HARV046764.20161017","NEON.LTR.HARV046764.20161017.TWI","NEON.DOC.001710vE","Twigs/branches",0.92,"Y","","+f00xtEQUq1afNaqPyxh9svtGXouuDqR"
"1e385335-3e85-4cee-8a20-18d3eb97de56","HARV_046.basePlot.ltr","D01","HARV","HARV_046","HARV_046_764","2016-11-04","2016-09-06","2016-10-17","2016-10-26T16:40Z","2016-11-04T12:26Z","NEON.LTR.HARV046764.20161017","NEON.LTR.HARV046764.20161017.WDY","NEON.DOC.001710vE","Woody material",0.02,"N","","+f00xtEQUq1afNaqPyxh9svtGXouuDqR"
"11a9d688-dc2d-4db8-82b4-97978565c954","HARV_045.basePlot.ltr","D01","HARV","HARV_045","HARV_045_265","2016-11-04","2016-09-06","2016-10-17","2016-10-26T16:40Z","2016-11-04T12:26Z","NEON.LTR.HARV045265.20161017","NEON.LTR.HARV045265.20161017.WDY","NEON.DOC.001710vE","Woody material",0.19,"N","","+f00xtEQUq1afNaqPyxh9svtGXouuDqR"
"71dd95c5-47ce-464e-b2e1-090cabdb7a6b","HARV_045.basePlot.ltr","D01","HARV","HARV_045","HARV_045_265","2016-11-04","2016-09-06","2016-10-17","2016-10-26T16:40Z","2016-11-04T12:26Z","NEON.LTR.HARV045265.20161017","NEON.LTR.HARV045265.20161017.NDL","NEON.DOC.001710vE","Needles",0.93,"N","","+f00xtEQUq1afNaqPyxh9svtGXouuDqR"
"a95ca2b9-f1b8-47c8-816e-2030af3b2ac2","HARV_046.basePlot.ltr","D01","HARV","HARV_046","HARV_046_764","2016-11-04","2016-09-06","2016-10-17","2016-10-26T16:40Z","2016-11-04T12:26Z","NEON.LTR.HARV046764.20161017","NEON.LTR.HARV046764.20161017.FLR","NEON.DOC.001710vE","Flowers",0,"N","","+f00xtEQUq1afNaqPyxh9svtGXouuDqR"
"09432161-93e3-4f0d-bfbd-62354da8a750","HARV_045.basePlot.ltr","D01","HARV","HARV_045","HARV_045_265","2016-11-04","2016-09-06","2016-10-17","2016-10-26T16:40Z","2016-11-04T12:26Z","NEON.LTR.HARV045265.20161017","NEON.LTR.HARV045265.20161017.TWI","NEON.DOC.001710vE","Twigs/branches",2.46,"N","","+f00xtEQUq1afNaqPyxh9svtGXouuDqR"
"2e677a1d-4157-44de-a0d0-0fbd0f5f170a","HARV_046.basePlot.ltr","D01","HARV","HARV_046","HARV_046_764","2016-11-04","2016-09-06","2016-10-17","2016-10-26T16:40Z","2016-11-04T12:26Z","NEON.LTR.HARV046764.20161017","NEON.LTR.HARV046764.20161017.SDS","NEON.DOC.001710vE","Seeds",0.005,"N","","+f00xtEQUq1afNaqPyxh9svtGXouuDqR"
"6cdb4962-8eeb-481d-9c99-3c2e207af81f","HARV_046.basePlot.ltr","D01","HARV","HARV_046","HARV_046_764","2016-11-04","2016-09-06","2016-10-17","2016-10-26T16:40Z","2016-11-04T12:26Z","NEON.LTR.HARV046764.20161017","NEON.LTR.HARV046764.20161017.LVS","NEON.DOC.001710vE","Leaves",14.06,"N","","+f00xtEQUq1afNaqPyxh9svtGXouuDqR"
"42eb068d-e7c2-4583-a7d5-049281c37648","HARV_045.basePlot.ltr","D01","HARV","HARV_045","HARV_045_265","2016-11-04","2016-09-06","2016-10-17","2016-10-26T16:40Z","2016-11-04T12:26Z","NEON.LTR.HARV045265.20161017","NEON.LTR.HARV045265.20161017.SDS","NEON.DOC.001710vE","Seeds",8.11,"Y","8.12 in 105 degrees Celsius oven. QC 8.11.","+f00xtEQUq1afNaqPyxh9svtGXouuDqR"
"fcbf2c9a-e2e0-4098-8be7-226cd0df1b4f","HARV_046.basePlot.ltr","D01","HARV","HARV_046","HARV_046_764","2016-11-04","2016-09-06","2016-10-17","2016-10-26T16:40Z","2016-11-04T12:26Z","NEON.LTR.HARV046764.20161017","NEON.LTR.HARV046764.20161017.NDL","NEON.DOC.001710vE","Needles",1.36,"N","","+f00xtEQUq1afNaqPyxh9svtGXouuDqR"
"f40118f2-3167-4520-a9fc-7a97b0ddb610","HARV_038.basePlot.ltr","D01","HARV","HARV_038","HARV_038_543","2016-11-04","2016-09-06","2016-10-17","2016-10-26T16:40Z","2016-11-04T12:26Z","NEON.LTR.HARV038543.20161017","NEON.LTR.HARV038543.20161017.LVS","NEON.DOC.001710vE","Leaves",8.87,"N","","xYAz/hoNa4beHeF8Co82eF9aIjZ5mOeG"
"afc9a541-d52f-49a6-992a-c2f952a8ad08","HARV_038.basePlot.ltr","D01","HARV","HARV_038","HARV_038_543","2016-11-04","2016-09-06","2016-10-17","2016-10-26T16:40Z","2016-11-04T12:26Z","NEON.LTR.HARV038543.20161017","NEON.LTR.HARV038543.20161017.SDS","NEON.DOC.001710vE","Seeds",4.08,"N","4.08 in 105 degrees Celsius oven.","xYAz/hoNa4beHeF8Co82eF9aIjZ5mOeG"
"3093690f-3986-4b43-a7ac-2b536fe7208f","HARV_038.basePlot.ltr","D01","HARV","HARV_038","HARV_038_543","2016-11-04","2016-09-06","2016-10-17","2016-10-26T16:40Z","2016-11-04T12:26Z","NEON.LTR.HARV038543.20161017","NEON.LTR.HARV038543.20161017.FLR","NEON.DOC.001710vE","Flowers",0.005,"N","","xYAz/hoNa4beHeF8Co82eF9aIjZ5mOeG"
"95ee0a70-94ec-43db-8855-4ff12552f7f5","HARV_038.basePlot.ltr","D01","HARV","HARV_038","HARV_038_543","2016-11-04","2016-09-06","2016-10-17","2016-10-26T16:40Z","2016-11-04T12:26Z","NEON.LTR.HARV038543.20161017","NEON.LTR.HARV038543.20161017.NDL","NEON.DOC.001710vE","Needles",3.73,"Y","","xYAz/hoNa4beHeF8Co82eF9aIjZ5mOeG"
"41e6b97e-b07f-4cb3-b766-d711c446b9c2","HARV_034.basePlot.ltr","D01","HARV","HARV_034","HARV_034_608","2016-11-04","2016-09-06","2016-10-17","2016-10-26T16:40Z","2016-11-04T12:26Z","NEON.LTR.HARV034608.20161017","NEON.LTR.HARV034608.20161017.TWI","NEON.DOC.001710vE","Twigs/branches",0.28,"N","","xYAz/hoNa4beHeF8Co82eF9aIjZ5mOeG"
"a74287f1-8b17-4beb-a422-655790f184fa","HARV_034.basePlot.ltr","D01","HARV","HARV_034","HARV_034_608","2016-11-04","2016-09-06","2016-10-17","2016-10-26T16:40Z","2016-11-04T12:26Z","NEON.LTR.HARV034608.20161017","NEON.LTR.HARV034608.20161017.SDS","NEON.DOC.001710vE","Seeds",0.1,"N","","xYAz/hoNa4beHeF8Co82eF9aIjZ5mOeG"
"7e3d825b-a066-4bdd-9238-af794d72f451","HARV_034.basePlot.ltr","D01","HARV","HARV_034","HARV_034_608","2016-11-04","2016-09-06","2016-10-17","2016-10-26T16:40Z","2016-11-04T12:26Z","NEON.LTR.HARV034608.20161017","NEON.LTR.HARV034608.20161017.NDL","NEON.DOC.001710vE","Needles",18.41,"N","","xYAz/hoNa4beHeF8Co82eF9aIjZ5mOeG"
"0e7e51bd-35dc-4b59-a4da-d489235c45d0","HARV_034.basePlot.ltr","D01","HARV","HARV_034","HARV_034_608","2016-11-04","2016-09-06","2016-10-17","2016-10-26T16:40Z","2016-11-04T12:26Z","NEON.LTR.HARV034608.20161017","NEON.LTR.HARV034608.20161017.OTH","NEON.DOC.001710vE","Other",4.17,"N","","xYAz/hoNa4beHeF8Co82eF9aIjZ5mOeG"
"4a3f792d-b395-4b41-9904-0e99997a6529","HARV_034.basePlot.ltr","D01","HARV","HARV_034","HARV_034_608","2016-11-04","2016-09-06","2016-10-17","2016-10-26T16:40Z","2016-11-04T12:26Z","NEON.LTR.HARV034608.20161017","NEON.LTR.HARV034608.20161017.LVS","NEON.DOC.001710vE","Leaves",2.96,"Y","","xYAz/hoNa4beHeF8Co82eF9aIjZ5mOeG"
"f8d2e854-9a49-4976-8a5a-98934a6c8ebd","HARV_034.basePlot.ltr","D01","HARV","HARV_034","HARV_034_608","2016-11-04","2016-09-06","2016-10-17","2016-10-26T16:40Z","2016-11-04T12:26Z","NEON.LTR.HARV034608.20161017","NEON.LTR.HARV034608.20161017.WDY","NEON.DOC.001710vE","Woody material",2.8,"N","","xYAz/hoNa4beHeF8Co82eF9aIjZ5mOeG"
"e3ad2d24-ac4e-4938-b25a-a5320fecb7a2","HARV_034.basePlot.ltr","D01","HARV","HARV_034","HARV_034_608","2016-11-04","2016-09-06","2016-10-17","2016-10-26T16:40Z","2016-11-04T12:26Z","NEON.LTR.HARV034608.20161017","NEON.LTR.HARV034608.20161017.FLR","NEON.DOC.001710vE","Flowers",0.12,"N","","xYAz/hoNa4beHeF8Co82eF9aIjZ5mOeG"
"a1a8a3cc-60a0-48d9-99f2-ec77e3226bcd","HARV_052.basePlot.ltr","D01","HARV","HARV_052","HARV_052_902","2016-11-04","2016-09-06","2016-10-17","2016-10-26T16:40Z","2016-11-04T12:26Z","NEON.LTR.HARV052902.20161017","NEON.LTR.HARV052902.20161017.SDS","NEON.DOC.001710vE","Seeds",0.08,"N","","+f00xtEQUq1afNaqPyxh9svtGXouuDqR"
"cc2065a3-e4a2-4c3f-9329-158fbf2ea0be","HARV_052.basePlot.ltr","D01","HARV","HARV_052","HARV_052_902","2016-11-04","2016-09-06","2016-10-17","2016-10-26T16:40Z","2016-11-04T12:26Z","NEON.LTR.HARV052902.20161017","NEON.LTR.HARV052902.20161017.LVS","NEON.DOC.001710vE","Leaves",13.49,"N","","+f00xtEQUq1afNaqPyxh9svtGXouuDqR"
"3ad3978b-88d5-4872-8204-9a9c9feef2d9","HARV_052.basePlot.ltr","D01","HARV","HARV_052","HARV_052_902","2016-11-04","2016-09-06","2016-10-17","2016-10-26T16:40Z","2016-11-04T12:26Z","NEON.LTR.HARV052902.20161017","NEON.LTR.HARV052902.20161017.OTH","NEON.DOC.001710vE","Other",23.26,"N","","+f00xtEQUq1afNaqPyxh9svtGXouuDqR"
"9da9c102-213b-4870-85d7-5f5465c34a0f","HARV_052.basePlot.ltr","D01","HARV","HARV_052","HARV_052_902","2016-11-04","2016-09-06","2016-10-17","2016-10-26T16:40Z","2016-11-04T12:26Z","NEON.LTR.HARV052902.20161017","NEON.LTR.HARV052902.20161017.NDL","NEON.DOC.001710vE","Needles",9.97,"N","","+f00xtEQUq1afNaqPyxh9svtGXouuDqR"
"a3fddfc6-e1d2-4877-a400-fff333ac97f3","HARV_052.basePlot.ltr","D01","HARV","HARV_052","HARV_052_902","2016-11-04","2016-09-06","2016-10-17","2016-10-26T16:40Z","2016-11-04T12:26Z","NEON.LTR.HARV052902.20161017","NEON.LTR.HARV052902.20161017.FLR","NEON.DOC.001710vE","Flowers",0.2,"N","","+f00xtEQUq1afNaqPyxh9svtGXouuDqR"
"7f6d3bcb-c373-48e2-8ab1-73bd90622a2a","HARV_052.basePlot.ltr","D01","HARV","HARV_052","HARV_052_902","2016-11-04","2016-09-06","2016-10-17","2016-10-26T16:40Z","2016-11-04T12:26Z","NEON.LTR.HARV052902.20161017","NEON.LTR.HARV052902.20161017.TWI","NEON.DOC.001710vE","Twigs/branches",0.88,"N","","+f00xtEQUq1afNaqPyxh9svtGXouuDqR"
"ef0e8d03-c5cb-4cdb-91c0-5701964ced72","HARV_052.basePlot.ltr","D01","HARV","HARV_052","HARV_052_902","2016-11-04","2016-09-06","2016-10-17","2016-10-26T16:40Z","2016-11-04T12:26Z","NEON.LTR.HARV052902.20161017","NEON.LTR.HARV052902.20161017.WDY","NEON.DOC.001710vE","Woody material",11.33,"N","","+f00xtEQUq1afNaqPyxh9svtGXouuDqR"
"12bebed9-b04d-4d73-bca4-c0e9782e5d9a","HARV_042.basePlot.ltr","D01","HARV","HARV_042","HARV_042_858","2016-11-04","2016-09-06","2016-10-17","2016-10-26T16:40Z","2016-11-04T12:26Z","NEON.LTR.HARV042858.20161017","NEON.LTR.HARV042858.20161017.FLR","NEON.DOC.001710vE","Flowers",0.06,"N","","xYAz/hoNa4beHeF8Co82eF9aIjZ5mOeG"
"c42c392d-9734-4f6c-976d-7c7dfc7f20a5","HARV_042.basePlot.ltr","D01","HARV","HARV_042","HARV_042_858","2016-11-04","2016-09-06","2016-10-17","2016-10-26T16:40Z","2016-11-04T12:26Z","NEON.LTR.HARV042858.20161017","NEON.LTR.HARV042858.20161017.OTH","NEON.DOC.001710vE","Other",1.91,"N","","xYAz/hoNa4beHeF8Co82eF9aIjZ5mOeG"
"e2f88a76-07f1-4b8d-9163-53c94b0e5fc2","HARV_042.basePlot.ltr","D01","HARV","HARV_042","HARV_042_858","2016-11-04","2016-09-06","2016-10-17","2016-10-26T16:40Z","2016-11-04T12:26Z","NEON.LTR.HARV042858.20161017","NEON.LTR.HARV042858.20161017.NDL","NEON.DOC.001710vE","Needles",10.02,"N","","xYAz/hoNa4beHeF8Co82eF9aIjZ5mOeG"
"471ece60-a4eb-42a8-86e3-b8efc41b8709","HARV_042.basePlot.ltr","D01","HARV","HARV_042","HARV_042_858","2016-11-04","2016-09-06","2016-10-17","2016-10-26T16:40Z","2016-11-04T12:26Z","NEON.LTR.HARV042858.20161017","NEON.LTR.HARV042858.20161017.SDS","NEON.DOC.001710vE","Seeds",31.715,"N","31.71 in 105 degrees Celsius oven. QC 31.69 and 0.005 in 65 degrees Celsius oven.","xYAz/hoNa4beHeF8Co82eF9aIjZ5mOeG"
"ec145ec3-067e-4047-a457-1908afda5ff7","HARV_042.basePlot.ltr","D01","HARV","HARV_042","HARV_042_858","2016-11-04","2016-09-06","2016-10-17","2016-10-26T16:40Z","2016-11-04T12:26Z","NEON.LTR.HARV042858.20161017","NEON.LTR.HARV042858.20161017.WDY","NEON.DOC.001710vE","Woody material",0.48,"N","","xYAz/hoNa4beHeF8Co82eF9aIjZ5mOeG"
"37dd1ee5-5987-45c3-9d85-e3bea68a39f0","HARV_042.basePlot.ltr","D01","HARV","HARV_042","HARV_042_858","2016-11-04","2016-09-06","2016-10-17","2016-10-26T16:40Z","2016-11-04T12:26Z","NEON.LTR.HARV042858.20161017","NEON.LTR.HARV042858.20161017.TWI","NEON.DOC.001710vE","Twigs/branches",2.35,"N","","xYAz/hoNa4beHeF8Co82eF9aIjZ5mOeG"
"16c40ea6-9fbd-4544-8e19-e3aebb2b55d1","HARV_042.basePlot.ltr","D01","HARV","HARV_042","HARV_042_858","2016-11-04","2016-09-06","2016-10-17","2016-10-26T16:40Z","2016-11-04T12:26Z","NEON.LTR.HARV042858.20161017","NEON.LTR.HARV042858.20161017.LVS","NEON.DOC.001710vE","Leaves",19.95,"N","","xYAz/hoNa4beHeF8Co82eF9aIjZ5mOeG"
"e4cb077f-4332-4f46-a7ae-bd79d8077208","HARV_044.basePlot.ltr","D01","HARV","HARV_044","HARV_044_815","2016-11-04","2016-09-06","2016-10-17","2016-10-26T16:40Z","2016-11-04T12:26Z","NEON.LTR.HARV044815.20161017","NEON.LTR.HARV044815.20161017.OTH","NEON.DOC.001710vE","Other",0.48,"Y","","+f00xtEQUq1afNaqPyxh9svtGXouuDqR"
"6a15448c-82b9-4a4c-9ae4-38d3f175aa2d","HARV_044.basePlot.ltr","D01","HARV","HARV_044","HARV_044_815","2016-11-04","2016-09-06","2016-10-17","2016-10-26T16:40Z","2016-11-04T12:26Z","NEON.LTR.HARV044815.20161017","NEON.LTR.HARV044815.20161017.SDS","NEON.DOC.001710vE","Seeds",1.32,"N","1.31 in 105 degrees Celsius oven and 0.01 in 65 degrees Celsius oven.","+f00xtEQUq1afNaqPyxh9svtGXouuDqR"
"22605be2-7f73-4fc4-b1b0-643811694e9e","HARV_044.basePlot.ltr","D01","HARV","HARV_044","HARV_044_815","2016-11-04","2016-09-06","2016-10-17","2016-10-26T16:40Z","2016-11-04T12:26Z","NEON.LTR.HARV044815.20161017","NEON.LTR.HARV044815.20161017.FLR","NEON.DOC.001710vE","Flowers",0.01,"N","","+f00xtEQUq1afNaqPyxh9svtGXouuDqR"
"414b92a3-3048-48a3-8c27-2994dcf9ca45","HARV_044.basePlot.ltr","D01","HARV","HARV_044","HARV_044_815","2016-11-04","2016-09-06","2016-10-17","2016-10-26T16:40Z","2016-11-04T12:26Z","NEON.LTR.HARV044815.20161017","NEON.LTR.HARV044815.20161017.LVS","NEON.DOC.001710vE","Leaves",58.89,"N","","+f00xtEQUq1afNaqPyxh9svtGXouuDqR"
"303ec358-f98f-47d8-9afc-a97ca10e7440","HARV_044.basePlot.ltr","D01","HARV","HARV_044","HARV_044_815","2016-11-04","2016-09-06","2016-10-17","2016-10-26T16:40Z","2016-11-04T12:26Z","NEON.LTR.HARV044815.20161017","NEON.LTR.HARV044815.20161017.WDY","NEON.DOC.001710vE","Woody material",0.005,"N","","+f00xtEQUq1afNaqPyxh9svtGXouuDqR"
"7cc57e47-4572-439b-8dcb-78c0a1914e7b","HARV_044.basePlot.ltr","D01","HARV","HARV_044","HARV_044_815","2016-11-04","2016-09-06","2016-10-17","2016-10-26T16:40Z","2016-11-04T12:26Z","NEON.LTR.HARV044815.20161017","NEON.LTR.HARV044815.20161017.TWI","NEON.DOC.001710vE","Twigs/branches",0.22,"N","","+f00xtEQUq1afNaqPyxh9svtGXouuDqR"
"12211936-8115-47dc-b046-4f916f95cf81","HARV_044.basePlot.ltr","D01","HARV","HARV_044","HARV_044_815","2016-11-04","2016-09-06","2016-10-17","2016-10-26T16:40Z","2016-11-04T12:26Z","NEON.LTR.HARV044815.20161017","NEON.LTR.HARV044815.20161017.NDL","NEON.DOC.001710vE","Needles",0.03,"N","","+f00xtEQUq1afNaqPyxh9svtGXouuDqR"
"4ed04c6e-742d-48d8-b65b-e520ca5e7a3b","HARV_043.basePlot.ltr","D01","HARV","HARV_043","HARV_043_007","2016-11-04","2016-09-06","2016-10-17","2016-10-26T16:40Z","2016-11-04T12:26Z","NEON.LTR.HARV043007.20161017","NEON.LTR.HARV043007.20161017.OTH","NEON.DOC.001710vE","Other",4.48,"N","","+f00xtEQUq1afNaqPyxh9svtGXouuDqR"
"a8da79a7-f569-4470-8d87-aef698235317","HARV_043.basePlot.ltr","D01","HARV","HARV_043","HARV_043_007","2016-11-04","2016-09-06","2016-10-17","2016-10-26T16:40Z","2016-11-04T12:26Z","NEON.LTR.HARV043007.20161017","NEON.LTR.HARV043007.20161017.FLR","NEON.DOC.001710vE","Flowers",0.01,"N","","+f00xtEQUq1afNaqPyxh9svtGXouuDqR"
"2bdd36da-d1cd-4e54-854f-9c27e963c9af","HARV_043.basePlot.ltr","D01","HARV","HARV_043","HARV_043_007","2016-11-04","2016-09-06","2016-10-17","2016-10-26T16:40Z","2016-11-04T12:26Z","NEON.LTR.HARV043007.20161017","NEON.LTR.HARV043007.20161017.TWI","NEON.DOC.001710vE","Twigs/branches",1.2,"N","","+f00xtEQUq1afNaqPyxh9svtGXouuDqR"
"404bfb24-5c95-421f-bf7b-fa5f2f435aa1","HARV_043.basePlot.ltr","D01","HARV","HARV_043","HARV_043_007","2016-11-04","2016-09-06","2016-10-17","2016-10-26T16:40Z","2016-11-04T12:26Z","NEON.LTR.HARV043007.20161017","NEON.LTR.HARV043007.20161017.SDS","NEON.DOC.001710vE","Seeds",3.12,"N","2.98 in 105 degrees Celsius oven and 0.14 in 65 degrees Celsius oven.","+f00xtEQUq1afNaqPyxh9svtGXouuDqR"
"0a1dc864-89f8-4fa2-a8cf-b7f5419e72ad","HARV_043.basePlot.ltr","D01","HARV","HARV_043","HARV_043_007","2016-11-04","2016-09-06","2016-10-17","2016-10-26T16:40Z","2016-11-04T12:26Z","NEON.LTR.HARV043007.20161017","NEON.LTR.HARV043007.20161017.NDL","NEON.DOC.001710vE","Needles",3.48,"N","","+f00xtEQUq1afNaqPyxh9svtGXouuDqR"
"aebae14b-811d-44bf-b5ee-fcd834258e41","HARV_043.basePlot.ltr","D01","HARV","HARV_043","HARV_043_007","2016-11-04","2016-09-06","2016-10-17","2016-10-26T16:40Z","2016-11-04T12:26Z","NEON.LTR.HARV043007.20161017","NEON.LTR.HARV043007.20161017.WDY","NEON.DOC.001710vE","Woody material",0.4,"N","","+f00xtEQUq1afNaqPyxh9svtGXouuDqR"
"8b7b4ee6-5d9c-4842-b443-ad843f167e15","HARV_043.basePlot.ltr","D01","HARV","HARV_043","HARV_043_007","2016-11-04","2016-09-06","2016-10-17","2016-10-26T16:40Z","2016-11-04T12:26Z","NEON.LTR.HARV043007.20161017","NEON.LTR.HARV043007.20161017.LVS","NEON.DOC.001710vE","Leaves",6.67,"N","","+f00xtEQUq1afNaqPyxh9svtGXouuDqR"
"d7c58298-d30f-47d2-8d96-39201945864c","HARV_047.basePlot.ltr","D01","HARV","HARV_047","HARV_047_947","2016-11-04","2016-09-06","2016-10-17","2016-10-26T16:40Z","2016-11-04T12:26Z","NEON.LTR.HARV047947.20161017","NEON.LTR.HARV047947.20161017.WDY","NEON.DOC.001710vE","Woody material",0.03,"N","","+f00xtEQUq1afNaqPyxh9svtGXouuDqR"
"88f4aeda-687b-49f1-874c-6cbcb26abae8","HARV_047.basePlot.ltr","D01","HARV","HARV_047","HARV_047_947","2016-11-04","2016-09-06","2016-10-17","2016-10-26T16:40Z","2016-11-04T12:26Z","NEON.LTR.HARV047947.20161017","NEON.LTR.HARV047947.20161017.TWI","NEON.DOC.001710vE","Twigs/branches",0.03,"Y","","+f00xtEQUq1afNaqPyxh9svtGXouuDqR"
"7948d456-cb22-4f61-b4aa-dd1e71500837","HARV_047.basePlot.ltr","D01","HARV","HARV_047","HARV_047_947","2016-11-04","2016-09-06","2016-10-17","2016-10-26T16:40Z","2016-11-04T12:26Z","NEON.LTR.HARV047947.20161017","NEON.LTR.HARV047947.20161017.NDL","NEON.DOC.001710vE","Needles",0,"N","","+f00xtEQUq1afNaqPyxh9svtGXouuDqR"
"37cba833-8acd-4c9b-8031-e5274bf37ad1","HARV_047.basePlot.ltr","D01","HARV","HARV_047","HARV_047_947","2016-11-04","2016-09-06","2016-10-17","2016-10-26T16:40Z","2016-11-04T12:26Z","NEON.LTR.HARV047947.20161017","NEON.LTR.HARV047947.20161017.SDS","NEON.DOC.001710vE","Seeds",0.12,"N","","+f00xtEQUq1afNaqPyxh9svtGXouuDqR"
"c7b5e249-648f-427d-a6f2-d261b00b66c2","HARV_047.basePlot.ltr","D01","HARV","HARV_047","HARV_047_947","2016-11-04","2016-09-06","2016-10-17","2016-10-26T16:40Z","2016-11-04T12:26Z","NEON.LTR.HARV047947.20161017","NEON.LTR.HARV047947.20161017.LVS","NEON.DOC.001710vE","Leaves",40.83,"N","","+f00xtEQUq1afNaqPyxh9svtGXouuDqR"
"fd219f83-55d1-4c86-8ca6-d4201c663759","HARV_047.basePlot.ltr","D01","HARV","HARV_047","HARV_047_947","2016-11-04","2016-09-06","2016-10-17","2016-10-26T16:40Z","2016-11-04T12:26Z","NEON.LTR.HARV047947.20161017","NEON.LTR.HARV047947.20161017.OTH","NEON.DOC.001710vE","Other",0.05,"N","","+f00xtEQUq1afNaqPyxh9svtGXouuDqR"
"80deeaf2-5f1f-4a94-b199-febf7437da59","HARV_047.basePlot.ltr","D01","HARV","HARV_047","HARV_047_947","2016-11-04","2016-09-06","2016-10-17","2016-10-26T16:40Z","2016-11-04T12:26Z","NEON.LTR.HARV047947.20161017","NEON.LTR.HARV047947.20161017.FLR","NEON.DOC.001710vE","Flowers",0.13,"N","ESDS in EFLR","+f00xtEQUq1afNaqPyxh9svtGXouuDqR"
"d0f3397d-954e-420e-8a70-c49f32eb20c8","HARV_033.basePlot.ltr","D01","HARV","HARV_033","HARV_033_397","2016-11-04","2016-09-06","2016-10-17","2016-10-26T16:40Z","2016-11-04T12:26Z","NEON.LTR.HARV033397.20161017","NEON.LTR.HARV033397.20161017.FLR","NEON.DOC.001710vE","Flowers",0.005,"N","ELVS in EFLR. moved to ELVS and reweighed.","xYAz/hoNa4beHeF8Co82eF9aIjZ5mOeG"
"3ce21fb9-b033-45d5-b102-797ed0ba8e56","HARV_040.basePlot.ltr","D01","HARV","HARV_040","HARV_040_849","2016-11-04","2016-09-06","2016-10-17","2016-10-26T16:40Z","2016-11-04T12:26Z","NEON.LTR.HARV040849.20161017","NEON.LTR.HARV040849.20161017.WDY","NEON.DOC.001710vE","Woody material",0.005,"N","","xYAz/hoNa4beHeF8Co82eF9aIjZ5mOeG"
"2e4e4785-0177-4be7-b5b9-7744bafbf694","HARV_033.basePlot.ltr","D01","HARV","HARV_033","HARV_033_397","2016-11-04","2016-09-06","2016-10-17","2016-10-26T16:40Z","2016-11-04T12:26Z","NEON.LTR.HARV033397.20161017","NEON.LTR.HARV033397.20161017.WDY","NEON.DOC.001710vE","Woody material",0.35,"N","","xYAz/hoNa4beHeF8Co82eF9aIjZ5mOeG"
"0d3ae711-40f3-4a05-91ed-05e04ed9d8f9","HARV_033.basePlot.ltr","D01","HARV","HARV_033","HARV_033_397","2016-11-04","2016-09-06","2016-10-17","2016-10-26T16:40Z","2016-11-04T12:26Z","NEON.LTR.HARV033397.20161017","NEON.LTR.HARV033397.20161017.SDS","NEON.DOC.001710vE","Seeds",19.89,"N","19.89 in 105 degrees Celsius oven","xYAz/hoNa4beHeF8Co82eF9aIjZ5mOeG"
"773c7fe6-b280-47f9-9f45-81572ea1374b","HARV_033.basePlot.ltr","D01","HARV","HARV_033","HARV_033_397","2016-11-04","2016-09-06","2016-10-17","2016-10-26T16:40Z","2016-11-04T12:26Z","NEON.LTR.HARV033397.20161017","NEON.LTR.HARV033397.20161017.TWI","NEON.DOC.001710vE","Twigs/branches",3.99,"N","","xYAz/hoNa4beHeF8Co82eF9aIjZ5mOeG"
"21438ab9-97e4-4f3c-abe4-2276a6a756b5","HARV_033.basePlot.ltr","D01","HARV","HARV_033","HARV_033_397","2016-11-04","2016-09-06","2016-10-17","2016-10-26T16:40Z","2016-11-04T12:26Z","NEON.LTR.HARV033397.20161017","NEON.LTR.HARV033397.20161017.NDL","NEON.DOC.001710vE","Needles",6.21,"Y","","xYAz/hoNa4beHeF8Co82eF9aIjZ5mOeG"
"b17b1aeb-0b6d-48d9-877b-8d813ed2b92e","HARV_040.basePlot.ltr","D01","HARV","HARV_040","HARV_040_849","2016-11-04","2016-09-06","2016-10-17","2016-10-26T16:40Z","2016-11-04T12:26Z","NEON.LTR.HARV040849.20161017","NEON.LTR.HARV040849.20161017.FLR","NEON.DOC.001710vE","Flowers",0,"N","","xYAz/hoNa4beHeF8Co82eF9aIjZ5mOeG"
"705b62ec-3055-430d-9ac8-32c7fe66a9ed","HARV_040.basePlot.ltr","D01","HARV","HARV_040","HARV_040_849","2016-11-04","2016-09-06","2016-10-17","2016-10-26T16:40Z","2016-11-04T12:26Z","NEON.LTR.HARV040849.20161017","NEON.LTR.HARV040849.20161017.OTH","NEON.DOC.001710vE","Other",0.005,"N","","xYAz/hoNa4beHeF8Co82eF9aIjZ5mOeG"
"7bd4d4e8-7511-4519-9a58-456f42eafcb8","HARV_040.basePlot.ltr","D01","HARV","HARV_040","HARV_040_849","2016-11-04","2016-09-06","2016-10-17","2016-10-26T16:40Z","2016-11-04T12:26Z","NEON.LTR.HARV040849.20161017","NEON.LTR.HARV040849.20161017.SDS","NEON.DOC.001710vE","Seeds",0.18,"Y","","xYAz/hoNa4beHeF8Co82eF9aIjZ5mOeG"
"b60247de-b0e7-40c4-9ca7-f2749c0c6e12","HARV_033.basePlot.ltr","D01","HARV","HARV_033","HARV_033_397","2016-11-04","2016-09-06","2016-10-17","2016-10-26T16:40Z","2016-11-04T12:26Z","NEON.LTR.HARV033397.20161017","NEON.LTR.HARV033397.20161017.LVS","NEON.DOC.001710vE","Leaves",18.81,"N","","xYAz/hoNa4beHeF8Co82eF9aIjZ5mOeG"
"72efe268-486d-476f-af63-581239264059","HARV_033.basePlot.ltr","D01","HARV","HARV_033","HARV_033_397","2016-11-04","2016-09-06","2016-10-17","2016-10-26T16:40Z","2016-11-04T12:26Z","NEON.LTR.HARV033397.20161017","NEON.LTR.HARV033397.20161017.OTH","NEON.DOC.001710vE","Other",0.71,"N","","xYAz/hoNa4beHeF8Co82eF9aIjZ5mOeG"
"ba385ed8-0b01-4a67-bd4c-585e796bcfec","HARV_040.basePlot.ltr","D01","HARV","HARV_040","HARV_040_849","2016-11-04","2016-09-06","2016-10-17","2016-10-26T16:40Z","2016-11-04T12:26Z","NEON.LTR.HARV040849.20161017","NEON.LTR.HARV040849.20161017.TWI","NEON.DOC.001710vE","Twigs/branches",0.02,"N","","xYAz/hoNa4beHeF8Co82eF9aIjZ5mOeG"
"ea1f3c84-9edd-48b6-afdc-f5a562a56ce5","HARV_040.basePlot.ltr","D01","HARV","HARV_040","HARV_040_849","2016-11-04","2016-09-06","2016-10-17","2016-10-26T16:40Z","2016-11-04T12:26Z","NEON.LTR.HARV040849.20161017","NEON.LTR.HARV040849.20161017.LVS","NEON.DOC.001710vE","Leaves",14.31,"N","","xYAz/hoNa4beHeF8Co82eF9aIjZ5mOeG"
"4df894ae-fbd2-44b6-98b8-0da994b4579f","HARV_040.basePlot.ltr","D01","HARV","HARV_040","HARV_040_849","2016-11-04","2016-09-06","2016-10-17","2016-10-26T16:40Z","2016-11-04T12:26Z","NEON.LTR.HARV040849.20161017","NEON.LTR.HARV040849.20161017.NDL","NEON.DOC.001710vE","Needles",2.68,"N","","xYAz/hoNa4beHeF8Co82eF9aIjZ5mOeG"
"b060d8cc-c8da-4e9b-9c4b-460b15457161","HARV_050.basePlot.ltr","D01","HARV","HARV_050","HARV_050_043","2016-11-04","2016-09-06","2016-10-17","2016-10-26T16:40Z","2016-11-04T12:26Z","NEON.LTR.HARV050043.20161017","NEON.LTR.HARV050043.20161017.SDS","NEON.DOC.001710vE","Seeds",29.925,"N","29.92 in 105 degrees Celsius oven and 0.005 in 65 degrees Celsius oven.","+f00xtEQUq1afNaqPyxh9svtGXouuDqR"
"82c07053-4fba-4003-a207-a0d154691a92","HARV_050.basePlot.ltr","D01","HARV","HARV_050","HARV_050_043","2016-11-04","2016-09-06","2016-10-17","2016-10-26T16:40Z","2016-11-04T12:26Z","NEON.LTR.HARV050043.20161017","NEON.LTR.HARV050043.20161017.WDY","NEON.DOC.001710vE","Woody material",1.7,"N","","+f00xtEQUq1afNaqPyxh9svtGXouuDqR"
"6a100599-7f85-4b0b-90b0-035aeacdac97","HARV_050.basePlot.ltr","D01","HARV","HARV_050","HARV_050_043","2016-11-04","2016-09-06","2016-10-17","2016-10-26T16:40Z","2016-11-04T12:26Z","NEON.LTR.HARV050043.20161017","NEON.LTR.HARV050043.20161017.LVS","NEON.DOC.001710vE","Leaves",9.06,"N","","+f00xtEQUq1afNaqPyxh9svtGXouuDqR"
"752587de-a48a-4a4b-83c1-33b7fbf1dda5","HARV_050.basePlot.ltr","D01","HARV","HARV_050","HARV_050_043","2016-11-04","2016-09-06","2016-10-17","2016-10-26T16:40Z","2016-11-04T12:26Z","NEON.LTR.HARV050043.20161017","NEON.LTR.HARV050043.20161017.NDL","NEON.DOC.001710vE","Needles",3.31,"N","","+f00xtEQUq1afNaqPyxh9svtGXouuDqR"
"697583c5-4657-40f5-8dea-68177df84ed0","HARV_037.basePlot.ltr","D01","HARV","HARV_037","HARV_037_292","2016-11-21","2016-10-31","2016-11-14","2016-11-18T13:06Z","2016-11-21T20:00Z","NEON.LTR.HARV037292.20161114","NEON.LTR.HARV037292.20161114.FLR","NEON.DOC.001710vE","Flowers",0.005,"N",NA,"9/lkABCL2n4b6r19n9Zi1qNJWAzd94Zk"
"8220e9d8-57fd-40bb-9239-f08fd8ed3bab","HARV_037.basePlot.ltr","D01","HARV","HARV_037","HARV_037_292","2016-11-21","2016-10-31","2016-11-14","2016-11-18T13:06Z","2016-11-21T20:00Z","NEON.LTR.HARV037292.20161114","NEON.LTR.HARV037292.20161114.TWI","NEON.DOC.001710vE","Twigs/branches",0.15,"N",NA,"9/lkABCL2n4b6r19n9Zi1qNJWAzd94Zk"
"7e48c222-ee30-4042-b38b-98ba61a02532","HARV_037.basePlot.ltr","D01","HARV","HARV_037","HARV_037_292","2016-11-21","2016-10-31","2016-11-14","2016-11-18T13:06Z","2016-11-21T20:00Z","NEON.LTR.HARV037292.20161114","NEON.LTR.HARV037292.20161114.SDS","NEON.DOC.001710vE","Seeds",0.48,"N",NA,"9/lkABCL2n4b6r19n9Zi1qNJWAzd94Zk"
"9c4881b7-90d7-4982-864e-fb89523ea6c0","HARV_037.basePlot.ltr","D01","HARV","HARV_037","HARV_037_292","2016-11-21","2016-10-31","2016-11-14","2016-11-18T13:06Z","2016-11-21T20:00Z","NEON.LTR.HARV037292.20161114","NEON.LTR.HARV037292.20161114.OTH","NEON.DOC.001710vE","Other",0.18,"Y",NA,"9/lkABCL2n4b6r19n9Zi1qNJWAzd94Zk"
"89d7e162-c243-4d46-9b70-7e4e04778325","HARV_037.basePlot.ltr","D01","HARV","HARV_037","HARV_037_292","2016-11-21","2016-10-31","2016-11-14","2016-11-18T13:06Z","2016-11-21T20:00Z","NEON.LTR.HARV037292.20161114","NEON.LTR.HARV037292.20161114.NDL","NEON.DOC.001710vE","Needles",0.54,"N",NA,"9/lkABCL2n4b6r19n9Zi1qNJWAzd94Zk"
"b0e09719-25b8-4393-ba45-6da20a825652","HARV_037.basePlot.ltr","D01","HARV","HARV_037","HARV_037_292","2016-11-21","2016-10-31","2016-11-14","2016-11-18T13:06Z","2016-11-21T20:00Z","NEON.LTR.HARV037292.20161114","NEON.LTR.HARV037292.20161114.WDY","NEON.DOC.001710vE","Woody material",0.14,"N",NA,"9/lkABCL2n4b6r19n9Zi1qNJWAzd94Zk"
"72674982-0066-4e1b-be23-005e2187dea2","HARV_037.basePlot.ltr","D01","HARV","HARV_037","HARV_037_292","2016-11-21","2016-10-31","2016-11-14","2016-11-18T13:06Z","2016-11-21T20:00Z","NEON.LTR.HARV037292.20161114","NEON.LTR.HARV037292.20161114.LVS","NEON.DOC.001710vE","Leaves",12.63,"N",NA,"9/lkABCL2n4b6r19n9Zi1qNJWAzd94Zk"
"920b22c8-a995-4f3c-acf0-d93850aa2143","HARV_047.basePlot.ltr","D01","HARV","HARV_047","HARV_047_111","2016-11-21","2016-10-31","2016-11-14","2016-11-18T13:06Z","2016-11-21T20:00Z","NEON.LTR.HARV047111.20161114","NEON.LTR.HARV047111.20161114.WDY","NEON.DOC.001710vE","Woody material",0.005,"N",NA,"9/lkABCL2n4b6r19n9Zi1qNJWAzd94Zk"
"73f3f437-05ac-43ea-93f6-66776b60146a","HARV_047.basePlot.ltr","D01","HARV","HARV_047","HARV_047_111","2016-11-21","2016-10-31","2016-11-14","2016-11-18T13:06Z","2016-11-21T20:00Z","NEON.LTR.HARV047111.20161114","NEON.LTR.HARV047111.20161114.LVS","NEON.DOC.001710vE","Leaves",27.5,"N",NA,"9/lkABCL2n4b6r19n9Zi1qNJWAzd94Zk"
"f3e3e74c-7831-4470-9e38-954273f0b5b2","HARV_047.basePlot.ltr","D01","HARV","HARV_047","HARV_047_111","2016-11-21","2016-10-31","2016-11-14","2016-11-18T13:06Z","2016-11-21T20:00Z","NEON.LTR.HARV047111.20161114","NEON.LTR.HARV047111.20161114.NDL","NEON.DOC.001710vE","Needles",0.01,"N",NA,"9/lkABCL2n4b6r19n9Zi1qNJWAzd94Zk"
"f79a9c65-5abd-4b87-94d5-006f2479432c","HARV_047.basePlot.ltr","D01","HARV","HARV_047","HARV_047_111","2016-11-21","2016-10-31","2016-11-14","2016-11-18T13:06Z","2016-11-21T20:00Z","NEON.LTR.HARV047111.20161114","NEON.LTR.HARV047111.20161114.SDS","NEON.DOC.001710vE","Seeds",0.01,"N",NA,"9/lkABCL2n4b6r19n9Zi1qNJWAzd94Zk"
"601e8166-5dc9-4662-9ff9-118ba8bf201b","HARV_047.basePlot.ltr","D01","HARV","HARV_047","HARV_047_111","2016-11-21","2016-10-31","2016-11-14","2016-11-18T13:06Z","2016-11-21T20:00Z","NEON.LTR.HARV047111.20161114","NEON.LTR.HARV047111.20161114.TWI","NEON.DOC.001710vE","Twigs/branches",0.4,"N",NA,"9/lkABCL2n4b6r19n9Zi1qNJWAzd94Zk"
"e7cf2f1a-567a-4a7c-ad5b-a2411ca32128","HARV_047.basePlot.ltr","D01","HARV","HARV_047","HARV_047_111","2016-11-21","2016-10-31","2016-11-14","2016-11-18T13:06Z","2016-11-21T20:00Z","NEON.LTR.HARV047111.20161114","NEON.LTR.HARV047111.20161114.FLR","NEON.DOC.001710vE","Flowers",0.005,"N",NA,"9/lkABCL2n4b6r19n9Zi1qNJWAzd94Zk"
"aa1421ee-5ae3-448b-b2d2-f4ed7c4a13e6","HARV_047.basePlot.ltr","D01","HARV","HARV_047","HARV_047_111","2016-11-21","2016-10-31","2016-11-14","2016-11-18T13:06Z","2016-11-21T20:00Z","NEON.LTR.HARV047111.20161114","NEON.LTR.HARV047111.20161114.OTH","NEON.DOC.001710vE","Other",0.02,"N",NA,"9/lkABCL2n4b6r19n9Zi1qNJWAzd94Zk"
"b9289024-7f3e-4cc4-8604-8f9645e922c2","HARV_041.basePlot.ltr","D01","HARV","HARV_041","HARV_041_620","2016-11-21","2016-10-31","2016-11-14","2016-11-18T13:06Z","2016-11-21T20:00Z","NEON.LTR.HARV041620.20161114","NEON.LTR.HARV041620.20161114.NDL","NEON.DOC.001710vE","Needles",1.51,"N",NA,"9/lkABCL2n4b6r19n9Zi1qNJWAzd94Zk"
"2a3fee1b-c895-45dc-9693-a6367da50540","HARV_041.basePlot.ltr","D01","HARV","HARV_041","HARV_041_620","2016-11-21","2016-10-31","2016-11-14","2016-11-18T13:06Z","2016-11-21T20:00Z","NEON.LTR.HARV041620.20161114","NEON.LTR.HARV041620.20161114.FLR","NEON.DOC.001710vE","Flowers",0.02,"N",NA,"9/lkABCL2n4b6r19n9Zi1qNJWAzd94Zk"
"7269e881-525f-4ca5-b8c0-3bb80a2037dc","HARV_041.basePlot.ltr","D01","HARV","HARV_041","HARV_041_620","2016-11-21","2016-10-31","2016-11-14","2016-11-18T13:06Z","2016-11-21T20:00Z","NEON.LTR.HARV041620.20161114","NEON.LTR.HARV041620.20161114.OTH","NEON.DOC.001710vE","Other",0.06,"N",NA,"9/lkABCL2n4b6r19n9Zi1qNJWAzd94Zk"
"4ff957b6-4425-4f36-9d7a-f3ba17b18765","HARV_041.basePlot.ltr","D01","HARV","HARV_041","HARV_041_620","2016-11-21","2016-10-31","2016-11-14","2016-11-18T13:06Z","2016-11-21T20:00Z","NEON.LTR.HARV041620.20161114","NEON.LTR.HARV041620.20161114.TWI","NEON.DOC.001710vE","Twigs/branches",1.35,"Y",NA,"9/lkABCL2n4b6r19n9Zi1qNJWAzd94Zk"
"2bfe1f63-dd7c-4276-b6f1-f958693b2e23","HARV_041.basePlot.ltr","D01","HARV","HARV_041","HARV_041_620","2016-11-21","2016-10-31","2016-11-14","2016-11-18T13:06Z","2016-11-21T20:00Z","NEON.LTR.HARV041620.20161114","NEON.LTR.HARV041620.20161114.LVS","NEON.DOC.001710vE","Leaves",1.88,"Y",NA,"9/lkABCL2n4b6r19n9Zi1qNJWAzd94Zk"
"273bb39a-88e0-407e-9820-1d3050f14f3d","HARV_041.basePlot.ltr","D01","HARV","HARV_041","HARV_041_620","2016-11-21","2016-10-31","2016-11-14","2016-11-18T13:06Z","2016-11-21T20:00Z","NEON.LTR.HARV041620.20161114","NEON.LTR.HARV041620.20161114.SDS","NEON.DOC.001710vE","Seeds",0.03,"N",NA,"9/lkABCL2n4b6r19n9Zi1qNJWAzd94Zk"
"38cb86f8-21eb-4255-9abf-8ea725ffdc64","HARV_041.basePlot.ltr","D01","HARV","HARV_041","HARV_041_620","2016-11-21","2016-10-31","2016-11-14","2016-11-18T13:06Z","2016-11-21T20:00Z","NEON.LTR.HARV041620.20161114","NEON.LTR.HARV041620.20161114.WDY","NEON.DOC.001710vE","Woody material",0.04,"N",NA,"9/lkABCL2n4b6r19n9Zi1qNJWAzd94Zk"
"f6ceb6f9-d89d-41fb-9703-3414069c4b7b","HARV_045.basePlot.ltr","D01","HARV","HARV_045","HARV_045_201","2016-11-21","2016-10-31","2016-11-14","2016-11-18T13:06Z","2016-11-21T20:00Z","NEON.LTR.HARV045201.20161114","NEON.LTR.HARV045201.20161114.WDY","NEON.DOC.001710vE","Woody material",0.03,"N",NA,"9/lkABCL2n4b6r19n9Zi1qNJWAzd94Zk"
"c3611e8d-3b65-47df-bbd3-d8bab8206e0c","HARV_045.basePlot.ltr","D01","HARV","HARV_045","HARV_045_201","2016-11-21","2016-10-31","2016-11-14","2016-11-18T13:06Z","2016-11-21T20:00Z","NEON.LTR.HARV045201.20161114","NEON.LTR.HARV045201.20161114.SDS","NEON.DOC.001710vE","Seeds",2,"N",NA,"9/lkABCL2n4b6r19n9Zi1qNJWAzd94Zk"
"3b30a81b-dba7-471e-98ff-f8b75d8b2ebd","HARV_045.basePlot.ltr","D01","HARV","HARV_045","HARV_045_201","2016-11-21","2016-10-31","2016-11-14","2016-11-18T13:06Z","2016-11-21T20:00Z","NEON.LTR.HARV045201.20161114","NEON.LTR.HARV045201.20161114.FLR","NEON.DOC.001710vE","Flowers",0.01,"N",NA,"9/lkABCL2n4b6r19n9Zi1qNJWAzd94Zk"
"124275b0-92d9-4e99-82da-3619bb3d4f66","HARV_045.basePlot.ltr","D01","HARV","HARV_045","HARV_045_201","2016-11-21","2016-10-31","2016-11-14","2016-11-18T13:06Z","2016-11-21T20:00Z","NEON.LTR.HARV045201.20161114","NEON.LTR.HARV045201.20161114.NDL","NEON.DOC.001710vE","Needles",0.04,"N",NA,"9/lkABCL2n4b6r19n9Zi1qNJWAzd94Zk"
"5d81dfc5-173e-4926-aa1c-487381ebe1dd","HARV_045.basePlot.ltr","D01","HARV","HARV_045","HARV_045_201","2016-11-21","2016-10-31","2016-11-14","2016-11-18T13:06Z","2016-11-21T20:00Z","NEON.LTR.HARV045201.20161114","NEON.LTR.HARV045201.20161114.LVS","NEON.DOC.001710vE","Leaves",71.42,"N",NA,"9/lkABCL2n4b6r19n9Zi1qNJWAzd94Zk"
"c3632606-f084-4a61-8bfd-9aeea64449b4","HARV_045.basePlot.ltr","D01","HARV","HARV_045","HARV_045_201","2016-11-21","2016-10-31","2016-11-14","2016-11-18T13:06Z","2016-11-21T20:00Z","NEON.LTR.HARV045201.20161114","NEON.LTR.HARV045201.20161114.OTH","NEON.DOC.001710vE","Other",0.18,"N",NA,"9/lkABCL2n4b6r19n9Zi1qNJWAzd94Zk"
"1101a291-f74d-4c43-a52b-64083c097bbe","HARV_045.basePlot.ltr","D01","HARV","HARV_045","HARV_045_201","2016-11-21","2016-10-31","2016-11-14","2016-11-18T13:06Z","2016-11-21T20:00Z","NEON.LTR.HARV045201.20161114","NEON.LTR.HARV045201.20161114.TWI","NEON.DOC.001710vE","Twigs/branches",0.05,"Y",NA,"9/lkABCL2n4b6r19n9Zi1qNJWAzd94Zk"
"532fadca-bd46-4551-bc3c-d4b0fddfd952","HARV_042.basePlot.ltr","D01","HARV","HARV_042","HARV_042_858","2016-11-21","2016-10-31","2016-11-14","2016-11-18T13:06Z","2016-11-21T20:00Z","NEON.LTR.HARV042858.20161114","NEON.LTR.HARV042858.20161114.SDS","NEON.DOC.001710vE","Seeds",0.005,"N",NA,"9/lkABCL2n4b6r19n9Zi1qNJWAzd94Zk"
"ff90342b-7c91-4563-9a0a-470cdf815117","HARV_042.basePlot.ltr","D01","HARV","HARV_042","HARV_042_858","2016-11-21","2016-10-31","2016-11-14","2016-11-18T13:06Z","2016-11-21T20:00Z","NEON.LTR.HARV042858.20161114","NEON.LTR.HARV042858.20161114.LVS","NEON.DOC.001710vE","Leaves",46.56,"N",NA,"9/lkABCL2n4b6r19n9Zi1qNJWAzd94Zk"
"eadc1ad0-4795-4a59-b5d7-a4d6ce42252c","HARV_042.basePlot.ltr","D01","HARV","HARV_042","HARV_042_858","2016-11-21","2016-10-31","2016-11-14","2016-11-18T13:06Z","2016-11-21T20:00Z","NEON.LTR.HARV042858.20161114","NEON.LTR.HARV042858.20161114.NDL","NEON.DOC.001710vE","Needles",3.15,"Y",NA,"9/lkABCL2n4b6r19n9Zi1qNJWAzd94Zk"
"a2ce01c0-d2af-40c5-ba5f-77b7e79ad320","HARV_042.basePlot.ltr","D01","HARV","HARV_042","HARV_042_858","2016-11-21","2016-10-31","2016-11-14","2016-11-18T13:06Z","2016-11-21T20:00Z","NEON.LTR.HARV042858.20161114","NEON.LTR.HARV042858.20161114.FLR","NEON.DOC.001710vE","Flowers",0.005,"N",NA,"9/lkABCL2n4b6r19n9Zi1qNJWAzd94Zk"
"64c71971-8d0d-4bed-98ee-3c9bee3b8f98","HARV_042.basePlot.ltr","D01","HARV","HARV_042","HARV_042_858","2016-11-21","2016-10-31","2016-11-14","2016-11-18T13:06Z","2016-11-21T20:00Z","NEON.LTR.HARV042858.20161114","NEON.LTR.HARV042858.20161114.WDY","NEON.DOC.001710vE","Woody material",0.03,"N",NA,"9/lkABCL2n4b6r19n9Zi1qNJWAzd94Zk"
"abf2f47a-3a38-4a3a-a102-9fa5828c0a2a","HARV_042.basePlot.ltr","D01","HARV","HARV_042","HARV_042_858","2016-11-21","2016-10-31","2016-11-14","2016-11-18T13:06Z","2016-11-21T20:00Z","NEON.LTR.HARV042858.20161114","NEON.LTR.HARV042858.20161114.TWI","NEON.DOC.001710vE","Twigs/branches",0.21,"N",NA,"9/lkABCL2n4b6r19n9Zi1qNJWAzd94Zk"
"7c39cadb-447b-4500-adca-32055d47042a","HARV_042.basePlot.ltr","D01","HARV","HARV_042","HARV_042_858","2016-11-21","2016-10-31","2016-11-14","2016-11-18T13:06Z","2016-11-21T20:00Z","NEON.LTR.HARV042858.20161114","NEON.LTR.HARV042858.20161114.OTH","NEON.DOC.001710vE","Other",0.15,"N",NA,"9/lkABCL2n4b6r19n9Zi1qNJWAzd94Zk"
"797deb0b-fb6b-45f4-b6af-6e97efe77aa1","HARV_038.basePlot.ltr","D01","HARV","HARV_038","HARV_038_363","2016-11-21","2016-10-31","2016-11-14","2016-11-18T13:06Z","2016-11-21T20:00Z","NEON.LTR.HARV038363.20161114","NEON.LTR.HARV038363.20161114.OTH","NEON.DOC.001710vE","Other",0.07,"N",NA,"9/lkABCL2n4b6r19n9Zi1qNJWAzd94Zk"
"bf8de522-fd81-4e9e-86e3-aa8d0093cbf4","HARV_038.basePlot.ltr","D01","HARV","HARV_038","HARV_038_363","2016-11-21","2016-10-31","2016-11-14","2016-11-18T13:06Z","2016-11-21T20:00Z","NEON.LTR.HARV038363.20161114","NEON.LTR.HARV038363.20161114.LVS","NEON.DOC.001710vE","Leaves",10.38,"Y",NA,"9/lkABCL2n4b6r19n9Zi1qNJWAzd94Zk"
"e2e1471b-fe49-42fd-92ca-0ad0927fa4f1","HARV_038.basePlot.ltr","D01","HARV","HARV_038","HARV_038_363","2016-11-21","2016-10-31","2016-11-14","2016-11-18T13:06Z","2016-11-21T20:00Z","NEON.LTR.HARV038363.20161114","NEON.LTR.HARV038363.20161114.SDS","NEON.DOC.001710vE","Seeds",0.005,"N",NA,"9/lkABCL2n4b6r19n9Zi1qNJWAzd94Zk"
"a60c80ad-865c-491d-aa79-71f1293def77","HARV_038.basePlot.ltr","D01","HARV","HARV_038","HARV_038_363","2016-11-21","2016-10-31","2016-11-14","2016-11-18T13:06Z","2016-11-21T20:00Z","NEON.LTR.HARV038363.20161114","NEON.LTR.HARV038363.20161114.FLR","NEON.DOC.001710vE","Flowers",0.01,"N",NA,"9/lkABCL2n4b6r19n9Zi1qNJWAzd94Zk"
"d02dea7d-a19a-47b9-a82e-a4a402143e76","HARV_038.basePlot.ltr","D01","HARV","HARV_038","HARV_038_363","2016-11-21","2016-10-31","2016-11-14","2016-11-18T13:06Z","2016-11-21T20:00Z","NEON.LTR.HARV038363.20161114","NEON.LTR.HARV038363.20161114.NDL","NEON.DOC.001710vE","Needles",0.12,"N",NA,"9/lkABCL2n4b6r19n9Zi1qNJWAzd94Zk"
"7e807ab6-38d8-454a-b0e3-5387631165e6","HARV_038.basePlot.ltr","D01","HARV","HARV_038","HARV_038_363","2016-11-21","2016-10-31","2016-11-14","2016-11-18T13:06Z","2016-11-21T20:00Z","NEON.LTR.HARV038363.20161114","NEON.LTR.HARV038363.20161114.WDY","NEON.DOC.001710vE","Woody material",0.005,"N",NA,"9/lkABCL2n4b6r19n9Zi1qNJWAzd94Zk"
"bdfef8fa-0389-4e12-aff9-a949c2566d47","HARV_038.basePlot.ltr","D01","HARV","HARV_038","HARV_038_363","2016-11-21","2016-10-31","2016-11-14","2016-11-18T13:06Z","2016-11-21T20:00Z","NEON.LTR.HARV038363.20161114","NEON.LTR.HARV038363.20161114.TWI","NEON.DOC.001710vE","Twigs/branches",0.16,"N",NA,"9/lkABCL2n4b6r19n9Zi1qNJWAzd94Zk"
"3158340c-af93-49b8-9f6d-fdcbd07a09b5","HARV_051.basePlot.ltr","D01","HARV","HARV_051","HARV_051_361","2016-11-21","2016-10-31","2016-11-14","2016-11-18T13:06Z","2016-11-21T20:00Z","NEON.LTR.HARV051361.20161114","NEON.LTR.HARV051361.20161114.TWI","NEON.DOC.001710vE","Twigs/branches",0.84,"N",NA,"9/lkABCL2n4b6r19n9Zi1qNJWAzd94Zk"
"cfe9ec3d-df1b-4604-8751-77e564e4410b","HARV_051.basePlot.ltr","D01","HARV","HARV_051","HARV_051_361","2016-11-21","2016-10-31","2016-11-14","2016-11-18T13:06Z","2016-11-21T20:00Z","NEON.LTR.HARV051361.20161114","NEON.LTR.HARV051361.20161114.LVS","NEON.DOC.001710vE","Leaves",40.05,"N",NA,"9/lkABCL2n4b6r19n9Zi1qNJWAzd94Zk"
"71a93075-16fb-4fe6-91dc-86592f51a10b","HARV_051.basePlot.ltr","D01","HARV","HARV_051","HARV_051_361","2016-11-21","2016-10-31","2016-11-14","2016-11-18T13:06Z","2016-11-21T20:00Z","NEON.LTR.HARV051361.20161114","NEON.LTR.HARV051361.20161114.NDL","NEON.DOC.001710vE","Needles",0.19,"N",NA,"9/lkABCL2n4b6r19n9Zi1qNJWAzd94Zk"
"ce425629-f585-4753-8c20-7a48a08be11b","HARV_051.basePlot.ltr","D01","HARV","HARV_051","HARV_051_361","2016-11-21","2016-10-31","2016-11-14","2016-11-18T13:06Z","2016-11-21T20:00Z","NEON.LTR.HARV051361.20161114","NEON.LTR.HARV051361.20161114.SDS","NEON.DOC.001710vE","Seeds",0.005,"N",NA,"9/lkABCL2n4b6r19n9Zi1qNJWAzd94Zk"
"e0015b4a-5d03-4ae7-944b-4ab16c9252c4","HARV_051.basePlot.ltr","D01","HARV","HARV_051","HARV_051_361","2016-11-21","2016-10-31","2016-11-14","2016-11-18T13:06Z","2016-11-21T20:00Z","NEON.LTR.HARV051361.20161114","NEON.LTR.HARV051361.20161114.WDY","NEON.DOC.001710vE","Woody material",0.69,"N",NA,"9/lkABCL2n4b6r19n9Zi1qNJWAzd94Zk"
"3becad81-ee0a-4f1a-8fd2-2ed612e2d5a2","HARV_051.basePlot.ltr","D01","HARV","HARV_051","HARV_051_361","2016-11-21","2016-10-31","2016-11-14","2016-11-18T13:06Z","2016-11-21T20:00Z","NEON.LTR.HARV051361.20161114","NEON.LTR.HARV051361.20161114.FLR","NEON.DOC.001710vE","Flowers",0.03,"N",NA,"9/lkABCL2n4b6r19n9Zi1qNJWAzd94Zk"
"6c0b4c77-b644-4de2-8352-9fc3c5bfc904","HARV_051.basePlot.ltr","D01","HARV","HARV_051","HARV_051_361","2016-11-21","2016-10-31","2016-11-14","2016-11-18T13:06Z","2016-11-21T20:00Z","NEON.LTR.HARV051361.20161114","NEON.LTR.HARV051361.20161114.OTH","NEON.DOC.001710vE","Other",0.06,"N",NA,"9/lkABCL2n4b6r19n9Zi1qNJWAzd94Zk"
"1dc7f98e-e5b9-48e7-90dd-eda78075971b","HARV_034.basePlot.ltr","D01","HARV","HARV_034","HARV_034_608","2016-11-21","2016-10-31","2016-11-14","2016-11-18T13:06Z","2016-11-21T20:00Z","NEON.LTR.HARV034608.20161114","NEON.LTR.HARV034608.20161114.NDL","NEON.DOC.001710vE","Needles",3.56,"N",NA,"9/lkABCL2n4b6r19n9Zi1qNJWAzd94Zk"
"955d5579-10bc-4a8c-a1c8-73e5a8fd5472","HARV_034.basePlot.ltr","D01","HARV","HARV_034","HARV_034_608","2016-11-21","2016-10-31","2016-11-14","2016-11-18T13:06Z","2016-11-21T20:00Z","NEON.LTR.HARV034608.20161114","NEON.LTR.HARV034608.20161114.OTH","NEON.DOC.001710vE","Other",0.1,"N",NA,"9/lkABCL2n4b6r19n9Zi1qNJWAzd94Zk"
"e66814ae-9d08-45e6-952e-e1513f7fbb7b","HARV_034.basePlot.ltr","D01","HARV","HARV_034","HARV_034_608","2016-11-21","2016-10-31","2016-11-14","2016-11-18T13:06Z","2016-11-21T20:00Z","NEON.LTR.HARV034608.20161114","NEON.LTR.HARV034608.20161114.LVS","NEON.DOC.001710vE","Leaves",9.02,"N",NA,"9/lkABCL2n4b6r19n9Zi1qNJWAzd94Zk"
"389ac83d-f3ca-4bfb-a864-3c6ec9ed1db6","HARV_034.basePlot.ltr","D01","HARV","HARV_034","HARV_034_608","2016-11-21","2016-10-31","2016-11-14","2016-11-18T13:06Z","2016-11-21T20:00Z","NEON.LTR.HARV034608.20161114","NEON.LTR.HARV034608.20161114.SDS","NEON.DOC.001710vE","Seeds",0.01,"N",NA,"9/lkABCL2n4b6r19n9Zi1qNJWAzd94Zk"
"d811a359-d238-45f5-bb81-bc3e30425a99","HARV_034.basePlot.ltr","D01","HARV","HARV_034","HARV_034_608","2016-11-21","2016-10-31","2016-11-14","2016-11-18T13:06Z","2016-11-21T20:00Z","NEON.LTR.HARV034608.20161114","NEON.LTR.HARV034608.20161114.FLR","NEON.DOC.001710vE","Flowers",0,"N",NA,"9/lkABCL2n4b6r19n9Zi1qNJWAzd94Zk"
"dfd68e60-9e6b-44f3-8754-64134c943946","HARV_034.basePlot.ltr","D01","HARV","HARV_034","HARV_034_608","2016-11-21","2016-10-31","2016-11-14","2016-11-18T13:06Z","2016-11-21T20:00Z","NEON.LTR.HARV034608.20161114","NEON.LTR.HARV034608.20161114.WDY","NEON.DOC.001710vE","Woody material",0.53,"N",NA,"9/lkABCL2n4b6r19n9Zi1qNJWAzd94Zk"
"db2a2ec1-f74a-4762-ab61-15e468ae8487","HARV_034.basePlot.ltr","D01","HARV","HARV_034","HARV_034_608","2016-11-21","2016-10-31","2016-11-14","2016-11-18T13:06Z","2016-11-21T20:00Z","NEON.LTR.HARV034608.20161114","NEON.LTR.HARV034608.20161114.TWI","NEON.DOC.001710vE","Twigs/branches",0.03,"N",NA,"9/lkABCL2n4b6r19n9Zi1qNJWAzd94Zk"
"668fbc7c-4892-4be0-a6f9-88d5fb44ec0d","HARV_042.basePlot.ltr","D01","HARV","HARV_042","HARV_042_699","2016-11-21","2016-10-31","2016-11-14","2016-11-18T13:06Z","2016-11-21T20:00Z","NEON.LTR.HARV042699.20161114","NEON.LTR.HARV042699.20161114.SDS","NEON.DOC.001710vE","Seeds",0.005,"N",NA,"9/lkABCL2n4b6r19n9Zi1qNJWAzd94Zk"
"9638ddce-5b9b-4219-824d-8fd7bb8179e0","HARV_042.basePlot.ltr","D01","HARV","HARV_042","HARV_042_699","2016-11-21","2016-10-31","2016-11-14","2016-11-18T13:06Z","2016-11-21T20:00Z","NEON.LTR.HARV042699.20161114","NEON.LTR.HARV042699.20161114.FLR","NEON.DOC.001710vE","Flowers",0.005,"Y",NA,"9/lkABCL2n4b6r19n9Zi1qNJWAzd94Zk"
"219cdbd1-f72c-41b3-a689-7077bd3035be","HARV_042.basePlot.ltr","D01","HARV","HARV_042","HARV_042_699","2016-11-21","2016-10-31","2016-11-14","2016-11-18T13:06Z","2016-11-21T20:00Z","NEON.LTR.HARV042699.20161114","NEON.LTR.HARV042699.20161114.OTH","NEON.DOC.001710vE","Other",0.16,"N",NA,"9/lkABCL2n4b6r19n9Zi1qNJWAzd94Zk"
"ec6c773d-42ac-4a84-a353-58a3fe765cfa","HARV_042.basePlot.ltr","D01","HARV","HARV_042","HARV_042_699","2016-11-21","2016-10-31","2016-11-14","2016-11-18T13:06Z","2016-11-21T20:00Z","NEON.LTR.HARV042699.20161114","NEON.LTR.HARV042699.20161114.LVS","NEON.DOC.001710vE","Leaves",54.48,"N",NA,"9/lkABCL2n4b6r19n9Zi1qNJWAzd94Zk"
"f8882c55-d545-4215-8b11-7ae4d237eece","HARV_042.basePlot.ltr","D01","HARV","HARV_042","HARV_042_699","2016-11-21","2016-10-31","2016-11-14","2016-11-18T13:06Z","2016-11-21T20:00Z","NEON.LTR.HARV042699.20161114","NEON.LTR.HARV042699.20161114.WDY","NEON.DOC.001710vE","Woody material",0.1,"N",NA,"9/lkABCL2n4b6r19n9Zi1qNJWAzd94Zk"
"4f814179-25e8-46b5-b81e-5ca88ffb6311","HARV_042.basePlot.ltr","D01","HARV","HARV_042","HARV_042_699","2016-11-21","2016-10-31","2016-11-14","2016-11-18T13:06Z","2016-11-21T20:00Z","NEON.LTR.HARV042699.20161114","NEON.LTR.HARV042699.20161114.TWI","NEON.DOC.001710vE","Twigs/branches",0.11,"N",NA,"9/lkABCL2n4b6r19n9Zi1qNJWAzd94Zk"
"21eb2dc4-2060-4d80-8bc0-84db1e22860d","HARV_042.basePlot.ltr","D01","HARV","HARV_042","HARV_042_699","2016-11-21","2016-10-31","2016-11-14","2016-11-18T13:06Z","2016-11-21T20:00Z","NEON.LTR.HARV042699.20161114","NEON.LTR.HARV042699.20161114.NDL","NEON.DOC.001710vE","Needles",0.22,"N",NA,"9/lkABCL2n4b6r19n9Zi1qNJWAzd94Zk"
"2ac247a1-37ef-4a84-99be-defe4ffbf8a5","HARV_049.basePlot.ltr","D01","HARV","HARV_049","HARV_049_437","2016-11-21","2016-10-31","2016-11-14","2016-11-18T13:06Z","2016-11-21T20:00Z","NEON.LTR.HARV049437.20161114","NEON.LTR.HARV049437.20161114.WDY","NEON.DOC.001710vE","Woody material",1.18,"N",NA,"9/lkABCL2n4b6r19n9Zi1qNJWAzd94Zk"
"05be34d9-18d3-40fd-bf98-f44abf15ccde","HARV_049.basePlot.ltr","D01","HARV","HARV_049","HARV_049_437","2016-11-21","2016-10-31","2016-11-14","2016-11-18T13:06Z","2016-11-21T20:00Z","NEON.LTR.HARV049437.20161114","NEON.LTR.HARV049437.20161114.FLR","NEON.DOC.001710vE","Flowers",0.03,"N",NA,"9/lkABCL2n4b6r19n9Zi1qNJWAzd94Zk"
"55b096c0-0a90-4262-aef7-7c7a1cc5390e","HARV_049.basePlot.ltr","D01","HARV","HARV_049","HARV_049_437","2016-11-21","2016-10-31","2016-11-14","2016-11-18T13:06Z","2016-11-21T20:00Z","NEON.LTR.HARV049437.20161114","NEON.LTR.HARV049437.20161114.LVS","NEON.DOC.001710vE","Leaves",24.22,"N",NA,"9/lkABCL2n4b6r19n9Zi1qNJWAzd94Zk"
"a33d6cdc-67ae-4978-97ce-3ce90f6cebd1","HARV_049.basePlot.ltr","D01","HARV","HARV_049","HARV_049_437","2016-11-21","2016-10-31","2016-11-14","2016-11-18T13:06Z","2016-11-21T20:00Z","NEON.LTR.HARV049437.20161114","NEON.LTR.HARV049437.20161114.NDL","NEON.DOC.001710vE","Needles",1.68,"N",NA,"9/lkABCL2n4b6r19n9Zi1qNJWAzd94Zk"
"a1c34191-48ce-443d-845a-ee12e05e2495","HARV_049.basePlot.ltr","D01","HARV","HARV_049","HARV_049_437","2016-11-21","2016-10-31","2016-11-14","2016-11-18T13:06Z","2016-11-21T20:00Z","NEON.LTR.HARV049437.20161114","NEON.LTR.HARV049437.20161114.SDS","NEON.DOC.001710vE","Seeds",0.15,"N",NA,"9/lkABCL2n4b6r19n9Zi1qNJWAzd94Zk"
"b2bd119b-5729-41a2-a05a-7900c5665179","HARV_049.basePlot.ltr","D01","HARV","HARV_049","HARV_049_437","2016-11-21","2016-10-31","2016-11-14","2016-11-18T13:06Z","2016-11-21T20:00Z","NEON.LTR.HARV049437.20161114","NEON.LTR.HARV049437.20161114.TWI","NEON.DOC.001710vE","Twigs/branches",2.9,"N",NA,"9/lkABCL2n4b6r19n9Zi1qNJWAzd94Zk"
"fe86de93-2996-4e2c-ad10-35d081a216c2","HARV_049.basePlot.ltr","D01","HARV","HARV_049","HARV_049_437","2016-11-21","2016-10-31","2016-11-14","2016-11-18T13:06Z","2016-11-21T20:00Z","NEON.LTR.HARV049437.20161114","NEON.LTR.HARV049437.20161114.OTH","NEON.DOC.001710vE","Other",0.07,"N",NA,"9/lkABCL2n4b6r19n9Zi1qNJWAzd94Zk"
"f02c1393-1906-4503-9633-8151e7ab28a7","HARV_045.basePlot.ltr","D01","HARV","HARV_045","HARV_045_265","2016-11-21","2016-10-31","2016-11-14","2016-11-18T13:06Z","2016-11-21T20:00Z","NEON.LTR.HARV045265.20161114","NEON.LTR.HARV045265.20161114.OTH","NEON.DOC.001710vE","Other",0.09,"Y",NA,"9/lkABCL2n4b6r19n9Zi1qNJWAzd94Zk"
"0550977c-4706-43aa-8c9d-aac6c762ee15","HARV_045.basePlot.ltr","D01","HARV","HARV_045","HARV_045_265","2016-11-21","2016-10-31","2016-11-14","2016-11-18T13:06Z","2016-11-21T20:00Z","NEON.LTR.HARV045265.20161114","NEON.LTR.HARV045265.20161114.SDS","NEON.DOC.001710vE","Seeds",3.94,"N",NA,"9/lkABCL2n4b6r19n9Zi1qNJWAzd94Zk"
"a64736bf-645c-4d95-8388-5c1de041f482","HARV_045.basePlot.ltr","D01","HARV","HARV_045","HARV_045_265","2016-11-21","2016-10-31","2016-11-14","2016-11-18T13:06Z","2016-11-21T20:00Z","NEON.LTR.HARV045265.20161114","NEON.LTR.HARV045265.20161114.NDL","NEON.DOC.001710vE","Needles",0.23,"N",NA,"9/lkABCL2n4b6r19n9Zi1qNJWAzd94Zk"
"f20f2277-cc45-4628-a925-97f64e4023a8","HARV_045.basePlot.ltr","D01","HARV","HARV_045","HARV_045_265","2016-11-21","2016-10-31","2016-11-14","2016-11-18T13:06Z","2016-11-21T20:00Z","NEON.LTR.HARV045265.20161114","NEON.LTR.HARV045265.20161114.WDY","NEON.DOC.001710vE","Woody material",0.05,"N",NA,"9/lkABCL2n4b6r19n9Zi1qNJWAzd94Zk"
"357626dd-4718-4c97-a762-8aaee7f62fdd","HARV_045.basePlot.ltr","D01","HARV","HARV_045","HARV_045_265","2016-11-21","2016-10-31","2016-11-14","2016-11-18T13:06Z","2016-11-21T20:00Z","NEON.LTR.HARV045265.20161114","NEON.LTR.HARV045265.20161114.FLR","NEON.DOC.001710vE","Flowers",0.03,"N",NA,"9/lkABCL2n4b6r19n9Zi1qNJWAzd94Zk"
"e84d0a84-0e64-4aff-8b07-f50eda51d486","HARV_045.basePlot.ltr","D01","HARV","HARV_045","HARV_045_265","2016-11-21","2016-10-31","2016-11-14","2016-11-18T13:06Z","2016-11-21T20:00Z","NEON.LTR.HARV045265.20161114","NEON.LTR.HARV045265.20161114.LVS","NEON.DOC.001710vE","Leaves",50.6,"N",NA,"9/lkABCL2n4b6r19n9Zi1qNJWAzd94Zk"
"4fd81e62-933f-40d2-8282-94becfda41fe","HARV_045.basePlot.ltr","D01","HARV","HARV_045","HARV_045_265","2016-11-21","2016-10-31","2016-11-14","2016-11-18T13:06Z","2016-11-21T20:00Z","NEON.LTR.HARV045265.20161114","NEON.LTR.HARV045265.20161114.TWI","NEON.DOC.001710vE","Twigs/branches",2.87,"N",NA,"9/lkABCL2n4b6r19n9Zi1qNJWAzd94Zk"
"6e90557d-bf73-4847-a121-16747c447b33","HARV_044.basePlot.ltr","D01","HARV","HARV_044","HARV_044_111","2016-11-21","2016-10-31","2016-11-14","2016-11-18T13:06Z","2016-11-21T20:00Z","NEON.LTR.HARV044111.20161114","NEON.LTR.HARV044111.20161114.FLR","NEON.DOC.001710vE","Flowers",0.02,"N",NA,"9/lkABCL2n4b6r19n9Zi1qNJWAzd94Zk"
"97011361-02e5-4296-8cc6-11f8ef545561","HARV_044.basePlot.ltr","D01","HARV","HARV_044","HARV_044_111","2016-11-21","2016-10-31","2016-11-14","2016-11-18T13:06Z","2016-11-21T20:00Z","NEON.LTR.HARV044111.20161114","NEON.LTR.HARV044111.20161114.OTH","NEON.DOC.001710vE","Other",0.04,"N",NA,"9/lkABCL2n4b6r19n9Zi1qNJWAzd94Zk"
"b71658d6-b8bd-4f69-9449-b6b0a753e40f","HARV_044.basePlot.ltr","D01","HARV","HARV_044","HARV_044_111","2016-11-21","2016-10-31","2016-11-14","2016-11-18T13:06Z","2016-11-21T20:00Z","NEON.LTR.HARV044111.20161114","NEON.LTR.HARV044111.20161114.SDS","NEON.DOC.001710vE","Seeds",0.005,"N",NA,"9/lkABCL2n4b6r19n9Zi1qNJWAzd94Zk"
"6066f219-f4e6-42c7-a703-606c197b6fd2","HARV_044.basePlot.ltr","D01","HARV","HARV_044","HARV_044_111","2016-11-21","2016-10-31","2016-11-14","2016-11-18T13:06Z","2016-11-21T20:00Z","NEON.LTR.HARV044111.20161114","NEON.LTR.HARV044111.20161114.NDL","NEON.DOC.001710vE","Needles",2.23,"N",NA,"9/lkABCL2n4b6r19n9Zi1qNJWAzd94Zk"
"d409d420-402f-45fe-be25-0617631753d3","HARV_044.basePlot.ltr","D01","HARV","HARV_044","HARV_044_111","2016-11-21","2016-10-31","2016-11-14","2016-11-18T13:06Z","2016-11-21T20:00Z","NEON.LTR.HARV044111.20161114","NEON.LTR.HARV044111.20161114.LVS","NEON.DOC.001710vE","Leaves",0.91,"N",NA,"9/lkABCL2n4b6r19n9Zi1qNJWAzd94Zk"
"028a25bc-5ffd-4a0d-bccc-e5dd71f4097b","HARV_044.basePlot.ltr","D01","HARV","HARV_044","HARV_044_111","2016-11-21","2016-10-31","2016-11-14","2016-11-18T13:06Z","2016-11-21T20:00Z","NEON.LTR.HARV044111.20161114","NEON.LTR.HARV044111.20161114.WDY","NEON.DOC.001710vE","Woody material",0.08,"N",NA,"9/lkABCL2n4b6r19n9Zi1qNJWAzd94Zk"
"48277787-ddb0-430d-aa1b-af1d9b79dff5","HARV_044.basePlot.ltr","D01","HARV","HARV_044","HARV_044_111","2016-11-21","2016-10-31","2016-11-14","2016-11-18T13:06Z","2016-11-21T20:00Z","NEON.LTR.HARV044111.20161114","NEON.LTR.HARV044111.20161114.TWI","NEON.DOC.001710vE","Twigs/branches",0.35,"N",NA,"9/lkABCL2n4b6r19n9Zi1qNJWAzd94Zk"
"0937114a-2036-4d66-a506-fdff2ac35b08","HARV_035.basePlot.ltr","D01","HARV","HARV_035","HARV_035_402","2016-11-21","2016-10-31","2016-11-14","2016-11-18T13:06Z","2016-11-21T20:00Z","NEON.LTR.HARV035402.20161114","NEON.LTR.HARV035402.20161114.WDY","NEON.DOC.001710vE","Woody material",0.22,"N",NA,"9/lkABCL2n4b6r19n9Zi1qNJWAzd94Zk"
"083f0208-72a3-42c5-afc4-dcddb6c7a0b1","HARV_036.basePlot.ltr","D01","HARV","HARV_036","HARV_036_426","2016-11-21","2016-10-31","2016-11-14","2016-11-18T13:06Z","2016-11-21T20:00Z","NEON.LTR.HARV036426.20161114","NEON.LTR.HARV036426.20161114.WDY","NEON.DOC.001710vE","Woody material",0.28,"N",NA,"9/lkABCL2n4b6r19n9Zi1qNJWAzd94Zk"
"ba159882-53b6-41af-befd-e98ffc0d9f41","HARV_035.basePlot.ltr","D01","HARV","HARV_035","HARV_035_402","2016-11-21","2016-10-31","2016-11-14","2016-11-18T13:06Z","2016-11-21T20:00Z","NEON.LTR.HARV035402.20161114","NEON.LTR.HARV035402.20161114.FLR","NEON.DOC.001710vE","Flowers",0.005,"N",NA,"9/lkABCL2n4b6r19n9Zi1qNJWAzd94Zk"
"67c880db-a276-4432-bf22-43d74e9282bf","HARV_035.basePlot.ltr","D01","HARV","HARV_035","HARV_035_402","2016-11-21","2016-10-31","2016-11-14","2016-11-18T13:06Z","2016-11-21T20:00Z","NEON.LTR.HARV035402.20161114","NEON.LTR.HARV035402.20161114.NDL","NEON.DOC.001710vE","Needles",0.79,"N",NA,"9/lkABCL2n4b6r19n9Zi1qNJWAzd94Zk"
"83b8b2fc-e351-4aa3-b4be-e1e02e8b8544","HARV_035.basePlot.ltr","D01","HARV","HARV_035","HARV_035_402","2016-11-21","2016-10-31","2016-11-14","2016-11-18T13:06Z","2016-11-21T20:00Z","NEON.LTR.HARV035402.20161114","NEON.LTR.HARV035402.20161114.LVS","NEON.DOC.001710vE","Leaves",3.05,"Y",NA,"9/lkABCL2n4b6r19n9Zi1qNJWAzd94Zk"
"af71fdef-67d8-4853-8c86-c8b3bc7b3a88","HARV_036.basePlot.ltr","D01","HARV","HARV_036","HARV_036_426","2016-11-21","2016-10-31","2016-11-14","2016-11-18T13:06Z","2016-11-21T20:00Z","NEON.LTR.HARV036426.20161114","NEON.LTR.HARV036426.20161114.LVS","NEON.DOC.001710vE","Leaves",35.14,"Y",NA,"9/lkABCL2n4b6r19n9Zi1qNJWAzd94Zk"
"1547d3c9-4fa2-48a4-9b09-25f83fd0b1f4","HARV_036.basePlot.ltr","D01","HARV","HARV_036","HARV_036_426","2016-11-21","2016-10-31","2016-11-14","2016-11-18T13:06Z","2016-11-21T20:00Z","NEON.LTR.HARV036426.20161114","NEON.LTR.HARV036426.20161114.NDL","NEON.DOC.001710vE","Needles",0,"N",NA,"9/lkABCL2n4b6r19n9Zi1qNJWAzd94Zk"
"12d0de35-84e7-430c-ac5a-8882493aed1f","HARV_036.basePlot.ltr","D01","HARV","HARV_036","HARV_036_426","2016-11-21","2016-10-31","2016-11-14","2016-11-18T13:06Z","2016-11-21T20:00Z","NEON.LTR.HARV036426.20161114","NEON.LTR.HARV036426.20161114.SDS","NEON.DOC.001710vE","Seeds",9.75,"N",NA,"9/lkABCL2n4b6r19n9Zi1qNJWAzd94Zk"
"df34a8e6-7e91-41d5-8747-942a43977d2d","HARV_036.basePlot.ltr","D01","HARV","HARV_036","HARV_036_426","2016-11-21","2016-10-31","2016-11-14","2016-11-18T13:06Z","2016-11-21T20:00Z","NEON.LTR.HARV036426.20161114","NEON.LTR.HARV036426.20161114.FLR","NEON.DOC.001710vE","Flowers",0,"N",NA,"9/lkABCL2n4b6r19n9Zi1qNJWAzd94Zk"
"c7b5f683-0ca5-41c0-be33-01c0a6fb37c8","HARV_035.basePlot.ltr","D01","HARV","HARV_035","HARV_035_402","2016-11-21","2016-10-31","2016-11-14","2016-11-18T13:06Z","2016-11-21T20:00Z","NEON.LTR.HARV035402.20161114","NEON.LTR.HARV035402.20161114.OTH","NEON.DOC.001710vE","Other",0.04,"N",NA,"9/lkABCL2n4b6r19n9Zi1qNJWAzd94Zk"
"db81fe17-361e-44fc-8e05-a4defe12eaed","HARV_036.basePlot.ltr","D01","HARV","HARV_036","HARV_036_426","2016-11-21","2016-10-31","2016-11-14","2016-11-18T13:06Z","2016-11-21T20:00Z","NEON.LTR.HARV036426.20161114","NEON.LTR.HARV036426.20161114.OTH","NEON.DOC.001710vE","Other",0.9,"N",NA,"9/lkABCL2n4b6r19n9Zi1qNJWAzd94Zk"
"4e2fc22b-4786-4682-a0b0-44e6bf9320d6","HARV_035.basePlot.ltr","D01","HARV","HARV_035","HARV_035_402","2016-11-21","2016-10-31","2016-11-14","2016-11-18T13:06Z","2016-11-21T20:00Z","NEON.LTR.HARV035402.20161114","NEON.LTR.HARV035402.20161114.TWI","NEON.DOC.001710vE","Twigs/branches",0.57,"N",NA,"9/lkABCL2n4b6r19n9Zi1qNJWAzd94Zk"
"c06e202a-522c-4d62-8d09-2d07e0dfa447","HARV_036.basePlot.ltr","D01","HARV","HARV_036","HARV_036_426","2016-11-21","2016-10-31","2016-11-14","2016-11-18T13:06Z","2016-11-21T20:00Z","NEON.LTR.HARV036426.20161114","NEON.LTR.HARV036426.20161114.TWI","NEON.DOC.001710vE","Twigs/branches",0,"N",NA,"9/lkABCL2n4b6r19n9Zi1qNJWAzd94Zk"
"39b5348c-96d8-40fc-b8ba-6bf2623736cf","HARV_035.basePlot.ltr","D01","HARV","HARV_035","HARV_035_402","2016-11-21","2016-10-31","2016-11-14","2016-11-18T13:06Z","2016-11-21T20:00Z","NEON.LTR.HARV035402.20161114","NEON.LTR.HARV035402.20161114.SDS","NEON.DOC.001710vE","Seeds",0.01,"N",NA,"9/lkABCL2n4b6r19n9Zi1qNJWAzd94Zk"
"e7df6ba6-7092-4f93-9628-a38486419c02","HARV_046.basePlot.ltr","D01","HARV","HARV_046","HARV_046_764","2016-11-21","2016-10-31","2016-11-14","2016-11-18T13:06Z","2016-11-21T20:00Z","NEON.LTR.HARV046764.20161114","NEON.LTR.HARV046764.20161114.OTH","NEON.DOC.001710vE","Other",0.04,"N",NA,"9/lkABCL2n4b6r19n9Zi1qNJWAzd94Zk"
"280d2e59-2e12-4e3c-b4c2-a6a9aae67997","HARV_046.basePlot.ltr","D01","HARV","HARV_046","HARV_046_764","2016-11-21","2016-10-31","2016-11-14","2016-11-18T13:06Z","2016-11-21T20:00Z","NEON.LTR.HARV046764.20161114","NEON.LTR.HARV046764.20161114.SDS","NEON.DOC.001710vE","Seeds",0,"N",NA,"9/lkABCL2n4b6r19n9Zi1qNJWAzd94Zk"
"aa3fd121-448a-4727-a4d3-12c8036106a9","HARV_046.basePlot.ltr","D01","HARV","HARV_046","HARV_046_764","2016-11-21","2016-10-31","2016-11-14","2016-11-18T13:06Z","2016-11-21T20:00Z","NEON.LTR.HARV046764.20161114","NEON.LTR.HARV046764.20161114.WDY","NEON.DOC.001710vE","Woody material",0.005,"N",NA,"9/lkABCL2n4b6r19n9Zi1qNJWAzd94Zk"
"f99e7f11-a3d9-4034-8743-73e6ac4b52dd","HARV_046.basePlot.ltr","D01","HARV","HARV_046","HARV_046_764","2016-11-21","2016-10-31","2016-11-14","2016-11-18T13:06Z","2016-11-21T20:00Z","NEON.LTR.HARV046764.20161114","NEON.LTR.HARV046764.20161114.NDL","NEON.DOC.001710vE","Needles",3.28,"N",NA,"9/lkABCL2n4b6r19n9Zi1qNJWAzd94Zk"
"065d522f-6825-49d4-93c2-e1b58c9f9918","HARV_046.basePlot.ltr","D01","HARV","HARV_046","HARV_046_764","2016-11-21","2016-10-31","2016-11-14","2016-11-18T13:06Z","2016-11-21T20:00Z","NEON.LTR.HARV046764.20161114","NEON.LTR.HARV046764.20161114.LVS","NEON.DOC.001710vE","Leaves",0.82,"Y",NA,"9/lkABCL2n4b6r19n9Zi1qNJWAzd94Zk"
"a97ce993-f0d2-4ae2-aae1-f8761b323239","HARV_046.basePlot.ltr","D01","HARV","HARV_046","HARV_046_764","2016-11-21","2016-10-31","2016-11-14","2016-11-18T13:06Z","2016-11-21T20:00Z","NEON.LTR.HARV046764.20161114","NEON.LTR.HARV046764.20161114.FLR","NEON.DOC.001710vE","Flowers",0,"N",NA,"9/lkABCL2n4b6r19n9Zi1qNJWAzd94Zk"
"02bb071d-ae0c-45ca-ac80-95d2419eaf5c","HARV_046.basePlot.ltr","D01","HARV","HARV_046","HARV_046_764","2016-11-21","2016-10-31","2016-11-14","2016-11-18T13:06Z","2016-11-21T20:00Z","NEON.LTR.HARV046764.20161114","NEON.LTR.HARV046764.20161114.TWI","NEON.DOC.001710vE","Twigs/branches",0.15,"N",NA,"9/lkABCL2n4b6r19n9Zi1qNJWAzd94Zk"
"702f76bb-c507-4a2e-b082-80cf2b7e0d76","HARV_043.basePlot.ltr","D01","HARV","HARV_043","HARV_043_550","2016-11-21","2016-10-31","2016-11-14","2016-11-18T13:06Z","2016-11-21T20:00Z","NEON.LTR.HARV043550.20161114","NEON.LTR.HARV043550.20161114.WDY","NEON.DOC.001710vE","Woody material",0.27,"N",NA,"9/lkABCL2n4b6r19n9Zi1qNJWAzd94Zk"
"c1955753-0641-473e-9a6b-2eff5b0c69e5","HARV_043.basePlot.ltr","D01","HARV","HARV_043","HARV_043_550","2016-11-21","2016-10-31","2016-11-14","2016-11-18T13:06Z","2016-11-21T20:00Z","NEON.LTR.HARV043550.20161114","NEON.LTR.HARV043550.20161114.SDS","NEON.DOC.001710vE","Seeds",0.01,"N",NA,"9/lkABCL2n4b6r19n9Zi1qNJWAzd94Zk"
"0554a702-6f49-4176-b3bd-0c571a7b9ce0","HARV_043.basePlot.ltr","D01","HARV","HARV_043","HARV_043_550","2016-11-21","2016-10-31","2016-11-14","2016-11-18T13:06Z","2016-11-21T20:00Z","NEON.LTR.HARV043550.20161114","NEON.LTR.HARV043550.20161114.LVS","NEON.DOC.001710vE","Leaves",7.18,"N",NA,"9/lkABCL2n4b6r19n9Zi1qNJWAzd94Zk"
"b62f308c-8d01-47a2-96f5-a010c2811865","HARV_043.basePlot.ltr","D01","HARV","HARV_043","HARV_043_550","2016-11-21","2016-10-31","2016-11-14","2016-11-18T13:06Z","2016-11-21T20:00Z","NEON.LTR.HARV043550.20161114","NEON.LTR.HARV043550.20161114.TWI","NEON.DOC.001710vE","Twigs/branches",1.46,"N",NA,"9/lkABCL2n4b6r19n9Zi1qNJWAzd94Zk"
"c7d66501-7027-45cd-9d7a-00f7715c0e78","HARV_043.basePlot.ltr","D01","HARV","HARV_043","HARV_043_550","2016-11-21","2016-10-31","2016-11-14","2016-11-18T13:06Z","2016-11-21T20:00Z","NEON.LTR.HARV043550.20161114","NEON.LTR.HARV043550.20161114.OTH","NEON.DOC.001710vE","Other",0.09,"N",NA,"9/lkABCL2n4b6r19n9Zi1qNJWAzd94Zk"
"9cccb70f-49e8-49f7-ac70-b66c9e9b4c8e","HARV_043.basePlot.ltr","D01","HARV","HARV_043","HARV_043_550","2016-11-21","2016-10-31","2016-11-14","2016-11-18T13:06Z","2016-11-21T20:00Z","NEON.LTR.HARV043550.20161114","NEON.LTR.HARV043550.20161114.NDL","NEON.DOC.001710vE","Needles",0.78,"N",NA,"9/lkABCL2n4b6r19n9Zi1qNJWAzd94Zk"
"e5bd9df9-a692-4018-a514-9c5f7347ecbb","HARV_043.basePlot.ltr","D01","HARV","HARV_043","HARV_043_550","2016-11-21","2016-10-31","2016-11-14","2016-11-18T13:06Z","2016-11-21T20:00Z","NEON.LTR.HARV043550.20161114","NEON.LTR.HARV043550.20161114.FLR","NEON.DOC.001710vE","Flowers",0.005,"Y",NA,"9/lkABCL2n4b6r19n9Zi1qNJWAzd94Zk"
"e97d6d31-3d51-4569-8c00-65d7d3e072e4","HARV_048.basePlot.ltr","D01","HARV","HARV_048","HARV_048_355","2016-11-21","2016-10-31","2016-11-14","2016-11-18T13:06Z","2016-11-21T20:00Z","NEON.LTR.HARV048355.20161114","NEON.LTR.HARV048355.20161114.LVS","NEON.DOC.001710vE","Leaves",0.84,"N",NA,"9/lkABCL2n4b6r19n9Zi1qNJWAzd94Zk"
"e8b584e4-8873-489b-8c75-cc6ec2883dcc","HARV_048.basePlot.ltr","D01","HARV","HARV_048","HARV_048_355","2016-11-21","2016-10-31","2016-11-14","2016-11-18T13:06Z","2016-11-21T20:00Z","NEON.LTR.HARV048355.20161114","NEON.LTR.HARV048355.20161114.FLR","NEON.DOC.001710vE","Flowers",0.005,"N",NA,"9/lkABCL2n4b6r19n9Zi1qNJWAzd94Zk"
"4016a5ed-1785-461f-a33f-99c7c33d9296","HARV_048.basePlot.ltr","D01","HARV","HARV_048","HARV_048_355","2016-11-21","2016-10-31","2016-11-14","2016-11-18T13:06Z","2016-11-21T20:00Z","NEON.LTR.HARV048355.20161114","NEON.LTR.HARV048355.20161114.WDY","NEON.DOC.001710vE","Woody material",0.01,"N",NA,"9/lkABCL2n4b6r19n9Zi1qNJWAzd94Zk"
"41f3465f-2e71-4f45-b91e-0d0454d6f409","HARV_048.basePlot.ltr","D01","HARV","HARV_048","HARV_048_355","2016-11-21","2016-10-31","2016-11-14","2016-11-18T13:06Z","2016-11-21T20:00Z","NEON.LTR.HARV048355.20161114","NEON.LTR.HARV048355.20161114.SDS","NEON.DOC.001710vE","Seeds",0.03,"N",NA,"9/lkABCL2n4b6r19n9Zi1qNJWAzd94Zk"
"cd2cd97d-4a69-438a-80e8-3be0046f8d16","HARV_048.basePlot.ltr","D01","HARV","HARV_048","HARV_048_355","2016-11-21","2016-10-31","2016-11-14","2016-11-18T13:06Z","2016-11-21T20:00Z","NEON.LTR.HARV048355.20161114","NEON.LTR.HARV048355.20161114.NDL","NEON.DOC.001710vE","Needles",3,"N",NA,"9/lkABCL2n4b6r19n9Zi1qNJWAzd94Zk"
"98db5f6a-dee1-407f-b287-16c72d90611b","HARV_048.basePlot.ltr","D01","HARV","HARV_048","HARV_048_355","2016-11-21","2016-10-31","2016-11-14","2016-11-18T13:06Z","2016-11-21T20:00Z","NEON.LTR.HARV048355.20161114","NEON.LTR.HARV048355.20161114.OTH","NEON.DOC.001710vE","Other",0.06,"N",NA,"9/lkABCL2n4b6r19n9Zi1qNJWAzd94Zk"
"01cab67c-6a2f-428e-9434-ec9ba182e7c8","HARV_048.basePlot.ltr","D01","HARV","HARV_048","HARV_048_355","2016-11-21","2016-10-31","2016-11-14","2016-11-18T13:06Z","2016-11-21T20:00Z","NEON.LTR.HARV048355.20161114","NEON.LTR.HARV048355.20161114.TWI","NEON.DOC.001710vE","Twigs/branches",0.28,"N",NA,"9/lkABCL2n4b6r19n9Zi1qNJWAzd94Zk"
"2715adfc-f043-4e34-b5e3-9aa866a0eec7","HARV_040.basePlot.ltr","D01","HARV","HARV_040","HARV_040_292","2016-11-21","2016-10-31","2016-11-14","2016-11-18T13:06Z","2016-11-21T20:00Z","NEON.LTR.HARV040292.20161114","NEON.LTR.HARV040292.20161114.NDL","NEON.DOC.001710vE","Needles",0.11,"N",NA,"9/lkABCL2n4b6r19n9Zi1qNJWAzd94Zk"
"25bc4cdc-4a28-4b6a-9d15-0774ddbc28d2","HARV_040.basePlot.ltr","D01","HARV","HARV_040","HARV_040_292","2016-11-21","2016-10-31","2016-11-14","2016-11-18T13:06Z","2016-11-21T20:00Z","NEON.LTR.HARV040292.20161114","NEON.LTR.HARV040292.20161114.OTH","NEON.DOC.001710vE","Other",0.03,"N",NA,"9/lkABCL2n4b6r19n9Zi1qNJWAzd94Zk"
"36804bca-1a8f-4238-9ac4-ba0dbc4b7c56","HARV_040.basePlot.ltr","D01","HARV","HARV_040","HARV_040_292","2016-11-21","2016-10-31","2016-11-14","2016-11-18T13:06Z","2016-11-21T20:00Z","NEON.LTR.HARV040292.20161114","NEON.LTR.HARV040292.20161114.SDS","NEON.DOC.001710vE","Seeds",0.005,"Y",NA,"9/lkABCL2n4b6r19n9Zi1qNJWAzd94Zk"
"090bd26f-5dc0-4ee4-896e-efa53eafd601","HARV_040.basePlot.ltr","D01","HARV","HARV_040","HARV_040_292","2016-11-21","2016-10-31","2016-11-14","2016-11-18T13:06Z","2016-11-21T20:00Z","NEON.LTR.HARV040292.20161114","NEON.LTR.HARV040292.20161114.LVS","NEON.DOC.001710vE","Leaves",8.82,"N",NA,"9/lkABCL2n4b6r19n9Zi1qNJWAzd94Zk"
"472b6feb-31c0-479c-a84b-f1ba2b96613c","HARV_040.basePlot.ltr","D01","HARV","HARV_040","HARV_040_292","2016-11-21","2016-10-31","2016-11-14","2016-11-18T13:06Z","2016-11-21T20:00Z","NEON.LTR.HARV040292.20161114","NEON.LTR.HARV040292.20161114.FLR","NEON.DOC.001710vE","Flowers",0,"N",NA,"9/lkABCL2n4b6r19n9Zi1qNJWAzd94Zk"
"9231e2cd-a75b-4858-854f-4d3d38d4099d","HARV_040.basePlot.ltr","D01","HARV","HARV_040","HARV_040_292","2016-11-21","2016-10-31","2016-11-14","2016-11-18T13:06Z","2016-11-21T20:00Z","NEON.LTR.HARV040292.20161114","NEON.LTR.HARV040292.20161114.TWI","NEON.DOC.001710vE","Twigs/branches",0.005,"Y",NA,"9/lkABCL2n4b6r19n9Zi1qNJWAzd94Zk"
"d0c0cadd-e46c-4012-a8b6-a364d92b4f7d","HARV_040.basePlot.ltr","D01","HARV","HARV_040","HARV_040_292","2016-11-21","2016-10-31","2016-11-14","2016-11-18T13:06Z","2016-11-21T20:00Z","NEON.LTR.HARV040292.20161114","NEON.LTR.HARV040292.20161114.WDY","NEON.DOC.001710vE","Woody material",0.7,"N",NA,"9/lkABCL2n4b6r19n9Zi1qNJWAzd94Zk"
"0e87f498-797e-4b1b-a770-eaf6422d177d","HARV_049.basePlot.ltr","D01","HARV","HARV_049","HARV_049_890","2016-11-21","2016-10-31","2016-11-14","2016-11-18T13:06Z","2016-11-21T20:00Z","NEON.LTR.HARV049890.20161114","NEON.LTR.HARV049890.20161114.OTH","NEON.DOC.001710vE","Other",0.15,"N",NA,"9/lkABCL2n4b6r19n9Zi1qNJWAzd94Zk"
"7a1ac9fe-ee42-4633-85df-dfd74ba7ae6e","HARV_049.basePlot.ltr","D01","HARV","HARV_049","HARV_049_890","2016-11-21","2016-10-31","2016-11-14","2016-11-18T13:06Z","2016-11-21T20:00Z","NEON.LTR.HARV049890.20161114","NEON.LTR.HARV049890.20161114.TWI","NEON.DOC.001710vE","Twigs/branches",1.42,"N",NA,"9/lkABCL2n4b6r19n9Zi1qNJWAzd94Zk"
"4eb727a9-4bdc-46c8-9411-32e6c832f1d2","HARV_049.basePlot.ltr","D01","HARV","HARV_049","HARV_049_890","2016-11-21","2016-10-31","2016-11-14","2016-11-18T13:06Z","2016-11-21T20:00Z","NEON.LTR.HARV049890.20161114","NEON.LTR.HARV049890.20161114.LVS","NEON.DOC.001710vE","Leaves",13.34,"N",NA,"9/lkABCL2n4b6r19n9Zi1qNJWAzd94Zk"
"662e6e76-4130-4740-a7c1-d58c6fd2ddb6","HARV_049.basePlot.ltr","D01","HARV","HARV_049","HARV_049_890","2016-11-21","2016-10-31","2016-11-14","2016-11-18T13:06Z","2016-11-21T20:00Z","NEON.LTR.HARV049890.20161114","NEON.LTR.HARV049890.20161114.WDY","NEON.DOC.001710vE","Woody material",0.12,"N",NA,"9/lkABCL2n4b6r19n9Zi1qNJWAzd94Zk"
"b148b3cb-e9fd-4d64-ba43-2e9212e2728c","HARV_049.basePlot.ltr","D01","HARV","HARV_049","HARV_049_890","2016-11-21","2016-10-31","2016-11-14","2016-11-18T13:06Z","2016-11-21T20:00Z","NEON.LTR.HARV049890.20161114","NEON.LTR.HARV049890.20161114.SDS","NEON.DOC.001710vE","Seeds",0.01,"N",NA,"9/lkABCL2n4b6r19n9Zi1qNJWAzd94Zk"
"e668b8f9-862b-4107-8824-08531785400b","HARV_049.basePlot.ltr","D01","HARV","HARV_049","HARV_049_890","2016-11-21","2016-10-31","2016-11-14","2016-11-18T13:06Z","2016-11-21T20:00Z","NEON.LTR.HARV049890.20161114","NEON.LTR.HARV049890.20161114.FLR","NEON.DOC.001710vE","Flowers",0,"N",NA,"9/lkABCL2n4b6r19n9Zi1qNJWAzd94Zk"
"a82e62bc-5aee-4c05-97df-a63a4089c50a","HARV_049.basePlot.ltr","D01","HARV","HARV_049","HARV_049_890","2016-11-21","2016-10-31","2016-11-14","2016-11-18T13:06Z","2016-11-21T20:00Z","NEON.LTR.HARV049890.20161114","NEON.LTR.HARV049890.20161114.NDL","NEON.DOC.001710vE","Needles",0.83,"N",NA,"9/lkABCL2n4b6r19n9Zi1qNJWAzd94Zk"
"c9296239-3f1e-48e8-891a-8b24ba40dc80","HARV_050.basePlot.ltr","D01","HARV","HARV_050","HARV_050_043","2016-11-21","2016-10-31","2016-11-14","2016-11-18T13:06Z","2016-11-21T20:00Z","NEON.LTR.HARV050043.20161114","NEON.LTR.HARV050043.20161114.OTH","NEON.DOC.001710vE","Other",0.13,"N",NA,"9/lkABCL2n4b6r19n9Zi1qNJWAzd94Zk"
"5f395f40-df11-4b0f-bcfd-d12bb43e53b1","HARV_044.basePlot.ltr","D01","HARV","HARV_044","HARV_044_815","2016-11-21","2016-10-31","2016-11-14","2016-11-18T13:06Z","2016-11-21T20:00Z","NEON.LTR.HARV044815.20161114","NEON.LTR.HARV044815.20161114.LVS","NEON.DOC.001710vE","Leaves",15.13,"N",NA,"9/lkABCL2n4b6r19n9Zi1qNJWAzd94Zk"
"7f29a9e5-3d57-4373-850c-cee2d50a71ba","HARV_044.basePlot.ltr","D01","HARV","HARV_044","HARV_044_815","2016-11-21","2016-10-31","2016-11-14","2016-11-18T13:06Z","2016-11-21T20:00Z","NEON.LTR.HARV044815.20161114","NEON.LTR.HARV044815.20161114.OTH","NEON.DOC.001710vE","Other",0.02,"N",NA,"9/lkABCL2n4b6r19n9Zi1qNJWAzd94Zk"
"63173cb7-6d89-430f-aeb3-6d5d507a7a87","HARV_044.basePlot.ltr","D01","HARV","HARV_044","HARV_044_815","2016-11-21","2016-10-31","2016-11-14","2016-11-18T13:06Z","2016-11-21T20:00Z","NEON.LTR.HARV044815.20161114","NEON.LTR.HARV044815.20161114.FLR","NEON.DOC.001710vE","Flowers",0.01,"N",NA,"9/lkABCL2n4b6r19n9Zi1qNJWAzd94Zk"
"9ac14c2f-fd49-4bd0-8b0b-ef74d92b41d2","HARV_044.basePlot.ltr","D01","HARV","HARV_044","HARV_044_815","2016-11-21","2016-10-31","2016-11-14","2016-11-18T13:06Z","2016-11-21T20:00Z","NEON.LTR.HARV044815.20161114","NEON.LTR.HARV044815.20161114.WDY","NEON.DOC.001710vE","Woody material",0.005,"N",NA,"9/lkABCL2n4b6r19n9Zi1qNJWAzd94Zk"
"fd848f79-6abf-4459-964e-3cecdd70e90c","HARV_044.basePlot.ltr","D01","HARV","HARV_044","HARV_044_815","2016-11-21","2016-10-31","2016-11-14","2016-11-18T13:06Z","2016-11-21T20:00Z","NEON.LTR.HARV044815.20161114","NEON.LTR.HARV044815.20161114.NDL","NEON.DOC.001710vE","Needles",0.03,"N",NA,"9/lkABCL2n4b6r19n9Zi1qNJWAzd94Zk"
"aa919bbd-4629-4810-ba91-dcaa14c6dee4","HARV_050.basePlot.ltr","D01","HARV","HARV_050","HARV_050_043","2016-11-21","2016-10-31","2016-11-14","2016-11-18T13:06Z","2016-11-21T20:00Z","NEON.LTR.HARV050043.20161114","NEON.LTR.HARV050043.20161114.FLR","NEON.DOC.001710vE","Flowers",0.07,"N",NA,"9/lkABCL2n4b6r19n9Zi1qNJWAzd94Zk"
"be243a4c-275a-4de9-afee-565dd1308243","HARV_050.basePlot.ltr","D01","HARV","HARV_050","HARV_050_043","2016-11-21","2016-10-31","2016-11-14","2016-11-18T13:06Z","2016-11-21T20:00Z","NEON.LTR.HARV050043.20161114","NEON.LTR.HARV050043.20161114.SDS","NEON.DOC.001710vE","Seeds",0.01,"N",NA,"9/lkABCL2n4b6r19n9Zi1qNJWAzd94Zk"
"ea888944-96a1-4d04-bf11-bd4bbbf86646","HARV_044.basePlot.ltr","D01","HARV","HARV_044","HARV_044_815","2016-11-21","2016-10-31","2016-11-14","2016-11-18T13:06Z","2016-11-21T20:00Z","NEON.LTR.HARV044815.20161114","NEON.LTR.HARV044815.20161114.SDS","NEON.DOC.001710vE","Seeds",0.06,"N",NA,"9/lkABCL2n4b6r19n9Zi1qNJWAzd94Zk"
"83018408-cf45-4a37-ab62-61536ca14069","HARV_050.basePlot.ltr","D01","HARV","HARV_050","HARV_050_043","2016-11-21","2016-10-31","2016-11-14","2016-11-18T13:06Z","2016-11-21T20:00Z","NEON.LTR.HARV050043.20161114","NEON.LTR.HARV050043.20161114.WDY","NEON.DOC.001710vE","Woody material",0.005,"N",NA,"9/lkABCL2n4b6r19n9Zi1qNJWAzd94Zk"
"34624706-0a04-4595-b4ca-9d752c749800","HARV_044.basePlot.ltr","D01","HARV","HARV_044","HARV_044_815","2016-11-21","2016-10-31","2016-11-14","2016-11-18T13:06Z","2016-11-21T20:00Z","NEON.LTR.HARV044815.20161114","NEON.LTR.HARV044815.20161114.TWI","NEON.DOC.001710vE","Twigs/branches",0.1,"N",NA,"9/lkABCL2n4b6r19n9Zi1qNJWAzd94Zk"
"a8456488-b1f5-4975-b073-4b2739deb033","HARV_037.basePlot.ltr","D01","HARV","HARV_037","HARV_037_849","2016-11-21","2016-10-31","2016-11-14","2016-11-18T13:06Z","2016-11-21T20:00Z","NEON.LTR.HARV037849.20161114","NEON.LTR.HARV037849.20161114.FLR","NEON.DOC.001710vE","Flowers",0.01,"N",NA,"9/lkABCL2n4b6r19n9Zi1qNJWAzd94Zk"
"32cad193-9c21-4bbf-9c57-f2db4f780a88","HARV_033.basePlot.ltr","D01","HARV","HARV_033","HARV_033_397","2016-11-21","2016-10-31","2016-11-14","2016-11-18T13:06Z","2016-11-21T20:00Z","NEON.LTR.HARV033397.20161114","NEON.LTR.HARV033397.20161114.FLR","NEON.DOC.001710vE","Flowers",0.01,"N",NA,"9/lkABCL2n4b6r19n9Zi1qNJWAzd94Zk"
"bd5e47b6-84d9-466b-9127-ce1c2a82dc93","HARV_037.basePlot.ltr","D01","HARV","HARV_037","HARV_037_849","2016-11-21","2016-10-31","2016-11-14","2016-11-18T13:06Z","2016-11-21T20:00Z","NEON.LTR.HARV037849.20161114","NEON.LTR.HARV037849.20161114.WDY","NEON.DOC.001710vE","Woody material",0.45,"N",NA,"9/lkABCL2n4b6r19n9Zi1qNJWAzd94Zk"
"b9334203-a5f8-4a93-b258-4612ab9bd3fe","HARV_033.basePlot.ltr","D01","HARV","HARV_033","HARV_033_397","2016-11-21","2016-10-31","2016-11-14","2016-11-18T13:06Z","2016-11-21T20:00Z","NEON.LTR.HARV033397.20161114","NEON.LTR.HARV033397.20161114.OTH","NEON.DOC.001710vE","Other",0.2,"N",NA,"9/lkABCL2n4b6r19n9Zi1qNJWAzd94Zk"
"9b1206c0-f2fe-4710-82d6-458334e04c93","HARV_037.basePlot.ltr","D01","HARV","HARV_037","HARV_037_849","2016-11-21","2016-10-31","2016-11-14","2016-11-18T13:06Z","2016-11-21T20:00Z","NEON.LTR.HARV037849.20161114","NEON.LTR.HARV037849.20161114.SDS","NEON.DOC.001710vE","Seeds",0.1,"N",NA,"9/lkABCL2n4b6r19n9Zi1qNJWAzd94Zk"
"0ae6cb0a-afc0-41b7-b26f-47e4f6f79ab5","HARV_033.basePlot.ltr","D01","HARV","HARV_033","HARV_033_397","2016-11-21","2016-10-31","2016-11-14","2016-11-18T13:06Z","2016-11-21T20:00Z","NEON.LTR.HARV033397.20161114","NEON.LTR.HARV033397.20161114.TWI","NEON.DOC.001710vE","Twigs/branches",0.38,"N",NA,"9/lkABCL2n4b6r19n9Zi1qNJWAzd94Zk"
"97471c9b-47d0-4904-a549-771e62b89e82","HARV_033.basePlot.ltr","D01","HARV","HARV_033","HARV_033_397","2016-11-21","2016-10-31","2016-11-14","2016-11-18T13:06Z","2016-11-21T20:00Z","NEON.LTR.HARV033397.20161114","NEON.LTR.HARV033397.20161114.WDY","NEON.DOC.001710vE","Woody material",9.09,"N",NA,"9/lkABCL2n4b6r19n9Zi1qNJWAzd94Zk"
"d451e26a-b0c5-4c50-8332-74e2ee591711","HARV_033.basePlot.ltr","D01","HARV","HARV_033","HARV_033_397","2016-11-21","2016-10-31","2016-11-14","2016-11-18T13:06Z","2016-11-21T20:00Z","NEON.LTR.HARV033397.20161114","NEON.LTR.HARV033397.20161114.LVS","NEON.DOC.001710vE","Leaves",49.59,"N",NA,"9/lkABCL2n4b6r19n9Zi1qNJWAzd94Zk"
"8829aafe-9ef7-4618-8c02-cc1fe5f3a141","HARV_033.basePlot.ltr","D01","HARV","HARV_033","HARV_033_397","2016-11-21","2016-10-31","2016-11-14","2016-11-18T13:06Z","2016-11-21T20:00Z","NEON.LTR.HARV033397.20161114","NEON.LTR.HARV033397.20161114.SDS","NEON.DOC.001710vE","Seeds",0,"N",NA,"9/lkABCL2n4b6r19n9Zi1qNJWAzd94Zk"
"e1131d87-7c2a-4a6a-bee0-81b129ec0d0a","HARV_037.basePlot.ltr","D01","HARV","HARV_037","HARV_037_849","2016-11-21","2016-10-31","2016-11-14","2016-11-18T13:06Z","2016-11-21T20:00Z","NEON.LTR.HARV037849.20161114","NEON.LTR.HARV037849.20161114.TWI","NEON.DOC.001710vE","Twigs/branches",0.69,"N",NA,"9/lkABCL2n4b6r19n9Zi1qNJWAzd94Zk"
"4df442e1-6b6d-4266-aeae-3d85f6b6ab68","HARV_050.basePlot.ltr","D01","HARV","HARV_050","HARV_050_043","2016-11-21","2016-10-31","2016-11-14","2016-11-18T13:06Z","2016-11-21T20:00Z","NEON.LTR.HARV050043.20161114","NEON.LTR.HARV050043.20161114.NDL","NEON.DOC.001710vE","Needles",0.42,"N",NA,"9/lkABCL2n4b6r19n9Zi1qNJWAzd94Zk"
"b4f70719-acd0-44f8-ab7c-63cf6fef07a2","HARV_037.basePlot.ltr","D01","HARV","HARV_037","HARV_037_849","2016-11-21","2016-10-31","2016-11-14","2016-11-18T13:06Z","2016-11-21T20:00Z","NEON.LTR.HARV037849.20161114","NEON.LTR.HARV037849.20161114.OTH","NEON.DOC.001710vE","Other",0.11,"N",NA,"9/lkABCL2n4b6r19n9Zi1qNJWAzd94Zk"
"c3c6fce6-95c3-4c5a-ab99-2f76a53884b6","HARV_037.basePlot.ltr","D01","HARV","HARV_037","HARV_037_849","2016-11-21","2016-10-31","2016-11-14","2016-11-18T13:06Z","2016-11-21T20:00Z","NEON.LTR.HARV037849.20161114","NEON.LTR.HARV037849.20161114.NDL","NEON.DOC.001710vE","Needles",2.39,"N",NA,"9/lkABCL2n4b6r19n9Zi1qNJWAzd94Zk"
"752e4a66-195a-41c5-bdc4-89e706ac8481","HARV_050.basePlot.ltr","D01","HARV","HARV_050","HARV_050_043","2016-11-21","2016-10-31","2016-11-14","2016-11-18T13:06Z","2016-11-21T20:00Z","NEON.LTR.HARV050043.20161114","NEON.LTR.HARV050043.20161114.TWI","NEON.DOC.001710vE","Twigs/branches",0.58,"Y",NA,"9/lkABCL2n4b6r19n9Zi1qNJWAzd94Zk"
"8778e433-5c5f-48cd-b587-03520ea77db5","HARV_037.basePlot.ltr","D01","HARV","HARV_037","HARV_037_849","2016-11-21","2016-10-31","2016-11-14","2016-11-18T13:06Z","2016-11-21T20:00Z","NEON.LTR.HARV037849.20161114","NEON.LTR.HARV037849.20161114.LVS","NEON.DOC.001710vE","Leaves",1.17,"N",NA,"9/lkABCL2n4b6r19n9Zi1qNJWAzd94Zk"
"2b8a7e52-4aff-4cba-afa7-7da4d0fd07ae","HARV_033.basePlot.ltr","D01","HARV","HARV_033","HARV_033_397","2016-11-21","2016-10-31","2016-11-14","2016-11-18T13:06Z","2016-11-21T20:00Z","NEON.LTR.HARV033397.20161114","NEON.LTR.HARV033397.20161114.NDL","NEON.DOC.001710vE","Needles",2.99,"N",NA,"9/lkABCL2n4b6r19n9Zi1qNJWAzd94Zk"
"549b4669-5fe3-4fed-8925-d078e0d90e3b","HARV_050.basePlot.ltr","D01","HARV","HARV_050","HARV_050_043","2016-11-21","2016-10-31","2016-11-14","2016-11-18T13:06Z","2016-11-21T20:00Z","NEON.LTR.HARV050043.20161114","NEON.LTR.HARV050043.20161114.LVS","NEON.DOC.001710vE","Leaves",24.51,"N",NA,"9/lkABCL2n4b6r19n9Zi1qNJWAzd94Zk"
"948de95c-7377-4dc2-bfd1-d87947eb87ee","HARV_050.basePlot.ltr","D01","HARV","HARV_050","HARV_050_947","2016-11-21","2016-10-31","2016-11-14","2016-11-18T13:06Z","2016-11-21T20:00Z","NEON.LTR.HARV050947.20161114","NEON.LTR.HARV050947.20161114.SDS","NEON.DOC.001710vE","Seeds",0.01,"N",NA,"9/lkABCL2n4b6r19n9Zi1qNJWAzd94Zk"
"2c6f5107-7887-484c-a06f-c1ea3d39303e","HARV_050.basePlot.ltr","D01","HARV","HARV_050","HARV_050_947","2016-11-21","2016-10-31","2016-11-14","2016-11-18T13:06Z","2016-11-21T20:00Z","NEON.LTR.HARV050947.20161114","NEON.LTR.HARV050947.20161114.WDY","NEON.DOC.001710vE","Woody material",0,"N",NA,"9/lkABCL2n4b6r19n9Zi1qNJWAzd94Zk"
"a76d985a-865b-4fea-b7af-8db49c3da6bd","HARV_050.basePlot.ltr","D01","HARV","HARV_050","HARV_050_947","2016-11-21","2016-10-31","2016-11-14","2016-11-18T13:06Z","2016-11-21T20:00Z","NEON.LTR.HARV050947.20161114","NEON.LTR.HARV050947.20161114.NDL","NEON.DOC.001710vE","Needles",0.96,"N",NA,"9/lkABCL2n4b6r19n9Zi1qNJWAzd94Zk"
"724d8493-6768-4272-b6d6-56738e62b792","HARV_050.basePlot.ltr","D01","HARV","HARV_050","HARV_050_947","2016-11-21","2016-10-31","2016-11-14","2016-11-18T13:06Z","2016-11-21T20:00Z","NEON.LTR.HARV050947.20161114","NEON.LTR.HARV050947.20161114.LVS","NEON.DOC.001710vE","Leaves",5.89,"N",NA,"9/lkABCL2n4b6r19n9Zi1qNJWAzd94Zk"
"acb42c4d-61ca-4edb-a9da-51a1e9ad0dd3","HARV_050.basePlot.ltr","D01","HARV","HARV_050","HARV_050_947","2016-11-21","2016-10-31","2016-11-14","2016-11-18T13:06Z","2016-11-21T20:00Z","NEON.LTR.HARV050947.20161114","NEON.LTR.HARV050947.20161114.FLR","NEON.DOC.001710vE","Flowers",0.005,"N",NA,"9/lkABCL2n4b6r19n9Zi1qNJWAzd94Zk"
"60752bed-aac9-438d-99af-4d250688889b","HARV_050.basePlot.ltr","D01","HARV","HARV_050","HARV_050_947","2016-11-21","2016-10-31","2016-11-14","2016-11-18T13:06Z","2016-11-21T20:00Z","NEON.LTR.HARV050947.20161114","NEON.LTR.HARV050947.20161114.OTH","NEON.DOC.001710vE","Other",0.09,"N",NA,"9/lkABCL2n4b6r19n9Zi1qNJWAzd94Zk"
"ae9cb030-dc82-491b-a36a-b1b176006a1f","HARV_050.basePlot.ltr","D01","HARV","HARV_050","HARV_050_947","2016-11-21","2016-10-31","2016-11-14","2016-11-18T13:06Z","2016-11-21T20:00Z","NEON.LTR.HARV050947.20161114","NEON.LTR.HARV050947.20161114.TWI","NEON.DOC.001710vE","Twigs/branches",0.09,"N",NA,"9/lkABCL2n4b6r19n9Zi1qNJWAzd94Zk"
"01e7b773-3e5b-4487-99b2-9598ea0b464c","HARV_043.basePlot.ltr","D01","HARV","HARV_043","HARV_043_007","2016-11-21","2016-10-31","2016-11-14","2016-11-18T13:06Z","2016-11-21T20:00Z","NEON.LTR.HARV043007.20161114","NEON.LTR.HARV043007.20161114.WDY","NEON.DOC.001710vE","Woody material",0.04,"N",NA,"9/lkABCL2n4b6r19n9Zi1qNJWAzd94Zk"
"bcdcdb53-eb58-4239-87ba-cf901e72f3fb","HARV_043.basePlot.ltr","D01","HARV","HARV_043","HARV_043_007","2016-11-21","2016-10-31","2016-11-14","2016-11-18T13:06Z","2016-11-21T20:00Z","NEON.LTR.HARV043007.20161114","NEON.LTR.HARV043007.20161114.OTH","NEON.DOC.001710vE","Other",0.11,"N",NA,"9/lkABCL2n4b6r19n9Zi1qNJWAzd94Zk"
"651fd609-5596-41e0-860a-96186ee3fca6","HARV_043.basePlot.ltr","D01","HARV","HARV_043","HARV_043_007","2016-11-21","2016-10-31","2016-11-14","2016-11-18T13:06Z","2016-11-21T20:00Z","NEON.LTR.HARV043007.20161114","NEON.LTR.HARV043007.20161114.FLR","NEON.DOC.001710vE","Flowers",0.05,"N",NA,"9/lkABCL2n4b6r19n9Zi1qNJWAzd94Zk"
"5c328556-f900-427d-9663-f022454bacf8","HARV_043.basePlot.ltr","D01","HARV","HARV_043","HARV_043_007","2016-11-21","2016-10-31","2016-11-14","2016-11-18T13:06Z","2016-11-21T20:00Z","NEON.LTR.HARV043007.20161114","NEON.LTR.HARV043007.20161114.LVS","NEON.DOC.001710vE","Leaves",20.66,"N",NA,"9/lkABCL2n4b6r19n9Zi1qNJWAzd94Zk"
"9c67c1ce-0ea4-4f6e-9b72-c2ca1244d020","HARV_043.basePlot.ltr","D01","HARV","HARV_043","HARV_043_007","2016-11-21","2016-10-31","2016-11-14","2016-11-18T13:06Z","2016-11-21T20:00Z","NEON.LTR.HARV043007.20161114","NEON.LTR.HARV043007.20161114.SDS","NEON.DOC.001710vE","Seeds",0.04,"N",NA,"9/lkABCL2n4b6r19n9Zi1qNJWAzd94Zk"
"6fbd77fe-61b0-4b60-a9e2-dbeae71a2272","HARV_043.basePlot.ltr","D01","HARV","HARV_043","HARV_043_007","2016-11-21","2016-10-31","2016-11-14","2016-11-18T13:06Z","2016-11-21T20:00Z","NEON.LTR.HARV043007.20161114","NEON.LTR.HARV043007.20161114.TWI","NEON.DOC.001710vE","Twigs/branches",0.77,"Y",NA,"9/lkABCL2n4b6r19n9Zi1qNJWAzd94Zk"
"798a8b87-02d0-4056-8b54-180fc575e337","HARV_043.basePlot.ltr","D01","HARV","HARV_043","HARV_043_007","2016-11-21","2016-10-31","2016-11-14","2016-11-18T13:06Z","2016-11-21T20:00Z","NEON.LTR.HARV043007.20161114","NEON.LTR.HARV043007.20161114.NDL","NEON.DOC.001710vE","Needles",1.49,"N",NA,"9/lkABCL2n4b6r19n9Zi1qNJWAzd94Zk"
"aef3a789-4acd-4d7b-af08-d1f5751b6ac7","HARV_051.basePlot.ltr","D01","HARV","HARV_051","HARV_051_701","2016-11-21","2016-10-31","2016-11-14","2016-11-18T13:06Z","2016-11-21T20:00Z","NEON.LTR.HARV051701.20161114","NEON.LTR.HARV051701.20161114.TWI","NEON.DOC.001710vE","Twigs/branches",0.13,"N",NA,"9/lkABCL2n4b6r19n9Zi1qNJWAzd94Zk"
"e7f2c212-bc1a-4441-8424-6f12cab8ef66","HARV_051.basePlot.ltr","D01","HARV","HARV_051","HARV_051_701","2016-11-21","2016-10-31","2016-11-14","2016-11-18T13:06Z","2016-11-21T20:00Z","NEON.LTR.HARV051701.20161114","NEON.LTR.HARV051701.20161114.LVS","NEON.DOC.001710vE","Leaves",49.69,"N",NA,"9/lkABCL2n4b6r19n9Zi1qNJWAzd94Zk"
"9d2f31f4-78c7-4cd2-8dc8-aeb8f05f3ea4","HARV_051.basePlot.ltr","D01","HARV","HARV_051","HARV_051_701","2016-11-21","2016-10-31","2016-11-14","2016-11-18T13:06Z","2016-11-21T20:00Z","NEON.LTR.HARV051701.20161114","NEON.LTR.HARV051701.20161114.FLR","NEON.DOC.001710vE","Flowers",0.01,"N",NA,"9/lkABCL2n4b6r19n9Zi1qNJWAzd94Zk"
"f1c5a7cd-57a0-4c8f-bbb7-1a066acd599e","HARV_051.basePlot.ltr","D01","HARV","HARV_051","HARV_051_701","2016-11-21","2016-10-31","2016-11-14","2016-11-18T13:06Z","2016-11-21T20:00Z","NEON.LTR.HARV051701.20161114","NEON.LTR.HARV051701.20161114.OTH","NEON.DOC.001710vE","Other",0.1,"N",NA,"9/lkABCL2n4b6r19n9Zi1qNJWAzd94Zk"
"1a2cc650-dd26-4b9b-b8c8-f350434a234f","HARV_051.basePlot.ltr","D01","HARV","HARV_051","HARV_051_701","2016-11-21","2016-10-31","2016-11-14","2016-11-18T13:06Z","2016-11-21T20:00Z","NEON.LTR.HARV051701.20161114","NEON.LTR.HARV051701.20161114.SDS","NEON.DOC.001710vE","Seeds",4.25,"N",NA,"9/lkABCL2n4b6r19n9Zi1qNJWAzd94Zk"
"23d7ada8-0ba0-4a32-ba5c-6a5c7f67da6b","HARV_051.basePlot.ltr","D01","HARV","HARV_051","HARV_051_701","2016-11-21","2016-10-31","2016-11-14","2016-11-18T13:06Z","2016-11-21T20:00Z","NEON.LTR.HARV051701.20161114","NEON.LTR.HARV051701.20161114.NDL","NEON.DOC.001710vE","Needles",0.32,"N",NA,"9/lkABCL2n4b6r19n9Zi1qNJWAzd94Zk"
"ae072712-a9d3-4bfa-872c-a95a3075f2fe","HARV_051.basePlot.ltr","D01","HARV","HARV_051","HARV_051_701","2016-11-21","2016-10-31","2016-11-14","2016-11-18T13:06Z","2016-11-21T20:00Z","NEON.LTR.HARV051701.20161114","NEON.LTR.HARV051701.20161114.WDY","NEON.DOC.001710vE","Woody material",0.89,"N",NA,"9/lkABCL2n4b6r19n9Zi1qNJWAzd94Zk"
"69c968ad-df76-4629-be2e-a054da255b83","HARV_035.basePlot.ltr","D01","HARV","HARV_035","HARV_035_120","2016-11-21","2016-10-31","2016-11-14","2016-11-18T13:06Z","2016-11-21T20:00Z","NEON.LTR.HARV035120.20161114","NEON.LTR.HARV035120.20161114.TWI","NEON.DOC.001710vE","Twigs/branches",0.3,"Y",NA,"9/lkABCL2n4b6r19n9Zi1qNJWAzd94Zk"
"eee5de9b-5c13-426b-942b-004237ed4627","HARV_035.basePlot.ltr","D01","HARV","HARV_035","HARV_035_120","2016-11-21","2016-10-31","2016-11-14","2016-11-18T13:06Z","2016-11-21T20:00Z","NEON.LTR.HARV035120.20161114","NEON.LTR.HARV035120.20161114.OTH","NEON.DOC.001710vE","Other",0.1,"N",NA,"9/lkABCL2n4b6r19n9Zi1qNJWAzd94Zk"
"5addda8c-cec0-42f7-ba68-9b597b6cdf28","HARV_035.basePlot.ltr","D01","HARV","HARV_035","HARV_035_120","2016-11-21","2016-10-31","2016-11-14","2016-11-18T13:06Z","2016-11-21T20:00Z","NEON.LTR.HARV035120.20161114","NEON.LTR.HARV035120.20161114.NDL","NEON.DOC.001710vE","Needles",0.5,"Y",NA,"9/lkABCL2n4b6r19n9Zi1qNJWAzd94Zk"
"1586f8c4-86f9-4c64-9e5e-bcc8b6c822a1","HARV_035.basePlot.ltr","D01","HARV","HARV_035","HARV_035_120","2016-11-21","2016-10-31","2016-11-14","2016-11-18T13:06Z","2016-11-21T20:00Z","NEON.LTR.HARV035120.20161114","NEON.LTR.HARV035120.20161114.WDY","NEON.DOC.001710vE","Woody material",0,"N",NA,"9/lkABCL2n4b6r19n9Zi1qNJWAzd94Zk"
"9b132935-3608-448f-b044-caaed5380f60","HARV_035.basePlot.ltr","D01","HARV","HARV_035","HARV_035_120","2016-11-21","2016-10-31","2016-11-14","2016-11-18T13:06Z","2016-11-21T20:00Z","NEON.LTR.HARV035120.20161114","NEON.LTR.HARV035120.20161114.LVS","NEON.DOC.001710vE","Leaves",11.67,"N",NA,"9/lkABCL2n4b6r19n9Zi1qNJWAzd94Zk"
"db2973b9-6309-4908-8734-55fb63d866c3","HARV_035.basePlot.ltr","D01","HARV","HARV_035","HARV_035_120","2016-11-21","2016-10-31","2016-11-14","2016-11-18T13:06Z","2016-11-21T20:00Z","NEON.LTR.HARV035120.20161114","NEON.LTR.HARV035120.20161114.SDS","NEON.DOC.001710vE","Seeds",0.01,"N",NA,"9/lkABCL2n4b6r19n9Zi1qNJWAzd94Zk"
"dc4ec079-ec67-400c-9d01-dc39db40976d","HARV_035.basePlot.ltr","D01","HARV","HARV_035","HARV_035_120","2016-11-21","2016-10-31","2016-11-14","2016-11-18T13:06Z","2016-11-21T20:00Z","NEON.LTR.HARV035120.20161114","NEON.LTR.HARV035120.20161114.FLR","NEON.DOC.001710vE","Flowers",0,"N",NA,"9/lkABCL2n4b6r19n9Zi1qNJWAzd94Zk"
"aa14af0e-c611-4403-81d3-3d4e9a90e81e","HARV_047.basePlot.ltr","D01","HARV","HARV_047","HARV_047_947","2016-11-21","2016-10-31","2016-11-14","2016-11-18T13:06Z","2016-11-21T20:00Z","NEON.LTR.HARV047947.20161114","NEON.LTR.HARV047947.20161114.OTH","NEON.DOC.001710vE","Other",0.04,"N",NA,"9/lkABCL2n4b6r19n9Zi1qNJWAzd94Zk"
"1667b388-670e-405b-8bbd-fafe3b1b6f73","HARV_047.basePlot.ltr","D01","HARV","HARV_047","HARV_047_947","2016-11-21","2016-10-31","2016-11-14","2016-11-18T13:06Z","2016-11-21T20:00Z","NEON.LTR.HARV047947.20161114","NEON.LTR.HARV047947.20161114.TWI","NEON.DOC.001710vE","Twigs/branches",0.005,"N",NA,"9/lkABCL2n4b6r19n9Zi1qNJWAzd94Zk"
"7fae8d62-cd3d-46e9-a9fa-733bd33363d0","HARV_047.basePlot.ltr","D01","HARV","HARV_047","HARV_047_947","2016-11-21","2016-10-31","2016-11-14","2016-11-18T13:06Z","2016-11-21T20:00Z","NEON.LTR.HARV047947.20161114","NEON.LTR.HARV047947.20161114.SDS","NEON.DOC.001710vE","Seeds",0.15,"N",NA,"9/lkABCL2n4b6r19n9Zi1qNJWAzd94Zk"
"cd242a52-479b-4e82-9e43-68917fe1746d","HARV_047.basePlot.ltr","D01","HARV","HARV_047","HARV_047_947","2016-11-21","2016-10-31","2016-11-14","2016-11-18T13:06Z","2016-11-21T20:00Z","NEON.LTR.HARV047947.20161114","NEON.LTR.HARV047947.20161114.WDY","NEON.DOC.001710vE","Woody material",0.005,"N",NA,"9/lkABCL2n4b6r19n9Zi1qNJWAzd94Zk"
"61b5ed9a-1058-438a-baaf-9c45677d4d78","HARV_047.basePlot.ltr","D01","HARV","HARV_047","HARV_047_947","2016-11-21","2016-10-31","2016-11-14","2016-11-18T13:06Z","2016-11-21T20:00Z","NEON.LTR.HARV047947.20161114","NEON.LTR.HARV047947.20161114.LVS","NEON.DOC.001710vE","Leaves",11.74,"N",NA,"9/lkABCL2n4b6r19n9Zi1qNJWAzd94Zk"
"c566f842-964a-463a-aaca-2155d9baab73","HARV_047.basePlot.ltr","D01","HARV","HARV_047","HARV_047_947","2016-11-21","2016-10-31","2016-11-14","2016-11-18T13:06Z","2016-11-21T20:00Z","NEON.LTR.HARV047947.20161114","NEON.LTR.HARV047947.20161114.FLR","NEON.DOC.001710vE","Flowers",0.005,"N",NA,"9/lkABCL2n4b6r19n9Zi1qNJWAzd94Zk"
"ea7344bc-d4f2-4676-be2f-fa943ee814ed","HARV_047.basePlot.ltr","D01","HARV","HARV_047","HARV_047_947","2016-11-21","2016-10-31","2016-11-14","2016-11-18T13:06Z","2016-11-21T20:00Z","NEON.LTR.HARV047947.20161114","NEON.LTR.HARV047947.20161114.NDL","NEON.DOC.001710vE","Needles",0.005,"N",NA,"9/lkABCL2n4b6r19n9Zi1qNJWAzd94Zk"
"bdf9aaae-78bc-4d62-a895-0cff674ad654","HARV_052.basePlot.ltr","D01","HARV","HARV_052","HARV_052_314","2016-11-21","2016-10-31","2016-11-14","2016-11-18T13:06Z","2016-11-21T20:00Z","NEON.LTR.HARV052314.20161114","NEON.LTR.HARV052314.20161114.LVS","NEON.DOC.001710vE","Leaves",5.64,"N",NA,"9/lkABCL2n4b6r19n9Zi1qNJWAzd94Zk"
"ab8afbf0-50d2-4e1c-ad9d-a18a6138ccae","HARV_052.basePlot.ltr","D01","HARV","HARV_052","HARV_052_902","2016-11-21","2016-10-31","2016-11-14","2016-11-18T13:06Z","2016-11-21T20:00Z","NEON.LTR.HARV052902.20161114","NEON.LTR.HARV052902.20161114.OTH","NEON.DOC.001710vE","Other",0.69,"Y",NA,"9/lkABCL2n4b6r19n9Zi1qNJWAzd94Zk"
"7e810e15-25c0-4a87-ab78-04a9d5e2b6c7","HARV_052.basePlot.ltr","D01","HARV","HARV_052","HARV_052_902","2016-11-21","2016-10-31","2016-11-14","2016-11-18T13:06Z","2016-11-21T20:00Z","NEON.LTR.HARV052902.20161114","NEON.LTR.HARV052902.20161114.WDY","NEON.DOC.001710vE","Woody material",0.58,"N",NA,"9/lkABCL2n4b6r19n9Zi1qNJWAzd94Zk"
"197b22c0-9c86-480f-a860-941d8f8080b5","HARV_052.basePlot.ltr","D01","HARV","HARV_052","HARV_052_314","2016-11-21","2016-10-31","2016-11-14","2016-11-18T13:06Z","2016-11-21T20:00Z","NEON.LTR.HARV052314.20161114","NEON.LTR.HARV052314.20161114.TWI","NEON.DOC.001710vE","Twigs/branches",0.34,"N",NA,"9/lkABCL2n4b6r19n9Zi1qNJWAzd94Zk"
"5a0d3dd0-03dc-44fc-9144-9567208fc4a6","HARV_052.basePlot.ltr","D01","HARV","HARV_052","HARV_052_314","2016-11-21","2016-10-31","2016-11-14","2016-11-18T13:06Z","2016-11-21T20:00Z","NEON.LTR.HARV052314.20161114","NEON.LTR.HARV052314.20161114.SDS","NEON.DOC.001710vE","Seeds",0.07,"N",NA,"9/lkABCL2n4b6r19n9Zi1qNJWAzd94Zk"
"ced8e179-d25a-4029-9197-2414777f8473","HARV_052.basePlot.ltr","D01","HARV","HARV_052","HARV_052_314","2016-11-21","2016-10-31","2016-11-14","2016-11-18T13:06Z","2016-11-21T20:00Z","NEON.LTR.HARV052314.20161114","NEON.LTR.HARV052314.20161114.OTH","NEON.DOC.001710vE","Other",0.23,"N",NA,"9/lkABCL2n4b6r19n9Zi1qNJWAzd94Zk"
"66c9536f-f68b-4df0-92b1-df65bbad2358","HARV_052.basePlot.ltr","D01","HARV","HARV_052","HARV_052_902","2016-11-21","2016-10-31","2016-11-14","2016-11-18T13:06Z","2016-11-21T20:00Z","NEON.LTR.HARV052902.20161114","NEON.LTR.HARV052902.20161114.TWI","NEON.DOC.001710vE","Twigs/branches",1.12,"N",NA,"9/lkABCL2n4b6r19n9Zi1qNJWAzd94Zk"
"df1df775-0bb3-4b1f-99ce-ca7a84a7eee6","HARV_052.basePlot.ltr","D01","HARV","HARV_052","HARV_052_902","2016-11-21","2016-10-31","2016-11-14","2016-11-18T13:06Z","2016-11-21T20:00Z","NEON.LTR.HARV052902.20161114","NEON.LTR.HARV052902.20161114.FLR","NEON.DOC.001710vE","Flowers",0.01,"N",NA,"9/lkABCL2n4b6r19n9Zi1qNJWAzd94Zk"
"021518c1-66a9-4e45-9ede-bf1b657c5984","HARV_052.basePlot.ltr","D01","HARV","HARV_052","HARV_052_902","2016-11-21","2016-10-31","2016-11-14","2016-11-18T13:06Z","2016-11-21T20:00Z","NEON.LTR.HARV052902.20161114","NEON.LTR.HARV052902.20161114.LVS","NEON.DOC.001710vE","Leaves",9.56,"N",NA,"9/lkABCL2n4b6r19n9Zi1qNJWAzd94Zk"
"614f3880-b3df-4d53-a624-3ac4b03913fd","HARV_052.basePlot.ltr","D01","HARV","HARV_052","HARV_052_902","2016-11-21","2016-10-31","2016-11-14","2016-11-18T13:06Z","2016-11-21T20:00Z","NEON.LTR.HARV052902.20161114","NEON.LTR.HARV052902.20161114.NDL","NEON.DOC.001710vE","Needles",2.25,"N",NA,"9/lkABCL2n4b6r19n9Zi1qNJWAzd94Zk"
"4c1db2c4-c5e1-4ab5-953b-883008bdc7e5","HARV_052.basePlot.ltr","D01","HARV","HARV_052","HARV_052_314","2016-11-21","2016-10-31","2016-11-14","2016-11-18T13:06Z","2016-11-21T20:00Z","NEON.LTR.HARV052314.20161114","NEON.LTR.HARV052314.20161114.NDL","NEON.DOC.001710vE","Needles",10.2,"N",NA,"9/lkABCL2n4b6r19n9Zi1qNJWAzd94Zk"
"6b28cca1-3dc0-4e87-88cd-4eca9ee078c3","HARV_052.basePlot.ltr","D01","HARV","HARV_052","HARV_052_314","2016-11-21","2016-10-31","2016-11-14","2016-11-18T13:06Z","2016-11-21T20:00Z","NEON.LTR.HARV052314.20161114","NEON.LTR.HARV052314.20161114.WDY","NEON.DOC.001710vE","Woody material",0.89,"N",NA,"9/lkABCL2n4b6r19n9Zi1qNJWAzd94Zk"
"61e0cdb5-a60d-4283-962b-08ff51dc7e30","HARV_052.basePlot.ltr","D01","HARV","HARV_052","HARV_052_314","2016-11-21","2016-10-31","2016-11-14","2016-11-18T13:06Z","2016-11-21T20:00Z","NEON.LTR.HARV052314.20161114","NEON.LTR.HARV052314.20161114.FLR","NEON.DOC.001710vE","Flowers",0.005,"N",NA,"9/lkABCL2n4b6r19n9Zi1qNJWAzd94Zk"
"0f38b30e-b4bd-4e82-9d75-90b5c59f76de","HARV_052.basePlot.ltr","D01","HARV","HARV_052","HARV_052_902","2016-11-21","2016-10-31","2016-11-14","2016-11-18T13:06Z","2016-11-21T20:00Z","NEON.LTR.HARV052902.20161114","NEON.LTR.HARV052902.20161114.SDS","NEON.DOC.001710vE","Seeds",0.15,"N",NA,"9/lkABCL2n4b6r19n9Zi1qNJWAzd94Zk"
"af55a2aa-2201-4a2c-8d03-7d828f41365f","HARV_039.basePlot.ltr","D01","HARV","HARV_039","HARV_039_660","2016-11-21","2016-10-31","2016-11-14","2016-11-18T13:06Z","2016-11-21T20:00Z","NEON.LTR.HARV039660.20161114","NEON.LTR.HARV039660.20161114.SDS","NEON.DOC.001710vE","Seeds",0.005,"N",NA,"9/lkABCL2n4b6r19n9Zi1qNJWAzd94Zk"
"ee60e5ae-0e7b-4d83-abc8-a7af1c36d7a8","HARV_039.basePlot.ltr","D01","HARV","HARV_039","HARV_039_660","2016-11-21","2016-10-31","2016-11-14","2016-11-18T13:06Z","2016-11-21T20:00Z","NEON.LTR.HARV039660.20161114","NEON.LTR.HARV039660.20161114.FLR","NEON.DOC.001710vE","Flowers",0.06,"N",NA,"9/lkABCL2n4b6r19n9Zi1qNJWAzd94Zk"
"4919250d-7183-4af8-bcec-6c4be0ed1b82","HARV_039.basePlot.ltr","D01","HARV","HARV_039","HARV_039_660","2016-11-21","2016-10-31","2016-11-14","2016-11-18T13:06Z","2016-11-21T20:00Z","NEON.LTR.HARV039660.20161114","NEON.LTR.HARV039660.20161114.OTH","NEON.DOC.001710vE","Other",0.26,"N",NA,"9/lkABCL2n4b6r19n9Zi1qNJWAzd94Zk"
"ffaad7e5-607b-4c92-84c2-45a529f9faac","HARV_039.basePlot.ltr","D01","HARV","HARV_039","HARV_039_660","2016-11-21","2016-10-31","2016-11-14","2016-11-18T13:06Z","2016-11-21T20:00Z","NEON.LTR.HARV039660.20161114","NEON.LTR.HARV039660.20161114.TWI","NEON.DOC.001710vE","Twigs/branches",0.12,"N",NA,"9/lkABCL2n4b6r19n9Zi1qNJWAzd94Zk"
"325c0158-bb7d-489a-8c8b-a817ee731879","HARV_039.basePlot.ltr","D01","HARV","HARV_039","HARV_039_660","2016-11-21","2016-10-31","2016-11-14","2016-11-18T13:06Z","2016-11-21T20:00Z","NEON.LTR.HARV039660.20161114","NEON.LTR.HARV039660.20161114.WDY","NEON.DOC.001710vE","Woody material",1.41,"N",NA,"9/lkABCL2n4b6r19n9Zi1qNJWAzd94Zk"
"b2f42147-508c-47e3-a0cc-b1aa2aac1573","HARV_034.basePlot.ltr","D01","HARV","HARV_034","HARV_034_371","2016-11-21","2016-10-31","2016-11-14","2016-11-18T13:06Z","2016-11-21T20:00Z","NEON.LTR.HARV034371.20161114","NEON.LTR.HARV034371.20161114.NDL","NEON.DOC.001710vE","Needles",5.72,"N",NA,"9/lkABCL2n4b6r19n9Zi1qNJWAzd94Zk"
"8d07a7a8-349b-43df-b2f5-6203e2a0895f","HARV_041.basePlot.ltr","D01","HARV","HARV_041","HARV_041_264","2016-11-21","2016-10-31","2016-11-14","2016-11-18T13:06Z","2016-11-21T20:00Z","NEON.LTR.HARV041264.20161114","NEON.LTR.HARV041264.20161114.WDY","NEON.DOC.001710vE","Woody material",0.91,"N",NA,"9/lkABCL2n4b6r19n9Zi1qNJWAzd94Zk"
"479ec761-1c7d-4eed-b9b5-a5a457c1c148","HARV_041.basePlot.ltr","D01","HARV","HARV_041","HARV_041_264","2016-11-21","2016-10-31","2016-11-14","2016-11-18T13:06Z","2016-11-21T20:00Z","NEON.LTR.HARV041264.20161114","NEON.LTR.HARV041264.20161114.TWI","NEON.DOC.001710vE","Twigs/branches",0.81,"Y",NA,"9/lkABCL2n4b6r19n9Zi1qNJWAzd94Zk"
"afcab70c-36e7-462a-99b7-8c4e207302ed","HARV_034.basePlot.ltr","D01","HARV","HARV_034","HARV_034_371","2016-11-21","2016-10-31","2016-11-14","2016-11-18T13:06Z","2016-11-21T20:00Z","NEON.LTR.HARV034371.20161114","NEON.LTR.HARV034371.20161114.FLR","NEON.DOC.001710vE","Flowers",0.01,"N",NA,"9/lkABCL2n4b6r19n9Zi1qNJWAzd94Zk"
"ffef1d31-8e8c-4399-ba7a-eeab9ff7d37c","HARV_041.basePlot.ltr","D01","HARV","HARV_041","HARV_041_264","2016-11-21","2016-10-31","2016-11-14","2016-11-18T13:06Z","2016-11-21T20:00Z","NEON.LTR.HARV041264.20161114","NEON.LTR.HARV041264.20161114.LVS","NEON.DOC.001710vE","Leaves",1.63,"Y",NA,"9/lkABCL2n4b6r19n9Zi1qNJWAzd94Zk"
"32d4fc76-6c60-4786-9a08-3efbbcc5783b","HARV_034.basePlot.ltr","D01","HARV","HARV_034","HARV_034_371","2016-11-21","2016-10-31","2016-11-14","2016-11-18T13:06Z","2016-11-21T20:00Z","NEON.LTR.HARV034371.20161114","NEON.LTR.HARV034371.20161114.TWI","NEON.DOC.001710vE","Twigs/branches",0.07,"N",NA,"9/lkABCL2n4b6r19n9Zi1qNJWAzd94Zk"
"c75689c8-8696-4b06-afb6-977e3e2b0aad","HARV_041.basePlot.ltr","D01","HARV","HARV_041","HARV_041_264","2016-11-21","2016-10-31","2016-11-14","2016-11-18T13:06Z","2016-11-21T20:00Z","NEON.LTR.HARV041264.20161114","NEON.LTR.HARV041264.20161114.SDS","NEON.DOC.001710vE","Seeds",0.06,"N",NA,"9/lkABCL2n4b6r19n9Zi1qNJWAzd94Zk"
"46dee97b-cd65-4879-b32e-6b8d086978d5","HARV_034.basePlot.ltr","D01","HARV","HARV_034","HARV_034_371","2016-11-21","2016-10-31","2016-11-14","2016-11-18T13:06Z","2016-11-21T20:00Z","NEON.LTR.HARV034371.20161114","NEON.LTR.HARV034371.20161114.SDS","NEON.DOC.001710vE","Seeds",0.01,"N",NA,"9/lkABCL2n4b6r19n9Zi1qNJWAzd94Zk"
"6ae3eb38-361e-448a-9d56-dcb12fd56e74","HARV_039.basePlot.ltr","D01","HARV","HARV_039","HARV_039_660","2016-11-21","2016-10-31","2016-11-14","2016-11-18T13:06Z","2016-11-21T20:00Z","NEON.LTR.HARV039660.20161114","NEON.LTR.HARV039660.20161114.LVS","NEON.DOC.001710vE","Leaves",40.05,"N",NA,"9/lkABCL2n4b6r19n9Zi1qNJWAzd94Zk"
"5d2339b6-6719-4ea9-b507-4fe5644933d9","HARV_041.basePlot.ltr","D01","HARV","HARV_041","HARV_041_264","2016-11-21","2016-10-31","2016-11-14","2016-11-18T13:06Z","2016-11-21T20:00Z","NEON.LTR.HARV041264.20161114","NEON.LTR.HARV041264.20161114.FLR","NEON.DOC.001710vE","Flowers",0.01,"N",NA,"9/lkABCL2n4b6r19n9Zi1qNJWAzd94Zk"
"677363c6-627c-45ae-b162-eb551ef211aa","HARV_041.basePlot.ltr","D01","HARV","HARV_041","HARV_041_264","2016-11-21","2016-10-31","2016-11-14","2016-11-18T13:06Z","2016-11-21T20:00Z","NEON.LTR.HARV041264.20161114","NEON.LTR.HARV041264.20161114.OTH","NEON.DOC.001710vE","Other",0.93,"N",NA,"9/lkABCL2n4b6r19n9Zi1qNJWAzd94Zk"
"6a9635b7-ca37-4f07-8639-2d1a3c734967","HARV_034.basePlot.ltr","D01","HARV","HARV_034","HARV_034_371","2016-11-21","2016-10-31","2016-11-14","2016-11-18T13:06Z","2016-11-21T20:00Z","NEON.LTR.HARV034371.20161114","NEON.LTR.HARV034371.20161114.LVS","NEON.DOC.001710vE","Leaves",6.49,"Y",NA,"9/lkABCL2n4b6r19n9Zi1qNJWAzd94Zk"
"6d80cadb-2925-4a01-8414-65ea85999c84","HARV_041.basePlot.ltr","D01","HARV","HARV_041","HARV_041_264","2016-11-21","2016-10-31","2016-11-14","2016-11-18T13:06Z","2016-11-21T20:00Z","NEON.LTR.HARV041264.20161114","NEON.LTR.HARV041264.20161114.NDL","NEON.DOC.001710vE","Needles",6.36,"N",NA,"9/lkABCL2n4b6r19n9Zi1qNJWAzd94Zk"
"2a9bc27d-c6f5-45a3-94d0-adafbaed3ea4","HARV_039.basePlot.ltr","D01","HARV","HARV_039","HARV_039_660","2016-11-21","2016-10-31","2016-11-14","2016-11-18T13:06Z","2016-11-21T20:00Z","NEON.LTR.HARV039660.20161114","NEON.LTR.HARV039660.20161114.NDL","NEON.DOC.001710vE","Needles",2.9,"N",NA,"9/lkABCL2n4b6r19n9Zi1qNJWAzd94Zk"
"7c8763b7-3faf-4177-9e32-440887dd3793","HARV_034.basePlot.ltr","D01","HARV","HARV_034","HARV_034_371","2016-11-21","2016-10-31","2016-11-14","2016-11-18T13:06Z","2016-11-21T20:00Z","NEON.LTR.HARV034371.20161114","NEON.LTR.HARV034371.20161114.OTH","NEON.DOC.001710vE","Other",0.11,"N",NA,"9/lkABCL2n4b6r19n9Zi1qNJWAzd94Zk"
"69b4bb03-e335-42b3-9014-1f2901e510a8","HARV_034.basePlot.ltr","D01","HARV","HARV_034","HARV_034_371","2016-11-21","2016-10-31","2016-11-14","2016-11-18T13:06Z","2016-11-21T20:00Z","NEON.LTR.HARV034371.20161114","NEON.LTR.HARV034371.20161114.WDY","NEON.DOC.001710vE","Woody material",1.44,"N",NA,"9/lkABCL2n4b6r19n9Zi1qNJWAzd94Zk"
"c91ef03e-d1ec-421e-905a-1c140cbbe235","HARV_036.basePlot.ltr","D01","HARV","HARV_036","HARV_036_167","2016-11-21","2016-10-31","2016-11-14","2016-11-18T13:06Z","2016-11-21T20:00Z","NEON.LTR.HARV036167.20161114","NEON.LTR.HARV036167.20161114.LVS","NEON.DOC.001710vE","Leaves",47,"N",NA,"9/lkABCL2n4b6r19n9Zi1qNJWAzd94Zk"
"cf9121d1-103b-4418-b314-569c85697f4e","HARV_036.basePlot.ltr","D01","HARV","HARV_036","HARV_036_167","2016-11-21","2016-10-31","2016-11-14","2016-11-18T13:06Z","2016-11-21T20:00Z","NEON.LTR.HARV036167.20161114","NEON.LTR.HARV036167.20161114.SDS","NEON.DOC.001710vE","Seeds",21.12,"N",NA,"9/lkABCL2n4b6r19n9Zi1qNJWAzd94Zk"
"3efed94f-019b-4c6c-8c96-4209f5b8c0f8","HARV_036.basePlot.ltr","D01","HARV","HARV_036","HARV_036_167","2016-11-21","2016-10-31","2016-11-14","2016-11-18T13:06Z","2016-11-21T20:00Z","NEON.LTR.HARV036167.20161114","NEON.LTR.HARV036167.20161114.TWI","NEON.DOC.001710vE","Twigs/branches",1.47,"N",NA,"9/lkABCL2n4b6r19n9Zi1qNJWAzd94Zk"
"344f14bd-980a-420a-946e-6de701e73808","HARV_036.basePlot.ltr","D01","HARV","HARV_036","HARV_036_167","2016-11-21","2016-10-31","2016-11-14","2016-11-18T13:06Z","2016-11-21T20:00Z","NEON.LTR.HARV036167.20161114","NEON.LTR.HARV036167.20161114.OTH","NEON.DOC.001710vE","Other",0.09,"N",NA,"9/lkABCL2n4b6r19n9Zi1qNJWAzd94Zk"
"3983bd39-1b88-48f9-bf0d-7c67d12e9309","HARV_036.basePlot.ltr","D01","HARV","HARV_036","HARV_036_167","2016-11-21","2016-10-31","2016-11-14","2016-11-18T13:06Z","2016-11-21T20:00Z","NEON.LTR.HARV036167.20161114","NEON.LTR.HARV036167.20161114.FLR","NEON.DOC.001710vE","Flowers",0.02,"N",NA,"9/lkABCL2n4b6r19n9Zi1qNJWAzd94Zk"
"821da098-5328-439e-8bb5-652c71b4aae1","HARV_036.basePlot.ltr","D01","HARV","HARV_036","HARV_036_167","2016-11-21","2016-10-31","2016-11-14","2016-11-18T13:06Z","2016-11-21T20:00Z","NEON.LTR.HARV036167.20161114","NEON.LTR.HARV036167.20161114.WDY","NEON.DOC.001710vE","Woody material",0.005,"N",NA,"9/lkABCL2n4b6r19n9Zi1qNJWAzd94Zk"
"a109bd24-53d4-4706-bf19-91fc5d980e28","HARV_036.basePlot.ltr","D01","HARV","HARV_036","HARV_036_167","2016-11-21","2016-10-31","2016-11-14","2016-11-18T13:06Z","2016-11-21T20:00Z","NEON.LTR.HARV036167.20161114","NEON.LTR.HARV036167.20161114.NDL","NEON.DOC.001710vE","Needles",0.39,"N",NA,"9/lkABCL2n4b6r19n9Zi1qNJWAzd94Zk"
"b9bc8a55-75e3-42b8-b626-74ecd3930ea8","HARV_038.basePlot.ltr","D01","HARV","HARV_038","HARV_038_543","2016-11-21","2016-10-31","2016-11-14","2016-11-18T13:06Z","2016-11-21T20:00Z","NEON.LTR.HARV038543.20161114","NEON.LTR.HARV038543.20161114.SDS","NEON.DOC.001710vE","Seeds",0.005,"Y",NA,"9/lkABCL2n4b6r19n9Zi1qNJWAzd94Zk"
"f14f0080-f052-4dde-b3e8-5b635dd8490a","HARV_038.basePlot.ltr","D01","HARV","HARV_038","HARV_038_543","2016-11-21","2016-10-31","2016-11-14","2016-11-18T13:06Z","2016-11-21T20:00Z","NEON.LTR.HARV038543.20161114","NEON.LTR.HARV038543.20161114.TWI","NEON.DOC.001710vE","Twigs/branches",0.58,"N",NA,"9/lkABCL2n4b6r19n9Zi1qNJWAzd94Zk"
"a7621ae6-a329-46eb-8ff6-55f7c4db1402","HARV_038.basePlot.ltr","D01","HARV","HARV_038","HARV_038_543","2016-11-21","2016-10-31","2016-11-14","2016-11-18T13:06Z","2016-11-21T20:00Z","NEON.LTR.HARV038543.20161114","NEON.LTR.HARV038543.20161114.FLR","NEON.DOC.001710vE","Flowers",0.005,"N",NA,"9/lkABCL2n4b6r19n9Zi1qNJWAzd94Zk"
"d231238d-2a69-4650-a2a5-bddac66648c3","HARV_038.basePlot.ltr","D01","HARV","HARV_038","HARV_038_543","2016-11-21","2016-10-31","2016-11-14","2016-11-18T13:06Z","2016-11-21T20:00Z","NEON.LTR.HARV038543.20161114","NEON.LTR.HARV038543.20161114.OTH","NEON.DOC.001710vE","Other",0.09,"N",NA,"9/lkABCL2n4b6r19n9Zi1qNJWAzd94Zk"
"ea8c154c-b050-4e46-8fd2-800313287a39","HARV_038.basePlot.ltr","D01","HARV","HARV_038","HARV_038_543","2016-11-21","2016-10-31","2016-11-14","2016-11-18T13:06Z","2016-11-21T20:00Z","NEON.LTR.HARV038543.20161114","NEON.LTR.HARV038543.20161114.WDY","NEON.DOC.001710vE","Woody material",0.14,"N",NA,"9/lkABCL2n4b6r19n9Zi1qNJWAzd94Zk"
"c8ea11de-ced9-4b48-852b-e4090ac82701","HARV_038.basePlot.ltr","D01","HARV","HARV_038","HARV_038_543","2016-11-21","2016-10-31","2016-11-14","2016-11-18T13:06Z","2016-11-21T20:00Z","NEON.LTR.HARV038543.20161114","NEON.LTR.HARV038543.20161114.LVS","NEON.DOC.001710vE","Leaves",12.1,"N",NA,"9/lkABCL2n4b6r19n9Zi1qNJWAzd94Zk"
"8186ba60-c0c7-498a-ba68-1edaaa0a292c","HARV_038.basePlot.ltr","D01","HARV","HARV_038","HARV_038_543","2016-11-21","2016-10-31","2016-11-14","2016-11-18T13:06Z","2016-11-21T20:00Z","NEON.LTR.HARV038543.20161114","NEON.LTR.HARV038543.20161114.NDL","NEON.DOC.001710vE","Needles",0.62,"N",NA,"9/lkABCL2n4b6r19n9Zi1qNJWAzd94Zk"
"ff01d719-d7b3-42ed-9e55-01f066b8836d","HARV_033.basePlot.ltr","D01","HARV","HARV_033","HARV_033_209","2016-11-21","2016-10-31","2016-11-14","2016-11-18T13:06Z","2016-11-21T20:00Z","NEON.LTR.HARV033209.20161114","NEON.LTR.HARV033209.20161114.LVS","NEON.DOC.001710vE","Leaves",56,"N",NA,"9/lkABCL2n4b6r19n9Zi1qNJWAzd94Zk"
"6204070a-1615-417a-bfa2-93cf29292de3","HARV_033.basePlot.ltr","D01","HARV","HARV_033","HARV_033_209","2016-11-21","2016-10-31","2016-11-14","2016-11-18T13:06Z","2016-11-21T20:00Z","NEON.LTR.HARV033209.20161114","NEON.LTR.HARV033209.20161114.OTH","NEON.DOC.001710vE","Other",0.08,"N",NA,"9/lkABCL2n4b6r19n9Zi1qNJWAzd94Zk"
"c1bcad84-b764-49ac-a96f-c357cd30e35d","HARV_033.basePlot.ltr","D01","HARV","HARV_033","HARV_033_209","2016-11-21","2016-10-31","2016-11-14","2016-11-18T13:06Z","2016-11-21T20:00Z","NEON.LTR.HARV033209.20161114","NEON.LTR.HARV033209.20161114.SDS","NEON.DOC.001710vE","Seeds",0.005,"N",NA,"9/lkABCL2n4b6r19n9Zi1qNJWAzd94Zk"
"0d74f76d-e07d-41a7-8843-170a84aa98db","HARV_033.basePlot.ltr","D01","HARV","HARV_033","HARV_033_209","2016-11-21","2016-10-31","2016-11-14","2016-11-18T13:06Z","2016-11-21T20:00Z","NEON.LTR.HARV033209.20161114","NEON.LTR.HARV033209.20161114.NDL","NEON.DOC.001710vE","Needles",0.54,"N",NA,"9/lkABCL2n4b6r19n9Zi1qNJWAzd94Zk"
"524c557e-50c5-47a9-871a-0f402391aa36","HARV_033.basePlot.ltr","D01","HARV","HARV_033","HARV_033_209","2016-11-21","2016-10-31","2016-11-14","2016-11-18T13:06Z","2016-11-21T20:00Z","NEON.LTR.HARV033209.20161114","NEON.LTR.HARV033209.20161114.FLR","NEON.DOC.001710vE","Flowers",0.005,"N",NA,"9/lkABCL2n4b6r19n9Zi1qNJWAzd94Zk"
"4c6d3c46-e4f0-42ba-854a-7008faa9bda8","HARV_033.basePlot.ltr","D01","HARV","HARV_033","HARV_033_209","2016-11-21","2016-10-31","2016-11-14","2016-11-18T13:06Z","2016-11-21T20:00Z","NEON.LTR.HARV033209.20161114","NEON.LTR.HARV033209.20161114.WDY","NEON.DOC.001710vE","Woody material",0.11,"N",NA,"9/lkABCL2n4b6r19n9Zi1qNJWAzd94Zk"
"897f3eb7-8ec5-4ca0-8eae-ecfa56fa46f2","HARV_033.basePlot.ltr","D01","HARV","HARV_033","HARV_033_209","2016-11-21","2016-10-31","2016-11-14","2016-11-18T13:06Z","2016-11-21T20:00Z","NEON.LTR.HARV033209.20161114","NEON.LTR.HARV033209.20161114.TWI","NEON.DOC.001710vE","Twigs/branches",0.005,"N",NA,"9/lkABCL2n4b6r19n9Zi1qNJWAzd94Zk"
"248ac4a7-36b8-45b4-b4cb-1010327d965f","HARV_048.basePlot.ltr","D01","HARV","HARV_048","HARV_048_701","2016-11-21","2016-10-31","2016-11-14","2016-11-18T13:06Z","2016-11-21T20:00Z","NEON.LTR.HARV048701.20161114","NEON.LTR.HARV048701.20161114.SDS","NEON.DOC.001710vE","Seeds",1.37,"N",NA,"9/lkABCL2n4b6r19n9Zi1qNJWAzd94Zk"
"2b92e8ab-8199-47b7-a160-566083e277b9","HARV_048.basePlot.ltr","D01","HARV","HARV_048","HARV_048_701","2016-11-21","2016-10-31","2016-11-14","2016-11-18T13:06Z","2016-11-21T20:00Z","NEON.LTR.HARV048701.20161114","NEON.LTR.HARV048701.20161114.LVS","NEON.DOC.001710vE","Leaves",35.13,"Y",NA,"9/lkABCL2n4b6r19n9Zi1qNJWAzd94Zk"
"d5ecf46e-1522-4e79-bd81-fd108a46f233","HARV_048.basePlot.ltr","D01","HARV","HARV_048","HARV_048_701","2016-11-21","2016-10-31","2016-11-14","2016-11-18T13:06Z","2016-11-21T20:00Z","NEON.LTR.HARV048701.20161114","NEON.LTR.HARV048701.20161114.FLR","NEON.DOC.001710vE","Flowers",0.04,"N",NA,"9/lkABCL2n4b6r19n9Zi1qNJWAzd94Zk"
"ffed4a8a-f856-41b4-b6e6-2413eacee49b","HARV_048.basePlot.ltr","D01","HARV","HARV_048","HARV_048_701","2016-11-21","2016-10-31","2016-11-14","2016-11-18T13:06Z","2016-11-21T20:00Z","NEON.LTR.HARV048701.20161114","NEON.LTR.HARV048701.20161114.WDY","NEON.DOC.001710vE","Woody material",0.01,"N",NA,"9/lkABCL2n4b6r19n9Zi1qNJWAzd94Zk"
"83206f92-eaf4-4f8d-8f1b-cc3dbfbb840b","HARV_048.basePlot.ltr","D01","HARV","HARV_048","HARV_048_701","2016-11-21","2016-10-31","2016-11-14","2016-11-18T13:06Z","2016-11-21T20:00Z","NEON.LTR.HARV048701.20161114","NEON.LTR.HARV048701.20161114.OTH","NEON.DOC.001710vE","Other",0.04,"N",NA,"9/lkABCL2n4b6r19n9Zi1qNJWAzd94Zk"
"bed98653-33d9-4454-9bca-7afe96329d83","HARV_048.basePlot.ltr","D01","HARV","HARV_048","HARV_048_701","2016-11-21","2016-10-31","2016-11-14","2016-11-18T13:06Z","2016-11-21T20:00Z","NEON.LTR.HARV048701.20161114","NEON.LTR.HARV048701.20161114.NDL","NEON.DOC.001710vE","Needles",0.57,"N",NA,"9/lkABCL2n4b6r19n9Zi1qNJWAzd94Zk"
"ed510340-19e7-4711-83eb-eaf796cfdbfb","HARV_048.basePlot.ltr","D01","HARV","HARV_048","HARV_048_701","2016-11-21","2016-10-31","2016-11-14","2016-11-18T13:06Z","2016-11-21T20:00Z","NEON.LTR.HARV048701.20161114","NEON.LTR.HARV048701.20161114.TWI","NEON.DOC.001710vE","Twigs/branches",0.68,"N",NA,"9/lkABCL2n4b6r19n9Zi1qNJWAzd94Zk"
"954b1b70-fbf9-4ab7-b672-9ec68c25d809","HARV_039.basePlot.ltr","D01","HARV","HARV_039","HARV_039_872","2016-11-21","2016-10-31","2016-11-14","2016-11-18T13:06Z","2016-11-21T20:00Z","NEON.LTR.HARV039872.20161114","NEON.LTR.HARV039872.20161114.LVS","NEON.DOC.001710vE","Leaves",58.17,"N",NA,"9/lkABCL2n4b6r19n9Zi1qNJWAzd94Zk"
"005907e1-2d77-4e23-acc2-88f6da06fc42","HARV_039.basePlot.ltr","D01","HARV","HARV_039","HARV_039_872","2016-11-21","2016-10-31","2016-11-14","2016-11-18T13:06Z","2016-11-21T20:00Z","NEON.LTR.HARV039872.20161114","NEON.LTR.HARV039872.20161114.SDS","NEON.DOC.001710vE","Seeds",0.03,"N",NA,"9/lkABCL2n4b6r19n9Zi1qNJWAzd94Zk"
"bcacaa86-a4d5-464d-9829-3f0d4d0ba01e","HARV_039.basePlot.ltr","D01","HARV","HARV_039","HARV_039_872","2016-11-21","2016-10-31","2016-11-14","2016-11-18T13:06Z","2016-11-21T20:00Z","NEON.LTR.HARV039872.20161114","NEON.LTR.HARV039872.20161114.OTH","NEON.DOC.001710vE","Other",0.1,"N",NA,"9/lkABCL2n4b6r19n9Zi1qNJWAzd94Zk"
"4f275251-3a03-466d-b71d-50791da7850b","HARV_039.basePlot.ltr","D01","HARV","HARV_039","HARV_039_872","2016-11-21","2016-10-31","2016-11-14","2016-11-18T13:06Z","2016-11-21T20:00Z","NEON.LTR.HARV039872.20161114","NEON.LTR.HARV039872.20161114.TWI","NEON.DOC.001710vE","Twigs/branches",0.13,"N",NA,"9/lkABCL2n4b6r19n9Zi1qNJWAzd94Zk"
"d2cf4328-1148-42c1-955b-e6282fc301bd","HARV_039.basePlot.ltr","D01","HARV","HARV_039","HARV_039_872","2016-11-21","2016-10-31","2016-11-14","2016-11-18T13:06Z","2016-11-21T20:00Z","NEON.LTR.HARV039872.20161114","NEON.LTR.HARV039872.20161114.FLR","NEON.DOC.001710vE","Flowers",0,"N",NA,"9/lkABCL2n4b6r19n9Zi1qNJWAzd94Zk"
"805b52d0-635f-48b1-a147-4b6c6b364953","HARV_039.basePlot.ltr","D01","HARV","HARV_039","HARV_039_872","2016-11-21","2016-10-31","2016-11-14","2016-11-18T13:06Z","2016-11-21T20:00Z","NEON.LTR.HARV039872.20161114","NEON.LTR.HARV039872.20161114.NDL","NEON.DOC.001710vE","Needles",0.57,"N",NA,"9/lkABCL2n4b6r19n9Zi1qNJWAzd94Zk"
"f463e120-502b-4c58-98af-80f109909b06","HARV_039.basePlot.ltr","D01","HARV","HARV_039","HARV_039_872","2016-11-21","2016-10-31","2016-11-14","2016-11-18T13:06Z","2016-11-21T20:00Z","NEON.LTR.HARV039872.20161114","NEON.LTR.HARV039872.20161114.WDY","NEON.DOC.001710vE","Woody material",0.01,"N",NA,"9/lkABCL2n4b6r19n9Zi1qNJWAzd94Zk"
"552e1871-2d1f-4498-bf71-a8e9564e36fa","HARV_040.basePlot.ltr","D01","HARV","HARV_040","HARV_040_849","2016-11-21","2016-10-31","2016-11-14","2016-11-18T13:06Z","2016-11-21T20:00Z","NEON.LTR.HARV040849.20161114","NEON.LTR.HARV040849.20161114.WDY","NEON.DOC.001710vE","Woody material",0.005,"N",NA,"9/lkABCL2n4b6r19n9Zi1qNJWAzd94Zk"
"60233674-6418-4dbd-b253-550197b560bf","HARV_040.basePlot.ltr","D01","HARV","HARV_040","HARV_040_849","2016-11-21","2016-10-31","2016-11-14","2016-11-18T13:06Z","2016-11-21T20:00Z","NEON.LTR.HARV040849.20161114","NEON.LTR.HARV040849.20161114.LVS","NEON.DOC.001710vE","Leaves",2.96,"N",NA,"9/lkABCL2n4b6r19n9Zi1qNJWAzd94Zk"
"0972897a-f92e-4bc0-b046-935353acded7","HARV_040.basePlot.ltr","D01","HARV","HARV_040","HARV_040_849","2016-11-21","2016-10-31","2016-11-14","2016-11-18T13:06Z","2016-11-21T20:00Z","NEON.LTR.HARV040849.20161114","NEON.LTR.HARV040849.20161114.SDS","NEON.DOC.001710vE","Seeds",0.005,"Y",NA,"9/lkABCL2n4b6r19n9Zi1qNJWAzd94Zk"
"83c7f010-192d-45e1-bc53-b98b4b53c595","HARV_040.basePlot.ltr","D01","HARV","HARV_040","HARV_040_849","2016-11-21","2016-10-31","2016-11-14","2016-11-18T13:06Z","2016-11-21T20:00Z","NEON.LTR.HARV040849.20161114","NEON.LTR.HARV040849.20161114.OTH","NEON.DOC.001710vE","Other",0.01,"N",NA,"9/lkABCL2n4b6r19n9Zi1qNJWAzd94Zk"
"92db13c5-3ad4-46e6-ad7b-cce3407238f2","HARV_040.basePlot.ltr","D01","HARV","HARV_040","HARV_040_849","2016-11-21","2016-10-31","2016-11-14","2016-11-18T13:06Z","2016-11-21T20:00Z","NEON.LTR.HARV040849.20161114","NEON.LTR.HARV040849.20161114.NDL","NEON.DOC.001710vE","Needles",0.06,"N",NA,"9/lkABCL2n4b6r19n9Zi1qNJWAzd94Zk"
"a9552943-446e-47a2-807e-444fcdf5b62c","HARV_040.basePlot.ltr","D01","HARV","HARV_040","HARV_040_849","2016-11-21","2016-10-31","2016-11-14","2016-11-18T13:06Z","2016-11-21T20:00Z","NEON.LTR.HARV040849.20161114","NEON.LTR.HARV040849.20161114.TWI","NEON.DOC.001710vE","Twigs/branches",0.005,"N",NA,"9/lkABCL2n4b6r19n9Zi1qNJWAzd94Zk"
"275a47f4-ca1b-4fa5-aacd-7d3388105c3b","HARV_040.basePlot.ltr","D01","HARV","HARV_040","HARV_040_849","2016-11-21","2016-10-31","2016-11-14","2016-11-18T13:06Z","2016-11-21T20:00Z","NEON.LTR.HARV040849.20161114","NEON.LTR.HARV040849.20161114.FLR","NEON.DOC.001710vE","Flowers",0,"N",NA,"9/lkABCL2n4b6r19n9Zi1qNJWAzd94Zk"
"0bc8cdc3-324a-452a-9400-2ee2e672af10","HARV_046.basePlot.ltr","D01","HARV","HARV_046","HARV_046_204","2016-11-21","2016-11-08","2016-11-14","2016-11-18T13:06Z","2016-11-21T20:00Z","NEON.LTR.HARV046204.20161114","NEON.LTR.HARV046204.20161114.NDL","NEON.DOC.001710vE","Needles",1.93,"N",NA,"9/lkABCL2n4b6r19n9Zi1qNJWAzd94Zk"
"ba732d0c-1212-49ac-a00b-f4000cf147d3","HARV_046.basePlot.ltr","D01","HARV","HARV_046","HARV_046_204","2016-11-21","2016-11-08","2016-11-14","2016-11-18T13:06Z","2016-11-21T20:00Z","NEON.LTR.HARV046204.20161114","NEON.LTR.HARV046204.20161114.TWI","NEON.DOC.001710vE","Twigs/branches",0.15,"N",NA,"9/lkABCL2n4b6r19n9Zi1qNJWAzd94Zk"
"61c2b67b-e87a-4573-a6ee-a1d944576484","HARV_046.basePlot.ltr","D01","HARV","HARV_046","HARV_046_204","2016-11-21","2016-11-08","2016-11-14","2016-11-18T13:06Z","2016-11-21T20:00Z","NEON.LTR.HARV046204.20161114","NEON.LTR.HARV046204.20161114.FLR","NEON.DOC.001710vE","Flowers",0.01,"N",NA,"9/lkABCL2n4b6r19n9Zi1qNJWAzd94Zk"
"c3f72bf9-27f5-4042-afef-9b697f5b7abf","HARV_046.basePlot.ltr","D01","HARV","HARV_046","HARV_046_204","2016-11-21","2016-11-08","2016-11-14","2016-11-18T13:06Z","2016-11-21T20:00Z","NEON.LTR.HARV046204.20161114","NEON.LTR.HARV046204.20161114.SDS","NEON.DOC.001710vE","Seeds",0.005,"N",NA,"9/lkABCL2n4b6r19n9Zi1qNJWAzd94Zk"
"1bc4a775-ea3e-4968-af9f-12939bab7dae","HARV_046.basePlot.ltr","D01","HARV","HARV_046","HARV_046_204","2016-11-21","2016-11-08","2016-11-14","2016-11-18T13:06Z","2016-11-21T20:00Z","NEON.LTR.HARV046204.20161114","NEON.LTR.HARV046204.20161114.WDY","NEON.DOC.001710vE","Woody material",0,"N",NA,"9/lkABCL2n4b6r19n9Zi1qNJWAzd94Zk"
"fb9ee0c7-4d10-40e9-b9f2-bc81c269b2fb","HARV_046.basePlot.ltr","D01","HARV","HARV_046","HARV_046_204","2016-11-21","2016-11-08","2016-11-14","2016-11-18T13:06Z","2016-11-21T20:00Z","NEON.LTR.HARV046204.20161114","NEON.LTR.HARV046204.20161114.LVS","NEON.DOC.001710vE","Leaves",0.005,"Y",NA,"9/lkABCL2n4b6r19n9Zi1qNJWAzd94Zk"
"83f7ab4a-a89d-41e1-8c5e-5b0d95eec156","HARV_046.basePlot.ltr","D01","HARV","HARV_046","HARV_046_204","2016-11-21","2016-11-08","2016-11-14","2016-11-18T13:06Z","2016-11-21T20:00Z","NEON.LTR.HARV046204.20161114","NEON.LTR.HARV046204.20161114.OTH","NEON.DOC.001710vE","Other",0.07,"N",NA,"9/lkABCL2n4b6r19n9Zi1qNJWAzd94Zk"
"10b6f591-4346-40e7-a6ce-ff7789ec355d","HARV_041.basePlot.ltr","D01","HARV","HARV_041","HARV_041_264","2017-03-06","2016-11-14","2017-02-24","2017-03-01T20:30Z","2017-03-07T16:39Z","NEON.LTR.HARV041264.20170224","NEON.LTR.HARV041264.20170224.MXT","NEON.DOC.001710vE","Mixed",7.72,"N",NA,"PDeeglfRpMhcY5NLVbh+bstb6vCqIxGZKgPlDUiyhOM="
"9eb07009-6084-43a1-bac7-d86048571646","HARV_042.basePlot.ltr","D01","HARV","HARV_042","HARV_042_858","2017-03-06","2016-11-14","2017-02-24","2017-03-01T12:30Z","2017-03-07T12:40Z","NEON.LTR.HARV042858.20170224","NEON.LTR.HARV042858.20170224.SDS","NEON.DOC.001710vE","Seeds",0.005,"N",NA,"PDeeglfRpMhcY5NLVbh+bstb6vCqIxGZKgPlDUiyhOM="
"7d9546e2-27bf-46f7-8200-595c2538cb39","HARV_034.basePlot.ltr","D01","HARV","HARV_034","HARV_034_371","2017-03-06","2016-11-14","2017-02-24","2017-03-01T12:30Z","2017-03-07T12:28Z","NEON.LTR.HARV034371.20170224","NEON.LTR.HARV034371.20170224.SDS","NEON.DOC.001710vE","Seeds",0.04,"N",NA,"PDeeglfRpMhcY5NLVbh+bstb6vCqIxGZKgPlDUiyhOM="
"d80c464b-4b53-45d9-b45d-10d177e2b81b","HARV_049.basePlot.ltr","D01","HARV","HARV_049","HARV_049_890","2017-03-06","2016-11-14","2017-02-24","2017-03-01T12:30Z","2017-03-07T15:56Z","NEON.LTR.HARV049890.20170224","NEON.LTR.HARV049890.20170224.OTH","NEON.DOC.001710vE","Other",0.2,"N",NA,"PDeeglfRpMhcY5NLVbh+bstb6vCqIxGZKgPlDUiyhOM="
"99649c52-29e1-4c84-8ccb-3ecb70fa7552","HARV_049.basePlot.ltr","D01","HARV","HARV_049","HARV_049_890","2017-03-06","2016-11-14","2017-02-24","2017-03-01T12:30Z","2017-03-07T16:00Z","NEON.LTR.HARV049890.20170224","NEON.LTR.HARV049890.20170224.MXT","NEON.DOC.001710vE","Mixed",5.08,"N",NA,"PDeeglfRpMhcY5NLVbh+bstb6vCqIxGZKgPlDUiyhOM="
"7166665f-00ef-4de1-8966-9732ed429116","HARV_041.basePlot.ltr","D01","HARV","HARV_041","HARV_041_264","2017-03-06","2016-11-14","2017-02-24","2017-03-01T20:30Z","2017-03-07T16:37Z","NEON.LTR.HARV041264.20170224","NEON.LTR.HARV041264.20170224.OTH","NEON.DOC.001710vE","Other",0.07,"N",NA,"PDeeglfRpMhcY5NLVbh+bstb6vCqIxGZKgPlDUiyhOM="
"4fc8391d-7f59-47f1-8096-0190ce5c15dd","HARV_042.basePlot.ltr","D01","HARV","HARV_042","HARV_042_858","2017-03-06","2016-11-14","2017-02-24","2017-03-01T12:30Z","2017-03-06T17:36Z","NEON.LTR.HARV042858.20170224","NEON.LTR.HARV042858.20170224.TWI","NEON.DOC.001710vE","Twigs/branches",3.51,"Y",NA,"PDeeglfRpMhcY5NLVbh+bstb6vCqIxGZKgPlDUiyhOM="
"08448aeb-6111-46d4-bb85-ab50b34671bd","HARV_034.basePlot.ltr","D01","HARV","HARV_034","HARV_034_371","2017-03-06","2016-11-14","2017-02-24","2017-03-01T12:30Z","2017-03-07T12:31Z","NEON.LTR.HARV034371.20170224","NEON.LTR.HARV034371.20170224.NDL","NEON.DOC.001710vE","Needles",29.77,"N",NA,"PDeeglfRpMhcY5NLVbh+bstb6vCqIxGZKgPlDUiyhOM="
"878e9b47-8674-493f-9cce-f33f4e4c2cc4","HARV_034.basePlot.ltr","D01","HARV","HARV_034","HARV_034_371","2017-03-06","2016-11-14","2017-02-24","2017-03-01T12:30Z","2017-03-07T12:30Z","NEON.LTR.HARV034371.20170224","NEON.LTR.HARV034371.20170224.MXT","NEON.DOC.001710vE","Mixed",5.98,"N",NA,"PDeeglfRpMhcY5NLVbh+bstb6vCqIxGZKgPlDUiyhOM="
"9c080b42-7bd1-4459-9f50-027fb01093b0","HARV_049.basePlot.ltr","D01","HARV","HARV_049","HARV_049_890","2017-03-06","2016-11-14","2017-02-24","2017-03-01T12:30Z","2017-03-07T15:59Z","NEON.LTR.HARV049890.20170224","NEON.LTR.HARV049890.20170224.FLR","NEON.DOC.001710vE","Flowers",0.005,"N",NA,"PDeeglfRpMhcY5NLVbh+bstb6vCqIxGZKgPlDUiyhOM="
"7ddf62b7-6818-4362-87d4-6a8301557655","HARV_042.basePlot.ltr","D01","HARV","HARV_042","HARV_042_858","2017-03-06","2016-11-14","2017-02-24","2017-03-01T12:30Z","2017-03-07T21:11Z","NEON.LTR.HARV042858.20170224","NEON.LTR.HARV042858.20170224.OTH","NEON.DOC.001710vE","Other",0.1,"Y",NA,"PDeeglfRpMhcY5NLVbh+bstb6vCqIxGZKgPlDUiyhOM="
"ea2f0861-7bc4-4952-9fee-f2038ec600fa","HARV_041.basePlot.ltr","D01","HARV","HARV_041","HARV_041_264","2017-03-06","2016-11-14","2017-02-24","2017-03-01T12:30Z","2017-03-06T16:31Z","NEON.LTR.HARV041264.20170224","NEON.LTR.HARV041264.20170224.WDY","NEON.DOC.001710vE","Woody material",5.92,"N",NA,"PDeeglfRpMhcY5NLVbh+bstb6vCqIxGZKgPlDUiyhOM="
"e49b5549-787e-4b28-be28-0224297bd7c8","HARV_041.basePlot.ltr","D01","HARV","HARV_041","HARV_041_264","2017-03-06","2016-11-14","2017-02-24","2017-03-01T20:30Z","2017-03-07T16:36Z","NEON.LTR.HARV041264.20170224","NEON.LTR.HARV041264.20170224.SDS","NEON.DOC.001710vE","Seeds",0.02,"N",NA,"PDeeglfRpMhcY5NLVbh+bstb6vCqIxGZKgPlDUiyhOM="
"92e6cd5f-3683-49f6-91cc-b946ced101e6","HARV_042.basePlot.ltr","D01","HARV","HARV_042","HARV_042_858","2017-03-06","2016-11-14","2017-02-24","2017-03-01T12:30Z","2017-03-07T12:41Z","NEON.LTR.HARV042858.20170224","NEON.LTR.HARV042858.20170224.NDL","NEON.DOC.001710vE","Needles",2.24,"N",NA,"PDeeglfRpMhcY5NLVbh+bstb6vCqIxGZKgPlDUiyhOM="
"afbfa82c-b1c2-4bd8-ae75-c21514f2f6e2","HARV_049.basePlot.ltr","D01","HARV","HARV_049","HARV_049_890","2017-03-06","2016-11-14","2017-02-24","2017-03-01T12:30Z","2017-03-07T16:03Z","NEON.LTR.HARV049890.20170224","NEON.LTR.HARV049890.20170224.SDS","NEON.DOC.001710vE","Seeds",0.04,"N",NA,"PDeeglfRpMhcY5NLVbh+bstb6vCqIxGZKgPlDUiyhOM="
"7a561990-f6fc-475c-aa18-3279358fd5e6","HARV_042.basePlot.ltr","D01","HARV","HARV_042","HARV_042_858","2017-03-06","2016-11-14","2017-02-24","2017-03-01T12:30Z","2017-03-07T12:38Z","NEON.LTR.HARV042858.20170224","NEON.LTR.HARV042858.20170224.MXT","NEON.DOC.001710vE","Mixed",1.54,"N",NA,"PDeeglfRpMhcY5NLVbh+bstb6vCqIxGZKgPlDUiyhOM="
"ec26a139-a2ca-417f-b166-6c352b37f0a6","HARV_042.basePlot.ltr","D01","HARV","HARV_042","HARV_042_858","2017-03-06","2016-11-14","2017-02-24","2017-03-01T12:30Z","2017-03-07T12:37Z","NEON.LTR.HARV042858.20170224","NEON.LTR.HARV042858.20170224.LVS","NEON.DOC.001710vE","Leaves",11.58,"N",NA,"PDeeglfRpMhcY5NLVbh+bstb6vCqIxGZKgPlDUiyhOM="
"93060740-466b-4bb0-b648-f8993fe16bf8","HARV_049.basePlot.ltr","D01","HARV","HARV_049","HARV_049_890","2017-03-06","2016-11-14","2017-02-24","2017-03-01T12:30Z","2017-03-06T18:05Z","NEON.LTR.HARV049890.20170224","NEON.LTR.HARV049890.20170224.WDY","NEON.DOC.001710vE","Woody material",3.29,"N",NA,"PDeeglfRpMhcY5NLVbh+bstb6vCqIxGZKgPlDUiyhOM="
"ee298401-43ef-4320-87c4-0fc48a8a93a5","HARV_041.basePlot.ltr","D01","HARV","HARV_041","HARV_041_264","2017-03-06","2016-11-14","2017-02-24","2017-03-01T20:30Z","2017-03-07T16:38Z","NEON.LTR.HARV041264.20170224","NEON.LTR.HARV041264.20170224.LVS","NEON.DOC.001710vE","Leaves",0.61,"N",NA,"PDeeglfRpMhcY5NLVbh+bstb6vCqIxGZKgPlDUiyhOM="
"3994e1a6-b2c8-43df-a727-0625b38c577c","HARV_049.basePlot.ltr","D01","HARV","HARV_049","HARV_049_890","2017-03-06","2016-11-14","2017-02-24","2017-03-01T12:30Z","2017-03-07T15:57Z","NEON.LTR.HARV049890.20170224","NEON.LTR.HARV049890.20170224.NDL","NEON.DOC.001710vE","Needles",1.91,"N",NA,"PDeeglfRpMhcY5NLVbh+bstb6vCqIxGZKgPlDUiyhOM="
"4ed3ab9a-5712-497f-a3a5-1a252ef0c40e","HARV_034.basePlot.ltr","D01","HARV","HARV_034","HARV_034_371","2017-03-06","2016-11-14","2017-02-24","2017-03-01T12:30Z","2017-03-07T12:33Z","NEON.LTR.HARV034371.20170224","NEON.LTR.HARV034371.20170224.LVS","NEON.DOC.001710vE","Leaves",7.44,"N",NA,"PDeeglfRpMhcY5NLVbh+bstb6vCqIxGZKgPlDUiyhOM="
"303e4193-4167-432a-9259-f1328eb15390","HARV_034.basePlot.ltr","D01","HARV","HARV_034","HARV_034_371","2017-03-06","2016-11-14","2017-02-24","2017-03-01T12:30Z","2017-03-07T12:29Z","NEON.LTR.HARV034371.20170224","NEON.LTR.HARV034371.20170224.OTH","NEON.DOC.001710vE","Other",0.1,"N",NA,"PDeeglfRpMhcY5NLVbh+bstb6vCqIxGZKgPlDUiyhOM="
"359a0673-cd98-4c1b-81b9-1bf109e3f7d3","HARV_034.basePlot.ltr","D01","HARV","HARV_034","HARV_034_371","2017-03-06","2016-11-14","2017-02-24","2017-03-01T12:30Z","2017-03-06T17:57Z","NEON.LTR.HARV034371.20170224","NEON.LTR.HARV034371.20170224.WDY","NEON.DOC.001710vE","Woody material",17.57,"N",NA,"PDeeglfRpMhcY5NLVbh+bstb6vCqIxGZKgPlDUiyhOM="
"1c2a0223-b4e5-49fb-8971-120c280723a9","HARV_034.basePlot.ltr","D01","HARV","HARV_034","HARV_034_371","2017-03-06","2016-11-14","2017-02-24","2017-03-01T12:30Z","2017-03-07T12:27Z","NEON.LTR.HARV034371.20170224","NEON.LTR.HARV034371.20170224.FLR","NEON.DOC.001710vE","Flowers",0.28,"N",NA,"PDeeglfRpMhcY5NLVbh+bstb6vCqIxGZKgPlDUiyhOM="
"b6fdcbe4-c0e5-43ef-b8f2-58c51274a96a","HARV_042.basePlot.ltr","D01","HARV","HARV_042","HARV_042_858","2017-03-06","2016-11-14","2017-02-24","2017-03-01T12:30Z","2017-03-06T17:38Z","NEON.LTR.HARV042858.20170224","NEON.LTR.HARV042858.20170224.WDY","NEON.DOC.001710vE","Woody material",1.11,"N",NA,"PDeeglfRpMhcY5NLVbh+bstb6vCqIxGZKgPlDUiyhOM="
"87121b9c-efda-4cf7-b138-a3804df4d395","HARV_049.basePlot.ltr","D01","HARV","HARV_049","HARV_049_890","2017-03-06","2016-11-14","2017-02-24","2017-03-01T12:30Z","2017-03-07T16:01Z","NEON.LTR.HARV049890.20170224","NEON.LTR.HARV049890.20170224.LVS","NEON.DOC.001710vE","Leaves",0.98,"N",NA,"PDeeglfRpMhcY5NLVbh+bstb6vCqIxGZKgPlDUiyhOM="
"9d788a31-8fb7-43ac-b649-d091552c3944","HARV_042.basePlot.ltr","D01","HARV","HARV_042","HARV_042_858","2017-03-06","2016-11-14","2017-02-24","2017-03-01T12:30Z","2017-03-07T12:42Z","NEON.LTR.HARV042858.20170224","NEON.LTR.HARV042858.20170224.OTH","NEON.DOC.001710vE","Other",0.1,"N",NA,"PDeeglfRpMhcY5NLVbh+bstb6vCqIxGZKgPlDUiyhOM="
"8c938403-fc69-4142-b516-cb6e163caea5","HARV_042.basePlot.ltr","D01","HARV","HARV_042","HARV_042_858","2017-03-06","2016-11-14","2017-02-24","2017-03-01T12:30Z","2017-03-07T12:40Z","NEON.LTR.HARV042858.20170224","NEON.LTR.HARV042858.20170224.FLR","NEON.DOC.001710vE","Flowers",0.02,"N",NA,"PDeeglfRpMhcY5NLVbh+bstb6vCqIxGZKgPlDUiyhOM="
"3090579e-1e8e-471e-8e2c-64baa723b379","HARV_041.basePlot.ltr","D01","HARV","HARV_041","HARV_041_264","2017-03-06","2016-11-14","2017-02-24","2017-03-01T12:30Z","2017-03-07T16:40Z","NEON.LTR.HARV041264.20170224","NEON.LTR.HARV041264.20170224.NDL","NEON.DOC.001710vE","Needles",5.32,"N",NA,"PDeeglfRpMhcY5NLVbh+bstb6vCqIxGZKgPlDUiyhOM="
"a3a8d929-832d-4361-a825-9d8b5974b659","HARV_042.basePlot.ltr","D01","HARV","HARV_042","HARV_042_858","2017-03-06","2016-11-14","2017-02-24","2017-03-01T12:30Z","2017-03-07T21:11Z","NEON.LTR.HARV042858.20170224","NEON.LTR.HARV042858.20170224.TWI","NEON.DOC.001710vE","Twigs/branches",3.52,"Y",NA,"PDeeglfRpMhcY5NLVbh+bstb6vCqIxGZKgPlDUiyhOM="
"60bf8abb-77e0-4832-8de0-d63d306ef54e","HARV_034.basePlot.ltr","D01","HARV","HARV_034","HARV_034_371","2017-03-06","2016-11-14","2017-02-24","2017-03-01T12:30Z","2017-03-06T17:55Z","NEON.LTR.HARV034371.20170224","NEON.LTR.HARV034371.20170224.TWI","NEON.DOC.001710vE","Twigs/branches",17.71,"N",NA,"PDeeglfRpMhcY5NLVbh+bstb6vCqIxGZKgPlDUiyhOM="
"8d3c9a8c-ab1f-4e74-a950-b6b222ad05b9","HARV_041.basePlot.ltr","D01","HARV","HARV_041","HARV_041_264","2017-03-06","2016-11-14","2017-02-24","2017-03-01T12:30Z","2017-03-06T16:32Z","NEON.LTR.HARV041264.20170224","NEON.LTR.HARV041264.20170224.TWI","NEON.DOC.001710vE","Twigs/branches",12.5,"N",NA,"PDeeglfRpMhcY5NLVbh+bstb6vCqIxGZKgPlDUiyhOM="
"71e8e486-18b3-45b9-b224-a07c52f66f05","HARV_041.basePlot.ltr","D01","HARV","HARV_041","HARV_041_264","2017-03-06","2016-11-14","2017-02-24","2017-03-01T20:30Z","2017-03-07T16:35Z","NEON.LTR.HARV041264.20170224","NEON.LTR.HARV041264.20170224.FLR","NEON.DOC.001710vE","Flowers",0.14,"N",NA,"PDeeglfRpMhcY5NLVbh+bstb6vCqIxGZKgPlDUiyhOM="
"4e8b99ce-c3ea-48e1-961f-b7c5b92e95cb","HARV_049.basePlot.ltr","D01","HARV","HARV_049","HARV_049_890","2017-03-06","2016-11-14","2017-02-24","2017-03-01T12:30Z","2017-03-06T18:06Z","NEON.LTR.HARV049890.20170224","NEON.LTR.HARV049890.20170224.TWI","NEON.DOC.001710vE","Twigs/branches",27.11,"N",NA,"PDeeglfRpMhcY5NLVbh+bstb6vCqIxGZKgPlDUiyhOM="
"7ba6f68c-ea96-414c-bcf9-f8bfa17d1aab","HARV_044.basePlot.ltr","D01","HARV","HARV_044","HARV_044_815","2017-03-06","2016-11-14","2017-02-24","2017-03-01T12:30Z","2017-03-07T13:49Z","NEON.LTR.HARV044815.20170224","NEON.LTR.HARV044815.20170224.MXT","NEON.DOC.001710vE","Mixed",0.42,"N",NA,"PDeeglfRpMhcY5NLVbh+bstb6vCqIxGZKgPlDUiyhOM="
"1d297f1f-3d4a-4280-ad43-47a71e0fb688","HARV_042.basePlot.ltr","D01","HARV","HARV_042","HARV_042_699","2017-03-06","2016-11-14","2017-02-24","2017-03-01T12:30Z","2017-03-07T15:12Z","NEON.LTR.HARV042699.20170224","NEON.LTR.HARV042699.20170224.SDS","NEON.DOC.001710vE","Seeds",0,"N",NA,"PDeeglfRpMhcY5NLVbh+bstb6vCqIxGZKgPlDUiyhOM="
"d7075a1f-f7b1-4e08-bc61-d48f9aa2401d","HARV_048.basePlot.ltr","D01","HARV","HARV_048","HARV_048_701","2017-03-06","2016-11-14","2017-02-24","2017-03-01T12:30Z","2017-03-07T21:11Z","NEON.LTR.HARV048701.20170224","NEON.LTR.HARV048701.20170224.FLR","NEON.DOC.001710vE","Flowers",0.06,"Y",NA,"PDeeglfRpMhcY5NLVbh+bstb6vCqIxGZKgPlDUiyhOM="
"97a9fb79-b8c7-43dd-9261-1fa4f21c4be3","HARV_042.basePlot.ltr","D01","HARV","HARV_042","HARV_042_699","2017-03-06","2016-11-14","2017-02-24","2017-03-01T12:30Z","2017-03-06T21:17Z","NEON.LTR.HARV042699.20170224","NEON.LTR.HARV042699.20170224.TWI","NEON.DOC.001710vE","Twigs/branches",14.94,"N",NA,"PDeeglfRpMhcY5NLVbh+bstb6vCqIxGZKgPlDUiyhOM="
"1595200c-ee21-4d0a-8bdf-701832421835","HARV_047.basePlot.ltr","D01","HARV","HARV_047","HARV_047_947","2017-03-06","2016-11-14","2017-02-24","2017-03-01T12:30Z","2017-03-07T16:31Z","NEON.LTR.HARV047947.20170224","NEON.LTR.HARV047947.20170224.OTH","NEON.DOC.001710vE","Other",0.11,"N",NA,"PDeeglfRpMhcY5NLVbh+bstb6vCqIxGZKgPlDUiyhOM="
"8cb42d5c-1e47-4307-a01d-ae3f57d9094c","HARV_045.basePlot.ltr","D01","HARV","HARV_045","HARV_045_265","2017-03-06","2016-11-14","2017-02-24","2017-03-01T12:30Z","2017-03-07T14:10Z","NEON.LTR.HARV045265.20170224","NEON.LTR.HARV045265.20170224.FLR","NEON.DOC.001710vE","Flowers",0.15,"N",NA,"PDeeglfRpMhcY5NLVbh+bstb6vCqIxGZKgPlDUiyhOM="
"af270a3a-fe5c-4404-ac36-94faeb624132","HARV_044.basePlot.ltr","D01","HARV","HARV_044","HARV_044_815","2017-03-06","2016-11-14","2017-02-24","2017-03-01T12:30Z","2017-03-07T13:49Z","NEON.LTR.HARV044815.20170224","NEON.LTR.HARV044815.20170224.NDL","NEON.DOC.001710vE","Needles",0.25,"N",NA,"PDeeglfRpMhcY5NLVbh+bstb6vCqIxGZKgPlDUiyhOM="
"86d8a28d-a982-457e-bc8a-5b5d46b7c9c8","HARV_042.basePlot.ltr","D01","HARV","HARV_042","HARV_042_699","2017-03-06","2016-11-14","2017-02-24","2017-03-01T12:30Z","2017-03-07T15:07Z","NEON.LTR.HARV042699.20170224","NEON.LTR.HARV042699.20170224.NDL","NEON.DOC.001710vE","Needles",1.88,"N",NA,"PDeeglfRpMhcY5NLVbh+bstb6vCqIxGZKgPlDUiyhOM="
"511bbc1b-a0b8-4322-a627-8d5fd610132e","HARV_044.basePlot.ltr","D01","HARV","HARV_044","HARV_044_815","2017-03-06","2016-11-14","2017-02-24","2017-03-01T12:30Z","2017-03-07T21:11Z","NEON.LTR.HARV044815.20170224","NEON.LTR.HARV044815.20170224.LVS","NEON.DOC.001710vE","Leaves",23.85,"Y",NA,"PDeeglfRpMhcY5NLVbh+bstb6vCqIxGZKgPlDUiyhOM="
"bf714a5d-ddb6-4a0f-8bb3-21c46999f894","HARV_048.basePlot.ltr","D01","HARV","HARV_048","HARV_048_701","2017-03-06","2016-11-14","2017-02-24","2017-03-01T20:30Z","2017-03-07T18:30Z","NEON.LTR.HARV048701.20170224","NEON.LTR.HARV048701.20170224.LVS","NEON.DOC.001710vE","Leaves",11.67,"N",NA,"PDeeglfRpMhcY5NLVbh+bstb6vCqIxGZKgPlDUiyhOM="
"8bed2d03-5ec1-47fc-938f-c4b28afc9436","HARV_042.basePlot.ltr","D01","HARV","HARV_042","HARV_042_699","2017-03-06","2016-11-14","2017-02-24","2017-03-01T12:30Z","2017-03-07T21:11Z","NEON.LTR.HARV042699.20170224","NEON.LTR.HARV042699.20170224.TWI","NEON.DOC.001710vE","Twigs/branches",15.01,"Y",NA,"PDeeglfRpMhcY5NLVbh+bstb6vCqIxGZKgPlDUiyhOM="
"5400b479-f6d2-4269-bdc7-8314a079ce18","HARV_047.basePlot.ltr","D01","HARV","HARV_047","HARV_047_947","2017-03-06","2016-11-14","2017-02-24","2017-03-01T12:30Z","2017-03-06T18:01Z","NEON.LTR.HARV047947.20170224","NEON.LTR.HARV047947.20170224.TWI","NEON.DOC.001710vE","Twigs/branches",1.24,"N",NA,"PDeeglfRpMhcY5NLVbh+bstb6vCqIxGZKgPlDUiyhOM="
"5f848513-00fa-4b85-8f93-ab8ac047438d","HARV_047.basePlot.ltr","D01","HARV","HARV_047","HARV_047_947","2017-03-06","2016-11-14","2017-02-24","2017-03-01T12:30Z","2017-03-07T16:32Z","NEON.LTR.HARV047947.20170224","NEON.LTR.HARV047947.20170224.LVS","NEON.DOC.001710vE","Leaves",21.58,"N",NA,"PDeeglfRpMhcY5NLVbh+bstb6vCqIxGZKgPlDUiyhOM="
"7245bd4d-8d16-4d59-ba12-ed3603ab8fff","HARV_048.basePlot.ltr","D01","HARV","HARV_048","HARV_048_701","2017-03-06","2016-11-14","2017-02-24","2017-03-01T20:30Z","2017-03-07T18:28Z","NEON.LTR.HARV048701.20170224","NEON.LTR.HARV048701.20170224.OTH","NEON.DOC.001710vE","Other",0.02,"N",NA,"PDeeglfRpMhcY5NLVbh+bstb6vCqIxGZKgPlDUiyhOM="
"369bc025-d631-4534-b507-613a7c3bc9f8","HARV_046.basePlot.ltr","D01","HARV","HARV_046","HARV_046_204","2017-03-06","2016-11-14","2017-02-24","2017-03-01T12:30Z","2017-03-07T12:20Z","NEON.LTR.HARV046204.20170224","NEON.LTR.HARV046204.20170224.FLR","NEON.DOC.001710vE","Flowers",0.1,"N",NA,"PDeeglfRpMhcY5NLVbh+bstb6vCqIxGZKgPlDUiyhOM="
"c5fdcc1f-a7ad-47de-ab1e-db66f09f2272","HARV_044.basePlot.ltr","D01","HARV","HARV_044","HARV_044_815","2017-03-06","2016-11-14","2017-02-24","2017-03-01T12:30Z","2017-03-06T17:28Z","NEON.LTR.HARV044815.20170224","NEON.LTR.HARV044815.20170224.SDS","NEON.DOC.001710vE","Seeds",0.99,"N",NA,"PDeeglfRpMhcY5NLVbh+bstb6vCqIxGZKgPlDUiyhOM="
"d949c106-0ead-4e59-bfb2-c89be2daef08","HARV_045.basePlot.ltr","D01","HARV","HARV_045","HARV_045_265","2017-03-06","2016-11-14","2017-02-24","2017-03-01T12:30Z","2017-03-07T14:09Z","NEON.LTR.HARV045265.20170224","NEON.LTR.HARV045265.20170224.NDL","NEON.DOC.001710vE","Needles",0.53,"N",NA,"PDeeglfRpMhcY5NLVbh+bstb6vCqIxGZKgPlDUiyhOM="
"e62d59ab-197c-4f08-bd23-8f30635b40da","HARV_042.basePlot.ltr","D01","HARV","HARV_042","HARV_042_699","2017-03-06","2016-11-14","2017-02-24","2017-03-01T12:30Z","2017-03-07T15:13Z","NEON.LTR.HARV042699.20170224","NEON.LTR.HARV042699.20170224.MXT","NEON.DOC.001710vE","Mixed",0,"N",NA,"PDeeglfRpMhcY5NLVbh+bstb6vCqIxGZKgPlDUiyhOM="
"925dd7bf-5d6e-4683-80a1-d5d2b049e442","HARV_046.basePlot.ltr","D01","HARV","HARV_046","HARV_046_204","2017-03-06","2016-11-14","2017-02-24","2017-03-01T12:30Z","2017-03-07T12:22Z","NEON.LTR.HARV046204.20170224","NEON.LTR.HARV046204.20170224.MXT","NEON.DOC.001710vE","Mixed",1.6,"N",NA,"PDeeglfRpMhcY5NLVbh+bstb6vCqIxGZKgPlDUiyhOM="
"8580caa7-155f-4b2d-823d-a52abfd51906","HARV_046.basePlot.ltr","D01","HARV","HARV_046","HARV_046_204","2017-03-06","2016-11-14","2017-02-24","2017-03-01T12:30Z","2017-03-07T21:11Z","NEON.LTR.HARV046204.20170224","NEON.LTR.HARV046204.20170224.TWI","NEON.DOC.001710vE","Twigs/branches",2.31,"Y",NA,"PDeeglfRpMhcY5NLVbh+bstb6vCqIxGZKgPlDUiyhOM="
"995c8317-2f3e-48db-9c02-3dfd620febaa","HARV_045.basePlot.ltr","D01","HARV","HARV_045","HARV_045_265","2017-03-06","2016-11-14","2017-02-24","2017-03-01T12:30Z","2017-03-07T21:11Z","NEON.LTR.HARV045265.20170224","NEON.LTR.HARV045265.20170224.WDY","NEON.DOC.001710vE","Woody material",1.15,"Y",NA,"PDeeglfRpMhcY5NLVbh+bstb6vCqIxGZKgPlDUiyhOM="
"59eed436-aafa-408c-b93a-fd942ea57f52","HARV_044.basePlot.ltr","D01","HARV","HARV_044","HARV_044_815","2017-03-06","2016-11-14","2017-02-24","2017-03-01T12:30Z","2017-03-07T13:47Z","NEON.LTR.HARV044815.20170224","NEON.LTR.HARV044815.20170224.FLR","NEON.DOC.001710vE","Flowers",0.11,"N",NA,"PDeeglfRpMhcY5NLVbh+bstb6vCqIxGZKgPlDUiyhOM="
"2fc8937e-2b07-45ec-ab83-b79d7fa7ea0c","HARV_045.basePlot.ltr","D01","HARV","HARV_045","HARV_045_265","2017-03-06","2016-11-14","2017-02-24","2017-03-01T12:30Z","2017-03-07T14:06Z","NEON.LTR.HARV045265.20170224","NEON.LTR.HARV045265.20170224.LVS","NEON.DOC.001710vE","Leaves",33.04,"N",NA,"PDeeglfRpMhcY5NLVbh+bstb6vCqIxGZKgPlDUiyhOM="
"8845f1b2-ec63-4bbe-b200-908aeb9454d6","HARV_045.basePlot.ltr","D01","HARV","HARV_045","HARV_045_265","2017-03-06","2016-11-14","2017-02-24","2017-03-01T12:30Z","2017-03-07T14:12Z","NEON.LTR.HARV045265.20170224","NEON.LTR.HARV045265.20170224.MXT","NEON.DOC.001710vE","Mixed",1.2,"N",NA,"PDeeglfRpMhcY5NLVbh+bstb6vCqIxGZKgPlDUiyhOM="
"02f12db5-605f-4167-b50f-2576e4974d7b","HARV_048.basePlot.ltr","D01","HARV","HARV_048","HARV_048_701","2017-03-06","2016-11-14","2017-02-24","2017-03-01T20:30Z","2017-03-07T18:29Z","NEON.LTR.HARV048701.20170224","NEON.LTR.HARV048701.20170224.MXT","NEON.DOC.001710vE","Mixed",0.93,"N",NA,"PDeeglfRpMhcY5NLVbh+bstb6vCqIxGZKgPlDUiyhOM="
"eeb072cf-d75f-42dc-b753-5a12df3bd7ae","HARV_046.basePlot.ltr","D01","HARV","HARV_046","HARV_046_204","2017-03-06","2016-11-14","2017-02-24","2017-03-01T12:30Z","2017-03-07T12:18Z","NEON.LTR.HARV046204.20170224","NEON.LTR.HARV046204.20170224.SDS","NEON.DOC.001710vE","Seeds",0.44,"N",NA,"PDeeglfRpMhcY5NLVbh+bstb6vCqIxGZKgPlDUiyhOM="
"12469ee3-8fdc-451b-9dbf-4f56cc09c954","HARV_044.basePlot.ltr","D01","HARV","HARV_044","HARV_044_815","2017-03-06","2016-11-14","2017-02-24","2017-03-01T12:30Z","2017-03-06T17:27Z","NEON.LTR.HARV044815.20170224","NEON.LTR.HARV044815.20170224.WDY","NEON.DOC.001710vE","Woody material",0.12,"N",NA,"PDeeglfRpMhcY5NLVbh+bstb6vCqIxGZKgPlDUiyhOM="
"671e4c5a-f403-4df6-8f0f-07187cdce2d0","HARV_046.basePlot.ltr","D01","HARV","HARV_046","HARV_046_204","2017-03-06","2016-11-14","2017-02-24","2017-03-01T12:30Z","2017-03-06T16:39Z","NEON.LTR.HARV046204.20170224","NEON.LTR.HARV046204.20170224.WDY","NEON.DOC.001710vE","Woody material",0.77,"N",NA,"PDeeglfRpMhcY5NLVbh+bstb6vCqIxGZKgPlDUiyhOM="
"9bc26222-26ca-4569-88e1-be77259b8b54","HARV_047.basePlot.ltr","D01","HARV","HARV_047","HARV_047_947","2017-03-06","2016-11-14","2017-02-24","2017-03-01T12:30Z","2017-03-07T21:11Z","NEON.LTR.HARV047947.20170224","NEON.LTR.HARV047947.20170224.OTH","NEON.DOC.001710vE","Other",0.1,"Y",NA,"PDeeglfRpMhcY5NLVbh+bstb6vCqIxGZKgPlDUiyhOM="
"b2800462-9014-4f6f-8064-007b513ded64","HARV_047.basePlot.ltr","D01","HARV","HARV_047","HARV_047_947","2017-03-06","2016-11-14","2017-02-24","2017-03-01T12:30Z","2017-03-07T16:30Z","NEON.LTR.HARV047947.20170224","NEON.LTR.HARV047947.20170224.FLR","NEON.DOC.001710vE","Flowers",0.01,"N",NA,"PDeeglfRpMhcY5NLVbh+bstb6vCqIxGZKgPlDUiyhOM="
"9c57d0ee-8d91-4eb6-87c1-4a317293105a","HARV_046.basePlot.ltr","D01","HARV","HARV_046","HARV_046_204","2017-03-06","2016-11-14","2017-02-24","2017-03-01T12:30Z","2017-03-06T16:39Z","NEON.LTR.HARV046204.20170224","NEON.LTR.HARV046204.20170224.TWI","NEON.DOC.001710vE","Twigs/branches",2.32,"N",NA,"PDeeglfRpMhcY5NLVbh+bstb6vCqIxGZKgPlDUiyhOM="
"33cff7f9-2d76-47db-86e3-e3ee45cf244b","HARV_042.basePlot.ltr","D01","HARV","HARV_042","HARV_042_699","2017-03-06","2016-11-14","2017-02-24","2017-03-01T12:30Z","2017-03-06T21:16Z","NEON.LTR.HARV042699.20170224","NEON.LTR.HARV042699.20170224.WDY","NEON.DOC.001710vE","Woody material",0.35,"N",NA,"PDeeglfRpMhcY5NLVbh+bstb6vCqIxGZKgPlDUiyhOM="
"de7e3bd2-4d52-48b6-b967-17fa51878566","HARV_044.basePlot.ltr","D01","HARV","HARV_044","HARV_044_815","2017-03-06","2016-11-14","2017-02-24","2017-03-01T12:30Z","2017-03-06T17:27Z","NEON.LTR.HARV044815.20170224","NEON.LTR.HARV044815.20170224.TWI","NEON.DOC.001710vE","Twigs/branches",0.74,"N",NA,"PDeeglfRpMhcY5NLVbh+bstb6vCqIxGZKgPlDUiyhOM="
"0be9d46c-48c6-4851-9292-ff21a481417b","HARV_042.basePlot.ltr","D01","HARV","HARV_042","HARV_042_699","2017-03-06","2016-11-14","2017-02-24","2017-03-01T12:30Z","2017-03-07T15:10Z","NEON.LTR.HARV042699.20170224","NEON.LTR.HARV042699.20170224.FLR","NEON.DOC.001710vE","Flowers",0.17,"N",NA,"PDeeglfRpMhcY5NLVbh+bstb6vCqIxGZKgPlDUiyhOM="
"d47d0be6-a310-4943-82bf-f82286a0dade","HARV_045.basePlot.ltr","D01","HARV","HARV_045","HARV_045_265","2017-03-06","2016-11-14","2017-02-24","2017-03-01T12:30Z","2017-03-07T14:11Z","NEON.LTR.HARV045265.20170224","NEON.LTR.HARV045265.20170224.OTH","NEON.DOC.001710vE","Other",0.47,"N",NA,"PDeeglfRpMhcY5NLVbh+bstb6vCqIxGZKgPlDUiyhOM="
"3b939715-316a-40ae-8dbf-8d67e31ae1a2","HARV_045.basePlot.ltr","D01","HARV","HARV_045","HARV_045_265","2017-03-06","2016-11-14","2017-02-24","2017-03-01T12:30Z","2017-03-06T16:06Z","NEON.LTR.HARV045265.20170224","NEON.LTR.HARV045265.20170224.TWI","NEON.DOC.001710vE","Twigs/branches",7.01,"N",NA,"PDeeglfRpMhcY5NLVbh+bstb6vCqIxGZKgPlDUiyhOM="
"961c2940-c571-4829-8a00-ba9d194f588d","HARV_046.basePlot.ltr","D01","HARV","HARV_046","HARV_046_204","2017-03-06","2016-11-14","2017-02-24","2017-03-01T12:30Z","2017-03-07T12:19Z","NEON.LTR.HARV046204.20170224","NEON.LTR.HARV046204.20170224.OTH","NEON.DOC.001710vE","Other",0.1,"N",NA,"PDeeglfRpMhcY5NLVbh+bstb6vCqIxGZKgPlDUiyhOM="
"1cc08877-b844-4abf-8a5e-c2f9c342a4aa","HARV_044.basePlot.ltr","D01","HARV","HARV_044","HARV_044_815","2017-03-06","2016-11-14","2017-02-24","2017-03-01T12:30Z","2017-03-07T13:51Z","NEON.LTR.HARV044815.20170224","NEON.LTR.HARV044815.20170224.LVS","NEON.DOC.001710vE","Leaves",23.8,"N",NA,"PDeeglfRpMhcY5NLVbh+bstb6vCqIxGZKgPlDUiyhOM="
"8bf7cbbf-9aa7-4ac7-a57e-4fb88a9b31ad","HARV_046.basePlot.ltr","D01","HARV","HARV_046","HARV_046_204","2017-03-06","2016-11-14","2017-02-24","2017-03-01T12:30Z","2017-03-07T12:19Z","NEON.LTR.HARV046204.20170224","NEON.LTR.HARV046204.20170224.LVS","NEON.DOC.001710vE","Leaves",0.43,"N",NA,"PDeeglfRpMhcY5NLVbh+bstb6vCqIxGZKgPlDUiyhOM="
"e3a4556c-9693-4d23-ba89-e63f406a9730","HARV_047.basePlot.ltr","D01","HARV","HARV_047","HARV_047_947","2017-03-06","2016-11-14","2017-02-24","2017-03-01T12:30Z","2017-03-06T18:02Z","NEON.LTR.HARV047947.20170224","NEON.LTR.HARV047947.20170224.WDY","NEON.DOC.001710vE","Woody material",0.03,"N",NA,"PDeeglfRpMhcY5NLVbh+bstb6vCqIxGZKgPlDUiyhOM="
"877b43dd-f25e-441f-a3e9-56805030fdc9","HARV_046.basePlot.ltr","D01","HARV","HARV_046","HARV_046_204","2017-03-06","2016-11-14","2017-02-24","2017-03-01T12:30Z","2017-03-07T21:11Z","NEON.LTR.HARV046204.20170224","NEON.LTR.HARV046204.20170224.NDL","NEON.DOC.001710vE","Needles",3.48,"Y",NA,"PDeeglfRpMhcY5NLVbh+bstb6vCqIxGZKgPlDUiyhOM="
"0d83d41c-d0a3-447e-a758-1f072f11a672","HARV_047.basePlot.ltr","D01","HARV","HARV_047","HARV_047_947","2017-03-06","2016-11-14","2017-02-24","2017-03-01T12:30Z","2017-03-07T16:29Z","NEON.LTR.HARV047947.20170224","NEON.LTR.HARV047947.20170224.NDL","NEON.DOC.001710vE","Needles",0.03,"N",NA,"PDeeglfRpMhcY5NLVbh+bstb6vCqIxGZKgPlDUiyhOM="
"99fa9262-cdbe-48e4-91a0-748f65ddcb9b","HARV_042.basePlot.ltr","D01","HARV","HARV_042","HARV_042_699","2017-03-06","2016-11-14","2017-02-24","2017-03-01T12:30Z","2017-03-07T15:11Z","NEON.LTR.HARV042699.20170224","NEON.LTR.HARV042699.20170224.OTH","NEON.DOC.001710vE","Other",1.04,"N",NA,"PDeeglfRpMhcY5NLVbh+bstb6vCqIxGZKgPlDUiyhOM="
"ceb51f99-f54f-4c29-a47a-33b1e2eab84e","HARV_045.basePlot.ltr","D01","HARV","HARV_045","HARV_045_265","2017-03-06","2016-11-14","2017-02-24","2017-03-01T12:30Z","2017-03-06T16:04Z","NEON.LTR.HARV045265.20170224","NEON.LTR.HARV045265.20170224.WDY","NEON.DOC.001710vE","Woody material",1.14,"Y",NA,"PDeeglfRpMhcY5NLVbh+bstb6vCqIxGZKgPlDUiyhOM="
"161e8479-7065-48f2-80c4-3435f2ee86c8","HARV_046.basePlot.ltr","D01","HARV","HARV_046","HARV_046_204","2017-03-06","2016-11-14","2017-02-24","2017-03-01T12:30Z","2017-03-07T12:23Z","NEON.LTR.HARV046204.20170224","NEON.LTR.HARV046204.20170224.NDL","NEON.DOC.001710vE","Needles",3.48,"N",NA,"PDeeglfRpMhcY5NLVbh+bstb6vCqIxGZKgPlDUiyhOM="
"aa491497-097b-4d9d-abec-b4608c0c0125","HARV_042.basePlot.ltr","D01","HARV","HARV_042","HARV_042_699","2017-03-06","2016-11-14","2017-02-24","2017-03-01T12:30Z","2017-03-07T15:08Z","NEON.LTR.HARV042699.20170224","NEON.LTR.HARV042699.20170224.LVS","NEON.DOC.001710vE","Leaves",5.9,"N",NA,"PDeeglfRpMhcY5NLVbh+bstb6vCqIxGZKgPlDUiyhOM="
"afddb2ee-cefc-4165-9c14-1207c716d612","HARV_047.basePlot.ltr","D01","HARV","HARV_047","HARV_047_947","2017-03-06","2016-11-14","2017-02-24","2017-03-01T12:30Z","2017-03-06T18:03Z","NEON.LTR.HARV047947.20170224","NEON.LTR.HARV047947.20170224.SDS","NEON.DOC.001710vE","Seeds",0.6,"N",NA,"PDeeglfRpMhcY5NLVbh+bstb6vCqIxGZKgPlDUiyhOM="
"799ee365-f365-4d50-996f-3fc1f4bfe7d8","HARV_045.basePlot.ltr","D01","HARV","HARV_045","HARV_045_265","2017-03-06","2016-11-14","2017-02-24","2017-03-01T12:30Z","2017-03-07T14:08Z","NEON.LTR.HARV045265.20170224","NEON.LTR.HARV045265.20170224.SDS","NEON.DOC.001710vE","Seeds",3.48,"N",NA,"PDeeglfRpMhcY5NLVbh+bstb6vCqIxGZKgPlDUiyhOM="
"bde99a55-68b2-4036-9f55-d5c4be2ac430","HARV_047.basePlot.ltr","D01","HARV","HARV_047","HARV_047_947","2017-03-06","2016-11-14","2017-02-24","2017-03-01T12:30Z","2017-03-07T16:28Z","NEON.LTR.HARV047947.20170224","NEON.LTR.HARV047947.20170224.MXT","NEON.DOC.001710vE","Mixed",0.3,"N",NA,"PDeeglfRpMhcY5NLVbh+bstb6vCqIxGZKgPlDUiyhOM="
"611bf406-06f6-424d-a6da-d98ac727614d","HARV_044.basePlot.ltr","D01","HARV","HARV_044","HARV_044_815","2017-03-06","2016-11-14","2017-02-24","2017-03-01T12:30Z","2017-03-07T13:48Z","NEON.LTR.HARV044815.20170224","NEON.LTR.HARV044815.20170224.OTH","NEON.DOC.001710vE","Other",0.06,"N",NA,"PDeeglfRpMhcY5NLVbh+bstb6vCqIxGZKgPlDUiyhOM="
"66ac3ff4-f6d8-4151-9d0f-1c221128b455","HARV_034.basePlot.ltr","D01","HARV","HARV_034","HARV_034_608","2017-03-06","2016-11-14","2017-02-24","2017-03-01T12:30Z","2017-03-06T21:23Z","NEON.LTR.HARV034608.20170224","NEON.LTR.HARV034608.20170224.NDL","NEON.DOC.001710vE","Needles",0,"N",NA,"PDeeglfRpMhcY5NLVbh+bstb6vCqIxGZKgPlDUiyhOM="
"60abb25f-d260-454b-8f4a-756f68a57077","HARV_036.basePlot.ltr","D01","HARV","HARV_036","HARV_036_426","2017-03-06","2016-11-14","2017-02-24","2017-03-01T12:30Z","2017-03-07T13:19Z","NEON.LTR.HARV036426.20170224","NEON.LTR.HARV036426.20170224.LVS","NEON.DOC.001710vE","Leaves",22.12,"N",NA,"PDeeglfRpMhcY5NLVbh+bstb6vCqIxGZKgPlDUiyhOM="
"aa5ae6ce-3d18-48c6-9f4e-e2bcf4d3e638","HARV_043.basePlot.ltr","D01","HARV","HARV_043","HARV_043_007","2017-03-06","2016-11-14","2017-02-24","2017-03-01T12:30Z","2017-03-07T21:11Z","NEON.LTR.HARV043007.20170224","NEON.LTR.HARV043007.20170224.FLR","NEON.DOC.001710vE","Flowers",0.08,"Y",NA,"PDeeglfRpMhcY5NLVbh+bstb6vCqIxGZKgPlDUiyhOM="
"48681e1c-ab56-414f-9efa-b136e72e7e3e","HARV_049.basePlot.ltr","D01","HARV","HARV_049","HARV_049_437","2017-03-06","2016-11-14","2017-02-24","2017-03-01T12:30Z","2017-03-06T15:55Z","NEON.LTR.HARV049437.20170224","NEON.LTR.HARV049437.20170224.WDY","NEON.DOC.001710vE","Woody material",1.51,"N",NA,"PDeeglfRpMhcY5NLVbh+bstb6vCqIxGZKgPlDUiyhOM="
"4220a9bb-b8e0-4f3c-ad60-e9399a000db7","HARV_036.basePlot.ltr","D01","HARV","HARV_036","HARV_036_426","2017-03-06","2016-11-14","2017-02-24","2017-03-01T12:30Z","2017-03-07T13:21Z","NEON.LTR.HARV036426.20170224","NEON.LTR.HARV036426.20170224.MXT","NEON.DOC.001710vE","Mixed",1.85,"N",NA,"PDeeglfRpMhcY5NLVbh+bstb6vCqIxGZKgPlDUiyhOM="
"67dd960a-f790-4b2d-bd3d-5e64fce301d6","HARV_043.basePlot.ltr","D01","HARV","HARV_043","HARV_043_007","2017-03-06","2016-11-14","2017-02-24","2017-03-01T20:30Z","2017-03-07T18:57Z","NEON.LTR.HARV043007.20170224","NEON.LTR.HARV043007.20170224.FLR","NEON.DOC.001710vE","Flowers",0.08,"N",NA,"PDeeglfRpMhcY5NLVbh+bstb6vCqIxGZKgPlDUiyhOM="
"d6609981-5119-46e5-8d50-262b17bf048a","HARV_048.basePlot.ltr","D01","HARV","HARV_048","HARV_048_701","2017-03-06","2016-11-14","2017-02-24","2017-03-01T20:30Z","2017-03-07T18:27Z","NEON.LTR.HARV048701.20170224","NEON.LTR.HARV048701.20170224.FLR","NEON.DOC.001710vE","Flowers",0.06,"N",NA,"PDeeglfRpMhcY5NLVbh+bstb6vCqIxGZKgPlDUiyhOM="
"115c7051-f4dc-43d4-b1bb-26554c79f73a","HARV_049.basePlot.ltr","D01","HARV","HARV_049","HARV_049_437","2017-03-06","2016-11-14","2017-02-24","2017-03-01T12:30Z","2017-03-07T17:55Z","NEON.LTR.HARV049437.20170224","NEON.LTR.HARV049437.20170224.LVS","NEON.DOC.001710vE","Leaves",1.13,"N",NA,"PDeeglfRpMhcY5NLVbh+bstb6vCqIxGZKgPlDUiyhOM="
"2d2ee409-9406-4c3d-88cd-f5ee1dc542c6","HARV_048.basePlot.ltr","D01","HARV","HARV_048","HARV_048_701","2017-03-06","2016-11-14","2017-02-24","2017-03-01T20:30Z","2017-03-06T21:03Z","NEON.LTR.HARV048701.20170224","NEON.LTR.HARV048701.20170224.WDY","NEON.DOC.001710vE","Woody material",3.9,"N",NA,"PDeeglfRpMhcY5NLVbh+bstb6vCqIxGZKgPlDUiyhOM="
"d0af4c32-1c39-490e-a6ab-48d7376aab0e","HARV_043.basePlot.ltr","D01","HARV","HARV_043","HARV_043_007","2017-03-06","2016-11-14","2017-02-24","2017-03-01T12:30Z","2017-03-06T16:37Z","NEON.LTR.HARV043007.20170224","NEON.LTR.HARV043007.20170224.WDY","NEON.DOC.001710vE","Woody material",1.63,"N",NA,"PDeeglfRpMhcY5NLVbh+bstb6vCqIxGZKgPlDUiyhOM="
"6c688f88-ea4a-4175-bd39-e32ce17f98d8","HARV_035.basePlot.ltr","D01","HARV","HARV_035","HARV_035_120","2017-03-06","2016-11-14","2017-02-24","2017-03-01T20:30Z","2017-03-07T19:16Z","NEON.LTR.HARV035120.20170224","NEON.LTR.HARV035120.20170224.MXT","NEON.DOC.001710vE","Mixed",0.97,"N",NA,"PDeeglfRpMhcY5NLVbh+bstb6vCqIxGZKgPlDUiyhOM="
"7b9f7404-5e99-4a0b-95d1-58f83d071797","HARV_035.basePlot.ltr","D01","HARV","HARV_035","HARV_035_120","2017-03-06","2016-11-14","2017-02-24","2017-03-01T20:30Z","2017-03-06T20:32Z","NEON.LTR.HARV035120.20170224","NEON.LTR.HARV035120.20170224.SDS","NEON.DOC.001710vE","Seeds",0.34,"N",NA,"PDeeglfRpMhcY5NLVbh+bstb6vCqIxGZKgPlDUiyhOM="
"52b1a60d-3bbf-4e03-aef3-f48b81ee771b","HARV_035.basePlot.ltr","D01","HARV","HARV_035","HARV_035_120","2017-03-06","2016-11-14","2017-02-24","2017-03-01T20:30Z","2017-03-07T19:16Z","NEON.LTR.HARV035120.20170224","NEON.LTR.HARV035120.20170224.NDL","NEON.DOC.001710vE","Needles",1.85,"N",NA,"PDeeglfRpMhcY5NLVbh+bstb6vCqIxGZKgPlDUiyhOM="
"76711625-aab3-464b-a97c-0f30d332a20f","HARV_043.basePlot.ltr","D01","HARV","HARV_043","HARV_043_007","2017-03-06","2016-11-14","2017-02-24","2017-03-01T20:30Z","2017-03-07T19:02Z","NEON.LTR.HARV043007.20170224","NEON.LTR.HARV043007.20170224.LVS","NEON.DOC.001710vE","Leaves",13.08,"N",NA,"PDeeglfRpMhcY5NLVbh+bstb6vCqIxGZKgPlDUiyhOM="
"d9286235-1008-4431-a649-0bc3a4530891","HARV_048.basePlot.ltr","D01","HARV","HARV_048","HARV_048_701","2017-03-06","2016-11-14","2017-02-24","2017-03-01T20:30Z","2017-03-07T18:26Z","NEON.LTR.HARV048701.20170224","NEON.LTR.HARV048701.20170224.NDL","NEON.DOC.001710vE","Needles",0.85,"N",NA,"PDeeglfRpMhcY5NLVbh+bstb6vCqIxGZKgPlDUiyhOM="
"8b88eeee-f296-4f0e-9f74-5e007a703e1b","HARV_035.basePlot.ltr","D01","HARV","HARV_035","HARV_035_120","2017-03-06","2016-11-14","2017-02-24","2017-03-01T20:30Z","2017-03-07T19:15Z","NEON.LTR.HARV035120.20170224","NEON.LTR.HARV035120.20170224.LVS","NEON.DOC.001710vE","Leaves",4.09,"N",NA,"PDeeglfRpMhcY5NLVbh+bstb6vCqIxGZKgPlDUiyhOM="
"86f352c4-6694-4e5b-9bc1-aee6f866a642","HARV_043.basePlot.ltr","D01","HARV","HARV_043","HARV_043_007","2017-03-06","2016-11-14","2017-02-24","2017-03-01T20:30Z","2017-03-07T19:00Z","NEON.LTR.HARV043007.20170224","NEON.LTR.HARV043007.20170224.SDS","NEON.DOC.001710vE","Seeds",0.18,"N",NA,"PDeeglfRpMhcY5NLVbh+bstb6vCqIxGZKgPlDUiyhOM="
"b3233c19-59eb-4aab-85b2-115ab6d62a30","HARV_036.basePlot.ltr","D01","HARV","HARV_036","HARV_036_426","2017-03-06","2016-11-14","2017-02-24","2017-03-01T12:30Z","2017-03-07T13:21Z","NEON.LTR.HARV036426.20170224","NEON.LTR.HARV036426.20170224.NDL","NEON.DOC.001710vE","Needles",0,"N",NA,"PDeeglfRpMhcY5NLVbh+bstb6vCqIxGZKgPlDUiyhOM="
"f5d21174-5286-4f3a-827d-1ecdf3ec15d4","HARV_043.basePlot.ltr","D01","HARV","HARV_043","HARV_043_007","2017-03-06","2016-11-14","2017-02-24","2017-03-01T20:30Z","2017-03-07T19:00Z","NEON.LTR.HARV043007.20170224","NEON.LTR.HARV043007.20170224.NDL","NEON.DOC.001710vE","Needles",2.88,"N",NA,"PDeeglfRpMhcY5NLVbh+bstb6vCqIxGZKgPlDUiyhOM="
"afb419b8-faea-440d-b23d-a067fa720979","HARV_043.basePlot.ltr","D01","HARV","HARV_043","HARV_043_007","2017-03-06","2016-11-14","2017-02-24","2017-03-01T12:30Z","2017-03-06T16:36Z","NEON.LTR.HARV043007.20170224","NEON.LTR.HARV043007.20170224.TWI","NEON.DOC.001710vE","Twigs/branches",7.75,"N",NA,"PDeeglfRpMhcY5NLVbh+bstb6vCqIxGZKgPlDUiyhOM="
"aafcf0ad-b841-43ec-b0ec-ee06b5283313","HARV_036.basePlot.ltr","D01","HARV","HARV_036","HARV_036_426","2017-03-06","2016-11-14","2017-02-24","2017-03-01T12:30Z","2017-03-07T13:20Z","NEON.LTR.HARV036426.20170224","NEON.LTR.HARV036426.20170224.FLR","NEON.DOC.001710vE","Flowers",0.7,"N",NA,"PDeeglfRpMhcY5NLVbh+bstb6vCqIxGZKgPlDUiyhOM="
"09c3ad1e-010c-4138-a02b-7b82cbebfd5c","HARV_049.basePlot.ltr","D01","HARV","HARV_049","HARV_049_437","2017-03-06","2016-11-14","2017-02-24","2017-03-01T12:30Z","2017-03-07T17:54Z","NEON.LTR.HARV049437.20170224","NEON.LTR.HARV049437.20170224.FLR","NEON.DOC.001710vE","Flowers",0.07,"N",NA,"PDeeglfRpMhcY5NLVbh+bstb6vCqIxGZKgPlDUiyhOM="
"c14a65f4-22af-48bd-aa78-42de9b68b6da","HARV_034.basePlot.ltr","D01","HARV","HARV_034","HARV_034_608","2017-03-06","2016-11-14","2017-02-24","2017-03-01T12:30Z","2017-03-06T21:24Z","NEON.LTR.HARV034608.20170224","NEON.LTR.HARV034608.20170224.SDS","NEON.DOC.001710vE","Seeds",0,"N",NA,"PDeeglfRpMhcY5NLVbh+bstb6vCqIxGZKgPlDUiyhOM="
"3f2e71a1-18fc-4919-951f-df4232c6cf4f","HARV_049.basePlot.ltr","D01","HARV","HARV_049","HARV_049_437","2017-03-06","2016-11-14","2017-02-24","2017-03-01T12:30Z","2017-03-07T17:57Z","NEON.LTR.HARV049437.20170224","NEON.LTR.HARV049437.20170224.NDL","NEON.DOC.001710vE","Needles",3.47,"N",NA,"PDeeglfRpMhcY5NLVbh+bstb6vCqIxGZKgPlDUiyhOM="
"3064eb50-b5eb-47e1-80f6-7823db0f9ab9","HARV_035.basePlot.ltr","D01","HARV","HARV_035","HARV_035_120","2017-03-06","2016-11-14","2017-02-24","2017-03-01T12:30Z","2017-03-07T21:11Z","NEON.LTR.HARV035120.20170224","NEON.LTR.HARV035120.20170224.NDL","NEON.DOC.001710vE","Needles",1.85,"Y",NA,"PDeeglfRpMhcY5NLVbh+bstb6vCqIxGZKgPlDUiyhOM="
"7b1ff6a0-5e17-48ff-ad90-60b51eaae037","HARV_034.basePlot.ltr","D01","HARV","HARV_034","HARV_034_608","2017-03-06","2016-11-14","2017-02-24","2017-03-01T12:30Z","2017-03-06T21:24Z","NEON.LTR.HARV034608.20170224","NEON.LTR.HARV034608.20170224.MXT","NEON.DOC.001710vE","Mixed",0,"N",NA,"PDeeglfRpMhcY5NLVbh+bstb6vCqIxGZKgPlDUiyhOM="
"4e9c8628-eaec-492c-b57b-7eb578e3f9c3","HARV_049.basePlot.ltr","D01","HARV","HARV_049","HARV_049_437","2017-03-06","2016-11-14","2017-02-24","2017-03-01T12:30Z","2017-03-06T15:56Z","NEON.LTR.HARV049437.20170224","NEON.LTR.HARV049437.20170224.TWI","NEON.DOC.001710vE","Twigs/branches",15.81,"N",NA,"PDeeglfRpMhcY5NLVbh+bstb6vCqIxGZKgPlDUiyhOM="
"3525b566-77a5-4f54-97d1-e35d6630f0a5","HARV_048.basePlot.ltr","D01","HARV","HARV_048","HARV_048_701","2017-03-06","2016-11-14","2017-02-24","2017-03-01T20:30Z","2017-03-06T21:04Z","NEON.LTR.HARV048701.20170224","NEON.LTR.HARV048701.20170224.TWI","NEON.DOC.001710vE","Twigs/branches",18.56,"N",NA,"PDeeglfRpMhcY5NLVbh+bstb6vCqIxGZKgPlDUiyhOM="
"62bda173-3e12-4a3f-ab84-926fdae2164c","HARV_035.basePlot.ltr","D01","HARV","HARV_035","HARV_035_120","2017-03-06","2016-11-14","2017-02-24","2017-03-01T20:30Z","2017-03-07T19:18Z","NEON.LTR.HARV035120.20170224","NEON.LTR.HARV035120.20170224.FLR","NEON.DOC.001710vE","Flowers",0.16,"N",NA,"PDeeglfRpMhcY5NLVbh+bstb6vCqIxGZKgPlDUiyhOM="
"74cf4f12-5817-4c66-8683-48d140fbbc2a","HARV_051.basePlot.ltr","D01","HARV","HARV_051","HARV_051_701","2017-03-06","2016-11-14","2017-02-24","2017-03-01T12:30Z","2017-03-07T16:23Z","NEON.LTR.HARV051701.20170224","NEON.LTR.HARV051701.20170224.OTH","NEON.DOC.001710vE","Other",0.84,"N",NA,"PDeeglfRpMhcY5NLVbh+bstb6vCqIxGZKgPlDUiyhOM="
"655f0dc9-6e59-435c-ad5a-8d3b4e914803","HARV_035.basePlot.ltr","D01","HARV","HARV_035","HARV_035_120","2017-03-06","2016-11-14","2017-02-24","2017-03-01T20:30Z","2017-03-06T20:31Z","NEON.LTR.HARV035120.20170224","NEON.LTR.HARV035120.20170224.TWI","NEON.DOC.001710vE","Twigs/branches",4.59,"N",NA,"PDeeglfRpMhcY5NLVbh+bstb6vCqIxGZKgPlDUiyhOM="
"a754485b-7f57-4a0b-a5bc-0f6fbe556f5f","HARV_051.basePlot.ltr","D01","HARV","HARV_051","HARV_051_701","2017-03-06","2016-11-14","2017-02-24","2017-03-01T12:30Z","2017-03-07T16:25Z","NEON.LTR.HARV051701.20170224","NEON.LTR.HARV051701.20170224.NDL","NEON.DOC.001710vE","Needles",0.42,"N",NA,"PDeeglfRpMhcY5NLVbh+bstb6vCqIxGZKgPlDUiyhOM="
"39a863eb-09cc-4ae4-9acf-bf2ed1c33cc9","HARV_034.basePlot.ltr","D01","HARV","HARV_034","HARV_034_608","2017-03-06","2016-11-14","2017-02-24","2017-03-01T20:30Z","2017-03-06T20:34Z","NEON.LTR.HARV034608.20170224","NEON.LTR.HARV034608.20170224.TWI","NEON.DOC.001710vE","Twigs/branches",2.99,"N",NA,"PDeeglfRpMhcY5NLVbh+bstb6vCqIxGZKgPlDUiyhOM="
"8dec7c7d-7910-4b37-9c0a-0e259d6f3cde","HARV_035.basePlot.ltr","D01","HARV","HARV_035","HARV_035_120","2017-03-06","2016-11-14","2017-02-24","2017-03-01T20:30Z","2017-03-07T19:17Z","NEON.LTR.HARV035120.20170224","NEON.LTR.HARV035120.20170224.OTH","NEON.DOC.001710vE","Other",0.07,"N",NA,"PDeeglfRpMhcY5NLVbh+bstb6vCqIxGZKgPlDUiyhOM="
"370c09a7-2f22-4afe-b600-c3d6e0bd7e83","HARV_034.basePlot.ltr","D01","HARV","HARV_034","HARV_034_608","2017-03-06","2016-11-14","2017-02-24","2017-03-01T12:30Z","2017-03-06T21:24Z","NEON.LTR.HARV034608.20170224","NEON.LTR.HARV034608.20170224.OTH","NEON.DOC.001710vE","Other",0,"N",NA,"PDeeglfRpMhcY5NLVbh+bstb6vCqIxGZKgPlDUiyhOM="
"c9372db0-5e63-4e90-a2a2-e9a8c9bafb7a","HARV_034.basePlot.ltr","D01","HARV","HARV_034","HARV_034_608","2017-03-06","2016-11-14","2017-02-24","2017-03-01T20:30Z","2017-03-06T20:35Z","NEON.LTR.HARV034608.20170224","NEON.LTR.HARV034608.20170224.WDY","NEON.DOC.001710vE","Woody material",41.09,"N",NA,"PDeeglfRpMhcY5NLVbh+bstb6vCqIxGZKgPlDUiyhOM="
"82674dbc-5a5b-4909-aa5d-b065b3d3dd46","HARV_043.basePlot.ltr","D01","HARV","HARV_043","HARV_043_007","2017-03-06","2016-11-14","2017-02-24","2017-03-01T20:30Z","2017-03-07T18:58Z","NEON.LTR.HARV043007.20170224","NEON.LTR.HARV043007.20170224.MXT","NEON.DOC.001710vE","Mixed",2.49,"N",NA,"PDeeglfRpMhcY5NLVbh+bstb6vCqIxGZKgPlDUiyhOM="
"3f5f85f4-fac7-4ced-8480-1dacce32f188","HARV_036.basePlot.ltr","D01","HARV","HARV_036","HARV_036_426","2017-03-06","2016-11-14","2017-02-24","2017-03-01T12:30Z","2017-03-06T17:45Z","NEON.LTR.HARV036426.20170224","NEON.LTR.HARV036426.20170224.TWI","NEON.DOC.001710vE","Twigs/branches",4.39,"N",NA,"PDeeglfRpMhcY5NLVbh+bstb6vCqIxGZKgPlDUiyhOM="
"cbe03023-93da-4494-b963-8e27af28c14c","HARV_036.basePlot.ltr","D01","HARV","HARV_036","HARV_036_426","2017-03-06","2016-11-14","2017-02-24","2017-03-01T12:30Z","2017-03-06T17:44Z","NEON.LTR.HARV036426.20170224","NEON.LTR.HARV036426.20170224.SDS","NEON.DOC.001710vE","Seeds",6.69,"N",NA,"PDeeglfRpMhcY5NLVbh+bstb6vCqIxGZKgPlDUiyhOM="
"0daa1da5-856d-4b75-a91d-f4c209a7c718","HARV_035.basePlot.ltr","D01","HARV","HARV_035","HARV_035_120","2017-03-06","2016-11-14","2017-02-24","2017-03-01T20:30Z","2017-03-06T20:30Z","NEON.LTR.HARV035120.20170224","NEON.LTR.HARV035120.20170224.WDY","NEON.DOC.001710vE","Woody material",0.06,"N",NA,"PDeeglfRpMhcY5NLVbh+bstb6vCqIxGZKgPlDUiyhOM="
"7b9f171f-9ba7-45d1-8b15-76d74bd6bfad","HARV_049.basePlot.ltr","D01","HARV","HARV_049","HARV_049_437","2017-03-06","2016-11-14","2017-02-24","2017-03-01T12:30Z","2017-03-07T18:00Z","NEON.LTR.HARV049437.20170224","NEON.LTR.HARV049437.20170224.SDS","NEON.DOC.001710vE","Seeds",0.16,"N",NA,"PDeeglfRpMhcY5NLVbh+bstb6vCqIxGZKgPlDUiyhOM="
"a332cffd-e4cd-483f-a544-8fd97ecb589c","HARV_049.basePlot.ltr","D01","HARV","HARV_049","HARV_049_437","2017-03-06","2016-11-14","2017-02-24","2017-03-01T12:30Z","2017-03-07T17:58Z","NEON.LTR.HARV049437.20170224","NEON.LTR.HARV049437.20170224.MXT","NEON.DOC.001710vE","Mixed",4.32,"N",NA,"PDeeglfRpMhcY5NLVbh+bstb6vCqIxGZKgPlDUiyhOM="
"9a40348b-077a-4d3e-8c0d-b72fdcfa3517","HARV_034.basePlot.ltr","D01","HARV","HARV_034","HARV_034_608","2017-03-06","2016-11-14","2017-02-24","2017-03-01T12:30Z","2017-03-06T21:24Z","NEON.LTR.HARV034608.20170224","NEON.LTR.HARV034608.20170224.FLR","NEON.DOC.001710vE","Flowers",0,"N",NA,"PDeeglfRpMhcY5NLVbh+bstb6vCqIxGZKgPlDUiyhOM="
"31de4de5-3449-4aca-a6a1-044cd5753baf","HARV_043.basePlot.ltr","D01","HARV","HARV_043","HARV_043_007","2017-03-06","2016-11-14","2017-02-24","2017-03-01T20:30Z","2017-03-07T18:59Z","NEON.LTR.HARV043007.20170224","NEON.LTR.HARV043007.20170224.OTH","NEON.DOC.001710vE","Other",0.05,"N",NA,"PDeeglfRpMhcY5NLVbh+bstb6vCqIxGZKgPlDUiyhOM="
"8ac8967d-0c67-488d-8d15-e5b5e81221b4","HARV_036.basePlot.ltr","D01","HARV","HARV_036","HARV_036_426","2017-03-06","2016-11-14","2017-02-24","2017-03-01T12:30Z","2017-03-07T13:20Z","NEON.LTR.HARV036426.20170224","NEON.LTR.HARV036426.20170224.OTH","NEON.DOC.001710vE","Other",0.26,"N",NA,"PDeeglfRpMhcY5NLVbh+bstb6vCqIxGZKgPlDUiyhOM="
"d2bb326e-3b09-4b8b-84db-ff19748f139d","HARV_049.basePlot.ltr","D01","HARV","HARV_049","HARV_049_437","2017-03-06","2016-11-14","2017-02-24","2017-03-01T12:30Z","2017-03-07T17:59Z","NEON.LTR.HARV049437.20170224","NEON.LTR.HARV049437.20170224.OTH","NEON.DOC.001710vE","Other",0.2,"N",NA,"PDeeglfRpMhcY5NLVbh+bstb6vCqIxGZKgPlDUiyhOM="
"4cb2a10b-2617-46c0-97ea-99c0e0a0aa7e","HARV_048.basePlot.ltr","D01","HARV","HARV_048","HARV_048_701","2017-03-06","2016-11-14","2017-02-24","2017-03-01T20:30Z","2017-03-06T21:02Z","NEON.LTR.HARV048701.20170224","NEON.LTR.HARV048701.20170224.SDS","NEON.DOC.001710vE","Seeds",1.16,"N",NA,"PDeeglfRpMhcY5NLVbh+bstb6vCqIxGZKgPlDUiyhOM="
"8dcf198c-4472-41c3-bb7f-f68954750748","HARV_034.basePlot.ltr","D01","HARV","HARV_034","HARV_034_608","2017-03-06","2016-11-14","2017-02-24","2017-03-01T12:30Z","2017-03-06T21:23Z","NEON.LTR.HARV034608.20170224","NEON.LTR.HARV034608.20170224.LVS","NEON.DOC.001710vE","Leaves",0,"N",NA,"PDeeglfRpMhcY5NLVbh+bstb6vCqIxGZKgPlDUiyhOM="
"2ee08efb-c60a-47e9-a91f-1c94b512eafe","HARV_036.basePlot.ltr","D01","HARV","HARV_036","HARV_036_426","2017-03-06","2016-11-14","2017-02-24","2017-03-01T12:30Z","2017-03-06T17:43Z","NEON.LTR.HARV036426.20170224","NEON.LTR.HARV036426.20170224.WDY","NEON.DOC.001710vE","Woody material",1.6,"N",NA,"PDeeglfRpMhcY5NLVbh+bstb6vCqIxGZKgPlDUiyhOM="
"20b38e19-af39-4ac3-985c-149379ea5c26","HARV_051.basePlot.ltr","D01","HARV","HARV_051","HARV_051_701","2017-03-06","2016-11-14","2017-02-24","2017-03-01T12:30Z","2017-03-07T16:24Z","NEON.LTR.HARV051701.20170224","NEON.LTR.HARV051701.20170224.SDS","NEON.DOC.001710vE","Seeds",0.02,"N",NA,"PDeeglfRpMhcY5NLVbh+bstb6vCqIxGZKgPlDUiyhOM="
"dd189c1c-645d-47ad-af01-b800026696ac","HARV_044.basePlot.ltr","D01","HARV","HARV_044","HARV_044_111","2017-03-06","2016-11-14","2017-02-24","2017-03-01T12:30Z","2017-03-07T12:54Z","NEON.LTR.HARV044111.20170224","NEON.LTR.HARV044111.20170224.MXT","NEON.DOC.001710vE","Mixed",2.16,"N",NA,"PDeeglfRpMhcY5NLVbh+bstb6vCqIxGZKgPlDUiyhOM="
"9a321f1e-8b2b-40be-9c48-661dd869d6df","HARV_052.basePlot.ltr","D01","HARV","HARV_052","HARV_052_314","2017-03-06","2016-11-14","2017-02-24","2017-03-01T12:30Z","2017-03-07T14:48Z","NEON.LTR.HARV052314.20170224","NEON.LTR.HARV052314.20170224.LVS","NEON.DOC.001710vE","Leaves",3.25,"N",NA,"PDeeglfRpMhcY5NLVbh+bstb6vCqIxGZKgPlDUiyhOM="
"31900131-f022-49b0-9dc7-c3165668fc4c","HARV_037.basePlot.ltr","D01","HARV","HARV_037","HARV_037_292","2017-03-06","2016-11-14","2017-02-24","2017-03-01T12:30Z","2017-03-06T17:49Z","NEON.LTR.HARV037292.20170224","NEON.LTR.HARV037292.20170224.TWI","NEON.DOC.001710vE","Twigs/branches",6.03,"N",NA,"PDeeglfRpMhcY5NLVbh+bstb6vCqIxGZKgPlDUiyhOM="
"396fb148-5ff3-447f-92ed-706b8cc132ae","HARV_039.basePlot.ltr","D01","HARV","HARV_039","HARV_039_660","2017-03-06","2016-11-14","2017-02-24","2017-03-01T20:30Z","2017-03-07T18:38Z","NEON.LTR.HARV039660.20170224","NEON.LTR.HARV039660.20170224.FLR","NEON.DOC.001710vE","Flowers",0.4,"N",NA,"PDeeglfRpMhcY5NLVbh+bstb6vCqIxGZKgPlDUiyhOM="
"4e1daa26-17d5-43cc-8a03-72732467e1d4","HARV_052.basePlot.ltr","D01","HARV","HARV_052","HARV_052_314","2017-03-06","2016-11-14","2017-02-24","2017-03-01T12:30Z","2017-03-07T14:42Z","NEON.LTR.HARV052314.20170224","NEON.LTR.HARV052314.20170224.NDL","NEON.DOC.001710vE","Needles",0.57,"N",NA,"PDeeglfRpMhcY5NLVbh+bstb6vCqIxGZKgPlDUiyhOM="
"ac3e0ae0-b8b3-4244-8ed5-63cc30251c63","HARV_052.basePlot.ltr","D01","HARV","HARV_052","HARV_052_314","2017-03-06","2016-11-14","2017-02-24","2017-03-01T12:30Z","2017-03-07T14:47Z","NEON.LTR.HARV052314.20170224","NEON.LTR.HARV052314.20170224.MXT","NEON.DOC.001710vE","Mixed",3.12,"N",NA,"PDeeglfRpMhcY5NLVbh+bstb6vCqIxGZKgPlDUiyhOM="
"a39a508d-6baf-4926-9413-30b4afd5826a","HARV_044.basePlot.ltr","D01","HARV","HARV_044","HARV_044_111","2017-03-06","2016-11-14","2017-02-24","2017-03-01T12:30Z","2017-03-07T12:59Z","NEON.LTR.HARV044111.20170224","NEON.LTR.HARV044111.20170224.SDS","NEON.DOC.001710vE","Seeds",0.13,"N",NA,"PDeeglfRpMhcY5NLVbh+bstb6vCqIxGZKgPlDUiyhOM="
"a4ab4b38-e0cb-448c-868e-0bf98892b49e","HARV_051.basePlot.ltr","D01","HARV","HARV_051","HARV_051_701","2017-03-06","2016-11-14","2017-02-24","2017-03-01T12:30Z","2017-03-07T16:22Z","NEON.LTR.HARV051701.20170224","NEON.LTR.HARV051701.20170224.LVS","NEON.DOC.001710vE","Leaves",0.58,"N",NA,"PDeeglfRpMhcY5NLVbh+bstb6vCqIxGZKgPlDUiyhOM="
"e7c5ab4a-4602-433c-96a3-49d9a05c5087","HARV_051.basePlot.ltr","D01","HARV","HARV_051","HARV_051_361","2017-03-06","2016-11-14","2017-02-24","2017-03-01T12:30Z","2017-03-06T16:11Z","NEON.LTR.HARV051361.20170224","NEON.LTR.HARV051361.20170224.TWI","NEON.DOC.001710vE","Twigs/branches",8.71,"N",NA,"PDeeglfRpMhcY5NLVbh+bstb6vCqIxGZKgPlDUiyhOM="
"f015b8f8-478f-4160-93d9-963b15fd5c3d","HARV_037.basePlot.ltr","D01","HARV","HARV_037","HARV_037_292","2017-03-06","2016-11-14","2017-02-24","2017-03-01T12:30Z","2017-03-07T13:24Z","NEON.LTR.HARV037292.20170224","NEON.LTR.HARV037292.20170224.SDS","NEON.DOC.001710vE","Seeds",0.42,"N",NA,"PDeeglfRpMhcY5NLVbh+bstb6vCqIxGZKgPlDUiyhOM="
"93cb2a9a-d5da-461a-8ebd-b99a4ac08cd4","HARV_052.basePlot.ltr","D01","HARV","HARV_052","HARV_052_314","2017-03-06","2016-11-14","2017-02-24","2017-03-01T12:30Z","2017-03-07T14:46Z","NEON.LTR.HARV052314.20170224","NEON.LTR.HARV052314.20170224.OTH","NEON.DOC.001710vE","Other",1.03,"N",NA,"PDeeglfRpMhcY5NLVbh+bstb6vCqIxGZKgPlDUiyhOM="
"836f4fb5-1d5c-4ca6-b8b3-612e12418110","HARV_039.basePlot.ltr","D01","HARV","HARV_039","HARV_039_660","2017-03-06","2016-11-14","2017-02-24","2017-03-01T20:30Z","2017-03-07T18:35Z","NEON.LTR.HARV039660.20170224","NEON.LTR.HARV039660.20170224.LVS","NEON.DOC.001710vE","Leaves",16.56,"N",NA,"PDeeglfRpMhcY5NLVbh+bstb6vCqIxGZKgPlDUiyhOM="
"2ad6cb80-b5e7-476a-a714-7a1b4f15068e","HARV_044.basePlot.ltr","D01","HARV","HARV_044","HARV_044_111","2017-03-06","2016-11-14","2017-02-24","2017-03-01T12:30Z","2017-03-07T12:55Z","NEON.LTR.HARV044111.20170224","NEON.LTR.HARV044111.20170224.NDL","NEON.DOC.001710vE","Needles",4.62,"N",NA,"PDeeglfRpMhcY5NLVbh+bstb6vCqIxGZKgPlDUiyhOM="
"b2d0097d-c598-4437-899a-909698497260","HARV_052.basePlot.ltr","D01","HARV","HARV_052","HARV_052_902","2017-03-06","2016-11-14","2017-02-24","2017-03-01T20:30Z","2017-03-07T18:22Z","NEON.LTR.HARV052902.20170224","NEON.LTR.HARV052902.20170224.OTH","NEON.DOC.001710vE","Other",0.27,"N",NA,"PDeeglfRpMhcY5NLVbh+bstb6vCqIxGZKgPlDUiyhOM="
"49f07aa0-9d82-4058-8fed-38ae82d38928","HARV_051.basePlot.ltr","D01","HARV","HARV_051","HARV_051_361","2017-03-06","2016-11-14","2017-02-24","2017-03-01T12:30Z","2017-03-07T18:14Z","NEON.LTR.HARV051361.20170224","NEON.LTR.HARV051361.20170224.NDL","NEON.DOC.001710vE","Needles",0.44,"N",NA,"PDeeglfRpMhcY5NLVbh+bstb6vCqIxGZKgPlDUiyhOM="
"8366640e-3943-46b0-91f1-cd77d135ab7c","HARV_044.basePlot.ltr","D01","HARV","HARV_044","HARV_044_111","2017-03-06","2016-11-14","2017-02-24","2017-03-01T12:30Z","2017-03-07T12:56Z","NEON.LTR.HARV044111.20170224","NEON.LTR.HARV044111.20170224.FLR","NEON.DOC.001710vE","Flowers",0.23,"N",NA,"PDeeglfRpMhcY5NLVbh+bstb6vCqIxGZKgPlDUiyhOM="
"4a3b9b98-6f6d-4ac7-8da4-6820fb20c38c","HARV_051.basePlot.ltr","D01","HARV","HARV_051","HARV_051_701","2017-03-06","2016-11-14","2017-02-24","2017-03-01T12:30Z","2017-03-07T16:21Z","NEON.LTR.HARV051701.20170224","NEON.LTR.HARV051701.20170224.FLR","NEON.DOC.001710vE","Flowers",0.04,"N",NA,"PDeeglfRpMhcY5NLVbh+bstb6vCqIxGZKgPlDUiyhOM="
"7ad86ff2-a640-4c5b-b067-9def264bd9ac","HARV_052.basePlot.ltr","D01","HARV","HARV_052","HARV_052_314","2017-03-06","2016-11-14","2017-02-24","2017-03-01T12:30Z","2017-03-06T16:47Z","NEON.LTR.HARV052314.20170224","NEON.LTR.HARV052314.20170224.TWI","NEON.DOC.001710vE","Twigs/branches",8.11,"N",NA,"PDeeglfRpMhcY5NLVbh+bstb6vCqIxGZKgPlDUiyhOM="
"dcccc315-ad74-4479-9492-8d99b4dd0827","HARV_037.basePlot.ltr","D01","HARV","HARV_037","HARV_037_292","2017-03-06","2016-11-14","2017-02-24","2017-03-01T12:30Z","2017-03-07T13:28Z","NEON.LTR.HARV037292.20170224","NEON.LTR.HARV037292.20170224.OTH","NEON.DOC.001710vE","Other",0.01,"N",NA,"PDeeglfRpMhcY5NLVbh+bstb6vCqIxGZKgPlDUiyhOM="
"7e554920-79d3-4ae0-bfa5-c67600c4462b","HARV_052.basePlot.ltr","D01","HARV","HARV_052","HARV_052_314","2017-03-06","2016-11-14","2017-02-24","2017-03-01T12:30Z","2017-03-07T14:42Z","NEON.LTR.HARV052314.20170224","NEON.LTR.HARV052314.20170224.FLR","NEON.DOC.001710vE","Flowers",0.01,"N",NA,"PDeeglfRpMhcY5NLVbh+bstb6vCqIxGZKgPlDUiyhOM="
"ab965ca1-36d2-47cd-9cf2-a4c7270d5e1b","HARV_051.basePlot.ltr","D01","HARV","HARV_051","HARV_051_701","2017-03-06","2016-11-14","2017-02-24","2017-03-01T12:30Z","2017-03-06T18:00Z","NEON.LTR.HARV051701.20170224","NEON.LTR.HARV051701.20170224.WDY","NEON.DOC.001710vE","Woody material",0.14,"N",NA,"PDeeglfRpMhcY5NLVbh+bstb6vCqIxGZKgPlDUiyhOM="
"b2815f12-5ee7-498c-a3ed-8795b9fd6aae","HARV_051.basePlot.ltr","D01","HARV","HARV_051","HARV_051_361","2017-03-06","2016-11-14","2017-02-24","2017-03-01T12:30Z","2017-03-07T18:11Z","NEON.LTR.HARV051361.20170224","NEON.LTR.HARV051361.20170224.LVS","NEON.DOC.001710vE","Leaves",7.58,"N",NA,"PDeeglfRpMhcY5NLVbh+bstb6vCqIxGZKgPlDUiyhOM="
"bc52661e-07a6-4252-a98d-54b06d0dce4c","HARV_044.basePlot.ltr","D01","HARV","HARV_044","HARV_044_111","2017-03-06","2016-11-14","2017-02-24","2017-03-01T12:30Z","2017-03-06T17:39Z","NEON.LTR.HARV044111.20170224","NEON.LTR.HARV044111.20170224.TWI","NEON.DOC.001710vE","Twigs/branches",2.5,"N",NA,"PDeeglfRpMhcY5NLVbh+bstb6vCqIxGZKgPlDUiyhOM="
"26e302b3-ddc8-4bb5-a3f4-7d5001405417","HARV_052.basePlot.ltr","D01","HARV","HARV_052","HARV_052_902","2017-03-06","2016-11-14","2017-02-24","2017-03-01T20:30Z","2017-03-07T18:24Z","NEON.LTR.HARV052902.20170224","NEON.LTR.HARV052902.20170224.LVS","NEON.DOC.001710vE","Leaves",3.38,"N",NA,"PDeeglfRpMhcY5NLVbh+bstb6vCqIxGZKgPlDUiyhOM="
"c3ee24f9-886a-4d90-a1ee-53771df63fde","HARV_051.basePlot.ltr","D01","HARV","HARV_051","HARV_051_361","2017-03-06","2016-11-14","2017-02-24","2017-03-01T12:30Z","2017-03-06T16:11Z","NEON.LTR.HARV051361.20170224","NEON.LTR.HARV051361.20170224.WDY","NEON.DOC.001710vE","Woody material",0.74,"N",NA,"PDeeglfRpMhcY5NLVbh+bstb6vCqIxGZKgPlDUiyhOM="
"9e8985b5-7998-4d00-a103-2ed464e12702","HARV_037.basePlot.ltr","D01","HARV","HARV_037","HARV_037_292","2017-03-06","2016-11-14","2017-02-24","2017-03-01T12:30Z","2017-03-07T13:25Z","NEON.LTR.HARV037292.20170224","NEON.LTR.HARV037292.20170224.FLR","NEON.DOC.001710vE","Flowers",0.08,"N",NA,"PDeeglfRpMhcY5NLVbh+bstb6vCqIxGZKgPlDUiyhOM="
"0bff38d6-1365-4080-9743-df1c475c4f61","HARV_039.basePlot.ltr","D01","HARV","HARV_039","HARV_039_660","2017-03-06","2016-11-14","2017-02-24","2017-03-01T12:30Z","2017-03-06T15:40Z","NEON.LTR.HARV039660.20170224","NEON.LTR.HARV039660.20170224.WDY","NEON.DOC.001710vE","Woody material",4.33,"N",NA,"PDeeglfRpMhcY5NLVbh+bstb6vCqIxGZKgPlDUiyhOM="
"6d6d067a-209c-4f75-a6f8-8eb1c43cc1d5","HARV_051.basePlot.ltr","D01","HARV","HARV_051","HARV_051_361","2017-03-06","2016-11-14","2017-02-24","2017-03-01T12:30Z","2017-03-07T18:15Z","NEON.LTR.HARV051361.20170224","NEON.LTR.HARV051361.20170224.SDS","NEON.DOC.001710vE","Seeds",0.02,"N",NA,"PDeeglfRpMhcY5NLVbh+bstb6vCqIxGZKgPlDUiyhOM="
"fb52eb1b-1771-4823-b691-5538be22234d","HARV_052.basePlot.ltr","D01","HARV","HARV_052","HARV_052_314","2017-03-06","2016-11-14","2017-02-24","2017-03-01T12:30Z","2017-03-07T14:45Z","NEON.LTR.HARV052314.20170224","NEON.LTR.HARV052314.20170224.SDS","NEON.DOC.001710vE","Seeds",0.14,"N",NA,"PDeeglfRpMhcY5NLVbh+bstb6vCqIxGZKgPlDUiyhOM="
"f15073fd-3e54-49a3-bc7c-d2e55be220aa","HARV_051.basePlot.ltr","D01","HARV","HARV_051","HARV_051_361","2017-03-06","2016-11-14","2017-02-24","2017-03-01T12:30Z","2017-03-07T18:12Z","NEON.LTR.HARV051361.20170224","NEON.LTR.HARV051361.20170224.OTH","NEON.DOC.001710vE","Other",0.08,"N",NA,"PDeeglfRpMhcY5NLVbh+bstb6vCqIxGZKgPlDUiyhOM="
"7714467d-f714-4364-b7fc-0b8f66a558ff","HARV_037.basePlot.ltr","D01","HARV","HARV_037","HARV_037_292","2017-03-06","2016-11-14","2017-02-24","2017-03-01T12:30Z","2017-03-07T13:26Z","NEON.LTR.HARV037292.20170224","NEON.LTR.HARV037292.20170224.NDL","NEON.DOC.001710vE","Needles",1.67,"N",NA,"PDeeglfRpMhcY5NLVbh+bstb6vCqIxGZKgPlDUiyhOM="
"75c93a7a-039a-4155-976f-e5f56342f271","HARV_044.basePlot.ltr","D01","HARV","HARV_044","HARV_044_111","2017-03-06","2016-11-14","2017-02-24","2017-03-01T12:30Z","2017-03-07T21:11Z","NEON.LTR.HARV044111.20170224","NEON.LTR.HARV044111.20170224.SDS","NEON.DOC.001710vE","Seeds",0.12,"Y",NA,"PDeeglfRpMhcY5NLVbh+bstb6vCqIxGZKgPlDUiyhOM="
"3d7abb49-1dc1-4964-ad21-bb90f5d85bff","HARV_052.basePlot.ltr","D01","HARV","HARV_052","HARV_052_314","2017-03-06","2016-11-14","2017-02-24","2017-03-01T12:30Z","2017-03-06T16:46Z","NEON.LTR.HARV052314.20170224","NEON.LTR.HARV052314.20170224.WDY","NEON.DOC.001710vE","Woody material",0.71,"N",NA,"PDeeglfRpMhcY5NLVbh+bstb6vCqIxGZKgPlDUiyhOM="
"bf4aaed2-85eb-4dd6-b43a-8de7d657dd9c","HARV_039.basePlot.ltr","D01","HARV","HARV_039","HARV_039_660","2017-03-06","2016-11-14","2017-02-24","2017-03-01T12:30Z","2017-03-06T15:47Z","NEON.LTR.HARV039660.20170224","NEON.LTR.HARV039660.20170224.TWI","NEON.DOC.001710vE","Twigs/branches",36.68,"N",NA,"PDeeglfRpMhcY5NLVbh+bstb6vCqIxGZKgPlDUiyhOM="
"48de6300-3485-4a9d-96e2-a3be2e3498db","HARV_039.basePlot.ltr","D01","HARV","HARV_039","HARV_039_660","2017-03-06","2016-11-14","2017-02-24","2017-03-01T20:30Z","2017-03-07T18:38Z","NEON.LTR.HARV039660.20170224","NEON.LTR.HARV039660.20170224.OTH","NEON.DOC.001710vE","Other",0.31,"N",NA,"PDeeglfRpMhcY5NLVbh+bstb6vCqIxGZKgPlDUiyhOM="
"8a62eb67-36d1-405c-aa56-13dec1e2a713","HARV_039.basePlot.ltr","D01","HARV","HARV_039","HARV_039_660","2017-03-06","2016-11-14","2017-02-24","2017-03-01T12:30Z","2017-03-06T15:45Z","NEON.LTR.HARV039660.20170224","NEON.LTR.HARV039660.20170224.SDS","NEON.DOC.001710vE","Seeds",0.23,"N",NA,"PDeeglfRpMhcY5NLVbh+bstb6vCqIxGZKgPlDUiyhOM="
"7af5afe1-e362-4f7b-9b62-3760cd6f14ad","HARV_039.basePlot.ltr","D01","HARV","HARV_039","HARV_039_660","2017-03-06","2016-11-14","2017-02-24","2017-03-01T20:30Z","2017-03-07T18:37Z","NEON.LTR.HARV039660.20170224","NEON.LTR.HARV039660.20170224.NDL","NEON.DOC.001710vE","Needles",5.09,"N",NA,"PDeeglfRpMhcY5NLVbh+bstb6vCqIxGZKgPlDUiyhOM="
"706b0882-99fd-453d-a4c3-f2d5d930e32d","HARV_039.basePlot.ltr","D01","HARV","HARV_039","HARV_039_660","2017-03-06","2016-11-14","2017-02-24","2017-03-01T20:30Z","2017-03-07T18:39Z","NEON.LTR.HARV039660.20170224","NEON.LTR.HARV039660.20170224.MXT","NEON.DOC.001710vE","Mixed",1.37,"N",NA,"PDeeglfRpMhcY5NLVbh+bstb6vCqIxGZKgPlDUiyhOM="
"50b8a73b-6b95-4dcb-8cc8-03bf1ad9acc2","HARV_037.basePlot.ltr","D01","HARV","HARV_037","HARV_037_292","2017-03-06","2016-11-14","2017-02-24","2017-03-01T12:30Z","2017-03-07T21:11Z","NEON.LTR.HARV037292.20170224","NEON.LTR.HARV037292.20170224.OTH","NEON.DOC.001710vE","Other",0.01,"Y",NA,"PDeeglfRpMhcY5NLVbh+bstb6vCqIxGZKgPlDUiyhOM="
"192ec3c4-a158-49d0-8188-61eece45272b","HARV_051.basePlot.ltr","D01","HARV","HARV_051","HARV_051_701","2017-03-06","2016-11-14","2017-02-24","2017-03-01T12:30Z","2017-03-06T17:59Z","NEON.LTR.HARV051701.20170224","NEON.LTR.HARV051701.20170224.TWI","NEON.DOC.001710vE","Twigs/branches",1.32,"N",NA,"PDeeglfRpMhcY5NLVbh+bstb6vCqIxGZKgPlDUiyhOM="
"773c3995-6987-4d9d-9300-84b9effc6788","HARV_044.basePlot.ltr","D01","HARV","HARV_044","HARV_044_111","2017-03-06","2016-11-14","2017-02-24","2017-03-01T12:30Z","2017-03-07T12:58Z","NEON.LTR.HARV044111.20170224","NEON.LTR.HARV044111.20170224.OTH","NEON.DOC.001710vE","Other",0.84,"N",NA,"PDeeglfRpMhcY5NLVbh+bstb6vCqIxGZKgPlDUiyhOM="
"dc4e5c73-096d-4c65-aabe-0fa7f2eb791e","HARV_052.basePlot.ltr","D01","HARV","HARV_052","HARV_052_902","2017-03-06","2016-11-14","2017-02-24","2017-03-01T12:30Z","2017-03-07T21:11Z","NEON.LTR.HARV052902.20170224","NEON.LTR.HARV052902.20170224.TWI","NEON.DOC.001710vE","Twigs/branches",7.16,"Y",NA,"PDeeglfRpMhcY5NLVbh+bstb6vCqIxGZKgPlDUiyhOM="
"51d18e86-dfde-4929-a56e-afbde05b1382","HARV_044.basePlot.ltr","D01","HARV","HARV_044","HARV_044_111","2017-03-06","2016-11-14","2017-02-24","2017-03-01T12:30Z","2017-03-06T17:41Z","NEON.LTR.HARV044111.20170224","NEON.LTR.HARV044111.20170224.WDY","NEON.DOC.001710vE","Woody material",1.8,"N",NA,"PDeeglfRpMhcY5NLVbh+bstb6vCqIxGZKgPlDUiyhOM="
"752b4387-d590-4784-9155-d7844701e158","HARV_051.basePlot.ltr","D01","HARV","HARV_051","HARV_051_361","2017-03-06","2016-11-14","2017-02-24","2017-03-01T12:30Z","2017-03-07T18:16Z","NEON.LTR.HARV051361.20170224","NEON.LTR.HARV051361.20170224.MXT","NEON.DOC.001710vE","Mixed",0.76,"N",NA,"PDeeglfRpMhcY5NLVbh+bstb6vCqIxGZKgPlDUiyhOM="
"ed4e0924-057f-4559-9891-916d149c3e26","HARV_051.basePlot.ltr","D01","HARV","HARV_051","HARV_051_361","2017-03-06","2016-11-14","2017-02-24","2017-03-01T12:30Z","2017-03-07T18:13Z","NEON.LTR.HARV051361.20170224","NEON.LTR.HARV051361.20170224.FLR","NEON.DOC.001710vE","Flowers",0.08,"N",NA,"PDeeglfRpMhcY5NLVbh+bstb6vCqIxGZKgPlDUiyhOM="
"049f10f6-9ba9-433b-aee3-a97c9e45a1c4","HARV_037.basePlot.ltr","D01","HARV","HARV_037","HARV_037_292","2017-03-06","2016-11-14","2017-02-24","2017-03-01T12:30Z","2017-03-06T17:47Z","NEON.LTR.HARV037292.20170224","NEON.LTR.HARV037292.20170224.WDY","NEON.DOC.001710vE","Woody material",0.55,"N",NA,"PDeeglfRpMhcY5NLVbh+bstb6vCqIxGZKgPlDUiyhOM="
"80110f05-d0fd-420f-83fc-29a5ddb36ac3","HARV_037.basePlot.ltr","D01","HARV","HARV_037","HARV_037_292","2017-03-06","2016-11-14","2017-02-24","2017-03-01T12:30Z","2017-03-07T13:29Z","NEON.LTR.HARV037292.20170224","NEON.LTR.HARV037292.20170224.LVS","NEON.DOC.001710vE","Leaves",14.2,"N",NA,"PDeeglfRpMhcY5NLVbh+bstb6vCqIxGZKgPlDUiyhOM="
"c5d22b82-ea09-4ddd-b7fe-1cdafd3e1801","HARV_044.basePlot.ltr","D01","HARV","HARV_044","HARV_044_111","2017-03-06","2016-11-14","2017-02-24","2017-03-01T12:30Z","2017-03-07T12:59Z","NEON.LTR.HARV044111.20170224","NEON.LTR.HARV044111.20170224.LVS","NEON.DOC.001710vE","Leaves",0.47,"N",NA,"PDeeglfRpMhcY5NLVbh+bstb6vCqIxGZKgPlDUiyhOM="
"9f60a0fd-99b2-4968-a510-7533fbdbd49b","HARV_037.basePlot.ltr","D01","HARV","HARV_037","HARV_037_292","2017-03-06","2016-11-14","2017-02-24","2017-03-01T12:30Z","2017-03-07T13:27Z","NEON.LTR.HARV037292.20170224","NEON.LTR.HARV037292.20170224.MXT","NEON.DOC.001710vE","Mixed",4.55,"N",NA,"PDeeglfRpMhcY5NLVbh+bstb6vCqIxGZKgPlDUiyhOM="
"fb2ff10f-85c0-4bdb-9856-7e57f842e214","HARV_051.basePlot.ltr","D01","HARV","HARV_051","HARV_051_361","2017-03-06","2016-11-14","2017-02-24","2017-03-01T12:30Z","2017-03-07T21:11Z","NEON.LTR.HARV051361.20170224","NEON.LTR.HARV051361.20170224.LVS","NEON.DOC.001710vE","Leaves",7.6,"Y",NA,"PDeeglfRpMhcY5NLVbh+bstb6vCqIxGZKgPlDUiyhOM="
"a2bfc83f-ba2f-4930-91f9-de54a875f9b1","HARV_038.basePlot.ltr","D01","HARV","HARV_038","HARV_038_543","2017-03-06","2016-11-14","2017-02-24","2017-03-01T20:30Z","2017-03-07T18:46Z","NEON.LTR.HARV038543.20170224","NEON.LTR.HARV038543.20170224.FLR","NEON.DOC.001710vE","Flowers",0.02,"N",NA,"PDeeglfRpMhcY5NLVbh+bstb6vCqIxGZKgPlDUiyhOM="
"9c8cff24-5397-4ebb-9400-5414be9c07c7","HARV_052.basePlot.ltr","D01","HARV","HARV_052","HARV_052_902","2017-03-06","2016-11-14","2017-02-24","2017-03-01T20:30Z","2017-03-06T18:26Z","NEON.LTR.HARV052902.20170224","NEON.LTR.HARV052902.20170224.TWI","NEON.DOC.001710vE","Twigs/branches",7.15,"N",NA,"PDeeglfRpMhcY5NLVbh+bstb6vCqIxGZKgPlDUiyhOM="
"5504c9f5-32e8-41ee-85b8-2fc3f63bcaaf","HARV_052.basePlot.ltr","D01","HARV","HARV_052","HARV_052_902","2017-03-06","2016-11-14","2017-02-24","2017-03-01T20:30Z","2017-03-07T18:21Z","NEON.LTR.HARV052902.20170224","NEON.LTR.HARV052902.20170224.SDS","NEON.DOC.001710vE","Seeds",0.22,"N",NA,"PDeeglfRpMhcY5NLVbh+bstb6vCqIxGZKgPlDUiyhOM="
"5d13cec4-49f2-4a3d-9ee9-10ff85f3b4f6","HARV_038.basePlot.ltr","D01","HARV","HARV_038","HARV_038_543","2017-03-06","2016-11-14","2017-02-24","2017-03-01T12:30Z","2017-03-07T21:11Z","NEON.LTR.HARV038543.20170224","NEON.LTR.HARV038543.20170224.OTH","NEON.DOC.001710vE","Other",0.25,"Y",NA,"PDeeglfRpMhcY5NLVbh+bstb6vCqIxGZKgPlDUiyhOM="
"61297204-ae5d-43b8-b2ba-a5c7d76806f0","HARV_052.basePlot.ltr","D01","HARV","HARV_052","HARV_052_902","2017-03-06","2016-11-14","2017-02-24","2017-03-01T20:30Z","2017-03-07T18:22Z","NEON.LTR.HARV052902.20170224","NEON.LTR.HARV052902.20170224.MXT","NEON.DOC.001710vE","Mixed",5.33,"N",NA,"PDeeglfRpMhcY5NLVbh+bstb6vCqIxGZKgPlDUiyhOM="
"b9bfa362-590c-430d-8af3-f9edbcf91f7a","HARV_038.basePlot.ltr","D01","HARV","HARV_038","HARV_038_543","2017-03-06","2016-11-14","2017-02-24","2017-03-01T20:30Z","2017-03-07T18:45Z","NEON.LTR.HARV038543.20170224","NEON.LTR.HARV038543.20170224.SDS","NEON.DOC.001710vE","Seeds",1.12,"N",NA,"PDeeglfRpMhcY5NLVbh+bstb6vCqIxGZKgPlDUiyhOM="
"79005d5b-207d-4d76-9457-2138d660a9cc","HARV_052.basePlot.ltr","D01","HARV","HARV_052","HARV_052_902","2017-03-06","2016-11-14","2017-02-24","2017-03-01T20:30Z","2017-03-06T18:24Z","NEON.LTR.HARV052902.20170224","NEON.LTR.HARV052902.20170224.WDY","NEON.DOC.001710vE","Woody material",4.57,"N",NA,"PDeeglfRpMhcY5NLVbh+bstb6vCqIxGZKgPlDUiyhOM="
"d7cde8a8-484a-4c70-9170-df35cea4934f","HARV_038.basePlot.ltr","D01","HARV","HARV_038","HARV_038_543","2017-03-06","2016-11-14","2017-02-24","2017-03-01T20:30Z","2017-03-07T18:47Z","NEON.LTR.HARV038543.20170224","NEON.LTR.HARV038543.20170224.LVS","NEON.DOC.001710vE","Leaves",8.94,"N",NA,"PDeeglfRpMhcY5NLVbh+bstb6vCqIxGZKgPlDUiyhOM="
"752d16f2-b36a-4451-809e-ab84a7d3d803","HARV_052.basePlot.ltr","D01","HARV","HARV_052","HARV_052_902","2017-03-06","2016-11-14","2017-02-24","2017-03-01T20:30Z","2017-03-07T18:20Z","NEON.LTR.HARV052902.20170224","NEON.LTR.HARV052902.20170224.NDL","NEON.DOC.001710vE","Needles",1.91,"N",NA,"PDeeglfRpMhcY5NLVbh+bstb6vCqIxGZKgPlDUiyhOM="
"a8730204-6d59-4865-8de4-db4d41bcd486","HARV_052.basePlot.ltr","D01","HARV","HARV_052","HARV_052_902","2017-03-06","2016-11-14","2017-02-24","2017-03-01T20:30Z","2017-03-07T18:19Z","NEON.LTR.HARV052902.20170224","NEON.LTR.HARV052902.20170224.FLR","NEON.DOC.001710vE","Flowers",0.16,"N",NA,"PDeeglfRpMhcY5NLVbh+bstb6vCqIxGZKgPlDUiyhOM="
"5f009acd-7825-48e8-9825-dc2277619f72","HARV_038.basePlot.ltr","D01","HARV","HARV_038","HARV_038_543","2017-03-06","2016-11-14","2017-02-24","2017-03-01T12:30Z","2017-03-07T21:11Z","NEON.LTR.HARV038543.20170224","NEON.LTR.HARV038543.20170224.WDY","NEON.DOC.001710vE","Woody material",1.62,"Y",NA,"PDeeglfRpMhcY5NLVbh+bstb6vCqIxGZKgPlDUiyhOM="
"f28adaeb-7a67-49c6-a5df-1051a3bbeac7","HARV_046.basePlot.ltr","D01","HARV","HARV_046","HARV_046_764","2017-03-06","2016-11-14","2017-02-24","2017-03-01T12:30Z","2017-03-07T14:55Z","NEON.LTR.HARV046764.20170224","NEON.LTR.HARV046764.20170224.OTH","NEON.DOC.001710vE","Other",1.24,"N",NA,"PDeeglfRpMhcY5NLVbh+bstb6vCqIxGZKgPlDUiyhOM="
"fe344c04-911b-4f7d-844b-737ab0bb7a9d","HARV_050.basePlot.ltr","D01","HARV","HARV_050","HARV_050_043","2017-03-06","2016-11-14","2017-02-24","2017-03-01T12:30Z","2017-03-06T18:12Z","NEON.LTR.HARV050043.20170224","NEON.LTR.HARV050043.20170224.WDY","NEON.DOC.001710vE","Woody material",4.75,"N",NA,"PDeeglfRpMhcY5NLVbh+bstb6vCqIxGZKgPlDUiyhOM="
"b17b86ad-036e-41ae-af27-b1e535fa3ec7","HARV_050.basePlot.ltr","D01","HARV","HARV_050","HARV_050_043","2017-03-06","2016-11-14","2017-02-24","2017-03-01T12:30Z","2017-03-07T13:59Z","NEON.LTR.HARV050043.20170224","NEON.LTR.HARV050043.20170224.MXT","NEON.DOC.001710vE","Mixed",2.88,"N",NA,"PDeeglfRpMhcY5NLVbh+bstb6vCqIxGZKgPlDUiyhOM="
"aa45e985-b098-429d-8ffe-69e55edb6176","HARV_039.basePlot.ltr","D01","HARV","HARV_039","HARV_039_872","2017-03-06","2016-11-14","2017-02-24","2017-03-01T12:30Z","2017-03-07T13:33Z","NEON.LTR.HARV039872.20170224","NEON.LTR.HARV039872.20170224.LVS","NEON.DOC.001710vE","Leaves",14.59,"N",NA,"PDeeglfRpMhcY5NLVbh+bstb6vCqIxGZKgPlDUiyhOM="
"99f6627b-88b0-413c-aab5-f2b44f11a37f","HARV_050.basePlot.ltr","D01","HARV","HARV_050","HARV_050_043","2017-03-06","2016-11-14","2017-02-24","2017-03-01T12:30Z","2017-03-07T14:00Z","NEON.LTR.HARV050043.20170224","NEON.LTR.HARV050043.20170224.FLR","NEON.DOC.001710vE","Flowers",0.59,"N",NA,"PDeeglfRpMhcY5NLVbh+bstb6vCqIxGZKgPlDUiyhOM="
"3dedcf36-eb34-470a-ba11-0d96621469ef","HARV_039.basePlot.ltr","D01","HARV","HARV_039","HARV_039_872","2017-03-06","2016-11-14","2017-02-24","2017-03-01T12:30Z","2017-03-07T13:35Z","NEON.LTR.HARV039872.20170224","NEON.LTR.HARV039872.20170224.NDL","NEON.DOC.001710vE","Needles",1.52,"N",NA,"PDeeglfRpMhcY5NLVbh+bstb6vCqIxGZKgPlDUiyhOM="
"438b6c82-b683-4b52-ad59-66d14fbac52e","HARV_038.basePlot.ltr","D01","HARV","HARV_038","HARV_038_543","2017-03-06","2016-11-14","2017-02-24","2017-03-01T20:30Z","2017-03-06T20:58Z","NEON.LTR.HARV038543.20170224","NEON.LTR.HARV038543.20170224.WDY","NEON.DOC.001710vE","Woody material",1.6,"N",NA,"PDeeglfRpMhcY5NLVbh+bstb6vCqIxGZKgPlDUiyhOM="
"657e90ea-eaf8-477e-a6f3-51721b4ac8f6","HARV_046.basePlot.ltr","D01","HARV","HARV_046","HARV_046_764","2017-03-06","2016-11-14","2017-02-24","2017-03-01T12:30Z","2017-03-06T16:03Z","NEON.LTR.HARV046764.20170224","NEON.LTR.HARV046764.20170224.WDY","NEON.DOC.001710vE","Woody material",0.08,"N",NA,"PDeeglfRpMhcY5NLVbh+bstb6vCqIxGZKgPlDUiyhOM="
"01cfe962-473a-4c5a-9715-616ed51c768f","HARV_050.basePlot.ltr","D01","HARV","HARV_050","HARV_050_043","2017-03-06","2016-11-14","2017-02-24","2017-03-01T12:30Z","2017-03-07T13:58Z","NEON.LTR.HARV050043.20170224","NEON.LTR.HARV050043.20170224.SDS","NEON.DOC.001710vE","Seeds",0.71,"N",NA,"PDeeglfRpMhcY5NLVbh+bstb6vCqIxGZKgPlDUiyhOM="
"68cd3ec7-7637-4bc0-9128-4eca8ef01b68","HARV_039.basePlot.ltr","D01","HARV","HARV_039","HARV_039_872","2017-03-06","2016-11-14","2017-02-24","2017-03-01T12:30Z","2017-03-07T13:38Z","NEON.LTR.HARV039872.20170224","NEON.LTR.HARV039872.20170224.OTH","NEON.DOC.001710vE","Other",0.31,"N",NA,"PDeeglfRpMhcY5NLVbh+bstb6vCqIxGZKgPlDUiyhOM="
"b1a09aae-65fe-4872-8da6-88259024cdfa","HARV_043.basePlot.ltr","D01","HARV","HARV_043","HARV_043_550","2017-03-06","2016-11-14","2017-02-24","2017-03-01T20:30Z","2017-03-07T18:49Z","NEON.LTR.HARV043550.20170224","NEON.LTR.HARV043550.20170224.SDS","NEON.DOC.001710vE","Seeds",0.21,"N",NA,"PDeeglfRpMhcY5NLVbh+bstb6vCqIxGZKgPlDUiyhOM="
"9137d406-ca1f-4e3e-8bc0-3a9a48b14a21","HARV_038.basePlot.ltr","D01","HARV","HARV_038","HARV_038_543","2017-03-06","2016-11-14","2017-02-24","2017-03-01T20:30Z","2017-03-06T20:59Z","NEON.LTR.HARV038543.20170224","NEON.LTR.HARV038543.20170224.TWI","NEON.DOC.001710vE","Twigs/branches",8.67,"N",NA,"PDeeglfRpMhcY5NLVbh+bstb6vCqIxGZKgPlDUiyhOM="
"7e5f77a1-fdfd-446c-93c0-8cbd11e4c43d","HARV_050.basePlot.ltr","D01","HARV","HARV_050","HARV_050_043","2017-03-06","2016-11-14","2017-02-24","2017-03-01T12:30Z","2017-03-07T21:11Z","NEON.LTR.HARV050043.20170224","NEON.LTR.HARV050043.20170224.LVS","NEON.DOC.001710vE","Leaves",5.82,"Y",NA,"PDeeglfRpMhcY5NLVbh+bstb6vCqIxGZKgPlDUiyhOM="
"d1041b34-8268-465a-b816-aae7c8c05700","HARV_043.basePlot.ltr","D01","HARV","HARV_043","HARV_043_550","2017-03-06","2016-11-14","2017-02-24","2017-03-01T20:30Z","2017-03-07T18:51Z","NEON.LTR.HARV043550.20170224","NEON.LTR.HARV043550.20170224.FLR","NEON.DOC.001710vE","Flowers",0.12,"N",NA,"PDeeglfRpMhcY5NLVbh+bstb6vCqIxGZKgPlDUiyhOM="
"fd4c21ba-f01a-4394-82a2-15de78f10dae","HARV_050.basePlot.ltr","D01","HARV","HARV_050","HARV_050_043","2017-03-06","2016-11-14","2017-02-24","2017-03-01T12:30Z","2017-03-07T14:01Z","NEON.LTR.HARV050043.20170224","NEON.LTR.HARV050043.20170224.OTH","NEON.DOC.001710vE","Other",0.44,"N",NA,"PDeeglfRpMhcY5NLVbh+bstb6vCqIxGZKgPlDUiyhOM="
"dfc97363-1f98-4a74-b2e9-3b757630b288","HARV_043.basePlot.ltr","D01","HARV","HARV_043","HARV_043_550","2017-03-06","2016-11-14","2017-02-24","2017-03-01T20:30Z","2017-03-06T20:28Z","NEON.LTR.HARV043550.20170224","NEON.LTR.HARV043550.20170224.TWI","NEON.DOC.001710vE","Twigs/branches",7.04,"N",NA,"PDeeglfRpMhcY5NLVbh+bstb6vCqIxGZKgPlDUiyhOM="
"3ffe7ed0-00a0-487a-8597-e06f5a49c20b","HARV_046.basePlot.ltr","D01","HARV","HARV_046","HARV_046_764","2017-03-06","2016-11-14","2017-02-24","2017-03-01T12:30Z","2017-03-07T14:50Z","NEON.LTR.HARV046764.20170224","NEON.LTR.HARV046764.20170224.NDL","NEON.DOC.001710vE","Needles",2.63,"N",NA,"PDeeglfRpMhcY5NLVbh+bstb6vCqIxGZKgPlDUiyhOM="
"5f6fe345-b3ca-4706-ab37-de1818cfe2b0","HARV_050.basePlot.ltr","D01","HARV","HARV_050","HARV_050_043","2017-03-06","2016-11-14","2017-02-24","2017-03-01T12:30Z","2017-03-06T18:14Z","NEON.LTR.HARV050043.20170224","NEON.LTR.HARV050043.20170224.TWI","NEON.DOC.001710vE","Twigs/branches",11.97,"N",NA,"PDeeglfRpMhcY5NLVbh+bstb6vCqIxGZKgPlDUiyhOM="
"f2506797-d770-49b1-8784-aa0d5b601971","HARV_039.basePlot.ltr","D01","HARV","HARV_039","HARV_039_872","2017-03-06","2016-11-14","2017-02-24","2017-03-01T12:30Z","2017-03-07T13:39Z","NEON.LTR.HARV039872.20170224","NEON.LTR.HARV039872.20170224.MXT","NEON.DOC.001710vE","Mixed",0.92,"N",NA,"PDeeglfRpMhcY5NLVbh+bstb6vCqIxGZKgPlDUiyhOM="
"906390fb-8777-4a58-8249-ad520d9b77c7","HARV_050.basePlot.ltr","D01","HARV","HARV_050","HARV_050_043","2017-03-06","2016-11-14","2017-02-24","2017-03-01T12:30Z","2017-03-07T14:03Z","NEON.LTR.HARV050043.20170224","NEON.LTR.HARV050043.20170224.NDL","NEON.DOC.001710vE","Needles",0.59,"N",NA,"PDeeglfRpMhcY5NLVbh+bstb6vCqIxGZKgPlDUiyhOM="
"e704144f-fb08-49c7-aa78-15c7060de6c9","HARV_038.basePlot.ltr","D01","HARV","HARV_038","HARV_038_543","2017-03-06","2016-11-14","2017-02-24","2017-03-01T20:30Z","2017-03-07T18:43Z","NEON.LTR.HARV038543.20170224","NEON.LTR.HARV038543.20170224.MXT","NEON.DOC.001710vE","Mixed",2.29,"N",NA,"PDeeglfRpMhcY5NLVbh+bstb6vCqIxGZKgPlDUiyhOM="
"7d0c0c69-dc34-48c7-8702-e3eaf7049321","HARV_039.basePlot.ltr","D01","HARV","HARV_039","HARV_039_872","2017-03-06","2016-11-14","2017-02-24","2017-03-01T12:30Z","2017-03-06T17:33Z","NEON.LTR.HARV039872.20170224","NEON.LTR.HARV039872.20170224.TWI","NEON.DOC.001710vE","Twigs/branches",2.54,"N",NA,"PDeeglfRpMhcY5NLVbh+bstb6vCqIxGZKgPlDUiyhOM="
"efcac60b-f175-42b0-a61f-69a18a89eea7","HARV_039.basePlot.ltr","D01","HARV","HARV_039","HARV_039_872","2017-03-06","2016-11-14","2017-02-24","2017-03-01T12:30Z","2017-03-07T13:40Z","NEON.LTR.HARV039872.20170224","NEON.LTR.HARV039872.20170224.FLR","NEON.DOC.001710vE","Flowers",0.06,"N",NA,"PDeeglfRpMhcY5NLVbh+bstb6vCqIxGZKgPlDUiyhOM="
"6a9b59f5-1d66-495b-8b61-0b3d9f667dad","HARV_046.basePlot.ltr","D01","HARV","HARV_046","HARV_046_764","2017-03-06","2016-11-14","2017-02-24","2017-03-01T12:30Z","2017-03-07T14:51Z","NEON.LTR.HARV046764.20170224","NEON.LTR.HARV046764.20170224.MXT","NEON.DOC.001710vE","Mixed",1.4,"N",NA,"PDeeglfRpMhcY5NLVbh+bstb6vCqIxGZKgPlDUiyhOM="
"f5ea7d6a-9643-4a94-8ac3-bd648d2cf7df","HARV_039.basePlot.ltr","D01","HARV","HARV_039","HARV_039_872","2017-03-06","2016-11-14","2017-02-24","2017-03-01T12:30Z","2017-03-06T17:34Z","NEON.LTR.HARV039872.20170224","NEON.LTR.HARV039872.20170224.WDY","NEON.DOC.001710vE","Woody material",0.86,"N",NA,"PDeeglfRpMhcY5NLVbh+bstb6vCqIxGZKgPlDUiyhOM="
"cf6d56f4-1b8a-4329-87be-b87e5607b7bb","HARV_043.basePlot.ltr","D01","HARV","HARV_043","HARV_043_550","2017-03-06","2016-11-14","2017-02-24","2017-03-01T20:30Z","2017-03-07T18:52Z","NEON.LTR.HARV043550.20170224","NEON.LTR.HARV043550.20170224.NDL","NEON.DOC.001710vE","Needles",2.21,"N",NA,"PDeeglfRpMhcY5NLVbh+bstb6vCqIxGZKgPlDUiyhOM="
"073b9294-5e25-4bf6-bacf-dffe591c3313","HARV_039.basePlot.ltr","D01","HARV","HARV_039","HARV_039_872","2017-03-06","2016-11-14","2017-02-24","2017-03-01T12:30Z","2017-03-07T13:35Z","NEON.LTR.HARV039872.20170224","NEON.LTR.HARV039872.20170224.SDS","NEON.DOC.001710vE","Seeds",0.02,"N",NA,"PDeeglfRpMhcY5NLVbh+bstb6vCqIxGZKgPlDUiyhOM="
"ec91c71b-592f-4452-9840-75c985ec4ca3","HARV_043.basePlot.ltr","D01","HARV","HARV_043","HARV_043_550","2017-03-06","2016-11-14","2017-02-24","2017-03-01T20:30Z","2017-03-07T18:50Z","NEON.LTR.HARV043550.20170224","NEON.LTR.HARV043550.20170224.OTH","NEON.DOC.001710vE","Other",0.2,"N",NA,"PDeeglfRpMhcY5NLVbh+bstb6vCqIxGZKgPlDUiyhOM="
"0b864390-7fec-4bc9-b9c0-871f4a265438","HARV_046.basePlot.ltr","D01","HARV","HARV_046","HARV_046_764","2017-03-06","2016-11-14","2017-02-24","2017-03-01T12:30Z","2017-03-07T14:53Z","NEON.LTR.HARV046764.20170224","NEON.LTR.HARV046764.20170224.SDS","NEON.DOC.001710vE","Seeds",0.005,"N",NA,"PDeeglfRpMhcY5NLVbh+bstb6vCqIxGZKgPlDUiyhOM="
"0d894c40-ce8f-4eb9-a40b-1fdd5ec79017","HARV_046.basePlot.ltr","D01","HARV","HARV_046","HARV_046_764","2017-03-06","2016-11-14","2017-02-24","2017-03-01T12:30Z","2017-03-07T14:52Z","NEON.LTR.HARV046764.20170224","NEON.LTR.HARV046764.20170224.LVS","NEON.DOC.001710vE","Leaves",0.6,"N",NA,"PDeeglfRpMhcY5NLVbh+bstb6vCqIxGZKgPlDUiyhOM="
"2bef6e20-5dcc-4ddb-8dbd-0715316146ae","HARV_050.basePlot.ltr","D01","HARV","HARV_050","HARV_050_043","2017-03-06","2016-11-14","2017-02-24","2017-03-01T12:30Z","2017-03-07T14:04Z","NEON.LTR.HARV050043.20170224","NEON.LTR.HARV050043.20170224.LVS","NEON.DOC.001710vE","Leaves",5.88,"N",NA,"PDeeglfRpMhcY5NLVbh+bstb6vCqIxGZKgPlDUiyhOM="
"b11edc74-4c54-42f3-a8e3-fcaf9c6159a2","HARV_038.basePlot.ltr","D01","HARV","HARV_038","HARV_038_543","2017-03-06","2016-11-14","2017-02-24","2017-03-01T20:30Z","2017-03-07T18:44Z","NEON.LTR.HARV038543.20170224","NEON.LTR.HARV038543.20170224.NDL","NEON.DOC.001710vE","Needles",1.03,"N",NA,"PDeeglfRpMhcY5NLVbh+bstb6vCqIxGZKgPlDUiyhOM="
"aef89faf-9f76-43a8-a2db-c2b8e977a9a5","HARV_046.basePlot.ltr","D01","HARV","HARV_046","HARV_046_764","2017-03-06","2016-11-14","2017-02-24","2017-03-01T12:30Z","2017-03-07T14:54Z","NEON.LTR.HARV046764.20170224","NEON.LTR.HARV046764.20170224.FLR","NEON.DOC.001710vE","Flowers",0.02,"N",NA,"PDeeglfRpMhcY5NLVbh+bstb6vCqIxGZKgPlDUiyhOM="
"3c0baecc-48af-4e49-a416-655cd60bd7fc","HARV_041.basePlot.ltr","D01","HARV","HARV_041","HARV_041_620","2017-03-06","2016-11-14","2017-02-24","2017-03-01T12:30Z","2017-03-07T21:11Z","NEON.LTR.HARV041620.20170224","NEON.LTR.HARV041620.20170224.NDL","NEON.DOC.001710vE","Needles",1.28,"Y",NA,"PDeeglfRpMhcY5NLVbh+bstb6vCqIxGZKgPlDUiyhOM="
"261fc9f0-8c41-4e58-81a4-2428dfa5f3e1","HARV_038.basePlot.ltr","D01","HARV","HARV_038","HARV_038_543","2017-03-06","2016-11-14","2017-02-24","2017-03-01T20:30Z","2017-03-07T18:44Z","NEON.LTR.HARV038543.20170224","NEON.LTR.HARV038543.20170224.OTH","NEON.DOC.001710vE","Other",0.26,"N",NA,"PDeeglfRpMhcY5NLVbh+bstb6vCqIxGZKgPlDUiyhOM="
"b3d92165-3539-442c-ac67-6ba37e81803c","HARV_046.basePlot.ltr","D01","HARV","HARV_046","HARV_046_764","2017-03-06","2016-11-14","2017-02-24","2017-03-01T12:30Z","2017-03-06T16:02Z","NEON.LTR.HARV046764.20170224","NEON.LTR.HARV046764.20170224.TWI","NEON.DOC.001710vE","Twigs/branches",3.4,"N",NA,"PDeeglfRpMhcY5NLVbh+bstb6vCqIxGZKgPlDUiyhOM="
"db99182e-d81b-4912-9d1b-d41c87fb5bdc","HARV_043.basePlot.ltr","D01","HARV","HARV_043","HARV_043_550","2017-03-06","2016-11-14","2017-02-24","2017-03-01T20:30Z","2017-03-06T20:26Z","NEON.LTR.HARV043550.20170224","NEON.LTR.HARV043550.20170224.WDY","NEON.DOC.001710vE","Woody material",1.36,"N",NA,"PDeeglfRpMhcY5NLVbh+bstb6vCqIxGZKgPlDUiyhOM="
"4517a251-e4ef-4f40-91f5-794114bf6183","HARV_043.basePlot.ltr","D01","HARV","HARV_043","HARV_043_550","2017-03-06","2016-11-14","2017-02-24","2017-03-01T20:30Z","2017-03-07T18:54Z","NEON.LTR.HARV043550.20170224","NEON.LTR.HARV043550.20170224.LVS","NEON.DOC.001710vE","Leaves",3.01,"N",NA,"PDeeglfRpMhcY5NLVbh+bstb6vCqIxGZKgPlDUiyhOM="
"08256dac-7880-490c-9f92-36e3ad0d74fc","HARV_043.basePlot.ltr","D01","HARV","HARV_043","HARV_043_550","2017-03-06","2016-11-14","2017-02-24","2017-03-01T20:30Z","2017-03-07T18:53Z","NEON.LTR.HARV043550.20170224","NEON.LTR.HARV043550.20170224.MXT","NEON.DOC.001710vE","Mixed",2.64,"N",NA,"PDeeglfRpMhcY5NLVbh+bstb6vCqIxGZKgPlDUiyhOM="
"d61c6af6-390f-48e4-b137-f7a194d565cd","HARV_037.basePlot.ltr","D01","HARV","HARV_037","HARV_037_849","2017-03-06","2016-11-14","2017-02-24","2017-03-01T20:30Z","2017-03-07T16:46Z","NEON.LTR.HARV037849.20170224","NEON.LTR.HARV037849.20170224.SDS","NEON.DOC.001710vE","Seeds",0.08,"N",NA,"PDeeglfRpMhcY5NLVbh+bstb6vCqIxGZKgPlDUiyhOM="
"a33c14fe-9f9c-46e5-9ca4-1f8e2c2e6421","HARV_041.basePlot.ltr","D01","HARV","HARV_041","HARV_041_620","2017-03-06","2016-11-14","2017-02-24","2017-03-01T12:30Z","2017-03-07T12:10Z","NEON.LTR.HARV041620.20170224","NEON.LTR.HARV041620.20170224.NDL","NEON.DOC.001710vE","Needles",1.3,"N",NA,"PDeeglfRpMhcY5NLVbh+bstb6vCqIxGZKgPlDUiyhOM="
"bafee4f5-d1e4-451c-b09d-c318fa5d4eac","HARV_034.basePlot.ltr","D01","HARV","HARV_034","HARV_034_608","2017-03-06","2016-11-14","2017-02-24","2017-03-01T12:30Z","2017-03-06T21:25Z","NEON.LTR.HARV034608.20170224","NEON.LTR.HARV034608.20170224.WDY","NEON.DOC.001710vE","Woody material",0,"N",NA,"PDeeglfRpMhcY5NLVbh+bstb6vCqIxGZKgPlDUiyhOM="
"587935cb-9fab-4a3d-ba84-557933b31b6f","HARV_033.basePlot.ltr","D01","HARV","HARV_033","HARV_033_397","2017-03-06","2016-11-14","2017-02-24","2017-03-01T12:30Z","2017-03-07T14:22Z","NEON.LTR.HARV033397.20170224","NEON.LTR.HARV033397.20170224.FLR","NEON.DOC.001710vE","Flowers",0.07,"N",NA,"PDeeglfRpMhcY5NLVbh+bstb6vCqIxGZKgPlDUiyhOM="
"7d7835d6-614b-4a2e-aa5b-e994d4658ad4","HARV_045.basePlot.ltr","D01","HARV","HARV_045","HARV_045_201","2017-03-06","2016-11-14","2017-02-24","2017-03-01T12:30Z","2017-03-07T12:06Z","NEON.LTR.HARV045201.20170224","NEON.LTR.HARV045201.20170224.LVS","NEON.DOC.001710vE","Leaves",9.79,"N",NA,"PDeeglfRpMhcY5NLVbh+bstb6vCqIxGZKgPlDUiyhOM="
"c0ba1438-1aee-4efa-9411-8ca1a70372cf","HARV_034.basePlot.ltr","D01","HARV","HARV_034","HARV_034_608","2017-03-06","2016-11-14","2017-02-24","2017-03-01T12:30Z","2017-03-06T21:25Z","NEON.LTR.HARV034608.20170224","NEON.LTR.HARV034608.20170224.NDL","NEON.DOC.001710vE","Needles",27.13,"N",NA,"PDeeglfRpMhcY5NLVbh+bstb6vCqIxGZKgPlDUiyhOM="
"04916af5-d4cd-4034-b310-e7f5f6fd01ff","HARV_033.basePlot.ltr","D01","HARV","HARV_033","HARV_033_209","2017-03-06","2016-11-14","2017-02-24","2017-03-01T12:30Z","2017-03-07T15:01Z","NEON.LTR.HARV033209.20170224","NEON.LTR.HARV033209.20170224.MXT","NEON.DOC.001710vE","Mixed",1.22,"N",NA,"PDeeglfRpMhcY5NLVbh+bstb6vCqIxGZKgPlDUiyhOM="
"18223444-f07c-42af-8dcf-6c9115009660","HARV_033.basePlot.ltr","D01","HARV","HARV_033","HARV_033_397","2017-03-06","2016-11-14","2017-02-24","2017-03-01T12:30Z","2017-03-07T14:23Z","NEON.LTR.HARV033397.20170224","NEON.LTR.HARV033397.20170224.LVS","NEON.DOC.001710vE","Leaves",3.18,"N",NA,"PDeeglfRpMhcY5NLVbh+bstb6vCqIxGZKgPlDUiyhOM="
"a49a1237-1dc4-453e-aa4d-29b2c5e72099","HARV_037.basePlot.ltr","D01","HARV","HARV_037","HARV_037_849","2017-03-06","2016-11-14","2017-02-24","2017-03-01T20:30Z","2017-03-06T20:23Z","NEON.LTR.HARV037849.20170224","NEON.LTR.HARV037849.20170224.WDY","NEON.DOC.001710vE","Woody material",5.68,"N",NA,"PDeeglfRpMhcY5NLVbh+bstb6vCqIxGZKgPlDUiyhOM="
"5568cbdb-d978-4d98-9e9f-0549a4f2e92a","HARV_034.basePlot.ltr","D01","HARV","HARV_034","HARV_034_608","2017-03-06","2016-11-14","2017-02-24","2017-03-01T12:30Z","2017-03-06T21:25Z","NEON.LTR.HARV034608.20170224","NEON.LTR.HARV034608.20170224.TWI","NEON.DOC.001710vE","Twigs/branches",0,"N",NA,"PDeeglfRpMhcY5NLVbh+bstb6vCqIxGZKgPlDUiyhOM="
"bb806d70-a5ff-42b9-b72b-1b4c04187e32","HARV_033.basePlot.ltr","D01","HARV","HARV_033","HARV_033_209","2017-03-06","2016-11-14","2017-02-24","2017-03-01T12:30Z","2017-03-07T15:04Z","NEON.LTR.HARV033209.20170224","NEON.LTR.HARV033209.20170224.NDL","NEON.DOC.001710vE","Needles",2.89,"N",NA,"PDeeglfRpMhcY5NLVbh+bstb6vCqIxGZKgPlDUiyhOM="
"8b626cff-df35-4cef-9738-934f84e53ae3","HARV_033.basePlot.ltr","D01","HARV","HARV_033","HARV_033_397","2017-03-06","2016-11-14","2017-02-24","2017-03-01T12:30Z","2017-03-07T14:25Z","NEON.LTR.HARV033397.20170224","NEON.LTR.HARV033397.20170224.OTH","NEON.DOC.001710vE","Other",0.93,"N",NA,"PDeeglfRpMhcY5NLVbh+bstb6vCqIxGZKgPlDUiyhOM="
"201847b2-71e4-4c6f-87e8-87a4706b4b05","HARV_037.basePlot.ltr","D01","HARV","HARV_037","HARV_037_849","2017-03-06","2016-11-14","2017-02-24","2017-03-01T20:30Z","2017-03-06T20:24Z","NEON.LTR.HARV037849.20170224","NEON.LTR.HARV037849.20170224.TWI","NEON.DOC.001710vE","Twigs/branches",17.84,"N",NA,"PDeeglfRpMhcY5NLVbh+bstb6vCqIxGZKgPlDUiyhOM="
"5c54218c-f336-4e11-9927-6fe72bfdb8c1","HARV_034.basePlot.ltr","D01","HARV","HARV_034","HARV_034_608","2017-03-06","2016-11-14","2017-02-24","2017-03-01T12:30Z","2017-03-06T21:19Z","NEON.LTR.HARV034608.20170224","NEON.LTR.HARV034608.20170224.MXT","NEON.DOC.001710vE","Mixed",6.06,"N",NA,"PDeeglfRpMhcY5NLVbh+bstb6vCqIxGZKgPlDUiyhOM="
"9ddea9e1-c855-4fb2-9d59-0b64610768fe","HARV_034.basePlot.ltr","D01","HARV","HARV_034","HARV_034_608","2017-03-06","2016-11-14","2017-02-24","2017-03-01T12:30Z","2017-03-06T21:18Z","NEON.LTR.HARV034608.20170224","NEON.LTR.HARV034608.20170224.LVS","NEON.DOC.001710vE","Leaves",6.31,"N",NA,"PDeeglfRpMhcY5NLVbh+bstb6vCqIxGZKgPlDUiyhOM="
"c6d84b03-913f-4105-9197-d5f666ac056d","HARV_034.basePlot.ltr","D01","HARV","HARV_034","HARV_034_608","2017-03-06","2016-11-14","2017-02-24","2017-03-01T12:30Z","2017-03-06T21:26Z","NEON.LTR.HARV034608.20170224","NEON.LTR.HARV034608.20170224.OTH","NEON.DOC.001710vE","Other",0,"N",NA,"PDeeglfRpMhcY5NLVbh+bstb6vCqIxGZKgPlDUiyhOM="
"7f5fc452-b0d4-4062-b911-15f97199bb38","HARV_033.basePlot.ltr","D01","HARV","HARV_033","HARV_033_209","2017-03-06","2016-11-14","2017-02-24","2017-03-01T12:30Z","2017-03-07T15:02Z","NEON.LTR.HARV033209.20170224","NEON.LTR.HARV033209.20170224.OTH","NEON.DOC.001710vE","Other",0.32,"N",NA,"PDeeglfRpMhcY5NLVbh+bstb6vCqIxGZKgPlDUiyhOM="
"60d1f453-bdc4-4e79-bc04-389af2320705","HARV_033.basePlot.ltr","D01","HARV","HARV_033","HARV_033_209","2017-03-06","2016-11-14","2017-02-24","2017-03-01T12:30Z","2017-03-07T21:11Z","NEON.LTR.HARV033209.20170224","NEON.LTR.HARV033209.20170224.NDL","NEON.DOC.001710vE","Needles",2.89,"Y",NA,"PDeeglfRpMhcY5NLVbh+bstb6vCqIxGZKgPlDUiyhOM="
"f5ae764c-2b4f-42b3-bf51-83f0c6e32111","HARV_033.basePlot.ltr","D01","HARV","HARV_033","HARV_033_209","2017-03-06","2016-11-14","2017-02-24","2017-03-01T12:30Z","2017-03-06T16:41Z","NEON.LTR.HARV033209.20170224","NEON.LTR.HARV033209.20170224.WDY","NEON.DOC.001710vE","Woody material",2.06,"N",NA,"PDeeglfRpMhcY5NLVbh+bstb6vCqIxGZKgPlDUiyhOM="
"50036f92-9e54-4ef3-975b-d44f7b969903","HARV_041.basePlot.ltr","D01","HARV","HARV_041","HARV_041_620","2017-03-06","2016-11-14","2017-02-24","2017-03-01T12:30Z","2017-03-07T12:10Z","NEON.LTR.HARV041620.20170224","NEON.LTR.HARV041620.20170224.FLR","NEON.DOC.001710vE","Flowers",0.55,"N",NA,"PDeeglfRpMhcY5NLVbh+bstb6vCqIxGZKgPlDUiyhOM="
"e60f4ba1-6fe4-4ebc-acfb-29d5b592ca68","HARV_033.basePlot.ltr","D01","HARV","HARV_033","HARV_033_209","2017-03-06","2016-11-14","2017-02-24","2017-03-01T12:30Z","2017-03-07T14:59Z","NEON.LTR.HARV033209.20170224","NEON.LTR.HARV033209.20170224.FLR","NEON.DOC.001710vE","Flowers",0.02,"N",NA,"PDeeglfRpMhcY5NLVbh+bstb6vCqIxGZKgPlDUiyhOM="
"dc1566e4-03f8-4def-ac43-0d5078b2387e","HARV_033.basePlot.ltr","D01","HARV","HARV_033","HARV_033_397","2017-03-06","2016-11-14","2017-02-24","2017-03-01T12:30Z","2017-03-07T21:11Z","NEON.LTR.HARV033397.20170224","NEON.LTR.HARV033397.20170224.MXT","NEON.DOC.001710vE","Mixed",0.97,"Y",NA,"PDeeglfRpMhcY5NLVbh+bstb6vCqIxGZKgPlDUiyhOM="
"aeba6632-3cd7-4039-9c4a-2c333edf2ec7","HARV_041.basePlot.ltr","D01","HARV","HARV_041","HARV_041_620","2017-03-06","2016-11-14","2017-02-24","2017-03-01T12:30Z","2017-03-07T12:11Z","NEON.LTR.HARV041620.20170224","NEON.LTR.HARV041620.20170224.LVS","NEON.DOC.001710vE","Leaves",0.9,"N",NA,"PDeeglfRpMhcY5NLVbh+bstb6vCqIxGZKgPlDUiyhOM="
"e715aad4-fbe0-499e-9b70-a680a527f515","HARV_037.basePlot.ltr","D01","HARV","HARV_037","HARV_037_849","2017-03-06","2016-11-14","2017-02-24","2017-03-01T20:30Z","2017-03-07T16:44Z","NEON.LTR.HARV037849.20170224","NEON.LTR.HARV037849.20170224.MXT","NEON.DOC.001710vE","Mixed",7.23,"N",NA,"PDeeglfRpMhcY5NLVbh+bstb6vCqIxGZKgPlDUiyhOM="
"2bee583f-9688-498e-beb8-13d31a553c3c","HARV_034.basePlot.ltr","D01","HARV","HARV_034","HARV_034_608","2017-03-06","2016-11-14","2017-02-24","2017-03-01T12:30Z","2017-03-07T21:11Z","NEON.LTR.HARV034608.20170224","NEON.LTR.HARV034608.20170224.NDL","NEON.DOC.001710vE","Needles",27.11,"Y",NA,"PDeeglfRpMhcY5NLVbh+bstb6vCqIxGZKgPlDUiyhOM="
"02693b37-2f8c-4432-a526-427ad7e00774","HARV_041.basePlot.ltr","D01","HARV","HARV_041","HARV_041_620","2017-03-06","2016-11-14","2017-02-24","2017-03-01T12:30Z","2017-03-06T15:59Z","NEON.LTR.HARV041620.20170224","NEON.LTR.HARV041620.20170224.WDY","NEON.DOC.001710vE","Woody material",0.15,"N",NA,"PDeeglfRpMhcY5NLVbh+bstb6vCqIxGZKgPlDUiyhOM="
"5e51c9da-c3cc-4d86-a6c9-23dc2a3ae97c","HARV_045.basePlot.ltr","D01","HARV","HARV_045","HARV_045_201","2017-03-06","2016-11-14","2017-02-24","2017-03-01T12:30Z","2017-03-07T12:02Z","NEON.LTR.HARV045201.20170224","NEON.LTR.HARV045201.20170224.NDL","NEON.DOC.001710vE","Needles",0.06,"N",NA,"PDeeglfRpMhcY5NLVbh+bstb6vCqIxGZKgPlDUiyhOM="
"ee373f91-f442-4572-b06a-42d08179a0e8","HARV_041.basePlot.ltr","D01","HARV","HARV_041","HARV_041_620","2017-03-06","2016-11-14","2017-02-24","2017-03-01T12:30Z","2017-03-07T12:15Z","NEON.LTR.HARV041620.20170224","NEON.LTR.HARV041620.20170224.SDS","NEON.DOC.001710vE","Seeds",0.19,"N",NA,"PDeeglfRpMhcY5NLVbh+bstb6vCqIxGZKgPlDUiyhOM="
"aae33bf7-5e4a-4bb8-bafa-817995b401b2","HARV_033.basePlot.ltr","D01","HARV","HARV_033","HARV_033_209","2017-03-06","2016-11-14","2017-02-24","2017-03-01T12:30Z","2017-03-07T15:00Z","NEON.LTR.HARV033209.20170224","NEON.LTR.HARV033209.20170224.LVS","NEON.DOC.001710vE","Leaves",4.27,"N",NA,"PDeeglfRpMhcY5NLVbh+bstb6vCqIxGZKgPlDUiyhOM="
"f66e913c-a2e9-4aa9-9c9b-bc1aa220fc6c","HARV_037.basePlot.ltr","D01","HARV","HARV_037","HARV_037_849","2017-03-06","2016-11-14","2017-02-24","2017-03-01T20:30Z","2017-03-07T16:47Z","NEON.LTR.HARV037849.20170224","NEON.LTR.HARV037849.20170224.FLR","NEON.DOC.001710vE","Flowers",0,"N",NA,"PDeeglfRpMhcY5NLVbh+bstb6vCqIxGZKgPlDUiyhOM="
"49199a31-e8f1-4b7a-b6c4-e171d82cc1e3","HARV_037.basePlot.ltr","D01","HARV","HARV_037","HARV_037_849","2017-03-06","2016-11-14","2017-02-24","2017-03-01T12:30Z","2017-03-07T21:11Z","NEON.LTR.HARV037849.20170224","NEON.LTR.HARV037849.20170224.SDS","NEON.DOC.001710vE","Seeds",0.08,"Y",NA,"PDeeglfRpMhcY5NLVbh+bstb6vCqIxGZKgPlDUiyhOM="
"8dfbe61a-f4d1-4a58-9662-f0e7dc86dffd","HARV_034.basePlot.ltr","D01","HARV","HARV_034","HARV_034_608","2017-03-06","2016-11-14","2017-02-24","2017-03-01T12:30Z","2017-03-06T21:18Z","NEON.LTR.HARV034608.20170224","NEON.LTR.HARV034608.20170224.SDS","NEON.DOC.001710vE","Seeds",0.37,"N",NA,"PDeeglfRpMhcY5NLVbh+bstb6vCqIxGZKgPlDUiyhOM="
"501e448d-0ae9-4e37-a7f8-5ca78e992fd1","HARV_045.basePlot.ltr","D01","HARV","HARV_045","HARV_045_201","2017-03-06","2016-11-14","2017-02-24","2017-03-01T12:30Z","2017-03-07T12:03Z","NEON.LTR.HARV045201.20170224","NEON.LTR.HARV045201.20170224.FLR","NEON.DOC.001710vE","Flowers",0.39,"N",NA,"PDeeglfRpMhcY5NLVbh+bstb6vCqIxGZKgPlDUiyhOM="
"eae4560b-5907-4fc1-8467-f44ddac3785f","HARV_037.basePlot.ltr","D01","HARV","HARV_037","HARV_037_849","2017-03-06","2016-11-14","2017-02-24","2017-03-01T20:30Z","2017-03-07T16:42Z","NEON.LTR.HARV037849.20170224","NEON.LTR.HARV037849.20170224.LVS","NEON.DOC.001710vE","Leaves",1.38,"N",NA,"PDeeglfRpMhcY5NLVbh+bstb6vCqIxGZKgPlDUiyhOM="
"b4842f29-ec0e-4531-b9c9-939c58377b77","HARV_045.basePlot.ltr","D01","HARV","HARV_045","HARV_045_201","2017-03-06","2016-11-14","2017-02-24","2017-03-01T12:30Z","2017-03-06T16:08Z","NEON.LTR.HARV045201.20170224","NEON.LTR.HARV045201.20170224.WDY","NEON.DOC.001710vE","Woody material",0.21,"N",NA,"PDeeglfRpMhcY5NLVbh+bstb6vCqIxGZKgPlDUiyhOM="
"78b3092f-9a81-446e-91f2-d4dd7f4b7be0","HARV_045.basePlot.ltr","D01","HARV","HARV_045","HARV_045_201","2017-03-06","2016-11-14","2017-02-24","2017-03-01T12:30Z","2017-03-07T12:05Z","NEON.LTR.HARV045201.20170224","NEON.LTR.HARV045201.20170224.OTH","NEON.DOC.001710vE","Other",0.54,"N",NA,"PDeeglfRpMhcY5NLVbh+bstb6vCqIxGZKgPlDUiyhOM="
"3b963553-89eb-40e0-9b47-619bab96f177","HARV_033.basePlot.ltr","D01","HARV","HARV_033","HARV_033_397","2017-03-06","2016-11-14","2017-02-24","2017-03-01T12:30Z","2017-03-07T14:27Z","NEON.LTR.HARV033397.20170224","NEON.LTR.HARV033397.20170224.SDS","NEON.DOC.001710vE","Seeds",2.02,"N",NA,"PDeeglfRpMhcY5NLVbh+bstb6vCqIxGZKgPlDUiyhOM="
"a3a6db9d-3421-49fc-9035-2b193b2665ce","HARV_034.basePlot.ltr","D01","HARV","HARV_034","HARV_034_608","2017-03-06","2016-11-14","2017-02-24","2017-03-01T12:30Z","2017-03-06T21:19Z","NEON.LTR.HARV034608.20170224","NEON.LTR.HARV034608.20170224.FLR","NEON.DOC.001710vE","Flowers",0.39,"N",NA,"PDeeglfRpMhcY5NLVbh+bstb6vCqIxGZKgPlDUiyhOM="
"dec865fc-7120-47fd-8e3c-3d94c576f2e3","HARV_033.basePlot.ltr","D01","HARV","HARV_033","HARV_033_209","2017-03-06","2016-11-14","2017-02-24","2017-03-01T12:30Z","2017-03-06T16:42Z","NEON.LTR.HARV033209.20170224","NEON.LTR.HARV033209.20170224.TWI","NEON.DOC.001710vE","Twigs/branches",3.99,"N",NA,"PDeeglfRpMhcY5NLVbh+bstb6vCqIxGZKgPlDUiyhOM="
"3f58eb7b-fed4-45c4-aaf8-1275ce263aa7","HARV_033.basePlot.ltr","D01","HARV","HARV_033","HARV_033_397","2017-03-06","2016-11-14","2017-02-24","2017-03-01T12:30Z","2017-03-07T14:24Z","NEON.LTR.HARV033397.20170224","NEON.LTR.HARV033397.20170224.NDL","NEON.DOC.001710vE","Needles",5.24,"N",NA,"PDeeglfRpMhcY5NLVbh+bstb6vCqIxGZKgPlDUiyhOM="
"9a9eef4b-7e32-4a30-9f9d-776f1752214e","HARV_033.basePlot.ltr","D01","HARV","HARV_033","HARV_033_209","2017-03-06","2016-11-14","2017-02-24","2017-03-01T12:30Z","2017-03-07T15:03Z","NEON.LTR.HARV033209.20170224","NEON.LTR.HARV033209.20170224.SDS","NEON.DOC.001710vE","Seeds",0.02,"N",NA,"PDeeglfRpMhcY5NLVbh+bstb6vCqIxGZKgPlDUiyhOM="
"030e8a0b-e65c-4baf-af2e-a2bcb17ee6c6","HARV_037.basePlot.ltr","D01","HARV","HARV_037","HARV_037_849","2017-03-06","2016-11-14","2017-02-24","2017-03-01T20:30Z","2017-03-07T16:45Z","NEON.LTR.HARV037849.20170224","NEON.LTR.HARV037849.20170224.NDL","NEON.DOC.001710vE","Needles",3.1,"N",NA,"PDeeglfRpMhcY5NLVbh+bstb6vCqIxGZKgPlDUiyhOM="
"17f72046-8011-491b-a9bd-d14a6f7f7802","HARV_041.basePlot.ltr","D01","HARV","HARV_041","HARV_041_620","2017-03-06","2016-11-14","2017-02-24","2017-03-01T12:30Z","2017-03-07T12:13Z","NEON.LTR.HARV041620.20170224","NEON.LTR.HARV041620.20170224.MXT","NEON.DOC.001710vE","Mixed",1.8,"N",NA,"PDeeglfRpMhcY5NLVbh+bstb6vCqIxGZKgPlDUiyhOM="
"829586fc-7fcf-437a-8b0a-b07e6917b5a7","HARV_045.basePlot.ltr","D01","HARV","HARV_045","HARV_045_201","2017-03-06","2016-11-14","2017-02-24","2017-03-01T12:30Z","2017-03-06T16:09Z","NEON.LTR.HARV045201.20170224","NEON.LTR.HARV045201.20170224.TWI","NEON.DOC.001710vE","Twigs/branches",1.77,"N",NA,"PDeeglfRpMhcY5NLVbh+bstb6vCqIxGZKgPlDUiyhOM="
"548bc1c7-e026-40e8-8181-49fb2bf0a361","HARV_041.basePlot.ltr","D01","HARV","HARV_041","HARV_041_620","2017-03-06","2016-11-14","2017-02-24","2017-03-01T12:30Z","2017-03-07T12:14Z","NEON.LTR.HARV041620.20170224","NEON.LTR.HARV041620.20170224.OTH","NEON.DOC.001710vE","Other",0.01,"N",NA,"PDeeglfRpMhcY5NLVbh+bstb6vCqIxGZKgPlDUiyhOM="
"f73ee669-aac0-4c41-a8ff-ae0f56b2bfc6","HARV_045.basePlot.ltr","D01","HARV","HARV_045","HARV_045_201","2017-03-06","2016-11-14","2017-02-24","2017-03-01T12:30Z","2017-03-07T12:04Z","NEON.LTR.HARV045201.20170224","NEON.LTR.HARV045201.20170224.SDS","NEON.DOC.001710vE","Seeds",1.93,"N",NA,"PDeeglfRpMhcY5NLVbh+bstb6vCqIxGZKgPlDUiyhOM="
"7f18cda3-4d96-46c5-b58e-672df6a12548","HARV_033.basePlot.ltr","D01","HARV","HARV_033","HARV_033_397","2017-03-06","2016-11-14","2017-02-24","2017-03-01T12:30Z","2017-03-07T14:28Z","NEON.LTR.HARV033397.20170224","NEON.LTR.HARV033397.20170224.MXT","NEON.DOC.001710vE","Mixed",0.99,"N",NA,"PDeeglfRpMhcY5NLVbh+bstb6vCqIxGZKgPlDUiyhOM="
"9c1ed095-2ddf-498c-9acc-4e5f74b0fc9d","HARV_041.basePlot.ltr","D01","HARV","HARV_041","HARV_041_620","2017-03-06","2016-11-14","2017-02-24","2017-03-01T12:30Z","2017-03-06T15:59Z","NEON.LTR.HARV041620.20170224","NEON.LTR.HARV041620.20170224.TWI","NEON.DOC.001710vE","Twigs/branches",6.7,"N",NA,"PDeeglfRpMhcY5NLVbh+bstb6vCqIxGZKgPlDUiyhOM="
"189a8995-9c62-4db5-9a2f-97efa4081b52","HARV_033.basePlot.ltr","D01","HARV","HARV_033","HARV_033_397","2017-03-06","2016-11-14","2017-02-24","2017-03-01T12:30Z","2017-03-06T21:15Z","NEON.LTR.HARV033397.20170224","NEON.LTR.HARV033397.20170224.WDY","NEON.DOC.001710vE","Woody material",1.72,"N",NA,"PDeeglfRpMhcY5NLVbh+bstb6vCqIxGZKgPlDUiyhOM="
"ab23ed69-5bd7-44d2-955e-0b051a253ca5","HARV_037.basePlot.ltr","D01","HARV","HARV_037","HARV_037_849","2017-03-06","2016-11-14","2017-02-24","2017-03-01T20:30Z","2017-03-07T16:46Z","NEON.LTR.HARV037849.20170224","NEON.LTR.HARV037849.20170224.OTH","NEON.DOC.001710vE","Other",0.03,"N",NA,"PDeeglfRpMhcY5NLVbh+bstb6vCqIxGZKgPlDUiyhOM="
"5f3681a6-8685-4901-9c3a-6bece2a31a85","HARV_033.basePlot.ltr","D01","HARV","HARV_033","HARV_033_397","2017-03-06","2016-11-14","2017-02-24","2017-03-01T12:30Z","2017-03-06T21:14Z","NEON.LTR.HARV033397.20170224","NEON.LTR.HARV033397.20170224.TWI","NEON.DOC.001710vE","Twigs/branches",1.52,"N",NA,"PDeeglfRpMhcY5NLVbh+bstb6vCqIxGZKgPlDUiyhOM="
"51b9517c-40f9-473a-9a8d-17121dc20bb6","HARV_050.basePlot.ltr","D01","HARV","HARV_050","HARV_050_947","2017-03-06","2016-11-14","2017-02-24","2017-03-01T12:30Z","2017-03-07T21:11Z","NEON.LTR.HARV050947.20170224","NEON.LTR.HARV050947.20170224.SDS","NEON.DOC.001710vE","Seeds",0.07,"Y",NA,"PDeeglfRpMhcY5NLVbh+bstb6vCqIxGZKgPlDUiyhOM="
"a8c8f7f2-566b-4c05-a4e4-ef00f47e09ab","HARV_050.basePlot.ltr","D01","HARV","HARV_050","HARV_050_947","2017-03-06","2016-11-14","2017-02-24","2017-03-01T12:30Z","2017-03-07T21:11Z","NEON.LTR.HARV050947.20170224","NEON.LTR.HARV050947.20170224.WDY","NEON.DOC.001710vE","Woody material",1.47,"Y",NA,"PDeeglfRpMhcY5NLVbh+bstb6vCqIxGZKgPlDUiyhOM="
"b73ae813-2982-4dd8-bb1e-31a415bed74c","HARV_050.basePlot.ltr","D01","HARV","HARV_050","HARV_050_947","2017-03-06","2016-11-14","2017-02-24","2017-03-01T12:30Z","2017-03-07T18:08Z","NEON.LTR.HARV050947.20170224","NEON.LTR.HARV050947.20170224.LVS","NEON.DOC.001710vE","Leaves",5.48,"N",NA,"PDeeglfRpMhcY5NLVbh+bstb6vCqIxGZKgPlDUiyhOM="
"25d52af1-a223-46ff-9fc5-43922d6640a6","HARV_050.basePlot.ltr","D01","HARV","HARV_050","HARV_050_947","2017-03-06","2016-11-14","2017-02-24","2017-03-01T12:30Z","2017-03-07T18:07Z","NEON.LTR.HARV050947.20170224","NEON.LTR.HARV050947.20170224.NDL","NEON.DOC.001710vE","Needles",2.43,"N",NA,"PDeeglfRpMhcY5NLVbh+bstb6vCqIxGZKgPlDUiyhOM="
"33f63c30-2208-4024-8ae3-8a5a6714405c","HARV_050.basePlot.ltr","D01","HARV","HARV_050","HARV_050_947","2017-03-06","2016-11-14","2017-02-24","2017-03-01T12:30Z","2017-03-07T21:11Z","NEON.LTR.HARV050947.20170224","NEON.LTR.HARV050947.20170224.FLR","NEON.DOC.001710vE","Flowers",0.11,"Y",NA,"PDeeglfRpMhcY5NLVbh+bstb6vCqIxGZKgPlDUiyhOM="
"87bf1e5a-955e-48cc-a912-2c03ee7bbefc","HARV_050.basePlot.ltr","D01","HARV","HARV_050","HARV_050_947","2017-03-06","2016-11-14","2017-02-24","2017-03-01T12:30Z","2017-03-07T18:05Z","NEON.LTR.HARV050947.20170224","NEON.LTR.HARV050947.20170224.MXT","NEON.DOC.001710vE","Mixed",1.76,"N",NA,"PDeeglfRpMhcY5NLVbh+bstb6vCqIxGZKgPlDUiyhOM="
"e2a3ec6f-bff2-4ded-8bc5-70bfa986044b","HARV_050.basePlot.ltr","D01","HARV","HARV_050","HARV_050_947","2017-03-06","2016-11-14","2017-02-24","2017-03-01T12:30Z","2017-03-06T18:11Z","NEON.LTR.HARV050947.20170224","NEON.LTR.HARV050947.20170224.TWI","NEON.DOC.001710vE","Twigs/branches",3.22,"N",NA,"PDeeglfRpMhcY5NLVbh+bstb6vCqIxGZKgPlDUiyhOM="
"32737314-08a4-4376-bcda-e9930b8c1154","HARV_050.basePlot.ltr","D01","HARV","HARV_050","HARV_050_947","2017-03-06","2016-11-14","2017-02-24","2017-03-01T12:30Z","2017-03-07T18:03Z","NEON.LTR.HARV050947.20170224","NEON.LTR.HARV050947.20170224.SDS","NEON.DOC.001710vE","Seeds",0.07,"N",NA,"PDeeglfRpMhcY5NLVbh+bstb6vCqIxGZKgPlDUiyhOM="
"e86efc63-8465-48c2-b568-d960dad80e75","HARV_050.basePlot.ltr","D01","HARV","HARV_050","HARV_050_947","2017-03-06","2016-11-14","2017-02-24","2017-03-01T12:30Z","2017-03-07T18:03Z","NEON.LTR.HARV050947.20170224","NEON.LTR.HARV050947.20170224.FLR","NEON.DOC.001710vE","Flowers",0.12,"N",NA,"PDeeglfRpMhcY5NLVbh+bstb6vCqIxGZKgPlDUiyhOM="
"aed15f48-09f6-4f60-960c-7624b4ac6a4e","HARV_050.basePlot.ltr","D01","HARV","HARV_050","HARV_050_947","2017-03-06","2016-11-14","2017-02-24","2017-03-01T12:30Z","2017-03-07T18:06Z","NEON.LTR.HARV050947.20170224","NEON.LTR.HARV050947.20170224.OTH","NEON.DOC.001710vE","Other",0.05,"N",NA,"PDeeglfRpMhcY5NLVbh+bstb6vCqIxGZKgPlDUiyhOM="
"f9c54a4d-7547-4606-a16b-747c73fc0141","HARV_050.basePlot.ltr","D01","HARV","HARV_050","HARV_050_947","2017-03-06","2016-11-14","2017-02-24","2017-03-01T12:30Z","2017-03-06T18:09Z","NEON.LTR.HARV050947.20170224","NEON.LTR.HARV050947.20170224.WDY","NEON.DOC.001710vE","Woody material",1.46,"N",NA,"PDeeglfRpMhcY5NLVbh+bstb6vCqIxGZKgPlDUiyhOM="
"f85b2910-1f9e-4f75-964d-7c61d58a1178","HARV_035.basePlot.ltr","D01","HARV","HARV_035","HARV_035_402","2017-03-06","2016-11-14","2017-02-24","2017-03-01T12:30Z","2017-03-07T16:17Z","NEON.LTR.HARV035402.20170224","NEON.LTR.HARV035402.20170224.FLR","NEON.DOC.001710vE","Flowers",0.25,"N",NA,"PDeeglfRpMhcY5NLVbh+bstb6vCqIxGZKgPlDUiyhOM="
"26b2b1dc-6250-4bc0-b9ac-af4f41964eec","HARV_035.basePlot.ltr","D01","HARV","HARV_035","HARV_035_402","2017-03-06","2016-11-14","2017-02-24","2017-03-01T12:30Z","2017-03-07T16:13Z","NEON.LTR.HARV035402.20170224","NEON.LTR.HARV035402.20170224.OTH","NEON.DOC.001710vE","Other",0.04,"N",NA,"PDeeglfRpMhcY5NLVbh+bstb6vCqIxGZKgPlDUiyhOM="
"646a74ab-8786-4af8-93ea-56f0d30d097e","HARV_035.basePlot.ltr","D01","HARV","HARV_035","HARV_035_402","2017-03-06","2016-11-14","2017-02-24","2017-03-01T12:30Z","2017-03-07T16:18Z","NEON.LTR.HARV035402.20170224","NEON.LTR.HARV035402.20170224.SDS","NEON.DOC.001710vE","Seeds",0.17,"N",NA,"PDeeglfRpMhcY5NLVbh+bstb6vCqIxGZKgPlDUiyhOM="
"3c3863c3-1fe3-486f-96bd-dcaad6e19bb0","HARV_035.basePlot.ltr","D01","HARV","HARV_035","HARV_035_402","2017-03-06","2016-11-14","2017-02-24","2017-03-01T12:30Z","2017-03-06T15:50Z","NEON.LTR.HARV035402.20170224","NEON.LTR.HARV035402.20170224.WDY","NEON.DOC.001710vE","Woody material",1.17,"N",NA,"PDeeglfRpMhcY5NLVbh+bstb6vCqIxGZKgPlDUiyhOM="
"374aa69f-cb0b-4d0b-8874-f58ff6b6423c","HARV_035.basePlot.ltr","D01","HARV","HARV_035","HARV_035_402","2017-03-06","2016-11-14","2017-02-24","2017-03-01T12:30Z","2017-03-07T16:15Z","NEON.LTR.HARV035402.20170224","NEON.LTR.HARV035402.20170224.LVS","NEON.DOC.001710vE","Leaves",0.94,"N",NA,"PDeeglfRpMhcY5NLVbh+bstb6vCqIxGZKgPlDUiyhOM="
"c2bfc049-9dd0-453c-b183-cc6bdc0106b3","HARV_035.basePlot.ltr","D01","HARV","HARV_035","HARV_035_402","2017-03-06","2016-11-14","2017-02-24","2017-03-01T12:30Z","2017-03-07T21:11Z","NEON.LTR.HARV035402.20170224","NEON.LTR.HARV035402.20170224.SDS","NEON.DOC.001710vE","Seeds",0.16,"Y",NA,"PDeeglfRpMhcY5NLVbh+bstb6vCqIxGZKgPlDUiyhOM="
"4a248ed3-6a29-4fad-a01f-d961658924ab","HARV_035.basePlot.ltr","D01","HARV","HARV_035","HARV_035_402","2017-03-06","2016-11-14","2017-02-24","2017-03-01T12:30Z","2017-03-07T16:14Z","NEON.LTR.HARV035402.20170224","NEON.LTR.HARV035402.20170224.NDL","NEON.DOC.001710vE","Needles",1.7,"N",NA,"PDeeglfRpMhcY5NLVbh+bstb6vCqIxGZKgPlDUiyhOM="
"2ca504b5-28a6-46b6-b269-ac986c07a11d","HARV_035.basePlot.ltr","D01","HARV","HARV_035","HARV_035_402","2017-03-06","2016-11-14","2017-02-24","2017-03-01T12:30Z","2017-03-06T15:51Z","NEON.LTR.HARV035402.20170224","NEON.LTR.HARV035402.20170224.TWI","NEON.DOC.001710vE","Twigs/branches",12.27,"N",NA,"PDeeglfRpMhcY5NLVbh+bstb6vCqIxGZKgPlDUiyhOM="
"7df4c8e3-142d-4748-a07d-c437d385a729","HARV_035.basePlot.ltr","D01","HARV","HARV_035","HARV_035_402","2017-03-06","2016-11-14","2017-02-24","2017-03-01T12:30Z","2017-03-07T16:16Z","NEON.LTR.HARV035402.20170224","NEON.LTR.HARV035402.20170224.MXT","NEON.DOC.001710vE","Mixed",3.24,"N",NA,"PDeeglfRpMhcY5NLVbh+bstb6vCqIxGZKgPlDUiyhOM="
"16bd9a30-013c-40aa-a3b1-2d4c0ab44d6e","HARV_047.basePlot.ltr","D01","HARV","HARV_047","HARV_047_111","2017-03-06","2016-11-14","2017-02-24","2017-03-01T12:30Z","2017-03-06T17:32Z","NEON.LTR.HARV047111.20170224","NEON.LTR.HARV047111.20170224.WDY","NEON.DOC.001710vE","Woody material",0.54,"N",NA,"PDeeglfRpMhcY5NLVbh+bstb6vCqIxGZKgPlDUiyhOM="
"5d9d1003-c732-4809-a89b-28fef97290f1","HARV_047.basePlot.ltr","D01","HARV","HARV_047","HARV_047_111","2017-03-06","2016-11-14","2017-02-24","2017-03-01T12:30Z","2017-03-07T15:17Z","NEON.LTR.HARV047111.20170224","NEON.LTR.HARV047111.20170224.OTH","NEON.DOC.001710vE","Other",0.29,"N",NA,"PDeeglfRpMhcY5NLVbh+bstb6vCqIxGZKgPlDUiyhOM="
"934cf6e6-eb4e-440e-b96a-cf21d111d57d","HARV_047.basePlot.ltr","D01","HARV","HARV_047","HARV_047_111","2017-03-06","2016-11-14","2017-02-24","2017-03-01T12:30Z","2017-03-07T15:16Z","NEON.LTR.HARV047111.20170224","NEON.LTR.HARV047111.20170224.SDS","NEON.DOC.001710vE","Seeds",0.16,"N",NA,"PDeeglfRpMhcY5NLVbh+bstb6vCqIxGZKgPlDUiyhOM="
"e02fdb30-4a40-4863-be36-d13ae4bb6c46","HARV_047.basePlot.ltr","D01","HARV","HARV_047","HARV_047_111","2017-03-06","2016-11-14","2017-02-24","2017-03-01T12:30Z","2017-03-07T15:18Z","NEON.LTR.HARV047111.20170224","NEON.LTR.HARV047111.20170224.LVS","NEON.DOC.001710vE","Leaves",3.77,"N",NA,"PDeeglfRpMhcY5NLVbh+bstb6vCqIxGZKgPlDUiyhOM="
"71dc4a4c-d7aa-4ec4-97b0-dc9a6a71f2c4","HARV_047.basePlot.ltr","D01","HARV","HARV_047","HARV_047_111","2017-03-06","2016-11-14","2017-02-24","2017-03-01T12:30Z","2017-03-07T15:14Z","NEON.LTR.HARV047111.20170224","NEON.LTR.HARV047111.20170224.FLR","NEON.DOC.001710vE","Flowers",0.05,"N",NA,"PDeeglfRpMhcY5NLVbh+bstb6vCqIxGZKgPlDUiyhOM="
"1bcd3a9f-8086-4dd9-8600-cdcfa5fbdeda","HARV_047.basePlot.ltr","D01","HARV","HARV_047","HARV_047_111","2017-03-06","2016-11-14","2017-02-24","2017-03-01T12:30Z","2017-03-07T21:11Z","NEON.LTR.HARV047111.20170224","NEON.LTR.HARV047111.20170224.NDL","NEON.DOC.001710vE","Needles",0.1,"Y",NA,"PDeeglfRpMhcY5NLVbh+bstb6vCqIxGZKgPlDUiyhOM="
"3fd0cbf3-cc11-43f5-a6cb-20cbe679c9b7","HARV_047.basePlot.ltr","D01","HARV","HARV_047","HARV_047_111","2017-03-06","2016-11-14","2017-02-24","2017-03-01T12:30Z","2017-03-07T15:19Z","NEON.LTR.HARV047111.20170224","NEON.LTR.HARV047111.20170224.NDL","NEON.DOC.001710vE","Needles",0.09,"N",NA,"PDeeglfRpMhcY5NLVbh+bstb6vCqIxGZKgPlDUiyhOM="
"236b387f-b9c6-4ee3-b6a8-d9204159f5fd","HARV_047.basePlot.ltr","D01","HARV","HARV_047","HARV_047_111","2017-03-06","2016-11-14","2017-02-24","2017-03-01T12:30Z","2017-03-06T17:31Z","NEON.LTR.HARV047111.20170224","NEON.LTR.HARV047111.20170224.TWI","NEON.DOC.001710vE","Twigs/branches",0.05,"N",NA,"PDeeglfRpMhcY5NLVbh+bstb6vCqIxGZKgPlDUiyhOM="
"e5ac3d6f-7e88-454a-9539-dfd293752533","HARV_036.basePlot.ltr","D01","HARV","HARV_036","HARV_036_167","2017-03-06","2016-11-14","2017-02-24","2017-03-01T20:30Z","2017-03-07T19:09Z","NEON.LTR.HARV036167.20170224","NEON.LTR.HARV036167.20170224.MXT","NEON.DOC.001710vE","Mixed",2.54,"N",NA,"PDeeglfRpMhcY5NLVbh+bstb6vCqIxGZKgPlDUiyhOM="
"31876db2-dd4b-4184-8b2e-532e66e449d3","HARV_036.basePlot.ltr","D01","HARV","HARV_036","HARV_036_167","2017-03-06","2016-11-14","2017-02-24","2017-03-01T20:30Z","2017-03-07T19:07Z","NEON.LTR.HARV036167.20170224","NEON.LTR.HARV036167.20170224.NDL","NEON.DOC.001710vE","Needles",0.31,"N",NA,"PDeeglfRpMhcY5NLVbh+bstb6vCqIxGZKgPlDUiyhOM="
"58066952-13eb-478d-ac87-fe8d8f5429ec","HARV_036.basePlot.ltr","D01","HARV","HARV_036","HARV_036_167","2017-03-06","2016-11-14","2017-02-24","2017-03-01T20:30Z","2017-03-07T19:08Z","NEON.LTR.HARV036167.20170224","NEON.LTR.HARV036167.20170224.OTH","NEON.DOC.001710vE","Other",0.22,"N",NA,"PDeeglfRpMhcY5NLVbh+bstb6vCqIxGZKgPlDUiyhOM="
"1e4abfd4-12c5-47ff-a8d3-541b1c7b7167","HARV_036.basePlot.ltr","D01","HARV","HARV_036","HARV_036_167","2017-03-06","2016-11-14","2017-02-24","2017-03-01T20:30Z","2017-03-06T18:19Z","NEON.LTR.HARV036167.20170224","NEON.LTR.HARV036167.20170224.SDS","NEON.DOC.001710vE","Seeds",30.13,"N",NA,"PDeeglfRpMhcY5NLVbh+bstb6vCqIxGZKgPlDUiyhOM="
"b158c38f-cb2c-44ab-93a9-9d3dd7708012","HARV_036.basePlot.ltr","D01","HARV","HARV_036","HARV_036_167","2017-03-06","2016-11-14","2017-02-24","2017-03-01T20:30Z","2017-03-07T19:05Z","NEON.LTR.HARV036167.20170224","NEON.LTR.HARV036167.20170224.LVS","NEON.DOC.001710vE","Leaves",29.29,"N",NA,"PDeeglfRpMhcY5NLVbh+bstb6vCqIxGZKgPlDUiyhOM="
"253cd942-0431-4982-b2a4-816ff10091d4","HARV_036.basePlot.ltr","D01","HARV","HARV_036","HARV_036_167","2017-03-06","2016-11-14","2017-02-24","2017-03-01T20:30Z","2017-03-07T19:06Z","NEON.LTR.HARV036167.20170224","NEON.LTR.HARV036167.20170224.FLR","NEON.DOC.001710vE","Flowers",0.36,"N",NA,"PDeeglfRpMhcY5NLVbh+bstb6vCqIxGZKgPlDUiyhOM="
"9f0c833c-93b4-4984-bf48-3ab0610b1b6f","HARV_036.basePlot.ltr","D01","HARV","HARV_036","HARV_036_167","2017-03-06","2016-11-14","2017-02-24","2017-03-01T20:30Z","2017-03-06T18:21Z","NEON.LTR.HARV036167.20170224","NEON.LTR.HARV036167.20170224.WDY","NEON.DOC.001710vE","Woody material",1.07,"N",NA,"PDeeglfRpMhcY5NLVbh+bstb6vCqIxGZKgPlDUiyhOM="
"22dd5a27-ad55-4270-927c-da9cda302b99","HARV_036.basePlot.ltr","D01","HARV","HARV_036","HARV_036_167","2017-03-06","2016-11-14","2017-02-24","2017-03-01T20:30Z","2017-03-06T18:22Z","NEON.LTR.HARV036167.20170224","NEON.LTR.HARV036167.20170224.TWI","NEON.DOC.001710vE","Twigs/branches",21.73,"N",NA,"PDeeglfRpMhcY5NLVbh+bstb6vCqIxGZKgPlDUiyhOM="
"7645ec2b-f8eb-4269-8209-a78c7cfc7fe4","HARV_038.basePlot.ltr","D01","HARV","HARV_038","HARV_038_363","2017-03-06","2016-11-14","2017-02-24","2017-03-01T12:30Z","2017-03-07T16:06Z","NEON.LTR.HARV038363.20170224","NEON.LTR.HARV038363.20170224.OTH","NEON.DOC.001710vE","Other",0.02,"N",NA,"PDeeglfRpMhcY5NLVbh+bstb6vCqIxGZKgPlDUiyhOM="
"6becd6dd-a90f-49d3-809d-d2ddf8b8543d","HARV_038.basePlot.ltr","D01","HARV","HARV_038","HARV_038_363","2017-03-06","2016-11-14","2017-02-24","2017-03-01T12:30Z","2017-03-06T17:51Z","NEON.LTR.HARV038363.20170224","NEON.LTR.HARV038363.20170224.WDY","NEON.DOC.001710vE","Woody material",1.99,"Y",NA,"PDeeglfRpMhcY5NLVbh+bstb6vCqIxGZKgPlDUiyhOM="
"9f9dfcc4-d891-407d-ab80-9f3cb40ac7ce","HARV_038.basePlot.ltr","D01","HARV","HARV_038","HARV_038_363","2017-03-06","2016-11-14","2017-02-24","2017-03-01T12:30Z","2017-03-06T17:53Z","NEON.LTR.HARV038363.20170224","NEON.LTR.HARV038363.20170224.TWI","NEON.DOC.001710vE","Twigs/branches",4.1,"N",NA,"PDeeglfRpMhcY5NLVbh+bstb6vCqIxGZKgPlDUiyhOM="
"a16255bc-aabc-4bd2-afcb-81bf39bb2d71","HARV_038.basePlot.ltr","D01","HARV","HARV_038","HARV_038_363","2017-03-06","2016-11-14","2017-02-24","2017-03-01T12:30Z","2017-03-07T16:08Z","NEON.LTR.HARV038363.20170224","NEON.LTR.HARV038363.20170224.MXT","NEON.DOC.001710vE","Mixed",2.85,"N",NA,"PDeeglfRpMhcY5NLVbh+bstb6vCqIxGZKgPlDUiyhOM="
"7b29cd22-373f-456e-92f3-1b7666e0334d","HARV_038.basePlot.ltr","D01","HARV","HARV_038","HARV_038_363","2017-03-06","2016-11-14","2017-02-24","2017-03-01T12:30Z","2017-03-07T16:11Z","NEON.LTR.HARV038363.20170224","NEON.LTR.HARV038363.20170224.LVS","NEON.DOC.001710vE","Leaves",9.78,"N",NA,"PDeeglfRpMhcY5NLVbh+bstb6vCqIxGZKgPlDUiyhOM="
"0f5cbae0-da83-4a4c-a16e-748d374f38d3","HARV_038.basePlot.ltr","D01","HARV","HARV_038","HARV_038_363","2017-03-06","2016-11-14","2017-02-24","2017-03-01T12:30Z","2017-03-07T16:09Z","NEON.LTR.HARV038363.20170224","NEON.LTR.HARV038363.20170224.SDS","NEON.DOC.001710vE","Seeds",0.23,"N",NA,"PDeeglfRpMhcY5NLVbh+bstb6vCqIxGZKgPlDUiyhOM="
"c7c67866-53ff-4cdc-bd2a-e5b27b7faaca","HARV_038.basePlot.ltr","D01","HARV","HARV_038","HARV_038_363","2017-03-06","2016-11-14","2017-02-24","2017-03-01T12:30Z","2017-03-07T16:05Z","NEON.LTR.HARV038363.20170224","NEON.LTR.HARV038363.20170224.FLR","NEON.DOC.001710vE","Flowers",0.22,"N",NA,"PDeeglfRpMhcY5NLVbh+bstb6vCqIxGZKgPlDUiyhOM="
"52cd5b11-4495-434a-a213-39d327f058af","HARV_038.basePlot.ltr","D01","HARV","HARV_038","HARV_038_363","2017-03-06","2016-11-14","2017-02-24","2017-03-01T12:30Z","2017-03-07T21:11Z","NEON.LTR.HARV038363.20170224","NEON.LTR.HARV038363.20170224.WDY","NEON.DOC.001710vE","Woody material",2,"Y",NA,"PDeeglfRpMhcY5NLVbh+bstb6vCqIxGZKgPlDUiyhOM="
"7a137da5-1ca1-4c64-b1d1-fd8ce96a4045","HARV_038.basePlot.ltr","D01","HARV","HARV_038","HARV_038_363","2017-03-06","2016-11-14","2017-02-24","2017-03-01T12:30Z","2017-03-07T21:11Z","NEON.LTR.HARV038363.20170224","NEON.LTR.HARV038363.20170224.FLR","NEON.DOC.001710vE","Flowers",0.22,"Y",NA,"PDeeglfRpMhcY5NLVbh+bstb6vCqIxGZKgPlDUiyhOM="
"9f0c631a-208c-4c81-9d4c-f18de288df35","HARV_038.basePlot.ltr","D01","HARV","HARV_038","HARV_038_363","2017-03-06","2016-11-14","2017-02-24","2017-03-01T12:30Z","2017-03-07T16:10Z","NEON.LTR.HARV038363.20170224","NEON.LTR.HARV038363.20170224.NDL","NEON.DOC.001710vE","Needles",3.44,"N",NA,"PDeeglfRpMhcY5NLVbh+bstb6vCqIxGZKgPlDUiyhOM="
"e6309ce8-891e-47ab-9cac-9e509ea996ed","HARV_048.basePlot.ltr","D01","HARV","HARV_048","HARV_048_355","2017-03-06","2016-11-14","2017-02-24","2017-03-01T12:30Z","2017-03-07T12:45Z","NEON.LTR.HARV048355.20170224","NEON.LTR.HARV048355.20170224.OTH","NEON.DOC.001710vE","Other",0.38,"N",NA,"PDeeglfRpMhcY5NLVbh+bstb6vCqIxGZKgPlDUiyhOM="
"6ad5acdc-f796-45b7-b671-e375bd7ece00","HARV_048.basePlot.ltr","D01","HARV","HARV_048","HARV_048_355","2017-03-06","2016-11-14","2017-02-24","2017-03-01T12:30Z","2017-03-06T18:16Z","NEON.LTR.HARV048355.20170224","NEON.LTR.HARV048355.20170224.TWI","NEON.DOC.001710vE","Twigs/branches",3.69,"N",NA,"PDeeglfRpMhcY5NLVbh+bstb6vCqIxGZKgPlDUiyhOM="
"c9f6652f-fd65-4106-8454-29c95a662855","HARV_048.basePlot.ltr","D01","HARV","HARV_048","HARV_048_355","2017-03-06","2016-11-14","2017-02-24","2017-03-01T12:30Z","2017-03-07T12:48Z","NEON.LTR.HARV048355.20170224","NEON.LTR.HARV048355.20170224.NDL","NEON.DOC.001710vE","Needles",2.88,"N",NA,"PDeeglfRpMhcY5NLVbh+bstb6vCqIxGZKgPlDUiyhOM="
"1a17c48d-398b-4b74-b8be-32a573905550","HARV_048.basePlot.ltr","D01","HARV","HARV_048","HARV_048_355","2017-03-06","2016-11-14","2017-02-24","2017-03-01T12:30Z","2017-03-06T18:18Z","NEON.LTR.HARV048355.20170224","NEON.LTR.HARV048355.20170224.WDY","NEON.DOC.001710vE","Woody material",0.22,"N",NA,"PDeeglfRpMhcY5NLVbh+bstb6vCqIxGZKgPlDUiyhOM="
"9c7d7bd3-2295-4c09-aa80-21344f9af8c0","HARV_048.basePlot.ltr","D01","HARV","HARV_048","HARV_048_355","2017-03-06","2016-11-14","2017-02-24","2017-03-01T12:30Z","2017-03-07T12:51Z","NEON.LTR.HARV048355.20170224","NEON.LTR.HARV048355.20170224.FLR","NEON.DOC.001710vE","Flowers",0,"N",NA,"PDeeglfRpMhcY5NLVbh+bstb6vCqIxGZKgPlDUiyhOM="
"8974c358-a6dd-4b5d-9a94-66bfeb4c20b8","HARV_048.basePlot.ltr","D01","HARV","HARV_048","HARV_048_355","2017-03-06","2016-11-14","2017-02-24","2017-03-01T12:30Z","2017-03-07T12:47Z","NEON.LTR.HARV048355.20170224","NEON.LTR.HARV048355.20170224.SDS","NEON.DOC.001710vE","Seeds",0.03,"N",NA,"PDeeglfRpMhcY5NLVbh+bstb6vCqIxGZKgPlDUiyhOM="
"437737e4-0cce-4774-bfbf-4dbabd139e1e","HARV_048.basePlot.ltr","D01","HARV","HARV_048","HARV_048_355","2017-03-06","2016-11-14","2017-02-24","2017-03-01T12:30Z","2017-03-07T12:46Z","NEON.LTR.HARV048355.20170224","NEON.LTR.HARV048355.20170224.MXT","NEON.DOC.001710vE","Mixed",1.6,"N",NA,"PDeeglfRpMhcY5NLVbh+bstb6vCqIxGZKgPlDUiyhOM="
"f035d255-ffe2-459c-8f3b-2b8044829e3f","HARV_048.basePlot.ltr","D01","HARV","HARV_048","HARV_048_355","2017-03-06","2016-11-14","2017-02-24","2017-03-01T12:30Z","2017-03-07T12:50Z","NEON.LTR.HARV048355.20170224","NEON.LTR.HARV048355.20170224.LVS","NEON.DOC.001710vE","Leaves",8.27,"N",NA,"PDeeglfRpMhcY5NLVbh+bstb6vCqIxGZKgPlDUiyhOM="
"6bc9bf87-06d7-49ae-9f39-f137d30310f5","GUAN_044.basePlot.ltr","D04","GUAN","GUAN_044","GUAN_044_385","2016-03-17","2015-10-10","2016-03-08","2016-03-11T19:03Z","2016-03-17T15:00Z","NEON.LTR.GUAN044385.20160308","NEON.LTR.GUAN044385.20160308.NDL","NEON.DOC.001710vE","Needles",0,"N",NA,"8rHzSbnDOXjpaitjHXu3bvZcWZBazBT3Z6JypCrOTws="
"2cb1d0c1-d76f-4428-9f90-16ffee7ef54f","GUAN_044.basePlot.ltr","D04","GUAN","GUAN_044","GUAN_044_385","2016-03-17","2015-10-10","2016-03-08","2016-03-11T19:03Z","2016-03-17T15:00Z","NEON.LTR.GUAN044385.20160308","NEON.LTR.GUAN044385.20160308.SDS","NEON.DOC.001710vE","Seeds",0.27,"Y",NA,"8rHzSbnDOXjpaitjHXu3bvZcWZBazBT3Z6JypCrOTws="
"6de3713d-6074-43a9-b7ba-1ddd965f22c1","GUAN_044.basePlot.ltr","D04","GUAN","GUAN_044","GUAN_044_385","2016-03-17","2015-10-10","2016-03-08","2016-03-11T19:03Z","2016-03-17T15:00Z","NEON.LTR.GUAN044385.20160308","NEON.LTR.GUAN044385.20160308.FLR","NEON.DOC.001710vE","Flowers",0.08,"Y",NA,"8rHzSbnDOXjpaitjHXu3bvZcWZBazBT3Z6JypCrOTws="
"188f8018-7b1b-4806-b208-17fe58dfc36f","GUAN_044.basePlot.ltr","D04","GUAN","GUAN_044","GUAN_044_385","2016-03-17","2015-10-10","2016-03-08","2016-03-11T19:03Z","2016-03-17T15:00Z","NEON.LTR.GUAN044385.20160308","NEON.LTR.GUAN044385.20160308.OTH","NEON.DOC.001710vE","Other",0,"N",NA,"8rHzSbnDOXjpaitjHXu3bvZcWZBazBT3Z6JypCrOTws="
"5f4b5c28-6e82-48d0-b9c7-1e22645e3064","GUAN_044.basePlot.ltr","D04","GUAN","GUAN_044","GUAN_044_385","2016-03-17","2015-10-10","2016-03-08","2016-03-11T19:03Z","2016-03-17T15:00Z","NEON.LTR.GUAN044385.20160308","NEON.LTR.GUAN044385.20160308.WDY","NEON.DOC.001710vE","Woody material",0.19,"N",NA,"8rHzSbnDOXjpaitjHXu3bvZcWZBazBT3Z6JypCrOTws="
"db0aa974-b543-447d-819f-352478990467","GUAN_044.basePlot.ltr","D04","GUAN","GUAN_044","GUAN_044_385","2016-03-17","2015-10-10","2016-03-08","2016-03-11T19:03Z","2016-03-17T15:00Z","NEON.LTR.GUAN044385.20160308","NEON.LTR.GUAN044385.20160308.LVS","NEON.DOC.001710vE","Leaves",42.95,"Y",NA,"8rHzSbnDOXjpaitjHXu3bvZcWZBazBT3Z6JypCrOTws="
"004e04f4-4ed7-40da-b256-d007bd9944c9","GUAN_044.basePlot.ltr","D04","GUAN","GUAN_044","GUAN_044_385","2016-03-17","2015-10-10","2016-03-08","2016-03-11T19:03Z","2016-03-17T15:00Z","NEON.LTR.GUAN044385.20160308","NEON.LTR.GUAN044385.20160308.TWI","NEON.DOC.001710vE","Twigs/branches",2.25,"N",NA,"8rHzSbnDOXjpaitjHXu3bvZcWZBazBT3Z6JypCrOTws="
"22b0e525-c0e7-4f4c-b424-6da995b27e60","GUAN_053.basePlot.ltr","D04","GUAN","GUAN_053","GUAN_053_652","2016-03-17","2015-10-28","2016-03-08","2016-03-11T19:03Z","2016-03-17T15:00Z","NEON.LTR.GUAN053652.20160308","NEON.LTR.GUAN053652.20160308.FLR","NEON.DOC.001710vE","Flowers",0.34,"N",NA,"8rHzSbnDOXjpaitjHXu3bvZcWZBazBT3Z6JypCrOTws="
"267de5cc-fba1-47df-a089-2bd428a109b8","GUAN_053.basePlot.ltr","D04","GUAN","GUAN_053","GUAN_053_652","2016-03-17","2015-10-28","2016-03-08","2016-03-11T19:03Z","2016-03-17T15:00Z","NEON.LTR.GUAN053652.20160308","NEON.LTR.GUAN053652.20160308.LVS","NEON.DOC.001710vE","Leaves",37.62,"N",NA,"8rHzSbnDOXjpaitjHXu3bvZcWZBazBT3Z6JypCrOTws="
"9ab4c8fc-7956-4027-b59c-55c0a7152afb","GUAN_048.basePlot.ltr","D04","GUAN","GUAN_048","GUAN_048_062","2016-03-17","2015-10-28","2016-03-08","2016-03-11T19:03Z","2016-03-17T15:00Z","NEON.LTR.GUAN048062.20160308","NEON.LTR.GUAN048062.20160308.TWI","NEON.DOC.001710vE","Twigs/branches",5.32,"N",NA,"8rHzSbnDOXjpaitjHXu3bvZcWZBazBT3Z6JypCrOTws="
"ecf4836e-c099-4f16-9e4e-e634d9c7ea36","GUAN_048.basePlot.ltr","D04","GUAN","GUAN_048","GUAN_048_062","2016-03-17","2015-10-28","2016-03-08","2016-03-11T19:03Z","2016-03-17T15:00Z","NEON.LTR.GUAN048062.20160308","NEON.LTR.GUAN048062.20160308.WDY","NEON.DOC.001710vE","Woody material",0.016,"N",NA,"8rHzSbnDOXjpaitjHXu3bvZcWZBazBT3Z6JypCrOTws="
"6dff781b-dfb2-48dc-8fca-3d5bc788df31","GUAN_053.basePlot.ltr","D04","GUAN","GUAN_053","GUAN_053_652","2016-03-17","2015-10-28","2016-03-08","2016-03-11T19:03Z","2016-03-17T15:00Z","NEON.LTR.GUAN053652.20160308","NEON.LTR.GUAN053652.20160308.TWI","NEON.DOC.001710vE","Twigs/branches",2.38,"N",NA,"8rHzSbnDOXjpaitjHXu3bvZcWZBazBT3Z6JypCrOTws="
"be4975b3-142f-41ba-a3f8-dcd38c038552","GUAN_053.basePlot.ltr","D04","GUAN","GUAN_053","GUAN_053_652","2016-03-17","2015-10-28","2016-03-08","2016-03-11T19:03Z","2016-03-17T15:00Z","NEON.LTR.GUAN053652.20160308","NEON.LTR.GUAN053652.20160308.OTH","NEON.DOC.001710vE","Other",2.87,"N",NA,"8rHzSbnDOXjpaitjHXu3bvZcWZBazBT3Z6JypCrOTws="
"87760cf1-cd06-4d7c-ac63-0c5261f40f24","GUAN_053.basePlot.ltr","D04","GUAN","GUAN_053","GUAN_053_652","2016-03-17","2015-10-28","2016-03-08","2016-03-11T19:03Z","2016-03-17T15:00Z","NEON.LTR.GUAN053652.20160308","NEON.LTR.GUAN053652.20160308.SDS","NEON.DOC.001710vE","Seeds",0.3,"N",NA,"8rHzSbnDOXjpaitjHXu3bvZcWZBazBT3Z6JypCrOTws="
"cf68504d-1cab-447e-b393-24e56e4bb838","GUAN_048.basePlot.ltr","D04","GUAN","GUAN_048","GUAN_048_803","2016-03-17","2015-10-28","2016-03-08","2016-03-11T19:03Z","2016-03-17T15:00Z","NEON.LTR.GUAN048803.20160308","NEON.LTR.GUAN048803.20160308.OTH","NEON.DOC.001710vE","Other",5.69,"N",NA,"8rHzSbnDOXjpaitjHXu3bvZcWZBazBT3Z6JypCrOTws="
"30d25bd0-5999-4bac-91e4-cbdffa3a0c18","GUAN_053.basePlot.ltr","D04","GUAN","GUAN_053","GUAN_053_652","2016-03-17","2015-10-28","2016-03-08","2016-03-11T19:03Z","2016-03-17T15:00Z","NEON.LTR.GUAN053652.20160308","NEON.LTR.GUAN053652.20160308.NDL","NEON.DOC.001710vE","Needles",0,"N",NA,"8rHzSbnDOXjpaitjHXu3bvZcWZBazBT3Z6JypCrOTws="
"28281b72-afa5-4d7a-a312-4ca14c972848","GUAN_048.basePlot.ltr","D04","GUAN","GUAN_048","GUAN_048_803","2016-03-17","2015-10-28","2016-03-08","2016-03-11T19:03Z","2016-03-17T15:00Z","NEON.LTR.GUAN048803.20160308","NEON.LTR.GUAN048803.20160308.NDL","NEON.DOC.001710vE","Needles",0,"N",NA,"8rHzSbnDOXjpaitjHXu3bvZcWZBazBT3Z6JypCrOTws="
"c192c823-1e84-4ed0-86f1-e079b3b729a5","GUAN_053.basePlot.ltr","D04","GUAN","GUAN_053","GUAN_053_652","2016-03-17","2015-10-28","2016-03-08","2016-03-11T19:03Z","2016-03-17T15:00Z","NEON.LTR.GUAN053652.20160308","NEON.LTR.GUAN053652.20160308.WDY","NEON.DOC.001710vE","Woody material",8.16,"N",NA,"8rHzSbnDOXjpaitjHXu3bvZcWZBazBT3Z6JypCrOTws="
"ff2135f3-acee-421a-97c9-5c05fd4699b1","GUAN_048.basePlot.ltr","D04","GUAN","GUAN_048","GUAN_048_803","2016-03-17","2015-10-28","2016-03-08","2016-03-11T19:03Z","2016-03-17T15:00Z","NEON.LTR.GUAN048803.20160308","NEON.LTR.GUAN048803.20160308.SDS","NEON.DOC.001710vE","Seeds",0.38,"N",NA,"8rHzSbnDOXjpaitjHXu3bvZcWZBazBT3Z6JypCrOTws="
"db5982f3-60c3-4554-b646-420bb75c824e","GUAN_048.basePlot.ltr","D04","GUAN","GUAN_048","GUAN_048_803","2016-03-17","2015-10-28","2016-03-08","2016-03-11T19:03Z","2016-03-17T15:00Z","NEON.LTR.GUAN048803.20160308","NEON.LTR.GUAN048803.20160308.WDY","NEON.DOC.001710vE","Woody material",0.2,"N",NA,"8rHzSbnDOXjpaitjHXu3bvZcWZBazBT3Z6JypCrOTws="
"aa8fc767-4dcc-4346-aa18-29b3a51f466c","GUAN_048.basePlot.ltr","D04","GUAN","GUAN_048","GUAN_048_803","2016-03-17","2015-10-28","2016-03-08","2016-03-11T19:03Z","2016-03-17T15:00Z","NEON.LTR.GUAN048803.20160308","NEON.LTR.GUAN048803.20160308.FLR","NEON.DOC.001710vE","Flowers",0.05,"N",NA,"8rHzSbnDOXjpaitjHXu3bvZcWZBazBT3Z6JypCrOTws="
"87dd390b-0cfc-458d-9889-9890fb9fc3f7","GUAN_048.basePlot.ltr","D04","GUAN","GUAN_048","GUAN_048_803","2016-03-17","2015-10-28","2016-03-08","2016-03-11T19:03Z","2016-03-17T15:00Z","NEON.LTR.GUAN048803.20160308","NEON.LTR.GUAN048803.20160308.LVS","NEON.DOC.001710vE","Leaves",40.14,"N",NA,"8rHzSbnDOXjpaitjHXu3bvZcWZBazBT3Z6JypCrOTws="
"6526391b-0b07-449d-9702-57219ce05555","GUAN_046.basePlot.ltr","D04","GUAN","GUAN_046","GUAN_046_824","2016-03-17","2015-10-28","2016-03-08","2016-03-11T19:03Z","2016-03-17T15:00Z","NEON.LTR.GUAN046824.20160308","NEON.LTR.GUAN046824.20160308.LVS","NEON.DOC.001710vE","Leaves",45.15,"N",NA,"8rHzSbnDOXjpaitjHXu3bvZcWZBazBT3Z6JypCrOTws="
"460bb412-dbf5-46b7-8e80-5aced0c6ee05","GUAN_048.basePlot.ltr","D04","GUAN","GUAN_048","GUAN_048_803","2016-03-17","2015-10-28","2016-03-08","2016-03-11T19:03Z","2016-03-17T15:00Z","NEON.LTR.GUAN048803.20160308","NEON.LTR.GUAN048803.20160308.TWI","NEON.DOC.001710vE","Twigs/branches",4.55,"N",NA,"8rHzSbnDOXjpaitjHXu3bvZcWZBazBT3Z6JypCrOTws="
"92ed4622-b049-4593-a91a-0e7cceaca0c9","GUAN_046.basePlot.ltr","D04","GUAN","GUAN_046","GUAN_046_824","2016-03-17","2015-10-28","2016-03-08","2016-03-11T19:03Z","2016-03-17T15:00Z","NEON.LTR.GUAN046824.20160308","NEON.LTR.GUAN046824.20160308.NDL","NEON.DOC.001710vE","Needles",0,"N",NA,"8rHzSbnDOXjpaitjHXu3bvZcWZBazBT3Z6JypCrOTws="
"9ec99fef-eb61-498f-a763-3d958464f8c0","GUAN_046.basePlot.ltr","D04","GUAN","GUAN_046","GUAN_046_824","2016-03-17","2015-10-28","2016-03-08","2016-03-11T19:03Z","2016-03-17T15:00Z","NEON.LTR.GUAN046824.20160308","NEON.LTR.GUAN046824.20160308.SDS","NEON.DOC.001710vE","Seeds",0,"N",NA,"8rHzSbnDOXjpaitjHXu3bvZcWZBazBT3Z6JypCrOTws="
"0a170cf3-a752-4ee5-af67-cf2a4e47df98","GUAN_046.basePlot.ltr","D04","GUAN","GUAN_046","GUAN_046_824","2016-03-17","2015-10-28","2016-03-08","2016-03-11T19:03Z","2016-03-17T15:00Z","NEON.LTR.GUAN046824.20160308","NEON.LTR.GUAN046824.20160308.FLR","NEON.DOC.001710vE","Flowers",0,"N",NA,"8rHzSbnDOXjpaitjHXu3bvZcWZBazBT3Z6JypCrOTws="
"f59198a8-e1a1-4934-8233-04172b58e76a","GUAN_046.basePlot.ltr","D04","GUAN","GUAN_046","GUAN_046_824","2016-03-17","2015-10-28","2016-03-08","2016-03-11T19:03Z","2016-03-17T15:00Z","NEON.LTR.GUAN046824.20160308","NEON.LTR.GUAN046824.20160308.OTH","NEON.DOC.001710vE","Other",0,"N",NA,"8rHzSbnDOXjpaitjHXu3bvZcWZBazBT3Z6JypCrOTws="
"b9195262-2e26-40c8-a60d-fdac65e654f9","GUAN_046.basePlot.ltr","D04","GUAN","GUAN_046","GUAN_046_824","2016-03-17","2015-10-28","2016-03-08","2016-03-11T19:03Z","2016-03-17T15:00Z","NEON.LTR.GUAN046824.20160308","NEON.LTR.GUAN046824.20160308.TWI","NEON.DOC.001710vE","Twigs/branches",0.98,"N",NA,"8rHzSbnDOXjpaitjHXu3bvZcWZBazBT3Z6JypCrOTws="
"80340592-4ff0-48e0-b84f-2e8d6b65ce55","GUAN_046.basePlot.ltr","D04","GUAN","GUAN_046","GUAN_046_824","2016-03-17","2015-10-28","2016-03-08","2016-03-11T19:03Z","2016-03-17T15:00Z","NEON.LTR.GUAN046824.20160308","NEON.LTR.GUAN046824.20160308.WDY","NEON.DOC.001710vE","Woody material",0,"N",NA,"8rHzSbnDOXjpaitjHXu3bvZcWZBazBT3Z6JypCrOTws="
"576f891c-b703-4ae3-ac1a-3a0b30361cfb","GUAN_055.basePlot.ltr","D04","GUAN","GUAN_055","GUAN_055_363","2016-03-17","2015-10-28","2016-03-08","2016-03-11T19:03Z","2016-03-17T15:00Z","NEON.LTR.GUAN055363.20160308","NEON.LTR.GUAN055363.20160308.LVS","NEON.DOC.001710vE","Leaves",35.19,"Y",NA,"8rHzSbnDOXjpaitjHXu3bvZcWZBazBT3Z6JypCrOTws="
"57c01e12-61a2-43b8-8936-eb49dc587b7f","GUAN_055.basePlot.ltr","D04","GUAN","GUAN_055","GUAN_055_363","2016-03-17","2015-10-28","2016-03-08","2016-03-11T19:03Z","2016-03-17T15:00Z","NEON.LTR.GUAN055363.20160308","NEON.LTR.GUAN055363.20160308.NDL","NEON.DOC.001710vE","Needles",0,"N",NA,"8rHzSbnDOXjpaitjHXu3bvZcWZBazBT3Z6JypCrOTws="
"4c2dc279-043a-4ec0-bb8f-9c4abce51467","GUAN_055.basePlot.ltr","D04","GUAN","GUAN_055","GUAN_055_363","2016-03-17","2015-10-28","2016-03-08","2016-03-11T19:03Z","2016-03-17T15:00Z","NEON.LTR.GUAN055363.20160308","NEON.LTR.GUAN055363.20160308.SDS","NEON.DOC.001710vE","Seeds",0,"N",NA,"8rHzSbnDOXjpaitjHXu3bvZcWZBazBT3Z6JypCrOTws="
"56c8ed75-cfdd-4aa9-9c1d-7a45f8692ccc","GUAN_055.basePlot.ltr","D04","GUAN","GUAN_055","GUAN_055_363","2016-03-17","2015-10-28","2016-03-08","2016-03-11T19:03Z","2016-03-17T15:00Z","NEON.LTR.GUAN055363.20160308","NEON.LTR.GUAN055363.20160308.FLR","NEON.DOC.001710vE","Flowers",0,"N",NA,"8rHzSbnDOXjpaitjHXu3bvZcWZBazBT3Z6JypCrOTws="
"d9e21216-c83f-4065-8d54-567b046e6148","GUAN_055.basePlot.ltr","D04","GUAN","GUAN_055","GUAN_055_363","2016-03-17","2015-10-28","2016-03-08","2016-03-11T19:03Z","2016-03-17T15:00Z","NEON.LTR.GUAN055363.20160308","NEON.LTR.GUAN055363.20160308.OTH","NEON.DOC.001710vE","Other",0,"N",NA,"8rHzSbnDOXjpaitjHXu3bvZcWZBazBT3Z6JypCrOTws="
"19f67414-f9f4-496b-b9dd-1a8dd91ebfe0","GUAN_055.basePlot.ltr","D04","GUAN","GUAN_055","GUAN_055_363","2016-03-17","2015-10-28","2016-03-08","2016-03-11T19:03Z","2016-03-17T15:00Z","NEON.LTR.GUAN055363.20160308","NEON.LTR.GUAN055363.20160308.TWI","NEON.DOC.001710vE","Twigs/branches",5.75,"N",NA,"8rHzSbnDOXjpaitjHXu3bvZcWZBazBT3Z6JypCrOTws="
"b1020276-e4e4-490c-b685-dde8d9c6c40b","GUAN_055.basePlot.ltr","D04","GUAN","GUAN_055","GUAN_055_363","2016-03-17","2015-10-28","2016-03-08","2016-03-11T19:03Z","2016-03-17T15:00Z","NEON.LTR.GUAN055363.20160308","NEON.LTR.GUAN055363.20160308.WDY","NEON.DOC.001710vE","Woody material",0.26,"N",NA,"8rHzSbnDOXjpaitjHXu3bvZcWZBazBT3Z6JypCrOTws="
"bb10c5f3-0d3f-44bc-8724-644be997789c","GUAN_048.basePlot.ltr","D04","GUAN","GUAN_048","GUAN_048_062","2016-03-17","2015-10-28","2016-03-08","2016-03-11T19:03Z","2016-03-17T15:00Z","NEON.LTR.GUAN048062.20160308","NEON.LTR.GUAN048062.20160308.SDS","NEON.DOC.001710vE","Seeds",0.11,"N",NA,"8rHzSbnDOXjpaitjHXu3bvZcWZBazBT3Z6JypCrOTws="
"d7e2b2b6-0dd0-445d-8351-3d889d9a2cfd","GUAN_048.basePlot.ltr","D04","GUAN","GUAN_048","GUAN_048_062","2016-03-17","2015-10-28","2016-03-08","2016-03-11T19:03Z","2016-03-17T15:00Z","NEON.LTR.GUAN048062.20160308","NEON.LTR.GUAN048062.20160308.FLR","NEON.DOC.001710vE","Flowers",0.21,"N",NA,"8rHzSbnDOXjpaitjHXu3bvZcWZBazBT3Z6JypCrOTws="
"291b607e-7cdd-49c2-b653-408f2a28252c","GUAN_048.basePlot.ltr","D04","GUAN","GUAN_048","GUAN_048_062","2016-03-17","2015-10-28","2016-03-08","2016-03-11T19:03Z","2016-03-17T15:00Z","NEON.LTR.GUAN048062.20160308","NEON.LTR.GUAN048062.20160308.OTH","NEON.DOC.001710vE","Other",0.01,"N",NA,"8rHzSbnDOXjpaitjHXu3bvZcWZBazBT3Z6JypCrOTws="
"8ae5a638-f66d-4976-b78c-05bdbab4eaa7","GUAN_048.basePlot.ltr","D04","GUAN","GUAN_048","GUAN_048_062","2016-03-17","2015-10-28","2016-03-08","2016-03-11T19:03Z","2016-03-17T15:00Z","NEON.LTR.GUAN048062.20160308","NEON.LTR.GUAN048062.20160308.LVS","NEON.DOC.001710vE","Leaves",40.78,"N",NA,"8rHzSbnDOXjpaitjHXu3bvZcWZBazBT3Z6JypCrOTws="
"114d762d-4608-4bfa-9053-cdcee54aa82f","GUAN_048.basePlot.ltr","D04","GUAN","GUAN_048","GUAN_048_062","2016-03-17","2015-10-28","2016-03-08","2016-03-11T19:03Z","2016-03-17T15:00Z","NEON.LTR.GUAN048062.20160308","NEON.LTR.GUAN048062.20160308.NDL","NEON.DOC.001710vE","Needles",0,"N",NA,"8rHzSbnDOXjpaitjHXu3bvZcWZBazBT3Z6JypCrOTws="
"a23f34ba-65b9-42da-9a5d-28d87ba04f8a","GUAN_042.basePlot.ltr","D04","GUAN","GUAN_042","GUAN_042_700","2016-03-15","2015-10-28","2016-03-08","2016-03-10T18:05Z","2016-03-15T18:00Z","NEON.LTR.GUAN042700.20160308","NEON.LTR.GUAN042700.20160308.WDY","NEON.DOC.001710vE","Woody material",0.08,"Y",NA,"bLuA32XSwhQ1UEFOt6rO3xlOtBx7Ppbg"
"a579400e-cbc2-46ee-9ce0-6251718cbeac","GUAN_054.basePlot.ltr","D04","GUAN","GUAN_054","GUAN_054_559","2016-03-15","2015-10-28","2016-03-08","2016-03-10T18:05Z","2016-03-15T18:00Z","NEON.LTR.GUAN054559.20160308","NEON.LTR.GUAN054559.20160308.LVS","NEON.DOC.001710vE","Leaves",10.48,"N",NA,"bLuA32XSwhQ1UEFOt6rO3xlOtBx7Ppbg"
"75710313-76e3-4e96-b173-7c9de244613f","GUAN_054.basePlot.ltr","D04","GUAN","GUAN_054","GUAN_054_559","2016-03-15","2015-10-28","2016-03-08","2016-03-10T18:05Z","2016-03-15T18:00Z","NEON.LTR.GUAN054559.20160308","NEON.LTR.GUAN054559.20160308.OTH","NEON.DOC.001710vE","Other",15.39,"N",NA,"bLuA32XSwhQ1UEFOt6rO3xlOtBx7Ppbg"
"ecbfc28e-a5b9-4dab-a014-85ad0909c961","GUAN_054.basePlot.ltr","D04","GUAN","GUAN_054","GUAN_054_559","2016-03-15","2015-10-28","2016-03-08","2016-03-10T18:05Z","2016-03-15T18:00Z","NEON.LTR.GUAN054559.20160308","NEON.LTR.GUAN054559.20160308.SDS","NEON.DOC.001710vE","Seeds",0.1,"N",NA,"bLuA32XSwhQ1UEFOt6rO3xlOtBx7Ppbg"
"9708a3f7-7300-476d-9b88-2acc3d870c3f","GUAN_054.basePlot.ltr","D04","GUAN","GUAN_054","GUAN_054_559","2016-03-15","2015-10-28","2016-03-08","2016-03-10T18:05Z","2016-03-15T18:00Z","NEON.LTR.GUAN054559.20160308","NEON.LTR.GUAN054559.20160308.FLR","NEON.DOC.001710vE","Flowers",0,"N",NA,"bLuA32XSwhQ1UEFOt6rO3xlOtBx7Ppbg"
"a8ae4ac9-be25-4c32-95a7-01d8a672c6b3","GUAN_054.basePlot.ltr","D04","GUAN","GUAN_054","GUAN_054_559","2016-03-15","2015-10-28","2016-03-08","2016-03-10T18:05Z","2016-03-15T18:00Z","NEON.LTR.GUAN054559.20160308","NEON.LTR.GUAN054559.20160308.NDL","NEON.DOC.001710vE","Needles",0,"N",NA,"bLuA32XSwhQ1UEFOt6rO3xlOtBx7Ppbg"
"c34d504e-0a60-4258-8308-8f8d90da9bb3","GUAN_054.basePlot.ltr","D04","GUAN","GUAN_054","GUAN_054_559","2016-03-15","2015-10-28","2016-03-08","2016-03-10T18:05Z","2016-03-15T18:00Z","NEON.LTR.GUAN054559.20160308","NEON.LTR.GUAN054559.20160308.TWI","NEON.DOC.001710vE","Twigs/branches",5.7,"N",NA,"bLuA32XSwhQ1UEFOt6rO3xlOtBx7Ppbg"
"138e05c9-bd37-483e-b9b8-cd1b12a4e6f1","GUAN_054.basePlot.ltr","D04","GUAN","GUAN_054","GUAN_054_559","2016-03-15","2015-10-28","2016-03-08","2016-03-10T18:05Z","2016-03-15T18:00Z","NEON.LTR.GUAN054559.20160308","NEON.LTR.GUAN054559.20160308.WDY","NEON.DOC.001710vE","Woody material",0.39,"N",NA,"bLuA32XSwhQ1UEFOt6rO3xlOtBx7Ppbg"
"35b5f4ef-14ac-4190-b038-bdc6cb062291","GUAN_050.basePlot.ltr","D04","GUAN","GUAN_050","GUAN_050_850","2016-03-15","2015-10-28","2016-03-08","2016-03-10T18:05Z","2016-03-15T18:00Z","NEON.LTR.GUAN050850.20160308","NEON.LTR.GUAN050850.20160308.LVS","NEON.DOC.001710vE","Leaves",33.72,"N",NA,"bLuA32XSwhQ1UEFOt6rO3xlOtBx7Ppbg"
"38bf1927-97b1-4b93-98d7-86b2e5f90798","GUAN_050.basePlot.ltr","D04","GUAN","GUAN_050","GUAN_050_850","2016-03-15","2015-10-28","2016-03-08","2016-03-10T18:05Z","2016-03-15T18:00Z","NEON.LTR.GUAN050850.20160308","NEON.LTR.GUAN050850.20160308.OTH","NEON.DOC.001710vE","Other",0.7,"N",NA,"bLuA32XSwhQ1UEFOt6rO3xlOtBx7Ppbg"
"921fb995-00de-4736-82c5-47cae071a092","GUAN_050.basePlot.ltr","D04","GUAN","GUAN_050","GUAN_050_850","2016-03-15","2015-10-28","2016-03-08","2016-03-10T18:05Z","2016-03-15T18:00Z","NEON.LTR.GUAN050850.20160308","NEON.LTR.GUAN050850.20160308.FLR","NEON.DOC.001710vE","Flowers",0.07,"N",NA,"bLuA32XSwhQ1UEFOt6rO3xlOtBx7Ppbg"
"1283f316-c28c-42e5-bdcc-b200371564b2","GUAN_050.basePlot.ltr","D04","GUAN","GUAN_050","GUAN_050_850","2016-03-15","2015-10-28","2016-03-08","2016-03-10T18:05Z","2016-03-15T18:00Z","NEON.LTR.GUAN050850.20160308","NEON.LTR.GUAN050850.20160308.SDS","NEON.DOC.001710vE","Seeds",0.006,"N",NA,"bLuA32XSwhQ1UEFOt6rO3xlOtBx7Ppbg"
"cfd17a80-a37f-480c-94a3-26d2060d4454","GUAN_050.basePlot.ltr","D04","GUAN","GUAN_050","GUAN_050_850","2016-03-15","2015-10-28","2016-03-08","2016-03-10T18:05Z","2016-03-15T18:00Z","NEON.LTR.GUAN050850.20160308","NEON.LTR.GUAN050850.20160308.NDL","NEON.DOC.001710vE","Needles",0,"N",NA,"bLuA32XSwhQ1UEFOt6rO3xlOtBx7Ppbg"
"3575ace4-4e07-4657-b8bc-6d239bf4c631","GUAN_050.basePlot.ltr","D04","GUAN","GUAN_050","GUAN_050_850","2016-03-15","2015-10-28","2016-03-08","2016-03-10T18:05Z","2016-03-15T18:00Z","NEON.LTR.GUAN050850.20160308","NEON.LTR.GUAN050850.20160308.TWI","NEON.DOC.001710vE","Twigs/branches",0.3,"N",NA,"bLuA32XSwhQ1UEFOt6rO3xlOtBx7Ppbg"
"3fe5bcab-2c81-48a1-a807-4823a23d7076","GUAN_050.basePlot.ltr","D04","GUAN","GUAN_050","GUAN_050_850","2016-03-15","2015-10-28","2016-03-08","2016-03-10T18:05Z","2016-03-15T18:00Z","NEON.LTR.GUAN050850.20160308","NEON.LTR.GUAN050850.20160308.WDY","NEON.DOC.001710vE","Woody material",0.03,"N",NA,"bLuA32XSwhQ1UEFOt6rO3xlOtBx7Ppbg"
"36100823-86f3-4be2-86a1-4d8967a8be39","GUAN_053.basePlot.ltr","D04","GUAN","GUAN_053","GUAN_053_405","2016-03-15","2015-10-28","2016-03-08","2016-03-10T18:05Z","2016-03-15T18:00Z","NEON.LTR.GUAN053405.20160308","NEON.LTR.GUAN053405.20160308.LVS","NEON.DOC.001710vE","Leaves",19.23,"N",NA,"bLuA32XSwhQ1UEFOt6rO3xlOtBx7Ppbg"
"9576ff74-8567-4727-a4b4-00394629cc2d","GUAN_053.basePlot.ltr","D04","GUAN","GUAN_053","GUAN_053_405","2016-03-15","2015-10-28","2016-03-08","2016-03-10T18:05Z","2016-03-15T18:00Z","NEON.LTR.GUAN053405.20160308","NEON.LTR.GUAN053405.20160308.OTH","NEON.DOC.001710vE","Other",0.39,"N",NA,"bLuA32XSwhQ1UEFOt6rO3xlOtBx7Ppbg"
"3734f910-abd8-499b-9230-0a1a8d37ee5e","GUAN_053.basePlot.ltr","D04","GUAN","GUAN_053","GUAN_053_405","2016-03-15","2015-10-28","2016-03-08","2016-03-10T18:05Z","2016-03-15T18:00Z","NEON.LTR.GUAN053405.20160308","NEON.LTR.GUAN053405.20160308.SDS","NEON.DOC.001710vE","Seeds",0.04,"N",NA,"bLuA32XSwhQ1UEFOt6rO3xlOtBx7Ppbg"
"36857829-7700-4258-877a-c8bf76b9698b","GUAN_053.basePlot.ltr","D04","GUAN","GUAN_053","GUAN_053_405","2016-03-15","2015-10-28","2016-03-08","2016-03-10T18:05Z","2016-03-15T18:00Z","NEON.LTR.GUAN053405.20160308","NEON.LTR.GUAN053405.20160308.NDL","NEON.DOC.001710vE","Needles",0,"N",NA,"bLuA32XSwhQ1UEFOt6rO3xlOtBx7Ppbg"
"17f79b62-3e94-4b12-9fbe-2d98f0ea4df3","GUAN_053.basePlot.ltr","D04","GUAN","GUAN_053","GUAN_053_405","2016-03-15","2015-10-28","2016-03-08","2016-03-10T18:05Z","2016-03-15T18:00Z","NEON.LTR.GUAN053405.20160308","NEON.LTR.GUAN053405.20160308.FLR","NEON.DOC.001710vE","Flowers",0,"N",NA,"bLuA32XSwhQ1UEFOt6rO3xlOtBx7Ppbg"
"8411ed39-4ed9-4cf4-b25f-8958562c4422","GUAN_053.basePlot.ltr","D04","GUAN","GUAN_053","GUAN_053_405","2016-03-15","2015-10-28","2016-03-08","2016-03-10T18:05Z","2016-03-15T18:00Z","NEON.LTR.GUAN053405.20160308","NEON.LTR.GUAN053405.20160308.TWI","NEON.DOC.001710vE","Twigs/branches",0.47,"Y",NA,"bLuA32XSwhQ1UEFOt6rO3xlOtBx7Ppbg"
"32555a94-a5c4-438a-a31b-54c2dbb4c406","GUAN_053.basePlot.ltr","D04","GUAN","GUAN_053","GUAN_053_405","2016-03-15","2015-10-28","2016-03-08","2016-03-10T18:05Z","2016-03-15T18:00Z","NEON.LTR.GUAN053405.20160308","NEON.LTR.GUAN053405.20160308.WDY","NEON.DOC.001710vE","Woody material",0.01,"Y",NA,"bLuA32XSwhQ1UEFOt6rO3xlOtBx7Ppbg"
"977c8dfc-a181-4715-9a66-c0eef60a63ba","GUAN_051.basePlot.ltr","D04","GUAN","GUAN_051","GUAN_051_803","2016-03-17","2015-10-28","2016-03-08","2016-03-11T19:03Z","2016-03-17T15:00Z","NEON.LTR.GUAN051803.20160308","NEON.LTR.GUAN051803.20160308.LVS","NEON.DOC.001710vE","Leaves",23.85,"Y",NA,"8rHzSbnDOXjpaitjHXu3bvZcWZBazBT3Z6JypCrOTws="
"afdab1cd-f011-4e15-87df-a34fbb420c60","GUAN_051.basePlot.ltr","D04","GUAN","GUAN_051","GUAN_051_803","2016-03-17","2015-10-28","2016-03-08","2016-03-11T19:03Z","2016-03-17T15:00Z","NEON.LTR.GUAN051803.20160308","NEON.LTR.GUAN051803.20160308.SDS","NEON.DOC.001710vE","Seeds",0.18,"Y",NA,"8rHzSbnDOXjpaitjHXu3bvZcWZBazBT3Z6JypCrOTws="
"1a24900e-ea14-46d1-b417-ba90aee9eca5","GUAN_051.basePlot.ltr","D04","GUAN","GUAN_051","GUAN_051_803","2016-03-17","2015-10-28","2016-03-08","2016-03-11T19:03Z","2016-03-17T15:00Z","NEON.LTR.GUAN051803.20160308","NEON.LTR.GUAN051803.20160308.OTH","NEON.DOC.001710vE","Other",0.49,"Y",NA,"8rHzSbnDOXjpaitjHXu3bvZcWZBazBT3Z6JypCrOTws="
"3956da8f-4a36-4380-b510-5f803851975f","GUAN_051.basePlot.ltr","D04","GUAN","GUAN_051","GUAN_051_803","2016-03-17","2015-10-28","2016-03-08","2016-03-11T19:03Z","2016-03-17T15:00Z","NEON.LTR.GUAN051803.20160308","NEON.LTR.GUAN051803.20160308.FLR","NEON.DOC.001710vE","Flowers",0,"N",NA,"8rHzSbnDOXjpaitjHXu3bvZcWZBazBT3Z6JypCrOTws="
"84cf55d8-3fa8-49ae-ab40-f5981b671830","GUAN_051.basePlot.ltr","D04","GUAN","GUAN_051","GUAN_051_803","2016-03-17","2015-10-28","2016-03-08","2016-03-11T19:03Z","2016-03-17T15:00Z","NEON.LTR.GUAN051803.20160308","NEON.LTR.GUAN051803.20160308.TWI","NEON.DOC.001710vE","Twigs/branches",2.75,"N",NA,"8rHzSbnDOXjpaitjHXu3bvZcWZBazBT3Z6JypCrOTws="
"1a69e295-eb58-43d5-8db8-a9a61ddda68e","GUAN_051.basePlot.ltr","D04","GUAN","GUAN_051","GUAN_051_803","2016-03-17","2015-10-28","2016-03-08","2016-03-11T19:03Z","2016-03-17T15:00Z","NEON.LTR.GUAN051803.20160308","NEON.LTR.GUAN051803.20160308.NDL","NEON.DOC.001710vE","Needles",0,"N",NA,"8rHzSbnDOXjpaitjHXu3bvZcWZBazBT3Z6JypCrOTws="
"1ac80596-c809-4ae6-94ce-cfda36384ac5","GUAN_051.basePlot.ltr","D04","GUAN","GUAN_051","GUAN_051_803","2016-03-17","2015-10-28","2016-03-08","2016-03-11T19:03Z","2016-03-17T15:00Z","NEON.LTR.GUAN051803.20160308","NEON.LTR.GUAN051803.20160308.WDY","NEON.DOC.001710vE","Woody material",0.13,"N",NA,"8rHzSbnDOXjpaitjHXu3bvZcWZBazBT3Z6JypCrOTws="
"374e9a75-f6f1-4182-845b-902e6291be7c","GUAN_043.basePlot.ltr","D04","GUAN","GUAN_043","GUAN_043_562","2016-03-17","2015-10-28","2016-03-08","2016-03-11T19:03Z","2016-03-17T15:00Z","NEON.LTR.GUAN043562.20160308","NEON.LTR.GUAN043562.20160308.LVS","NEON.DOC.001710vE","Leaves",18.45,"N",NA,"8rHzSbnDOXjpaitjHXu3bvZcWZBazBT3Z6JypCrOTws="
"7ae15f95-bcb8-4253-a5f5-c5eedd5e5f21","GUAN_043.basePlot.ltr","D04","GUAN","GUAN_043","GUAN_043_562","2016-03-17","2015-10-28","2016-03-08","2016-03-11T19:03Z","2016-03-17T15:00Z","NEON.LTR.GUAN043562.20160308","NEON.LTR.GUAN043562.20160308.OTH","NEON.DOC.001710vE","Other",4.25,"N",NA,"8rHzSbnDOXjpaitjHXu3bvZcWZBazBT3Z6JypCrOTws="
"cd0f68a5-e0bd-4c60-b47f-c6cdfedea3fb","GUAN_043.basePlot.ltr","D04","GUAN","GUAN_043","GUAN_043_562","2016-03-17","2015-10-28","2016-03-08","2016-03-11T19:03Z","2016-03-17T15:00Z","NEON.LTR.GUAN043562.20160308","NEON.LTR.GUAN043562.20160308.NDL","NEON.DOC.001710vE","Needles",0,"N",NA,"8rHzSbnDOXjpaitjHXu3bvZcWZBazBT3Z6JypCrOTws="
"0ced8a3a-7fe0-47de-b4e6-3cfad3358030","GUAN_043.basePlot.ltr","D04","GUAN","GUAN_043","GUAN_043_562","2016-03-17","2015-10-28","2016-03-08","2016-03-11T19:03Z","2016-03-17T15:00Z","NEON.LTR.GUAN043562.20160308","NEON.LTR.GUAN043562.20160308.FLR","NEON.DOC.001710vE","Flowers",0,"N",NA,"8rHzSbnDOXjpaitjHXu3bvZcWZBazBT3Z6JypCrOTws="
"ede34bdf-f1db-4f4e-8af5-48640f0f97b4","GUAN_043.basePlot.ltr","D04","GUAN","GUAN_043","GUAN_043_562","2016-03-17","2015-10-28","2016-03-08","2016-03-11T19:03Z","2016-03-17T15:00Z","NEON.LTR.GUAN043562.20160308","NEON.LTR.GUAN043562.20160308.SDS","NEON.DOC.001710vE","Seeds",0,"N",NA,"8rHzSbnDOXjpaitjHXu3bvZcWZBazBT3Z6JypCrOTws="
"f3d26cba-7e96-4d8d-9ae2-97393e7cfe02","GUAN_043.basePlot.ltr","D04","GUAN","GUAN_043","GUAN_043_562","2016-03-17","2015-10-28","2016-03-08","2016-03-11T19:03Z","2016-03-17T15:00Z","NEON.LTR.GUAN043562.20160308","NEON.LTR.GUAN043562.20160308.TWI","NEON.DOC.001710vE","Twigs/branches",1.69,"N",NA,"8rHzSbnDOXjpaitjHXu3bvZcWZBazBT3Z6JypCrOTws="
"bc1543a0-932a-4323-ac9c-94c7561cde83","GUAN_043.basePlot.ltr","D04","GUAN","GUAN_043","GUAN_043_562","2016-03-17","2015-10-28","2016-03-08","2016-03-11T19:03Z","2016-03-17T15:00Z","NEON.LTR.GUAN043562.20160308","NEON.LTR.GUAN043562.20160308.WDY","NEON.DOC.001710vE","Woody material",4.72,"N",NA,"8rHzSbnDOXjpaitjHXu3bvZcWZBazBT3Z6JypCrOTws="
"180785fc-2126-427c-9bee-1836015a46b0","GUAN_047.basePlot.ltr","D04","GUAN","GUAN_047","GUAN_047_935","2016-03-17","2015-10-28","2016-03-08","2016-03-11T19:03Z","2016-03-17T15:00Z","NEON.LTR.GUAN047935.20160308","NEON.LTR.GUAN047935.20160308.LVS","NEON.DOC.001710vE","Leaves",28.37,"N",NA,"8rHzSbnDOXjpaitjHXu3bvZcWZBazBT3Z6JypCrOTws="
"95ac0a3d-ae14-4a0e-93b2-9754b50979db","GUAN_047.basePlot.ltr","D04","GUAN","GUAN_047","GUAN_047_935","2016-03-17","2015-10-28","2016-03-08","2016-03-11T19:03Z","2016-03-17T15:00Z","NEON.LTR.GUAN047935.20160308","NEON.LTR.GUAN047935.20160308.FLR","NEON.DOC.001710vE","Flowers",0.03,"N",NA,"8rHzSbnDOXjpaitjHXu3bvZcWZBazBT3Z6JypCrOTws="
"8470ac40-27b5-4423-9f87-077adaf1fb12","GUAN_047.basePlot.ltr","D04","GUAN","GUAN_047","GUAN_047_935","2016-03-17","2015-10-28","2016-03-08","2016-03-11T19:03Z","2016-03-17T15:00Z","NEON.LTR.GUAN047935.20160308","NEON.LTR.GUAN047935.20160308.OTH","NEON.DOC.001710vE","Other",0.25,"N",NA,"8rHzSbnDOXjpaitjHXu3bvZcWZBazBT3Z6JypCrOTws="
"407e86e0-2158-4d97-be6e-781f9e8dfca7","GUAN_047.basePlot.ltr","D04","GUAN","GUAN_047","GUAN_047_935","2016-03-17","2015-10-28","2016-03-08","2016-03-11T19:03Z","2016-03-17T15:00Z","NEON.LTR.GUAN047935.20160308","NEON.LTR.GUAN047935.20160308.NDL","NEON.DOC.001710vE","Needles",0,"N",NA,"8rHzSbnDOXjpaitjHXu3bvZcWZBazBT3Z6JypCrOTws="
"4c9fa913-96de-4f14-8fc8-317df4512712","GUAN_047.basePlot.ltr","D04","GUAN","GUAN_047","GUAN_047_935","2016-03-17","2015-10-28","2016-03-08","2016-03-11T19:03Z","2016-03-17T15:00Z","NEON.LTR.GUAN047935.20160308","NEON.LTR.GUAN047935.20160308.SDS","NEON.DOC.001710vE","Seeds",0,"N",NA,"8rHzSbnDOXjpaitjHXu3bvZcWZBazBT3Z6JypCrOTws="
"8a703a35-97b4-48cf-b935-5b079146b0c2","GUAN_047.basePlot.ltr","D04","GUAN","GUAN_047","GUAN_047_935","2016-03-17","2015-10-28","2016-03-08","2016-03-11T19:03Z","2016-03-17T15:00Z","NEON.LTR.GUAN047935.20160308","NEON.LTR.GUAN047935.20160308.TWI","NEON.DOC.001710vE","Twigs/branches",2.76,"N",NA,"8rHzSbnDOXjpaitjHXu3bvZcWZBazBT3Z6JypCrOTws="
"1ca45e7f-3aa1-42a5-b3e0-30ab24668bcf","GUAN_047.basePlot.ltr","D04","GUAN","GUAN_047","GUAN_047_935","2016-03-17","2015-10-28","2016-03-08","2016-03-11T19:03Z","2016-03-17T15:00Z","NEON.LTR.GUAN047935.20160308","NEON.LTR.GUAN047935.20160308.WDY","NEON.DOC.001710vE","Woody material",0.13,"N",NA,"8rHzSbnDOXjpaitjHXu3bvZcWZBazBT3Z6JypCrOTws="
"14a08faf-1a4e-43e9-bbe5-8d1f0cfdb5f2","GUAN_058.basePlot.ltr","D04","GUAN","GUAN_058","GUAN_058_054","2016-03-17","2015-10-28","2016-03-08","2016-03-11T19:03Z","2016-03-17T15:00Z","NEON.LTR.GUAN058054.20160308","NEON.LTR.GUAN058054.20160308.LVS","NEON.DOC.001710vE","Leaves",34.8,"N",NA,"8rHzSbnDOXjpaitjHXu3bvZcWZBazBT3Z6JypCrOTws="
"7bd88581-157d-490d-9b3a-1f328f56c3f9","GUAN_058.basePlot.ltr","D04","GUAN","GUAN_058","GUAN_058_054","2016-03-17","2015-10-28","2016-03-08","2016-03-11T19:03Z","2016-03-17T15:00Z","NEON.LTR.GUAN058054.20160308","NEON.LTR.GUAN058054.20160308.SDS","NEON.DOC.001710vE","Seeds",0.01,"N",NA,"8rHzSbnDOXjpaitjHXu3bvZcWZBazBT3Z6JypCrOTws="
"1d7b4d25-7c44-4431-9dc8-9b597ce448ca","GUAN_058.basePlot.ltr","D04","GUAN","GUAN_058","GUAN_058_054","2016-03-17","2015-10-28","2016-03-08","2016-03-11T19:03Z","2016-03-17T15:00Z","NEON.LTR.GUAN058054.20160308","NEON.LTR.GUAN058054.20160308.OTH","NEON.DOC.001710vE","Other",1.24,"N",NA,"8rHzSbnDOXjpaitjHXu3bvZcWZBazBT3Z6JypCrOTws="
"1aed950d-0a14-428a-bb19-a09066d5959d","GUAN_058.basePlot.ltr","D04","GUAN","GUAN_058","GUAN_058_054","2016-03-17","2015-10-28","2016-03-08","2016-03-11T19:03Z","2016-03-17T15:00Z","NEON.LTR.GUAN058054.20160308","NEON.LTR.GUAN058054.20160308.FLR","NEON.DOC.001710vE","Flowers",0.03,"N",NA,"8rHzSbnDOXjpaitjHXu3bvZcWZBazBT3Z6JypCrOTws="
"3fd256be-f316-47fb-b8c9-a618d76ae677","GUAN_058.basePlot.ltr","D04","GUAN","GUAN_058","GUAN_058_054","2016-03-17","2015-10-28","2016-03-08","2016-03-11T19:03Z","2016-03-17T15:00Z","NEON.LTR.GUAN058054.20160308","NEON.LTR.GUAN058054.20160308.NDL","NEON.DOC.001710vE","Needles",0,"N",NA,"8rHzSbnDOXjpaitjHXu3bvZcWZBazBT3Z6JypCrOTws="
"c3686bc5-af0d-4e69-91b4-942f87f33dd3","GUAN_058.basePlot.ltr","D04","GUAN","GUAN_058","GUAN_058_054","2016-03-17","2015-10-28","2016-03-08","2016-03-11T19:03Z","2016-03-17T15:00Z","NEON.LTR.GUAN058054.20160308","NEON.LTR.GUAN058054.20160308.TWI","NEON.DOC.001710vE","Twigs/branches",3.5,"N",NA,"8rHzSbnDOXjpaitjHXu3bvZcWZBazBT3Z6JypCrOTws="
"12ddd9eb-73c7-4f8d-be27-38997a363a08","GUAN_058.basePlot.ltr","D04","GUAN","GUAN_058","GUAN_058_054","2016-03-17","2015-10-28","2016-03-08","2016-03-11T19:03Z","2016-03-17T15:00Z","NEON.LTR.GUAN058054.20160308","NEON.LTR.GUAN058054.20160308.WDY","NEON.DOC.001710vE","Woody material",0.24,"N",NA,"8rHzSbnDOXjpaitjHXu3bvZcWZBazBT3Z6JypCrOTws="
"643f6738-7df6-48a9-a83e-82d58fbb8e0b","GUAN_046.basePlot.ltr","D04","GUAN","GUAN_046","GUAN_046_021","2016-03-15","2015-10-28","2016-03-08","2016-03-10T18:05Z","2016-03-15T18:00Z","NEON.LTR.GUAN046021.20160308","NEON.LTR.GUAN046021.20160308.FLR","NEON.DOC.001710vE","Flowers",0.04,"Y",NA,"bLuA32XSwhQ1UEFOt6rO3xlOtBx7Ppbg"
"3c5afb50-f613-4181-af19-5eea867ec920","GUAN_056.basePlot.ltr","D04","GUAN","GUAN_056","GUAN_056_062","2016-03-15","2015-10-28","2016-03-08","2016-03-10T18:05Z","2016-03-15T18:00Z","NEON.LTR.GUAN056062.20160308","NEON.LTR.GUAN056062.20160308.TWI","NEON.DOC.001710vE","Twigs/branches",0.28,"N",NA,"bLuA32XSwhQ1UEFOt6rO3xlOtBx7Ppbg"
"0b269315-8a75-4874-b34d-af53b6ab0e77","GUAN_056.basePlot.ltr","D04","GUAN","GUAN_056","GUAN_056_062","2016-03-15","2015-10-28","2016-03-08","2016-03-10T18:05Z","2016-03-15T18:00Z","NEON.LTR.GUAN056062.20160308","NEON.LTR.GUAN056062.20160308.WDY","NEON.DOC.001710vE","Woody material",2.47,"N",NA,"bLuA32XSwhQ1UEFOt6rO3xlOtBx7Ppbg"
"ac8c0392-bcd0-49eb-b13a-1042387d8bd1","GUAN_046.basePlot.ltr","D04","GUAN","GUAN_046","GUAN_046_021","2016-03-15","2015-10-28","2016-03-08","2016-03-10T18:05Z","2016-03-15T18:00Z","NEON.LTR.GUAN046021.20160308","NEON.LTR.GUAN046021.20160308.TWI","NEON.DOC.001710vE","Twigs/branches",0.25,"Y",NA,"bLuA32XSwhQ1UEFOt6rO3xlOtBx7Ppbg"
"fe98f3a0-4556-4e90-b3f3-53d901cc9ec7","GUAN_046.basePlot.ltr","D04","GUAN","GUAN_046","GUAN_046_021","2016-03-15","2015-10-28","2016-03-08","2016-03-10T18:05Z","2016-03-15T18:00Z","NEON.LTR.GUAN046021.20160308","NEON.LTR.GUAN046021.20160308.LVS","NEON.DOC.001710vE","Leaves",21.46,"Y",NA,"bLuA32XSwhQ1UEFOt6rO3xlOtBx7Ppbg"
"4ca75dec-f060-46e9-94a0-c885a3348f6f","GUAN_046.basePlot.ltr","D04","GUAN","GUAN_046","GUAN_046_021","2016-03-15","2015-10-28","2016-03-08","2016-03-10T18:05Z","2016-03-15T18:00Z","NEON.LTR.GUAN046021.20160308","NEON.LTR.GUAN046021.20160308.OTH","NEON.DOC.001710vE","Other",0.38,"Y",NA,"bLuA32XSwhQ1UEFOt6rO3xlOtBx7Ppbg"
"40379d66-4d3d-4d3f-9c61-469f2175756f","GUAN_052.basePlot.ltr","D04","GUAN","GUAN_052","GUAN_052_706","2016-03-15","2015-10-28","2016-03-08","2016-03-10T18:05Z","2016-03-15T18:00Z","NEON.LTR.GUAN052706.20160308","NEON.LTR.GUAN052706.20160308.OTH","NEON.DOC.001710vE","Other",0.03,"N",NA,"bLuA32XSwhQ1UEFOt6rO3xlOtBx7Ppbg"
"09cf4008-1392-4296-85a1-46ca6e0aa93f","GUAN_046.basePlot.ltr","D04","GUAN","GUAN_046","GUAN_046_021","2016-03-15","2015-10-28","2016-03-08","2016-03-10T18:05Z","2016-03-15T18:00Z","NEON.LTR.GUAN046021.20160308","NEON.LTR.GUAN046021.20160308.SDS","NEON.DOC.001710vE","Seeds",0,"N",NA,"bLuA32XSwhQ1UEFOt6rO3xlOtBx7Ppbg"
"e3affebd-9817-4fb5-b982-9a846e3b2c94","GUAN_046.basePlot.ltr","D04","GUAN","GUAN_046","GUAN_046_021","2016-03-15","2015-10-28","2016-03-08","2016-03-10T18:05Z","2016-03-15T18:00Z","NEON.LTR.GUAN046021.20160308","NEON.LTR.GUAN046021.20160308.NDL","NEON.DOC.001710vE","Needles",0,"N",NA,"bLuA32XSwhQ1UEFOt6rO3xlOtBx7Ppbg"
"e0a1f7c1-16d3-46d4-9685-906dc0669d43","GUAN_052.basePlot.ltr","D04","GUAN","GUAN_052","GUAN_052_706","2016-03-15","2015-10-28","2016-03-08","2016-03-10T18:05Z","2016-03-15T18:00Z","NEON.LTR.GUAN052706.20160308","NEON.LTR.GUAN052706.20160308.LVS","NEON.DOC.001710vE","Leaves",20.96,"N",NA,"bLuA32XSwhQ1UEFOt6rO3xlOtBx7Ppbg"
"829feeeb-1ca1-4db1-9837-683087efe10c","GUAN_046.basePlot.ltr","D04","GUAN","GUAN_046","GUAN_046_021","2016-03-15","2015-10-28","2016-03-08","2016-03-10T18:05Z","2016-03-15T18:00Z","NEON.LTR.GUAN046021.20160308","NEON.LTR.GUAN046021.20160308.WDY","NEON.DOC.001710vE","Woody material",0.02,"Y",NA,"bLuA32XSwhQ1UEFOt6rO3xlOtBx7Ppbg"
"174f77c9-40c7-4c25-9b9a-cad10fecc5d5","GUAN_052.basePlot.ltr","D04","GUAN","GUAN_052","GUAN_052_706","2016-03-15","2015-10-28","2016-03-08","2016-03-10T18:05Z","2016-03-15T18:00Z","NEON.LTR.GUAN052706.20160308","NEON.LTR.GUAN052706.20160308.TWI","NEON.DOC.001710vE","Twigs/branches",1.85,"N",NA,"bLuA32XSwhQ1UEFOt6rO3xlOtBx7Ppbg"
"e2ab7ec1-ef46-4f1d-a97b-070cd9d585cd","GUAN_052.basePlot.ltr","D04","GUAN","GUAN_052","GUAN_052_706","2016-03-15","2015-10-28","2016-03-08","2016-03-10T18:05Z","2016-03-15T18:00Z","NEON.LTR.GUAN052706.20160308","NEON.LTR.GUAN052706.20160308.FLR","NEON.DOC.001710vE","Flowers",0.009,"N",NA,"bLuA32XSwhQ1UEFOt6rO3xlOtBx7Ppbg"
"eaf51ad5-e9cd-4b84-802a-419a4e3dcf8f","GUAN_052.basePlot.ltr","D04","GUAN","GUAN_052","GUAN_052_706","2016-03-15","2015-10-28","2016-03-08","2016-03-10T18:05Z","2016-03-15T18:00Z","NEON.LTR.GUAN052706.20160308","NEON.LTR.GUAN052706.20160308.SDS","NEON.DOC.001710vE","Seeds",0.83,"N",NA,"bLuA32XSwhQ1UEFOt6rO3xlOtBx7Ppbg"
"6d33354f-0c5c-491c-93ff-49a941e46f9b","GUAN_060.basePlot.ltr","D04","GUAN","GUAN_060","GUAN_060_151","2016-03-15","2015-10-28","2016-03-08","2016-03-10T18:05Z","2016-03-15T18:00Z","NEON.LTR.GUAN060151.20160308","NEON.LTR.GUAN060151.20160308.FLR","NEON.DOC.001710vE","Flowers",0.38,"N",NA,"bLuA32XSwhQ1UEFOt6rO3xlOtBx7Ppbg"
"7178bc90-f621-4555-b48f-f521183f43a8","GUAN_052.basePlot.ltr","D04","GUAN","GUAN_052","GUAN_052_706","2016-03-15","2015-10-28","2016-03-08","2016-03-10T18:05Z","2016-03-15T18:00Z","NEON.LTR.GUAN052706.20160308","NEON.LTR.GUAN052706.20160308.NDL","NEON.DOC.001710vE","Needles",0,"N",NA,"bLuA32XSwhQ1UEFOt6rO3xlOtBx7Ppbg"
"39de754b-63e4-47f6-bd57-40bacb86da95","GUAN_052.basePlot.ltr","D04","GUAN","GUAN_052","GUAN_052_706","2016-03-15","2015-10-28","2016-03-08","2016-03-10T18:05Z","2016-03-15T18:00Z","NEON.LTR.GUAN052706.20160308","NEON.LTR.GUAN052706.20160308.WDY","NEON.DOC.001710vE","Woody material",0.03,"N",NA,"bLuA32XSwhQ1UEFOt6rO3xlOtBx7Ppbg"
"66fbea4c-b028-4a36-9704-7e3e7b86b152","GUAN_060.basePlot.ltr","D04","GUAN","GUAN_060","GUAN_060_151","2016-03-15","2015-10-28","2016-03-08","2016-03-10T18:05Z","2016-03-15T18:00Z","NEON.LTR.GUAN060151.20160308","NEON.LTR.GUAN060151.20160308.NDL","NEON.DOC.001710vE","Needles",0,"N",NA,"bLuA32XSwhQ1UEFOt6rO3xlOtBx7Ppbg"
"f9a2c51f-3b28-467d-9689-6b0ee3131074","GUAN_060.basePlot.ltr","D04","GUAN","GUAN_060","GUAN_060_151","2016-03-15","2015-10-28","2016-03-08","2016-03-10T18:05Z","2016-03-15T18:00Z","NEON.LTR.GUAN060151.20160308","NEON.LTR.GUAN060151.20160308.LVS","NEON.DOC.001710vE","Leaves",62.64,"N",NA,"bLuA32XSwhQ1UEFOt6rO3xlOtBx7Ppbg"
"44659c83-d16a-48d0-8628-e3cc377e1010","GUAN_042.basePlot.ltr","D04","GUAN","GUAN_042","GUAN_042_700","2016-03-15","2015-10-28","2016-03-08","2016-03-10T18:05Z","2016-03-15T18:00Z","NEON.LTR.GUAN042700.20160308","NEON.LTR.GUAN042700.20160308.LVS","NEON.DOC.001710vE","Leaves",21.88,"N",NA,"bLuA32XSwhQ1UEFOt6rO3xlOtBx7Ppbg"
"5582363e-8319-4ff4-b842-c33cd4fd6db9","GUAN_060.basePlot.ltr","D04","GUAN","GUAN_060","GUAN_060_151","2016-03-15","2015-10-28","2016-03-08","2016-03-10T18:05Z","2016-03-15T18:00Z","NEON.LTR.GUAN060151.20160308","NEON.LTR.GUAN060151.20160308.SDS","NEON.DOC.001710vE","Seeds",0.06,"N",NA,"bLuA32XSwhQ1UEFOt6rO3xlOtBx7Ppbg"
"f5521c18-3cb2-4227-a8ae-fced84fb671e","GUAN_060.basePlot.ltr","D04","GUAN","GUAN_060","GUAN_060_151","2016-03-15","2015-10-28","2016-03-08","2016-03-10T18:05Z","2016-03-15T18:00Z","NEON.LTR.GUAN060151.20160308","NEON.LTR.GUAN060151.20160308.OTH","NEON.DOC.001710vE","Other",1.64,"N",NA,"bLuA32XSwhQ1UEFOt6rO3xlOtBx7Ppbg"
"9480fc69-ab64-4468-bac8-d5dc8cd0a813","GUAN_042.basePlot.ltr","D04","GUAN","GUAN_042","GUAN_042_700","2016-03-15","2015-10-28","2016-03-08","2016-03-10T18:05Z","2016-03-15T18:00Z","NEON.LTR.GUAN042700.20160308","NEON.LTR.GUAN042700.20160308.FLR","NEON.DOC.001710vE","Flowers",0.006,"N",NA,"bLuA32XSwhQ1UEFOt6rO3xlOtBx7Ppbg"
"821c7b46-9369-40d2-8680-aaa5819281b7","GUAN_060.basePlot.ltr","D04","GUAN","GUAN_060","GUAN_060_151","2016-03-15","2015-10-28","2016-03-08","2016-03-10T18:05Z","2016-03-15T18:00Z","NEON.LTR.GUAN060151.20160308","NEON.LTR.GUAN060151.20160308.TWI","NEON.DOC.001710vE","Twigs/branches",3.61,"Y",NA,"bLuA32XSwhQ1UEFOt6rO3xlOtBx7Ppbg"
"d2e19c1e-9952-412b-94cc-187178bcb12c","GUAN_060.basePlot.ltr","D04","GUAN","GUAN_060","GUAN_060_151","2016-03-15","2015-10-28","2016-03-08","2016-03-10T18:05Z","2016-03-15T18:00Z","NEON.LTR.GUAN060151.20160308","NEON.LTR.GUAN060151.20160308.WDY","NEON.DOC.001710vE","Woody material",0.38,"Y",NA,"bLuA32XSwhQ1UEFOt6rO3xlOtBx7Ppbg"
"07c2de3b-a0d2-46df-93d5-ebca7178cea7","GUAN_042.basePlot.ltr","D04","GUAN","GUAN_042","GUAN_042_700","2016-03-15","2015-10-28","2016-03-08","2016-03-10T18:05Z","2016-03-15T18:00Z","NEON.LTR.GUAN042700.20160308","NEON.LTR.GUAN042700.20160308.TWI","NEON.DOC.001710vE","Twigs/branches",1.57,"Y",NA,"bLuA32XSwhQ1UEFOt6rO3xlOtBx7Ppbg"
"aba76ef3-f917-4e32-b5a2-966a4c3f838c","GUAN_042.basePlot.ltr","D04","GUAN","GUAN_042","GUAN_042_700","2016-03-15","2015-10-28","2016-03-08","2016-03-10T18:05Z","2016-03-15T18:00Z","NEON.LTR.GUAN042700.20160308","NEON.LTR.GUAN042700.20160308.OTH","NEON.DOC.001710vE","Other",0.2,"N",NA,"bLuA32XSwhQ1UEFOt6rO3xlOtBx7Ppbg"
"b7c7d8f3-f6d0-4c3a-a62c-8bd8953d77df","GUAN_042.basePlot.ltr","D04","GUAN","GUAN_042","GUAN_042_700","2016-03-15","2015-10-28","2016-03-08","2016-03-10T18:05Z","2016-03-15T18:00Z","NEON.LTR.GUAN042700.20160308","NEON.LTR.GUAN042700.20160308.NDL","NEON.DOC.001710vE","Needles",0,"N",NA,"bLuA32XSwhQ1UEFOt6rO3xlOtBx7Ppbg"
"ff938574-5167-4397-a80b-9bf463dba8f4","GUAN_042.basePlot.ltr","D04","GUAN","GUAN_042","GUAN_042_700","2016-03-15","2015-10-28","2016-03-08","2016-03-10T18:05Z","2016-03-15T18:00Z","NEON.LTR.GUAN042700.20160308","NEON.LTR.GUAN042700.20160308.SDS","NEON.DOC.001710vE","Seeds",0,"N",NA,"bLuA32XSwhQ1UEFOt6rO3xlOtBx7Ppbg"
"8a444a95-31df-47a2-99cd-169e44c654be","GUAN_056.basePlot.ltr","D04","GUAN","GUAN_056","GUAN_056_062","2016-03-15","2015-10-28","2016-03-08","2016-03-10T18:05Z","2016-03-15T18:00Z","NEON.LTR.GUAN056062.20160308","NEON.LTR.GUAN056062.20160308.NDL","NEON.DOC.001710vE","Needles",0,"N",NA,"bLuA32XSwhQ1UEFOt6rO3xlOtBx7Ppbg"
"ce315f18-669a-49d5-93af-5462bc771a96","GUAN_056.basePlot.ltr","D04","GUAN","GUAN_056","GUAN_056_062","2016-03-15","2015-10-28","2016-03-08","2016-03-10T18:05Z","2016-03-15T18:00Z","NEON.LTR.GUAN056062.20160308","NEON.LTR.GUAN056062.20160308.FLR","NEON.DOC.001710vE","Flowers",0.02,"N",NA,"bLuA32XSwhQ1UEFOt6rO3xlOtBx7Ppbg"
"24d6bc04-f0af-4cb1-bb83-fd30a0353a5f","GUAN_056.basePlot.ltr","D04","GUAN","GUAN_056","GUAN_056_062","2016-03-15","2015-10-28","2016-03-08","2016-03-10T18:05Z","2016-03-15T18:00Z","NEON.LTR.GUAN056062.20160308","NEON.LTR.GUAN056062.20160308.SDS","NEON.DOC.001710vE","Seeds",0.02,"N",NA,"bLuA32XSwhQ1UEFOt6rO3xlOtBx7Ppbg"
"e01dd20b-76f5-4495-8cde-d1ef80985da0","GUAN_056.basePlot.ltr","D04","GUAN","GUAN_056","GUAN_056_062","2016-03-15","2015-10-28","2016-03-08","2016-03-10T18:05Z","2016-03-15T18:00Z","NEON.LTR.GUAN056062.20160308","NEON.LTR.GUAN056062.20160308.LVS","NEON.DOC.001710vE","Leaves",13,"N",NA,"bLuA32XSwhQ1UEFOt6rO3xlOtBx7Ppbg"
"619d9ec2-f740-4e36-a30e-85bfaf0280cf","GUAN_047.basePlot.ltr","D04","GUAN","GUAN_047","GUAN_047_132","2016-03-15","2015-10-28","2016-03-08","2016-03-10T18:05Z","2016-03-15T18:00Z","NEON.LTR.GUAN047132.20160308","NEON.LTR.GUAN047132.20160308.WDY","NEON.DOC.001710vE","Woody material",0.04,"N",NA,"bLuA32XSwhQ1UEFOt6rO3xlOtBx7Ppbg"
"b856f4fc-8112-48be-b8bc-dfe1dc404168","GUAN_056.basePlot.ltr","D04","GUAN","GUAN_056","GUAN_056_062","2016-03-15","2015-10-28","2016-03-08","2016-03-10T18:05Z","2016-03-15T18:00Z","NEON.LTR.GUAN056062.20160308","NEON.LTR.GUAN056062.20160308.OTH","NEON.DOC.001710vE","Other",0.06,"N",NA,"bLuA32XSwhQ1UEFOt6rO3xlOtBx7Ppbg"
"2072aa47-5571-499a-9a86-1a9e85a43acf","GUAN_047.basePlot.ltr","D04","GUAN","GUAN_047","GUAN_047_132","2016-03-15","2015-10-28","2016-03-08","2016-03-10T18:05Z","2016-03-15T18:00Z","NEON.LTR.GUAN047132.20160308","NEON.LTR.GUAN047132.20160308.OTH","NEON.DOC.001710vE","Other",3.06,"N",NA,"bLuA32XSwhQ1UEFOt6rO3xlOtBx7Ppbg"
"de017ae7-2f8e-4a47-81b1-698995e7162c","GUAN_047.basePlot.ltr","D04","GUAN","GUAN_047","GUAN_047_132","2016-03-15","2015-10-28","2016-03-08","2016-03-10T18:05Z","2016-03-15T18:00Z","NEON.LTR.GUAN047132.20160308","NEON.LTR.GUAN047132.20160308.NDL","NEON.DOC.001710vE","Needles",0,"N",NA,"bLuA32XSwhQ1UEFOt6rO3xlOtBx7Ppbg"
"86de4701-d859-4412-86cf-84f2a55b8080","GUAN_047.basePlot.ltr","D04","GUAN","GUAN_047","GUAN_047_132","2016-03-15","2015-10-28","2016-03-08","2016-03-10T18:05Z","2016-03-15T18:00Z","NEON.LTR.GUAN047132.20160308","NEON.LTR.GUAN047132.20160308.TWI","NEON.DOC.001710vE","Twigs/branches",0.97,"N",NA,"bLuA32XSwhQ1UEFOt6rO3xlOtBx7Ppbg"
"259a808b-284c-4c03-9c5f-c2793d880a16","GUAN_047.basePlot.ltr","D04","GUAN","GUAN_047","GUAN_047_132","2016-03-15","2015-10-28","2016-03-08","2016-03-10T18:05Z","2016-03-15T18:00Z","NEON.LTR.GUAN047132.20160308","NEON.LTR.GUAN047132.20160308.LVS","NEON.DOC.001710vE","Leaves",15.49,"N",NA,"bLuA32XSwhQ1UEFOt6rO3xlOtBx7Ppbg"
"ec16add2-5814-499f-a1cf-257eff020e93","GUAN_047.basePlot.ltr","D04","GUAN","GUAN_047","GUAN_047_132","2016-03-15","2015-10-28","2016-03-08","2016-03-10T18:05Z","2016-03-15T18:00Z","NEON.LTR.GUAN047132.20160308","NEON.LTR.GUAN047132.20160308.SDS","NEON.DOC.001710vE","Seeds",0.01,"N",NA,"bLuA32XSwhQ1UEFOt6rO3xlOtBx7Ppbg"
"dffb5726-5c3b-4f46-aaf9-b9d7ac77d228","GUAN_047.basePlot.ltr","D04","GUAN","GUAN_047","GUAN_047_132","2016-03-15","2015-10-28","2016-03-08","2016-03-10T18:05Z","2016-03-15T18:00Z","NEON.LTR.GUAN047132.20160308","NEON.LTR.GUAN047132.20160308.FLR","NEON.DOC.001710vE","Flowers",0.05,"N",NA,"bLuA32XSwhQ1UEFOt6rO3xlOtBx7Ppbg"
"7e53df0a-c9f6-4899-866b-26734c922750","GUAN_044.basePlot.ltr","D04","GUAN","GUAN_044","GUAN_044_646","2016-03-15","2015-10-28","2016-03-08","2016-03-10T18:05Z","2016-03-15T18:00Z","NEON.LTR.GUAN044646.20160308","NEON.LTR.GUAN044646.20160308.TWI","NEON.DOC.001710vE","Twigs/branches",3.13,"N",NA,"bLuA32XSwhQ1UEFOt6rO3xlOtBx7Ppbg"
"bb173a2a-8272-47db-99c1-ee626daa9e71","GUAN_044.basePlot.ltr","D04","GUAN","GUAN_044","GUAN_044_646","2016-03-15","2015-10-28","2016-03-08","2016-03-10T18:05Z","2016-03-15T18:00Z","NEON.LTR.GUAN044646.20160308","NEON.LTR.GUAN044646.20160308.WDY","NEON.DOC.001710vE","Woody material",0.02,"N",NA,"bLuA32XSwhQ1UEFOt6rO3xlOtBx7Ppbg"
"7955e5ee-fbb5-4654-b38d-9c96b715090d","GUAN_044.basePlot.ltr","D04","GUAN","GUAN_044","GUAN_044_646","2016-03-15","2015-10-28","2016-03-08","2016-03-10T18:05Z","2016-03-15T18:00Z","NEON.LTR.GUAN044646.20160308","NEON.LTR.GUAN044646.20160308.LVS","NEON.DOC.001710vE","Leaves",31.4,"Y",NA,"bLuA32XSwhQ1UEFOt6rO3xlOtBx7Ppbg"
"ffa839de-e4fd-4b08-a50b-035e790c1c27","GUAN_044.basePlot.ltr","D04","GUAN","GUAN_044","GUAN_044_646","2016-03-15","2015-10-28","2016-03-08","2016-03-10T18:05Z","2016-03-15T18:00Z","NEON.LTR.GUAN044646.20160308","NEON.LTR.GUAN044646.20160308.SDS","NEON.DOC.001710vE","Seeds",0.18,"Y",NA,"bLuA32XSwhQ1UEFOt6rO3xlOtBx7Ppbg"
"f52fad37-1514-46ae-a66f-8a2d8399531b","GUAN_044.basePlot.ltr","D04","GUAN","GUAN_044","GUAN_044_646","2016-03-15","2015-10-28","2016-03-08","2016-03-10T18:05Z","2016-03-15T18:00Z","NEON.LTR.GUAN044646.20160308","NEON.LTR.GUAN044646.20160308.NDL","NEON.DOC.001710vE","Needles",0,"N",NA,"bLuA32XSwhQ1UEFOt6rO3xlOtBx7Ppbg"
"b59bcfd2-1fb8-4b84-9032-81d101a43f09","GUAN_052.basePlot.ltr","D04","GUAN","GUAN_052","GUAN_052_280","2016-03-15","2015-10-28","2016-03-08","2016-03-10T18:05Z","2016-03-15T18:00Z","NEON.LTR.GUAN052280.20160308","NEON.LTR.GUAN052280.20160308.WDY","NEON.DOC.001710vE","Woody material",0.26,"N",NA,"bLuA32XSwhQ1UEFOt6rO3xlOtBx7Ppbg"
"16a87c29-ff1c-489c-842d-4a1e38c5bafd","GUAN_044.basePlot.ltr","D04","GUAN","GUAN_044","GUAN_044_646","2016-03-15","2015-10-28","2016-03-08","2016-03-10T18:05Z","2016-03-15T18:00Z","NEON.LTR.GUAN044646.20160308","NEON.LTR.GUAN044646.20160308.FLR","NEON.DOC.001710vE","Flowers",0.01,"Y",NA,"bLuA32XSwhQ1UEFOt6rO3xlOtBx7Ppbg"
"e53c41db-21b4-44d0-9f93-ec3ddf1672e7","GUAN_044.basePlot.ltr","D04","GUAN","GUAN_044","GUAN_044_646","2016-03-15","2015-10-28","2016-03-08","2016-03-10T18:05Z","2016-03-15T18:00Z","NEON.LTR.GUAN044646.20160308","NEON.LTR.GUAN044646.20160308.OTH","NEON.DOC.001710vE","Other",3.19,"Y",NA,"bLuA32XSwhQ1UEFOt6rO3xlOtBx7Ppbg"
"f9bb6c05-efa4-4ab6-a845-9d81a5f7eee9","GUAN_052.basePlot.ltr","D04","GUAN","GUAN_052","GUAN_052_280","2016-03-15","2015-10-28","2016-03-08","2016-03-10T18:05Z","2016-03-15T18:00Z","NEON.LTR.GUAN052280.20160308","NEON.LTR.GUAN052280.20160308.FLR","NEON.DOC.001710vE","Flowers",0,"N",NA,"bLuA32XSwhQ1UEFOt6rO3xlOtBx7Ppbg"
"882ccd19-384a-47a0-8b52-d5338c5880cf","GUAN_052.basePlot.ltr","D04","GUAN","GUAN_052","GUAN_052_280","2016-03-15","2015-10-28","2016-03-08","2016-03-10T18:05Z","2016-03-15T18:00Z","NEON.LTR.GUAN052280.20160308","NEON.LTR.GUAN052280.20160308.TWI","NEON.DOC.001710vE","Twigs/branches",1.28,"N",NA,"bLuA32XSwhQ1UEFOt6rO3xlOtBx7Ppbg"
"ecca87b3-c5b0-4700-b2f6-ccaf68ed9d47","GUAN_052.basePlot.ltr","D04","GUAN","GUAN_052","GUAN_052_280","2016-03-15","2015-10-28","2016-03-08","2016-03-10T18:05Z","2016-03-15T18:00Z","NEON.LTR.GUAN052280.20160308","NEON.LTR.GUAN052280.20160308.OTH","NEON.DOC.001710vE","Other",3.81,"Y",NA,"bLuA32XSwhQ1UEFOt6rO3xlOtBx7Ppbg"
"1780b2da-2ec9-4fe6-973e-00371d2adf60","GUAN_052.basePlot.ltr","D04","GUAN","GUAN_052","GUAN_052_280","2016-03-15","2015-10-28","2016-03-08","2016-03-10T18:05Z","2016-03-15T18:00Z","NEON.LTR.GUAN052280.20160308","NEON.LTR.GUAN052280.20160308.LVS","NEON.DOC.001710vE","Leaves",22.35,"Y",NA,"bLuA32XSwhQ1UEFOt6rO3xlOtBx7Ppbg"
"7c2038f3-afea-4bf0-93f8-6c171a3bc7b2","GUAN_052.basePlot.ltr","D04","GUAN","GUAN_052","GUAN_052_280","2016-03-15","2015-10-28","2016-03-08","2016-03-10T18:05Z","2016-03-15T18:00Z","NEON.LTR.GUAN052280.20160308","NEON.LTR.GUAN052280.20160308.NDL","NEON.DOC.001710vE","Needles",0,"N",NA,"bLuA32XSwhQ1UEFOt6rO3xlOtBx7Ppbg"
"3f8ebd92-3867-4916-a2b4-85fa6eff6d16","GUAN_054.basePlot.ltr","D04","GUAN","GUAN_054","GUAN_054_880","2016-03-15","2015-10-28","2016-03-08","2016-03-10T18:05Z","2016-03-15T18:00Z","NEON.LTR.GUAN054880.20160308","NEON.LTR.GUAN054880.20160308.TWI","NEON.DOC.001710vE","Twigs/branches",2.62,"Y",NA,"bLuA32XSwhQ1UEFOt6rO3xlOtBx7Ppbg"
"73e32e70-81f7-458c-acb1-1b66263d4e5a","GUAN_054.basePlot.ltr","D04","GUAN","GUAN_054","GUAN_054_880","2016-03-15","2015-10-28","2016-03-08","2016-03-10T18:05Z","2016-03-15T18:00Z","NEON.LTR.GUAN054880.20160308","NEON.LTR.GUAN054880.20160308.WDY","NEON.DOC.001710vE","Woody material",0.85,"Y",NA,"bLuA32XSwhQ1UEFOt6rO3xlOtBx7Ppbg"
"102995bb-53af-432c-85e4-db574cd64c34","GUAN_052.basePlot.ltr","D04","GUAN","GUAN_052","GUAN_052_280","2016-03-15","2015-10-28","2016-03-08","2016-03-10T18:05Z","2016-03-15T18:00Z","NEON.LTR.GUAN052280.20160308","NEON.LTR.GUAN052280.20160308.SDS","NEON.DOC.001710vE","Seeds",0.07,"Y",NA,"bLuA32XSwhQ1UEFOt6rO3xlOtBx7Ppbg"
"d713f764-f9d6-4ce0-b533-9017d4651020","GUAN_054.basePlot.ltr","D04","GUAN","GUAN_054","GUAN_054_880","2016-03-15","2015-10-28","2016-03-08","2016-03-10T18:05Z","2016-03-15T18:00Z","NEON.LTR.GUAN054880.20160308","NEON.LTR.GUAN054880.20160308.SDS","NEON.DOC.001710vE","Seeds",0,"N",NA,"bLuA32XSwhQ1UEFOt6rO3xlOtBx7Ppbg"
"e6d0798a-999d-449e-8870-1b57f62e52aa","GUAN_054.basePlot.ltr","D04","GUAN","GUAN_054","GUAN_054_880","2016-03-15","2015-10-28","2016-03-08","2016-03-10T18:05Z","2016-03-15T18:00Z","NEON.LTR.GUAN054880.20160308","NEON.LTR.GUAN054880.20160308.FLR","NEON.DOC.001710vE","Flowers",0,"N",NA,"bLuA32XSwhQ1UEFOt6rO3xlOtBx7Ppbg"
"79328dbe-e6f4-4e55-802b-79cf63e943af","GUAN_054.basePlot.ltr","D04","GUAN","GUAN_054","GUAN_054_880","2016-03-15","2015-10-28","2016-03-08","2016-03-10T18:05Z","2016-03-15T18:00Z","NEON.LTR.GUAN054880.20160308","NEON.LTR.GUAN054880.20160308.LVS","NEON.DOC.001710vE","Leaves",30.29,"N",NA,"bLuA32XSwhQ1UEFOt6rO3xlOtBx7Ppbg"
"d0f19568-ef5f-4890-91ad-4960821f8e11","GUAN_054.basePlot.ltr","D04","GUAN","GUAN_054","GUAN_054_880","2016-03-15","2015-10-28","2016-03-08","2016-03-10T18:05Z","2016-03-15T18:00Z","NEON.LTR.GUAN054880.20160308","NEON.LTR.GUAN054880.20160308.OTH","NEON.DOC.001710vE","Other",7.52,"N",NA,"bLuA32XSwhQ1UEFOt6rO3xlOtBx7Ppbg"
"d176d824-64e8-4fa3-9e1c-2d501f4aca3c","GUAN_054.basePlot.ltr","D04","GUAN","GUAN_054","GUAN_054_880","2016-03-15","2015-10-28","2016-03-08","2016-03-10T18:05Z","2016-03-15T18:00Z","NEON.LTR.GUAN054880.20160308","NEON.LTR.GUAN054880.20160308.NDL","NEON.DOC.001710vE","Needles",0,"N",NA,"bLuA32XSwhQ1UEFOt6rO3xlOtBx7Ppbg"
"bc5a8d70-b479-4d55-8fe3-f117fd7ebdd1","GUAN_055.basePlot.ltr","D04","GUAN","GUAN_055","GUAN_055_896","2016-03-15","2015-10-28","2016-03-08","2016-03-10T18:05Z","2016-03-15T18:00Z","NEON.LTR.GUAN055896.20160308","NEON.LTR.GUAN055896.20160308.WDY","NEON.DOC.001710vE","Woody material",0.11,"N",NA,"bLuA32XSwhQ1UEFOt6rO3xlOtBx7Ppbg"
"f938dfbc-a0fb-4624-94b2-8db7a04b9aa5","GUAN_055.basePlot.ltr","D04","GUAN","GUAN_055","GUAN_055_896","2016-03-15","2015-10-28","2016-03-08","2016-03-10T18:05Z","2016-03-15T18:00Z","NEON.LTR.GUAN055896.20160308","NEON.LTR.GUAN055896.20160308.NDL","NEON.DOC.001710vE","Needles",0,"N",NA,"bLuA32XSwhQ1UEFOt6rO3xlOtBx7Ppbg"
"6734d18a-f651-46b5-ae57-702b79a7c766","GUAN_055.basePlot.ltr","D04","GUAN","GUAN_055","GUAN_055_896","2016-03-15","2015-10-28","2016-03-08","2016-03-10T18:05Z","2016-03-15T18:00Z","NEON.LTR.GUAN055896.20160308","NEON.LTR.GUAN055896.20160308.FLR","NEON.DOC.001710vE","Flowers",0,"N",NA,"bLuA32XSwhQ1UEFOt6rO3xlOtBx7Ppbg"
"a055c946-b4e5-4c85-ab7d-7ed4adbb6068","GUAN_055.basePlot.ltr","D04","GUAN","GUAN_055","GUAN_055_896","2016-03-15","2015-10-28","2016-03-08","2016-03-10T18:05Z","2016-03-15T18:00Z","NEON.LTR.GUAN055896.20160308","NEON.LTR.GUAN055896.20160308.OTH","NEON.DOC.001710vE","Other",3.35,"N",NA,"bLuA32XSwhQ1UEFOt6rO3xlOtBx7Ppbg"
"afa486f9-77cd-4bae-80ea-c9698878d3ae","GUAN_055.basePlot.ltr","D04","GUAN","GUAN_055","GUAN_055_896","2016-03-15","2015-10-28","2016-03-08","2016-03-10T18:05Z","2016-03-15T18:00Z","NEON.LTR.GUAN055896.20160308","NEON.LTR.GUAN055896.20160308.TWI","NEON.DOC.001710vE","Twigs/branches",5.61,"N",NA,"bLuA32XSwhQ1UEFOt6rO3xlOtBx7Ppbg"
"cd62b758-1e82-4142-bb61-df650cd3c214","GUAN_059.basePlot.ltr","D04","GUAN","GUAN_059","GUAN_059_658","2016-03-15","2015-10-28","2016-03-08","2016-03-10T18:05Z","2016-03-15T18:00Z","NEON.LTR.GUAN059658.20160308","NEON.LTR.GUAN059658.20160308.FLR","NEON.DOC.001710vE","Flowers",0,"N",NA,"bLuA32XSwhQ1UEFOt6rO3xlOtBx7Ppbg"
"2499294d-597c-444e-bd30-0c45ba4f271b","GUAN_055.basePlot.ltr","D04","GUAN","GUAN_055","GUAN_055_896","2016-03-15","2015-10-28","2016-03-08","2016-03-10T18:05Z","2016-03-15T18:00Z","NEON.LTR.GUAN055896.20160308","NEON.LTR.GUAN055896.20160308.SDS","NEON.DOC.001710vE","Seeds",0.05,"N",NA,"bLuA32XSwhQ1UEFOt6rO3xlOtBx7Ppbg"
"fe5f40a0-011d-4bfa-a5e8-41f62d18ab37","GUAN_055.basePlot.ltr","D04","GUAN","GUAN_055","GUAN_055_896","2016-03-15","2015-10-28","2016-03-08","2016-03-10T18:05Z","2016-03-15T18:00Z","NEON.LTR.GUAN055896.20160308","NEON.LTR.GUAN055896.20160308.LVS","NEON.DOC.001710vE","Leaves",48.27,"N",NA,"bLuA32XSwhQ1UEFOt6rO3xlOtBx7Ppbg"
"35730e46-b7aa-43c4-ba73-f2df99064c10","GUAN_059.basePlot.ltr","D04","GUAN","GUAN_059","GUAN_059_658","2016-03-15","2015-10-28","2016-03-08","2016-03-10T18:05Z","2016-03-15T18:00Z","NEON.LTR.GUAN059658.20160308","NEON.LTR.GUAN059658.20160308.TWI","NEON.DOC.001710vE","Twigs/branches",1.8,"N",NA,"bLuA32XSwhQ1UEFOt6rO3xlOtBx7Ppbg"
"a8c8a798-1ae5-4de0-b9ab-c1891d797685","GUAN_059.basePlot.ltr","D04","GUAN","GUAN_059","GUAN_059_658","2016-03-15","2015-10-28","2016-03-08","2016-03-10T18:05Z","2016-03-15T18:00Z","NEON.LTR.GUAN059658.20160308","NEON.LTR.GUAN059658.20160308.NDL","NEON.DOC.001710vE","Needles",0,"N",NA,"bLuA32XSwhQ1UEFOt6rO3xlOtBx7Ppbg"
"2c36b336-4da4-4b5c-9d19-1d39b98602d9","GUAN_059.basePlot.ltr","D04","GUAN","GUAN_059","GUAN_059_658","2016-03-15","2015-10-28","2016-03-08","2016-03-10T18:05Z","2016-03-15T18:00Z","NEON.LTR.GUAN059658.20160308","NEON.LTR.GUAN059658.20160308.WDY","NEON.DOC.001710vE","Woody material",0,"N",NA,"bLuA32XSwhQ1UEFOt6rO3xlOtBx7Ppbg"
"eba6b25d-610d-4b00-980f-e34bae0b6070","GUAN_059.basePlot.ltr","D04","GUAN","GUAN_059","GUAN_059_658","2016-03-15","2015-10-28","2016-03-08","2016-03-10T18:05Z","2016-03-15T18:00Z","NEON.LTR.GUAN059658.20160308","NEON.LTR.GUAN059658.20160308.SDS","NEON.DOC.001710vE","Seeds",0.01,"Y",NA,"bLuA32XSwhQ1UEFOt6rO3xlOtBx7Ppbg"
"28fb34bf-8a74-4fc5-9824-13cf0a74d53a","GUAN_059.basePlot.ltr","D04","GUAN","GUAN_059","GUAN_059_658","2016-03-15","2015-10-28","2016-03-08","2016-03-10T18:05Z","2016-03-15T18:00Z","NEON.LTR.GUAN059658.20160308","NEON.LTR.GUAN059658.20160308.LVS","NEON.DOC.001710vE","Leaves",32.48,"Y",NA,"bLuA32XSwhQ1UEFOt6rO3xlOtBx7Ppbg"
"b0314075-2cc5-4010-912a-4cff41cabfc1","GUAN_045.basePlot.ltr","D04","GUAN","GUAN_045","GUAN_045_932","2016-03-15","2015-10-28","2016-03-08","2016-03-10T18:20Z","2016-03-15T18:15Z","NEON.LTR.GUAN045932.20160308","NEON.LTR.GUAN045932.20160308.WDY","NEON.DOC.001710vE","Woody material",0,"N",NA,"bLuA32XSwhQ1UEFOt6rO3xlOtBx7Ppbg"
"c30ebbe4-0ea5-465d-a402-7294d8a4bac0","GUAN_045.basePlot.ltr","D04","GUAN","GUAN_045","GUAN_045_932","2016-03-15","2015-10-28","2016-03-08","2016-03-10T18:20Z","2016-03-15T18:15Z","NEON.LTR.GUAN045932.20160308","NEON.LTR.GUAN045932.20160308.TWI","NEON.DOC.001710vE","Twigs/branches",1.11,"N",NA,"bLuA32XSwhQ1UEFOt6rO3xlOtBx7Ppbg"
"a769cdf6-2776-491d-975e-b180c7197c3a","GUAN_059.basePlot.ltr","D04","GUAN","GUAN_059","GUAN_059_658","2016-03-15","2015-10-28","2016-03-08","2016-03-10T18:05Z","2016-03-15T18:00Z","NEON.LTR.GUAN059658.20160308","NEON.LTR.GUAN059658.20160308.OTH","NEON.DOC.001710vE","Other",4.54,"Y",NA,"bLuA32XSwhQ1UEFOt6rO3xlOtBx7Ppbg"
"8a8c5179-6dfd-4efd-a62c-22fa912c8f44","GUAN_045.basePlot.ltr","D04","GUAN","GUAN_045","GUAN_045_932","2016-03-15","2015-10-28","2016-03-08","2016-03-10T18:20Z","2016-03-15T18:15Z","NEON.LTR.GUAN045932.20160308","NEON.LTR.GUAN045932.20160308.FLR","NEON.DOC.001710vE","Flowers",0.09,"Y",NA,"bLuA32XSwhQ1UEFOt6rO3xlOtBx7Ppbg"
"0df708a9-9747-4999-bace-7163b3aea1cd","GUAN_045.basePlot.ltr","D04","GUAN","GUAN_045","GUAN_045_932","2016-03-15","2015-10-28","2016-03-08","2016-03-10T18:20Z","2016-03-15T18:15Z","NEON.LTR.GUAN045932.20160308","NEON.LTR.GUAN045932.20160308.SDS","NEON.DOC.001710vE","Seeds",0.19,"Y",NA,"bLuA32XSwhQ1UEFOt6rO3xlOtBx7Ppbg"
"6ab136cc-1aa8-480e-aed4-a8681a9b901e","GUAN_045.basePlot.ltr","D04","GUAN","GUAN_045","GUAN_045_932","2016-03-15","2015-10-28","2016-03-08","2016-03-10T18:20Z","2016-03-15T18:15Z","NEON.LTR.GUAN045932.20160308","NEON.LTR.GUAN045932.20160308.OTH","NEON.DOC.001710vE","Other",0.6,"Y",NA,"bLuA32XSwhQ1UEFOt6rO3xlOtBx7Ppbg"
"da4e3015-cd5d-482f-aea4-d379d86b8f42","GUAN_045.basePlot.ltr","D04","GUAN","GUAN_045","GUAN_045_932","2016-03-15","2015-10-28","2016-03-08","2016-03-10T18:20Z","2016-03-15T18:15Z","NEON.LTR.GUAN045932.20160308","NEON.LTR.GUAN045932.20160308.LVS","NEON.DOC.001710vE","Leaves",23.49,"Y",NA,"bLuA32XSwhQ1UEFOt6rO3xlOtBx7Ppbg"
"d74199bb-12e8-4c41-944b-cb947866f57d","GUAN_045.basePlot.ltr","D04","GUAN","GUAN_045","GUAN_045_932","2016-03-15","2015-10-28","2016-03-08","2016-03-10T18:20Z","2016-03-15T18:15Z","NEON.LTR.GUAN045932.20160308","NEON.LTR.GUAN045932.20160308.NDL","NEON.DOC.001710vE","Needles",0,"N",NA,"bLuA32XSwhQ1UEFOt6rO3xlOtBx7Ppbg"
"ce2aae3c-7595-4a9e-8684-d42c7add3668","GUAN_042.basePlot.ltr","D04","GUAN","GUAN_042","GUAN_042_162","2016-06-21","2015-10-28","2016-03-08","2016-03-10T18:20Z","2016-03-15T18:15Z","NEON.LTR.GUAN042162.20160308","NEON.LTR.GUAN042162.20160308.SDS","NEON.DOC.001710vE","Seeds",0,"N",NA,"bLuA32XSwhQ1UEFOt6rO3xlOtBx7Ppbg"
"cd32e7f2-1133-4f86-b9b1-b5c05a8bd395","GUAN_042.basePlot.ltr","D04","GUAN","GUAN_042","GUAN_042_162","2016-06-21","2015-10-28","2016-03-08","2016-03-10T18:20Z","2016-03-15T18:15Z","NEON.LTR.GUAN042162.20160308","NEON.LTR.GUAN042162.20160308.FLR","NEON.DOC.001710vE","Flowers",0,"N",NA,"bLuA32XSwhQ1UEFOt6rO3xlOtBx7Ppbg"
"bea7314d-cfe0-452d-90e8-d3062e6cdbc9","GUAN_042.basePlot.ltr","D04","GUAN","GUAN_042","GUAN_042_162","2016-06-21","2015-10-28","2016-03-08","2016-03-10T18:20Z","2016-03-15T18:15Z","NEON.LTR.GUAN042162.20160308","NEON.LTR.GUAN042162.20160308.OTH","NEON.DOC.001710vE","Other",9.7,"N",NA,"bLuA32XSwhQ1UEFOt6rO3xlOtBx7Ppbg"
"00ff077d-d37e-4104-bd82-f26521a3a424","GUAN_042.basePlot.ltr","D04","GUAN","GUAN_042","GUAN_042_162","2016-06-21","2015-10-28","2016-03-08","2016-03-10T18:20Z","2016-03-15T18:15Z","NEON.LTR.GUAN042162.20160308","NEON.LTR.GUAN042162.20160308.NDL","NEON.DOC.001710vE","Needles",0,"N",NA,"bLuA32XSwhQ1UEFOt6rO3xlOtBx7Ppbg"
"585ee54c-5282-4c2e-a92b-f1a07508f434","GUAN_042.basePlot.ltr","D04","GUAN","GUAN_042","GUAN_042_162","2016-06-21","2015-10-28","2016-03-08","2016-03-10T18:20Z","2016-03-15T18:15Z","NEON.LTR.GUAN042162.20160308","NEON.LTR.GUAN042162.20160308.TWI","NEON.DOC.001710vE","Twigs/branches",11.58,"N",NA,"bLuA32XSwhQ1UEFOt6rO3xlOtBx7Ppbg"
"8ba2ac74-14ec-4910-80b4-00279b96cfd8","GUAN_042.basePlot.ltr","D04","GUAN","GUAN_042","GUAN_042_162","2016-06-21","2015-10-28","2016-03-08","2016-03-10T18:20Z","2016-03-15T18:15Z","NEON.LTR.GUAN042162.20160308","NEON.LTR.GUAN042162.20160308.WDY","NEON.DOC.001710vE","Woody material",2.41,"N",NA,"bLuA32XSwhQ1UEFOt6rO3xlOtBx7Ppbg"
"e734e537-b941-4f1f-baab-da6540e26e7c","GUAN_043.basePlot.ltr","D04","GUAN","GUAN_043","GUAN_043_791","2016-03-14","2015-10-28","2016-03-08","2016-03-09T07:45Z","2016-03-14T06:00Z","NEON.LTR.GUAN043791.20160308","NEON.LTR.GUAN043791.20160308.WDY","NEON.DOC.001710vE","Woody material",0.64,"N",NA,"bLuA32XSwhQ1UEFOt6rO3xlOtBx7Ppbg"
"9fbe0b82-c88c-40b9-a309-03ba65cc28eb","GUAN_042.basePlot.ltr","D04","GUAN","GUAN_042","GUAN_042_162","2016-06-21","2015-10-28","2016-03-08","2016-03-10T18:20Z","2016-03-15T18:15Z","NEON.LTR.GUAN042162.20160308","NEON.LTR.GUAN042162.20160308.LVS","NEON.DOC.001710vE","Leaves",18.47,"N",NA,"bLuA32XSwhQ1UEFOt6rO3xlOtBx7Ppbg"
"599020a9-1309-47ff-abde-56067cfb99d7","GUAN_043.basePlot.ltr","D04","GUAN","GUAN_043","GUAN_043_791","2016-03-14","2015-10-28","2016-03-08","2016-03-09T07:45Z","2016-03-14T06:00Z","NEON.LTR.GUAN043791.20160308","NEON.LTR.GUAN043791.20160308.FLR","NEON.DOC.001710vE","Flowers",0,"N",NA,"bLuA32XSwhQ1UEFOt6rO3xlOtBx7Ppbg"
"fbb5fbc6-9f8c-4bcd-bba2-1ecc531a26ef","GUAN_043.basePlot.ltr","D04","GUAN","GUAN_043","GUAN_043_791","2016-03-14","2015-10-28","2016-03-08","2016-03-09T07:45Z","2016-03-14T06:00Z","NEON.LTR.GUAN043791.20160308","NEON.LTR.GUAN043791.20160308.NDL","NEON.DOC.001710vE","Needles",0,"N",NA,"bLuA32XSwhQ1UEFOt6rO3xlOtBx7Ppbg"
"3596d19e-8dad-4cdc-8793-0fe7c2104ebc","GUAN_043.basePlot.ltr","D04","GUAN","GUAN_043","GUAN_043_791","2016-03-14","2015-10-28","2016-03-08","2016-03-09T07:45Z","2016-03-14T06:00Z","NEON.LTR.GUAN043791.20160308","NEON.LTR.GUAN043791.20160308.TWI","NEON.DOC.001710vE","Twigs/branches",12.66,"N",NA,"bLuA32XSwhQ1UEFOt6rO3xlOtBx7Ppbg"
"58255726-caef-4d46-a1c0-b868f15eb6e2","GUAN_043.basePlot.ltr","D04","GUAN","GUAN_043","GUAN_043_791","2016-03-14","2015-10-28","2016-03-08","2016-03-09T07:45Z","2016-03-14T06:00Z","NEON.LTR.GUAN043791.20160308","NEON.LTR.GUAN043791.20160308.SDS","NEON.DOC.001710vE","Seeds",0.11,"N",NA,"bLuA32XSwhQ1UEFOt6rO3xlOtBx7Ppbg"
"9b7211ee-9463-46ba-9ace-169d8688b137","GUAN_043.basePlot.ltr","D04","GUAN","GUAN_043","GUAN_043_791","2016-03-14","2015-10-28","2016-03-08","2016-03-09T07:45Z","2016-03-14T06:00Z","NEON.LTR.GUAN043791.20160308","NEON.LTR.GUAN043791.20160308.OTH","NEON.DOC.001710vE","Other",9.85,"N",NA,"bLuA32XSwhQ1UEFOt6rO3xlOtBx7Ppbg"
"dd14193b-3885-443e-880d-27a2bb2d2eeb","GUAN_043.basePlot.ltr","D04","GUAN","GUAN_043","GUAN_043_791","2016-03-14","2015-10-28","2016-03-08","2016-03-09T07:45Z","2016-03-14T06:00Z","NEON.LTR.GUAN043791.20160308","NEON.LTR.GUAN043791.20160308.LVS","NEON.DOC.001710vE","Leaves",68.5,"N",NA,"bLuA32XSwhQ1UEFOt6rO3xlOtBx7Ppbg"
"2b64ce6f-5855-458a-9c08-d11cd1b117ab","GUAN_058.basePlot.ltr","D04","GUAN","GUAN_058","GUAN_058_694","2016-03-14","2015-10-28","2016-03-08","2016-03-09T07:45Z","2016-03-14T06:00Z","NEON.LTR.GUAN058694.20160308","NEON.LTR.GUAN058694.20160308.TWI","NEON.DOC.001710vE","Twigs/branches",13.76,"N",NA,"bLuA32XSwhQ1UEFOt6rO3xlOtBx7Ppbg"
"0b8dd76e-061d-4047-95a8-5fa1d9e84273","GUAN_058.basePlot.ltr","D04","GUAN","GUAN_058","GUAN_058_694","2016-03-14","2015-10-28","2016-03-08","2016-03-09T07:45Z","2016-03-14T06:00Z","NEON.LTR.GUAN058694.20160308","NEON.LTR.GUAN058694.20160308.WDY","NEON.DOC.001710vE","Woody material",11.98,"N",NA,"bLuA32XSwhQ1UEFOt6rO3xlOtBx7Ppbg"
"3cd305c7-fbc9-473e-a2ff-b1cd21d4f651","GUAN_058.basePlot.ltr","D04","GUAN","GUAN_058","GUAN_058_694","2016-03-14","2015-10-28","2016-03-08","2016-03-09T07:45Z","2016-03-14T06:00Z","NEON.LTR.GUAN058694.20160308","NEON.LTR.GUAN058694.20160308.FLR","NEON.DOC.001710vE","Flowers",0,"N",NA,"bLuA32XSwhQ1UEFOt6rO3xlOtBx7Ppbg"
"be3a5fa7-236a-463a-96e4-622faa02c2e0","GUAN_058.basePlot.ltr","D04","GUAN","GUAN_058","GUAN_058_694","2016-03-14","2015-10-28","2016-03-08","2016-03-09T07:45Z","2016-03-14T06:00Z","NEON.LTR.GUAN058694.20160308","NEON.LTR.GUAN058694.20160308.NDL","NEON.DOC.001710vE","Needles",0,"N",NA,"bLuA32XSwhQ1UEFOt6rO3xlOtBx7Ppbg"
"7fb0feee-a0c8-4dd6-ac57-59934a88325a","GUAN_045.basePlot.ltr","D04","GUAN","GUAN_045","GUAN_045_132","2016-03-14","2015-10-28","2016-03-08","2016-03-09T07:45Z","2016-03-14T06:00Z","NEON.LTR.GUAN045132.20160308","NEON.LTR.GUAN045132.20160308.WDY","NEON.DOC.001710vE","Woody material",0.58,"Y",NA,"bLuA32XSwhQ1UEFOt6rO3xlOtBx7Ppbg"
"0f3e6cc8-9f7c-467a-90e4-c094f9f9f76e","GUAN_058.basePlot.ltr","D04","GUAN","GUAN_058","GUAN_058_694","2016-03-14","2015-10-28","2016-03-08","2016-03-09T07:45Z","2016-03-14T06:00Z","NEON.LTR.GUAN058694.20160308","NEON.LTR.GUAN058694.20160308.SDS","NEON.DOC.001710vE","Seeds",0.14,"N",NA,"bLuA32XSwhQ1UEFOt6rO3xlOtBx7Ppbg"
"816cd5cc-af82-441b-a662-7746a1b3d1a1","GUAN_058.basePlot.ltr","D04","GUAN","GUAN_058","GUAN_058_694","2016-03-14","2015-10-28","2016-03-08","2016-03-09T07:45Z","2016-03-14T06:00Z","NEON.LTR.GUAN058694.20160308","NEON.LTR.GUAN058694.20160308.OTH","NEON.DOC.001710vE","Other",0.6,"N",NA,"bLuA32XSwhQ1UEFOt6rO3xlOtBx7Ppbg"
"40096843-f8da-41a1-9a53-e0c0be5227ce","GUAN_058.basePlot.ltr","D04","GUAN","GUAN_058","GUAN_058_694","2016-03-14","2015-10-28","2016-03-08","2016-03-09T07:45Z","2016-03-14T06:00Z","NEON.LTR.GUAN058694.20160308","NEON.LTR.GUAN058694.20160308.LVS","NEON.DOC.001710vE","Leaves",108.6,"N",NA,"bLuA32XSwhQ1UEFOt6rO3xlOtBx7Ppbg"
"07abff94-b283-4b2d-a93b-d17dcfb6fa42","GUAN_045.basePlot.ltr","D04","GUAN","GUAN_045","GUAN_045_132","2016-03-14","2015-10-28","2016-03-08","2016-03-09T07:45Z","2016-03-14T06:00Z","NEON.LTR.GUAN045132.20160308","NEON.LTR.GUAN045132.20160308.NDL","NEON.DOC.001710vE","Needles",0,"N",NA,"bLuA32XSwhQ1UEFOt6rO3xlOtBx7Ppbg"
"98eed73e-a5ee-4433-af70-5ef2da9b7898","GUAN_045.basePlot.ltr","D04","GUAN","GUAN_045","GUAN_045_132","2016-03-14","2015-10-28","2016-03-08","2016-03-09T07:45Z","2016-03-14T06:00Z","NEON.LTR.GUAN045132.20160308","NEON.LTR.GUAN045132.20160308.TWI","NEON.DOC.001710vE","Twigs/branches",5.3,"Y",NA,"bLuA32XSwhQ1UEFOt6rO3xlOtBx7Ppbg"
"4fde20d6-737b-431b-b2b4-ff598e9f1a2a","GUAN_045.basePlot.ltr","D04","GUAN","GUAN_045","GUAN_045_132","2016-03-14","2015-10-28","2016-03-08","2016-03-09T07:45Z","2016-03-14T06:00Z","NEON.LTR.GUAN045132.20160308","NEON.LTR.GUAN045132.20160308.SDS","NEON.DOC.001710vE","Seeds",0.58,"Y",NA,"bLuA32XSwhQ1UEFOt6rO3xlOtBx7Ppbg"
"a37a99b2-c1f6-4e5e-9636-9c101c9979de","GUAN_045.basePlot.ltr","D04","GUAN","GUAN_045","GUAN_045_132","2016-03-14","2015-10-28","2016-03-08","2016-03-09T07:45Z","2016-03-14T06:00Z","NEON.LTR.GUAN045132.20160308","NEON.LTR.GUAN045132.20160308.OTH","NEON.DOC.001710vE","Other",6.68,"Y",NA,"bLuA32XSwhQ1UEFOt6rO3xlOtBx7Ppbg"
"0e03b840-bc5c-4f5c-83de-032e07e9bbf2","GUAN_045.basePlot.ltr","D04","GUAN","GUAN_045","GUAN_045_132","2016-03-14","2015-10-28","2016-03-08","2016-03-09T07:45Z","2016-03-14T06:00Z","NEON.LTR.GUAN045132.20160308","NEON.LTR.GUAN045132.20160308.LVS","NEON.DOC.001710vE","Leaves",25.83,"Y",NA,"bLuA32XSwhQ1UEFOt6rO3xlOtBx7Ppbg"
"0c359c06-02af-4a46-81c9-195639c66a2c","GUAN_050.basePlot.ltr","D04","GUAN","GUAN_050","GUAN_050_132","2016-03-14","2015-10-28","2016-03-08","2016-03-09T07:45Z","2016-03-14T06:00Z","NEON.LTR.GUAN050132.20160308","NEON.LTR.GUAN050132.20160308.TWI","NEON.DOC.001710vE","Twigs/branches",9.18,"N",NA,"bLuA32XSwhQ1UEFOt6rO3xlOtBx7Ppbg"
"429abaaa-d5c8-4c10-9dd9-e722c95d3414","GUAN_050.basePlot.ltr","D04","GUAN","GUAN_050","GUAN_050_132","2016-03-14","2015-10-28","2016-03-08","2016-03-09T07:45Z","2016-03-14T06:00Z","NEON.LTR.GUAN050132.20160308","NEON.LTR.GUAN050132.20160308.WDY","NEON.DOC.001710vE","Woody material",13.54,"N",NA,"bLuA32XSwhQ1UEFOt6rO3xlOtBx7Ppbg"
"74e97104-3771-4b91-be2c-928e61ca5d02","GUAN_045.basePlot.ltr","D04","GUAN","GUAN_045","GUAN_045_132","2016-03-14","2015-10-28","2016-03-08","2016-03-09T07:45Z","2016-03-14T06:00Z","NEON.LTR.GUAN045132.20160308","NEON.LTR.GUAN045132.20160308.FLR","NEON.DOC.001710vE","Flowers",0.02,"Y",NA,"bLuA32XSwhQ1UEFOt6rO3xlOtBx7Ppbg"
"925c9646-2600-4a79-8467-6c3d009881d8","GUAN_050.basePlot.ltr","D04","GUAN","GUAN_050","GUAN_050_132","2016-03-14","2015-10-28","2016-03-08","2016-03-09T07:45Z","2016-03-14T06:00Z","NEON.LTR.GUAN050132.20160308","NEON.LTR.GUAN050132.20160308.FLR","NEON.DOC.001710vE","Flowers",0,"N",NA,"bLuA32XSwhQ1UEFOt6rO3xlOtBx7Ppbg"
"b0478518-a4a4-4de3-b585-d5bf68aa126f","GUAN_061.basePlot.ltr","D04","GUAN","GUAN_061","GUAN_061_054","2016-03-14","2015-10-28","2016-03-08","2016-03-09T19:05Z","2016-03-14T17:30Z","NEON.LTR.GUAN061054.20160308","NEON.LTR.GUAN061054.20160308.NDL","NEON.DOC.001710vE","Needles",0,"N",NA,"bLuA32XSwhQ1UEFOt6rO3xlOtBx7Ppbg"
"c592ba4b-9e15-48f5-acfb-c4aa43fa27a5","GUAN_061.basePlot.ltr","D04","GUAN","GUAN_061","GUAN_061_054","2016-03-14","2015-10-28","2016-03-08","2016-03-09T19:05Z","2016-03-14T17:30Z","NEON.LTR.GUAN061054.20160308","NEON.LTR.GUAN061054.20160308.TWI","NEON.DOC.001710vE","Twigs/branches",1.76,"N",NA,"bLuA32XSwhQ1UEFOt6rO3xlOtBx7Ppbg"
"d1b0dbf8-f068-4f0a-b259-98a4986ffcd8","GUAN_049.basePlot.ltr","D04","GUAN","GUAN_049","GUAN_049_706","2016-03-14","2015-10-28","2016-03-08","2016-03-09T19:05Z","2016-03-14T17:30Z","NEON.LTR.GUAN049706.20160308","NEON.LTR.GUAN049706.20160308.SDS","NEON.DOC.001710vE","Seeds",0.43,"Y",NA,"bLuA32XSwhQ1UEFOt6rO3xlOtBx7Ppbg"
"ecc4e3cc-7170-4218-8859-f14110200f0c","GUAN_049.basePlot.ltr","D04","GUAN","GUAN_049","GUAN_049_706","2016-03-14","2015-10-28","2016-03-08","2016-03-09T19:05Z","2016-03-14T17:30Z","NEON.LTR.GUAN049706.20160308","NEON.LTR.GUAN049706.20160308.OTH","NEON.DOC.001710vE","Other",1.77,"Y",NA,"bLuA32XSwhQ1UEFOt6rO3xlOtBx7Ppbg"
"4f00ec8f-fbfd-4efe-beb9-5f410a7ca0d2","GUAN_061.basePlot.ltr","D04","GUAN","GUAN_061","GUAN_061_054","2016-03-14","2015-10-28","2016-03-08","2016-03-09T19:05Z","2016-03-14T17:30Z","NEON.LTR.GUAN061054.20160308","NEON.LTR.GUAN061054.20160308.SDS","NEON.DOC.001710vE","Seeds",0,"N",NA,"bLuA32XSwhQ1UEFOt6rO3xlOtBx7Ppbg"
"0000053f-a2a3-46c1-847f-4d42f39e9298","GUAN_049.basePlot.ltr","D04","GUAN","GUAN_049","GUAN_049_706","2016-03-14","2015-10-28","2016-03-08","2016-03-09T19:05Z","2016-03-14T17:30Z","NEON.LTR.GUAN049706.20160308","NEON.LTR.GUAN049706.20160308.FLR","NEON.DOC.001710vE","Flowers",0,"N",NA,"bLuA32XSwhQ1UEFOt6rO3xlOtBx7Ppbg"
"48c9b305-f668-4e19-8d6f-d61f7f68b1a5","GUAN_049.basePlot.ltr","D04","GUAN","GUAN_049","GUAN_049_706","2016-03-14","2015-10-28","2016-03-08","2016-03-09T19:05Z","2016-03-14T17:30Z","NEON.LTR.GUAN049706.20160308","NEON.LTR.GUAN049706.20160308.NDL","NEON.DOC.001710vE","Needles",0,"N",NA,"bLuA32XSwhQ1UEFOt6rO3xlOtBx7Ppbg"
"45d0441e-8571-4bda-901a-6f3bff7a7eaa","GUAN_061.basePlot.ltr","D04","GUAN","GUAN_061","GUAN_061_054","2016-03-14","2015-10-28","2016-03-08","2016-03-09T19:05Z","2016-03-14T17:30Z","NEON.LTR.GUAN061054.20160308","NEON.LTR.GUAN061054.20160308.WDY","NEON.DOC.001710vE","Woody material",0,"N",NA,"bLuA32XSwhQ1UEFOt6rO3xlOtBx7Ppbg"
"be95d5a0-42d7-4d4c-b1cb-f155c37e7340","GUAN_049.basePlot.ltr","D04","GUAN","GUAN_049","GUAN_049_706","2016-03-14","2015-10-28","2016-03-08","2016-03-09T19:05Z","2016-03-14T17:30Z","NEON.LTR.GUAN049706.20160308","NEON.LTR.GUAN049706.20160308.WDY","NEON.DOC.001710vE","Woody material",0.23,"Y",NA,"bLuA32XSwhQ1UEFOt6rO3xlOtBx7Ppbg"
"12710dea-4562-4b02-b598-2b354e9d06cb","GUAN_049.basePlot.ltr","D04","GUAN","GUAN_049","GUAN_049_706","2016-03-14","2015-10-28","2016-03-08","2016-03-09T19:05Z","2016-03-14T17:30Z","NEON.LTR.GUAN049706.20160308","NEON.LTR.GUAN049706.20160308.LVS","NEON.DOC.001710vE","Leaves",19.39,"Y",NA,"bLuA32XSwhQ1UEFOt6rO3xlOtBx7Ppbg"
"9630a345-64aa-4e6a-a77b-5afd696d728a","GUAN_061.basePlot.ltr","D04","GUAN","GUAN_061","GUAN_061_694","2016-03-14","2015-10-28","2016-03-08","2016-03-09T19:05Z","2016-03-14T17:30Z","NEON.LTR.GUAN061694.20160308","NEON.LTR.GUAN061694.20160308.OTH","NEON.DOC.001710vE","Other",0.14,"N",NA,"bLuA32XSwhQ1UEFOt6rO3xlOtBx7Ppbg"
"c019d7f8-a7dd-49b8-9a5d-f0e656e81e50","GUAN_061.basePlot.ltr","D04","GUAN","GUAN_061","GUAN_061_694","2016-03-14","2015-10-28","2016-03-08","2016-03-09T19:05Z","2016-03-14T17:30Z","NEON.LTR.GUAN061694.20160308","NEON.LTR.GUAN061694.20160308.LVS","NEON.DOC.001710vE","Leaves",4.4,"N",NA,"bLuA32XSwhQ1UEFOt6rO3xlOtBx7Ppbg"
"c7ea44ef-3f73-4d47-a2bd-2f0509e30c9d","GUAN_049.basePlot.ltr","D04","GUAN","GUAN_049","GUAN_049_706","2016-03-14","2015-10-28","2016-03-08","2016-03-09T19:05Z","2016-03-14T17:30Z","NEON.LTR.GUAN049706.20160308","NEON.LTR.GUAN049706.20160308.TWI","NEON.DOC.001710vE","Twigs/branches",2.25,"Y",NA,"bLuA32XSwhQ1UEFOt6rO3xlOtBx7Ppbg"
"0c6ff770-45b7-4df9-a1fb-7a2e2b02bec6","GUAN_061.basePlot.ltr","D04","GUAN","GUAN_061","GUAN_061_694","2016-03-14","2015-10-28","2016-03-08","2016-03-09T19:05Z","2016-03-14T17:30Z","NEON.LTR.GUAN061694.20160308","NEON.LTR.GUAN061694.20160308.WDY","NEON.DOC.001710vE","Woody material",0,"N",NA,"bLuA32XSwhQ1UEFOt6rO3xlOtBx7Ppbg"
"55f52232-09a9-4255-b93c-75b7c361d737","GUAN_061.basePlot.ltr","D04","GUAN","GUAN_061","GUAN_061_694","2016-03-14","2015-10-28","2016-03-08","2016-03-09T19:05Z","2016-03-14T17:30Z","NEON.LTR.GUAN061694.20160308","NEON.LTR.GUAN061694.20160308.NDL","NEON.DOC.001710vE","Needles",0,"N",NA,"bLuA32XSwhQ1UEFOt6rO3xlOtBx7Ppbg"
"9c055240-0fb4-40fa-9e23-e78a1c3c56d3","GUAN_061.basePlot.ltr","D04","GUAN","GUAN_061","GUAN_061_694","2016-03-14","2015-10-28","2016-03-08","2016-03-09T19:05Z","2016-03-14T17:30Z","NEON.LTR.GUAN061694.20160308","NEON.LTR.GUAN061694.20160308.SDS","NEON.DOC.001710vE","Seeds",0.16,"N",NA,"bLuA32XSwhQ1UEFOt6rO3xlOtBx7Ppbg"
"449fd081-4259-4c4f-958f-f054150a1c1f","GUAN_059.basePlot.ltr","D04","GUAN","GUAN_059","GUAN_059_381","2016-03-14","2015-10-28","2016-03-08","2016-03-09T19:05Z","2016-03-14T17:30Z","NEON.LTR.GUAN059381.20160308","NEON.LTR.GUAN059381.20160308.OTH","NEON.DOC.001710vE","Other",2.26,"N",NA,"bLuA32XSwhQ1UEFOt6rO3xlOtBx7Ppbg"
"1c6e2087-b3b9-4377-8536-dd77c819fa67","GUAN_061.basePlot.ltr","D04","GUAN","GUAN_061","GUAN_061_694","2016-03-14","2015-10-28","2016-03-08","2016-03-09T19:05Z","2016-03-14T17:30Z","NEON.LTR.GUAN061694.20160308","NEON.LTR.GUAN061694.20160308.TWI","NEON.DOC.001710vE","Twigs/branches",0.3,"N",NA,"bLuA32XSwhQ1UEFOt6rO3xlOtBx7Ppbg"
"1af67915-ca62-4cb5-8a8f-2734994301d7","GUAN_059.basePlot.ltr","D04","GUAN","GUAN_059","GUAN_059_381","2016-03-14","2015-10-28","2016-03-08","2016-03-09T19:05Z","2016-03-14T17:30Z","NEON.LTR.GUAN059381.20160308","NEON.LTR.GUAN059381.20160308.LVS","NEON.DOC.001710vE","Leaves",55.02,"N",NA,"bLuA32XSwhQ1UEFOt6rO3xlOtBx7Ppbg"
"465f7ebb-5d03-405f-a90a-f543e32ceac0","GUAN_059.basePlot.ltr","D04","GUAN","GUAN_059","GUAN_059_381","2016-03-14","2015-10-28","2016-03-08","2016-03-09T19:05Z","2016-03-14T17:30Z","NEON.LTR.GUAN059381.20160308","NEON.LTR.GUAN059381.20160308.NDL","NEON.DOC.001710vE","Needles",0,"N",NA,"bLuA32XSwhQ1UEFOt6rO3xlOtBx7Ppbg"
"ebe10143-6778-4662-ab41-e08c6e7a2e4b","GUAN_061.basePlot.ltr","D04","GUAN","GUAN_061","GUAN_061_694","2016-03-14","2015-10-28","2016-03-08","2016-03-09T19:05Z","2016-03-14T17:30Z","NEON.LTR.GUAN061694.20160308","NEON.LTR.GUAN061694.20160308.FLR","NEON.DOC.001710vE","Flowers",0,"N",NA,"bLuA32XSwhQ1UEFOt6rO3xlOtBx7Ppbg"
"028145d1-51a2-4f50-b2fe-e358ef9d9615","GUAN_059.basePlot.ltr","D04","GUAN","GUAN_059","GUAN_059_381","2016-03-14","2015-10-28","2016-03-08","2016-03-09T19:05Z","2016-03-14T17:30Z","NEON.LTR.GUAN059381.20160308","NEON.LTR.GUAN059381.20160308.TWI","NEON.DOC.001710vE","Twigs/branches",6.08,"N",NA,"bLuA32XSwhQ1UEFOt6rO3xlOtBx7Ppbg"
"282871ed-aa02-4612-9f2e-e01ac4298aba","GUAN_059.basePlot.ltr","D04","GUAN","GUAN_059","GUAN_059_381","2016-03-14","2015-10-28","2016-03-08","2016-03-09T19:05Z","2016-03-14T17:30Z","NEON.LTR.GUAN059381.20160308","NEON.LTR.GUAN059381.20160308.WDY","NEON.DOC.001710vE","Woody material",3.51,"N",NA,"bLuA32XSwhQ1UEFOt6rO3xlOtBx7Ppbg"
"4a01f121-ff60-4f64-9765-c713c8b1920f","GUAN_059.basePlot.ltr","D04","GUAN","GUAN_059","GUAN_059_381","2016-03-14","2015-10-28","2016-03-08","2016-03-09T19:05Z","2016-03-14T17:30Z","NEON.LTR.GUAN059381.20160308","NEON.LTR.GUAN059381.20160308.SDS","NEON.DOC.001710vE","Seeds",0.44,"N",NA,"bLuA32XSwhQ1UEFOt6rO3xlOtBx7Ppbg"
"4c24c739-37a1-40fa-aeef-56eb5b85df3f","GUAN_056.basePlot.ltr","D04","GUAN","GUAN_056","GUAN_056_693","2016-03-14","2015-10-28","2016-03-08","2016-03-09T19:05Z","2016-03-14T17:30Z","NEON.LTR.GUAN056693.20160308","NEON.LTR.GUAN056693.20160308.SDS","NEON.DOC.001710vE","Seeds",3.03,"N",NA,"bLuA32XSwhQ1UEFOt6rO3xlOtBx7Ppbg"
"0d4742f2-d46d-435a-a05c-7456bbb8efb4","GUAN_059.basePlot.ltr","D04","GUAN","GUAN_059","GUAN_059_381","2016-03-14","2015-10-28","2016-03-08","2016-03-09T19:05Z","2016-03-14T17:30Z","NEON.LTR.GUAN059381.20160308","NEON.LTR.GUAN059381.20160308.FLR","NEON.DOC.001710vE","Flowers",0,"N",NA,"bLuA32XSwhQ1UEFOt6rO3xlOtBx7Ppbg"
"866c7ce9-141d-4f64-937d-e9c6422363be","GUAN_056.basePlot.ltr","D04","GUAN","GUAN_056","GUAN_056_693","2016-03-14","2015-10-28","2016-03-08","2016-03-09T19:05Z","2016-03-14T17:30Z","NEON.LTR.GUAN056693.20160308","NEON.LTR.GUAN056693.20160308.NDL","NEON.DOC.001710vE","Needles",0,"N",NA,"bLuA32XSwhQ1UEFOt6rO3xlOtBx7Ppbg"
"ca3c6ac7-849e-4dd7-960b-2cece40e3925","GUAN_056.basePlot.ltr","D04","GUAN","GUAN_056","GUAN_056_693","2016-03-14","2015-10-28","2016-03-08","2016-03-09T19:05Z","2016-03-14T17:30Z","NEON.LTR.GUAN056693.20160308","NEON.LTR.GUAN056693.20160308.FLR","NEON.DOC.001710vE","Flowers",0,"N",NA,"bLuA32XSwhQ1UEFOt6rO3xlOtBx7Ppbg"
"149c9391-47cf-44da-962d-7651b2d7795f","GUAN_056.basePlot.ltr","D04","GUAN","GUAN_056","GUAN_056_693","2016-03-14","2015-10-28","2016-03-08","2016-03-09T19:05Z","2016-03-14T17:30Z","NEON.LTR.GUAN056693.20160308","NEON.LTR.GUAN056693.20160308.OTH","NEON.DOC.001710vE","Other",1.26,"N",NA,"bLuA32XSwhQ1UEFOt6rO3xlOtBx7Ppbg"
"40f84801-7c25-4580-b68a-04bd6abb1657","GUAN_056.basePlot.ltr","D04","GUAN","GUAN_056","GUAN_056_693","2016-03-14","2015-10-28","2016-03-08","2016-03-09T19:05Z","2016-03-14T17:30Z","NEON.LTR.GUAN056693.20160308","NEON.LTR.GUAN056693.20160308.WDY","NEON.DOC.001710vE","Woody material",0.06,"N",NA,"bLuA32XSwhQ1UEFOt6rO3xlOtBx7Ppbg"
"f0da5b22-5da2-4f1d-961d-c9445b37c0ff","GUAN_050.basePlot.ltr","D04","GUAN","GUAN_050","GUAN_050_132","2016-03-14","2015-10-28","2016-03-08","2016-03-09T07:45Z","2016-03-14T06:00Z","NEON.LTR.GUAN050132.20160308","NEON.LTR.GUAN050132.20160308.LVS","NEON.DOC.001710vE","Leaves",34.85,"Y",NA,"bLuA32XSwhQ1UEFOt6rO3xlOtBx7Ppbg"
"68d29e34-a916-455e-a9fa-6202421f251c","GUAN_056.basePlot.ltr","D04","GUAN","GUAN_056","GUAN_056_693","2016-03-14","2015-10-28","2016-03-08","2016-03-09T19:05Z","2016-03-14T17:30Z","NEON.LTR.GUAN056693.20160308","NEON.LTR.GUAN056693.20160308.LVS","NEON.DOC.001710vE","Leaves",21.6,"N",NA,"bLuA32XSwhQ1UEFOt6rO3xlOtBx7Ppbg"
"2cd23c6f-8dc7-4784-970e-998a182c0795","GUAN_050.basePlot.ltr","D04","GUAN","GUAN_050","GUAN_050_132","2016-03-14","2015-10-28","2016-03-08","2016-03-09T07:45Z","2016-03-14T06:00Z","NEON.LTR.GUAN050132.20160308","NEON.LTR.GUAN050132.20160308.SDS","NEON.DOC.001710vE","Seeds",0.06,"Y",NA,"bLuA32XSwhQ1UEFOt6rO3xlOtBx7Ppbg"
"886999d3-fdf5-4bf2-b39c-4498cc6e1d26","GUAN_056.basePlot.ltr","D04","GUAN","GUAN_056","GUAN_056_693","2016-03-14","2015-10-28","2016-03-08","2016-03-09T19:05Z","2016-03-14T17:30Z","NEON.LTR.GUAN056693.20160308","NEON.LTR.GUAN056693.20160308.TWI","NEON.DOC.001710vE","Twigs/branches",4.9,"N",NA,"bLuA32XSwhQ1UEFOt6rO3xlOtBx7Ppbg"
"5e195528-2c6a-489b-a61c-6171d6af38e7","GUAN_050.basePlot.ltr","D04","GUAN","GUAN_050","GUAN_050_132","2016-03-14","2015-10-28","2016-03-08","2016-03-09T07:45Z","2016-03-14T06:00Z","NEON.LTR.GUAN050132.20160308","NEON.LTR.GUAN050132.20160308.OTH","NEON.DOC.001710vE","Other",4.79,"Y",NA,"bLuA32XSwhQ1UEFOt6rO3xlOtBx7Ppbg"
"478dcf65-9969-44d3-b1d8-796dcf64f891","GUAN_050.basePlot.ltr","D04","GUAN","GUAN_050","GUAN_050_132","2016-03-14","2015-10-28","2016-03-08","2016-03-09T07:45Z","2016-03-14T06:00Z","NEON.LTR.GUAN050132.20160308","NEON.LTR.GUAN050132.20160308.NDL","NEON.DOC.001710vE","Needles",0,"N",NA,"bLuA32XSwhQ1UEFOt6rO3xlOtBx7Ppbg"
"c037257c-0125-420d-a7d5-7eef55212807","GUAN_061.basePlot.ltr","D04","GUAN","GUAN_061","GUAN_061_054","2016-03-14","2015-10-28","2016-03-08","2016-03-09T19:05Z","2016-03-14T17:30Z","NEON.LTR.GUAN061054.20160308","NEON.LTR.GUAN061054.20160308.FLR","NEON.DOC.001710vE","Flowers",0.02,"N",NA,"bLuA32XSwhQ1UEFOt6rO3xlOtBx7Ppbg"
"c28622b3-ee86-4d33-b113-3b6f72183ff3","GUAN_061.basePlot.ltr","D04","GUAN","GUAN_061","GUAN_061_054","2016-03-14","2015-10-28","2016-03-08","2016-03-09T19:05Z","2016-03-14T17:30Z","NEON.LTR.GUAN061054.20160308","NEON.LTR.GUAN061054.20160308.LVS","NEON.DOC.001710vE","Leaves",14.82,"N",NA,"bLuA32XSwhQ1UEFOt6rO3xlOtBx7Ppbg"
"2935c636-e724-4e90-9f6c-44e63354f3fb","GUAN_051.basePlot.ltr","D04","GUAN","GUAN_051","GUAN_051_062","2016-03-09","2015-10-28","2016-03-08","2016-03-09T19:05Z","2016-03-14T17:30Z","NEON.LTR.GUAN051062.20160308","NEON.LTR.GUAN051062.20160308.WDY","NEON.DOC.001710vE","Woody material",0.16,"N",NA,"bLuA32XSwhQ1UEFOt6rO3xlOtBx7Ppbg"
"16e9e93e-4765-4208-8bd5-dfab7de1ac77","GUAN_051.basePlot.ltr","D04","GUAN","GUAN_051","GUAN_051_062","2016-03-09","2015-10-28","2016-03-08","2016-03-09T19:05Z","2016-03-14T17:30Z","NEON.LTR.GUAN051062.20160308","NEON.LTR.GUAN051062.20160308.NDL","NEON.DOC.001710vE","Needles",0,"N",NA,"bLuA32XSwhQ1UEFOt6rO3xlOtBx7Ppbg"
"f8ed1e90-ce0d-464a-9c2b-2186ec0dbf73","GUAN_061.basePlot.ltr","D04","GUAN","GUAN_061","GUAN_061_054","2016-03-14","2015-10-28","2016-03-08","2016-03-09T19:05Z","2016-03-14T17:30Z","NEON.LTR.GUAN061054.20160308","NEON.LTR.GUAN061054.20160308.OTH","NEON.DOC.001710vE","Other",0.2,"N",NA,"bLuA32XSwhQ1UEFOt6rO3xlOtBx7Ppbg"
"242e49a6-b63d-4089-8545-3052860e3a4e","GUAN_051.basePlot.ltr","D04","GUAN","GUAN_051","GUAN_051_062","2016-03-09","2015-10-28","2016-03-08","2016-03-09T19:05Z","2016-03-14T17:30Z","NEON.LTR.GUAN051062.20160308","NEON.LTR.GUAN051062.20160308.OTH","NEON.DOC.001710vE","Other",0.18,"N",NA,"bLuA32XSwhQ1UEFOt6rO3xlOtBx7Ppbg"
"b491b81d-e086-47f7-ab77-974f81a2333b","GUAN_051.basePlot.ltr","D04","GUAN","GUAN_051","GUAN_051_062","2016-03-09","2015-10-28","2016-03-08","2016-03-09T19:05Z","2016-03-14T17:30Z","NEON.LTR.GUAN051062.20160308","NEON.LTR.GUAN051062.20160308.LVS","NEON.DOC.001710vE","Leaves",48.46,"N",NA,"bLuA32XSwhQ1UEFOt6rO3xlOtBx7Ppbg"
"ba3426a6-6796-411f-8a43-76bb35a13a1e","GUAN_051.basePlot.ltr","D04","GUAN","GUAN_051","GUAN_051_062","2016-03-09","2015-10-28","2016-03-08","2016-03-09T19:05Z","2016-03-14T17:30Z","NEON.LTR.GUAN051062.20160308","NEON.LTR.GUAN051062.20160308.TWI","NEON.DOC.001710vE","Twigs/branches",56.04,"N",NA,"bLuA32XSwhQ1UEFOt6rO3xlOtBx7Ppbg"
"8367789b-b990-43bf-9a43-1a3dd06dc641","GUAN_057.basePlot.ltr","D04","GUAN","GUAN_057","GUAN_057_673","2016-03-14","2015-10-28","2016-03-08","2016-03-09T19:05Z","2016-03-14T17:30Z","NEON.LTR.GUAN057673.20160308","NEON.LTR.GUAN057673.20160308.WDY","NEON.DOC.001710vE","Woody material",0.15,"N",NA,"bLuA32XSwhQ1UEFOt6rO3xlOtBx7Ppbg"
"40305fd5-40fa-43b8-8810-813ef6343570","GUAN_051.basePlot.ltr","D04","GUAN","GUAN_051","GUAN_051_062","2016-03-09","2015-10-28","2016-03-08","2016-03-09T19:05Z","2016-03-14T17:30Z","NEON.LTR.GUAN051062.20160308","NEON.LTR.GUAN051062.20160308.SDS","NEON.DOC.001710vE","Seeds",0.27,"N",NA,"bLuA32XSwhQ1UEFOt6rO3xlOtBx7Ppbg"
"52841a30-4bd2-44b1-9a90-7d8cae6f61ca","GUAN_051.basePlot.ltr","D04","GUAN","GUAN_051","GUAN_051_062","2016-03-09","2015-10-28","2016-03-08","2016-03-09T19:05Z","2016-03-14T17:30Z","NEON.LTR.GUAN051062.20160308","NEON.LTR.GUAN051062.20160308.FLR","NEON.DOC.001710vE","Flowers",0.13,"N",NA,"bLuA32XSwhQ1UEFOt6rO3xlOtBx7Ppbg"
"c34a0ce7-5346-4ef8-af1a-34e42458c1fa","GUAN_057.basePlot.ltr","D04","GUAN","GUAN_057","GUAN_057_673","2016-03-14","2015-10-28","2016-03-08","2016-03-09T19:05Z","2016-03-14T17:30Z","NEON.LTR.GUAN057673.20160308","NEON.LTR.GUAN057673.20160308.NDL","NEON.DOC.001710vE","Needles",0,"N",NA,"bLuA32XSwhQ1UEFOt6rO3xlOtBx7Ppbg"
"75f45c68-51f2-4b0e-94bb-318bad726e4b","GUAN_057.basePlot.ltr","D04","GUAN","GUAN_057","GUAN_057_673","2016-03-14","2015-10-28","2016-03-08","2016-03-09T19:05Z","2016-03-14T17:30Z","NEON.LTR.GUAN057673.20160308","NEON.LTR.GUAN057673.20160308.TWI","NEON.DOC.001710vE","Twigs/branches",1.17,"N",NA,"bLuA32XSwhQ1UEFOt6rO3xlOtBx7Ppbg"
"e5606fd5-029f-4414-8227-6f8fed260fdc","GUAN_057.basePlot.ltr","D04","GUAN","GUAN_057","GUAN_057_673","2016-03-14","2015-10-28","2016-03-08","2016-03-09T19:05Z","2016-03-14T17:30Z","NEON.LTR.GUAN057673.20160308","NEON.LTR.GUAN057673.20160308.FLR","NEON.DOC.001710vE","Flowers",0.64,"Y",NA,"bLuA32XSwhQ1UEFOt6rO3xlOtBx7Ppbg"
"39c3feb7-7ab1-427f-8e53-a57e52609204","GUAN_057.basePlot.ltr","D04","GUAN","GUAN_057","GUAN_057_673","2016-03-14","2015-10-28","2016-03-08","2016-03-09T19:05Z","2016-03-14T17:30Z","NEON.LTR.GUAN057673.20160308","NEON.LTR.GUAN057673.20160308.LVS","NEON.DOC.001710vE","Leaves",35.04,"Y",NA,"bLuA32XSwhQ1UEFOt6rO3xlOtBx7Ppbg"
"53731684-02c3-4b06-bac8-c55b921f76a2","GUAN_057.basePlot.ltr","D04","GUAN","GUAN_057","GUAN_057_673","2016-03-14","2015-10-28","2016-03-08","2016-03-09T19:05Z","2016-03-14T17:30Z","NEON.LTR.GUAN057673.20160308","NEON.LTR.GUAN057673.20160308.OTH","NEON.DOC.001710vE","Other",0,"N",NA,"bLuA32XSwhQ1UEFOt6rO3xlOtBx7Ppbg"
"f4891e35-f7d7-47a0-acad-c84cfcdd533b","GUAN_049.basePlot.ltr","D04","GUAN","GUAN_049","GUAN_049_280","2016-03-14","2015-10-28","2016-03-08","2016-03-09T19:05Z","2016-03-14T17:30Z","NEON.LTR.GUAN049280.20160308","NEON.LTR.GUAN049280.20160308.TWI","NEON.DOC.001710vE","Twigs/branches",3.2,"N",NA,"bLuA32XSwhQ1UEFOt6rO3xlOtBx7Ppbg"
"67beccd3-38f7-4864-b310-cd0ea6835bb2","GUAN_049.basePlot.ltr","D04","GUAN","GUAN_049","GUAN_049_280","2016-03-14","2015-10-28","2016-03-08","2016-03-09T19:05Z","2016-03-14T17:30Z","NEON.LTR.GUAN049280.20160308","NEON.LTR.GUAN049280.20160308.WDY","NEON.DOC.001710vE","Woody material",0.84,"N",NA,"bLuA32XSwhQ1UEFOt6rO3xlOtBx7Ppbg"
"84d945d0-5ab1-4d76-b4d9-310633d36f7a","GUAN_057.basePlot.ltr","D04","GUAN","GUAN_057","GUAN_057_673","2016-03-14","2015-10-28","2016-03-08","2016-03-09T19:05Z","2016-03-14T17:30Z","NEON.LTR.GUAN057673.20160308","NEON.LTR.GUAN057673.20160308.SDS","NEON.DOC.001710vE","Seeds",0.06,"Y",NA,"bLuA32XSwhQ1UEFOt6rO3xlOtBx7Ppbg"
"26181843-2e14-4e79-8f15-996f95cc9111","GUAN_049.basePlot.ltr","D04","GUAN","GUAN_049","GUAN_049_280","2016-03-14","2015-10-28","2016-03-08","2016-03-09T19:05Z","2016-03-14T17:30Z","NEON.LTR.GUAN049280.20160308","NEON.LTR.GUAN049280.20160308.OTH","NEON.DOC.001710vE","Other",1.42,"Y",NA,"bLuA32XSwhQ1UEFOt6rO3xlOtBx7Ppbg"
"5a965911-b641-4f2e-a4bf-84bdeadcb29a","GUAN_049.basePlot.ltr","D04","GUAN","GUAN_049","GUAN_049_280","2016-03-14","2015-10-28","2016-03-08","2016-03-09T19:05Z","2016-03-14T17:30Z","NEON.LTR.GUAN049280.20160308","NEON.LTR.GUAN049280.20160308.NDL","NEON.DOC.001710vE","Needles",0,"N",NA,"bLuA32XSwhQ1UEFOt6rO3xlOtBx7Ppbg"
"e817f4a0-00fa-4aaa-a4de-3221f67bbffa","GUAN_049.basePlot.ltr","D04","GUAN","GUAN_049","GUAN_049_280","2016-03-14","2015-10-28","2016-03-08","2016-03-09T19:05Z","2016-03-14T17:30Z","NEON.LTR.GUAN049280.20160308","NEON.LTR.GUAN049280.20160308.SDS","NEON.DOC.001710vE","Seeds",0.11,"Y",NA,"bLuA32XSwhQ1UEFOt6rO3xlOtBx7Ppbg"
"12a92428-6e90-4d47-83dd-29d5eaa7055f","GUAN_049.basePlot.ltr","D04","GUAN","GUAN_049","GUAN_049_280","2016-03-14","2015-10-28","2016-03-08","2016-03-09T19:05Z","2016-03-14T17:30Z","NEON.LTR.GUAN049280.20160308","NEON.LTR.GUAN049280.20160308.FLR","NEON.DOC.001710vE","Flowers",0.8,"Y",NA,"bLuA32XSwhQ1UEFOt6rO3xlOtBx7Ppbg"
"a9cac1c5-1b3a-4b1b-b566-9306e0a7f3b2","GUAN_049.basePlot.ltr","D04","GUAN","GUAN_049","GUAN_049_280","2016-03-14","2015-10-28","2016-03-08","2016-03-09T19:05Z","2016-03-14T17:30Z","NEON.LTR.GUAN049280.20160308","NEON.LTR.GUAN049280.20160308.LVS","NEON.DOC.001710vE","Leaves",40.29,"Y",NA,"bLuA32XSwhQ1UEFOt6rO3xlOtBx7Ppbg"
"d25a5251-a41d-4220-a843-de09e9f39303","GUAN_057.basePlot.ltr","D04","GUAN","GUAN_057","GUAN_057_196","2016-03-11","2015-10-28","2016-03-08","2016-03-09T19:30Z","2016-03-11T18:10Z","NEON.LTR.GUAN057196.20160308","NEON.LTR.GUAN057196.20160308.FLR","NEON.DOC.001710vE","Flowers",0.06,"N",NA,"fiApssCEcSVZh4fTchGlfQK3pYYnYQUQ"
"9b564bba-34e0-4a9e-8d9b-a262a667ee4d","GUAN_057.basePlot.ltr","D04","GUAN","GUAN_057","GUAN_057_196","2016-03-11","2015-10-28","2016-03-08","2016-03-09T19:30Z","2016-03-11T18:10Z","NEON.LTR.GUAN057196.20160308","NEON.LTR.GUAN057196.20160308.OTH","NEON.DOC.001710vE","Other",0.02,"N",NA,"fiApssCEcSVZh4fTchGlfQK3pYYnYQUQ"
"989d75c8-3f5f-44da-a788-aa1742dc356e","GUAN_057.basePlot.ltr","D04","GUAN","GUAN_057","GUAN_057_196","2016-03-11","2015-10-28","2016-03-08","2016-03-09T19:30Z","2016-03-11T18:10Z","NEON.LTR.GUAN057196.20160308","NEON.LTR.GUAN057196.20160308.WDY","NEON.DOC.001710vE","Woody material",0,"N",NA,"fiApssCEcSVZh4fTchGlfQK3pYYnYQUQ"
"f8b31cb8-adb4-47c6-99cb-5259ee86935f","GUAN_057.basePlot.ltr","D04","GUAN","GUAN_057","GUAN_057_196","2016-03-11","2015-10-28","2016-03-08","2016-03-09T19:30Z","2016-03-11T18:10Z","NEON.LTR.GUAN057196.20160308","NEON.LTR.GUAN057196.20160308.NDL","NEON.DOC.001710vE","Needles",0,"N",NA,"fiApssCEcSVZh4fTchGlfQK3pYYnYQUQ"
"e7f10b78-8c8d-4b1e-ace4-e3bb48284c09","GUAN_057.basePlot.ltr","D04","GUAN","GUAN_057","GUAN_057_196","2016-03-11","2015-10-28","2016-03-08","2016-03-09T19:30Z","2016-03-11T18:10Z","NEON.LTR.GUAN057196.20160308","NEON.LTR.GUAN057196.20160308.SDS","NEON.DOC.001710vE","Seeds",0.42,"N",NA,"fiApssCEcSVZh4fTchGlfQK3pYYnYQUQ"
"ff2a454f-edee-4a51-b701-298bbe6d4582","GUAN_060.basePlot.ltr","D04","GUAN","GUAN_060","GUAN_060_673","2016-03-14","2015-10-28","2016-03-08","2016-03-09T19:05Z","2016-03-14T17:30Z","NEON.LTR.GUAN060673.20160308","NEON.LTR.GUAN060673.20160308.WDY","NEON.DOC.001710vE","Woody material",0.09,"Y",NA,"bLuA32XSwhQ1UEFOt6rO3xlOtBx7Ppbg"
"9dee2447-5328-4c66-bfad-876fde84d9a0","GUAN_057.basePlot.ltr","D04","GUAN","GUAN_057","GUAN_057_196","2016-03-11","2015-10-28","2016-03-08","2016-03-09T19:30Z","2016-03-11T18:10Z","NEON.LTR.GUAN057196.20160308","NEON.LTR.GUAN057196.20160308.TWI","NEON.DOC.001710vE","Twigs/branches",0.47,"N",NA,"fiApssCEcSVZh4fTchGlfQK3pYYnYQUQ"
"2aec78bd-734a-4d9e-927f-49d80214b260","GUAN_057.basePlot.ltr","D04","GUAN","GUAN_057","GUAN_057_196","2016-03-11","2015-10-28","2016-03-08","2016-03-09T19:30Z","2016-03-11T18:10Z","NEON.LTR.GUAN057196.20160308","NEON.LTR.GUAN057196.20160308.LVS","NEON.DOC.001710vE","Leaves",8.53,"N",NA,"fiApssCEcSVZh4fTchGlfQK3pYYnYQUQ"
"62f9a23f-2c74-488f-81ae-c4227d027b0f","GUAN_060.basePlot.ltr","D04","GUAN","GUAN_060","GUAN_060_673","2016-03-14","2015-10-28","2016-03-08","2016-03-09T19:05Z","2016-03-14T17:30Z","NEON.LTR.GUAN060673.20160308","NEON.LTR.GUAN060673.20160308.OTH","NEON.DOC.001710vE","Other",15.25,"N",NA,"bLuA32XSwhQ1UEFOt6rO3xlOtBx7Ppbg"
"1c3c0401-2a3c-4332-909f-b2833e3012f6","GUAN_060.basePlot.ltr","D04","GUAN","GUAN_060","GUAN_060_673","2016-03-14","2015-10-28","2016-03-08","2016-03-09T19:05Z","2016-03-14T17:30Z","NEON.LTR.GUAN060673.20160308","NEON.LTR.GUAN060673.20160308.NDL","NEON.DOC.001710vE","Needles",0,"N",NA,"bLuA32XSwhQ1UEFOt6rO3xlOtBx7Ppbg"
"f33d1c07-94a1-4638-9916-49fb684d3355","GUAN_060.basePlot.ltr","D04","GUAN","GUAN_060","GUAN_060_673","2016-03-14","2015-10-28","2016-03-08","2016-03-09T19:05Z","2016-03-14T17:30Z","NEON.LTR.GUAN060673.20160308","NEON.LTR.GUAN060673.20160308.TWI","NEON.DOC.001710vE","Twigs/branches",5.83,"Y",NA,"bLuA32XSwhQ1UEFOt6rO3xlOtBx7Ppbg"
"14433563-9226-4ac1-b127-b720b97f17af","GUAN_060.basePlot.ltr","D04","GUAN","GUAN_060","GUAN_060_673","2016-03-14","2015-10-28","2016-03-08","2016-03-09T19:05Z","2016-03-14T17:30Z","NEON.LTR.GUAN060673.20160308","NEON.LTR.GUAN060673.20160308.LVS","NEON.DOC.001710vE","Leaves",32.13,"N",NA,"bLuA32XSwhQ1UEFOt6rO3xlOtBx7Ppbg"
"2fd3bae6-fda4-4e69-833a-c281de23d34b","GUAN_060.basePlot.ltr","D04","GUAN","GUAN_060","GUAN_060_673","2016-03-14","2015-10-28","2016-03-08","2016-03-09T19:05Z","2016-03-14T17:30Z","NEON.LTR.GUAN060673.20160308","NEON.LTR.GUAN060673.20160308.FLR","NEON.DOC.001710vE","Flowers",0.07,"N",NA,"bLuA32XSwhQ1UEFOt6rO3xlOtBx7Ppbg"
"05d6ff51-b23a-4312-8e70-66beb5b6af7b","GUAN_060.basePlot.ltr","D04","GUAN","GUAN_060","GUAN_060_673","2016-03-14","2015-10-28","2016-03-08","2016-03-09T19:05Z","2016-03-14T17:30Z","NEON.LTR.GUAN060673.20160308","NEON.LTR.GUAN060673.20160308.SDS","NEON.DOC.001710vE","Seeds",0.09,"N",NA,"bLuA32XSwhQ1UEFOt6rO3xlOtBx7Ppbg"
"60583999-755b-485c-98ba-d9fae30afbd0","GUAN_059.basePlot.ltr","D04","GUAN","GUAN_059","GUAN_059_381","2016-05-13","2016-03-08","2016-05-02","2016-05-09T12:26Z","2016-05-13T19:30Z","NEON.LTR.GUAN059381.20160502","NEON.LTR.GUAN059381.20160502.SDS","NEON.DOC.001710vE","Seeds",0,"N",NA,"JbCt3ZVS0Z+JTvkxNP0bfo8iI2dYxsDX"
"ffddd520-777d-45d6-8ad6-3ec5118bcd39","GUAN_059.basePlot.ltr","D04","GUAN","GUAN_059","GUAN_059_381","2016-05-13","2016-03-08","2016-05-02","2016-05-09T12:26Z","2016-05-13T19:30Z","NEON.LTR.GUAN059381.20160502","NEON.LTR.GUAN059381.20160502.OTH","NEON.DOC.001710vE","Other",0.09,"N",NA,"JbCt3ZVS0Z+JTvkxNP0bfo8iI2dYxsDX"
"88510a45-a83b-4924-925e-8e18194c0b3d","GUAN_059.basePlot.ltr","D04","GUAN","GUAN_059","GUAN_059_381","2016-05-13","2016-03-08","2016-05-02","2016-05-09T12:26Z","2016-05-13T19:30Z","NEON.LTR.GUAN059381.20160502","NEON.LTR.GUAN059381.20160502.LVS","NEON.DOC.001710vE","Leaves",22.72,"N",NA,"JbCt3ZVS0Z+JTvkxNP0bfo8iI2dYxsDX"
"100c960c-9c32-4eda-997b-c6ac23468e71","GUAN_059.basePlot.ltr","D04","GUAN","GUAN_059","GUAN_059_381","2016-05-13","2016-03-08","2016-05-02","2016-05-09T12:26Z","2016-05-13T19:30Z","NEON.LTR.GUAN059381.20160502","NEON.LTR.GUAN059381.20160502.NDL","NEON.DOC.001710vE","Needles",0,"N",NA,"JbCt3ZVS0Z+JTvkxNP0bfo8iI2dYxsDX"
"ca0e0428-ef5b-4aec-ac89-096af1cae5ad","GUAN_059.basePlot.ltr","D04","GUAN","GUAN_059","GUAN_059_381","2016-05-13","2016-03-08","2016-05-02","2016-05-09T12:26Z","2016-05-13T19:30Z","NEON.LTR.GUAN059381.20160502","NEON.LTR.GUAN059381.20160502.WDY","NEON.DOC.001710vE","Woody material",0,"N",NA,"JbCt3ZVS0Z+JTvkxNP0bfo8iI2dYxsDX"
"17824d47-4332-4f06-acbf-e596acbbc0a4","GUAN_059.basePlot.ltr","D04","GUAN","GUAN_059","GUAN_059_381","2016-05-13","2016-03-08","2016-05-02","2016-05-09T12:26Z","2016-05-13T19:30Z","NEON.LTR.GUAN059381.20160502","NEON.LTR.GUAN059381.20160502.TWI","NEON.DOC.001710vE","Twigs/branches",1.18,"Y",NA,"JbCt3ZVS0Z+JTvkxNP0bfo8iI2dYxsDX"
"c4a2a947-9b3b-479f-8e71-cdc90f4e5f5c","GUAN_059.basePlot.ltr","D04","GUAN","GUAN_059","GUAN_059_381","2016-05-13","2016-03-08","2016-05-02","2016-05-09T12:26Z","2016-05-13T19:30Z","NEON.LTR.GUAN059381.20160502","NEON.LTR.GUAN059381.20160502.FLR","NEON.DOC.001710vE","Flowers",0.11,"N",NA,"JbCt3ZVS0Z+JTvkxNP0bfo8iI2dYxsDX"
"ad2365a2-da08-49ec-946e-83d054ebaf2a","GUAN_058.basePlot.ltr","D04","GUAN","GUAN_058","GUAN_058_694","2016-05-13","2016-03-08","2016-05-02","2016-05-09T12:26Z","2016-05-13T19:30Z","NEON.LTR.GUAN058694.20160502","NEON.LTR.GUAN058694.20160502.WDY","NEON.DOC.001710vE","Woody material",2.32,"N",NA,"JbCt3ZVS0Z+JTvkxNP0bfo8iI2dYxsDX"
"070e9bf4-dddc-48df-b672-efc4f54b57ef","GUAN_058.basePlot.ltr","D04","GUAN","GUAN_058","GUAN_058_694","2016-05-13","2016-03-08","2016-05-02","2016-05-09T12:26Z","2016-05-13T19:30Z","NEON.LTR.GUAN058694.20160502","NEON.LTR.GUAN058694.20160502.NDL","NEON.DOC.001710vE","Needles",0,"N",NA,"JbCt3ZVS0Z+JTvkxNP0bfo8iI2dYxsDX"
"50361ffb-da27-4227-a65d-89e20a1364fa","GUAN_058.basePlot.ltr","D04","GUAN","GUAN_058","GUAN_058_694","2016-05-13","2016-03-08","2016-05-02","2016-05-09T12:26Z","2016-05-13T19:30Z","NEON.LTR.GUAN058694.20160502","NEON.LTR.GUAN058694.20160502.FLR","NEON.DOC.001710vE","Flowers",0,"N",NA,"JbCt3ZVS0Z+JTvkxNP0bfo8iI2dYxsDX"
"0b719163-fe5a-425f-8ab2-9879244d509f","GUAN_058.basePlot.ltr","D04","GUAN","GUAN_058","GUAN_058_694","2016-05-13","2016-03-08","2016-05-02","2016-05-09T12:26Z","2016-05-13T19:30Z","NEON.LTR.GUAN058694.20160502","NEON.LTR.GUAN058694.20160502.OTH","NEON.DOC.001710vE","Other",2.26,"N",NA,"JbCt3ZVS0Z+JTvkxNP0bfo8iI2dYxsDX"
"8cc07fff-eaaf-4921-b519-a8c2e98dd859","GUAN_058.basePlot.ltr","D04","GUAN","GUAN_058","GUAN_058_694","2016-05-13","2016-03-08","2016-05-02","2016-05-09T12:26Z","2016-05-13T19:30Z","NEON.LTR.GUAN058694.20160502","NEON.LTR.GUAN058694.20160502.LVS","NEON.DOC.001710vE","Leaves",36.02,"N",NA,"JbCt3ZVS0Z+JTvkxNP0bfo8iI2dYxsDX"
"8a2c17a6-18b5-4ee4-96b3-f3193c177bc0","GUAN_058.basePlot.ltr","D04","GUAN","GUAN_058","GUAN_058_694","2016-05-13","2016-03-08","2016-05-02","2016-05-09T12:26Z","2016-05-13T19:30Z","NEON.LTR.GUAN058694.20160502","NEON.LTR.GUAN058694.20160502.TWI","NEON.DOC.001710vE","Twigs/branches",9.84,"N",NA,"JbCt3ZVS0Z+JTvkxNP0bfo8iI2dYxsDX"
"342a9fbe-5e8d-42f6-a8cb-eaaba7fedd4c","GUAN_052.basePlot.ltr","D04","GUAN","GUAN_052","GUAN_052_280","2016-05-13","2016-03-08","2016-05-02","2016-05-09T12:26Z","2016-05-13T19:30Z","NEON.LTR.GUAN052280.20160502","NEON.LTR.GUAN052280.20160502.NDL","NEON.DOC.001710vE","Needles",0,"N",NA,"JbCt3ZVS0Z+JTvkxNP0bfo8iI2dYxsDX"
"fc3c9c92-6be4-499e-8bc3-bd4cd15f786b","GUAN_058.basePlot.ltr","D04","GUAN","GUAN_058","GUAN_058_694","2016-05-13","2016-03-08","2016-05-02","2016-05-09T12:26Z","2016-05-13T19:30Z","NEON.LTR.GUAN058694.20160502","NEON.LTR.GUAN058694.20160502.SDS","NEON.DOC.001710vE","Seeds",0.22,"N",NA,"JbCt3ZVS0Z+JTvkxNP0bfo8iI2dYxsDX"
"c7ef47e4-6b5b-40d6-a570-327443c470fa","GUAN_052.basePlot.ltr","D04","GUAN","GUAN_052","GUAN_052_280","2016-05-13","2016-03-08","2016-05-02","2016-05-09T12:26Z","2016-05-13T19:30Z","NEON.LTR.GUAN052280.20160502","NEON.LTR.GUAN052280.20160502.LVS","NEON.DOC.001710vE","Leaves",30.56,"N",NA,"JbCt3ZVS0Z+JTvkxNP0bfo8iI2dYxsDX"
"34775150-9b72-4c23-9a57-bef78e58e936","GUAN_052.basePlot.ltr","D04","GUAN","GUAN_052","GUAN_052_280","2016-05-13","2016-03-08","2016-05-02","2016-05-09T12:26Z","2016-05-13T19:30Z","NEON.LTR.GUAN052280.20160502","NEON.LTR.GUAN052280.20160502.TWI","NEON.DOC.001710vE","Twigs/branches",6.38,"Y",NA,"JbCt3ZVS0Z+JTvkxNP0bfo8iI2dYxsDX"
"3c325708-42b5-4a7d-85bd-8ee10970a8ef","GUAN_052.basePlot.ltr","D04","GUAN","GUAN_052","GUAN_052_280","2016-05-13","2016-03-08","2016-05-02","2016-05-09T12:26Z","2016-05-13T19:30Z","NEON.LTR.GUAN052280.20160502","NEON.LTR.GUAN052280.20160502.WDY","NEON.DOC.001710vE","Woody material",0.16,"Y",NA,"JbCt3ZVS0Z+JTvkxNP0bfo8iI2dYxsDX"
"3f256eab-368a-4b30-8cfd-f8d516479a4b","GUAN_052.basePlot.ltr","D04","GUAN","GUAN_052","GUAN_052_280","2016-05-13","2016-03-08","2016-05-02","2016-05-09T12:26Z","2016-05-13T19:30Z","NEON.LTR.GUAN052280.20160502","NEON.LTR.GUAN052280.20160502.SDS","NEON.DOC.001710vE","Seeds",0.01,"N",NA,"JbCt3ZVS0Z+JTvkxNP0bfo8iI2dYxsDX"
"dc4a93d4-677a-4efb-a9b9-94edbd45b8f2","GUAN_052.basePlot.ltr","D04","GUAN","GUAN_052","GUAN_052_280","2016-05-13","2016-03-08","2016-05-02","2016-05-09T12:26Z","2016-05-13T19:30Z","NEON.LTR.GUAN052280.20160502","NEON.LTR.GUAN052280.20160502.FLR","NEON.DOC.001710vE","Flowers",0.19,"N",NA,"JbCt3ZVS0Z+JTvkxNP0bfo8iI2dYxsDX"
"309aeddf-8dd9-4b9b-89ef-153ec54402e8","GUAN_051.basePlot.ltr","D04","GUAN","GUAN_051","GUAN_051_803","2016-05-13","2016-03-08","2016-05-02","2016-05-09T12:26Z","2016-05-13T19:30Z","NEON.LTR.GUAN051803.20160502","NEON.LTR.GUAN051803.20160502.NDL","NEON.DOC.001710vE","Needles",0,"N",NA,"JbCt3ZVS0Z+JTvkxNP0bfo8iI2dYxsDX"
"3226f717-4377-4cde-aa54-a4f75ab650ef","GUAN_052.basePlot.ltr","D04","GUAN","GUAN_052","GUAN_052_280","2016-05-13","2016-03-08","2016-05-02","2016-05-09T12:26Z","2016-05-13T19:30Z","NEON.LTR.GUAN052280.20160502","NEON.LTR.GUAN052280.20160502.OTH","NEON.DOC.001710vE","Other",1.46,"Y",NA,"JbCt3ZVS0Z+JTvkxNP0bfo8iI2dYxsDX"
"e50ea256-5b9c-44ec-be98-70d0a2573fc9","GUAN_051.basePlot.ltr","D04","GUAN","GUAN_051","GUAN_051_803","2016-05-13","2016-03-08","2016-05-02","2016-05-09T12:26Z","2016-05-13T19:30Z","NEON.LTR.GUAN051803.20160502","NEON.LTR.GUAN051803.20160502.OTH","NEON.DOC.001710vE","Other",0.32,"N",NA,"JbCt3ZVS0Z+JTvkxNP0bfo8iI2dYxsDX"
"cf00d7e1-b8a1-4517-a45b-4225d2856079","GUAN_051.basePlot.ltr","D04","GUAN","GUAN_051","GUAN_051_803","2016-05-13","2016-03-08","2016-05-02","2016-05-09T12:26Z","2016-05-13T19:30Z","NEON.LTR.GUAN051803.20160502","NEON.LTR.GUAN051803.20160502.SDS","NEON.DOC.001710vE","Seeds",0.05,"N",NA,"JbCt3ZVS0Z+JTvkxNP0bfo8iI2dYxsDX"
"7536d509-6187-46f8-af7c-ff5d434df713","GUAN_051.basePlot.ltr","D04","GUAN","GUAN_051","GUAN_051_803","2016-05-13","2016-03-08","2016-05-02","2016-05-09T12:26Z","2016-05-13T19:30Z","NEON.LTR.GUAN051803.20160502","NEON.LTR.GUAN051803.20160502.TWI","NEON.DOC.001710vE","Twigs/branches",2.8,"N",NA,"JbCt3ZVS0Z+JTvkxNP0bfo8iI2dYxsDX"
"c6051fbf-e4d3-4137-9448-ddbf0b03fa43","GUAN_051.basePlot.ltr","D04","GUAN","GUAN_051","GUAN_051_803","2016-05-13","2016-03-08","2016-05-02","2016-05-09T12:26Z","2016-05-13T19:30Z","NEON.LTR.GUAN051803.20160502","NEON.LTR.GUAN051803.20160502.WDY","NEON.DOC.001710vE","Woody material",0.08,"N",NA,"JbCt3ZVS0Z+JTvkxNP0bfo8iI2dYxsDX"
"e3d1d63a-b4d3-4491-a2f2-9933dac78610","GUAN_050.basePlot.ltr","D04","GUAN","GUAN_050","GUAN_050_132","2016-05-13","2016-03-08","2016-05-02","2016-05-09T12:26Z","2016-05-13T19:30Z","NEON.LTR.GUAN050132.20160502","NEON.LTR.GUAN050132.20160502.NDL","NEON.DOC.001710vE","Needles",0,"N",NA,"JbCt3ZVS0Z+JTvkxNP0bfo8iI2dYxsDX"
"b30def9f-0f2a-4e6b-806a-66c093a2588e","GUAN_051.basePlot.ltr","D04","GUAN","GUAN_051","GUAN_051_803","2016-05-13","2016-03-08","2016-05-02","2016-05-09T12:26Z","2016-05-13T19:30Z","NEON.LTR.GUAN051803.20160502","NEON.LTR.GUAN051803.20160502.LVS","NEON.DOC.001710vE","Leaves",10.63,"N",NA,"JbCt3ZVS0Z+JTvkxNP0bfo8iI2dYxsDX"
"f0daf17c-0a20-44a9-ba64-9a1e44bb713b","GUAN_051.basePlot.ltr","D04","GUAN","GUAN_051","GUAN_051_803","2016-05-13","2016-03-08","2016-05-02","2016-05-09T12:26Z","2016-05-13T19:30Z","NEON.LTR.GUAN051803.20160502","NEON.LTR.GUAN051803.20160502.FLR","NEON.DOC.001710vE","Flowers",0.01,"N",NA,"JbCt3ZVS0Z+JTvkxNP0bfo8iI2dYxsDX"
"fcd45f5a-3c88-4f91-aa9a-5cf95457f013","GUAN_050.basePlot.ltr","D04","GUAN","GUAN_050","GUAN_050_132","2016-05-13","2016-03-08","2016-05-02","2016-05-09T12:26Z","2016-05-13T19:30Z","NEON.LTR.GUAN050132.20160502","NEON.LTR.GUAN050132.20160502.TWI","NEON.DOC.001710vE","Twigs/branches",5.06,"N",NA,"JbCt3ZVS0Z+JTvkxNP0bfo8iI2dYxsDX"
"a27a962c-ff7f-4c56-9d9a-c7ddbe28016d","GUAN_050.basePlot.ltr","D04","GUAN","GUAN_050","GUAN_050_132","2016-05-13","2016-03-08","2016-05-02","2016-05-09T12:26Z","2016-05-13T19:30Z","NEON.LTR.GUAN050132.20160502","NEON.LTR.GUAN050132.20160502.WDY","NEON.DOC.001710vE","Woody material",3.28,"N",NA,"JbCt3ZVS0Z+JTvkxNP0bfo8iI2dYxsDX"
"bf7e09b5-9a73-4d78-9838-de89006e67a2","GUAN_050.basePlot.ltr","D04","GUAN","GUAN_050","GUAN_050_132","2016-05-13","2016-03-08","2016-05-02","2016-05-09T12:26Z","2016-05-13T19:30Z","NEON.LTR.GUAN050132.20160502","NEON.LTR.GUAN050132.20160502.OTH","NEON.DOC.001710vE","Other",0.62,"N",NA,"JbCt3ZVS0Z+JTvkxNP0bfo8iI2dYxsDX"
"b12271b0-ad1b-4c0a-86fc-dbbbdeea1c7e","GUAN_050.basePlot.ltr","D04","GUAN","GUAN_050","GUAN_050_132","2016-05-13","2016-03-08","2016-05-02","2016-05-09T12:26Z","2016-05-13T19:30Z","NEON.LTR.GUAN050132.20160502","NEON.LTR.GUAN050132.20160502.SDS","NEON.DOC.001710vE","Seeds",0.11,"N",NA,"JbCt3ZVS0Z+JTvkxNP0bfo8iI2dYxsDX"
"60ef4468-cbf8-49d3-bbcd-7e6c45693a5d","GUAN_050.basePlot.ltr","D04","GUAN","GUAN_050","GUAN_050_132","2016-05-13","2016-03-08","2016-05-02","2016-05-09T12:26Z","2016-05-13T19:30Z","NEON.LTR.GUAN050132.20160502","NEON.LTR.GUAN050132.20160502.LVS","NEON.DOC.001710vE","Leaves",19.2,"N",NA,"JbCt3ZVS0Z+JTvkxNP0bfo8iI2dYxsDX"
"1734a335-9374-4388-874f-ceba61900805","GUAN_057.basePlot.ltr","D04","GUAN","GUAN_057","GUAN_057_196","2016-05-13","2016-03-08","2016-05-02","2016-05-09T12:26Z","2016-05-13T19:30Z","NEON.LTR.GUAN057196.20160502","NEON.LTR.GUAN057196.20160502.WDY","NEON.DOC.001710vE","Woody material",0,"N",NA,"JbCt3ZVS0Z+JTvkxNP0bfo8iI2dYxsDX"
"56a0ec00-ed16-4832-870d-2dd88e096e8f","GUAN_057.basePlot.ltr","D04","GUAN","GUAN_057","GUAN_057_196","2016-05-13","2016-03-08","2016-05-02","2016-05-09T12:26Z","2016-05-13T19:30Z","NEON.LTR.GUAN057196.20160502","NEON.LTR.GUAN057196.20160502.OTH","NEON.DOC.001710vE","Other",0,"N",NA,"JbCt3ZVS0Z+JTvkxNP0bfo8iI2dYxsDX"
"890270fb-769c-475f-af93-1ab7496ea338","GUAN_050.basePlot.ltr","D04","GUAN","GUAN_050","GUAN_050_132","2016-05-13","2016-03-08","2016-05-02","2016-05-09T12:26Z","2016-05-13T19:30Z","NEON.LTR.GUAN050132.20160502","NEON.LTR.GUAN050132.20160502.FLR","NEON.DOC.001710vE","Flowers",0.05,"N",NA,"JbCt3ZVS0Z+JTvkxNP0bfo8iI2dYxsDX"
"09817b6e-414f-45ef-a76e-9638fb2b0d91","GUAN_057.basePlot.ltr","D04","GUAN","GUAN_057","GUAN_057_196","2016-05-13","2016-03-08","2016-05-02","2016-05-09T12:26Z","2016-05-13T19:30Z","NEON.LTR.GUAN057196.20160502","NEON.LTR.GUAN057196.20160502.TWI","NEON.DOC.001710vE","Twigs/branches",0.12,"Y",NA,"JbCt3ZVS0Z+JTvkxNP0bfo8iI2dYxsDX"
"b62dc90e-cc5b-47e5-a564-7baafa9494a3","GUAN_057.basePlot.ltr","D04","GUAN","GUAN_057","GUAN_057_196","2016-05-13","2016-03-08","2016-05-02","2016-05-09T12:26Z","2016-05-13T19:30Z","NEON.LTR.GUAN057196.20160502","NEON.LTR.GUAN057196.20160502.NDL","NEON.DOC.001710vE","Needles",0,"N",NA,"JbCt3ZVS0Z+JTvkxNP0bfo8iI2dYxsDX"
"6512b234-c91a-416a-8fa0-362766b75425","GUAN_057.basePlot.ltr","D04","GUAN","GUAN_057","GUAN_057_196","2016-05-13","2016-03-08","2016-05-02","2016-05-09T12:26Z","2016-05-13T19:30Z","NEON.LTR.GUAN057196.20160502","NEON.LTR.GUAN057196.20160502.SDS","NEON.DOC.001710vE","Seeds",0.47,"Y",NA,"JbCt3ZVS0Z+JTvkxNP0bfo8iI2dYxsDX"
"78f26a05-b6e1-4164-9b40-20732a9ccdad","GUAN_057.basePlot.ltr","D04","GUAN","GUAN_057","GUAN_057_196","2016-05-13","2016-03-08","2016-05-02","2016-05-09T12:26Z","2016-05-13T19:30Z","NEON.LTR.GUAN057196.20160502","NEON.LTR.GUAN057196.20160502.FLR","NEON.DOC.001710vE","Flowers",0.01,"N",NA,"JbCt3ZVS0Z+JTvkxNP0bfo8iI2dYxsDX"
"c1c817b7-20bc-4e54-b6ef-a01c3c97adb1","GUAN_057.basePlot.ltr","D04","GUAN","GUAN_057","GUAN_057_196","2016-05-13","2016-03-08","2016-05-02","2016-05-09T12:26Z","2016-05-13T19:30Z","NEON.LTR.GUAN057196.20160502","NEON.LTR.GUAN057196.20160502.LVS","NEON.DOC.001710vE","Leaves",4.77,"N",NA,"JbCt3ZVS0Z+JTvkxNP0bfo8iI2dYxsDX"
"67d09182-7908-4b0f-af57-ee0d19254ef0","GUAN_056.basePlot.ltr","D04","GUAN","GUAN_056","GUAN_056_062","2016-05-13","2016-03-08","2016-05-02","2016-05-09T12:26Z","2016-05-13T19:30Z","NEON.LTR.GUAN056062.20160502","NEON.LTR.GUAN056062.20160502.WDY","NEON.DOC.001710vE","Woody material",0.23,"N",NA,"JbCt3ZVS0Z+JTvkxNP0bfo8iI2dYxsDX"
"0af14710-f48f-4b63-bb2d-2b7379fe377e","GUAN_056.basePlot.ltr","D04","GUAN","GUAN_056","GUAN_056_062","2016-05-13","2016-03-08","2016-05-02","2016-05-09T12:26Z","2016-05-13T19:30Z","NEON.LTR.GUAN056062.20160502","NEON.LTR.GUAN056062.20160502.NDL","NEON.DOC.001710vE","Needles",0,"N",NA,"JbCt3ZVS0Z+JTvkxNP0bfo8iI2dYxsDX"
"f73b9884-060e-49e8-91f8-d0f09564689e","GUAN_056.basePlot.ltr","D04","GUAN","GUAN_056","GUAN_056_062","2016-05-13","2016-03-08","2016-05-02","2016-05-09T12:26Z","2016-05-13T19:30Z","NEON.LTR.GUAN056062.20160502","NEON.LTR.GUAN056062.20160502.SDS","NEON.DOC.001710vE","Seeds",0,"N",NA,"JbCt3ZVS0Z+JTvkxNP0bfo8iI2dYxsDX"
"f88285b7-ded7-4794-aa36-38c33a72fed2","GUAN_056.basePlot.ltr","D04","GUAN","GUAN_056","GUAN_056_062","2016-05-13","2016-03-08","2016-05-02","2016-05-09T12:26Z","2016-05-13T19:30Z","NEON.LTR.GUAN056062.20160502","NEON.LTR.GUAN056062.20160502.LVS","NEON.DOC.001710vE","Leaves",14.91,"Y",NA,"JbCt3ZVS0Z+JTvkxNP0bfo8iI2dYxsDX"
"ca0c1c3e-dbbf-4250-b780-85e6e5b0643d","GUAN_056.basePlot.ltr","D04","GUAN","GUAN_056","GUAN_056_062","2016-05-13","2016-03-08","2016-05-02","2016-05-09T12:26Z","2016-05-13T19:30Z","NEON.LTR.GUAN056062.20160502","NEON.LTR.GUAN056062.20160502.TWI","NEON.DOC.001710vE","Twigs/branches",0.61,"N",NA,"JbCt3ZVS0Z+JTvkxNP0bfo8iI2dYxsDX"
"fb43b795-a311-46cf-93c3-691db240cb05","GUAN_061.basePlot.ltr","D04","GUAN","GUAN_061","GUAN_061_054","2016-05-13","2016-03-08","2016-05-02","2016-05-09T12:26Z","2016-05-13T19:30Z","NEON.LTR.GUAN061054.20160502","NEON.LTR.GUAN061054.20160502.OTH","NEON.DOC.001710vE","Other",0,"N",NA,"JbCt3ZVS0Z+JTvkxNP0bfo8iI2dYxsDX"
"f07104e5-0882-4c42-9549-aeb56bf8a7cf","GUAN_056.basePlot.ltr","D04","GUAN","GUAN_056","GUAN_056_062","2016-05-13","2016-03-08","2016-05-02","2016-05-09T12:26Z","2016-05-13T19:30Z","NEON.LTR.GUAN056062.20160502","NEON.LTR.GUAN056062.20160502.FLR","NEON.DOC.001710vE","Flowers",0.01,"Y",NA,"JbCt3ZVS0Z+JTvkxNP0bfo8iI2dYxsDX"
"e726f431-1bb7-421a-b0e8-4254f003f819","GUAN_056.basePlot.ltr","D04","GUAN","GUAN_056","GUAN_056_062","2016-05-13","2016-03-08","2016-05-02","2016-05-09T12:26Z","2016-05-13T19:30Z","NEON.LTR.GUAN056062.20160502","NEON.LTR.GUAN056062.20160502.OTH","NEON.DOC.001710vE","Other",0.01,"N",NA,"JbCt3ZVS0Z+JTvkxNP0bfo8iI2dYxsDX"
"660e5b7d-c4aa-464c-8c6e-13f3f2c2d063","GUAN_061.basePlot.ltr","D04","GUAN","GUAN_061","GUAN_061_054","2016-05-13","2016-03-08","2016-05-02","2016-05-09T12:26Z","2016-05-13T19:30Z","NEON.LTR.GUAN061054.20160502","NEON.LTR.GUAN061054.20160502.WDY","NEON.DOC.001710vE","Woody material",0.02,"N",NA,"JbCt3ZVS0Z+JTvkxNP0bfo8iI2dYxsDX"
"74a46d28-fc51-4867-b504-7b1ea341f0b5","GUAN_061.basePlot.ltr","D04","GUAN","GUAN_061","GUAN_061_054","2016-05-13","2016-03-08","2016-05-02","2016-05-09T12:26Z","2016-05-13T19:30Z","NEON.LTR.GUAN061054.20160502","NEON.LTR.GUAN061054.20160502.NDL","NEON.DOC.001710vE","Needles",0,"N",NA,"JbCt3ZVS0Z+JTvkxNP0bfo8iI2dYxsDX"
"e7e4b784-c595-47fc-8451-c6cfda3af204","GUAN_061.basePlot.ltr","D04","GUAN","GUAN_061","GUAN_061_054","2016-05-13","2016-03-08","2016-05-02","2016-05-09T12:26Z","2016-05-13T19:30Z","NEON.LTR.GUAN061054.20160502","NEON.LTR.GUAN061054.20160502.SDS","NEON.DOC.001710vE","Seeds",0,"N",NA,"JbCt3ZVS0Z+JTvkxNP0bfo8iI2dYxsDX"
"2e081747-cd83-44a1-8930-aee0189779f8","GUAN_061.basePlot.ltr","D04","GUAN","GUAN_061","GUAN_061_054","2016-05-13","2016-03-08","2016-05-02","2016-05-09T12:26Z","2016-05-13T19:30Z","NEON.LTR.GUAN061054.20160502","NEON.LTR.GUAN061054.20160502.LVS","NEON.DOC.001710vE","Leaves",10.6,"N",NA,"JbCt3ZVS0Z+JTvkxNP0bfo8iI2dYxsDX"
"cc10a227-14c5-4c41-8935-8f9af67b38f4","GUAN_061.basePlot.ltr","D04","GUAN","GUAN_061","GUAN_061_054","2016-05-13","2016-03-08","2016-05-02","2016-05-09T12:26Z","2016-05-13T19:30Z","NEON.LTR.GUAN061054.20160502","NEON.LTR.GUAN061054.20160502.TWI","NEON.DOC.001710vE","Twigs/branches",0.14,"N",NA,"JbCt3ZVS0Z+JTvkxNP0bfo8iI2dYxsDX"
"a1309aa4-d9a1-4704-a09a-49d7b46f5d23","GUAN_045.basePlot.ltr","D04","GUAN","GUAN_045","GUAN_045_932","2016-05-13","2016-03-08","2016-05-02","2016-05-09T12:26Z","2016-05-13T19:30Z","NEON.LTR.GUAN045932.20160502","NEON.LTR.GUAN045932.20160502.OTH","NEON.DOC.001710vE","Other",0,"N",NA,"JbCt3ZVS0Z+JTvkxNP0bfo8iI2dYxsDX"
"9c463481-6075-4df2-a103-ee415e731c75","GUAN_045.basePlot.ltr","D04","GUAN","GUAN_045","GUAN_045_932","2016-05-13","2016-03-08","2016-05-02","2016-05-09T12:26Z","2016-05-13T19:30Z","NEON.LTR.GUAN045932.20160502","NEON.LTR.GUAN045932.20160502.NDL","NEON.DOC.001710vE","Needles",0,"N",NA,"JbCt3ZVS0Z+JTvkxNP0bfo8iI2dYxsDX"
"04b59731-f878-4713-9f4d-4fa121f4420d","GUAN_061.basePlot.ltr","D04","GUAN","GUAN_061","GUAN_061_054","2016-05-13","2016-03-08","2016-05-02","2016-05-09T12:26Z","2016-05-13T19:30Z","NEON.LTR.GUAN061054.20160502","NEON.LTR.GUAN061054.20160502.FLR","NEON.DOC.001710vE","Flowers",0.16,"Y",NA,"JbCt3ZVS0Z+JTvkxNP0bfo8iI2dYxsDX"
"76af3ed2-e188-4efa-96ec-1b2bdd9227f6","GUAN_045.basePlot.ltr","D04","GUAN","GUAN_045","GUAN_045_932","2016-05-13","2016-03-08","2016-05-02","2016-05-09T12:26Z","2016-05-13T19:30Z","NEON.LTR.GUAN045932.20160502","NEON.LTR.GUAN045932.20160502.WDY","NEON.DOC.001710vE","Woody material",0.01,"N",NA,"JbCt3ZVS0Z+JTvkxNP0bfo8iI2dYxsDX"
"af7304c2-32c0-44ec-996d-0e377874dbca","GUAN_045.basePlot.ltr","D04","GUAN","GUAN_045","GUAN_045_932","2016-05-13","2016-03-08","2016-05-02","2016-05-09T12:26Z","2016-05-13T19:30Z","NEON.LTR.GUAN045932.20160502","NEON.LTR.GUAN045932.20160502.TWI","NEON.DOC.001710vE","Twigs/branches",4.54,"N",NA,"JbCt3ZVS0Z+JTvkxNP0bfo8iI2dYxsDX"
"2a47e7f4-dfd0-4bc8-bbb6-2cc2a9a536eb","GUAN_045.basePlot.ltr","D04","GUAN","GUAN_045","GUAN_045_932","2016-05-13","2016-03-08","2016-05-02","2016-05-09T12:26Z","2016-05-13T19:30Z","NEON.LTR.GUAN045932.20160502","NEON.LTR.GUAN045932.20160502.FLR","NEON.DOC.001710vE","Flowers",0,"N",NA,"JbCt3ZVS0Z+JTvkxNP0bfo8iI2dYxsDX"
"2a52fada-d643-43ce-ad3a-9e896d47aecf","GUAN_045.basePlot.ltr","D04","GUAN","GUAN_045","GUAN_045_932","2016-05-13","2016-03-08","2016-05-02","2016-05-09T12:26Z","2016-05-13T19:30Z","NEON.LTR.GUAN045932.20160502","NEON.LTR.GUAN045932.20160502.SDS","NEON.DOC.001710vE","Seeds",0.13,"N",NA,"JbCt3ZVS0Z+JTvkxNP0bfo8iI2dYxsDX"
"58538722-d3fd-46a5-a7d1-580ff1a2b98e","GUAN_045.basePlot.ltr","D04","GUAN","GUAN_045","GUAN_045_932","2016-05-13","2016-03-08","2016-05-02","2016-05-09T12:26Z","2016-05-13T19:30Z","NEON.LTR.GUAN045932.20160502","NEON.LTR.GUAN045932.20160502.LVS","NEON.DOC.001710vE","Leaves",11.6,"Y",NA,"JbCt3ZVS0Z+JTvkxNP0bfo8iI2dYxsDX"
"27e59205-bf59-4db7-8a49-0064ad7d212a","GUAN_054.basePlot.ltr","D04","GUAN","GUAN_054","GUAN_054_559","2016-05-13","2016-03-08","2016-05-02","2016-05-09T12:26Z","2016-05-13T19:30Z","NEON.LTR.GUAN054559.20160502","NEON.LTR.GUAN054559.20160502.NDL","NEON.DOC.001710vE","Needles",0,"N",NA,"JbCt3ZVS0Z+JTvkxNP0bfo8iI2dYxsDX"
"a13b918d-7b33-48bd-82f6-b6349e4c0802","GUAN_054.basePlot.ltr","D04","GUAN","GUAN_054","GUAN_054_559","2016-05-13","2016-03-08","2016-05-02","2016-05-09T12:26Z","2016-05-13T19:30Z","NEON.LTR.GUAN054559.20160502","NEON.LTR.GUAN054559.20160502.SDS","NEON.DOC.001710vE","Seeds",0,"N",NA,"JbCt3ZVS0Z+JTvkxNP0bfo8iI2dYxsDX"
"0c4ce0f3-91e1-4158-b401-5f8641b93f68","GUAN_054.basePlot.ltr","D04","GUAN","GUAN_054","GUAN_054_559","2016-05-13","2016-03-08","2016-05-02","2016-05-09T12:26Z","2016-05-13T19:30Z","NEON.LTR.GUAN054559.20160502","NEON.LTR.GUAN054559.20160502.FLR","NEON.DOC.001710vE","Flowers",0,"N",NA,"JbCt3ZVS0Z+JTvkxNP0bfo8iI2dYxsDX"
"2b32c7c5-0c31-4056-b9e2-bd3f8ea4734c","GUAN_054.basePlot.ltr","D04","GUAN","GUAN_054","GUAN_054_559","2016-05-13","2016-03-08","2016-05-02","2016-05-09T12:26Z","2016-05-13T19:30Z","NEON.LTR.GUAN054559.20160502","NEON.LTR.GUAN054559.20160502.LVS","NEON.DOC.001710vE","Leaves",14.52,"N",NA,"JbCt3ZVS0Z+JTvkxNP0bfo8iI2dYxsDX"
"30e1371a-b3d6-4348-9309-19db090efabf","GUAN_054.basePlot.ltr","D04","GUAN","GUAN_054","GUAN_054_559","2016-05-13","2016-03-08","2016-05-02","2016-05-09T12:26Z","2016-05-13T19:30Z","NEON.LTR.GUAN054559.20160502","NEON.LTR.GUAN054559.20160502.WDY","NEON.DOC.001710vE","Woody material",0.59,"N",NA,"JbCt3ZVS0Z+JTvkxNP0bfo8iI2dYxsDX"
"0b3c460c-54e8-4e82-b641-81bf68453d7e","GUAN_054.basePlot.ltr","D04","GUAN","GUAN_054","GUAN_054_559","2016-05-13","2016-03-08","2016-05-02","2016-05-09T12:26Z","2016-05-13T19:30Z","NEON.LTR.GUAN054559.20160502","NEON.LTR.GUAN054559.20160502.TWI","NEON.DOC.001710vE","Twigs/branches",2.75,"N",NA,"JbCt3ZVS0Z+JTvkxNP0bfo8iI2dYxsDX"
"a824e42e-1813-4152-856a-36c84a33b48a","GUAN_050.basePlot.ltr","D04","GUAN","GUAN_050","GUAN_050_850","2016-05-13","2016-03-08","2016-05-02","2016-05-09T12:26Z","2016-05-13T19:30Z","NEON.LTR.GUAN050850.20160502","NEON.LTR.GUAN050850.20160502.NDL","NEON.DOC.001710vE","Needles",0,"N",NA,"JbCt3ZVS0Z+JTvkxNP0bfo8iI2dYxsDX"
"458df434-fd32-4aac-9bac-622e80b62a07","GUAN_054.basePlot.ltr","D04","GUAN","GUAN_054","GUAN_054_559","2016-05-13","2016-03-08","2016-05-02","2016-05-09T12:26Z","2016-05-13T19:30Z","NEON.LTR.GUAN054559.20160502","NEON.LTR.GUAN054559.20160502.OTH","NEON.DOC.001710vE","Other",0.44,"Y",NA,"JbCt3ZVS0Z+JTvkxNP0bfo8iI2dYxsDX"
"bf364b43-534d-4049-8fbc-25fc447c2b98","GUAN_050.basePlot.ltr","D04","GUAN","GUAN_050","GUAN_050_850","2016-05-13","2016-03-08","2016-05-02","2016-05-09T12:26Z","2016-05-13T19:30Z","NEON.LTR.GUAN050850.20160502","NEON.LTR.GUAN050850.20160502.TWI","NEON.DOC.001710vE","Twigs/branches",0.13,"Y",NA,"JbCt3ZVS0Z+JTvkxNP0bfo8iI2dYxsDX"
"36325f43-4f91-4f93-bbb7-578fc0efe6ae","GUAN_042.basePlot.ltr","D04","GUAN","GUAN_042","GUAN_042_700","2016-05-13","2016-03-08","2016-05-02","2016-05-09T12:44Z","2016-05-13T19:30Z","NEON.LTR.GUAN042700.20160502","NEON.LTR.GUAN042700.20160502.OTH","NEON.DOC.001710vE","Other",0,"N",NA,"bLuA32XSwhQ1UEFOt6rO3xlOtBx7Ppbg"
"abc45113-b1d1-45d3-b5d7-ade86de2c1ff","GUAN_043.basePlot.ltr","D04","GUAN","GUAN_043","GUAN_043_562","2016-05-13","2016-03-08","2016-05-02","2016-05-09T12:44Z","2016-05-13T19:30Z","NEON.LTR.GUAN043562.20160502","NEON.LTR.GUAN043562.20160502.LVS","NEON.DOC.001710vE","Leaves",47.23,"N",NA,"bLuA32XSwhQ1UEFOt6rO3xlOtBx7Ppbg"
"54cd8670-3320-4dc9-b2c1-371ca8b56045","GUAN_042.basePlot.ltr","D04","GUAN","GUAN_042","GUAN_042_700","2016-05-13","2016-03-08","2016-05-02","2016-05-09T12:44Z","2016-05-13T19:30Z","NEON.LTR.GUAN042700.20160502","NEON.LTR.GUAN042700.20160502.TWI","NEON.DOC.001710vE","Twigs/branches",0.86,"N",NA,"bLuA32XSwhQ1UEFOt6rO3xlOtBx7Ppbg"
"a347cc98-683f-49fc-882b-81f57f0c8a3e","GUAN_043.basePlot.ltr","D04","GUAN","GUAN_043","GUAN_043_562","2016-05-13","2016-03-08","2016-05-02","2016-05-09T12:44Z","2016-05-13T19:30Z","NEON.LTR.GUAN043562.20160502","NEON.LTR.GUAN043562.20160502.SDS","NEON.DOC.001710vE","Seeds",0.08,"N",NA,"bLuA32XSwhQ1UEFOt6rO3xlOtBx7Ppbg"
"232d8ceb-1de6-428c-ad1c-2bd5710d57e7","GUAN_042.basePlot.ltr","D04","GUAN","GUAN_042","GUAN_042_700","2016-05-13","2016-03-08","2016-05-02","2016-05-09T12:44Z","2016-05-13T19:30Z","NEON.LTR.GUAN042700.20160502","NEON.LTR.GUAN042700.20160502.NDL","NEON.DOC.001710vE","Needles",0,"N",NA,"bLuA32XSwhQ1UEFOt6rO3xlOtBx7Ppbg"
"d6cfff05-86b6-47e7-aa05-1b6a0125c804","GUAN_043.basePlot.ltr","D04","GUAN","GUAN_043","GUAN_043_562","2016-05-13","2016-03-08","2016-05-02","2016-05-09T12:44Z","2016-05-13T19:30Z","NEON.LTR.GUAN043562.20160502","NEON.LTR.GUAN043562.20160502.TWI","NEON.DOC.001710vE","Twigs/branches",5.59,"N",NA,"bLuA32XSwhQ1UEFOt6rO3xlOtBx7Ppbg"
"a5e2dde9-e580-4a9e-b55c-9a484b0e0b09","GUAN_043.basePlot.ltr","D04","GUAN","GUAN_043","GUAN_043_562","2016-05-13","2016-03-08","2016-05-02","2016-05-09T12:44Z","2016-05-13T19:30Z","NEON.LTR.GUAN043562.20160502","NEON.LTR.GUAN043562.20160502.NDL","NEON.DOC.001710vE","Needles",0,"N",NA,"bLuA32XSwhQ1UEFOt6rO3xlOtBx7Ppbg"
"343cbfec-2576-4b52-b0c3-531edd6b255b","GUAN_043.basePlot.ltr","D04","GUAN","GUAN_043","GUAN_043_562","2016-05-13","2016-03-08","2016-05-02","2016-05-09T12:44Z","2016-05-13T19:30Z","NEON.LTR.GUAN043562.20160502","NEON.LTR.GUAN043562.20160502.OTH","NEON.DOC.001710vE","Other",2.69,"N",NA,"bLuA32XSwhQ1UEFOt6rO3xlOtBx7Ppbg"
"2e17ddf6-f99e-4d92-9a52-8cd79184b295","GUAN_042.basePlot.ltr","D04","GUAN","GUAN_042","GUAN_042_162","2016-05-13","2016-03-08","2016-05-02","2016-05-09T12:44Z","2016-05-13T19:30Z","NEON.LTR.GUAN042162.20160502","NEON.LTR.GUAN042162.20160502.LVS","NEON.DOC.001710vE","Leaves",16.32,"N",NA,"bLuA32XSwhQ1UEFOt6rO3xlOtBx7Ppbg"
"d00e2814-3b31-49c8-9d80-f1dd80e755fe","GUAN_042.basePlot.ltr","D04","GUAN","GUAN_042","GUAN_042_162","2016-05-13","2016-03-08","2016-05-02","2016-05-09T12:44Z","2016-05-13T19:30Z","NEON.LTR.GUAN042162.20160502","NEON.LTR.GUAN042162.20160502.SDS","NEON.DOC.001710vE","Seeds",0.02,"Y",NA,"bLuA32XSwhQ1UEFOt6rO3xlOtBx7Ppbg"
"6b86b54f-fa34-498f-a430-50efcb2c162c","GUAN_043.basePlot.ltr","D04","GUAN","GUAN_043","GUAN_043_562","2016-05-13","2016-03-08","2016-05-02","2016-05-09T12:44Z","2016-05-13T19:30Z","NEON.LTR.GUAN043562.20160502","NEON.LTR.GUAN043562.20160502.WDY","NEON.DOC.001710vE","Woody material",4.02,"N",NA,"bLuA32XSwhQ1UEFOt6rO3xlOtBx7Ppbg"
"fcbc7a49-efb0-4a00-913b-fc58f09412bb","GUAN_042.basePlot.ltr","D04","GUAN","GUAN_042","GUAN_042_162","2016-05-13","2016-03-08","2016-05-02","2016-05-09T12:44Z","2016-05-13T19:30Z","NEON.LTR.GUAN042162.20160502","NEON.LTR.GUAN042162.20160502.FLR","NEON.DOC.001710vE","Flowers",0.005,"N",NA,"bLuA32XSwhQ1UEFOt6rO3xlOtBx7Ppbg"
"6574399e-8887-4253-81d1-373b67498a78","GUAN_043.basePlot.ltr","D04","GUAN","GUAN_043","GUAN_043_562","2016-05-13","2016-03-08","2016-05-02","2016-05-09T12:44Z","2016-05-13T19:30Z","NEON.LTR.GUAN043562.20160502","NEON.LTR.GUAN043562.20160502.FLR","NEON.DOC.001710vE","Flowers",0,"N",NA,"bLuA32XSwhQ1UEFOt6rO3xlOtBx7Ppbg"
"a0e4ef55-3c05-4dba-85d0-308a3671cdfe","GUAN_042.basePlot.ltr","D04","GUAN","GUAN_042","GUAN_042_162","2016-05-13","2016-03-08","2016-05-02","2016-05-09T12:44Z","2016-05-13T19:30Z","NEON.LTR.GUAN042162.20160502","NEON.LTR.GUAN042162.20160502.WDY","NEON.DOC.001710vE","Woody material",0.16,"N",NA,"bLuA32XSwhQ1UEFOt6rO3xlOtBx7Ppbg"
"c68c9c52-c7d8-4edf-a0f7-05fb6c43bd9a","GUAN_042.basePlot.ltr","D04","GUAN","GUAN_042","GUAN_042_162","2016-05-13","2016-03-08","2016-05-02","2016-05-09T12:44Z","2016-05-13T19:30Z","NEON.LTR.GUAN042162.20160502","NEON.LTR.GUAN042162.20160502.NDL","NEON.DOC.001710vE","Needles",0,"N",NA,"bLuA32XSwhQ1UEFOt6rO3xlOtBx7Ppbg"
"db5e4e5e-831c-40c2-a92f-5fb31c267e85","GUAN_042.basePlot.ltr","D04","GUAN","GUAN_042","GUAN_042_162","2016-05-13","2016-03-08","2016-05-02","2016-05-09T12:44Z","2016-05-13T19:30Z","NEON.LTR.GUAN042162.20160502","NEON.LTR.GUAN042162.20160502.OTH","NEON.DOC.001710vE","Other",1.57,"N",NA,"bLuA32XSwhQ1UEFOt6rO3xlOtBx7Ppbg"
"f54c2e2b-07bd-4df1-b1b1-b00c50f0648e","GUAN_048.basePlot.ltr","D04","GUAN","GUAN_048","GUAN_048_062","2016-05-13","2016-03-08","2016-05-02","2016-05-09T12:44Z","2016-05-13T19:30Z","NEON.LTR.GUAN048062.20160502","NEON.LTR.GUAN048062.20160502.FLR","NEON.DOC.001710vE","Flowers",0.47,"N",NA,"bLuA32XSwhQ1UEFOt6rO3xlOtBx7Ppbg"
"c97d2326-c0f1-4155-93ca-94f913e020e2","GUAN_048.basePlot.ltr","D04","GUAN","GUAN_048","GUAN_048_062","2016-05-13","2016-03-08","2016-05-02","2016-05-09T12:44Z","2016-05-13T19:30Z","NEON.LTR.GUAN048062.20160502","NEON.LTR.GUAN048062.20160502.OTH","NEON.DOC.001710vE","Other",2.31,"Y",NA,"bLuA32XSwhQ1UEFOt6rO3xlOtBx7Ppbg"
"d80bb5a8-1e6f-4961-a885-11e3a7234298","GUAN_042.basePlot.ltr","D04","GUAN","GUAN_042","GUAN_042_162","2016-05-13","2016-03-08","2016-05-02","2016-05-09T12:44Z","2016-05-13T19:30Z","NEON.LTR.GUAN042162.20160502","NEON.LTR.GUAN042162.20160502.TWI","NEON.DOC.001710vE","Twigs/branches",1.04,"N",NA,"bLuA32XSwhQ1UEFOt6rO3xlOtBx7Ppbg"
"ee1a3df6-1d61-4f6a-bf54-580428b6e0a6","GUAN_048.basePlot.ltr","D04","GUAN","GUAN_048","GUAN_048_062","2016-05-13","2016-03-08","2016-05-02","2016-05-09T12:44Z","2016-05-13T19:30Z","NEON.LTR.GUAN048062.20160502","NEON.LTR.GUAN048062.20160502.NDL","NEON.DOC.001710vE","Needles",0,"N",NA,"bLuA32XSwhQ1UEFOt6rO3xlOtBx7Ppbg"
"a3ed6a2c-274d-4189-9bb9-dd1856a3ed16","GUAN_048.basePlot.ltr","D04","GUAN","GUAN_048","GUAN_048_062","2016-05-13","2016-03-08","2016-05-02","2016-05-09T12:44Z","2016-05-13T19:30Z","NEON.LTR.GUAN048062.20160502","NEON.LTR.GUAN048062.20160502.LVS","NEON.DOC.001710vE","Leaves",25.89,"N",NA,"bLuA32XSwhQ1UEFOt6rO3xlOtBx7Ppbg"
"9a922367-0826-4efc-912c-cbbd0e32fc6a","GUAN_048.basePlot.ltr","D04","GUAN","GUAN_048","GUAN_048_062","2016-05-13","2016-03-08","2016-05-02","2016-05-09T12:44Z","2016-05-13T19:30Z","NEON.LTR.GUAN048062.20160502","NEON.LTR.GUAN048062.20160502.TWI","NEON.DOC.001710vE","Twigs/branches",4.13,"N",NA,"bLuA32XSwhQ1UEFOt6rO3xlOtBx7Ppbg"
"a44ab1c4-7d85-4f6e-a69f-241635d18fc7","GUAN_052.basePlot.ltr","D04","GUAN","GUAN_052","GUAN_052_706","2016-05-13","2016-03-08","2016-05-02","2016-05-09T12:44Z","2016-05-13T19:30Z","NEON.LTR.GUAN052706.20160502","NEON.LTR.GUAN052706.20160502.WDY","NEON.DOC.001710vE","Woody material",0.27,"N",NA,"bLuA32XSwhQ1UEFOt6rO3xlOtBx7Ppbg"
"438c2e4b-b9f4-4bb7-b05f-6999d4dc8c34","GUAN_048.basePlot.ltr","D04","GUAN","GUAN_048","GUAN_048_062","2016-05-13","2016-03-08","2016-05-02","2016-05-09T12:44Z","2016-05-13T19:30Z","NEON.LTR.GUAN048062.20160502","NEON.LTR.GUAN048062.20160502.SDS","NEON.DOC.001710vE","Seeds",0.005,"N",NA,"bLuA32XSwhQ1UEFOt6rO3xlOtBx7Ppbg"
"bab7e2ec-a214-4a76-80df-a8fc59c0d334","GUAN_052.basePlot.ltr","D04","GUAN","GUAN_052","GUAN_052_706","2016-05-13","2016-03-08","2016-05-02","2016-05-09T12:44Z","2016-05-13T19:30Z","NEON.LTR.GUAN052706.20160502","NEON.LTR.GUAN052706.20160502.FLR","NEON.DOC.001710vE","Flowers",0.05,"N",NA,"bLuA32XSwhQ1UEFOt6rO3xlOtBx7Ppbg"
"309d0124-15f0-4afc-9853-e9ddc1ae198b","GUAN_052.basePlot.ltr","D04","GUAN","GUAN_052","GUAN_052_706","2016-05-13","2016-03-08","2016-05-02","2016-05-09T12:44Z","2016-05-13T19:30Z","NEON.LTR.GUAN052706.20160502","NEON.LTR.GUAN052706.20160502.LVS","NEON.DOC.001710vE","Leaves",83.93,"N",NA,"bLuA32XSwhQ1UEFOt6rO3xlOtBx7Ppbg"
"f44f0cc9-eda4-448d-aafc-d2f1949872f4","GUAN_048.basePlot.ltr","D04","GUAN","GUAN_048","GUAN_048_062","2016-05-13","2016-03-08","2016-05-02","2016-05-09T12:44Z","2016-05-13T19:30Z","NEON.LTR.GUAN048062.20160502","NEON.LTR.GUAN048062.20160502.WDY","NEON.DOC.001710vE","Woody material",0.03,"N",NA,"bLuA32XSwhQ1UEFOt6rO3xlOtBx7Ppbg"
"244fbaea-fe50-40a3-8c36-36bcecf4cd0a","GUAN_052.basePlot.ltr","D04","GUAN","GUAN_052","GUAN_052_706","2016-05-13","2016-03-08","2016-05-02","2016-05-09T12:44Z","2016-05-13T19:30Z","NEON.LTR.GUAN052706.20160502","NEON.LTR.GUAN052706.20160502.SDS","NEON.DOC.001710vE","Seeds",0,"N",NA,"bLuA32XSwhQ1UEFOt6rO3xlOtBx7Ppbg"
"edc8aeab-f32b-4bce-bfc5-a22d820d0298","GUAN_052.basePlot.ltr","D04","GUAN","GUAN_052","GUAN_052_706","2016-05-13","2016-03-08","2016-05-02","2016-05-09T12:44Z","2016-05-13T19:30Z","NEON.LTR.GUAN052706.20160502","NEON.LTR.GUAN052706.20160502.TWI","NEON.DOC.001710vE","Twigs/branches",1.56,"N",NA,"bLuA32XSwhQ1UEFOt6rO3xlOtBx7Ppbg"
"ef2cc013-8462-4c50-9ca7-4e3d27dd3f0e","GUAN_049.basePlot.ltr","D04","GUAN","GUAN_049","GUAN_049_706","2016-05-13","2016-03-08","2016-05-02","2016-05-09T12:26Z","2016-05-13T19:30Z","NEON.LTR.GUAN049706.20160502","NEON.LTR.GUAN049706.20160502.SDS","NEON.DOC.001710vE","Seeds",0.3,"Y",NA,"JbCt3ZVS0Z+JTvkxNP0bfo8iI2dYxsDX"
"a2105a3c-0e6c-4629-8f58-61039d9c0922","GUAN_049.basePlot.ltr","D04","GUAN","GUAN_049","GUAN_049_706","2016-05-13","2016-03-08","2016-05-02","2016-05-09T12:26Z","2016-05-13T19:30Z","NEON.LTR.GUAN049706.20160502","NEON.LTR.GUAN049706.20160502.LVS","NEON.DOC.001710vE","Leaves",11.63,"N",NA,"JbCt3ZVS0Z+JTvkxNP0bfo8iI2dYxsDX"
"1719dfc4-6dba-4038-a6a7-05eff0391c01","GUAN_052.basePlot.ltr","D04","GUAN","GUAN_052","GUAN_052_706","2016-05-13","2016-03-08","2016-05-02","2016-05-09T12:44Z","2016-05-13T19:30Z","NEON.LTR.GUAN052706.20160502","NEON.LTR.GUAN052706.20160502.NDL","NEON.DOC.001710vE","Needles",0,"N",NA,"bLuA32XSwhQ1UEFOt6rO3xlOtBx7Ppbg"
"1940d675-66ec-458c-82ae-15638b2c8697","GUAN_049.basePlot.ltr","D04","GUAN","GUAN_049","GUAN_049_706","2016-05-13","2016-03-08","2016-05-02","2016-05-09T12:26Z","2016-05-13T19:30Z","NEON.LTR.GUAN049706.20160502","NEON.LTR.GUAN049706.20160502.TWI","NEON.DOC.001710vE","Twigs/branches",1.19,"Y",NA,"JbCt3ZVS0Z+JTvkxNP0bfo8iI2dYxsDX"
"eea7a27d-6013-4da5-98fa-1a316a0ead22","GUAN_049.basePlot.ltr","D04","GUAN","GUAN_049","GUAN_049_706","2016-05-13","2016-03-08","2016-05-02","2016-05-09T12:26Z","2016-05-13T19:30Z","NEON.LTR.GUAN049706.20160502","NEON.LTR.GUAN049706.20160502.NDL","NEON.DOC.001710vE","Needles",0,"N",NA,"JbCt3ZVS0Z+JTvkxNP0bfo8iI2dYxsDX"
"917ecb7b-33e4-4f19-80bc-149a4cbf9e33","GUAN_052.basePlot.ltr","D04","GUAN","GUAN_052","GUAN_052_706","2016-05-13","2016-03-08","2016-05-02","2016-05-09T12:44Z","2016-05-13T19:30Z","NEON.LTR.GUAN052706.20160502","NEON.LTR.GUAN052706.20160502.OTH","NEON.DOC.001710vE","Other",0,"N",NA,"bLuA32XSwhQ1UEFOt6rO3xlOtBx7Ppbg"
"4f3283ca-65fc-4f67-987b-96e6105664fb","GUAN_049.basePlot.ltr","D04","GUAN","GUAN_049","GUAN_049_706","2016-05-13","2016-03-08","2016-05-02","2016-05-09T12:26Z","2016-05-13T19:30Z","NEON.LTR.GUAN049706.20160502","NEON.LTR.GUAN049706.20160502.FLR","NEON.DOC.001710vE","Flowers",0,"N",NA,"JbCt3ZVS0Z+JTvkxNP0bfo8iI2dYxsDX"
"7f054da2-6045-4e80-b16f-7a6224d097fc","GUAN_049.basePlot.ltr","D04","GUAN","GUAN_049","GUAN_049_706","2016-05-13","2016-03-08","2016-05-02","2016-05-09T12:26Z","2016-05-13T19:30Z","NEON.LTR.GUAN049706.20160502","NEON.LTR.GUAN049706.20160502.WDY","NEON.DOC.001710vE","Woody material",0.04,"N",NA,"JbCt3ZVS0Z+JTvkxNP0bfo8iI2dYxsDX"
"46946be9-0170-4b80-a697-75d5db61e01a","GUAN_047.basePlot.ltr","D04","GUAN","GUAN_047","GUAN_047_132","2016-05-13","2016-03-08","2016-05-02","2016-05-09T12:26Z","2016-05-13T19:30Z","NEON.LTR.GUAN047132.20160502","NEON.LTR.GUAN047132.20160502.SDS","NEON.DOC.001710vE","Seeds",0.13,"Y",NA,"JbCt3ZVS0Z+JTvkxNP0bfo8iI2dYxsDX"
"3096299d-0991-40da-82aa-5d114c827ce4","GUAN_047.basePlot.ltr","D04","GUAN","GUAN_047","GUAN_047_132","2016-05-13","2016-03-08","2016-05-02","2016-05-09T12:26Z","2016-05-13T19:30Z","NEON.LTR.GUAN047132.20160502","NEON.LTR.GUAN047132.20160502.LVS","NEON.DOC.001710vE","Leaves",17.13,"N",NA,"JbCt3ZVS0Z+JTvkxNP0bfo8iI2dYxsDX"
"0398d581-1e68-4c4b-812b-4e1f4fb9e77c","GUAN_049.basePlot.ltr","D04","GUAN","GUAN_049","GUAN_049_706","2016-05-13","2016-03-08","2016-05-02","2016-05-09T12:26Z","2016-05-13T19:30Z","NEON.LTR.GUAN049706.20160502","NEON.LTR.GUAN049706.20160502.OTH","NEON.DOC.001710vE","Other",0,"N",NA,"JbCt3ZVS0Z+JTvkxNP0bfo8iI2dYxsDX"
"1d2f8ffc-ede7-41b0-9ed1-d28daa5da0e7","GUAN_047.basePlot.ltr","D04","GUAN","GUAN_047","GUAN_047_132","2016-05-13","2016-03-08","2016-05-02","2016-05-09T12:26Z","2016-05-13T19:30Z","NEON.LTR.GUAN047132.20160502","NEON.LTR.GUAN047132.20160502.NDL","NEON.DOC.001710vE","Needles",0,"N",NA,"JbCt3ZVS0Z+JTvkxNP0bfo8iI2dYxsDX"
"7c832daf-83db-4143-81db-f655f4acf010","GUAN_047.basePlot.ltr","D04","GUAN","GUAN_047","GUAN_047_132","2016-05-13","2016-03-08","2016-05-02","2016-05-09T12:26Z","2016-05-13T19:30Z","NEON.LTR.GUAN047132.20160502","NEON.LTR.GUAN047132.20160502.FLR","NEON.DOC.001710vE","Flowers",0,"N",NA,"JbCt3ZVS0Z+JTvkxNP0bfo8iI2dYxsDX"
"9e9e5b9c-f2a3-455b-b3d6-8dc538d8bac4","GUAN_047.basePlot.ltr","D04","GUAN","GUAN_047","GUAN_047_132","2016-05-13","2016-03-08","2016-05-02","2016-05-09T12:26Z","2016-05-13T19:30Z","NEON.LTR.GUAN047132.20160502","NEON.LTR.GUAN047132.20160502.OTH","NEON.DOC.001710vE","Other",0.08,"N",NA,"JbCt3ZVS0Z+JTvkxNP0bfo8iI2dYxsDX"
"969d47a2-242a-4a09-b833-610a60391da1","GUAN_050.basePlot.ltr","D04","GUAN","GUAN_050","GUAN_050_850","2016-05-13","2016-03-08","2016-05-02","2016-05-09T12:26Z","2016-05-13T19:30Z","NEON.LTR.GUAN050850.20160502","NEON.LTR.GUAN050850.20160502.SDS","NEON.DOC.001710vE","Seeds",0.05,"N",NA,"JbCt3ZVS0Z+JTvkxNP0bfo8iI2dYxsDX"
"85a634d4-6c34-4c01-9148-42c1fb8ee25b","GUAN_047.basePlot.ltr","D04","GUAN","GUAN_047","GUAN_047_132","2016-05-13","2016-03-08","2016-05-02","2016-05-09T12:26Z","2016-05-13T19:30Z","NEON.LTR.GUAN047132.20160502","NEON.LTR.GUAN047132.20160502.TWI","NEON.DOC.001710vE","Twigs/branches",0.04,"N",NA,"JbCt3ZVS0Z+JTvkxNP0bfo8iI2dYxsDX"
"0b862fb5-644e-4e77-9771-d0242763c6cb","GUAN_050.basePlot.ltr","D04","GUAN","GUAN_050","GUAN_050_850","2016-05-13","2016-03-08","2016-05-02","2016-05-09T12:26Z","2016-05-13T19:30Z","NEON.LTR.GUAN050850.20160502","NEON.LTR.GUAN050850.20160502.OTH","NEON.DOC.001710vE","Other",0.25,"N",NA,"JbCt3ZVS0Z+JTvkxNP0bfo8iI2dYxsDX"
"8f99d184-44a6-4562-83ea-29473e34574a","GUAN_050.basePlot.ltr","D04","GUAN","GUAN_050","GUAN_050_850","2016-05-13","2016-03-08","2016-05-02","2016-05-09T12:26Z","2016-05-13T19:30Z","NEON.LTR.GUAN050850.20160502","NEON.LTR.GUAN050850.20160502.LVS","NEON.DOC.001710vE","Leaves",19.12,"Y",NA,"JbCt3ZVS0Z+JTvkxNP0bfo8iI2dYxsDX"
"af40dc05-059f-4579-8bd4-ec5b0755b8b2","GUAN_047.basePlot.ltr","D04","GUAN","GUAN_047","GUAN_047_132","2016-05-13","2016-03-08","2016-05-02","2016-05-09T12:26Z","2016-05-13T19:30Z","NEON.LTR.GUAN047132.20160502","NEON.LTR.GUAN047132.20160502.WDY","NEON.DOC.001710vE","Woody material",0,"N",NA,"JbCt3ZVS0Z+JTvkxNP0bfo8iI2dYxsDX"
"9dcc8174-c976-446d-9d18-cc499705c024","GUAN_050.basePlot.ltr","D04","GUAN","GUAN_050","GUAN_050_850","2016-05-13","2016-03-08","2016-05-02","2016-05-09T12:26Z","2016-05-13T19:30Z","NEON.LTR.GUAN050850.20160502","NEON.LTR.GUAN050850.20160502.FLR","NEON.DOC.001710vE","Flowers",0.05,"N",NA,"JbCt3ZVS0Z+JTvkxNP0bfo8iI2dYxsDX"
"c1379bd4-8e9a-441d-ac62-4c72d0f27993","GUAN_050.basePlot.ltr","D04","GUAN","GUAN_050","GUAN_050_850","2016-05-13","2016-03-08","2016-05-02","2016-05-09T12:26Z","2016-05-13T19:30Z","NEON.LTR.GUAN050850.20160502","NEON.LTR.GUAN050850.20160502.WDY","NEON.DOC.001710vE","Woody material",0.01,"N",NA,"JbCt3ZVS0Z+JTvkxNP0bfo8iI2dYxsDX"
"b48900a9-8fd7-42f4-bbb6-588278ba2e28","GUAN_042.basePlot.ltr","D04","GUAN","GUAN_042","GUAN_042_700","2016-05-13","2016-03-08","2016-05-02","2016-05-09T12:44Z","2016-05-13T19:30Z","NEON.LTR.GUAN042700.20160502","NEON.LTR.GUAN042700.20160502.SDS","NEON.DOC.001710vE","Seeds",0.005,"N",NA,"bLuA32XSwhQ1UEFOt6rO3xlOtBx7Ppbg"
"136ae683-7caa-45a0-b610-7dc78144acc8","GUAN_042.basePlot.ltr","D04","GUAN","GUAN_042","GUAN_042_700","2016-05-13","2016-03-08","2016-05-02","2016-05-09T12:44Z","2016-05-13T19:30Z","NEON.LTR.GUAN042700.20160502","NEON.LTR.GUAN042700.20160502.FLR","NEON.DOC.001710vE","Flowers",0.07,"N",NA,"bLuA32XSwhQ1UEFOt6rO3xlOtBx7Ppbg"
"5707db48-5b0b-4e17-bd63-b1c4be284a0a","GUAN_042.basePlot.ltr","D04","GUAN","GUAN_042","GUAN_042_700","2016-05-13","2016-03-08","2016-05-02","2016-05-09T12:44Z","2016-05-13T19:30Z","NEON.LTR.GUAN042700.20160502","NEON.LTR.GUAN042700.20160502.WDY","NEON.DOC.001710vE","Woody material",0.08,"N",NA,"bLuA32XSwhQ1UEFOt6rO3xlOtBx7Ppbg"
"84197103-575d-4800-ad99-87cb3a039acc","GUAN_044.basePlot.ltr","D04","GUAN","GUAN_044","GUAN_044_385","2016-05-13","2016-03-08","2016-05-02","2016-05-09T12:44Z","2016-05-13T19:30Z","NEON.LTR.GUAN044385.20160502","NEON.LTR.GUAN044385.20160502.OTH","NEON.DOC.001710vE","Other",0,"N",NA,"bLuA32XSwhQ1UEFOt6rO3xlOtBx7Ppbg"
"2e393bc3-2a09-4642-972c-9a363528d4b3","GUAN_042.basePlot.ltr","D04","GUAN","GUAN_042","GUAN_042_700","2016-05-13","2016-03-08","2016-05-02","2016-05-09T12:44Z","2016-05-13T19:30Z","NEON.LTR.GUAN042700.20160502","NEON.LTR.GUAN042700.20160502.LVS","NEON.DOC.001710vE","Leaves",8.94,"Y",NA,"bLuA32XSwhQ1UEFOt6rO3xlOtBx7Ppbg"
"caba397e-4449-442a-9011-cd84ca3860e8","GUAN_044.basePlot.ltr","D04","GUAN","GUAN_044","GUAN_044_385","2016-05-13","2016-03-08","2016-05-02","2016-05-09T12:44Z","2016-05-13T19:30Z","NEON.LTR.GUAN044385.20160502","NEON.LTR.GUAN044385.20160502.NDL","NEON.DOC.001710vE","Needles",0,"N",NA,"bLuA32XSwhQ1UEFOt6rO3xlOtBx7Ppbg"
"4672cf11-f0e4-495b-8a88-b8d2ab80d69a","GUAN_044.basePlot.ltr","D04","GUAN","GUAN_044","GUAN_044_385","2016-05-13","2016-03-08","2016-05-02","2016-05-09T12:44Z","2016-05-13T19:30Z","NEON.LTR.GUAN044385.20160502","NEON.LTR.GUAN044385.20160502.SDS","NEON.DOC.001710vE","Seeds",0,"N",NA,"bLuA32XSwhQ1UEFOt6rO3xlOtBx7Ppbg"
"abd0a7c9-d19d-4410-b292-7a80deb8a8f5","GUAN_044.basePlot.ltr","D04","GUAN","GUAN_044","GUAN_044_385","2016-05-13","2016-03-08","2016-05-02","2016-05-09T12:44Z","2016-05-13T19:30Z","NEON.LTR.GUAN044385.20160502","NEON.LTR.GUAN044385.20160502.FLR","NEON.DOC.001710vE","Flowers",0,"N",NA,"bLuA32XSwhQ1UEFOt6rO3xlOtBx7Ppbg"
"043ed3fa-254b-4cb1-bcc1-ffd4ee4695b0","GUAN_044.basePlot.ltr","D04","GUAN","GUAN_044","GUAN_044_385","2016-05-13","2016-03-08","2016-05-02","2016-05-09T12:44Z","2016-05-13T19:30Z","NEON.LTR.GUAN044385.20160502","NEON.LTR.GUAN044385.20160502.LVS","NEON.DOC.001710vE","Leaves",28.55,"Y",NA,"bLuA32XSwhQ1UEFOt6rO3xlOtBx7Ppbg"
"62e78aca-1cfc-4c9c-97c8-6dbdcee716d8","GUAN_044.basePlot.ltr","D04","GUAN","GUAN_044","GUAN_044_385","2016-05-13","2016-03-08","2016-05-02","2016-05-09T12:44Z","2016-05-13T19:30Z","NEON.LTR.GUAN044385.20160502","NEON.LTR.GUAN044385.20160502.WDY","NEON.DOC.001710vE","Woody material",0.04,"N",NA,"bLuA32XSwhQ1UEFOt6rO3xlOtBx7Ppbg"
"941c5fd6-4f1e-4863-8a91-a587444234d0","GUAN_044.basePlot.ltr","D04","GUAN","GUAN_044","GUAN_044_385","2016-05-13","2016-03-08","2016-05-02","2016-05-09T12:44Z","2016-05-13T19:30Z","NEON.LTR.GUAN044385.20160502","NEON.LTR.GUAN044385.20160502.TWI","NEON.DOC.001710vE","Twigs/branches",3.23,"N",NA,"bLuA32XSwhQ1UEFOt6rO3xlOtBx7Ppbg"
"83dd85c9-e938-4471-817b-f956840fde1a","GUAN_059.basePlot.ltr","D04","GUAN","GUAN_059","GUAN_059_658","2016-05-13","2016-03-08","2016-05-02","2016-05-09T12:44Z","2016-05-13T19:30Z","NEON.LTR.GUAN059658.20160502","NEON.LTR.GUAN059658.20160502.OTH","NEON.DOC.001710vE","Other",0,"N",NA,"bLuA32XSwhQ1UEFOt6rO3xlOtBx7Ppbg"
"40b5f6d0-df10-4abe-a979-9bdff35c565b","GUAN_059.basePlot.ltr","D04","GUAN","GUAN_059","GUAN_059_658","2016-05-13","2016-03-08","2016-05-02","2016-05-09T12:44Z","2016-05-13T19:30Z","NEON.LTR.GUAN059658.20160502","NEON.LTR.GUAN059658.20160502.WDY","NEON.DOC.001710vE","Woody material",0,"N",NA,"bLuA32XSwhQ1UEFOt6rO3xlOtBx7Ppbg"
"90baad3f-00c9-4e22-ae01-1eda76d9279d","GUAN_059.basePlot.ltr","D04","GUAN","GUAN_059","GUAN_059_658","2016-05-13","2016-03-08","2016-05-02","2016-05-09T12:44Z","2016-05-13T19:30Z","NEON.LTR.GUAN059658.20160502","NEON.LTR.GUAN059658.20160502.TWI","NEON.DOC.001710vE","Twigs/branches",0.35,"N",NA,"bLuA32XSwhQ1UEFOt6rO3xlOtBx7Ppbg"
"353abaf7-a844-42fd-9760-b78be3c63e28","GUAN_059.basePlot.ltr","D04","GUAN","GUAN_059","GUAN_059_658","2016-05-13","2016-03-08","2016-05-02","2016-05-09T12:44Z","2016-05-13T19:30Z","NEON.LTR.GUAN059658.20160502","NEON.LTR.GUAN059658.20160502.NDL","NEON.DOC.001710vE","Needles",0,"N",NA,"bLuA32XSwhQ1UEFOt6rO3xlOtBx7Ppbg"
"0e8c1fd2-b197-4850-b466-6e446130ab78","GUAN_059.basePlot.ltr","D04","GUAN","GUAN_059","GUAN_059_658","2016-05-13","2016-03-08","2016-05-02","2016-05-09T12:44Z","2016-05-13T19:30Z","NEON.LTR.GUAN059658.20160502","NEON.LTR.GUAN059658.20160502.SDS","NEON.DOC.001710vE","Seeds",0,"N",NA,"bLuA32XSwhQ1UEFOt6rO3xlOtBx7Ppbg"
"f9eff7b9-f189-49d6-8102-f06f7c6c1cd1","GUAN_058.basePlot.ltr","D04","GUAN","GUAN_058","GUAN_058_054","2016-05-13","2016-03-08","2016-05-02","2016-05-09T12:44Z","2016-05-13T19:30Z","NEON.LTR.GUAN058054.20160502","NEON.LTR.GUAN058054.20160502.FLR","NEON.DOC.001710vE","Flowers",0,"N",NA,"bLuA32XSwhQ1UEFOt6rO3xlOtBx7Ppbg"
"8b681f13-cd1d-410e-bcef-20f2e3ee95d0","GUAN_059.basePlot.ltr","D04","GUAN","GUAN_059","GUAN_059_658","2016-05-13","2016-03-08","2016-05-02","2016-05-09T12:44Z","2016-05-13T19:30Z","NEON.LTR.GUAN059658.20160502","NEON.LTR.GUAN059658.20160502.LVS","NEON.DOC.001710vE","Leaves",14.33,"N",NA,"bLuA32XSwhQ1UEFOt6rO3xlOtBx7Ppbg"
"82ff88b4-e0c9-4ab6-b8f0-f77300003ec6","GUAN_059.basePlot.ltr","D04","GUAN","GUAN_059","GUAN_059_658","2016-05-13","2016-03-08","2016-05-02","2016-05-09T12:44Z","2016-05-13T19:30Z","NEON.LTR.GUAN059658.20160502","NEON.LTR.GUAN059658.20160502.FLR","NEON.DOC.001710vE","Flowers",0.06,"Y",NA,"bLuA32XSwhQ1UEFOt6rO3xlOtBx7Ppbg"
"b1cd6ef0-eccd-4af8-83ea-6a1ccb64f8e3","GUAN_058.basePlot.ltr","D04","GUAN","GUAN_058","GUAN_058_054","2016-05-13","2016-03-08","2016-05-02","2016-05-09T12:44Z","2016-05-13T19:30Z","NEON.LTR.GUAN058054.20160502","NEON.LTR.GUAN058054.20160502.NDL","NEON.DOC.001710vE","Needles",0,"N",NA,"bLuA32XSwhQ1UEFOt6rO3xlOtBx7Ppbg"
"560dc0c9-ac55-4b2c-8d60-61617bcdf30b","GUAN_058.basePlot.ltr","D04","GUAN","GUAN_058","GUAN_058_054","2016-05-13","2016-03-08","2016-05-02","2016-05-09T12:44Z","2016-05-13T19:30Z","NEON.LTR.GUAN058054.20160502","NEON.LTR.GUAN058054.20160502.SDS","NEON.DOC.001710vE","Seeds",0,"N",NA,"bLuA32XSwhQ1UEFOt6rO3xlOtBx7Ppbg"
"89b609d6-28ba-4f75-b8b0-22401560ad14","GUAN_058.basePlot.ltr","D04","GUAN","GUAN_058","GUAN_058_054","2016-05-13","2016-03-08","2016-05-02","2016-05-09T12:44Z","2016-05-13T19:30Z","NEON.LTR.GUAN058054.20160502","NEON.LTR.GUAN058054.20160502.LVS","NEON.DOC.001710vE","Leaves",27.57,"N",NA,"bLuA32XSwhQ1UEFOt6rO3xlOtBx7Ppbg"
"00ccb1bb-35a9-4eb9-b0ae-02b51537c2d5","GUAN_058.basePlot.ltr","D04","GUAN","GUAN_058","GUAN_058_054","2016-05-13","2016-03-08","2016-05-02","2016-05-09T12:44Z","2016-05-13T19:30Z","NEON.LTR.GUAN058054.20160502","NEON.LTR.GUAN058054.20160502.TWI","NEON.DOC.001710vE","Twigs/branches",3.76,"N",NA,"bLuA32XSwhQ1UEFOt6rO3xlOtBx7Ppbg"
"00e40b86-0c93-4e17-9e13-8bbf7f620c65","GUAN_058.basePlot.ltr","D04","GUAN","GUAN_058","GUAN_058_054","2016-05-13","2016-03-08","2016-05-02","2016-05-09T12:44Z","2016-05-13T19:30Z","NEON.LTR.GUAN058054.20160502","NEON.LTR.GUAN058054.20160502.WDY","NEON.DOC.001710vE","Woody material",2.66,"N",NA,"bLuA32XSwhQ1UEFOt6rO3xlOtBx7Ppbg"
"3badb9e4-5ad6-4b91-bca4-9271d75271de","GUAN_057.basePlot.ltr","D04","GUAN","GUAN_057","GUAN_057_673","2016-05-13","2016-03-08","2016-05-02","2016-05-09T12:44Z","2016-05-13T19:30Z","NEON.LTR.GUAN057673.20160502","NEON.LTR.GUAN057673.20160502.SDS","NEON.DOC.001710vE","Seeds",0,"N",NA,"bLuA32XSwhQ1UEFOt6rO3xlOtBx7Ppbg"
"435016f4-be9d-4ca8-986a-e89ca340b0ff","GUAN_057.basePlot.ltr","D04","GUAN","GUAN_057","GUAN_057_673","2016-05-13","2016-03-08","2016-05-02","2016-05-09T12:44Z","2016-05-13T19:30Z","NEON.LTR.GUAN057673.20160502","NEON.LTR.GUAN057673.20160502.FLR","NEON.DOC.001710vE","Flowers",0,"N",NA,"bLuA32XSwhQ1UEFOt6rO3xlOtBx7Ppbg"
"8c5f48e1-b716-40f1-b0dd-7ca22187187a","GUAN_058.basePlot.ltr","D04","GUAN","GUAN_058","GUAN_058_054","2016-05-13","2016-03-08","2016-05-02","2016-05-09T12:44Z","2016-05-13T19:30Z","NEON.LTR.GUAN058054.20160502","NEON.LTR.GUAN058054.20160502.OTH","NEON.DOC.001710vE","Other",0.17,"N",NA,"bLuA32XSwhQ1UEFOt6rO3xlOtBx7Ppbg"
"ef559370-2562-489e-b4bb-e87d4c7ad3d5","GUAN_057.basePlot.ltr","D04","GUAN","GUAN_057","GUAN_057_673","2016-05-13","2016-03-08","2016-05-02","2016-05-09T12:44Z","2016-05-13T19:30Z","NEON.LTR.GUAN057673.20160502","NEON.LTR.GUAN057673.20160502.NDL","NEON.DOC.001710vE","Needles",0,"N",NA,"bLuA32XSwhQ1UEFOt6rO3xlOtBx7Ppbg"
"1bc3db0b-509e-4e65-b3ee-6c5970cc5425","GUAN_057.basePlot.ltr","D04","GUAN","GUAN_057","GUAN_057_673","2016-05-13","2016-03-08","2016-05-02","2016-05-09T12:44Z","2016-05-13T19:30Z","NEON.LTR.GUAN057673.20160502","NEON.LTR.GUAN057673.20160502.WDY","NEON.DOC.001710vE","Woody material",0,"N",NA,"bLuA32XSwhQ1UEFOt6rO3xlOtBx7Ppbg"
"1ee00d80-0d28-495b-b6c2-b50b3413e5f3","GUAN_057.basePlot.ltr","D04","GUAN","GUAN_057","GUAN_057_673","2016-05-13","2016-03-08","2016-05-02","2016-05-09T12:44Z","2016-05-13T19:30Z","NEON.LTR.GUAN057673.20160502","NEON.LTR.GUAN057673.20160502.OTH","NEON.DOC.001710vE","Other",0.38,"N",NA,"bLuA32XSwhQ1UEFOt6rO3xlOtBx7Ppbg"
"03f6b9b9-2507-4ec5-bac8-3b19a91f7ac5","GUAN_057.basePlot.ltr","D04","GUAN","GUAN_057","GUAN_057_673","2016-05-13","2016-03-08","2016-05-02","2016-05-09T12:44Z","2016-05-13T19:30Z","NEON.LTR.GUAN057673.20160502","NEON.LTR.GUAN057673.20160502.LVS","NEON.DOC.001710vE","Leaves",23.09,"N",NA,"bLuA32XSwhQ1UEFOt6rO3xlOtBx7Ppbg"
"2969d2cd-e247-4a24-8c25-60504a3d3540","GUAN_057.basePlot.ltr","D04","GUAN","GUAN_057","GUAN_057_673","2016-05-13","2016-03-08","2016-05-02","2016-05-09T12:44Z","2016-05-13T19:30Z","NEON.LTR.GUAN057673.20160502","NEON.LTR.GUAN057673.20160502.TWI","NEON.DOC.001710vE","Twigs/branches",0.86,"N",NA,"bLuA32XSwhQ1UEFOt6rO3xlOtBx7Ppbg"
"50c09264-990a-43cc-86d6-b4d751db6af6","GUAN_046.basePlot.ltr","D04","GUAN","GUAN_046","GUAN_046_824","2016-05-13","2016-03-08","2016-05-02","2016-05-09T12:44Z","2016-05-13T19:30Z","NEON.LTR.GUAN046824.20160502","NEON.LTR.GUAN046824.20160502.WDY","NEON.DOC.001710vE","Woody material",0.52,"N",NA,"bLuA32XSwhQ1UEFOt6rO3xlOtBx7Ppbg"
"3113ce3a-7ad7-4e50-b9cd-2e1b04e83387","GUAN_046.basePlot.ltr","D04","GUAN","GUAN_046","GUAN_046_824","2016-05-13","2016-03-08","2016-05-02","2016-05-09T12:44Z","2016-05-13T19:30Z","NEON.LTR.GUAN046824.20160502","NEON.LTR.GUAN046824.20160502.NDL","NEON.DOC.001710vE","Needles",0,"N",NA,"bLuA32XSwhQ1UEFOt6rO3xlOtBx7Ppbg"
"9a50c591-4e6d-4eba-a0c8-19f769c75041","GUAN_046.basePlot.ltr","D04","GUAN","GUAN_046","GUAN_046_824","2016-05-13","2016-03-08","2016-05-02","2016-05-09T12:44Z","2016-05-13T19:30Z","NEON.LTR.GUAN046824.20160502","NEON.LTR.GUAN046824.20160502.SDS","NEON.DOC.001710vE","Seeds",0,"N",NA,"bLuA32XSwhQ1UEFOt6rO3xlOtBx7Ppbg"
"782da863-1d91-4570-a21a-b46ed936ee81","GUAN_046.basePlot.ltr","D04","GUAN","GUAN_046","GUAN_046_824","2016-05-13","2016-03-08","2016-05-02","2016-05-09T12:44Z","2016-05-13T19:30Z","NEON.LTR.GUAN046824.20160502","NEON.LTR.GUAN046824.20160502.FLR","NEON.DOC.001710vE","Flowers",0.005,"N",NA,"bLuA32XSwhQ1UEFOt6rO3xlOtBx7Ppbg"
"ac2ae14b-5bae-44cd-b0db-e46e29aa65a0","GUAN_046.basePlot.ltr","D04","GUAN","GUAN_046","GUAN_046_824","2016-05-13","2016-03-08","2016-05-02","2016-05-09T12:44Z","2016-05-13T19:30Z","NEON.LTR.GUAN046824.20160502","NEON.LTR.GUAN046824.20160502.TWI","NEON.DOC.001710vE","Twigs/branches",2.38,"N",NA,"bLuA32XSwhQ1UEFOt6rO3xlOtBx7Ppbg"
"32073e97-f370-4509-b4ef-3b55c2abe875","GUAN_048.basePlot.ltr","D04","GUAN","GUAN_048","GUAN_048_803","2016-05-13","2016-03-08","2016-05-02","2016-05-09T12:44Z","2016-05-13T19:30Z","NEON.LTR.GUAN048803.20160502","NEON.LTR.GUAN048803.20160502.NDL","NEON.DOC.001710vE","Needles",0,"N",NA,"bLuA32XSwhQ1UEFOt6rO3xlOtBx7Ppbg"
"db5033a7-a505-4751-8ea4-dd85c2a0d4cf","GUAN_046.basePlot.ltr","D04","GUAN","GUAN_046","GUAN_046_824","2016-05-13","2016-03-08","2016-05-02","2016-05-09T12:44Z","2016-05-13T19:30Z","NEON.LTR.GUAN046824.20160502","NEON.LTR.GUAN046824.20160502.LVS","NEON.DOC.001710vE","Leaves",14.4,"Y",NA,"bLuA32XSwhQ1UEFOt6rO3xlOtBx7Ppbg"
"2e14bc6b-6f40-4920-b240-abf2b9e795e6","GUAN_046.basePlot.ltr","D04","GUAN","GUAN_046","GUAN_046_824","2016-05-13","2016-03-08","2016-05-02","2016-05-09T12:44Z","2016-05-13T19:30Z","NEON.LTR.GUAN046824.20160502","NEON.LTR.GUAN046824.20160502.OTH","NEON.DOC.001710vE","Other",0.2,"Y",NA,"bLuA32XSwhQ1UEFOt6rO3xlOtBx7Ppbg"
"1953bb82-5185-4f2c-8ea2-b77f3b467e58","GUAN_048.basePlot.ltr","D04","GUAN","GUAN_048","GUAN_048_803","2016-05-13","2016-03-08","2016-05-02","2016-05-09T12:44Z","2016-05-13T19:30Z","NEON.LTR.GUAN048803.20160502","NEON.LTR.GUAN048803.20160502.SDS","NEON.DOC.001710vE","Seeds",0.84,"Y",NA,"bLuA32XSwhQ1UEFOt6rO3xlOtBx7Ppbg"
"77829755-6e09-4863-b2de-430279a0430b","GUAN_048.basePlot.ltr","D04","GUAN","GUAN_048","GUAN_048_803","2016-05-13","2016-03-08","2016-05-02","2016-05-09T12:44Z","2016-05-13T19:30Z","NEON.LTR.GUAN048803.20160502","NEON.LTR.GUAN048803.20160502.TWI","NEON.DOC.001710vE","Twigs/branches",3.42,"N",NA,"bLuA32XSwhQ1UEFOt6rO3xlOtBx7Ppbg"
"55e56534-2b19-449a-8700-291c654ae3a1","GUAN_048.basePlot.ltr","D04","GUAN","GUAN_048","GUAN_048_803","2016-05-13","2016-03-08","2016-05-02","2016-05-09T12:44Z","2016-05-13T19:30Z","NEON.LTR.GUAN048803.20160502","NEON.LTR.GUAN048803.20160502.WDY","NEON.DOC.001710vE","Woody material",0.1,"N",NA,"bLuA32XSwhQ1UEFOt6rO3xlOtBx7Ppbg"
"0953cad8-aab4-4f47-bd65-ab87adae26c1","GUAN_048.basePlot.ltr","D04","GUAN","GUAN_048","GUAN_048_803","2016-05-13","2016-03-08","2016-05-02","2016-05-09T12:44Z","2016-05-13T19:30Z","NEON.LTR.GUAN048803.20160502","NEON.LTR.GUAN048803.20160502.OTH","NEON.DOC.001710vE","Other",0.04,"N",NA,"bLuA32XSwhQ1UEFOt6rO3xlOtBx7Ppbg"
"375648d2-78af-4201-87a6-a8e4d01c1376","GUAN_048.basePlot.ltr","D04","GUAN","GUAN_048","GUAN_048_803","2016-05-13","2016-03-08","2016-05-02","2016-05-09T12:44Z","2016-05-13T19:30Z","NEON.LTR.GUAN048803.20160502","NEON.LTR.GUAN048803.20160502.FLR","NEON.DOC.001710vE","Flowers",0.01,"N",NA,"bLuA32XSwhQ1UEFOt6rO3xlOtBx7Ppbg"
"0950309f-c4c4-4571-b23d-0ace40c4c79c","GUAN_043.basePlot.ltr","D04","GUAN","GUAN_043","GUAN_043_791","2016-03-13","2016-03-08","2016-05-02","2016-05-09T12:44Z","2016-05-13T19:30Z","NEON.LTR.GUAN043791.20160502","NEON.LTR.GUAN043791.20160502.WDY","NEON.DOC.001710vE","Woody material",0.15,"N",NA,"bLuA32XSwhQ1UEFOt6rO3xlOtBx7Ppbg"
"6fdc3cc4-0089-4595-964b-f857de20b432","GUAN_043.basePlot.ltr","D04","GUAN","GUAN_043","GUAN_043_791","2016-03-13","2016-03-08","2016-05-02","2016-05-09T12:44Z","2016-05-13T19:30Z","NEON.LTR.GUAN043791.20160502","NEON.LTR.GUAN043791.20160502.TWI","NEON.DOC.001710vE","Twigs/branches",10.95,"N",NA,"bLuA32XSwhQ1UEFOt6rO3xlOtBx7Ppbg"
"8989741f-a321-49b7-837e-5efa33aedabc","GUAN_048.basePlot.ltr","D04","GUAN","GUAN_048","GUAN_048_803","2016-05-13","2016-03-08","2016-05-02","2016-05-09T12:44Z","2016-05-13T19:30Z","NEON.LTR.GUAN048803.20160502","NEON.LTR.GUAN048803.20160502.LVS","NEON.DOC.001710vE","Leaves",36.71,"Y",NA,"bLuA32XSwhQ1UEFOt6rO3xlOtBx7Ppbg"
"72a57789-9386-4d3a-92d3-016561b58a64","GUAN_043.basePlot.ltr","D04","GUAN","GUAN_043","GUAN_043_791","2016-03-13","2016-03-08","2016-05-02","2016-05-09T12:44Z","2016-05-13T19:30Z","NEON.LTR.GUAN043791.20160502","NEON.LTR.GUAN043791.20160502.SDS","NEON.DOC.001710vE","Seeds",0,"N",NA,"bLuA32XSwhQ1UEFOt6rO3xlOtBx7Ppbg"
"5888ae60-f2e5-450f-ae27-9e4242276bb4","GUAN_043.basePlot.ltr","D04","GUAN","GUAN_043","GUAN_043_791","2016-03-13","2016-03-08","2016-05-02","2016-05-09T12:44Z","2016-05-13T19:30Z","NEON.LTR.GUAN043791.20160502","NEON.LTR.GUAN043791.20160502.OTH","NEON.DOC.001710vE","Other",0,"N",NA,"bLuA32XSwhQ1UEFOt6rO3xlOtBx7Ppbg"
"2672e0db-0355-4f81-8365-cf442d265730","GUAN_049.basePlot.ltr","D04","GUAN","GUAN_049","GUAN_049_280","2016-05-15","2016-03-08","2016-05-02","2016-05-09T12:36Z","2016-05-13T19:30Z","NEON.LTR.GUAN049280.20160502","NEON.LTR.GUAN049280.20160502.LVS","NEON.DOC.001710vE","Leaves",24.17,"N",NA,"zPBe+8pzAK0B2URIObnv4uYPPEuv017obsOPc+5Qw/c="
"8c5faba8-1a4a-4703-9ac8-0cdfc54fccc9","GUAN_049.basePlot.ltr","D04","GUAN","GUAN_049","GUAN_049_280","2016-05-15","2016-03-08","2016-05-02","2016-05-09T12:36Z","2016-05-13T19:30Z","NEON.LTR.GUAN049280.20160502","NEON.LTR.GUAN049280.20160502.OTH","NEON.DOC.001710vE","Other",0,"N",NA,"zPBe+8pzAK0B2URIObnv4uYPPEuv017obsOPc+5Qw/c="
"ba2edc7e-5771-4bb2-bc96-a035283eed82","GUAN_049.basePlot.ltr","D04","GUAN","GUAN_049","GUAN_049_280","2016-05-15","2016-03-08","2016-05-02","2016-05-09T12:36Z","2016-05-13T19:30Z","NEON.LTR.GUAN049280.20160502","NEON.LTR.GUAN049280.20160502.SDS","NEON.DOC.001710vE","Seeds",0.25,"N",NA,"zPBe+8pzAK0B2URIObnv4uYPPEuv017obsOPc+5Qw/c="
"ffcb2eed-b3e6-46ee-8d92-1e7ea0682897","GUAN_053.basePlot.ltr","D04","GUAN","GUAN_053","GUAN_053_652","2016-05-15","2016-03-08","2016-05-02","2016-05-09T12:36Z","2016-05-13T19:30Z","NEON.LTR.GUAN053652.20160502","NEON.LTR.GUAN053652.20160502.SDS","NEON.DOC.001710vE","Seeds",0.33,"N",NA,"zPBe+8pzAK0B2URIObnv4uYPPEuv017obsOPc+5Qw/c="
"9fd0dd03-6e45-4cf8-9a00-c5ce2d524ec4","GUAN_049.basePlot.ltr","D04","GUAN","GUAN_049","GUAN_049_280","2016-05-15","2016-03-08","2016-05-02","2016-05-09T12:36Z","2016-05-13T19:30Z","NEON.LTR.GUAN049280.20160502","NEON.LTR.GUAN049280.20160502.NDL","NEON.DOC.001710vE","Needles",0,"N",NA,"zPBe+8pzAK0B2URIObnv4uYPPEuv017obsOPc+5Qw/c="
"4cb449df-f5cd-4290-87d5-93c8a61a3601","GUAN_053.basePlot.ltr","D04","GUAN","GUAN_053","GUAN_053_652","2016-05-15","2016-03-08","2016-05-02","2016-05-09T12:36Z","2016-05-13T19:30Z","NEON.LTR.GUAN053652.20160502","NEON.LTR.GUAN053652.20160502.LVS","NEON.DOC.001710vE","Leaves",13.4,"N",NA,"zPBe+8pzAK0B2URIObnv4uYPPEuv017obsOPc+5Qw/c="
"2bd3a1c8-0d21-49e7-8f28-6257e0e30154","GUAN_049.basePlot.ltr","D04","GUAN","GUAN_049","GUAN_049_280","2016-05-15","2016-03-08","2016-05-02","2016-05-09T12:36Z","2016-05-13T19:30Z","NEON.LTR.GUAN049280.20160502","NEON.LTR.GUAN049280.20160502.TWI","NEON.DOC.001710vE","Twigs/branches",0.33,"N",NA,"zPBe+8pzAK0B2URIObnv4uYPPEuv017obsOPc+5Qw/c="
"37f34548-78c3-47a8-bfb6-0874e2558c16","GUAN_049.basePlot.ltr","D04","GUAN","GUAN_049","GUAN_049_280","2016-05-15","2016-03-08","2016-05-02","2016-05-09T12:36Z","2016-05-13T19:30Z","NEON.LTR.GUAN049280.20160502","NEON.LTR.GUAN049280.20160502.WDY","NEON.DOC.001710vE","Woody material",0,"N",NA,"zPBe+8pzAK0B2URIObnv4uYPPEuv017obsOPc+5Qw/c="
"36bb92ef-1dd8-4c88-ad00-936138f7e82f","GUAN_053.basePlot.ltr","D04","GUAN","GUAN_053","GUAN_053_652","2016-05-15","2016-03-08","2016-05-02","2016-05-09T12:36Z","2016-05-13T19:30Z","NEON.LTR.GUAN053652.20160502","NEON.LTR.GUAN053652.20160502.WDY","NEON.DOC.001710vE","Woody material",0.03,"N",NA,"zPBe+8pzAK0B2URIObnv4uYPPEuv017obsOPc+5Qw/c="
"3d222c07-3391-4272-a773-baa2905c91f8","GUAN_053.basePlot.ltr","D04","GUAN","GUAN_053","GUAN_053_652","2016-05-15","2016-03-08","2016-05-02","2016-05-09T12:36Z","2016-05-13T19:30Z","NEON.LTR.GUAN053652.20160502","NEON.LTR.GUAN053652.20160502.FLR","NEON.DOC.001710vE","Flowers",0.52,"N",NA,"zPBe+8pzAK0B2URIObnv4uYPPEuv017obsOPc+5Qw/c="
"61b23287-cf18-4c76-85a1-48b3fe7f889b","GUAN_053.basePlot.ltr","D04","GUAN","GUAN_053","GUAN_053_652","2016-05-15","2016-03-08","2016-05-02","2016-05-09T12:36Z","2016-05-13T19:30Z","NEON.LTR.GUAN053652.20160502","NEON.LTR.GUAN053652.20160502.OTH","NEON.DOC.001710vE","Other",0.06,"N",NA,"zPBe+8pzAK0B2URIObnv4uYPPEuv017obsOPc+5Qw/c="
"b4289dad-6345-40b9-b507-b977e06ce62a","GUAN_060.basePlot.ltr","D04","GUAN","GUAN_060","GUAN_060_151","2016-05-15","2016-03-08","2016-05-02","2016-05-09T12:36Z","2016-05-13T19:30Z","NEON.LTR.GUAN060151.20160502","NEON.LTR.GUAN060151.20160502.SDS","NEON.DOC.001710vE","Seeds",0.18,"N",NA,"zPBe+8pzAK0B2URIObnv4uYPPEuv017obsOPc+5Qw/c="
"ed64f80c-9e4d-420f-a9a2-57bd304fa3b0","GUAN_053.basePlot.ltr","D04","GUAN","GUAN_053","GUAN_053_652","2016-05-15","2016-03-08","2016-05-02","2016-05-09T12:36Z","2016-05-13T19:30Z","NEON.LTR.GUAN053652.20160502","NEON.LTR.GUAN053652.20160502.NDL","NEON.DOC.001710vE","Needles",0,"N",NA,"zPBe+8pzAK0B2URIObnv4uYPPEuv017obsOPc+5Qw/c="
"e65e434b-6db0-40a1-97b8-53ea723b871f","GUAN_060.basePlot.ltr","D04","GUAN","GUAN_060","GUAN_060_151","2016-05-15","2016-03-08","2016-05-02","2016-05-09T12:36Z","2016-05-13T19:30Z","NEON.LTR.GUAN060151.20160502","NEON.LTR.GUAN060151.20160502.NDL","NEON.DOC.001710vE","Needles",0,"N",NA,"zPBe+8pzAK0B2URIObnv4uYPPEuv017obsOPc+5Qw/c="
"3b46afa9-b5f2-4eee-b66e-bc167fcd5a08","GUAN_053.basePlot.ltr","D04","GUAN","GUAN_053","GUAN_053_652","2016-05-15","2016-03-08","2016-05-02","2016-05-09T12:36Z","2016-05-13T19:30Z","NEON.LTR.GUAN053652.20160502","NEON.LTR.GUAN053652.20160502.TWI","NEON.DOC.001710vE","Twigs/branches",1.91,"N",NA,"zPBe+8pzAK0B2URIObnv4uYPPEuv017obsOPc+5Qw/c="
"b351c96b-4056-42ee-a914-ced2d3e07a98","GUAN_060.basePlot.ltr","D04","GUAN","GUAN_060","GUAN_060_151","2016-05-15","2016-03-08","2016-05-02","2016-05-09T12:36Z","2016-05-13T19:30Z","NEON.LTR.GUAN060151.20160502","NEON.LTR.GUAN060151.20160502.FLR","NEON.DOC.001710vE","Flowers",0.21,"N",NA,"zPBe+8pzAK0B2URIObnv4uYPPEuv017obsOPc+5Qw/c="
"8176e907-f7da-4856-bca5-adbcea715be5","GUAN_060.basePlot.ltr","D04","GUAN","GUAN_060","GUAN_060_151","2016-05-15","2016-03-08","2016-05-02","2016-05-09T12:36Z","2016-05-13T19:30Z","NEON.LTR.GUAN060151.20160502","NEON.LTR.GUAN060151.20160502.WDY","NEON.DOC.001710vE","Woody material",0.09,"N",NA,"zPBe+8pzAK0B2URIObnv4uYPPEuv017obsOPc+5Qw/c="
"bc92aa8c-87bc-4ec1-b354-58a1af736958","GUAN_060.basePlot.ltr","D04","GUAN","GUAN_060","GUAN_060_151","2016-05-15","2016-03-08","2016-05-02","2016-05-09T12:36Z","2016-05-13T19:30Z","NEON.LTR.GUAN060151.20160502","NEON.LTR.GUAN060151.20160502.LVS","NEON.DOC.001710vE","Leaves",28.88,"N",NA,"zPBe+8pzAK0B2URIObnv4uYPPEuv017obsOPc+5Qw/c="
"51c10f26-c16c-42ed-8bcc-142b04677cf0","GUAN_060.basePlot.ltr","D04","GUAN","GUAN_060","GUAN_060_151","2016-05-15","2016-03-08","2016-05-02","2016-05-09T12:36Z","2016-05-13T19:30Z","NEON.LTR.GUAN060151.20160502","NEON.LTR.GUAN060151.20160502.OTH","NEON.DOC.001710vE","Other",0,"N",NA,"zPBe+8pzAK0B2URIObnv4uYPPEuv017obsOPc+5Qw/c="
"cc66d5fb-6c10-4d5a-ae8a-989868344683","GUAN_046.basePlot.ltr","D04","GUAN","GUAN_046","GUAN_046_021","2016-05-15","2016-03-08","2016-05-02","2016-05-09T12:36Z","2016-05-13T19:30Z","NEON.LTR.GUAN046021.20160502","NEON.LTR.GUAN046021.20160502.NDL","NEON.DOC.001710vE","Needles",0,"N",NA,"zPBe+8pzAK0B2URIObnv4uYPPEuv017obsOPc+5Qw/c="
"b4cc1f73-c9e8-4ee9-acf0-832f9376855c","GUAN_060.basePlot.ltr","D04","GUAN","GUAN_060","GUAN_060_151","2016-05-15","2016-03-08","2016-05-02","2016-05-09T12:36Z","2016-05-13T19:30Z","NEON.LTR.GUAN060151.20160502","NEON.LTR.GUAN060151.20160502.TWI","NEON.DOC.001710vE","Twigs/branches",0.4,"Y",NA,"zPBe+8pzAK0B2URIObnv4uYPPEuv017obsOPc+5Qw/c="
"12f9f126-6319-472d-8b11-b4a32d5c7bae","GUAN_046.basePlot.ltr","D04","GUAN","GUAN_046","GUAN_046_021","2016-05-15","2016-03-08","2016-05-02","2016-05-09T12:36Z","2016-05-13T19:30Z","NEON.LTR.GUAN046021.20160502","NEON.LTR.GUAN046021.20160502.WDY","NEON.DOC.001710vE","Woody material",0.12,"N",NA,"zPBe+8pzAK0B2URIObnv4uYPPEuv017obsOPc+5Qw/c="
"59fc3564-ba8c-430d-9dc1-66958257e321","GUAN_046.basePlot.ltr","D04","GUAN","GUAN_046","GUAN_046_021","2016-05-15","2016-03-08","2016-05-02","2016-05-09T12:36Z","2016-05-13T19:30Z","NEON.LTR.GUAN046021.20160502","NEON.LTR.GUAN046021.20160502.LVS","NEON.DOC.001710vE","Leaves",16.73,"N",NA,"zPBe+8pzAK0B2URIObnv4uYPPEuv017obsOPc+5Qw/c="
"d9e375b9-1692-4895-ab69-97579a8d3ab4","GUAN_046.basePlot.ltr","D04","GUAN","GUAN_046","GUAN_046_021","2016-05-15","2016-03-08","2016-05-02","2016-05-09T12:36Z","2016-05-13T19:30Z","NEON.LTR.GUAN046021.20160502","NEON.LTR.GUAN046021.20160502.SDS","NEON.DOC.001710vE","Seeds",0.07,"N",NA,"zPBe+8pzAK0B2URIObnv4uYPPEuv017obsOPc+5Qw/c="
"763686e0-5f24-40c7-9b38-21ec06590e35","GUAN_051.basePlot.ltr","D04","GUAN","GUAN_051","GUAN_051_062","2016-03-13","2016-03-08","2016-05-02","2016-05-09T12:44Z","2016-05-13T19:30Z","NEON.LTR.GUAN051062.20160502","NEON.LTR.GUAN051062.20160502.LVS","NEON.DOC.001710vE","Leaves",31.37,"N",NA,"bLuA32XSwhQ1UEFOt6rO3xlOtBx7Ppbg"
"c5fd73c5-63f8-44e6-b88b-249ac8365ccc","GUAN_046.basePlot.ltr","D04","GUAN","GUAN_046","GUAN_046_021","2016-05-15","2016-03-08","2016-05-02","2016-05-09T12:36Z","2016-05-13T19:30Z","NEON.LTR.GUAN046021.20160502","NEON.LTR.GUAN046021.20160502.FLR","NEON.DOC.001710vE","Flowers",0,"N",NA,"zPBe+8pzAK0B2URIObnv4uYPPEuv017obsOPc+5Qw/c="
"2dccd933-80aa-4318-915a-8543561e1cbe","GUAN_046.basePlot.ltr","D04","GUAN","GUAN_046","GUAN_046_021","2016-05-15","2016-03-08","2016-05-02","2016-05-09T12:36Z","2016-05-13T19:30Z","NEON.LTR.GUAN046021.20160502","NEON.LTR.GUAN046021.20160502.OTH","NEON.DOC.001710vE","Other",0,"N",NA,"zPBe+8pzAK0B2URIObnv4uYPPEuv017obsOPc+5Qw/c="
"3b15432d-d7b3-4847-9da7-e4ccbf01cd65","GUAN_051.basePlot.ltr","D04","GUAN","GUAN_051","GUAN_051_062","2016-03-13","2016-03-08","2016-05-02","2016-05-09T12:44Z","2016-05-13T19:30Z","NEON.LTR.GUAN051062.20160502","NEON.LTR.GUAN051062.20160502.SDS","NEON.DOC.001710vE","Seeds",0.17,"N",NA,"bLuA32XSwhQ1UEFOt6rO3xlOtBx7Ppbg"
"6e57adf3-ba3a-419e-b3ed-3fb624756e6e","GUAN_046.basePlot.ltr","D04","GUAN","GUAN_046","GUAN_046_021","2016-05-15","2016-03-08","2016-05-02","2016-05-09T12:36Z","2016-05-13T19:30Z","NEON.LTR.GUAN046021.20160502","NEON.LTR.GUAN046021.20160502.TWI","NEON.DOC.001710vE","Twigs/branches",1.39,"N",NA,"zPBe+8pzAK0B2URIObnv4uYPPEuv017obsOPc+5Qw/c="
"9515a668-e08b-4263-a3c5-9f4485e257f7","GUAN_051.basePlot.ltr","D04","GUAN","GUAN_051","GUAN_051_062","2016-03-13","2016-03-08","2016-05-02","2016-05-09T12:44Z","2016-05-13T19:30Z","NEON.LTR.GUAN051062.20160502","NEON.LTR.GUAN051062.20160502.TWI","NEON.DOC.001710vE","Twigs/branches",6.02,"N",NA,"bLuA32XSwhQ1UEFOt6rO3xlOtBx7Ppbg"
"aa8f3448-4853-4eb4-aaaf-e7d34f0f6c6b","GUAN_051.basePlot.ltr","D04","GUAN","GUAN_051","GUAN_051_062","2016-03-13","2016-03-08","2016-05-02","2016-05-09T12:44Z","2016-05-13T19:30Z","NEON.LTR.GUAN051062.20160502","NEON.LTR.GUAN051062.20160502.FLR","NEON.DOC.001710vE","Flowers",0.08,"N",NA,"bLuA32XSwhQ1UEFOt6rO3xlOtBx7Ppbg"
"1ec92d76-d14b-4887-ac0a-ae3e6c23e0a6","GUAN_051.basePlot.ltr","D04","GUAN","GUAN_051","GUAN_051_062","2016-03-13","2016-03-08","2016-05-02","2016-05-09T12:44Z","2016-05-13T19:30Z","NEON.LTR.GUAN051062.20160502","NEON.LTR.GUAN051062.20160502.OTH","NEON.DOC.001710vE","Other",0.56,"N",NA,"bLuA32XSwhQ1UEFOt6rO3xlOtBx7Ppbg"
"d08e0056-4d92-4f53-9e60-869bda2fe3de","GUAN_055.basePlot.ltr","D04","GUAN","GUAN_055","GUAN_055_896","2016-03-13","2016-03-08","2016-05-02","2016-05-09T12:44Z","2016-05-13T19:30Z","NEON.LTR.GUAN055896.20160502","NEON.LTR.GUAN055896.20160502.SDS","NEON.DOC.001710vE","Seeds",0.05,"N",NA,"bLuA32XSwhQ1UEFOt6rO3xlOtBx7Ppbg"
"41753e06-c1e1-4ca1-ab19-fe8e29690189","GUAN_051.basePlot.ltr","D04","GUAN","GUAN_051","GUAN_051_062","2016-03-13","2016-03-08","2016-05-02","2016-05-09T12:44Z","2016-05-13T19:30Z","NEON.LTR.GUAN051062.20160502","NEON.LTR.GUAN051062.20160502.NDL","NEON.DOC.001710vE","Needles",0,"N",NA,"bLuA32XSwhQ1UEFOt6rO3xlOtBx7Ppbg"
"24eb9c07-354b-452b-b234-9b10e23f0229","GUAN_051.basePlot.ltr","D04","GUAN","GUAN_051","GUAN_051_062","2016-03-13","2016-03-08","2016-05-02","2016-05-09T12:44Z","2016-05-13T19:30Z","NEON.LTR.GUAN051062.20160502","NEON.LTR.GUAN051062.20160502.WDY","NEON.DOC.001710vE","Woody material",0.04,"N",NA,"bLuA32XSwhQ1UEFOt6rO3xlOtBx7Ppbg"
"2b466b7a-f9ff-4cbf-bdc5-9941bae3bc84","GUAN_055.basePlot.ltr","D04","GUAN","GUAN_055","GUAN_055_896","2016-03-13","2016-03-08","2016-05-02","2016-05-09T12:44Z","2016-05-13T19:30Z","NEON.LTR.GUAN055896.20160502","NEON.LTR.GUAN055896.20160502.FLR","NEON.DOC.001710vE","Flowers",0,"N",NA,"bLuA32XSwhQ1UEFOt6rO3xlOtBx7Ppbg"
"2244cff9-9bf8-409a-885d-fee2195f7787","GUAN_055.basePlot.ltr","D04","GUAN","GUAN_055","GUAN_055_896","2016-03-13","2016-03-08","2016-05-02","2016-05-09T12:44Z","2016-05-13T19:30Z","NEON.LTR.GUAN055896.20160502","NEON.LTR.GUAN055896.20160502.LVS","NEON.DOC.001710vE","Leaves",26.8,"N",NA,"bLuA32XSwhQ1UEFOt6rO3xlOtBx7Ppbg"
"c5ee4b38-9f37-460a-8627-d524f96613db","GUAN_043.basePlot.ltr","D04","GUAN","GUAN_043","GUAN_043_791","2016-03-13","2016-03-08","2016-05-02","2016-05-09T12:44Z","2016-05-13T19:30Z","NEON.LTR.GUAN043791.20160502","NEON.LTR.GUAN043791.20160502.LVS","NEON.DOC.001710vE","Leaves",26.85,"Y",NA,"bLuA32XSwhQ1UEFOt6rO3xlOtBx7Ppbg"
"65f70161-1f9f-4ea2-b9fe-a06c6618e067","GUAN_055.basePlot.ltr","D04","GUAN","GUAN_055","GUAN_055_896","2016-03-13","2016-03-08","2016-05-02","2016-05-09T12:44Z","2016-05-13T19:30Z","NEON.LTR.GUAN055896.20160502","NEON.LTR.GUAN055896.20160502.OTH","NEON.DOC.001710vE","Other",0.24,"N",NA,"bLuA32XSwhQ1UEFOt6rO3xlOtBx7Ppbg"
"feda2efa-1a41-466b-9685-b5250c7a3a9b","GUAN_055.basePlot.ltr","D04","GUAN","GUAN_055","GUAN_055_896","2016-03-13","2016-03-08","2016-05-02","2016-05-09T12:44Z","2016-05-13T19:30Z","NEON.LTR.GUAN055896.20160502","NEON.LTR.GUAN055896.20160502.NDL","NEON.DOC.001710vE","Needles",0,"N",NA,"bLuA32XSwhQ1UEFOt6rO3xlOtBx7Ppbg"
"bea75714-3f2c-4620-b0cc-4c5725f64566","GUAN_043.basePlot.ltr","D04","GUAN","GUAN_043","GUAN_043_791","2016-03-13","2016-03-08","2016-05-02","2016-05-09T12:44Z","2016-05-13T19:30Z","NEON.LTR.GUAN043791.20160502","NEON.LTR.GUAN043791.20160502.NDL","NEON.DOC.001710vE","Needles",0,"N",NA,"bLuA32XSwhQ1UEFOt6rO3xlOtBx7Ppbg"
"f2dfd90e-c8bb-4a12-a691-a60b496a661e","GUAN_055.basePlot.ltr","D04","GUAN","GUAN_055","GUAN_055_896","2016-03-13","2016-03-08","2016-05-02","2016-05-09T12:44Z","2016-05-13T19:30Z","NEON.LTR.GUAN055896.20160502","NEON.LTR.GUAN055896.20160502.WDY","NEON.DOC.001710vE","Woody material",0.08,"N",NA,"bLuA32XSwhQ1UEFOt6rO3xlOtBx7Ppbg"
"2045dc49-ba7c-4235-b3c4-0a5d32354d89","GUAN_055.basePlot.ltr","D04","GUAN","GUAN_055","GUAN_055_896","2016-03-13","2016-03-08","2016-05-02","2016-05-09T12:44Z","2016-05-13T19:30Z","NEON.LTR.GUAN055896.20160502","NEON.LTR.GUAN055896.20160502.TWI","NEON.DOC.001710vE","Twigs/branches",1.15,"N",NA,"bLuA32XSwhQ1UEFOt6rO3xlOtBx7Ppbg"
"676c180a-28c0-454b-bc8f-df71a08fd965","GUAN_043.basePlot.ltr","D04","GUAN","GUAN_043","GUAN_043_791","2016-03-13","2016-03-08","2016-05-02","2016-05-09T12:44Z","2016-05-13T19:30Z","NEON.LTR.GUAN043791.20160502","NEON.LTR.GUAN043791.20160502.FLR","NEON.DOC.001710vE","Flowers",0.63,"N",NA,"bLuA32XSwhQ1UEFOt6rO3xlOtBx7Ppbg"
"88dcf24a-85f7-431d-8a57-154fd60e9680","GUAN_049.basePlot.ltr","D04","GUAN","GUAN_049","GUAN_049_280","2016-05-15","2016-03-08","2016-05-02","2016-05-09T12:36Z","2016-05-13T19:30Z","NEON.LTR.GUAN049280.20160502","NEON.LTR.GUAN049280.20160502.FLR","NEON.DOC.001710vE","Flowers",0.06,"N",NA,"zPBe+8pzAK0B2URIObnv4uYPPEuv017obsOPc+5Qw/c="
"efbf4251-efbe-4abd-8f5c-bc0890b20df3","GUAN_061.basePlot.ltr","D04","GUAN","GUAN_061","GUAN_061_694","2016-05-13","2016-03-08","2016-05-02","2016-05-09T12:26Z","2016-05-13T19:30Z","NEON.LTR.GUAN061694.20160502","NEON.LTR.GUAN061694.20160502.WDY","NEON.DOC.001710vE","Woody material",0.03,"N",NA,"zPBe+8pzAK0B2URIObnv4uYPPEuv017obsOPc+5Qw/c="
"30b1daf8-4e8f-4354-b069-f06e0abd0ea3","GUAN_061.basePlot.ltr","D04","GUAN","GUAN_061","GUAN_061_694","2016-05-13","2016-03-08","2016-05-02","2016-05-09T12:26Z","2016-05-13T19:30Z","NEON.LTR.GUAN061694.20160502","NEON.LTR.GUAN061694.20160502.NDL","NEON.DOC.001710vE","Needles",0,"N",NA,"zPBe+8pzAK0B2URIObnv4uYPPEuv017obsOPc+5Qw/c="
"0fd1fdc1-9cac-4b6c-8ee8-1a85ebe73ee2","GUAN_061.basePlot.ltr","D04","GUAN","GUAN_061","GUAN_061_694","2016-05-13","2016-03-08","2016-05-02","2016-05-09T12:26Z","2016-05-13T19:30Z","NEON.LTR.GUAN061694.20160502","NEON.LTR.GUAN061694.20160502.OTH","NEON.DOC.001710vE","Other",0,"N",NA,"zPBe+8pzAK0B2URIObnv4uYPPEuv017obsOPc+5Qw/c="
"9f1c53a2-962a-472d-8310-7d36cbc62937","GUAN_061.basePlot.ltr","D04","GUAN","GUAN_061","GUAN_061_694","2016-05-13","2016-03-08","2016-05-02","2016-05-09T12:26Z","2016-05-13T19:30Z","NEON.LTR.GUAN061694.20160502","NEON.LTR.GUAN061694.20160502.LVS","NEON.DOC.001710vE","Leaves",17.53,"N",NA,"zPBe+8pzAK0B2URIObnv4uYPPEuv017obsOPc+5Qw/c="
"af5a321e-4020-4589-83de-ffa19125904d","GUAN_061.basePlot.ltr","D04","GUAN","GUAN_061","GUAN_061_694","2016-05-13","2016-03-08","2016-05-02","2016-05-09T12:26Z","2016-05-13T19:30Z","NEON.LTR.GUAN061694.20160502","NEON.LTR.GUAN061694.20160502.TWI","NEON.DOC.001710vE","Twigs/branches",0.41,"N",NA,"zPBe+8pzAK0B2URIObnv4uYPPEuv017obsOPc+5Qw/c="
"85845d43-212d-468a-837b-5bb6cc3cac53","GUAN_054.basePlot.ltr","D04","GUAN","GUAN_054","GUAN_054_880","2016-05-13","2016-03-08","2016-05-02","2016-05-09T12:36Z","2016-05-13T19:30Z","NEON.LTR.GUAN054880.20160502","NEON.LTR.GUAN054880.20160502.TWI","NEON.DOC.001710vE","Twigs/branches",2.09,"Y",NA,"zPBe+8pzAK0B2URIObnv4uYPPEuv017obsOPc+5Qw/c="
"d98c4683-3c3c-4946-8e80-025c31b1a21a","GUAN_054.basePlot.ltr","D04","GUAN","GUAN_054","GUAN_054_880","2016-05-13","2016-03-08","2016-05-02","2016-05-09T12:36Z","2016-05-13T19:30Z","NEON.LTR.GUAN054880.20160502","NEON.LTR.GUAN054880.20160502.WDY","NEON.DOC.001710vE","Woody material",1.33,"N",NA,"zPBe+8pzAK0B2URIObnv4uYPPEuv017obsOPc+5Qw/c="
"3c966e56-c8bf-4135-b3ac-43fb4a1aa54e","GUAN_054.basePlot.ltr","D04","GUAN","GUAN_054","GUAN_054_880","2016-05-13","2016-03-08","2016-05-02","2016-05-09T12:36Z","2016-05-13T19:30Z","NEON.LTR.GUAN054880.20160502","NEON.LTR.GUAN054880.20160502.SDS","NEON.DOC.001710vE","Seeds",0.05,"N",NA,"zPBe+8pzAK0B2URIObnv4uYPPEuv017obsOPc+5Qw/c="
"a646841b-0f23-4463-81a5-565240af6072","GUAN_054.basePlot.ltr","D04","GUAN","GUAN_054","GUAN_054_880","2016-05-13","2016-03-08","2016-05-02","2016-05-09T12:36Z","2016-05-13T19:30Z","NEON.LTR.GUAN054880.20160502","NEON.LTR.GUAN054880.20160502.FLR","NEON.DOC.001710vE","Flowers",0,"N",NA,"zPBe+8pzAK0B2URIObnv4uYPPEuv017obsOPc+5Qw/c="
"111ccd23-6636-4624-970f-57145b419a7d","GUAN_055.basePlot.ltr","D04","GUAN","GUAN_055","GUAN_055_363","2016-05-13","2016-03-08","2016-05-02","2016-05-09T12:54Z","2016-05-13T07:30Z","NEON.LTR.GUAN055363.20160502","NEON.LTR.GUAN055363.20160502.LVS","NEON.DOC.001710vE","Leaves",24.29,"N",NA,"zPBe+8pzAK0B2URIObnv4uYPPEuv017obsOPc+5Qw/c="
"beff24c3-04c4-45ed-b0f7-7d10a27c2a1d","GUAN_054.basePlot.ltr","D04","GUAN","GUAN_054","GUAN_054_880","2016-05-13","2016-03-08","2016-05-02","2016-05-09T12:36Z","2016-05-13T19:30Z","NEON.LTR.GUAN054880.20160502","NEON.LTR.GUAN054880.20160502.NDL","NEON.DOC.001710vE","Needles",0,"N",NA,"zPBe+8pzAK0B2URIObnv4uYPPEuv017obsOPc+5Qw/c="
"4d253883-d105-4e37-b7ef-55c6f86c7322","GUAN_055.basePlot.ltr","D04","GUAN","GUAN_055","GUAN_055_363","2016-05-13","2016-03-08","2016-05-02","2016-05-09T12:54Z","2016-05-13T07:30Z","NEON.LTR.GUAN055363.20160502","NEON.LTR.GUAN055363.20160502.WDY","NEON.DOC.001710vE","Woody material",0.41,"N",NA,"zPBe+8pzAK0B2URIObnv4uYPPEuv017obsOPc+5Qw/c="
"03e63cac-ebd9-47ff-b951-714bb8e3da1e","GUAN_055.basePlot.ltr","D04","GUAN","GUAN_055","GUAN_055_363","2016-05-13","2016-03-08","2016-05-02","2016-05-09T12:54Z","2016-05-13T07:30Z","NEON.LTR.GUAN055363.20160502","NEON.LTR.GUAN055363.20160502.NDL","NEON.DOC.001710vE","Needles",0,"N",NA,"zPBe+8pzAK0B2URIObnv4uYPPEuv017obsOPc+5Qw/c="
"fb6cda30-4d03-4451-8526-ba95a3a9e7aa","GUAN_054.basePlot.ltr","D04","GUAN","GUAN_054","GUAN_054_880","2016-05-13","2016-03-08","2016-05-02","2016-05-09T12:36Z","2016-05-13T19:30Z","NEON.LTR.GUAN054880.20160502","NEON.LTR.GUAN054880.20160502.OTH","NEON.DOC.001710vE","Other",0.21,"N",NA,"zPBe+8pzAK0B2URIObnv4uYPPEuv017obsOPc+5Qw/c="
"7f8c2621-5bc9-4440-9b75-11ec9acb975f","GUAN_055.basePlot.ltr","D04","GUAN","GUAN_055","GUAN_055_363","2016-05-13","2016-03-08","2016-05-02","2016-05-09T12:54Z","2016-05-13T07:30Z","NEON.LTR.GUAN055363.20160502","NEON.LTR.GUAN055363.20160502.SDS","NEON.DOC.001710vE","Seeds",0,"N",NA,"zPBe+8pzAK0B2URIObnv4uYPPEuv017obsOPc+5Qw/c="
"53f0b857-f6be-40f7-b591-830087fee4bd","GUAN_055.basePlot.ltr","D04","GUAN","GUAN_055","GUAN_055_363","2016-05-13","2016-03-08","2016-05-02","2016-05-09T12:54Z","2016-05-13T07:30Z","NEON.LTR.GUAN055363.20160502","NEON.LTR.GUAN055363.20160502.TWI","NEON.DOC.001710vE","Twigs/branches",6.03,"N",NA,"zPBe+8pzAK0B2URIObnv4uYPPEuv017obsOPc+5Qw/c="
"2abfddef-5068-4687-a785-4e3b53e770cc","GUAN_044.basePlot.ltr","D04","GUAN","GUAN_044","GUAN_044_646","2016-05-13","2016-03-08","2016-05-02","2016-05-09T12:36Z","2016-05-13T07:30Z","NEON.LTR.GUAN044646.20160502","NEON.LTR.GUAN044646.20160502.FLR","NEON.DOC.001710vE","Flowers",0.09,"N",NA,"zPBe+8pzAK0B2URIObnv4uYPPEuv017obsOPc+5Qw/c="
"7cc7d533-d65d-4a06-ac80-38d6f7053434","GUAN_044.basePlot.ltr","D04","GUAN","GUAN_044","GUAN_044_646","2016-05-13","2016-03-08","2016-05-02","2016-05-09T12:36Z","2016-05-13T07:30Z","NEON.LTR.GUAN044646.20160502","NEON.LTR.GUAN044646.20160502.SDS","NEON.DOC.001710vE","Seeds",0.01,"N",NA,"zPBe+8pzAK0B2URIObnv4uYPPEuv017obsOPc+5Qw/c="
"95ccdb39-ab9b-4500-b41b-6de2f8b3f003","GUAN_055.basePlot.ltr","D04","GUAN","GUAN_055","GUAN_055_363","2016-05-13","2016-03-08","2016-05-02","2016-05-09T12:54Z","2016-05-13T07:30Z","NEON.LTR.GUAN055363.20160502","NEON.LTR.GUAN055363.20160502.FLR","NEON.DOC.001710vE","Flowers",0,"N",NA,"zPBe+8pzAK0B2URIObnv4uYPPEuv017obsOPc+5Qw/c="
"d34ac7a3-ab35-437c-a6ce-93cac233be81","GUAN_044.basePlot.ltr","D04","GUAN","GUAN_044","GUAN_044_646","2016-05-13","2016-03-08","2016-05-02","2016-05-09T12:36Z","2016-05-13T07:30Z","NEON.LTR.GUAN044646.20160502","NEON.LTR.GUAN044646.20160502.TWI","NEON.DOC.001710vE","Twigs/branches",6.91,"N",NA,"zPBe+8pzAK0B2URIObnv4uYPPEuv017obsOPc+5Qw/c="
"43f506d0-9748-488d-8706-f07f9644a653","GUAN_044.basePlot.ltr","D04","GUAN","GUAN_044","GUAN_044_646","2016-05-13","2016-03-08","2016-05-02","2016-05-09T12:36Z","2016-05-13T07:30Z","NEON.LTR.GUAN044646.20160502","NEON.LTR.GUAN044646.20160502.WDY","NEON.DOC.001710vE","Woody material",0.23,"N",NA,"zPBe+8pzAK0B2URIObnv4uYPPEuv017obsOPc+5Qw/c="
"0ce34b7e-5a4e-4a3a-bec9-8ba4eebe4a34","GUAN_055.basePlot.ltr","D04","GUAN","GUAN_055","GUAN_055_363","2016-05-13","2016-03-08","2016-05-02","2016-05-09T12:54Z","2016-05-13T07:30Z","NEON.LTR.GUAN055363.20160502","NEON.LTR.GUAN055363.20160502.OTH","NEON.DOC.001710vE","Other",0,"N",NA,"zPBe+8pzAK0B2URIObnv4uYPPEuv017obsOPc+5Qw/c="
"7ec12d00-1fc5-4c43-9c00-6c889fce1d7b","GUAN_044.basePlot.ltr","D04","GUAN","GUAN_044","GUAN_044_646","2016-05-13","2016-03-08","2016-05-02","2016-05-09T12:36Z","2016-05-13T07:30Z","NEON.LTR.GUAN044646.20160502","NEON.LTR.GUAN044646.20160502.OTH","NEON.DOC.001710vE","Other",0,"N",NA,"zPBe+8pzAK0B2URIObnv4uYPPEuv017obsOPc+5Qw/c="
"4b91f401-5cd7-40ab-a42f-6f23b65d2c08","GUAN_044.basePlot.ltr","D04","GUAN","GUAN_044","GUAN_044_646","2016-05-13","2016-03-08","2016-05-02","2016-05-09T12:36Z","2016-05-13T07:30Z","NEON.LTR.GUAN044646.20160502","NEON.LTR.GUAN044646.20160502.LVS","NEON.DOC.001710vE","Leaves",13.1,"N",NA,"zPBe+8pzAK0B2URIObnv4uYPPEuv017obsOPc+5Qw/c="
"8a4883f2-4e6b-4abe-b4bd-744f6be73ea9","GUAN_053.basePlot.ltr","D04","GUAN","GUAN_053","GUAN_053_405","2016-05-13","2016-03-08","2016-05-02","2016-05-09T13:34Z","2016-05-13T21:00Z","NEON.LTR.GUAN053405.20160502","NEON.LTR.GUAN053405.20160502.FLR","NEON.DOC.001710vE","Flowers",0.05,"N",NA,"zPBe+8pzAK0B2URIObnv4uYPPEuv017obsOPc+5Qw/c="
"c8636bb4-84c5-46db-ba01-e3e6fa2c0f3f","GUAN_053.basePlot.ltr","D04","GUAN","GUAN_053","GUAN_053_405","2016-05-13","2016-03-08","2016-05-02","2016-05-09T13:34Z","2016-05-13T21:00Z","NEON.LTR.GUAN053405.20160502","NEON.LTR.GUAN053405.20160502.LVS","NEON.DOC.001710vE","Leaves",9.92,"N",NA,"zPBe+8pzAK0B2URIObnv4uYPPEuv017obsOPc+5Qw/c="
"ab387956-4da9-4691-9fef-aba8252c4806","GUAN_044.basePlot.ltr","D04","GUAN","GUAN_044","GUAN_044_646","2016-05-13","2016-03-08","2016-05-02","2016-05-09T12:36Z","2016-05-13T07:30Z","NEON.LTR.GUAN044646.20160502","NEON.LTR.GUAN044646.20160502.NDL","NEON.DOC.001710vE","Needles",0,"N",NA,"zPBe+8pzAK0B2URIObnv4uYPPEuv017obsOPc+5Qw/c="
"7ff5fe25-387d-45f2-aecf-8df101309140","GUAN_053.basePlot.ltr","D04","GUAN","GUAN_053","GUAN_053_405","2016-05-13","2016-03-08","2016-05-02","2016-05-09T13:34Z","2016-05-13T21:00Z","NEON.LTR.GUAN053405.20160502","NEON.LTR.GUAN053405.20160502.NDL","NEON.DOC.001710vE","Needles",0,"N",NA,"zPBe+8pzAK0B2URIObnv4uYPPEuv017obsOPc+5Qw/c="
"1755db4f-f122-4def-86d0-94e8cd817231","GUAN_053.basePlot.ltr","D04","GUAN","GUAN_053","GUAN_053_405","2016-05-13","2016-03-08","2016-05-02","2016-05-09T13:34Z","2016-05-13T21:00Z","NEON.LTR.GUAN053405.20160502","NEON.LTR.GUAN053405.20160502.WDY","NEON.DOC.001710vE","Woody material",0,"N",NA,"zPBe+8pzAK0B2URIObnv4uYPPEuv017obsOPc+5Qw/c="
"06f4aa60-6077-45d3-92d1-23cbd53fe522","GUAN_053.basePlot.ltr","D04","GUAN","GUAN_053","GUAN_053_405","2016-05-13","2016-03-08","2016-05-02","2016-05-09T13:34Z","2016-05-13T21:00Z","NEON.LTR.GUAN053405.20160502","NEON.LTR.GUAN053405.20160502.OTH","NEON.DOC.001710vE","Other",0.05,"N",NA,"zPBe+8pzAK0B2URIObnv4uYPPEuv017obsOPc+5Qw/c="
"c066abdf-2bef-485b-b863-12dba53f9666","GUAN_060.basePlot.ltr","D04","GUAN","GUAN_060","GUAN_060_673","2016-05-13","2016-03-08","2016-05-02","2016-05-09T12:54Z","2016-05-13T19:30Z","NEON.LTR.GUAN060673.20160502","NEON.LTR.GUAN060673.20160502.OTH","NEON.DOC.001710vE","Other",5.25,"N",NA,"zPBe+8pzAK0B2URIObnv4uYPPEuv017obsOPc+5Qw/c="
"6293cf5e-3718-406c-9443-03557ee2728e","GUAN_053.basePlot.ltr","D04","GUAN","GUAN_053","GUAN_053_405","2016-05-13","2016-03-08","2016-05-02","2016-05-09T13:34Z","2016-05-13T21:00Z","NEON.LTR.GUAN053405.20160502","NEON.LTR.GUAN053405.20160502.TWI","NEON.DOC.001710vE","Twigs/branches",0.4,"Y",NA,"zPBe+8pzAK0B2URIObnv4uYPPEuv017obsOPc+5Qw/c="
"e1997c71-1fbf-4ffe-8275-b1513227aa56","GUAN_060.basePlot.ltr","D04","GUAN","GUAN_060","GUAN_060_673","2016-05-13","2016-03-08","2016-05-02","2016-05-09T12:54Z","2016-05-13T19:30Z","NEON.LTR.GUAN060673.20160502","NEON.LTR.GUAN060673.20160502.LVS","NEON.DOC.001710vE","Leaves",34.12,"N",NA,"zPBe+8pzAK0B2URIObnv4uYPPEuv017obsOPc+5Qw/c="
"9b4a5e5f-6af5-4128-8496-1a17e457c419","GUAN_060.basePlot.ltr","D04","GUAN","GUAN_060","GUAN_060_673","2016-05-13","2016-03-08","2016-05-02","2016-05-09T12:54Z","2016-05-13T19:30Z","NEON.LTR.GUAN060673.20160502","NEON.LTR.GUAN060673.20160502.TWI","NEON.DOC.001710vE","Twigs/branches",2.06,"N",NA,"zPBe+8pzAK0B2URIObnv4uYPPEuv017obsOPc+5Qw/c="
"27199a79-bc24-49be-a3e6-9dd49feedff5","GUAN_053.basePlot.ltr","D04","GUAN","GUAN_053","GUAN_053_405","2016-05-13","2016-03-08","2016-05-02","2016-05-09T13:34Z","2016-05-13T21:00Z","NEON.LTR.GUAN053405.20160502","NEON.LTR.GUAN053405.20160502.SDS","NEON.DOC.001710vE","Seeds",0,"N",NA,"zPBe+8pzAK0B2URIObnv4uYPPEuv017obsOPc+5Qw/c="
"e1046145-2eff-4e08-9467-03dd1bb54855","GUAN_060.basePlot.ltr","D04","GUAN","GUAN_060","GUAN_060_673","2016-05-13","2016-03-08","2016-05-02","2016-05-09T12:54Z","2016-05-13T19:30Z","NEON.LTR.GUAN060673.20160502","NEON.LTR.GUAN060673.20160502.NDL","NEON.DOC.001710vE","Needles",0,"N",NA,"zPBe+8pzAK0B2URIObnv4uYPPEuv017obsOPc+5Qw/c="
"a681d692-e20b-44c1-b287-307b1e2f14fd","GUAN_060.basePlot.ltr","D04","GUAN","GUAN_060","GUAN_060_673","2016-05-13","2016-03-08","2016-05-02","2016-05-09T12:54Z","2016-05-13T19:30Z","NEON.LTR.GUAN060673.20160502","NEON.LTR.GUAN060673.20160502.SDS","NEON.DOC.001710vE","Seeds",0,"N",NA,"zPBe+8pzAK0B2URIObnv4uYPPEuv017obsOPc+5Qw/c="
"5262cb79-b6f1-4350-bca6-d16e9f366cbb","GUAN_060.basePlot.ltr","D04","GUAN","GUAN_060","GUAN_060_673","2016-05-13","2016-03-08","2016-05-02","2016-05-09T12:54Z","2016-05-13T19:30Z","NEON.LTR.GUAN060673.20160502","NEON.LTR.GUAN060673.20160502.FLR","NEON.DOC.001710vE","Flowers",0.05,"N",NA,"zPBe+8pzAK0B2URIObnv4uYPPEuv017obsOPc+5Qw/c="
"a4147c41-9821-417b-8d64-4f965ab94af3","GUAN_045.basePlot.ltr","D04","GUAN","GUAN_045","GUAN_045_132","2016-05-13","2016-03-08","2016-05-02","2016-05-09T12:54Z","2016-05-13T19:30Z","NEON.LTR.GUAN045132.20160502","NEON.LTR.GUAN045132.20160502.FLR","NEON.DOC.001710vE","Flowers",0.05,"N",NA,"zPBe+8pzAK0B2URIObnv4uYPPEuv017obsOPc+5Qw/c="
"d6ed4579-3d8c-4724-a66b-7800f6192435","GUAN_060.basePlot.ltr","D04","GUAN","GUAN_060","GUAN_060_673","2016-05-13","2016-03-08","2016-05-02","2016-05-09T12:54Z","2016-05-13T19:30Z","NEON.LTR.GUAN060673.20160502","NEON.LTR.GUAN060673.20160502.WDY","NEON.DOC.001710vE","Woody material",0.08,"N",NA,"zPBe+8pzAK0B2URIObnv4uYPPEuv017obsOPc+5Qw/c="
"975e8c8e-1cdf-4e67-bb63-e3f7cfddd6f2","GUAN_045.basePlot.ltr","D04","GUAN","GUAN_045","GUAN_045_132","2016-05-13","2016-03-08","2016-05-02","2016-05-09T12:54Z","2016-05-13T19:30Z","NEON.LTR.GUAN045132.20160502","NEON.LTR.GUAN045132.20160502.LVS","NEON.DOC.001710vE","Leaves",23.84,"N",NA,"zPBe+8pzAK0B2URIObnv4uYPPEuv017obsOPc+5Qw/c="
"a7288813-7103-4642-aee0-f8f070c635c7","GUAN_045.basePlot.ltr","D04","GUAN","GUAN_045","GUAN_045_132","2016-05-13","2016-03-08","2016-05-02","2016-05-09T12:54Z","2016-05-13T19:30Z","NEON.LTR.GUAN045132.20160502","NEON.LTR.GUAN045132.20160502.TWI","NEON.DOC.001710vE","Twigs/branches",3.99,"Y",NA,"zPBe+8pzAK0B2URIObnv4uYPPEuv017obsOPc+5Qw/c="
"3b2dfae0-cbc5-4e51-a7b2-b36da15897b3","GUAN_045.basePlot.ltr","D04","GUAN","GUAN_045","GUAN_045_132","2016-05-13","2016-03-08","2016-05-02","2016-05-09T12:54Z","2016-05-13T19:30Z","NEON.LTR.GUAN045132.20160502","NEON.LTR.GUAN045132.20160502.OTH","NEON.DOC.001710vE","Other",2.28,"N",NA,"zPBe+8pzAK0B2URIObnv4uYPPEuv017obsOPc+5Qw/c="
"9aafbf1f-4403-414b-a87c-39e1b13a7ec0","GUAN_045.basePlot.ltr","D04","GUAN","GUAN_045","GUAN_045_132","2016-05-13","2016-03-08","2016-05-02","2016-05-09T12:54Z","2016-05-13T19:30Z","NEON.LTR.GUAN045132.20160502","NEON.LTR.GUAN045132.20160502.NDL","NEON.DOC.001710vE","Needles",0,"N",NA,"zPBe+8pzAK0B2URIObnv4uYPPEuv017obsOPc+5Qw/c="
"368dfc6b-e28f-4ab3-8b2b-f726b2ac2086","GUAN_056.basePlot.ltr","D04","GUAN","GUAN_056","GUAN_056_693","2016-05-13","2016-03-08","2016-05-02","2016-05-09T12:54Z","2016-05-13T19:30Z","NEON.LTR.GUAN056693.20160502","NEON.LTR.GUAN056693.20160502.FLR","NEON.DOC.001710vE","Flowers",0.05,"N",NA,"zPBe+8pzAK0B2URIObnv4uYPPEuv017obsOPc+5Qw/c="
"060427c5-c9e2-4547-9b50-607cbb3393c5","GUAN_045.basePlot.ltr","D04","GUAN","GUAN_045","GUAN_045_132","2016-05-13","2016-03-08","2016-05-02","2016-05-09T12:54Z","2016-05-13T19:30Z","NEON.LTR.GUAN045132.20160502","NEON.LTR.GUAN045132.20160502.SDS","NEON.DOC.001710vE","Seeds",0.29,"N",NA,"zPBe+8pzAK0B2URIObnv4uYPPEuv017obsOPc+5Qw/c="
"1b0027a9-9c0e-4835-8998-c1d3085771e2","GUAN_056.basePlot.ltr","D04","GUAN","GUAN_056","GUAN_056_693","2016-05-13","2016-03-08","2016-05-02","2016-05-09T12:54Z","2016-05-13T19:30Z","NEON.LTR.GUAN056693.20160502","NEON.LTR.GUAN056693.20160502.SDS","NEON.DOC.001710vE","Seeds",13.8,"N",NA,"zPBe+8pzAK0B2URIObnv4uYPPEuv017obsOPc+5Qw/c="
"f049dda7-762e-4aea-834c-505cf86bdbd1","GUAN_045.basePlot.ltr","D04","GUAN","GUAN_045","GUAN_045_132","2016-05-13","2016-03-08","2016-05-02","2016-05-09T12:54Z","2016-05-13T19:30Z","NEON.LTR.GUAN045132.20160502","NEON.LTR.GUAN045132.20160502.WDY","NEON.DOC.001710vE","Woody material",0.05,"N",NA,"zPBe+8pzAK0B2URIObnv4uYPPEuv017obsOPc+5Qw/c="
"f8443de8-ab6b-4724-931f-d4b7f82a2924","GUAN_056.basePlot.ltr","D04","GUAN","GUAN_056","GUAN_056_693","2016-05-13","2016-03-08","2016-05-02","2016-05-09T12:54Z","2016-05-13T19:30Z","NEON.LTR.GUAN056693.20160502","NEON.LTR.GUAN056693.20160502.NDL","NEON.DOC.001710vE","Needles",0,"N",NA,"zPBe+8pzAK0B2URIObnv4uYPPEuv017obsOPc+5Qw/c="
"c64abeff-ab28-4e7a-b9c7-b754bff8ec58","GUAN_056.basePlot.ltr","D04","GUAN","GUAN_056","GUAN_056_693","2016-05-13","2016-03-08","2016-05-02","2016-05-09T12:54Z","2016-05-13T19:30Z","NEON.LTR.GUAN056693.20160502","NEON.LTR.GUAN056693.20160502.WDY","NEON.DOC.001710vE","Woody material",0,"N",NA,"zPBe+8pzAK0B2URIObnv4uYPPEuv017obsOPc+5Qw/c="
"3b33b28a-bf9a-46a1-8b64-b57c24d75264","GUAN_056.basePlot.ltr","D04","GUAN","GUAN_056","GUAN_056_693","2016-05-13","2016-03-08","2016-05-02","2016-05-09T12:54Z","2016-05-13T19:30Z","NEON.LTR.GUAN056693.20160502","NEON.LTR.GUAN056693.20160502.LVS","NEON.DOC.001710vE","Leaves",37.77,"N",NA,"zPBe+8pzAK0B2URIObnv4uYPPEuv017obsOPc+5Qw/c="
"14e34d2e-c58b-4690-b0e0-183a0a1da147","GUAN_061.basePlot.ltr","D04","GUAN","GUAN_061","GUAN_061_694","2016-05-13","2016-03-08","2016-05-02","2016-05-09T12:26Z","2016-05-13T19:30Z","NEON.LTR.GUAN061694.20160502","NEON.LTR.GUAN061694.20160502.SDS","NEON.DOC.001710vE","Seeds",0.11,"N",NA,"zPBe+8pzAK0B2URIObnv4uYPPEuv017obsOPc+5Qw/c="
"130d456e-58d1-442e-970f-0f72492cb5e3","GUAN_061.basePlot.ltr","D04","GUAN","GUAN_061","GUAN_061_694","2016-05-13","2016-03-08","2016-05-02","2016-05-09T12:26Z","2016-05-13T19:30Z","NEON.LTR.GUAN061694.20160502","NEON.LTR.GUAN061694.20160502.FLR","NEON.DOC.001710vE","Flowers",0.27,"N",NA,"zPBe+8pzAK0B2URIObnv4uYPPEuv017obsOPc+5Qw/c="
"2c06c4f8-e91f-454b-bb9e-ec9115cf3290","GUAN_056.basePlot.ltr","D04","GUAN","GUAN_056","GUAN_056_693","2016-05-13","2016-03-08","2016-05-02","2016-05-09T12:54Z","2016-05-13T19:30Z","NEON.LTR.GUAN056693.20160502","NEON.LTR.GUAN056693.20160502.TWI","NEON.DOC.001710vE","Twigs/branches",3.47,"N",NA,"zPBe+8pzAK0B2URIObnv4uYPPEuv017obsOPc+5Qw/c="
"351240dc-cff7-494e-b37a-c3a0a2177f15","GUAN_056.basePlot.ltr","D04","GUAN","GUAN_056","GUAN_056_693","2016-05-13","2016-03-08","2016-05-02","2016-05-09T12:54Z","2016-05-13T19:30Z","NEON.LTR.GUAN056693.20160502","NEON.LTR.GUAN056693.20160502.OTH","NEON.DOC.001710vE","Other",0,"N",NA,"zPBe+8pzAK0B2URIObnv4uYPPEuv017obsOPc+5Qw/c="
"b1e7b7a8-7228-4445-8b63-0a34cefc260c","GUAN_047.basePlot.ltr","D04","GUAN","GUAN_047","GUAN_047_935","2016-05-13","2016-03-08","2016-05-02","2016-05-09T12:54Z","2016-05-13T07:30Z","NEON.LTR.GUAN047935.20160502","NEON.LTR.GUAN047935.20160502.TWI","NEON.DOC.001710vE","Twigs/branches",0.8,"N",NA,"zPBe+8pzAK0B2URIObnv4uYPPEuv017obsOPc+5Qw/c="
"705995f2-0f83-4692-be74-c92cb8d7a04a","GUAN_047.basePlot.ltr","D04","GUAN","GUAN_047","GUAN_047_935","2016-05-13","2016-03-08","2016-05-02","2016-05-09T12:54Z","2016-05-13T07:30Z","NEON.LTR.GUAN047935.20160502","NEON.LTR.GUAN047935.20160502.WDY","NEON.DOC.001710vE","Woody material",0.07,"N",NA,"zPBe+8pzAK0B2URIObnv4uYPPEuv017obsOPc+5Qw/c="
"5bae34e4-c655-492c-8c96-33a625281383","GUAN_047.basePlot.ltr","D04","GUAN","GUAN_047","GUAN_047_935","2016-05-13","2016-03-08","2016-05-02","2016-05-09T12:54Z","2016-05-13T07:30Z","NEON.LTR.GUAN047935.20160502","NEON.LTR.GUAN047935.20160502.NDL","NEON.DOC.001710vE","Needles",0,"N",NA,"zPBe+8pzAK0B2URIObnv4uYPPEuv017obsOPc+5Qw/c="
"7a9bb054-217d-4cf3-8574-b9af893ea714","GUAN_054.basePlot.ltr","D04","GUAN","GUAN_054","GUAN_054_880","2016-05-13","2016-03-08","2016-05-02","2016-05-09T12:36Z","2016-05-13T19:30Z","NEON.LTR.GUAN054880.20160502","NEON.LTR.GUAN054880.20160502.LVS","NEON.DOC.001710vE","Leaves",19.56,"N",NA,"zPBe+8pzAK0B2URIObnv4uYPPEuv017obsOPc+5Qw/c="
"de66472a-beb1-4ebe-abf9-acbf5aac0667","GUAN_047.basePlot.ltr","D04","GUAN","GUAN_047","GUAN_047_935","2016-05-13","2016-03-08","2016-05-02","2016-05-09T12:54Z","2016-05-13T07:30Z","NEON.LTR.GUAN047935.20160502","NEON.LTR.GUAN047935.20160502.FLR","NEON.DOC.001710vE","Flowers",0.12,"N",NA,"zPBe+8pzAK0B2URIObnv4uYPPEuv017obsOPc+5Qw/c="
"fc613ac6-3ca7-407a-aad6-22abdab78b50","GUAN_047.basePlot.ltr","D04","GUAN","GUAN_047","GUAN_047_935","2016-05-13","2016-03-08","2016-05-02","2016-05-09T12:54Z","2016-05-13T07:30Z","NEON.LTR.GUAN047935.20160502","NEON.LTR.GUAN047935.20160502.OTH","NEON.DOC.001710vE","Other",0.05,"N",NA,"zPBe+8pzAK0B2URIObnv4uYPPEuv017obsOPc+5Qw/c="
"d52ff81c-149b-4db8-a6f4-4a184ed0bdae","GUAN_047.basePlot.ltr","D04","GUAN","GUAN_047","GUAN_047_935","2016-05-13","2016-03-08","2016-05-02","2016-05-09T12:54Z","2016-05-13T07:30Z","NEON.LTR.GUAN047935.20160502","NEON.LTR.GUAN047935.20160502.LVS","NEON.DOC.001710vE","Leaves",13.41,"N",NA,"zPBe+8pzAK0B2URIObnv4uYPPEuv017obsOPc+5Qw/c="
"e4b9585b-66ae-4a23-a1e7-fda7a1278bbd","GUAN_047.basePlot.ltr","D04","GUAN","GUAN_047","GUAN_047_935","2016-05-13","2016-03-08","2016-05-02","2016-05-09T12:54Z","2016-05-13T07:30Z","NEON.LTR.GUAN047935.20160502","NEON.LTR.GUAN047935.20160502.SDS","NEON.DOC.001710vE","Seeds",0.06,"N",NA,"zPBe+8pzAK0B2URIObnv4uYPPEuv017obsOPc+5Qw/c="
"2b7a9bd7-68bd-4811-a2bc-eb6cce433acf","GUAN_052.basePlot.ltr","D04","GUAN","GUAN_052","GUAN_052_706","2016-07-14","2016-05-02","2016-06-28","2016-07-11T13:00Z","2016-07-14T11:00Z","NEON.LTR.GUAN052706.20160628","NEON.LTR.GUAN052706.20160628.OTH","NEON.DOC.001710vE","Other",0,"N",NA,"bLuA32XSwhQ1UEFOt6rO3xlOtBx7Ppbg"
"2bf3ddb9-747a-4423-bd91-b2c79e7da220","GUAN_052.basePlot.ltr","D04","GUAN","GUAN_052","GUAN_052_706","2016-07-14","2016-05-02","2016-06-28","2016-07-11T13:00Z","2016-07-14T11:00Z","NEON.LTR.GUAN052706.20160628","NEON.LTR.GUAN052706.20160628.NDL","NEON.DOC.001710vE","Needles",0,"N",NA,"bLuA32XSwhQ1UEFOt6rO3xlOtBx7Ppbg"
"4d76b053-fa2e-43da-b9db-eb509701d28f","GUAN_052.basePlot.ltr","D04","GUAN","GUAN_052","GUAN_052_706","2016-07-14","2016-05-02","2016-06-28","2016-07-11T13:00Z","2016-07-14T11:00Z","NEON.LTR.GUAN052706.20160628","NEON.LTR.GUAN052706.20160628.FLR","NEON.DOC.001710vE","Flowers",6.51,"N",NA,"bLuA32XSwhQ1UEFOt6rO3xlOtBx7Ppbg"
"a4342031-4254-4c8b-b6a5-2934fe3bb692","GUAN_052.basePlot.ltr","D04","GUAN","GUAN_052","GUAN_052_706","2016-07-14","2016-05-02","2016-06-28","2016-07-11T13:00Z","2016-07-14T11:00Z","NEON.LTR.GUAN052706.20160628","NEON.LTR.GUAN052706.20160628.TWI","NEON.DOC.001710vE","Twigs/branches",2.52,"N",NA,"bLuA32XSwhQ1UEFOt6rO3xlOtBx7Ppbg"
"efb25d19-4704-4161-919c-c057acfa7ffa","GUAN_052.basePlot.ltr","D04","GUAN","GUAN_052","GUAN_052_706","2016-07-14","2016-05-02","2016-06-28","2016-07-11T13:00Z","2016-07-14T11:00Z","NEON.LTR.GUAN052706.20160628","NEON.LTR.GUAN052706.20160628.LVS","NEON.DOC.001710vE","Leaves",12.76,"N",NA,"bLuA32XSwhQ1UEFOt6rO3xlOtBx7Ppbg"
"ef0af59e-d43c-4247-bb61-1559af5f8cfc","GUAN_052.basePlot.ltr","D04","GUAN","GUAN_052","GUAN_052_706","2016-07-14","2016-05-02","2016-06-28","2016-07-11T13:00Z","2016-07-14T11:00Z","NEON.LTR.GUAN052706.20160628","NEON.LTR.GUAN052706.20160628.WDY","NEON.DOC.001710vE","Woody material",0,"N",NA,"bLuA32XSwhQ1UEFOt6rO3xlOtBx7Ppbg"
"50576139-8ce0-4710-9703-2fe9730269c9","GUAN_052.basePlot.ltr","D04","GUAN","GUAN_052","GUAN_052_706","2016-07-14","2016-05-02","2016-06-28","2016-07-11T13:00Z","2016-07-14T11:00Z","NEON.LTR.GUAN052706.20160628","NEON.LTR.GUAN052706.20160628.SDS","NEON.DOC.001710vE","Seeds",3.11,"N",NA,"bLuA32XSwhQ1UEFOt6rO3xlOtBx7Ppbg"
"5a3f69e4-b491-4ecd-a7d9-d53c654bb104","GUAN_059.basePlot.ltr","D04","GUAN","GUAN_059","GUAN_059_381","2016-07-14","2016-05-02","2016-06-28","2016-07-11T13:00Z","2016-07-14T11:00Z","NEON.LTR.GUAN059381.20160628","NEON.LTR.GUAN059381.20160628.TWI","NEON.DOC.001710vE","Twigs/branches",0.56,"N",NA,"bLuA32XSwhQ1UEFOt6rO3xlOtBx7Ppbg"
"d478d3be-c860-463c-88fc-bd5ba4621c29","GUAN_059.basePlot.ltr","D04","GUAN","GUAN_059","GUAN_059_381","2016-07-14","2016-05-02","2016-06-28","2016-07-11T13:00Z","2016-07-14T11:00Z","NEON.LTR.GUAN059381.20160628","NEON.LTR.GUAN059381.20160628.NDL","NEON.DOC.001710vE","Needles",0,"N",NA,"bLuA32XSwhQ1UEFOt6rO3xlOtBx7Ppbg"
"e52d3ef5-6592-4fcc-ab03-6ba297ee2304","GUAN_059.basePlot.ltr","D04","GUAN","GUAN_059","GUAN_059_381","2016-07-14","2016-05-02","2016-06-28","2016-07-11T13:00Z","2016-07-14T11:00Z","NEON.LTR.GUAN059381.20160628","NEON.LTR.GUAN059381.20160628.WDY","NEON.DOC.001710vE","Woody material",0,"N",NA,"bLuA32XSwhQ1UEFOt6rO3xlOtBx7Ppbg"
"28c922bd-3dca-470e-ae66-a86015331835","GUAN_059.basePlot.ltr","D04","GUAN","GUAN_059","GUAN_059_381","2016-07-14","2016-05-02","2016-06-28","2016-07-11T13:00Z","2016-07-14T11:00Z","NEON.LTR.GUAN059381.20160628","NEON.LTR.GUAN059381.20160628.SDS","NEON.DOC.001710vE","Seeds",0.31,"N",NA,"bLuA32XSwhQ1UEFOt6rO3xlOtBx7Ppbg"
"ff73a746-702d-4b97-bbf9-515f7c781e12","GUAN_059.basePlot.ltr","D04","GUAN","GUAN_059","GUAN_059_381","2016-07-14","2016-05-02","2016-06-28","2016-07-11T13:00Z","2016-07-14T11:00Z","NEON.LTR.GUAN059381.20160628","NEON.LTR.GUAN059381.20160628.OTH","NEON.DOC.001710vE","Other",0.28,"N",NA,"bLuA32XSwhQ1UEFOt6rO3xlOtBx7Ppbg"
"7568f3b4-6797-4383-ac3c-b03d2db35c3a","GUAN_059.basePlot.ltr","D04","GUAN","GUAN_059","GUAN_059_381","2016-07-14","2016-05-02","2016-06-28","2016-07-11T13:00Z","2016-07-14T11:00Z","NEON.LTR.GUAN059381.20160628","NEON.LTR.GUAN059381.20160628.FLR","NEON.DOC.001710vE","Flowers",0.2,"N",NA,"bLuA32XSwhQ1UEFOt6rO3xlOtBx7Ppbg"
"6d815168-dbaf-4cfe-8391-0c9b17159dab","GUAN_049.basePlot.ltr","D04","GUAN","GUAN_049","GUAN_049_280","2016-07-14","2016-05-02","2016-06-28","2016-07-11T13:00Z","2016-07-14T11:00Z","NEON.LTR.GUAN049280.20160628","NEON.LTR.GUAN049280.20160628.LVS","NEON.DOC.001710vE","Leaves",26.68,"N",NA,"bLuA32XSwhQ1UEFOt6rO3xlOtBx7Ppbg"
"aff3b10b-5fad-45af-9c8e-b01019c93cab","GUAN_049.basePlot.ltr","D04","GUAN","GUAN_049","GUAN_049_280","2016-07-14","2016-05-02","2016-06-28","2016-07-11T13:00Z","2016-07-14T11:00Z","NEON.LTR.GUAN049280.20160628","NEON.LTR.GUAN049280.20160628.SDS","NEON.DOC.001710vE","Seeds",5.21,"N",NA,"bLuA32XSwhQ1UEFOt6rO3xlOtBx7Ppbg"
"081f3c41-7772-4ef2-b709-9cb423536754","GUAN_046.basePlot.ltr","D04","GUAN","GUAN_046","GUAN_046_021","2016-07-14","2016-05-02","2016-06-28","2016-07-11T13:00Z","2016-07-14T11:00Z","NEON.LTR.GUAN046021.20160628","NEON.LTR.GUAN046021.20160628.WDY","NEON.DOC.001710vE","Woody material",0.08,"N",NA,"bLuA32XSwhQ1UEFOt6rO3xlOtBx7Ppbg"
"db86c1ca-a251-4952-a809-acfdd07af293","GUAN_046.basePlot.ltr","D04","GUAN","GUAN_046","GUAN_046_021","2016-07-14","2016-05-02","2016-06-28","2016-07-11T13:00Z","2016-07-14T11:00Z","NEON.LTR.GUAN046021.20160628","NEON.LTR.GUAN046021.20160628.NDL","NEON.DOC.001710vE","Needles",0,"N",NA,"bLuA32XSwhQ1UEFOt6rO3xlOtBx7Ppbg"
"e64d6767-2a88-4271-a83f-50b3059ffe23","GUAN_049.basePlot.ltr","D04","GUAN","GUAN_049","GUAN_049_280","2016-07-14","2016-05-02","2016-06-28","2016-07-11T13:00Z","2016-07-14T11:00Z","NEON.LTR.GUAN049280.20160628","NEON.LTR.GUAN049280.20160628.OTH","NEON.DOC.001710vE","Other",0.08,"N",NA,"bLuA32XSwhQ1UEFOt6rO3xlOtBx7Ppbg"
"9ebcbaf6-93f2-48ee-9a18-c28033e71961","GUAN_046.basePlot.ltr","D04","GUAN","GUAN_046","GUAN_046_021","2016-07-14","2016-05-02","2016-06-28","2016-07-11T13:00Z","2016-07-14T11:00Z","NEON.LTR.GUAN046021.20160628","NEON.LTR.GUAN046021.20160628.OTH","NEON.DOC.001710vE","Other",0,"N",NA,"bLuA32XSwhQ1UEFOt6rO3xlOtBx7Ppbg"
"44fae2e0-8229-454c-b05f-e88c7a0473e1","GUAN_049.basePlot.ltr","D04","GUAN","GUAN_049","GUAN_049_280","2016-07-14","2016-05-02","2016-06-28","2016-07-11T13:00Z","2016-07-14T11:00Z","NEON.LTR.GUAN049280.20160628","NEON.LTR.GUAN049280.20160628.WDY","NEON.DOC.001710vE","Woody material",0.07,"N",NA,"bLuA32XSwhQ1UEFOt6rO3xlOtBx7Ppbg"
"897fab95-7e9c-4bb3-aaf6-58b8cb74251f","GUAN_049.basePlot.ltr","D04","GUAN","GUAN_049","GUAN_049_280","2016-07-14","2016-05-02","2016-06-28","2016-07-11T13:00Z","2016-07-14T11:00Z","NEON.LTR.GUAN049280.20160628","NEON.LTR.GUAN049280.20160628.NDL","NEON.DOC.001710vE","Needles",0,"N",NA,"bLuA32XSwhQ1UEFOt6rO3xlOtBx7Ppbg"
"59562ade-c4d3-4205-8f03-63b17c43c2f9","GUAN_049.basePlot.ltr","D04","GUAN","GUAN_049","GUAN_049_280","2016-07-14","2016-05-02","2016-06-28","2016-07-11T13:00Z","2016-07-14T11:00Z","NEON.LTR.GUAN049280.20160628","NEON.LTR.GUAN049280.20160628.FLR","NEON.DOC.001710vE","Flowers",0.12,"N",NA,"bLuA32XSwhQ1UEFOt6rO3xlOtBx7Ppbg"
"d864a87d-2e58-46c2-b9ec-3296d642eda1","GUAN_054.basePlot.ltr","D04","GUAN","GUAN_054","GUAN_054_559","2016-07-14","2016-05-02","2016-06-28","2016-07-11T13:00Z","2016-07-14T11:00Z","NEON.LTR.GUAN054559.20160628","NEON.LTR.GUAN054559.20160628.LVS","NEON.DOC.001710vE","Leaves",25.55,"N",NA,"bLuA32XSwhQ1UEFOt6rO3xlOtBx7Ppbg"
"13f638b5-57ff-4026-a70b-888f62c075b0","GUAN_054.basePlot.ltr","D04","GUAN","GUAN_054","GUAN_054_559","2016-07-14","2016-05-02","2016-06-28","2016-07-11T13:00Z","2016-07-14T11:00Z","NEON.LTR.GUAN054559.20160628","NEON.LTR.GUAN054559.20160628.SDS","NEON.DOC.001710vE","Seeds",0.26,"N",NA,"bLuA32XSwhQ1UEFOt6rO3xlOtBx7Ppbg"
"4b6f05e6-9eab-4467-9702-5ca6c2e3f670","GUAN_049.basePlot.ltr","D04","GUAN","GUAN_049","GUAN_049_280","2016-07-14","2016-05-02","2016-06-28","2016-07-11T13:00Z","2016-07-14T11:00Z","NEON.LTR.GUAN049280.20160628","NEON.LTR.GUAN049280.20160628.TWI","NEON.DOC.001710vE","Twigs/branches",3.45,"N",NA,"bLuA32XSwhQ1UEFOt6rO3xlOtBx7Ppbg"
"411d2945-b5c1-42b6-84f9-ee0801b450c6","GUAN_054.basePlot.ltr","D04","GUAN","GUAN_054","GUAN_054_559","2016-07-14","2016-05-02","2016-06-28","2016-07-11T13:00Z","2016-07-14T11:00Z","NEON.LTR.GUAN054559.20160628","NEON.LTR.GUAN054559.20160628.NDL","NEON.DOC.001710vE","Needles",0,"N",NA,"bLuA32XSwhQ1UEFOt6rO3xlOtBx7Ppbg"
"b484b4f4-8900-491a-a094-c7d976023da3","GUAN_054.basePlot.ltr","D04","GUAN","GUAN_054","GUAN_054_559","2016-07-14","2016-05-02","2016-06-28","2016-07-11T13:00Z","2016-07-14T11:00Z","NEON.LTR.GUAN054559.20160628","NEON.LTR.GUAN054559.20160628.FLR","NEON.DOC.001710vE","Flowers",0.05,"N",NA,"bLuA32XSwhQ1UEFOt6rO3xlOtBx7Ppbg"
"b5ce09a8-8f4a-4fef-8c12-1ea1263b7a33","GUAN_054.basePlot.ltr","D04","GUAN","GUAN_054","GUAN_054_559","2016-07-14","2016-05-02","2016-06-28","2016-07-11T13:00Z","2016-07-14T11:00Z","NEON.LTR.GUAN054559.20160628","NEON.LTR.GUAN054559.20160628.WDY","NEON.DOC.001710vE","Woody material",1.75,"N",NA,"bLuA32XSwhQ1UEFOt6rO3xlOtBx7Ppbg"
"0d2437b0-9c6d-4c5d-8edd-9f4105561994","GUAN_060.basePlot.ltr","D04","GUAN","GUAN_060","GUAN_060_151","2016-07-14","2016-05-02","2016-06-28","2016-07-11T13:00Z","2016-07-14T11:00Z","NEON.LTR.GUAN060151.20160628","NEON.LTR.GUAN060151.20160628.LVS","NEON.DOC.001710vE","Leaves",42.55,"N",NA,"bLuA32XSwhQ1UEFOt6rO3xlOtBx7Ppbg"
"dad99302-03b3-4cfc-b7b2-d048bca829a6","GUAN_054.basePlot.ltr","D04","GUAN","GUAN_054","GUAN_054_559","2016-07-14","2016-05-02","2016-06-28","2016-07-11T13:00Z","2016-07-14T11:00Z","NEON.LTR.GUAN054559.20160628","NEON.LTR.GUAN054559.20160628.OTH","NEON.DOC.001710vE","Other",0.94,"N",NA,"bLuA32XSwhQ1UEFOt6rO3xlOtBx7Ppbg"
"bb7aa356-3875-416f-bec0-5518af02b8c5","GUAN_060.basePlot.ltr","D04","GUAN","GUAN_060","GUAN_060_151","2016-07-14","2016-05-02","2016-06-28","2016-07-11T13:00Z","2016-07-14T11:00Z","NEON.LTR.GUAN060151.20160628","NEON.LTR.GUAN060151.20160628.FLR","NEON.DOC.001710vE","Flowers",1.31,"N",NA,"bLuA32XSwhQ1UEFOt6rO3xlOtBx7Ppbg"
"69279882-db7e-49b8-837e-7631a9599839","GUAN_060.basePlot.ltr","D04","GUAN","GUAN_060","GUAN_060_151","2016-07-14","2016-05-02","2016-06-28","2016-07-11T13:00Z","2016-07-14T11:00Z","NEON.LTR.GUAN060151.20160628","NEON.LTR.GUAN060151.20160628.TWI","NEON.DOC.001710vE","Twigs/branches",1.34,"N",NA,"bLuA32XSwhQ1UEFOt6rO3xlOtBx7Ppbg"
"feb35e80-be07-473a-a78a-0d7ca96d93de","GUAN_054.basePlot.ltr","D04","GUAN","GUAN_054","GUAN_054_559","2016-07-14","2016-05-02","2016-06-28","2016-07-11T13:00Z","2016-07-14T11:00Z","NEON.LTR.GUAN054559.20160628","NEON.LTR.GUAN054559.20160628.TWI","NEON.DOC.001710vE","Twigs/branches",7.12,"N",NA,"bLuA32XSwhQ1UEFOt6rO3xlOtBx7Ppbg"
"410cf7ba-a71f-42c3-99fc-11b5aaa5ff69","GUAN_060.basePlot.ltr","D04","GUAN","GUAN_060","GUAN_060_151","2016-07-14","2016-05-02","2016-06-28","2016-07-11T13:00Z","2016-07-14T11:00Z","NEON.LTR.GUAN060151.20160628","NEON.LTR.GUAN060151.20160628.WDY","NEON.DOC.001710vE","Woody material",0,"N",NA,"bLuA32XSwhQ1UEFOt6rO3xlOtBx7Ppbg"
"4c640b0b-85aa-4156-ba4c-081984bc1d1e","GUAN_060.basePlot.ltr","D04","GUAN","GUAN_060","GUAN_060_151","2016-07-14","2016-05-02","2016-06-28","2016-07-11T13:00Z","2016-07-14T11:00Z","NEON.LTR.GUAN060151.20160628","NEON.LTR.GUAN060151.20160628.OTH","NEON.DOC.001710vE","Other",0.66,"N",NA,"bLuA32XSwhQ1UEFOt6rO3xlOtBx7Ppbg"
"9065d57c-bd31-4b71-ad1b-455feefcca03","GUAN_045.basePlot.ltr","D04","GUAN","GUAN_045","GUAN_045_132","2016-07-14","2016-05-02","2016-06-28","2016-07-11T13:00Z","2016-07-14T11:00Z","NEON.LTR.GUAN045132.20160628","NEON.LTR.GUAN045132.20160628.LVS","NEON.DOC.001710vE","Leaves",24.12,"N",NA,"bLuA32XSwhQ1UEFOt6rO3xlOtBx7Ppbg"
"8063e6fd-aa0b-4a9c-b16c-0671e788f01b","GUAN_045.basePlot.ltr","D04","GUAN","GUAN_045","GUAN_045_132","2016-07-14","2016-05-02","2016-06-28","2016-07-11T13:00Z","2016-07-14T11:00Z","NEON.LTR.GUAN045132.20160628","NEON.LTR.GUAN045132.20160628.SDS","NEON.DOC.001710vE","Seeds",0.09,"N",NA,"bLuA32XSwhQ1UEFOt6rO3xlOtBx7Ppbg"
"8b6d3a3c-edd1-424f-ac1a-db2650348b44","GUAN_060.basePlot.ltr","D04","GUAN","GUAN_060","GUAN_060_151","2016-07-14","2016-05-02","2016-06-28","2016-07-11T13:00Z","2016-07-14T11:00Z","NEON.LTR.GUAN060151.20160628","NEON.LTR.GUAN060151.20160628.SDS","NEON.DOC.001710vE","Seeds",1.45,"N",NA,"bLuA32XSwhQ1UEFOt6rO3xlOtBx7Ppbg"
"d90eb575-fc0b-4a8d-bc7e-fce79870b4fe","GUAN_045.basePlot.ltr","D04","GUAN","GUAN_045","GUAN_045_132","2016-07-14","2016-05-02","2016-06-28","2016-07-11T13:00Z","2016-07-14T11:00Z","NEON.LTR.GUAN045132.20160628","NEON.LTR.GUAN045132.20160628.OTH","NEON.DOC.001710vE","Other",0.58,"N",NA,"bLuA32XSwhQ1UEFOt6rO3xlOtBx7Ppbg"
"5e2b5b2f-fc2a-4e83-b1c9-90cb9e2bf4c4","GUAN_045.basePlot.ltr","D04","GUAN","GUAN_045","GUAN_045_132","2016-07-14","2016-05-02","2016-06-28","2016-07-11T13:00Z","2016-07-14T11:00Z","NEON.LTR.GUAN045132.20160628","NEON.LTR.GUAN045132.20160628.TWI","NEON.DOC.001710vE","Twigs/branches",0.11,"N",NA,"bLuA32XSwhQ1UEFOt6rO3xlOtBx7Ppbg"
"910f0320-589f-4ab1-80e5-d40a1dcee9a1","GUAN_060.basePlot.ltr","D04","GUAN","GUAN_060","GUAN_060_151","2016-07-14","2016-05-02","2016-06-28","2016-07-11T13:00Z","2016-07-14T11:00Z","NEON.LTR.GUAN060151.20160628","NEON.LTR.GUAN060151.20160628.NDL","NEON.DOC.001710vE","Needles",0,"N",NA,"bLuA32XSwhQ1UEFOt6rO3xlOtBx7Ppbg"
"6106b986-f89d-4176-a89f-3ddff717b88e","GUAN_045.basePlot.ltr","D04","GUAN","GUAN_045","GUAN_045_132","2016-07-14","2016-05-02","2016-06-28","2016-07-11T13:00Z","2016-07-14T11:00Z","NEON.LTR.GUAN045132.20160628","NEON.LTR.GUAN045132.20160628.WDY","NEON.DOC.001710vE","Woody material",0,"N",NA,"bLuA32XSwhQ1UEFOt6rO3xlOtBx7Ppbg"
"5780990e-fd21-4b32-ad20-7187200d9f90","GUAN_045.basePlot.ltr","D04","GUAN","GUAN_045","GUAN_045_132","2016-07-14","2016-05-02","2016-06-28","2016-07-11T13:00Z","2016-07-14T11:00Z","NEON.LTR.GUAN045132.20160628","NEON.LTR.GUAN045132.20160628.FLR","NEON.DOC.001710vE","Flowers",0.06,"N",NA,"bLuA32XSwhQ1UEFOt6rO3xlOtBx7Ppbg"
"b5113bb5-a8d9-4318-bb1d-107d45c14cda","GUAN_045.basePlot.ltr","D04","GUAN","GUAN_045","GUAN_045_932","2016-07-14","2016-05-02","2016-06-28","2016-07-11T13:00Z","2016-07-14T11:00Z","NEON.LTR.GUAN045932.20160628","NEON.LTR.GUAN045932.20160628.FLR","NEON.DOC.001710vE","Flowers",0.24,"N",NA,"bLuA32XSwhQ1UEFOt6rO3xlOtBx7Ppbg"
"61c46fcb-55f1-44e9-8023-b4d44c856f12","GUAN_045.basePlot.ltr","D04","GUAN","GUAN_045","GUAN_045_932","2016-07-14","2016-05-02","2016-06-28","2016-07-11T13:00Z","2016-07-14T11:00Z","NEON.LTR.GUAN045932.20160628","NEON.LTR.GUAN045932.20160628.SDS","NEON.DOC.001710vE","Seeds",1.67,"N",NA,"bLuA32XSwhQ1UEFOt6rO3xlOtBx7Ppbg"
"9d379b7b-d2c1-443d-adc4-4a01162faf0f","GUAN_045.basePlot.ltr","D04","GUAN","GUAN_045","GUAN_045_132","2016-07-14","2016-05-02","2016-06-28","2016-07-11T13:00Z","2016-07-14T11:00Z","NEON.LTR.GUAN045132.20160628","NEON.LTR.GUAN045132.20160628.NDL","NEON.DOC.001710vE","Needles",0,"N",NA,"bLuA32XSwhQ1UEFOt6rO3xlOtBx7Ppbg"
"21833eff-4eb6-4090-ad99-9a12932196eb","GUAN_045.basePlot.ltr","D04","GUAN","GUAN_045","GUAN_045_932","2016-07-14","2016-05-02","2016-06-28","2016-07-11T13:00Z","2016-07-14T11:00Z","NEON.LTR.GUAN045932.20160628","NEON.LTR.GUAN045932.20160628.LVS","NEON.DOC.001710vE","Leaves",29.04,"N",NA,"bLuA32XSwhQ1UEFOt6rO3xlOtBx7Ppbg"
"e0fe5052-3432-48aa-b723-d9ffcebeb7e3","GUAN_045.basePlot.ltr","D04","GUAN","GUAN_045","GUAN_045_932","2016-07-14","2016-05-02","2016-06-28","2016-07-11T13:00Z","2016-07-14T11:00Z","NEON.LTR.GUAN045932.20160628","NEON.LTR.GUAN045932.20160628.WDY","NEON.DOC.001710vE","Woody material",0.03,"N",NA,"bLuA32XSwhQ1UEFOt6rO3xlOtBx7Ppbg"
"46928dc6-ebd8-42da-a29d-0997e170782f","GUAN_045.basePlot.ltr","D04","GUAN","GUAN_045","GUAN_045_932","2016-07-14","2016-05-02","2016-06-28","2016-07-11T13:00Z","2016-07-14T11:00Z","NEON.LTR.GUAN045932.20160628","NEON.LTR.GUAN045932.20160628.OTH","NEON.DOC.001710vE","Other",0.07,"N",NA,"bLuA32XSwhQ1UEFOt6rO3xlOtBx7Ppbg"
"999b4d83-77eb-4b5d-953e-2d493d302dad","GUAN_045.basePlot.ltr","D04","GUAN","GUAN_045","GUAN_045_932","2016-07-14","2016-05-02","2016-06-28","2016-07-11T13:00Z","2016-07-14T11:00Z","NEON.LTR.GUAN045932.20160628","NEON.LTR.GUAN045932.20160628.NDL","NEON.DOC.001710vE","Needles",0,"N",NA,"bLuA32XSwhQ1UEFOt6rO3xlOtBx7Ppbg"
"99a4879e-0959-48d6-83ea-4db097ab8161","GUAN_059.basePlot.ltr","D04","GUAN","GUAN_059","GUAN_059_381","2016-07-14","2016-05-02","2016-06-28","2016-07-11T13:00Z","2016-07-14T11:00Z","NEON.LTR.GUAN059381.20160628","NEON.LTR.GUAN059381.20160628.LVS","NEON.DOC.001710vE","Leaves",33.56,"N",NA,"bLuA32XSwhQ1UEFOt6rO3xlOtBx7Ppbg"
"e62bf6df-bfb9-4cdb-936c-7b4b40999c20","GUAN_045.basePlot.ltr","D04","GUAN","GUAN_045","GUAN_045_932","2016-07-14","2016-05-02","2016-06-28","2016-07-11T13:00Z","2016-07-14T11:00Z","NEON.LTR.GUAN045932.20160628","NEON.LTR.GUAN045932.20160628.TWI","NEON.DOC.001710vE","Twigs/branches",2.26,"N",NA,"bLuA32XSwhQ1UEFOt6rO3xlOtBx7Ppbg"
"d5aa4e1c-1f1f-4518-8f39-75330937eb9b","GUAN_049.basePlot.ltr","D04","GUAN","GUAN_049","GUAN_049_706","2016-07-14","2016-05-02","2016-06-28","2016-07-11T13:00Z","2016-07-14T11:00Z","NEON.LTR.GUAN049706.20160628","NEON.LTR.GUAN049706.20160628.LVS","NEON.DOC.001710vE","Leaves",15.91,"N",NA,"bLuA32XSwhQ1UEFOt6rO3xlOtBx7Ppbg"
"6ec4ea63-bbce-462d-9b22-58b6b6e1659d","GUAN_049.basePlot.ltr","D04","GUAN","GUAN_049","GUAN_049_706","2016-07-14","2016-05-02","2016-06-28","2016-07-11T13:00Z","2016-07-14T11:00Z","NEON.LTR.GUAN049706.20160628","NEON.LTR.GUAN049706.20160628.SDS","NEON.DOC.001710vE","Seeds",0.38,"N",NA,"bLuA32XSwhQ1UEFOt6rO3xlOtBx7Ppbg"
"5bf85e0e-b165-41ea-b452-0e70c9490994","GUAN_051.basePlot.ltr","D04","GUAN","GUAN_051","GUAN_051_062","2016-07-14","2016-05-02","2016-06-28","2016-07-11T13:00Z","2016-07-14T11:00Z","NEON.LTR.GUAN051062.20160628","NEON.LTR.GUAN051062.20160628.OTH","NEON.DOC.001710vE","Other",1.05,"Y",NA,"bLuA32XSwhQ1UEFOt6rO3xlOtBx7Ppbg"
"dac8a8bf-ef65-4d85-bb68-59f0e83e12de","GUAN_051.basePlot.ltr","D04","GUAN","GUAN_051","GUAN_051_062","2016-07-14","2016-05-02","2016-06-28","2016-07-11T13:00Z","2016-07-14T11:00Z","NEON.LTR.GUAN051062.20160628","NEON.LTR.GUAN051062.20160628.TWI","NEON.DOC.001710vE","Twigs/branches",1.68,"Y",NA,"bLuA32XSwhQ1UEFOt6rO3xlOtBx7Ppbg"
"0340ccac-19a3-407a-bf22-3941ef8283ae","GUAN_049.basePlot.ltr","D04","GUAN","GUAN_049","GUAN_049_706","2016-07-14","2016-05-02","2016-06-28","2016-07-11T13:00Z","2016-07-14T11:00Z","NEON.LTR.GUAN049706.20160628","NEON.LTR.GUAN049706.20160628.WDY","NEON.DOC.001710vE","Woody material",1.14,"N",NA,"bLuA32XSwhQ1UEFOt6rO3xlOtBx7Ppbg"
"0175b8e8-24d3-4ce5-b100-291247f6786e","GUAN_049.basePlot.ltr","D04","GUAN","GUAN_049","GUAN_049_706","2016-07-14","2016-05-02","2016-06-28","2016-07-11T13:00Z","2016-07-14T11:00Z","NEON.LTR.GUAN049706.20160628","NEON.LTR.GUAN049706.20160628.FLR","NEON.DOC.001710vE","Flowers",0,"N",NA,"bLuA32XSwhQ1UEFOt6rO3xlOtBx7Ppbg"
"64528843-9404-4fa7-9c01-310e25f06611","GUAN_051.basePlot.ltr","D04","GUAN","GUAN_051","GUAN_051_062","2016-07-14","2016-05-02","2016-06-28","2016-07-11T13:00Z","2016-07-14T11:00Z","NEON.LTR.GUAN051062.20160628","NEON.LTR.GUAN051062.20160628.WDY","NEON.DOC.001710vE","Woody material",0,"N",NA,"bLuA32XSwhQ1UEFOt6rO3xlOtBx7Ppbg"
"89a31071-bd07-45de-b3f3-8fed34dbf9b1","GUAN_049.basePlot.ltr","D04","GUAN","GUAN_049","GUAN_049_706","2016-07-14","2016-05-02","2016-06-28","2016-07-11T13:00Z","2016-07-14T11:00Z","NEON.LTR.GUAN049706.20160628","NEON.LTR.GUAN049706.20160628.NDL","NEON.DOC.001710vE","Needles",0,"N",NA,"bLuA32XSwhQ1UEFOt6rO3xlOtBx7Ppbg"
"e094d3e2-3ccd-466a-8b64-68cd1ed7c9cf","GUAN_049.basePlot.ltr","D04","GUAN","GUAN_049","GUAN_049_706","2016-07-14","2016-05-02","2016-06-28","2016-07-11T13:00Z","2016-07-14T11:00Z","NEON.LTR.GUAN049706.20160628","NEON.LTR.GUAN049706.20160628.TWI","NEON.DOC.001710vE","Twigs/branches",5.9,"N",NA,"bLuA32XSwhQ1UEFOt6rO3xlOtBx7Ppbg"
"cc5b3dc6-4ef4-419b-bcd4-d7f9a3675659","GUAN_051.basePlot.ltr","D04","GUAN","GUAN_051","GUAN_051_803","2016-07-14","2016-05-02","2016-06-28","2016-07-11T13:00Z","2016-07-14T11:00Z","NEON.LTR.GUAN051803.20160628","NEON.LTR.GUAN051803.20160628.SDS","NEON.DOC.001710vE","Seeds",0.12,"N",NA,"bLuA32XSwhQ1UEFOt6rO3xlOtBx7Ppbg"
"5391b603-1c3b-42b7-922a-23293bd2f3a3","GUAN_051.basePlot.ltr","D04","GUAN","GUAN_051","GUAN_051_803","2016-07-14","2016-05-02","2016-06-28","2016-07-11T13:00Z","2016-07-14T11:00Z","NEON.LTR.GUAN051803.20160628","NEON.LTR.GUAN051803.20160628.FLR","NEON.DOC.001710vE","Flowers",0.25,"N",NA,"bLuA32XSwhQ1UEFOt6rO3xlOtBx7Ppbg"
"9c43953a-6e99-407a-a507-8b926e6ca383","GUAN_049.basePlot.ltr","D04","GUAN","GUAN_049","GUAN_049_706","2016-07-14","2016-05-02","2016-06-28","2016-07-11T13:00Z","2016-07-14T11:00Z","NEON.LTR.GUAN049706.20160628","NEON.LTR.GUAN049706.20160628.OTH","NEON.DOC.001710vE","Other",0,"N",NA,"bLuA32XSwhQ1UEFOt6rO3xlOtBx7Ppbg"
"1587fb33-d6ba-4858-a201-d57052ea6aa1","GUAN_051.basePlot.ltr","D04","GUAN","GUAN_051","GUAN_051_803","2016-07-14","2016-05-02","2016-06-28","2016-07-11T13:00Z","2016-07-14T11:00Z","NEON.LTR.GUAN051803.20160628","NEON.LTR.GUAN051803.20160628.TWI","NEON.DOC.001710vE","Twigs/branches",2.98,"N",NA,"bLuA32XSwhQ1UEFOt6rO3xlOtBx7Ppbg"
"b51646ae-3dd7-44a7-8f4c-bc8252928808","GUAN_051.basePlot.ltr","D04","GUAN","GUAN_051","GUAN_051_803","2016-07-14","2016-05-02","2016-06-28","2016-07-11T13:00Z","2016-07-14T11:00Z","NEON.LTR.GUAN051803.20160628","NEON.LTR.GUAN051803.20160628.WDY","NEON.DOC.001710vE","Woody material",0,"N",NA,"bLuA32XSwhQ1UEFOt6rO3xlOtBx7Ppbg"
"5b468a02-b1c7-4673-a26d-f3f70a163cb2","GUAN_051.basePlot.ltr","D04","GUAN","GUAN_051","GUAN_051_803","2016-07-14","2016-05-02","2016-06-28","2016-07-11T13:00Z","2016-07-14T11:00Z","NEON.LTR.GUAN051803.20160628","NEON.LTR.GUAN051803.20160628.LVS","NEON.DOC.001710vE","Leaves",20.06,"N",NA,"bLuA32XSwhQ1UEFOt6rO3xlOtBx7Ppbg"
"8d9496a0-d387-4298-aa89-b807da9c0f4f","GUAN_052.basePlot.ltr","D04","GUAN","GUAN_052","GUAN_052_280","2016-07-14","2016-05-02","2016-06-28","2016-07-11T13:00Z","2016-07-14T11:00Z","NEON.LTR.GUAN052280.20160628","NEON.LTR.GUAN052280.20160628.LVS","NEON.DOC.001710vE","Leaves",23.66,"N",NA,"bLuA32XSwhQ1UEFOt6rO3xlOtBx7Ppbg"
"2cd0529a-f1f2-4882-a68f-53a1353e002f","GUAN_051.basePlot.ltr","D04","GUAN","GUAN_051","GUAN_051_803","2016-07-14","2016-05-02","2016-06-28","2016-07-11T13:00Z","2016-07-14T11:00Z","NEON.LTR.GUAN051803.20160628","NEON.LTR.GUAN051803.20160628.OTH","NEON.DOC.001710vE","Other",0.07,"N",NA,"bLuA32XSwhQ1UEFOt6rO3xlOtBx7Ppbg"
"0c0566f7-467a-4b1e-bb53-b466469bd09d","GUAN_052.basePlot.ltr","D04","GUAN","GUAN_052","GUAN_052_280","2016-07-14","2016-05-02","2016-06-28","2016-07-11T13:00Z","2016-07-14T11:00Z","NEON.LTR.GUAN052280.20160628","NEON.LTR.GUAN052280.20160628.FLR","NEON.DOC.001710vE","Flowers",11.02,"N",NA,"bLuA32XSwhQ1UEFOt6rO3xlOtBx7Ppbg"
"ec7fa8bb-9244-4434-a457-f0c4966ad8e3","GUAN_052.basePlot.ltr","D04","GUAN","GUAN_052","GUAN_052_280","2016-07-14","2016-05-02","2016-06-28","2016-07-11T13:00Z","2016-07-14T11:00Z","NEON.LTR.GUAN052280.20160628","NEON.LTR.GUAN052280.20160628.TWI","NEON.DOC.001710vE","Twigs/branches",14.81,"N",NA,"bLuA32XSwhQ1UEFOt6rO3xlOtBx7Ppbg"
"cdbe39f1-8205-40f4-acb4-0c6dd527d7d8","GUAN_052.basePlot.ltr","D04","GUAN","GUAN_052","GUAN_052_280","2016-07-14","2016-05-02","2016-06-28","2016-07-11T13:00Z","2016-07-14T11:00Z","NEON.LTR.GUAN052280.20160628","NEON.LTR.GUAN052280.20160628.SDS","NEON.DOC.001710vE","Seeds",0.06,"N",NA,"bLuA32XSwhQ1UEFOt6rO3xlOtBx7Ppbg"
"b6d53540-382e-409d-9e1b-7e612c80bb35","GUAN_051.basePlot.ltr","D04","GUAN","GUAN_051","GUAN_051_803","2016-07-14","2016-05-02","2016-06-28","2016-07-11T13:00Z","2016-07-14T11:00Z","NEON.LTR.GUAN051803.20160628","NEON.LTR.GUAN051803.20160628.NDL","NEON.DOC.001710vE","Needles",0,"N",NA,"bLuA32XSwhQ1UEFOt6rO3xlOtBx7Ppbg"
"8b47904f-6966-4068-8eb7-0cb3fe2074a6","GUAN_052.basePlot.ltr","D04","GUAN","GUAN_052","GUAN_052_280","2016-07-14","2016-05-02","2016-06-28","2016-07-11T13:00Z","2016-07-14T11:00Z","NEON.LTR.GUAN052280.20160628","NEON.LTR.GUAN052280.20160628.WDY","NEON.DOC.001710vE","Woody material",0.71,"N",NA,"bLuA32XSwhQ1UEFOt6rO3xlOtBx7Ppbg"
"08fff33d-6d2d-4725-b279-7e53068f014f","GUAN_052.basePlot.ltr","D04","GUAN","GUAN_052","GUAN_052_280","2016-07-14","2016-05-02","2016-06-28","2016-07-11T13:00Z","2016-07-14T11:00Z","NEON.LTR.GUAN052280.20160628","NEON.LTR.GUAN052280.20160628.OTH","NEON.DOC.001710vE","Other",0,"N",NA,"bLuA32XSwhQ1UEFOt6rO3xlOtBx7Ppbg"
"cbc0300b-afe4-4368-8a2a-ce058a19402b","GUAN_043.basePlot.ltr","D04","GUAN","GUAN_043","GUAN_043_562","2016-07-14","2016-05-02","2016-06-28","2016-07-11T13:00Z","2016-07-14T11:00Z","NEON.LTR.GUAN043562.20160628","NEON.LTR.GUAN043562.20160628.LVS","NEON.DOC.001710vE","Leaves",12.49,"Y",NA,"bLuA32XSwhQ1UEFOt6rO3xlOtBx7Ppbg"
"af9fadd6-0cf4-43c4-812d-531b597a1fe6","GUAN_043.basePlot.ltr","D04","GUAN","GUAN_043","GUAN_043_562","2016-07-14","2016-05-02","2016-06-28","2016-07-11T13:00Z","2016-07-14T11:00Z","NEON.LTR.GUAN043562.20160628","NEON.LTR.GUAN043562.20160628.SDS","NEON.DOC.001710vE","Seeds",0.16,"Y",NA,"bLuA32XSwhQ1UEFOt6rO3xlOtBx7Ppbg"
"71f7b41f-35c4-4ac9-b249-a7dc0eb954af","GUAN_043.basePlot.ltr","D04","GUAN","GUAN_043","GUAN_043_562","2016-07-14","2016-05-02","2016-06-28","2016-07-11T13:00Z","2016-07-14T11:00Z","NEON.LTR.GUAN043562.20160628","NEON.LTR.GUAN043562.20160628.OTH","NEON.DOC.001710vE","Other",0.24,"Y",NA,"bLuA32XSwhQ1UEFOt6rO3xlOtBx7Ppbg"
"e4afc757-e7b3-4e56-8691-2552ce3e2949","GUAN_043.basePlot.ltr","D04","GUAN","GUAN_043","GUAN_043_562","2016-07-14","2016-05-02","2016-06-28","2016-07-11T13:00Z","2016-07-14T11:00Z","NEON.LTR.GUAN043562.20160628","NEON.LTR.GUAN043562.20160628.TWI","NEON.DOC.001710vE","Twigs/branches",0.48,"Y",NA,"bLuA32XSwhQ1UEFOt6rO3xlOtBx7Ppbg"
"364ca943-c847-47b7-966c-82d09326bd6d","GUAN_043.basePlot.ltr","D04","GUAN","GUAN_043","GUAN_043_562","2016-07-14","2016-05-02","2016-06-28","2016-07-11T13:00Z","2016-07-14T11:00Z","NEON.LTR.GUAN043562.20160628","NEON.LTR.GUAN043562.20160628.WDY","NEON.DOC.001710vE","Woody material",4.58,"Y",NA,"bLuA32XSwhQ1UEFOt6rO3xlOtBx7Ppbg"
"a5234e59-447d-4083-a453-24ced5b23d52","GUAN_052.basePlot.ltr","D04","GUAN","GUAN_052","GUAN_052_280","2016-07-14","2016-05-02","2016-06-28","2016-07-11T13:00Z","2016-07-14T11:00Z","NEON.LTR.GUAN052280.20160628","NEON.LTR.GUAN052280.20160628.NDL","NEON.DOC.001710vE","Needles",0,"N",NA,"bLuA32XSwhQ1UEFOt6rO3xlOtBx7Ppbg"
"22f7e7d5-921f-430f-aa4d-ad452f87b343","GUAN_043.basePlot.ltr","D04","GUAN","GUAN_043","GUAN_043_562","2016-07-14","2016-05-02","2016-06-28","2016-07-11T13:00Z","2016-07-14T11:00Z","NEON.LTR.GUAN043562.20160628","NEON.LTR.GUAN043562.20160628.FLR","NEON.DOC.001710vE","Flowers",14.69,"Y",NA,"bLuA32XSwhQ1UEFOt6rO3xlOtBx7Ppbg"
"2473a82d-468f-4335-919a-2ec0723acf08","GUAN_043.basePlot.ltr","D04","GUAN","GUAN_043","GUAN_043_562","2016-07-14","2016-05-02","2016-06-28","2016-07-11T13:00Z","2016-07-14T11:00Z","NEON.LTR.GUAN043562.20160628","NEON.LTR.GUAN043562.20160628.NDL","NEON.DOC.001710vE","Needles",0,"N",NA,"bLuA32XSwhQ1UEFOt6rO3xlOtBx7Ppbg"
"986ae005-8b41-460a-8444-6beded90981e","GUAN_057.basePlot.ltr","D04","GUAN","GUAN_057","GUAN_057_673","2016-07-14","2016-05-02","2016-06-28","2016-07-11T13:00Z","2016-07-14T11:00Z","NEON.LTR.GUAN057673.20160628","NEON.LTR.GUAN057673.20160628.SDS","NEON.DOC.001710vE","Seeds",5.34,"N",NA,"bLuA32XSwhQ1UEFOt6rO3xlOtBx7Ppbg"
"f20b13bf-e319-46e9-9bba-4107a5de4b17","GUAN_057.basePlot.ltr","D04","GUAN","GUAN_057","GUAN_057_673","2016-07-14","2016-05-02","2016-06-28","2016-07-11T13:00Z","2016-07-14T11:00Z","NEON.LTR.GUAN057673.20160628","NEON.LTR.GUAN057673.20160628.FLR","NEON.DOC.001710vE","Flowers",0.71,"N",NA,"bLuA32XSwhQ1UEFOt6rO3xlOtBx7Ppbg"
"38eadd33-3c34-4925-9ef9-75d5499b4000","GUAN_057.basePlot.ltr","D04","GUAN","GUAN_057","GUAN_057_673","2016-07-14","2016-05-02","2016-06-28","2016-07-11T13:00Z","2016-07-14T11:00Z","NEON.LTR.GUAN057673.20160628","NEON.LTR.GUAN057673.20160628.OTH","NEON.DOC.001710vE","Other",0.05,"N",NA,"bLuA32XSwhQ1UEFOt6rO3xlOtBx7Ppbg"
"24d7c2a1-b713-4cb3-b87f-9637d6de09ef","GUAN_057.basePlot.ltr","D04","GUAN","GUAN_057","GUAN_057_673","2016-07-14","2016-05-02","2016-06-28","2016-07-11T13:00Z","2016-07-14T11:00Z","NEON.LTR.GUAN057673.20160628","NEON.LTR.GUAN057673.20160628.TWI","NEON.DOC.001710vE","Twigs/branches",0.87,"N",NA,"bLuA32XSwhQ1UEFOt6rO3xlOtBx7Ppbg"
"9564e2f7-5ba7-476a-b2ed-23d6cf198737","GUAN_057.basePlot.ltr","D04","GUAN","GUAN_057","GUAN_057_673","2016-07-14","2016-05-02","2016-06-28","2016-07-11T13:00Z","2016-07-14T11:00Z","NEON.LTR.GUAN057673.20160628","NEON.LTR.GUAN057673.20160628.NDL","NEON.DOC.001710vE","Needles",0,"N",NA,"bLuA32XSwhQ1UEFOt6rO3xlOtBx7Ppbg"
"7a4df986-9376-43e3-badd-5925c3c84f53","GUAN_057.basePlot.ltr","D04","GUAN","GUAN_057","GUAN_057_673","2016-07-14","2016-05-02","2016-06-28","2016-07-11T13:00Z","2016-07-14T11:00Z","NEON.LTR.GUAN057673.20160628","NEON.LTR.GUAN057673.20160628.LVS","NEON.DOC.001710vE","Leaves",12.69,"N",NA,"bLuA32XSwhQ1UEFOt6rO3xlOtBx7Ppbg"
"8d0ee16e-1b84-4c85-825b-974edfe5e578","GUAN_057.basePlot.ltr","D04","GUAN","GUAN_057","GUAN_057_673","2016-07-14","2016-05-02","2016-06-28","2016-07-11T13:00Z","2016-07-14T11:00Z","NEON.LTR.GUAN057673.20160628","NEON.LTR.GUAN057673.20160628.WDY","NEON.DOC.001710vE","Woody material",0,"N",NA,"bLuA32XSwhQ1UEFOt6rO3xlOtBx7Ppbg"
"da8a4a76-4401-4d5e-b1ea-8d9b1dfef645","GUAN_046.basePlot.ltr","D04","GUAN","GUAN_046","GUAN_046_021","2016-07-14","2016-05-02","2016-06-28","2016-07-11T13:00Z","2016-07-14T11:00Z","NEON.LTR.GUAN046021.20160628","NEON.LTR.GUAN046021.20160628.LVS","NEON.DOC.001710vE","Leaves",19.77,"N",NA,"bLuA32XSwhQ1UEFOt6rO3xlOtBx7Ppbg"
"f619f92a-d7f5-442a-9348-f9b484ab2eb8","GUAN_046.basePlot.ltr","D04","GUAN","GUAN_046","GUAN_046_021","2016-07-14","2016-05-02","2016-06-28","2016-07-11T13:00Z","2016-07-14T11:00Z","NEON.LTR.GUAN046021.20160628","NEON.LTR.GUAN046021.20160628.SDS","NEON.DOC.001710vE","Seeds",2.53,"N",NA,"bLuA32XSwhQ1UEFOt6rO3xlOtBx7Ppbg"
"3cbe36ad-080c-4e12-9e05-4407deeda568","GUAN_046.basePlot.ltr","D04","GUAN","GUAN_046","GUAN_046_021","2016-07-14","2016-05-02","2016-06-28","2016-07-11T13:00Z","2016-07-14T11:00Z","NEON.LTR.GUAN046021.20160628","NEON.LTR.GUAN046021.20160628.FLR","NEON.DOC.001710vE","Flowers",0.93,"N",NA,"bLuA32XSwhQ1UEFOt6rO3xlOtBx7Ppbg"
"aa349b53-5791-4e4a-af2a-131f2e708dfe","GUAN_046.basePlot.ltr","D04","GUAN","GUAN_046","GUAN_046_021","2016-07-14","2016-05-02","2016-06-28","2016-07-11T13:00Z","2016-07-14T11:00Z","NEON.LTR.GUAN046021.20160628","NEON.LTR.GUAN046021.20160628.TWI","NEON.DOC.001710vE","Twigs/branches",0.43,"N",NA,"bLuA32XSwhQ1UEFOt6rO3xlOtBx7Ppbg"
"d5e1def8-d1ae-4e7d-a2cf-3629f1f451a1","GUAN_042.basePlot.ltr","D04","GUAN","GUAN_042","GUAN_042_162","2016-07-14","2016-05-02","2016-06-28","2016-07-11T13:00Z","2016-07-14T11:00Z","NEON.LTR.GUAN042162.20160628","NEON.LTR.GUAN042162.20160628.OTH","NEON.DOC.001710vE","Other",1.35,"N",NA,"bLuA32XSwhQ1UEFOt6rO3xlOtBx7Ppbg"
"84c53808-431c-4189-9776-0a5fdcce9ac2","GUAN_042.basePlot.ltr","D04","GUAN","GUAN_042","GUAN_042_162","2016-07-14","2016-05-02","2016-06-28","2016-07-11T13:00Z","2016-07-14T11:00Z","NEON.LTR.GUAN042162.20160628","NEON.LTR.GUAN042162.20160628.TWI","NEON.DOC.001710vE","Twigs/branches",17.72,"N",NA,"bLuA32XSwhQ1UEFOt6rO3xlOtBx7Ppbg"
"8fb49ed0-2c5d-4174-8e98-888c156b3983","GUAN_042.basePlot.ltr","D04","GUAN","GUAN_042","GUAN_042_162","2016-07-14","2016-05-02","2016-06-28","2016-07-11T13:00Z","2016-07-14T11:00Z","NEON.LTR.GUAN042162.20160628","NEON.LTR.GUAN042162.20160628.WDY","NEON.DOC.001710vE","Woody material",5.61,"N",NA,"bLuA32XSwhQ1UEFOt6rO3xlOtBx7Ppbg"
"0131dc8e-f37e-405e-be37-bf39ccb7d029","GUAN_042.basePlot.ltr","D04","GUAN","GUAN_042","GUAN_042_162","2016-07-14","2016-05-02","2016-06-28","2016-07-11T13:00Z","2016-07-14T11:00Z","NEON.LTR.GUAN042162.20160628","NEON.LTR.GUAN042162.20160628.NDL","NEON.DOC.001710vE","Needles",0,"N",NA,"bLuA32XSwhQ1UEFOt6rO3xlOtBx7Ppbg"
"4b81a641-818c-4e8a-81ac-0605bf19b3b0","GUAN_051.basePlot.ltr","D04","GUAN","GUAN_051","GUAN_051_062","2016-07-14","2016-05-02","2016-06-28","2016-07-11T13:00Z","2016-07-14T11:00Z","NEON.LTR.GUAN051062.20160628","NEON.LTR.GUAN051062.20160628.LVS","NEON.DOC.001710vE","Leaves",49.21,"Y",NA,"bLuA32XSwhQ1UEFOt6rO3xlOtBx7Ppbg"
"95a08f16-933e-4467-b990-ead8fab04ff9","GUAN_051.basePlot.ltr","D04","GUAN","GUAN_051","GUAN_051_062","2016-07-14","2016-05-02","2016-06-28","2016-07-11T13:00Z","2016-07-14T11:00Z","NEON.LTR.GUAN051062.20160628","NEON.LTR.GUAN051062.20160628.SDS","NEON.DOC.001710vE","Seeds",0.27,"Y",NA,"bLuA32XSwhQ1UEFOt6rO3xlOtBx7Ppbg"
"44e774fa-5622-44f2-b069-a6c871844fb7","GUAN_051.basePlot.ltr","D04","GUAN","GUAN_051","GUAN_051_062","2016-07-14","2016-05-02","2016-06-28","2016-07-11T13:00Z","2016-07-14T11:00Z","NEON.LTR.GUAN051062.20160628","NEON.LTR.GUAN051062.20160628.FLR","NEON.DOC.001710vE","Flowers",0.55,"Y",NA,"bLuA32XSwhQ1UEFOt6rO3xlOtBx7Ppbg"
"37da59d5-03b2-40c5-b345-0f6a34ee37e0","GUAN_051.basePlot.ltr","D04","GUAN","GUAN_051","GUAN_051_062","2016-07-14","2016-05-02","2016-06-28","2016-07-11T13:00Z","2016-07-14T11:00Z","NEON.LTR.GUAN051062.20160628","NEON.LTR.GUAN051062.20160628.NDL","NEON.DOC.001710vE","Needles",0,"N",NA,"bLuA32XSwhQ1UEFOt6rO3xlOtBx7Ppbg"
"898422b4-9125-4555-94d2-daef786becdc","GUAN_050.basePlot.ltr","D04","GUAN","GUAN_050","GUAN_050_132","2016-07-14","2016-05-02","2016-06-28","2016-07-11T13:00Z","2016-07-14T11:00Z","NEON.LTR.GUAN050132.20160628","NEON.LTR.GUAN050132.20160628.WDY","NEON.DOC.001710vE","Woody material",13.38,"N",NA,"bLuA32XSwhQ1UEFOt6rO3xlOtBx7Ppbg"
"d1d8670b-ec49-4123-83d3-d1876baab7cb","GUAN_050.basePlot.ltr","D04","GUAN","GUAN_050","GUAN_050_132","2016-07-14","2016-05-02","2016-06-28","2016-07-11T13:00Z","2016-07-14T11:00Z","NEON.LTR.GUAN050132.20160628","NEON.LTR.GUAN050132.20160628.NDL","NEON.DOC.001710vE","Needles",0,"N",NA,"bLuA32XSwhQ1UEFOt6rO3xlOtBx7Ppbg"
"0e400d6c-bdfc-483d-839d-00cf81106df2","GUAN_050.basePlot.ltr","D04","GUAN","GUAN_050","GUAN_050_132","2016-07-14","2016-05-02","2016-06-28","2016-07-11T13:00Z","2016-07-14T11:00Z","NEON.LTR.GUAN050132.20160628","NEON.LTR.GUAN050132.20160628.OTH","NEON.DOC.001710vE","Other",0.19,"N",NA,"bLuA32XSwhQ1UEFOt6rO3xlOtBx7Ppbg"
"5a516ca4-1e96-4905-9b13-053a4d83fd2a","GUAN_042.basePlot.ltr","D04","GUAN","GUAN_042","GUAN_042_162","2016-07-14","2016-05-02","2016-06-28","2016-07-11T13:00Z","2016-07-14T11:00Z","NEON.LTR.GUAN042162.20160628","NEON.LTR.GUAN042162.20160628.LVS","NEON.DOC.001710vE","Leaves",24.62,"N",NA,"bLuA32XSwhQ1UEFOt6rO3xlOtBx7Ppbg"
"0b80dff8-2070-4866-9c9f-96f72ccb7cc1","GUAN_042.basePlot.ltr","D04","GUAN","GUAN_042","GUAN_042_162","2016-07-14","2016-05-02","2016-06-28","2016-07-11T13:00Z","2016-07-14T11:00Z","NEON.LTR.GUAN042162.20160628","NEON.LTR.GUAN042162.20160628.FLR","NEON.DOC.001710vE","Flowers",0.06,"N",NA,"bLuA32XSwhQ1UEFOt6rO3xlOtBx7Ppbg"
"adc201d4-9eac-46ac-ac1a-67a085b6b186","GUAN_050.basePlot.ltr","D04","GUAN","GUAN_050","GUAN_050_132","2016-07-14","2016-05-02","2016-06-28","2016-07-11T13:00Z","2016-07-14T11:00Z","NEON.LTR.GUAN050132.20160628","NEON.LTR.GUAN050132.20160628.SDS","NEON.DOC.001710vE","Seeds",5.95,"N",NA,"bLuA32XSwhQ1UEFOt6rO3xlOtBx7Ppbg"
"ac13f7af-809c-49c0-92b1-980c58461f49","GUAN_050.basePlot.ltr","D04","GUAN","GUAN_050","GUAN_050_132","2016-07-14","2016-05-02","2016-06-28","2016-07-11T13:00Z","2016-07-14T11:00Z","NEON.LTR.GUAN050132.20160628","NEON.LTR.GUAN050132.20160628.FLR","NEON.DOC.001710vE","Flowers",0.06,"N",NA,"bLuA32XSwhQ1UEFOt6rO3xlOtBx7Ppbg"
"d254f480-bd87-4ccf-ae24-96f8b30c5e89","GUAN_042.basePlot.ltr","D04","GUAN","GUAN_042","GUAN_042_162","2016-07-14","2016-05-02","2016-06-28","2016-07-11T13:00Z","2016-07-14T11:00Z","NEON.LTR.GUAN042162.20160628","NEON.LTR.GUAN042162.20160628.SDS","NEON.DOC.001710vE","Seeds",0.28,"N",NA,"bLuA32XSwhQ1UEFOt6rO3xlOtBx7Ppbg"
"b7ba8a7a-7f9b-46aa-8a6d-7af382f4ac75","GUAN_042.basePlot.ltr","D04","GUAN","GUAN_042","GUAN_042_700","2016-07-14","2016-05-02","2016-06-28","2016-07-11T13:00Z","2016-07-14T11:00Z","NEON.LTR.GUAN042700.20160628","NEON.LTR.GUAN042700.20160628.OTH","NEON.DOC.001710vE","Other",0.54,"N",NA,"bLuA32XSwhQ1UEFOt6rO3xlOtBx7Ppbg"
"17dbac28-d89e-4d3e-a07c-b7dc2a53f891","GUAN_050.basePlot.ltr","D04","GUAN","GUAN_050","GUAN_050_132","2016-07-14","2016-05-02","2016-06-28","2016-07-11T13:00Z","2016-07-14T11:00Z","NEON.LTR.GUAN050132.20160628","NEON.LTR.GUAN050132.20160628.LVS","NEON.DOC.001710vE","Leaves",13.28,"N",NA,"bLuA32XSwhQ1UEFOt6rO3xlOtBx7Ppbg"
"b958222d-c2b2-4ae7-b208-c36c02e05617","GUAN_042.basePlot.ltr","D04","GUAN","GUAN_042","GUAN_042_700","2016-07-14","2016-05-02","2016-06-28","2016-07-11T13:00Z","2016-07-14T11:00Z","NEON.LTR.GUAN042700.20160628","NEON.LTR.GUAN042700.20160628.WDY","NEON.DOC.001710vE","Woody material",0.42,"N",NA,"bLuA32XSwhQ1UEFOt6rO3xlOtBx7Ppbg"
"48ec09b5-5f4d-4be6-bcad-8c92fe8cdcf4","GUAN_042.basePlot.ltr","D04","GUAN","GUAN_042","GUAN_042_700","2016-07-14","2016-05-02","2016-06-28","2016-07-11T13:00Z","2016-07-14T11:00Z","NEON.LTR.GUAN042700.20160628","NEON.LTR.GUAN042700.20160628.NDL","NEON.DOC.001710vE","Needles",0,"N",NA,"bLuA32XSwhQ1UEFOt6rO3xlOtBx7Ppbg"
"46b49b29-4dbf-4f29-a3e1-696d58705ef6","GUAN_050.basePlot.ltr","D04","GUAN","GUAN_050","GUAN_050_132","2016-07-14","2016-05-02","2016-06-28","2016-07-11T13:00Z","2016-07-14T11:00Z","NEON.LTR.GUAN050132.20160628","NEON.LTR.GUAN050132.20160628.TWI","NEON.DOC.001710vE","Twigs/branches",2.1,"N",NA,"bLuA32XSwhQ1UEFOt6rO3xlOtBx7Ppbg"
"8664fa77-042b-4e75-9b7c-81cf74eb7f41","GUAN_042.basePlot.ltr","D04","GUAN","GUAN_042","GUAN_042_700","2016-07-14","2016-05-02","2016-06-28","2016-07-11T13:00Z","2016-07-14T11:00Z","NEON.LTR.GUAN042700.20160628","NEON.LTR.GUAN042700.20160628.SDS","NEON.DOC.001710vE","Seeds",0.13,"N",NA,"bLuA32XSwhQ1UEFOt6rO3xlOtBx7Ppbg"
"89cbe5df-5410-4280-9c13-214569aadcf6","GUAN_042.basePlot.ltr","D04","GUAN","GUAN_042","GUAN_042_700","2016-07-14","2016-05-02","2016-06-28","2016-07-11T13:00Z","2016-07-14T11:00Z","NEON.LTR.GUAN042700.20160628","NEON.LTR.GUAN042700.20160628.FLR","NEON.DOC.001710vE","Flowers",1.28,"N",NA,"bLuA32XSwhQ1UEFOt6rO3xlOtBx7Ppbg"
"90d0f8ac-f90c-4aad-b1c2-f955ad0ad46d","GUAN_042.basePlot.ltr","D04","GUAN","GUAN_042","GUAN_042_700","2016-07-14","2016-05-02","2016-06-28","2016-07-11T13:00Z","2016-07-14T11:00Z","NEON.LTR.GUAN042700.20160628","NEON.LTR.GUAN042700.20160628.TWI","NEON.DOC.001710vE","Twigs/branches",1.78,"N",NA,"bLuA32XSwhQ1UEFOt6rO3xlOtBx7Ppbg"
"18b03833-0e05-4054-ab5b-2c0039f88a1b","GUAN_042.basePlot.ltr","D04","GUAN","GUAN_042","GUAN_042_700","2016-07-14","2016-05-02","2016-06-28","2016-07-11T13:00Z","2016-07-14T11:00Z","NEON.LTR.GUAN042700.20160628","NEON.LTR.GUAN042700.20160628.LVS","NEON.DOC.001710vE","Leaves",10.3,"N",NA,"bLuA32XSwhQ1UEFOt6rO3xlOtBx7Ppbg"
"a93909a2-f250-4a95-8cd5-99ad9b9b99fd","GUAN_050.basePlot.ltr","D04","GUAN","GUAN_050","GUAN_050_850","2016-07-14","2016-05-02","2016-06-28","2016-07-11T13:00Z","2016-07-14T11:00Z","NEON.LTR.GUAN050850.20160628","NEON.LTR.GUAN050850.20160628.NDL","NEON.DOC.001710vE","Needles",0,"N",NA,"bLuA32XSwhQ1UEFOt6rO3xlOtBx7Ppbg"
"be6df2da-2d82-40d2-8e33-82dde737f99e","GUAN_050.basePlot.ltr","D04","GUAN","GUAN_050","GUAN_050_850","2016-07-14","2016-05-02","2016-06-28","2016-07-11T13:00Z","2016-07-14T11:00Z","NEON.LTR.GUAN050850.20160628","NEON.LTR.GUAN050850.20160628.WDY","NEON.DOC.001710vE","Woody material",0,"N",NA,"bLuA32XSwhQ1UEFOt6rO3xlOtBx7Ppbg"
"402f6cdb-ced8-475f-9078-fe2cadb1fc53","GUAN_050.basePlot.ltr","D04","GUAN","GUAN_050","GUAN_050_850","2016-07-14","2016-05-02","2016-06-28","2016-07-11T13:00Z","2016-07-14T11:00Z","NEON.LTR.GUAN050850.20160628","NEON.LTR.GUAN050850.20160628.FLR","NEON.DOC.001710vE","Flowers",4.9,"N",NA,"bLuA32XSwhQ1UEFOt6rO3xlOtBx7Ppbg"
"d41a1d3c-c177-4bef-8df0-49102ffb5f6b","GUAN_050.basePlot.ltr","D04","GUAN","GUAN_050","GUAN_050_850","2016-07-14","2016-05-02","2016-06-28","2016-07-11T13:00Z","2016-07-14T11:00Z","NEON.LTR.GUAN050850.20160628","NEON.LTR.GUAN050850.20160628.OTH","NEON.DOC.001710vE","Other",0.01,"N",NA,"bLuA32XSwhQ1UEFOt6rO3xlOtBx7Ppbg"
"b9d5512e-2539-4b35-b437-7e9c6d9121f7","GUAN_050.basePlot.ltr","D04","GUAN","GUAN_050","GUAN_050_850","2016-07-14","2016-05-02","2016-06-28","2016-07-11T13:00Z","2016-07-14T11:00Z","NEON.LTR.GUAN050850.20160628","NEON.LTR.GUAN050850.20160628.TWI","NEON.DOC.001710vE","Twigs/branches",0.31,"N",NA,"bLuA32XSwhQ1UEFOt6rO3xlOtBx7Ppbg"
"b0ac61a3-3bce-4823-baaf-6604cbe9a376","GUAN_060.basePlot.ltr","D04","GUAN","GUAN_060","GUAN_060_673","2016-07-07","2016-05-02","2016-06-28","2016-07-05T14:30Z","2016-07-07T20:30Z","NEON.LTR.GUAN060673.20160628","NEON.LTR.GUAN060673.20160628.NDL","NEON.DOC.001710vE","Needles",0,"N",NA,"dkUVz+Ep9mjwe8AKJjPrCYTGVeHZyOun"
"7d7ed196-0cc9-4ce5-a266-a356194659e7","GUAN_050.basePlot.ltr","D04","GUAN","GUAN_050","GUAN_050_850","2016-07-14","2016-05-02","2016-06-28","2016-07-11T13:00Z","2016-07-14T11:00Z","NEON.LTR.GUAN050850.20160628","NEON.LTR.GUAN050850.20160628.LVS","NEON.DOC.001710vE","Leaves",6.65,"N",NA,"bLuA32XSwhQ1UEFOt6rO3xlOtBx7Ppbg"
"18a9ecca-1d66-4ec9-b3c5-e55db020e224","GUAN_050.basePlot.ltr","D04","GUAN","GUAN_050","GUAN_050_850","2016-07-14","2016-05-02","2016-06-28","2016-07-11T13:00Z","2016-07-14T11:00Z","NEON.LTR.GUAN050850.20160628","NEON.LTR.GUAN050850.20160628.SDS","NEON.DOC.001710vE","Seeds",11.64,"N",NA,"bLuA32XSwhQ1UEFOt6rO3xlOtBx7Ppbg"
"794505ad-148e-4886-9e49-478af506e4a0","GUAN_060.basePlot.ltr","D04","GUAN","GUAN_060","GUAN_060_673","2016-07-07","2016-05-02","2016-06-28","2016-07-05T14:30Z","2016-07-07T20:30Z","NEON.LTR.GUAN060673.20160628","NEON.LTR.GUAN060673.20160628.TWI","NEON.DOC.001710vE","Twigs/branches",1.08,"N",NA,"dkUVz+Ep9mjwe8AKJjPrCYTGVeHZyOun"
"6f9bc4ac-fef0-484e-ad49-71f73b45eff9","GUAN_060.basePlot.ltr","D04","GUAN","GUAN_060","GUAN_060_673","2016-07-07","2016-05-02","2016-06-28","2016-07-05T14:30Z","2016-07-07T20:30Z","NEON.LTR.GUAN060673.20160628","NEON.LTR.GUAN060673.20160628.WDY","NEON.DOC.001710vE","Woody material",2.53,"N",NA,"dkUVz+Ep9mjwe8AKJjPrCYTGVeHZyOun"
"19d73538-9afb-47e4-982d-b8bc054079fa","GUAN_060.basePlot.ltr","D04","GUAN","GUAN_060","GUAN_060_673","2016-07-07","2016-05-02","2016-06-28","2016-07-05T14:30Z","2016-07-07T20:30Z","NEON.LTR.GUAN060673.20160628","NEON.LTR.GUAN060673.20160628.SDS","NEON.DOC.001710vE","Seeds",0.6,"N",NA,"dkUVz+Ep9mjwe8AKJjPrCYTGVeHZyOun"
"5b1530f6-b197-4685-bb8b-ba6ef2393e8e","GUAN_060.basePlot.ltr","D04","GUAN","GUAN_060","GUAN_060_673","2016-07-07","2016-05-02","2016-06-28","2016-07-05T14:30Z","2016-07-07T20:30Z","NEON.LTR.GUAN060673.20160628","NEON.LTR.GUAN060673.20160628.FLR","NEON.DOC.001710vE","Flowers",3.43,"N",NA,"dkUVz+Ep9mjwe8AKJjPrCYTGVeHZyOun"
"a110ed52-c111-4fc4-b2fe-89ba37c25576","GUAN_060.basePlot.ltr","D04","GUAN","GUAN_060","GUAN_060_673","2016-07-07","2016-05-02","2016-06-28","2016-07-05T14:30Z","2016-07-07T20:30Z","NEON.LTR.GUAN060673.20160628","NEON.LTR.GUAN060673.20160628.OTH","NEON.DOC.001710vE","Other",5.38,"N",NA,"dkUVz+Ep9mjwe8AKJjPrCYTGVeHZyOun"
"1f9d34a1-3cfd-4819-82c4-c5fc800bb1a8","GUAN_055.basePlot.ltr","D04","GUAN","GUAN_055","GUAN_055_363","2016-07-07","2016-05-02","2016-06-28","2016-07-05T14:30Z","2016-07-07T20:30Z","NEON.LTR.GUAN055363.20160628","NEON.LTR.GUAN055363.20160628.WDY","NEON.DOC.001710vE","Woody material",0.1,"N",NA,"dkUVz+Ep9mjwe8AKJjPrCYTGVeHZyOun"
"35be2f07-2e18-4188-a39c-98b9135ce4b1","GUAN_055.basePlot.ltr","D04","GUAN","GUAN_055","GUAN_055_363","2016-07-07","2016-05-02","2016-06-28","2016-07-05T14:30Z","2016-07-07T20:30Z","NEON.LTR.GUAN055363.20160628","NEON.LTR.GUAN055363.20160628.NDL","NEON.DOC.001710vE","Needles",0,"N",NA,"dkUVz+Ep9mjwe8AKJjPrCYTGVeHZyOun"
"e7ec6cc0-8ea8-428f-b511-c4edb39808d9","GUAN_060.basePlot.ltr","D04","GUAN","GUAN_060","GUAN_060_673","2016-07-07","2016-05-02","2016-06-28","2016-07-05T14:30Z","2016-07-07T20:30Z","NEON.LTR.GUAN060673.20160628","NEON.LTR.GUAN060673.20160628.LVS","NEON.DOC.001710vE","Leaves",29.77,"N",NA,"dkUVz+Ep9mjwe8AKJjPrCYTGVeHZyOun"
"24676a26-c831-4006-b9a6-c7f59a89731a","GUAN_055.basePlot.ltr","D04","GUAN","GUAN_055","GUAN_055_363","2016-07-07","2016-05-02","2016-06-28","2016-07-05T14:30Z","2016-07-07T20:30Z","NEON.LTR.GUAN055363.20160628","NEON.LTR.GUAN055363.20160628.OTH","NEON.DOC.001710vE","Other",0.09,"N",NA,"dkUVz+Ep9mjwe8AKJjPrCYTGVeHZyOun"
"3079a695-a1bd-4e46-ab66-ab27f9fe3b11","GUAN_055.basePlot.ltr","D04","GUAN","GUAN_055","GUAN_055_363","2016-07-07","2016-05-02","2016-06-28","2016-07-05T14:30Z","2016-07-07T20:30Z","NEON.LTR.GUAN055363.20160628","NEON.LTR.GUAN055363.20160628.TWI","NEON.DOC.001710vE","Twigs/branches",6.11,"N",NA,"dkUVz+Ep9mjwe8AKJjPrCYTGVeHZyOun"
"f607bb08-2821-4f11-b744-d6c3149c4349","GUAN_055.basePlot.ltr","D04","GUAN","GUAN_055","GUAN_055_363","2016-07-07","2016-05-02","2016-06-28","2016-07-05T14:30Z","2016-07-07T20:30Z","NEON.LTR.GUAN055363.20160628","NEON.LTR.GUAN055363.20160628.LVS","NEON.DOC.001710vE","Leaves",43.75,"N",NA,"dkUVz+Ep9mjwe8AKJjPrCYTGVeHZyOun"
"b65e91f5-a216-4f21-9f4f-e7bfab098440","GUAN_055.basePlot.ltr","D04","GUAN","GUAN_055","GUAN_055_363","2016-07-07","2016-05-02","2016-06-28","2016-07-05T14:30Z","2016-07-07T20:30Z","NEON.LTR.GUAN055363.20160628","NEON.LTR.GUAN055363.20160628.SDS","NEON.DOC.001710vE","Seeds",3.39,"N",NA,"dkUVz+Ep9mjwe8AKJjPrCYTGVeHZyOun"
"ea918d79-47a0-4148-884f-12c4f715c7d6","GUAN_055.basePlot.ltr","D04","GUAN","GUAN_055","GUAN_055_363","2016-07-07","2016-05-02","2016-06-28","2016-07-05T14:30Z","2016-07-07T20:30Z","NEON.LTR.GUAN055363.20160628","NEON.LTR.GUAN055363.20160628.FLR","NEON.DOC.001710vE","Flowers",0.07,"N",NA,"dkUVz+Ep9mjwe8AKJjPrCYTGVeHZyOun"
"a83bc930-07df-4b08-bfea-93e7d6b5607f","GUAN_054.basePlot.ltr","D04","GUAN","GUAN_054","GUAN_054_880","2016-07-07","2016-05-02","2016-06-28","2016-07-05T14:30Z","2016-07-07T20:30Z","NEON.LTR.GUAN054880.20160628","NEON.LTR.GUAN054880.20160628.TWI","NEON.DOC.001710vE","Twigs/branches",1.05,"Y",NA,"dkUVz+Ep9mjwe8AKJjPrCYTGVeHZyOun"
"12f92766-f115-4aea-8bf1-ab27b5b4dc96","GUAN_054.basePlot.ltr","D04","GUAN","GUAN_054","GUAN_054_880","2016-07-07","2016-05-02","2016-06-28","2016-07-05T14:30Z","2016-07-07T20:30Z","NEON.LTR.GUAN054880.20160628","NEON.LTR.GUAN054880.20160628.NDL","NEON.DOC.001710vE","Needles",0,"N",NA,"dkUVz+Ep9mjwe8AKJjPrCYTGVeHZyOun"
"32c0a654-6ce5-45dd-bdcf-2a654b8bdd90","GUAN_054.basePlot.ltr","D04","GUAN","GUAN_054","GUAN_054_880","2016-07-07","2016-05-02","2016-06-28","2016-07-05T14:30Z","2016-07-07T20:30Z","NEON.LTR.GUAN054880.20160628","NEON.LTR.GUAN054880.20160628.WDY","NEON.DOC.001710vE","Woody material",0,"N",NA,"dkUVz+Ep9mjwe8AKJjPrCYTGVeHZyOun"
"589af4aa-62d9-4f36-b8e4-4392c3a39037","GUAN_054.basePlot.ltr","D04","GUAN","GUAN_054","GUAN_054_880","2016-07-07","2016-05-02","2016-06-28","2016-07-05T14:30Z","2016-07-07T20:30Z","NEON.LTR.GUAN054880.20160628","NEON.LTR.GUAN054880.20160628.FLR","NEON.DOC.001710vE","Flowers",0.02,"N",NA,"dkUVz+Ep9mjwe8AKJjPrCYTGVeHZyOun"
"7e6da438-4094-42bb-9e03-01edd6de7d15","GUAN_054.basePlot.ltr","D04","GUAN","GUAN_054","GUAN_054_880","2016-07-07","2016-05-02","2016-06-28","2016-07-05T14:30Z","2016-07-07T20:30Z","NEON.LTR.GUAN054880.20160628","NEON.LTR.GUAN054880.20160628.OTH","NEON.DOC.001710vE","Other",1.68,"N",NA,"dkUVz+Ep9mjwe8AKJjPrCYTGVeHZyOun"
"29456943-4c19-4f3d-b5b7-0a33eb97cbb5","GUAN_054.basePlot.ltr","D04","GUAN","GUAN_054","GUAN_054_880","2016-07-07","2016-05-02","2016-06-28","2016-07-05T14:30Z","2016-07-07T20:30Z","NEON.LTR.GUAN054880.20160628","NEON.LTR.GUAN054880.20160628.SDS","NEON.DOC.001710vE","Seeds",0.91,"N",NA,"dkUVz+Ep9mjwe8AKJjPrCYTGVeHZyOun"
"9f45552d-ebf0-4aba-b5bd-d2fdb0026432","GUAN_054.basePlot.ltr","D04","GUAN","GUAN_054","GUAN_054_880","2016-07-07","2016-05-02","2016-06-28","2016-07-05T14:30Z","2016-07-07T20:30Z","NEON.LTR.GUAN054880.20160628","NEON.LTR.GUAN054880.20160628.LVS","NEON.DOC.001710vE","Leaves",51.05,"N",NA,"dkUVz+Ep9mjwe8AKJjPrCYTGVeHZyOun"
"704269b7-ce06-4e37-a559-0bc597cf348e","GUAN_044.basePlot.ltr","D04","GUAN","GUAN_044","GUAN_044_385","2016-07-07","2016-05-02","2016-06-28","2016-07-05T14:30Z","2016-07-07T20:30Z","NEON.LTR.GUAN044385.20160628","NEON.LTR.GUAN044385.20160628.TWI","NEON.DOC.001710vE","Twigs/branches",1.29,"Y",NA,"dkUVz+Ep9mjwe8AKJjPrCYTGVeHZyOun"
"05a3e511-d623-409c-a2a8-b0cf52fb4d21","GUAN_044.basePlot.ltr","D04","GUAN","GUAN_044","GUAN_044_385","2016-07-07","2016-05-02","2016-06-28","2016-07-05T14:30Z","2016-07-07T20:30Z","NEON.LTR.GUAN044385.20160628","NEON.LTR.GUAN044385.20160628.WDY","NEON.DOC.001710vE","Woody material",0.12,"Y",NA,"dkUVz+Ep9mjwe8AKJjPrCYTGVeHZyOun"
"88f766e1-9ff1-49ce-adb7-4340a825acf8","GUAN_044.basePlot.ltr","D04","GUAN","GUAN_044","GUAN_044_385","2016-07-07","2016-05-02","2016-06-28","2016-07-05T14:30Z","2016-07-07T20:30Z","NEON.LTR.GUAN044385.20160628","NEON.LTR.GUAN044385.20160628.NDL","NEON.DOC.001710vE","Needles",0,"N",NA,"dkUVz+Ep9mjwe8AKJjPrCYTGVeHZyOun"
"3f1773ce-2555-4095-af81-2f43d2a03a14","GUAN_044.basePlot.ltr","D04","GUAN","GUAN_044","GUAN_044_385","2016-07-07","2016-05-02","2016-06-28","2016-07-05T14:30Z","2016-07-07T20:30Z","NEON.LTR.GUAN044385.20160628","NEON.LTR.GUAN044385.20160628.FLR","NEON.DOC.001710vE","Flowers",0.47,"N",NA,"dkUVz+Ep9mjwe8AKJjPrCYTGVeHZyOun"
"3a1f3fc0-2587-40e6-8b03-56f4ea62a212","GUAN_044.basePlot.ltr","D04","GUAN","GUAN_044","GUAN_044_385","2016-07-07","2016-05-02","2016-06-28","2016-07-05T14:30Z","2016-07-07T20:30Z","NEON.LTR.GUAN044385.20160628","NEON.LTR.GUAN044385.20160628.OTH","NEON.DOC.001710vE","Other",0.23,"N",NA,"dkUVz+Ep9mjwe8AKJjPrCYTGVeHZyOun"
"e13f73ae-64b5-4f25-9fd5-4f15e0254484","GUAN_059.basePlot.ltr","D04","GUAN","GUAN_059","GUAN_059_658","2016-07-07","2016-05-02","2016-06-28","2016-07-05T14:30Z","2016-07-07T20:30Z","NEON.LTR.GUAN059658.20160628","NEON.LTR.GUAN059658.20160628.FLR","NEON.DOC.001710vE","Flowers",0.04,"N",NA,"dkUVz+Ep9mjwe8AKJjPrCYTGVeHZyOun"
"78978844-4e07-4fd0-8dda-83a4f2b6bb2a","GUAN_059.basePlot.ltr","D04","GUAN","GUAN_059","GUAN_059_658","2016-07-07","2016-05-02","2016-06-28","2016-07-05T14:30Z","2016-07-07T20:30Z","NEON.LTR.GUAN059658.20160628","NEON.LTR.GUAN059658.20160628.TWI","NEON.DOC.001710vE","Twigs/branches",3.77,"N",NA,"dkUVz+Ep9mjwe8AKJjPrCYTGVeHZyOun"
"532e5e2c-fe55-4598-a286-0a51a93b525c","GUAN_059.basePlot.ltr","D04","GUAN","GUAN_059","GUAN_059_658","2016-07-07","2016-05-02","2016-06-28","2016-07-05T14:30Z","2016-07-07T20:30Z","NEON.LTR.GUAN059658.20160628","NEON.LTR.GUAN059658.20160628.WDY","NEON.DOC.001710vE","Woody material",0.01,"N",NA,"dkUVz+Ep9mjwe8AKJjPrCYTGVeHZyOun"
"1dc4ebea-1008-4131-ab32-f9c3ba68cc57","GUAN_057.basePlot.ltr","D04","GUAN","GUAN_057","GUAN_057_196","2016-07-07","2016-05-02","2016-06-28","2016-07-05T14:30Z","2016-07-07T20:30Z","NEON.LTR.GUAN057196.20160628","NEON.LTR.GUAN057196.20160628.WDY","NEON.DOC.001710vE","Woody material",0,"N",NA,"dkUVz+Ep9mjwe8AKJjPrCYTGVeHZyOun"
"04f08205-66b1-41b8-aa81-f78ba9dd5fa7","GUAN_059.basePlot.ltr","D04","GUAN","GUAN_059","GUAN_059_658","2016-07-07","2016-05-02","2016-06-28","2016-07-05T14:30Z","2016-07-07T20:30Z","NEON.LTR.GUAN059658.20160628","NEON.LTR.GUAN059658.20160628.LVS","NEON.DOC.001710vE","Leaves",28.77,"N",NA,"dkUVz+Ep9mjwe8AKJjPrCYTGVeHZyOun"
"6b84bd01-da5e-4d7b-8f6b-1bc79d4a68ea","GUAN_059.basePlot.ltr","D04","GUAN","GUAN_059","GUAN_059_658","2016-07-07","2016-05-02","2016-06-28","2016-07-05T14:30Z","2016-07-07T20:30Z","NEON.LTR.GUAN059658.20160628","NEON.LTR.GUAN059658.20160628.SDS","NEON.DOC.001710vE","Seeds",0.08,"N",NA,"dkUVz+Ep9mjwe8AKJjPrCYTGVeHZyOun"
"8be521bd-54d6-4141-954d-e993299193f7","GUAN_057.basePlot.ltr","D04","GUAN","GUAN_057","GUAN_057_196","2016-07-07","2016-05-02","2016-06-28","2016-07-05T14:30Z","2016-07-07T20:30Z","NEON.LTR.GUAN057196.20160628","NEON.LTR.GUAN057196.20160628.OTH","NEON.DOC.001710vE","Other",0.01,"N",NA,"dkUVz+Ep9mjwe8AKJjPrCYTGVeHZyOun"
"761052ce-e398-4042-8719-712ddb8f22e4","GUAN_057.basePlot.ltr","D04","GUAN","GUAN_057","GUAN_057_196","2016-07-07","2016-05-02","2016-06-28","2016-07-05T14:30Z","2016-07-07T20:30Z","NEON.LTR.GUAN057196.20160628","NEON.LTR.GUAN057196.20160628.TWI","NEON.DOC.001710vE","Twigs/branches",1.82,"Y",NA,"dkUVz+Ep9mjwe8AKJjPrCYTGVeHZyOun"
"7fb2a080-d6d2-47e0-9920-8b9cbddf831d","GUAN_057.basePlot.ltr","D04","GUAN","GUAN_057","GUAN_057_196","2016-07-07","2016-05-02","2016-06-28","2016-07-05T14:30Z","2016-07-07T20:30Z","NEON.LTR.GUAN057196.20160628","NEON.LTR.GUAN057196.20160628.NDL","NEON.DOC.001710vE","Needles",0,"N",NA,"dkUVz+Ep9mjwe8AKJjPrCYTGVeHZyOun"
"939e5f5e-8b74-4237-a8dd-ef8b0e1b3d39","GUAN_057.basePlot.ltr","D04","GUAN","GUAN_057","GUAN_057_196","2016-07-07","2016-05-02","2016-06-28","2016-07-05T14:30Z","2016-07-07T20:30Z","NEON.LTR.GUAN057196.20160628","NEON.LTR.GUAN057196.20160628.SDS","NEON.DOC.001710vE","Seeds",0.1,"N",NA,"dkUVz+Ep9mjwe8AKJjPrCYTGVeHZyOun"
"39a7af1d-16fb-419a-931e-3a4f9a081b50","GUAN_057.basePlot.ltr","D04","GUAN","GUAN_057","GUAN_057_196","2016-07-07","2016-05-02","2016-06-28","2016-07-05T14:30Z","2016-07-07T20:30Z","NEON.LTR.GUAN057196.20160628","NEON.LTR.GUAN057196.20160628.FLR","NEON.DOC.001710vE","Flowers",0.02,"N",NA,"dkUVz+Ep9mjwe8AKJjPrCYTGVeHZyOun"
"db13e7ea-cc5e-4581-b18c-7dfdabe3873d","GUAN_046.basePlot.ltr","D04","GUAN","GUAN_046","GUAN_046_824","2016-07-07","2016-05-02","2016-06-28","2016-07-05T14:30Z","2016-07-07T20:30Z","NEON.LTR.GUAN046824.20160628","NEON.LTR.GUAN046824.20160628.NDL","NEON.DOC.001710vE","Needles",0,"N",NA,"dkUVz+Ep9mjwe8AKJjPrCYTGVeHZyOun"
"1ed50ddc-a229-4af7-b85e-1ab4f53a2fce","GUAN_046.basePlot.ltr","D04","GUAN","GUAN_046","GUAN_046_824","2016-07-07","2016-05-02","2016-06-28","2016-07-05T14:30Z","2016-07-07T20:30Z","NEON.LTR.GUAN046824.20160628","NEON.LTR.GUAN046824.20160628.FLR","NEON.DOC.001710vE","Flowers",0,"N",NA,"dkUVz+Ep9mjwe8AKJjPrCYTGVeHZyOun"
"1ebfd3a3-1f90-42dc-9ba7-74d42e028f7e","GUAN_057.basePlot.ltr","D04","GUAN","GUAN_057","GUAN_057_196","2016-07-07","2016-05-02","2016-06-28","2016-07-05T14:30Z","2016-07-07T20:30Z","NEON.LTR.GUAN057196.20160628","NEON.LTR.GUAN057196.20160628.LVS","NEON.DOC.001710vE","Leaves",5.89,"N",NA,"dkUVz+Ep9mjwe8AKJjPrCYTGVeHZyOun"
"97ec0843-0384-48bb-955f-576e772e4fb4","GUAN_046.basePlot.ltr","D04","GUAN","GUAN_046","GUAN_046_824","2016-07-07","2016-05-02","2016-06-28","2016-07-05T14:30Z","2016-07-07T20:30Z","NEON.LTR.GUAN046824.20160628","NEON.LTR.GUAN046824.20160628.OTH","NEON.DOC.001710vE","Other",1.3,"N",NA,"dkUVz+Ep9mjwe8AKJjPrCYTGVeHZyOun"
"280461f2-6bc2-45f6-b703-de3c23a28c04","GUAN_046.basePlot.ltr","D04","GUAN","GUAN_046","GUAN_046_824","2016-07-07","2016-05-02","2016-06-28","2016-07-05T14:30Z","2016-07-07T20:30Z","NEON.LTR.GUAN046824.20160628","NEON.LTR.GUAN046824.20160628.TWI","NEON.DOC.001710vE","Twigs/branches",2.38,"N",NA,"dkUVz+Ep9mjwe8AKJjPrCYTGVeHZyOun"
"618281c9-cb1a-4243-848a-4cddfd867bde","GUAN_046.basePlot.ltr","D04","GUAN","GUAN_046","GUAN_046_824","2016-07-07","2016-05-02","2016-06-28","2016-07-05T14:30Z","2016-07-07T20:30Z","NEON.LTR.GUAN046824.20160628","NEON.LTR.GUAN046824.20160628.WDY","NEON.DOC.001710vE","Woody material",0.46,"N",NA,"dkUVz+Ep9mjwe8AKJjPrCYTGVeHZyOun"
"43159eff-4728-4bae-b03a-584f051bdf77","GUAN_046.basePlot.ltr","D04","GUAN","GUAN_046","GUAN_046_824","2016-07-07","2016-05-02","2016-06-28","2016-07-05T14:30Z","2016-07-07T20:30Z","NEON.LTR.GUAN046824.20160628","NEON.LTR.GUAN046824.20160628.SDS","NEON.DOC.001710vE","Seeds",0.85,"N",NA,"dkUVz+Ep9mjwe8AKJjPrCYTGVeHZyOun"
"688b2e37-5fde-4711-aef0-7f92491e5fe0","GUAN_046.basePlot.ltr","D04","GUAN","GUAN_046","GUAN_046_824","2016-07-07","2016-05-02","2016-06-28","2016-07-05T14:30Z","2016-07-07T20:30Z","NEON.LTR.GUAN046824.20160628","NEON.LTR.GUAN046824.20160628.LVS","NEON.DOC.001710vE","Leaves",29.4,"N",NA,"dkUVz+Ep9mjwe8AKJjPrCYTGVeHZyOun"
"36200eef-437a-49cd-bbc7-2488265561fd","GUAN_055.basePlot.ltr","D04","GUAN","GUAN_055","GUAN_055_896","2016-07-07","2016-05-02","2016-06-28","2016-07-05T14:30Z","2016-07-07T20:30Z","NEON.LTR.GUAN055896.20160628","NEON.LTR.GUAN055896.20160628.FLR","NEON.DOC.001710vE","Flowers",0,"N",NA,"dkUVz+Ep9mjwe8AKJjPrCYTGVeHZyOun"
"2e374a62-6c13-43f3-bc2c-1d7ac384e5b1","GUAN_055.basePlot.ltr","D04","GUAN","GUAN_055","GUAN_055_896","2016-07-07","2016-05-02","2016-06-28","2016-07-05T14:30Z","2016-07-07T20:30Z","NEON.LTR.GUAN055896.20160628","NEON.LTR.GUAN055896.20160628.WDY","NEON.DOC.001710vE","Woody material",0,"N",NA,"dkUVz+Ep9mjwe8AKJjPrCYTGVeHZyOun"
"b1303a82-9275-4c2d-a607-57821ebb304a","GUAN_055.basePlot.ltr","D04","GUAN","GUAN_055","GUAN_055_896","2016-07-07","2016-05-02","2016-06-28","2016-07-05T14:30Z","2016-07-07T20:30Z","NEON.LTR.GUAN055896.20160628","NEON.LTR.GUAN055896.20160628.OTH","NEON.DOC.001710vE","Other",0.27,"N",NA,"dkUVz+Ep9mjwe8AKJjPrCYTGVeHZyOun"
"3a92c579-7e74-4525-801d-85036fc466b1","GUAN_055.basePlot.ltr","D04","GUAN","GUAN_055","GUAN_055_896","2016-07-07","2016-05-02","2016-06-28","2016-07-05T14:30Z","2016-07-07T20:30Z","NEON.LTR.GUAN055896.20160628","NEON.LTR.GUAN055896.20160628.TWI","NEON.DOC.001710vE","Twigs/branches",1.15,"N",NA,"dkUVz+Ep9mjwe8AKJjPrCYTGVeHZyOun"
"f9ef81a2-2492-48ad-91a6-fd7f75a91795","GUAN_055.basePlot.ltr","D04","GUAN","GUAN_055","GUAN_055_896","2016-07-07","2016-05-02","2016-06-28","2016-07-05T14:30Z","2016-07-07T20:30Z","NEON.LTR.GUAN055896.20160628","NEON.LTR.GUAN055896.20160628.NDL","NEON.DOC.001710vE","Needles",0,"N",NA,"dkUVz+Ep9mjwe8AKJjPrCYTGVeHZyOun"
"308be4f0-6c00-424b-8f12-f5c68046dbf5","GUAN_056.basePlot.ltr","D04","GUAN","GUAN_056","GUAN_056_693","2016-07-07","2016-05-02","2016-06-28","2016-07-05T14:30Z","2016-07-07T20:30Z","NEON.LTR.GUAN056693.20160628","NEON.LTR.GUAN056693.20160628.SDS","NEON.DOC.001710vE","Seeds",0.08,"N",NA,"dkUVz+Ep9mjwe8AKJjPrCYTGVeHZyOun"
"099abb97-748a-48bd-a59b-081057fefbbc","GUAN_055.basePlot.ltr","D04","GUAN","GUAN_055","GUAN_055_896","2016-07-07","2016-05-02","2016-06-28","2016-07-05T14:30Z","2016-07-07T20:30Z","NEON.LTR.GUAN055896.20160628","NEON.LTR.GUAN055896.20160628.LVS","NEON.DOC.001710vE","Leaves",53.86,"N",NA,"dkUVz+Ep9mjwe8AKJjPrCYTGVeHZyOun"
"606bb44b-6b08-4f04-a9b4-abd634e21d64","GUAN_055.basePlot.ltr","D04","GUAN","GUAN_055","GUAN_055_896","2016-07-07","2016-05-02","2016-06-28","2016-07-05T14:30Z","2016-07-07T20:30Z","NEON.LTR.GUAN055896.20160628","NEON.LTR.GUAN055896.20160628.SDS","NEON.DOC.001710vE","Seeds",0.05,"N",NA,"dkUVz+Ep9mjwe8AKJjPrCYTGVeHZyOun"
"4d0c47d5-3bdd-472e-92af-ab7a840a1f9c","GUAN_056.basePlot.ltr","D04","GUAN","GUAN_056","GUAN_056_693","2016-07-07","2016-05-02","2016-06-28","2016-07-05T14:30Z","2016-07-07T20:30Z","NEON.LTR.GUAN056693.20160628","NEON.LTR.GUAN056693.20160628.NDL","NEON.DOC.001710vE","Needles",0,"N",NA,"dkUVz+Ep9mjwe8AKJjPrCYTGVeHZyOun"
"49d286c9-b255-4c76-8879-0b32f42389c2","GUAN_056.basePlot.ltr","D04","GUAN","GUAN_056","GUAN_056_693","2016-07-07","2016-05-02","2016-06-28","2016-07-05T14:30Z","2016-07-07T20:30Z","NEON.LTR.GUAN056693.20160628","NEON.LTR.GUAN056693.20160628.OTH","NEON.DOC.001710vE","Other",0,"N",NA,"dkUVz+Ep9mjwe8AKJjPrCYTGVeHZyOun"
"c72bfca6-3971-453b-afcb-711e145d0a08","GUAN_056.basePlot.ltr","D04","GUAN","GUAN_056","GUAN_056_693","2016-07-07","2016-05-02","2016-06-28","2016-07-05T14:30Z","2016-07-07T20:30Z","NEON.LTR.GUAN056693.20160628","NEON.LTR.GUAN056693.20160628.FLR","NEON.DOC.001710vE","Flowers",10.05,"N",NA,"dkUVz+Ep9mjwe8AKJjPrCYTGVeHZyOun"
"41748bb1-0766-4fd7-af96-7ab62990afb7","GUAN_056.basePlot.ltr","D04","GUAN","GUAN_056","GUAN_056_693","2016-07-07","2016-05-02","2016-06-28","2016-07-05T14:30Z","2016-07-07T20:30Z","NEON.LTR.GUAN056693.20160628","NEON.LTR.GUAN056693.20160628.TWI","NEON.DOC.001710vE","Twigs/branches",1,"N",NA,"dkUVz+Ep9mjwe8AKJjPrCYTGVeHZyOun"
"ec3f28a8-353e-47bd-9fd4-f6d57f3eb936","GUAN_056.basePlot.ltr","D04","GUAN","GUAN_056","GUAN_056_693","2016-07-07","2016-05-02","2016-06-28","2016-07-05T14:30Z","2016-07-07T20:30Z","NEON.LTR.GUAN056693.20160628","NEON.LTR.GUAN056693.20160628.WDY","NEON.DOC.001710vE","Woody material",0.16,"N",NA,"dkUVz+Ep9mjwe8AKJjPrCYTGVeHZyOun"
"b3137ecf-fd07-444a-a4b3-db505753bda6","GUAN_061.basePlot.ltr","D04","GUAN","GUAN_061","GUAN_061_694","2016-07-07","2016-05-02","2016-06-28","2016-07-05T14:30Z","2016-07-07T20:30Z","NEON.LTR.GUAN061694.20160628","NEON.LTR.GUAN061694.20160628.OTH","NEON.DOC.001710vE","Other",0,"N",NA,"dkUVz+Ep9mjwe8AKJjPrCYTGVeHZyOun"
"be323eb0-474b-42af-9e77-93106ef32805","GUAN_061.basePlot.ltr","D04","GUAN","GUAN_061","GUAN_061_694","2016-07-07","2016-05-02","2016-06-28","2016-07-05T14:30Z","2016-07-07T20:30Z","NEON.LTR.GUAN061694.20160628","NEON.LTR.GUAN061694.20160628.WDY","NEON.DOC.001710vE","Woody material",0,"N",NA,"dkUVz+Ep9mjwe8AKJjPrCYTGVeHZyOun"
"ddf5aac7-ce09-4ba9-9be9-c7b27a8ffc2b","GUAN_056.basePlot.ltr","D04","GUAN","GUAN_056","GUAN_056_693","2016-07-07","2016-05-02","2016-06-28","2016-07-05T14:30Z","2016-07-07T20:30Z","NEON.LTR.GUAN056693.20160628","NEON.LTR.GUAN056693.20160628.LVS","NEON.DOC.001710vE","Leaves",32.62,"N",NA,"dkUVz+Ep9mjwe8AKJjPrCYTGVeHZyOun"
"90e34426-38f2-4643-8020-2611ccfb2f4f","GUAN_061.basePlot.ltr","D04","GUAN","GUAN_061","GUAN_061_694","2016-07-07","2016-05-02","2016-06-28","2016-07-05T14:30Z","2016-07-07T20:30Z","NEON.LTR.GUAN061694.20160628","NEON.LTR.GUAN061694.20160628.TWI","NEON.DOC.001710vE","Twigs/branches",0.99,"Y",NA,"dkUVz+Ep9mjwe8AKJjPrCYTGVeHZyOun"
"2290969f-e7b2-48dc-be4d-39ee091c00a7","GUAN_061.basePlot.ltr","D04","GUAN","GUAN_061","GUAN_061_694","2016-07-07","2016-05-02","2016-06-28","2016-07-05T14:30Z","2016-07-07T20:30Z","NEON.LTR.GUAN061694.20160628","NEON.LTR.GUAN061694.20160628.NDL","NEON.DOC.001710vE","Needles",0,"N",NA,"dkUVz+Ep9mjwe8AKJjPrCYTGVeHZyOun"
"3eccd199-06b5-45b6-8f0c-8c1dbc276c6d","GUAN_061.basePlot.ltr","D04","GUAN","GUAN_061","GUAN_061_694","2016-07-07","2016-05-02","2016-06-28","2016-07-05T14:30Z","2016-07-07T20:30Z","NEON.LTR.GUAN061694.20160628","NEON.LTR.GUAN061694.20160628.SDS","NEON.DOC.001710vE","Seeds",10.9,"N",NA,"dkUVz+Ep9mjwe8AKJjPrCYTGVeHZyOun"
"1f50d9fd-1f6a-4e50-ac78-ed5053acbe82","GUAN_043.basePlot.ltr","D04","GUAN","GUAN_043","GUAN_043_791","2016-07-07","2016-05-02","2016-06-28","2016-07-05T14:30Z","2016-07-07T20:30Z","NEON.LTR.GUAN043791.20160628","NEON.LTR.GUAN043791.20160628.NDL","NEON.DOC.001710vE","Needles",0,"N",NA,"dkUVz+Ep9mjwe8AKJjPrCYTGVeHZyOun"
"e1490ad0-6515-4f9e-a86d-d66d59f75e79","GUAN_044.basePlot.ltr","D04","GUAN","GUAN_044","GUAN_044_385","2016-07-07","2016-05-02","2016-06-28","2016-07-05T14:30Z","2016-07-07T20:30Z","NEON.LTR.GUAN044385.20160628","NEON.LTR.GUAN044385.20160628.LVS","NEON.DOC.001710vE","Leaves",18.91,"N",NA,"dkUVz+Ep9mjwe8AKJjPrCYTGVeHZyOun"
"7f103aaf-fdc1-41bc-a078-1287333978fa","GUAN_061.basePlot.ltr","D04","GUAN","GUAN_061","GUAN_061_694","2016-07-07","2016-05-02","2016-06-28","2016-07-05T14:30Z","2016-07-07T20:30Z","NEON.LTR.GUAN061694.20160628","NEON.LTR.GUAN061694.20160628.FLR","NEON.DOC.001710vE","Flowers",0.01,"N",NA,"dkUVz+Ep9mjwe8AKJjPrCYTGVeHZyOun"
"da8898a9-aa1f-4b9d-b54a-53fbe8649a3f","GUAN_044.basePlot.ltr","D04","GUAN","GUAN_044","GUAN_044_385","2016-07-07","2016-05-02","2016-06-28","2016-07-05T14:30Z","2016-07-07T20:30Z","NEON.LTR.GUAN044385.20160628","NEON.LTR.GUAN044385.20160628.SDS","NEON.DOC.001710vE","Seeds",0.16,"N",NA,"dkUVz+Ep9mjwe8AKJjPrCYTGVeHZyOun"
"c902516b-1611-4dc1-9674-735e454dfd42","GUAN_043.basePlot.ltr","D04","GUAN","GUAN_043","GUAN_043_791","2016-07-07","2016-05-02","2016-06-28","2016-07-05T14:30Z","2016-07-07T20:30Z","NEON.LTR.GUAN043791.20160628","NEON.LTR.GUAN043791.20160628.OTH","NEON.DOC.001710vE","Other",0.27,"N",NA,"dkUVz+Ep9mjwe8AKJjPrCYTGVeHZyOun"
"bb7fefc6-cce0-4fd5-a9e1-92edaa0d008e","GUAN_043.basePlot.ltr","D04","GUAN","GUAN_043","GUAN_043_791","2016-07-07","2016-05-02","2016-06-28","2016-07-05T14:30Z","2016-07-07T20:30Z","NEON.LTR.GUAN043791.20160628","NEON.LTR.GUAN043791.20160628.TWI","NEON.DOC.001710vE","Twigs/branches",6.89,"N",NA,"dkUVz+Ep9mjwe8AKJjPrCYTGVeHZyOun"
"dadcbaff-56bd-4b94-8a9b-4de37735bf74","GUAN_043.basePlot.ltr","D04","GUAN","GUAN_043","GUAN_043_791","2016-07-07","2016-05-02","2016-06-28","2016-07-05T14:30Z","2016-07-07T20:30Z","NEON.LTR.GUAN043791.20160628","NEON.LTR.GUAN043791.20160628.WDY","NEON.DOC.001710vE","Woody material",0.37,"N",NA,"dkUVz+Ep9mjwe8AKJjPrCYTGVeHZyOun"
"696782b4-c685-40e5-8106-d29816c01cef","GUAN_043.basePlot.ltr","D04","GUAN","GUAN_043","GUAN_043_791","2016-07-07","2016-05-02","2016-06-28","2016-07-05T14:30Z","2016-07-07T20:30Z","NEON.LTR.GUAN043791.20160628","NEON.LTR.GUAN043791.20160628.LVS","NEON.DOC.001710vE","Leaves",30.33,"N",NA,"dkUVz+Ep9mjwe8AKJjPrCYTGVeHZyOun"
"e88b3a81-e428-4026-ae9c-3da9c165cc20","GUAN_043.basePlot.ltr","D04","GUAN","GUAN_043","GUAN_043_791","2016-07-07","2016-05-02","2016-06-28","2016-07-05T14:30Z","2016-07-07T20:30Z","NEON.LTR.GUAN043791.20160628","NEON.LTR.GUAN043791.20160628.SDS","NEON.DOC.001710vE","Seeds",0.1,"N",NA,"dkUVz+Ep9mjwe8AKJjPrCYTGVeHZyOun"
"82867f45-b7f5-49fc-9aba-85e5a4480e74","GUAN_043.basePlot.ltr","D04","GUAN","GUAN_043","GUAN_043_791","2016-07-07","2016-05-02","2016-06-28","2016-07-05T14:30Z","2016-07-07T20:30Z","NEON.LTR.GUAN043791.20160628","NEON.LTR.GUAN043791.20160628.FLR","NEON.DOC.001710vE","Flowers",0.13,"N",NA,"dkUVz+Ep9mjwe8AKJjPrCYTGVeHZyOun"
"c0d7397c-ae60-4d0c-a7c2-f6c9702631b7","GUAN_059.basePlot.ltr","D04","GUAN","GUAN_059","GUAN_059_658","2016-07-07","2016-05-02","2016-06-28","2016-07-05T14:30Z","2016-07-07T20:30Z","NEON.LTR.GUAN059658.20160628","NEON.LTR.GUAN059658.20160628.OTH","NEON.DOC.001710vE","Other",0,"N",NA,"dkUVz+Ep9mjwe8AKJjPrCYTGVeHZyOun"
"96ffb5d7-fc54-4478-9ba9-afd2d8de7b20","GUAN_059.basePlot.ltr","D04","GUAN","GUAN_059","GUAN_059_658","2016-07-07","2016-05-02","2016-06-28","2016-07-05T14:30Z","2016-07-07T20:30Z","NEON.LTR.GUAN059658.20160628","NEON.LTR.GUAN059658.20160628.NDL","NEON.DOC.001710vE","Needles",0,"N",NA,"dkUVz+Ep9mjwe8AKJjPrCYTGVeHZyOun"
"091efb92-cdd9-4dab-b560-fc6640eede23","GUAN_058.basePlot.ltr","D04","GUAN","GUAN_058","GUAN_058_054","2016-07-07","2016-05-02","2016-06-28","2016-07-05T14:30Z","2016-07-07T20:30Z","NEON.LTR.GUAN058054.20160628","NEON.LTR.GUAN058054.20160628.FLR","NEON.DOC.001710vE","Flowers",0.17,"N",NA,"dkUVz+Ep9mjwe8AKJjPrCYTGVeHZyOun"
"db525dcf-3eb9-4621-9cde-b33c7c47aa6e","GUAN_058.basePlot.ltr","D04","GUAN","GUAN_058","GUAN_058_054","2016-07-07","2016-05-02","2016-06-28","2016-07-05T14:30Z","2016-07-07T20:30Z","NEON.LTR.GUAN058054.20160628","NEON.LTR.GUAN058054.20160628.LVS","NEON.DOC.001710vE","Leaves",55.4,"Y",NA,"dkUVz+Ep9mjwe8AKJjPrCYTGVeHZyOun"
"d81b025b-17dd-43d8-a8ee-4db5c4f90986","GUAN_058.basePlot.ltr","D04","GUAN","GUAN_058","GUAN_058_054","2016-07-07","2016-05-02","2016-06-28","2016-07-05T14:30Z","2016-07-07T20:30Z","NEON.LTR.GUAN058054.20160628","NEON.LTR.GUAN058054.20160628.NDL","NEON.DOC.001710vE","Needles",0,"N",NA,"dkUVz+Ep9mjwe8AKJjPrCYTGVeHZyOun"
"6360bd4f-d477-430c-a7fc-4f4e07672257","GUAN_058.basePlot.ltr","D04","GUAN","GUAN_058","GUAN_058_054","2016-07-07","2016-05-02","2016-06-28","2016-07-05T14:30Z","2016-07-07T20:30Z","NEON.LTR.GUAN058054.20160628","NEON.LTR.GUAN058054.20160628.WDY","NEON.DOC.001710vE","Woody material",4.44,"N",NA,"dkUVz+Ep9mjwe8AKJjPrCYTGVeHZyOun"
"6d8e4501-8b61-4f70-a234-16146b31c23c","GUAN_058.basePlot.ltr","D04","GUAN","GUAN_058","GUAN_058_054","2016-07-07","2016-05-02","2016-06-28","2016-07-05T14:30Z","2016-07-07T20:30Z","NEON.LTR.GUAN058054.20160628","NEON.LTR.GUAN058054.20160628.SDS","NEON.DOC.001710vE","Seeds",0.04,"N",NA,"dkUVz+Ep9mjwe8AKJjPrCYTGVeHZyOun"
"b2781a01-ee97-448a-9f4e-36b749738c44","GUAN_056.basePlot.ltr","D04","GUAN","GUAN_056","GUAN_056_062","2016-07-07","2016-05-02","2016-06-28","2016-07-05T14:30Z","2016-07-07T20:30Z","NEON.LTR.GUAN056062.20160628","NEON.LTR.GUAN056062.20160628.FLR","NEON.DOC.001710vE","Flowers",0.39,"N",NA,"dkUVz+Ep9mjwe8AKJjPrCYTGVeHZyOun"
"63bf9d4f-3891-41ef-888c-376abdd1965f","GUAN_058.basePlot.ltr","D04","GUAN","GUAN_058","GUAN_058_054","2016-07-07","2016-05-02","2016-06-28","2016-07-05T14:30Z","2016-07-07T20:30Z","NEON.LTR.GUAN058054.20160628","NEON.LTR.GUAN058054.20160628.OTH","NEON.DOC.001710vE","Other",0.16,"N",NA,"dkUVz+Ep9mjwe8AKJjPrCYTGVeHZyOun"
"02b2d06a-2a23-463d-a364-d2fdf44a2697","GUAN_058.basePlot.ltr","D04","GUAN","GUAN_058","GUAN_058_054","2016-07-07","2016-05-02","2016-06-28","2016-07-05T14:30Z","2016-07-07T20:30Z","NEON.LTR.GUAN058054.20160628","NEON.LTR.GUAN058054.20160628.TWI","NEON.DOC.001710vE","Twigs/branches",2.61,"N",NA,"dkUVz+Ep9mjwe8AKJjPrCYTGVeHZyOun"
"3a60ca0c-afb4-4fb3-b403-b7fdf4bf6627","GUAN_056.basePlot.ltr","D04","GUAN","GUAN_056","GUAN_056_062","2016-07-07","2016-05-02","2016-06-28","2016-07-05T14:30Z","2016-07-07T20:30Z","NEON.LTR.GUAN056062.20160628","NEON.LTR.GUAN056062.20160628.OTH","NEON.DOC.001710vE","Other",0,"N",NA,"dkUVz+Ep9mjwe8AKJjPrCYTGVeHZyOun"
"d5c70f80-534b-4970-9623-cff304e8c371","GUAN_056.basePlot.ltr","D04","GUAN","GUAN_056","GUAN_056_062","2016-07-07","2016-05-02","2016-06-28","2016-07-05T14:30Z","2016-07-07T20:30Z","NEON.LTR.GUAN056062.20160628","NEON.LTR.GUAN056062.20160628.LVS","NEON.DOC.001710vE","Leaves",38.89,"N",NA,"dkUVz+Ep9mjwe8AKJjPrCYTGVeHZyOun"
"409c11c4-6e2f-4302-9648-c3c2f91138a0","GUAN_056.basePlot.ltr","D04","GUAN","GUAN_056","GUAN_056_062","2016-07-07","2016-05-02","2016-06-28","2016-07-05T14:30Z","2016-07-07T20:30Z","NEON.LTR.GUAN056062.20160628","NEON.LTR.GUAN056062.20160628.SDS","NEON.DOC.001710vE","Seeds",0.15,"N",NA,"dkUVz+Ep9mjwe8AKJjPrCYTGVeHZyOun"
"81d5a731-d6dd-409e-82a1-d2569e1b6868","GUAN_053.basePlot.ltr","D04","GUAN","GUAN_053","GUAN_053_405","2016-07-07","2016-05-02","2016-06-28","2016-07-05T14:30Z","2016-07-07T20:30Z","NEON.LTR.GUAN053405.20160628","NEON.LTR.GUAN053405.20160628.LVS","NEON.DOC.001710vE","Leaves",3.99,"N",NA,"dkUVz+Ep9mjwe8AKJjPrCYTGVeHZyOun"
"a1126b6b-9f90-48dd-9540-1bd02e2783e8","GUAN_056.basePlot.ltr","D04","GUAN","GUAN_056","GUAN_056_062","2016-07-07","2016-05-02","2016-06-28","2016-07-05T14:30Z","2016-07-07T20:30Z","NEON.LTR.GUAN056062.20160628","NEON.LTR.GUAN056062.20160628.NDL","NEON.DOC.001710vE","Needles",0,"N",NA,"dkUVz+Ep9mjwe8AKJjPrCYTGVeHZyOun"
"ec56976c-7b75-405f-b81c-61bc8c5a217d","GUAN_053.basePlot.ltr","D04","GUAN","GUAN_053","GUAN_053_405","2016-07-07","2016-05-02","2016-06-28","2016-07-05T14:30Z","2016-07-07T20:30Z","NEON.LTR.GUAN053405.20160628","NEON.LTR.GUAN053405.20160628.OTH","NEON.DOC.001710vE","Other",0,"N",NA,"dkUVz+Ep9mjwe8AKJjPrCYTGVeHZyOun"
"89ac9251-37b4-4df0-b560-eec8e2974e6f","GUAN_056.basePlot.ltr","D04","GUAN","GUAN_056","GUAN_056_062","2016-07-07","2016-05-02","2016-06-28","2016-07-05T14:30Z","2016-07-07T20:30Z","NEON.LTR.GUAN056062.20160628","NEON.LTR.GUAN056062.20160628.TWI","NEON.DOC.001710vE","Twigs/branches",0.97,"N",NA,"dkUVz+Ep9mjwe8AKJjPrCYTGVeHZyOun"
"b03e980c-d899-469f-ad6e-f0c0c90144c4","GUAN_056.basePlot.ltr","D04","GUAN","GUAN_056","GUAN_056_062","2016-07-07","2016-05-02","2016-06-28","2016-07-05T14:30Z","2016-07-07T20:30Z","NEON.LTR.GUAN056062.20160628","NEON.LTR.GUAN056062.20160628.WDY","NEON.DOC.001710vE","Woody material",0.09,"N",NA,"dkUVz+Ep9mjwe8AKJjPrCYTGVeHZyOun"
"6f349375-eb31-4a0b-ada3-45ea5741324e","GUAN_053.basePlot.ltr","D04","GUAN","GUAN_053","GUAN_053_405","2016-07-07","2016-05-02","2016-06-28","2016-07-05T14:30Z","2016-07-07T20:30Z","NEON.LTR.GUAN053405.20160628","NEON.LTR.GUAN053405.20160628.SDS","NEON.DOC.001710vE","Seeds",2.81,"N",NA,"dkUVz+Ep9mjwe8AKJjPrCYTGVeHZyOun"
"f7ab0e37-b3b1-4a0f-90c9-1b8c7758db74","GUAN_053.basePlot.ltr","D04","GUAN","GUAN_053","GUAN_053_405","2016-07-07","2016-05-02","2016-06-28","2016-07-05T14:30Z","2016-07-07T20:30Z","NEON.LTR.GUAN053405.20160628","NEON.LTR.GUAN053405.20160628.NDL","NEON.DOC.001710vE","Needles",0,"N",NA,"dkUVz+Ep9mjwe8AKJjPrCYTGVeHZyOun"
"d87c875f-eb11-46c7-bb19-3c970b2e9593","GUAN_053.basePlot.ltr","D04","GUAN","GUAN_053","GUAN_053_405","2016-07-07","2016-05-02","2016-06-28","2016-07-05T14:30Z","2016-07-07T20:30Z","NEON.LTR.GUAN053405.20160628","NEON.LTR.GUAN053405.20160628.FLR","NEON.DOC.001710vE","Flowers",0.02,"N",NA,"dkUVz+Ep9mjwe8AKJjPrCYTGVeHZyOun"
"4c60d034-33ff-4dd2-9616-4b9b34ace6d8","GUAN_053.basePlot.ltr","D04","GUAN","GUAN_053","GUAN_053_405","2016-07-07","2016-05-02","2016-06-28","2016-07-05T14:30Z","2016-07-07T20:30Z","NEON.LTR.GUAN053405.20160628","NEON.LTR.GUAN053405.20160628.TWI","NEON.DOC.001710vE","Twigs/branches",0.27,"N",NA,"dkUVz+Ep9mjwe8AKJjPrCYTGVeHZyOun"
"dc4c0e9d-2253-40cb-8fa9-7460f74b5e88","GUAN_053.basePlot.ltr","D04","GUAN","GUAN_053","GUAN_053_405","2016-07-07","2016-05-02","2016-06-28","2016-07-05T14:30Z","2016-07-07T20:30Z","NEON.LTR.GUAN053405.20160628","NEON.LTR.GUAN053405.20160628.WDY","NEON.DOC.001710vE","Woody material",0,"N",NA,"dkUVz+Ep9mjwe8AKJjPrCYTGVeHZyOun"
"080c1d2f-99a4-4ffb-a0ce-2538de88bf24","GUAN_061.basePlot.ltr","D04","GUAN","GUAN_061","GUAN_061_054","2016-07-07","2016-05-02","2016-06-28","2016-07-05T14:30Z","2016-07-07T20:30Z","NEON.LTR.GUAN061054.20160628","NEON.LTR.GUAN061054.20160628.LVS","NEON.DOC.001710vE","Leaves",14.5,"N",NA,"dkUVz+Ep9mjwe8AKJjPrCYTGVeHZyOun"
"9ed60270-797a-4af6-b51a-a313832ece29","GUAN_061.basePlot.ltr","D04","GUAN","GUAN_061","GUAN_061_054","2016-07-07","2016-05-02","2016-06-28","2016-07-05T14:30Z","2016-07-07T20:30Z","NEON.LTR.GUAN061054.20160628","NEON.LTR.GUAN061054.20160628.SDS","NEON.DOC.001710vE","Seeds",0.95,"N",NA,"dkUVz+Ep9mjwe8AKJjPrCYTGVeHZyOun"
"391f5ab4-a104-44de-9bb7-ea7d5538c0fd","GUAN_061.basePlot.ltr","D04","GUAN","GUAN_061","GUAN_061_054","2016-07-07","2016-05-02","2016-06-28","2016-07-05T14:30Z","2016-07-07T20:30Z","NEON.LTR.GUAN061054.20160628","NEON.LTR.GUAN061054.20160628.FLR","NEON.DOC.001710vE","Flowers",0.07,"N",NA,"dkUVz+Ep9mjwe8AKJjPrCYTGVeHZyOun"
"c3d99725-fa75-41ef-a003-743272328036","GUAN_061.basePlot.ltr","D04","GUAN","GUAN_061","GUAN_061_054","2016-07-07","2016-05-02","2016-06-28","2016-07-05T14:30Z","2016-07-07T20:30Z","NEON.LTR.GUAN061054.20160628","NEON.LTR.GUAN061054.20160628.OTH","NEON.DOC.001710vE","Other",0.02,"N",NA,"dkUVz+Ep9mjwe8AKJjPrCYTGVeHZyOun"
"8b25e3db-5fe0-4198-bb2e-0e1b3b532ef3","GUAN_061.basePlot.ltr","D04","GUAN","GUAN_061","GUAN_061_054","2016-07-07","2016-05-02","2016-06-28","2016-07-05T14:30Z","2016-07-07T20:30Z","NEON.LTR.GUAN061054.20160628","NEON.LTR.GUAN061054.20160628.TWI","NEON.DOC.001710vE","Twigs/branches",1.48,"N",NA,"dkUVz+Ep9mjwe8AKJjPrCYTGVeHZyOun"
"b5877a72-d721-43ee-b046-682971121062","GUAN_061.basePlot.ltr","D04","GUAN","GUAN_061","GUAN_061_054","2016-07-07","2016-05-02","2016-06-28","2016-07-05T14:30Z","2016-07-07T20:30Z","NEON.LTR.GUAN061054.20160628","NEON.LTR.GUAN061054.20160628.NDL","NEON.DOC.001710vE","Needles",0,"N",NA,"dkUVz+Ep9mjwe8AKJjPrCYTGVeHZyOun"
"72eaa162-f7fd-42dc-b266-c27d678809b6","GUAN_061.basePlot.ltr","D04","GUAN","GUAN_061","GUAN_061_054","2016-07-07","2016-05-02","2016-06-28","2016-07-05T14:30Z","2016-07-07T20:30Z","NEON.LTR.GUAN061054.20160628","NEON.LTR.GUAN061054.20160628.WDY","NEON.DOC.001710vE","Woody material",0,"N",NA,"dkUVz+Ep9mjwe8AKJjPrCYTGVeHZyOun"
"3831c84e-20a5-45ab-b7ac-48ec2ac86a2b","GUAN_044.basePlot.ltr","D04","GUAN","GUAN_044","GUAN_044_646","2016-07-07","2016-05-02","2016-06-28","2016-07-05T14:30Z","2016-07-07T20:30Z","NEON.LTR.GUAN044646.20160628","NEON.LTR.GUAN044646.20160628.LVS","NEON.DOC.001710vE","Leaves",26.47,"N",NA,"dkUVz+Ep9mjwe8AKJjPrCYTGVeHZyOun"
"854147ca-b257-4645-ab9d-ba90db22d3ca","GUAN_044.basePlot.ltr","D04","GUAN","GUAN_044","GUAN_044_646","2016-07-07","2016-05-02","2016-06-28","2016-07-05T14:30Z","2016-07-07T20:30Z","NEON.LTR.GUAN044646.20160628","NEON.LTR.GUAN044646.20160628.SDS","NEON.DOC.001710vE","Seeds",0.01,"N",NA,"dkUVz+Ep9mjwe8AKJjPrCYTGVeHZyOun"
"304f9f2f-5dcc-4c72-b0e9-c1582cd2c48c","GUAN_044.basePlot.ltr","D04","GUAN","GUAN_044","GUAN_044_646","2016-07-07","2016-05-02","2016-06-28","2016-07-05T14:30Z","2016-07-07T20:30Z","NEON.LTR.GUAN044646.20160628","NEON.LTR.GUAN044646.20160628.FLR","NEON.DOC.001710vE","Flowers",0.82,"N",NA,"dkUVz+Ep9mjwe8AKJjPrCYTGVeHZyOun"
"2e5afd97-eb0c-419c-8521-c3299ed8cbb6","GUAN_044.basePlot.ltr","D04","GUAN","GUAN_044","GUAN_044_646","2016-07-07","2016-05-02","2016-06-28","2016-07-05T14:30Z","2016-07-07T20:30Z","NEON.LTR.GUAN044646.20160628","NEON.LTR.GUAN044646.20160628.TWI","NEON.DOC.001710vE","Twigs/branches",0.97,"N",NA,"dkUVz+Ep9mjwe8AKJjPrCYTGVeHZyOun"
"786bce07-2125-4ccf-bcba-294606700f32","GUAN_044.basePlot.ltr","D04","GUAN","GUAN_044","GUAN_044_646","2016-07-07","2016-05-02","2016-06-28","2016-07-05T14:30Z","2016-07-07T20:30Z","NEON.LTR.GUAN044646.20160628","NEON.LTR.GUAN044646.20160628.WDY","NEON.DOC.001710vE","Woody material",0.37,"N",NA,"dkUVz+Ep9mjwe8AKJjPrCYTGVeHZyOun"
"750cf7fd-de27-4f0b-9397-2f509b9ec0b7","GUAN_044.basePlot.ltr","D04","GUAN","GUAN_044","GUAN_044_646","2016-07-07","2016-05-02","2016-06-28","2016-07-05T14:30Z","2016-07-07T20:30Z","NEON.LTR.GUAN044646.20160628","NEON.LTR.GUAN044646.20160628.OTH","NEON.DOC.001710vE","Other",0,"N",NA,"dkUVz+Ep9mjwe8AKJjPrCYTGVeHZyOun"
"26d363d3-003f-4040-a544-0e053c24b646","GUAN_044.basePlot.ltr","D04","GUAN","GUAN_044","GUAN_044_646","2016-07-07","2016-05-02","2016-06-28","2016-07-05T14:30Z","2016-07-07T20:30Z","NEON.LTR.GUAN044646.20160628","NEON.LTR.GUAN044646.20160628.NDL","NEON.DOC.001710vE","Needles",0,"N",NA,"dkUVz+Ep9mjwe8AKJjPrCYTGVeHZyOun"
"b62e9205-a685-4c84-bbf8-cd9eade538dd","GUAN_047.basePlot.ltr","D04","GUAN","GUAN_047","GUAN_047_935","2016-07-07","2016-05-02","2016-06-28","2016-07-05T14:30Z","2016-07-07T20:30Z","NEON.LTR.GUAN047935.20160628","NEON.LTR.GUAN047935.20160628.LVS","NEON.DOC.001710vE","Leaves",63.84,"N",NA,"dkUVz+Ep9mjwe8AKJjPrCYTGVeHZyOun"
"d21db31d-3abc-4502-9718-882f76b8226e","GUAN_047.basePlot.ltr","D04","GUAN","GUAN_047","GUAN_047_935","2016-07-07","2016-05-02","2016-06-28","2016-07-05T14:30Z","2016-07-07T20:30Z","NEON.LTR.GUAN047935.20160628","NEON.LTR.GUAN047935.20160628.SDS","NEON.DOC.001710vE","Seeds",0.48,"N",NA,"dkUVz+Ep9mjwe8AKJjPrCYTGVeHZyOun"
"f8c67f93-c1a7-4e5d-b0a5-7723ed94c008","GUAN_047.basePlot.ltr","D04","GUAN","GUAN_047","GUAN_047_935","2016-07-07","2016-05-02","2016-06-28","2016-07-05T14:30Z","2016-07-07T20:30Z","NEON.LTR.GUAN047935.20160628","NEON.LTR.GUAN047935.20160628.FLR","NEON.DOC.001710vE","Flowers",1.18,"N",NA,"dkUVz+Ep9mjwe8AKJjPrCYTGVeHZyOun"
"68a75745-f6d9-47a2-90d9-12b97384be4e","GUAN_047.basePlot.ltr","D04","GUAN","GUAN_047","GUAN_047_935","2016-07-07","2016-05-02","2016-06-28","2016-07-05T14:30Z","2016-07-07T20:30Z","NEON.LTR.GUAN047935.20160628","NEON.LTR.GUAN047935.20160628.TWI","NEON.DOC.001710vE","Twigs/branches",0.93,"Y",NA,"dkUVz+Ep9mjwe8AKJjPrCYTGVeHZyOun"
"ee8e5de6-6119-4584-8448-035c84120a39","GUAN_047.basePlot.ltr","D04","GUAN","GUAN_047","GUAN_047_935","2016-07-07","2016-05-02","2016-06-28","2016-07-05T14:30Z","2016-07-07T20:30Z","NEON.LTR.GUAN047935.20160628","NEON.LTR.GUAN047935.20160628.WDY","NEON.DOC.001710vE","Woody material",0.04,"Y",NA,"dkUVz+Ep9mjwe8AKJjPrCYTGVeHZyOun"
"6fc998f9-444a-4824-8144-bc51a0aaf09b","GUAN_047.basePlot.ltr","D04","GUAN","GUAN_047","GUAN_047_935","2016-07-07","2016-05-02","2016-06-28","2016-07-05T14:30Z","2016-07-07T20:30Z","NEON.LTR.GUAN047935.20160628","NEON.LTR.GUAN047935.20160628.OTH","NEON.DOC.001710vE","Other",0,"N",NA,"dkUVz+Ep9mjwe8AKJjPrCYTGVeHZyOun"
"1801e677-0c82-43dd-932c-c59cfe622f01","GUAN_047.basePlot.ltr","D04","GUAN","GUAN_047","GUAN_047_935","2016-07-07","2016-05-02","2016-06-28","2016-07-05T14:30Z","2016-07-07T20:30Z","NEON.LTR.GUAN047935.20160628","NEON.LTR.GUAN047935.20160628.NDL","NEON.DOC.001710vE","Needles",0,"N",NA,"dkUVz+Ep9mjwe8AKJjPrCYTGVeHZyOun"
"70c10a32-9c21-4808-9d41-994eddaa7438","GUAN_053.basePlot.ltr","D04","GUAN","GUAN_053","GUAN_053_652","2016-07-07","2016-05-02","2016-06-28","2016-07-05T14:30Z","2016-07-07T20:30Z","NEON.LTR.GUAN053652.20160628","NEON.LTR.GUAN053652.20160628.LVS","NEON.DOC.001710vE","Leaves",17.54,"N",NA,"dkUVz+Ep9mjwe8AKJjPrCYTGVeHZyOun"
"de6fb9d8-7dc9-40ae-b320-b09fbe49f589","GUAN_053.basePlot.ltr","D04","GUAN","GUAN_053","GUAN_053_652","2016-07-07","2016-05-02","2016-06-28","2016-07-05T14:30Z","2016-07-07T20:30Z","NEON.LTR.GUAN053652.20160628","NEON.LTR.GUAN053652.20160628.SDS","NEON.DOC.001710vE","Seeds",2.8,"N",NA,"dkUVz+Ep9mjwe8AKJjPrCYTGVeHZyOun"
"24497cfb-9906-4614-8b60-92d106032cbb","GUAN_053.basePlot.ltr","D04","GUAN","GUAN_053","GUAN_053_652","2016-07-07","2016-05-02","2016-06-28","2016-07-05T14:30Z","2016-07-07T20:30Z","NEON.LTR.GUAN053652.20160628","NEON.LTR.GUAN053652.20160628.FLR","NEON.DOC.001710vE","Flowers",0.1,"N",NA,"dkUVz+Ep9mjwe8AKJjPrCYTGVeHZyOun"
"9359d09d-7b81-4328-a432-f3fb4be89759","GUAN_053.basePlot.ltr","D04","GUAN","GUAN_053","GUAN_053_652","2016-07-07","2016-05-02","2016-06-28","2016-07-05T14:30Z","2016-07-07T20:30Z","NEON.LTR.GUAN053652.20160628","NEON.LTR.GUAN053652.20160628.NDL","NEON.DOC.001710vE","Needles",0,"N",NA,"dkUVz+Ep9mjwe8AKJjPrCYTGVeHZyOun"
"44a65783-44cc-4738-a0ee-6cac823e85e0","GUAN_053.basePlot.ltr","D04","GUAN","GUAN_053","GUAN_053_652","2016-07-07","2016-05-02","2016-06-28","2016-07-05T14:30Z","2016-07-07T20:30Z","NEON.LTR.GUAN053652.20160628","NEON.LTR.GUAN053652.20160628.OTH","NEON.DOC.001710vE","Other",0,"N",NA,"dkUVz+Ep9mjwe8AKJjPrCYTGVeHZyOun"
"4d9521c2-8ba3-4f2a-94e8-342967301c96","GUAN_053.basePlot.ltr","D04","GUAN","GUAN_053","GUAN_053_652","2016-07-07","2016-05-02","2016-06-28","2016-07-05T14:30Z","2016-07-07T20:30Z","NEON.LTR.GUAN053652.20160628","NEON.LTR.GUAN053652.20160628.TWI","NEON.DOC.001710vE","Twigs/branches",0,"N",NA,"dkUVz+Ep9mjwe8AKJjPrCYTGVeHZyOun"
"919d7c31-6f6b-4a4d-a169-929772cfcb7e","GUAN_053.basePlot.ltr","D04","GUAN","GUAN_053","GUAN_053_652","2016-07-07","2016-05-02","2016-06-28","2016-07-05T14:30Z","2016-07-07T20:30Z","NEON.LTR.GUAN053652.20160628","NEON.LTR.GUAN053652.20160628.WDY","NEON.DOC.001710vE","Woody material",0,"N",NA,"dkUVz+Ep9mjwe8AKJjPrCYTGVeHZyOun"
"35a356bb-b7db-43d0-91ad-1697d90d93c5","GUAN_061.basePlot.ltr","D04","GUAN","GUAN_061","GUAN_061_694","2016-07-07","2016-05-02","2016-06-28","2016-07-05T14:30Z","2016-07-07T20:30Z","NEON.LTR.GUAN061694.20160628","NEON.LTR.GUAN061694.20160628.LVS","NEON.DOC.001710vE","Leaves",10.28,"N",NA,"dkUVz+Ep9mjwe8AKJjPrCYTGVeHZyOun"
"bc148c84-4686-478d-96bd-11a1ba26e941","GUAN_058.basePlot.ltr","D04","GUAN","GUAN_058","GUAN_058_694","2016-07-07","2016-05-02","2016-06-28","2016-07-05T14:30Z","2016-07-07T20:30Z","NEON.LTR.GUAN058694.20160628","NEON.LTR.GUAN058694.20160628.NDL","NEON.DOC.001710vE","Needles",0,"N",NA,"dkUVz+Ep9mjwe8AKJjPrCYTGVeHZyOun"
"da6f6b2c-ab44-44f4-9b2a-a8189d2b7875","GUAN_058.basePlot.ltr","D04","GUAN","GUAN_058","GUAN_058_694","2016-07-07","2016-05-02","2016-06-28","2016-07-05T14:30Z","2016-07-07T20:30Z","NEON.LTR.GUAN058694.20160628","NEON.LTR.GUAN058694.20160628.SDS","NEON.DOC.001710vE","Seeds",0.09,"Y",NA,"dkUVz+Ep9mjwe8AKJjPrCYTGVeHZyOun"
"16da7b2a-63f4-4708-98ba-461ee2faa35a","GUAN_058.basePlot.ltr","D04","GUAN","GUAN_058","GUAN_058_694","2016-07-07","2016-05-02","2016-06-28","2016-07-05T14:30Z","2016-07-07T20:30Z","NEON.LTR.GUAN058694.20160628","NEON.LTR.GUAN058694.20160628.OTH","NEON.DOC.001710vE","Other",12.8,"N",NA,"dkUVz+Ep9mjwe8AKJjPrCYTGVeHZyOun"
"e0b295f7-ce18-428f-b972-c172bceb6f83","GUAN_058.basePlot.ltr","D04","GUAN","GUAN_058","GUAN_058_694","2016-07-07","2016-05-02","2016-06-28","2016-07-05T14:30Z","2016-07-07T20:30Z","NEON.LTR.GUAN058694.20160628","NEON.LTR.GUAN058694.20160628.TWI","NEON.DOC.001710vE","Twigs/branches",6.8,"N",NA,"dkUVz+Ep9mjwe8AKJjPrCYTGVeHZyOun"
"98f8864f-b5a4-47f9-8344-f7fb1dfa5fb0","GUAN_058.basePlot.ltr","D04","GUAN","GUAN_058","GUAN_058_694","2016-07-07","2016-05-02","2016-06-28","2016-07-05T14:30Z","2016-07-07T20:30Z","NEON.LTR.GUAN058694.20160628","NEON.LTR.GUAN058694.20160628.LVS","NEON.DOC.001710vE","Leaves",72.34,"N",NA,"dkUVz+Ep9mjwe8AKJjPrCYTGVeHZyOun"
"685d348a-ee42-4a8d-9835-e447ab214caa","GUAN_058.basePlot.ltr","D04","GUAN","GUAN_058","GUAN_058_694","2016-07-07","2016-05-02","2016-06-28","2016-07-05T14:30Z","2016-07-07T20:30Z","NEON.LTR.GUAN058694.20160628","NEON.LTR.GUAN058694.20160628.WDY","NEON.DOC.001710vE","Woody material",0.45,"N",NA,"dkUVz+Ep9mjwe8AKJjPrCYTGVeHZyOun"
"7ee01909-6351-4589-9922-64469ae9fdeb","GUAN_047.basePlot.ltr","D04","GUAN","GUAN_047","GUAN_047_132","2016-07-07","2016-05-02","2016-06-28","2016-07-05T14:30Z","2016-07-07T20:30Z","NEON.LTR.GUAN047132.20160628","NEON.LTR.GUAN047132.20160628.LVS","NEON.DOC.001710vE","Leaves",24.75,"N",NA,"dkUVz+Ep9mjwe8AKJjPrCYTGVeHZyOun"
"7fed4b61-4009-4c52-a6cc-bdbc4378294c","GUAN_058.basePlot.ltr","D04","GUAN","GUAN_058","GUAN_058_694","2016-07-07","2016-05-02","2016-06-28","2016-07-05T14:30Z","2016-07-07T20:30Z","NEON.LTR.GUAN058694.20160628","NEON.LTR.GUAN058694.20160628.FLR","NEON.DOC.001710vE","Flowers",0,"N",NA,"dkUVz+Ep9mjwe8AKJjPrCYTGVeHZyOun"
"ea162bca-83ec-469d-9e89-5f2a5d319478","GUAN_047.basePlot.ltr","D04","GUAN","GUAN_047","GUAN_047_132","2016-07-07","2016-05-02","2016-06-28","2016-07-05T14:30Z","2016-07-07T20:30Z","NEON.LTR.GUAN047132.20160628","NEON.LTR.GUAN047132.20160628.FLR","NEON.DOC.001710vE","Flowers",0.42,"N",NA,"dkUVz+Ep9mjwe8AKJjPrCYTGVeHZyOun"
"46227ab6-4dba-486f-a5d4-e28f3ec2840f","GUAN_047.basePlot.ltr","D04","GUAN","GUAN_047","GUAN_047_132","2016-07-07","2016-05-02","2016-06-28","2016-07-05T14:30Z","2016-07-07T20:30Z","NEON.LTR.GUAN047132.20160628","NEON.LTR.GUAN047132.20160628.TWI","NEON.DOC.001710vE","Twigs/branches",2.24,"N",NA,"dkUVz+Ep9mjwe8AKJjPrCYTGVeHZyOun"
"b5b27b8b-9846-40c8-911f-b8f9efbe44b7","GUAN_047.basePlot.ltr","D04","GUAN","GUAN_047","GUAN_047_132","2016-07-07","2016-05-02","2016-06-28","2016-07-05T14:30Z","2016-07-07T20:30Z","NEON.LTR.GUAN047132.20160628","NEON.LTR.GUAN047132.20160628.WDY","NEON.DOC.001710vE","Woody material",0.07,"N",NA,"dkUVz+Ep9mjwe8AKJjPrCYTGVeHZyOun"
"4d531f79-e34b-4522-b9cd-31b6e9804c42","GUAN_047.basePlot.ltr","D04","GUAN","GUAN_047","GUAN_047_132","2016-07-07","2016-05-02","2016-06-28","2016-07-05T14:30Z","2016-07-07T20:30Z","NEON.LTR.GUAN047132.20160628","NEON.LTR.GUAN047132.20160628.OTH","NEON.DOC.001710vE","Other",1.25,"N",NA,"dkUVz+Ep9mjwe8AKJjPrCYTGVeHZyOun"
"3ea3be0f-9092-4918-ac5e-b8e764e47c9e","GUAN_047.basePlot.ltr","D04","GUAN","GUAN_047","GUAN_047_132","2016-07-07","2016-05-02","2016-06-28","2016-07-05T14:30Z","2016-07-07T20:30Z","NEON.LTR.GUAN047132.20160628","NEON.LTR.GUAN047132.20160628.SDS","NEON.DOC.001710vE","Seeds",0.23,"Y",NA,"dkUVz+Ep9mjwe8AKJjPrCYTGVeHZyOun"
"3c6c2216-947e-44e1-b335-9031a64945fc","GUAN_048.basePlot.ltr","D04","GUAN","GUAN_048","GUAN_048_062","2016-07-07","2016-05-02","2016-06-28","2016-07-05T14:30Z","2016-07-07T20:30Z","NEON.LTR.GUAN048062.20160628","NEON.LTR.GUAN048062.20160628.LVS","NEON.DOC.001710vE","Leaves",35.87,"N",NA,"dkUVz+Ep9mjwe8AKJjPrCYTGVeHZyOun"
"a3a683cc-1cf1-42e3-8bdb-e40bba9e5e18","GUAN_048.basePlot.ltr","D04","GUAN","GUAN_048","GUAN_048_062","2016-07-07","2016-05-02","2016-06-28","2016-07-05T14:30Z","2016-07-07T20:30Z","NEON.LTR.GUAN048062.20160628","NEON.LTR.GUAN048062.20160628.FLR","NEON.DOC.001710vE","Flowers",8.78,"N",NA,"dkUVz+Ep9mjwe8AKJjPrCYTGVeHZyOun"
"9f1177fa-5fd3-4490-8b7f-0ebdc75d3df7","GUAN_047.basePlot.ltr","D04","GUAN","GUAN_047","GUAN_047_132","2016-07-07","2016-05-02","2016-06-28","2016-07-05T14:30Z","2016-07-07T20:30Z","NEON.LTR.GUAN047132.20160628","NEON.LTR.GUAN047132.20160628.NDL","NEON.DOC.001710vE","Needles",0,"N",NA,"dkUVz+Ep9mjwe8AKJjPrCYTGVeHZyOun"
"d9a7b38d-7f4e-4b63-b6a9-d0b9155add25","GUAN_048.basePlot.ltr","D04","GUAN","GUAN_048","GUAN_048_062","2016-07-07","2016-05-02","2016-06-28","2016-07-05T14:30Z","2016-07-07T20:30Z","NEON.LTR.GUAN048062.20160628","NEON.LTR.GUAN048062.20160628.TWI","NEON.DOC.001710vE","Twigs/branches",0.62,"N",NA,"dkUVz+Ep9mjwe8AKJjPrCYTGVeHZyOun"
"0f442daa-b797-4557-a463-3f2de9aa0c33","GUAN_048.basePlot.ltr","D04","GUAN","GUAN_048","GUAN_048_062","2016-07-07","2016-05-02","2016-06-28","2016-07-05T14:30Z","2016-07-07T20:30Z","NEON.LTR.GUAN048062.20160628","NEON.LTR.GUAN048062.20160628.WDY","NEON.DOC.001710vE","Woody material",0,"N",NA,"dkUVz+Ep9mjwe8AKJjPrCYTGVeHZyOun"
"4f3c4559-be97-42cc-8386-1eb7d7881cd4","GUAN_048.basePlot.ltr","D04","GUAN","GUAN_048","GUAN_048_062","2016-07-07","2016-05-02","2016-06-28","2016-07-05T14:30Z","2016-07-07T20:30Z","NEON.LTR.GUAN048062.20160628","NEON.LTR.GUAN048062.20160628.SDS","NEON.DOC.001710vE","Seeds",0,"N",NA,"dkUVz+Ep9mjwe8AKJjPrCYTGVeHZyOun"
"ab1cfeae-d632-4573-a0cb-0e8b500ef4c3","GUAN_048.basePlot.ltr","D04","GUAN","GUAN_048","GUAN_048_803","2016-07-07","2016-05-02","2016-06-28","2016-07-05T14:30Z","2016-07-07T20:30Z","NEON.LTR.GUAN048803.20160628","NEON.LTR.GUAN048803.20160628.LVS","NEON.DOC.001710vE","Leaves",11.23,"Y",NA,"dkUVz+Ep9mjwe8AKJjPrCYTGVeHZyOun"
"1f42f1c8-0b62-4777-a948-800b898ab9f0","GUAN_048.basePlot.ltr","D04","GUAN","GUAN_048","GUAN_048_062","2016-07-07","2016-05-02","2016-06-28","2016-07-05T14:30Z","2016-07-07T20:30Z","NEON.LTR.GUAN048062.20160628","NEON.LTR.GUAN048062.20160628.OTH","NEON.DOC.001710vE","Other",0.06,"N",NA,"dkUVz+Ep9mjwe8AKJjPrCYTGVeHZyOun"
"542e60de-7b32-4a7b-bd93-3208026e27c1","GUAN_048.basePlot.ltr","D04","GUAN","GUAN_048","GUAN_048_803","2016-07-07","2016-05-02","2016-06-28","2016-07-05T14:30Z","2016-07-07T20:30Z","NEON.LTR.GUAN048803.20160628","NEON.LTR.GUAN048803.20160628.SDS","NEON.DOC.001710vE","Seeds",5.46,"N",NA,"dkUVz+Ep9mjwe8AKJjPrCYTGVeHZyOun"
"90a9eb80-222f-4a5b-92ae-4b8dff7345f4","GUAN_048.basePlot.ltr","D04","GUAN","GUAN_048","GUAN_048_803","2016-07-07","2016-05-02","2016-06-28","2016-07-05T14:30Z","2016-07-07T20:30Z","NEON.LTR.GUAN048803.20160628","NEON.LTR.GUAN048803.20160628.FLR","NEON.DOC.001710vE","Flowers",15.05,"Y",NA,"dkUVz+Ep9mjwe8AKJjPrCYTGVeHZyOun"
"7dbb7b93-0f5d-4690-a67d-2c30ee28d103","GUAN_048.basePlot.ltr","D04","GUAN","GUAN_048","GUAN_048_062","2016-07-07","2016-05-02","2016-06-28","2016-07-05T14:30Z","2016-07-07T20:30Z","NEON.LTR.GUAN048062.20160628","NEON.LTR.GUAN048062.20160628.NDL","NEON.DOC.001710vE","Needles",0,"N",NA,"dkUVz+Ep9mjwe8AKJjPrCYTGVeHZyOun"
"a6d0e0db-b5ea-4734-a06c-e486736f4b4f","GUAN_048.basePlot.ltr","D04","GUAN","GUAN_048","GUAN_048_803","2016-07-07","2016-05-02","2016-06-28","2016-07-05T14:30Z","2016-07-07T20:30Z","NEON.LTR.GUAN048803.20160628","NEON.LTR.GUAN048803.20160628.WDY","NEON.DOC.001710vE","Woody material",0.15,"N",NA,"dkUVz+Ep9mjwe8AKJjPrCYTGVeHZyOun"
"8f9d8606-2890-41c7-abbc-5aa0c18eddaf","GUAN_048.basePlot.ltr","D04","GUAN","GUAN_048","GUAN_048_803","2016-07-07","2016-05-02","2016-06-28","2016-07-05T14:30Z","2016-07-07T20:30Z","NEON.LTR.GUAN048803.20160628","NEON.LTR.GUAN048803.20160628.NDL","NEON.DOC.001710vE","Needles",0,"N",NA,"dkUVz+Ep9mjwe8AKJjPrCYTGVeHZyOun"
"8c9767da-c876-44b4-8999-0c8ca9099b60","GUAN_048.basePlot.ltr","D04","GUAN","GUAN_048","GUAN_048_803","2016-07-07","2016-05-02","2016-06-28","2016-07-05T14:30Z","2016-07-07T20:30Z","NEON.LTR.GUAN048803.20160628","NEON.LTR.GUAN048803.20160628.OTH","NEON.DOC.001710vE","Other",0,"N",NA,"dkUVz+Ep9mjwe8AKJjPrCYTGVeHZyOun"
"db669cde-52ea-446e-a423-953e2c8ab729","GUAN_048.basePlot.ltr","D04","GUAN","GUAN_048","GUAN_048_803","2016-07-07","2016-05-02","2016-06-28","2016-07-05T14:30Z","2016-07-07T20:30Z","NEON.LTR.GUAN048803.20160628","NEON.LTR.GUAN048803.20160628.TWI","NEON.DOC.001710vE","Twigs/branches",1.22,"N",NA,"dkUVz+Ep9mjwe8AKJjPrCYTGVeHZyOun"
"69a8648f-57fd-4158-ad38-ab9e0030ab65","GUAN_048.basePlot.ltr","D04","GUAN","GUAN_048","GUAN_048_803","2016-09-01","2016-06-28","2016-08-23","2016-08-29T19:30Z","2016-09-01T17:30Z","NEON.LTR.GUAN048803.20160823","NEON.LTR.GUAN048803.20160823.WDY","NEON.DOC.001710vE","Woody material",0.79,"N",NA,"fiApssCEcSVZh4fTchGlfQK3pYYnYQUQ"
"71c40e01-1629-4940-8409-c554db85b352","GUAN_060.basePlot.ltr","D04","GUAN","GUAN_060","GUAN_060_673","2016-09-01","2016-06-28","2016-08-23","2016-08-29T19:30Z","2016-09-01T17:30Z","NEON.LTR.GUAN060673.20160823","NEON.LTR.GUAN060673.20160823.TWI","NEON.DOC.001710vE","Twigs/branches",6.77,"N",NA,"fiApssCEcSVZh4fTchGlfQK3pYYnYQUQ"
"980259a6-8cff-426d-91c6-433bddb0bcb6","GUAN_060.basePlot.ltr","D04","GUAN","GUAN_060","GUAN_060_673","2016-09-01","2016-06-28","2016-08-23","2016-08-29T19:30Z","2016-09-01T17:30Z","NEON.LTR.GUAN060673.20160823","NEON.LTR.GUAN060673.20160823.OTH","NEON.DOC.001710vE","Other",0.16,"Y",NA,"fiApssCEcSVZh4fTchGlfQK3pYYnYQUQ"
"2bf62eaf-2582-42e1-8d8f-5e6c09d1315a","GUAN_060.basePlot.ltr","D04","GUAN","GUAN_060","GUAN_060_673","2016-09-01","2016-06-28","2016-08-23","2016-08-29T19:30Z","2016-09-01T17:30Z","NEON.LTR.GUAN060673.20160823","NEON.LTR.GUAN060673.20160823.FLR","NEON.DOC.001710vE","Flowers",0,"N",NA,"fiApssCEcSVZh4fTchGlfQK3pYYnYQUQ"
"875ea532-fe70-44e1-b008-aa0c5987d9f0","GUAN_058.basePlot.ltr","D04","GUAN","GUAN_058","GUAN_058_694","2016-09-02","2016-06-28","2016-08-23","2016-08-29T19:30Z","2016-09-02T19:40Z","NEON.LTR.GUAN058694.20160823","NEON.LTR.GUAN058694.20160823.NDL","NEON.DOC.001710vE","Needles",0,"N",NA,"fiApssCEcSVZh4fTchGlfQK3pYYnYQUQ"
"cd08c848-442d-4cce-9096-92211386cdcf","GUAN_058.basePlot.ltr","D04","GUAN","GUAN_058","GUAN_058_694","2016-09-02","2016-06-28","2016-08-23","2016-08-29T19:30Z","2016-09-02T19:40Z","NEON.LTR.GUAN058694.20160823","NEON.LTR.GUAN058694.20160823.FLR","NEON.DOC.001710vE","Flowers",0,"N",NA,"fiApssCEcSVZh4fTchGlfQK3pYYnYQUQ"
"0c70ed4a-ed7c-4007-8438-a8b167c53a68","GUAN_058.basePlot.ltr","D04","GUAN","GUAN_058","GUAN_058_694","2016-09-02","2016-06-28","2016-08-23","2016-08-29T19:30Z","2016-09-02T19:40Z","NEON.LTR.GUAN058694.20160823","NEON.LTR.GUAN058694.20160823.TWI","NEON.DOC.001710vE","Twigs/branches",14.52,"N",NA,"fiApssCEcSVZh4fTchGlfQK3pYYnYQUQ"
"2147c966-758b-4ce5-b543-a26b5177c10a","GUAN_058.basePlot.ltr","D04","GUAN","GUAN_058","GUAN_058_694","2016-09-02","2016-06-28","2016-08-23","2016-08-29T19:30Z","2016-09-02T19:40Z","NEON.LTR.GUAN058694.20160823","NEON.LTR.GUAN058694.20160823.WDY","NEON.DOC.001710vE","Woody material",0.35,"N",NA,"fiApssCEcSVZh4fTchGlfQK3pYYnYQUQ"
"c6ab8cfe-935b-4f11-b781-20a54682d591","GUAN_061.basePlot.ltr","D04","GUAN","GUAN_061","GUAN_061_054","2016-09-02","2016-06-28","2016-08-23","2016-08-29T19:30Z","2016-09-02T19:40Z","NEON.LTR.GUAN061054.20160823","NEON.LTR.GUAN061054.20160823.LVS","NEON.DOC.001710vE","Leaves",17.49,"N",NA,"fiApssCEcSVZh4fTchGlfQK3pYYnYQUQ"
"291e3ffc-64e0-43b0-b3c9-584096ed4d66","GUAN_061.basePlot.ltr","D04","GUAN","GUAN_061","GUAN_061_054","2016-09-02","2016-06-28","2016-08-23","2016-08-29T19:30Z","2016-09-02T19:40Z","NEON.LTR.GUAN061054.20160823","NEON.LTR.GUAN061054.20160823.OTH","NEON.DOC.001710vE","Other",0.15,"N",NA,"fiApssCEcSVZh4fTchGlfQK3pYYnYQUQ"
"b5ed1899-690e-405d-8259-8a0aa54f3afd","GUAN_061.basePlot.ltr","D04","GUAN","GUAN_061","GUAN_061_054","2016-09-02","2016-06-28","2016-08-23","2016-08-29T19:30Z","2016-09-02T19:40Z","NEON.LTR.GUAN061054.20160823","NEON.LTR.GUAN061054.20160823.SDS","NEON.DOC.001710vE","Seeds",0.3,"N",NA,"fiApssCEcSVZh4fTchGlfQK3pYYnYQUQ"
"55e3f39f-88aa-4fea-97f5-a2bedbcbc8ed","GUAN_061.basePlot.ltr","D04","GUAN","GUAN_061","GUAN_061_054","2016-09-02","2016-06-28","2016-08-23","2016-08-29T19:30Z","2016-09-02T19:40Z","NEON.LTR.GUAN061054.20160823","NEON.LTR.GUAN061054.20160823.FLR","NEON.DOC.001710vE","Flowers",0.06,"N",NA,"fiApssCEcSVZh4fTchGlfQK3pYYnYQUQ"
"55b944ab-7a3a-467e-a6ba-55fa55311e1f","GUAN_061.basePlot.ltr","D04","GUAN","GUAN_061","GUAN_061_054","2016-09-02","2016-06-28","2016-08-23","2016-08-29T19:30Z","2016-09-02T19:40Z","NEON.LTR.GUAN061054.20160823","NEON.LTR.GUAN061054.20160823.NDL","NEON.DOC.001710vE","Needles",0,"N",NA,"fiApssCEcSVZh4fTchGlfQK3pYYnYQUQ"
"9436a2b9-a825-4509-84b1-0ded81d02682","GUAN_061.basePlot.ltr","D04","GUAN","GUAN_061","GUAN_061_054","2016-09-02","2016-06-28","2016-08-23","2016-08-29T19:30Z","2016-09-02T19:40Z","NEON.LTR.GUAN061054.20160823","NEON.LTR.GUAN061054.20160823.TWI","NEON.DOC.001710vE","Twigs/branches",1.68,"N",NA,"fiApssCEcSVZh4fTchGlfQK3pYYnYQUQ"
"73bcfc4d-e4e2-4062-bb83-c0a23eef5b0e","GUAN_061.basePlot.ltr","D04","GUAN","GUAN_061","GUAN_061_054","2016-09-02","2016-06-28","2016-08-23","2016-08-29T19:30Z","2016-09-02T19:40Z","NEON.LTR.GUAN061054.20160823","NEON.LTR.GUAN061054.20160823.WDY","NEON.DOC.001710vE","Woody material",0,"N",NA,"fiApssCEcSVZh4fTchGlfQK3pYYnYQUQ"
"bb8dc045-fd2c-4dbd-a39d-62a0ee7325ea","GUAN_048.basePlot.ltr","D04","GUAN","GUAN_048","GUAN_048_062","2016-09-02","2016-06-28","2016-08-23","2016-08-29T19:30Z","2016-09-02T19:40Z","NEON.LTR.GUAN048062.20160823","NEON.LTR.GUAN048062.20160823.LVS","NEON.DOC.001710vE","Leaves",73.14,"N",NA,"fiApssCEcSVZh4fTchGlfQK3pYYnYQUQ"
"05ecf161-f543-4c00-a438-6c8f5d8e9a89","GUAN_048.basePlot.ltr","D04","GUAN","GUAN_048","GUAN_048_062","2016-09-02","2016-06-28","2016-08-23","2016-08-29T19:30Z","2016-09-02T19:40Z","NEON.LTR.GUAN048062.20160823","NEON.LTR.GUAN048062.20160823.OTH","NEON.DOC.001710vE","Other",0.05,"N",NA,"fiApssCEcSVZh4fTchGlfQK3pYYnYQUQ"
"55a9d125-2115-4d8c-840f-c70d2b5fcdd8","GUAN_048.basePlot.ltr","D04","GUAN","GUAN_048","GUAN_048_062","2016-09-02","2016-06-28","2016-08-23","2016-08-29T19:30Z","2016-09-02T19:40Z","NEON.LTR.GUAN048062.20160823","NEON.LTR.GUAN048062.20160823.SDS","NEON.DOC.001710vE","Seeds",4.7,"N",NA,"fiApssCEcSVZh4fTchGlfQK3pYYnYQUQ"
"0d323586-4c89-4650-ac07-784e9e63b8d4","GUAN_048.basePlot.ltr","D04","GUAN","GUAN_048","GUAN_048_062","2016-09-02","2016-06-28","2016-08-23","2016-08-29T19:30Z","2016-09-02T19:40Z","NEON.LTR.GUAN048062.20160823","NEON.LTR.GUAN048062.20160823.NDL","NEON.DOC.001710vE","Needles",0,"N",NA,"fiApssCEcSVZh4fTchGlfQK3pYYnYQUQ"
"1f2ed61d-e204-4c8b-89d8-ff89fbe5c599","GUAN_048.basePlot.ltr","D04","GUAN","GUAN_048","GUAN_048_062","2016-09-02","2016-06-28","2016-08-23","2016-08-29T19:30Z","2016-09-02T19:40Z","NEON.LTR.GUAN048062.20160823","NEON.LTR.GUAN048062.20160823.FLR","NEON.DOC.001710vE","Flowers",0,"N",NA,"fiApssCEcSVZh4fTchGlfQK3pYYnYQUQ"
"be2e1322-2902-4727-bbba-de73f4bffa1b","GUAN_048.basePlot.ltr","D04","GUAN","GUAN_048","GUAN_048_062","2016-09-02","2016-06-28","2016-08-23","2016-08-29T19:30Z","2016-09-02T19:40Z","NEON.LTR.GUAN048062.20160823","NEON.LTR.GUAN048062.20160823.TWI","NEON.DOC.001710vE","Twigs/branches",7.78,"N",NA,"fiApssCEcSVZh4fTchGlfQK3pYYnYQUQ"
"efe47e53-8cc2-4bbf-b09c-54e14600cd29","GUAN_048.basePlot.ltr","D04","GUAN","GUAN_048","GUAN_048_062","2016-09-02","2016-06-28","2016-08-23","2016-08-29T19:30Z","2016-09-02T19:40Z","NEON.LTR.GUAN048062.20160823","NEON.LTR.GUAN048062.20160823.WDY","NEON.DOC.001710vE","Woody material",0.12,"N",NA,"fiApssCEcSVZh4fTchGlfQK3pYYnYQUQ"
"0215f130-1f0b-434a-8f9e-681c60841a52","GUAN_055.basePlot.ltr","D04","GUAN","GUAN_055","GUAN_055_363","2016-09-02","2016-06-28","2016-08-23","2016-08-29T19:30Z","2016-09-02T19:40Z","NEON.LTR.GUAN055363.20160823","NEON.LTR.GUAN055363.20160823.LVS","NEON.DOC.001710vE","Leaves",14.6,"Y",NA,"fiApssCEcSVZh4fTchGlfQK3pYYnYQUQ"
"b3408541-26eb-4341-a6e0-f020d0304b3b","GUAN_055.basePlot.ltr","D04","GUAN","GUAN_055","GUAN_055_363","2016-09-02","2016-06-28","2016-08-23","2016-08-29T19:30Z","2016-09-02T19:40Z","NEON.LTR.GUAN055363.20160823","NEON.LTR.GUAN055363.20160823.OTH","NEON.DOC.001710vE","Other",0.24,"N",NA,"fiApssCEcSVZh4fTchGlfQK3pYYnYQUQ"
"91b61872-5872-4a3f-bfa0-ef981d8fa642","GUAN_055.basePlot.ltr","D04","GUAN","GUAN_055","GUAN_055_363","2016-09-02","2016-06-28","2016-08-23","2016-08-29T19:30Z","2016-09-02T19:40Z","NEON.LTR.GUAN055363.20160823","NEON.LTR.GUAN055363.20160823.SDS","NEON.DOC.001710vE","Seeds",0.18,"N",NA,"fiApssCEcSVZh4fTchGlfQK3pYYnYQUQ"
"2975665e-7aae-4e07-8d53-6b278a1f1955","GUAN_055.basePlot.ltr","D04","GUAN","GUAN_055","GUAN_055_363","2016-09-02","2016-06-28","2016-08-23","2016-08-29T19:30Z","2016-09-02T19:40Z","NEON.LTR.GUAN055363.20160823","NEON.LTR.GUAN055363.20160823.FLR","NEON.DOC.001710vE","Flowers",0.48,"N",NA,"fiApssCEcSVZh4fTchGlfQK3pYYnYQUQ"
"7ae788e8-ed90-4a3a-b0cf-c167475203fd","GUAN_055.basePlot.ltr","D04","GUAN","GUAN_055","GUAN_055_363","2016-09-02","2016-06-28","2016-08-23","2016-08-29T19:30Z","2016-09-02T19:40Z","NEON.LTR.GUAN055363.20160823","NEON.LTR.GUAN055363.20160823.NDL","NEON.DOC.001710vE","Needles",0,"N",NA,"fiApssCEcSVZh4fTchGlfQK3pYYnYQUQ"
"d0eb1fa4-2e71-4c47-9869-8d20e8dd1014","GUAN_055.basePlot.ltr","D04","GUAN","GUAN_055","GUAN_055_363","2016-09-02","2016-06-28","2016-08-23","2016-08-29T19:30Z","2016-09-02T19:40Z","NEON.LTR.GUAN055363.20160823","NEON.LTR.GUAN055363.20160823.TWI","NEON.DOC.001710vE","Twigs/branches",4.85,"N",NA,"fiApssCEcSVZh4fTchGlfQK3pYYnYQUQ"
"c605d021-7a9e-4391-a471-146970ff1520","GUAN_055.basePlot.ltr","D04","GUAN","GUAN_055","GUAN_055_363","2016-09-02","2016-06-28","2016-08-23","2016-08-29T19:30Z","2016-09-02T19:40Z","NEON.LTR.GUAN055363.20160823","NEON.LTR.GUAN055363.20160823.WDY","NEON.DOC.001710vE","Woody material",0.58,"N",NA,"fiApssCEcSVZh4fTchGlfQK3pYYnYQUQ"
"832a1654-0f37-4f08-a39d-251cac536e30","GUAN_051.basePlot.ltr","D04","GUAN","GUAN_051","GUAN_051_803","2016-09-02","2016-06-28","2016-08-23","2016-08-29T19:30Z","2016-09-02T19:40Z","NEON.LTR.GUAN051803.20160823","NEON.LTR.GUAN051803.20160823.TWI","NEON.DOC.001710vE","Twigs/branches",20.69,"N",NA,"fiApssCEcSVZh4fTchGlfQK3pYYnYQUQ"
"0c153e1e-1f9f-43f9-a45b-4f91b2d9de12","GUAN_058.basePlot.ltr","D04","GUAN","GUAN_058","GUAN_058_694","2016-09-02","2016-06-28","2016-08-23","2016-08-29T19:30Z","2016-09-02T19:40Z","NEON.LTR.GUAN058694.20160823","NEON.LTR.GUAN058694.20160823.LVS","NEON.DOC.001710vE","Leaves",10.83,"N",NA,"fiApssCEcSVZh4fTchGlfQK3pYYnYQUQ"
"26c551bc-7988-4fa6-b5fb-6be864bd4b69","GUAN_058.basePlot.ltr","D04","GUAN","GUAN_058","GUAN_058_694","2016-09-02","2016-06-28","2016-08-23","2016-08-29T19:30Z","2016-09-02T19:40Z","NEON.LTR.GUAN058694.20160823","NEON.LTR.GUAN058694.20160823.OTH","NEON.DOC.001710vE","Other",3.21,"N",NA,"fiApssCEcSVZh4fTchGlfQK3pYYnYQUQ"
"353008ac-c636-47dc-a245-ad773f171c2f","GUAN_051.basePlot.ltr","D04","GUAN","GUAN_051","GUAN_051_803","2016-09-02","2016-06-28","2016-08-23","2016-08-29T19:30Z","2016-09-02T19:40Z","NEON.LTR.GUAN051803.20160823","NEON.LTR.GUAN051803.20160823.SDS","NEON.DOC.001710vE","Seeds",0,"N",NA,"fiApssCEcSVZh4fTchGlfQK3pYYnYQUQ"
"cc514451-fdf2-4eb2-a853-ed6a238c5fd2","GUAN_058.basePlot.ltr","D04","GUAN","GUAN_058","GUAN_058_694","2016-09-02","2016-06-28","2016-08-23","2016-08-29T19:30Z","2016-09-02T19:40Z","NEON.LTR.GUAN058694.20160823","NEON.LTR.GUAN058694.20160823.SDS","NEON.DOC.001710vE","Seeds",0.05,"N",NA,"fiApssCEcSVZh4fTchGlfQK3pYYnYQUQ"
"d3d4aa5d-59b1-4694-b635-35649c08b121","GUAN_051.basePlot.ltr","D04","GUAN","GUAN_051","GUAN_051_803","2016-09-02","2016-06-28","2016-08-23","2016-08-29T19:30Z","2016-09-02T19:40Z","NEON.LTR.GUAN051803.20160823","NEON.LTR.GUAN051803.20160823.WDY","NEON.DOC.001710vE","Woody material",0.05,"N",NA,"fiApssCEcSVZh4fTchGlfQK3pYYnYQUQ"
"54adcf94-fb64-42f2-bb55-4ec67a1d0bbb","GUAN_051.basePlot.ltr","D04","GUAN","GUAN_051","GUAN_051_803","2016-09-02","2016-06-28","2016-08-23","2016-08-29T19:30Z","2016-09-02T19:40Z","NEON.LTR.GUAN051803.20160823","NEON.LTR.GUAN051803.20160823.FLR","NEON.DOC.001710vE","Flowers",0,"N",NA,"fiApssCEcSVZh4fTchGlfQK3pYYnYQUQ"
"63d7fb2f-1d68-44ea-9bac-68bf5d2141c9","GUAN_051.basePlot.ltr","D04","GUAN","GUAN_051","GUAN_051_803","2016-09-02","2016-06-28","2016-08-23","2016-08-29T19:30Z","2016-09-02T19:40Z","NEON.LTR.GUAN051803.20160823","NEON.LTR.GUAN051803.20160823.LVS","NEON.DOC.001710vE","Leaves",27.38,"N",NA,"fiApssCEcSVZh4fTchGlfQK3pYYnYQUQ"
"f0782082-83a7-4ba3-9eee-9e8fad516d3a","GUAN_051.basePlot.ltr","D04","GUAN","GUAN_051","GUAN_051_803","2016-09-02","2016-06-28","2016-08-23","2016-08-29T19:30Z","2016-09-02T19:40Z","NEON.LTR.GUAN051803.20160823","NEON.LTR.GUAN051803.20160823.NDL","NEON.DOC.001710vE","Needles",0,"N",NA,"fiApssCEcSVZh4fTchGlfQK3pYYnYQUQ"
"281bd700-0c60-47b7-836c-ac8a40cafa27","GUAN_051.basePlot.ltr","D04","GUAN","GUAN_051","GUAN_051_803","2016-09-02","2016-06-28","2016-08-23","2016-08-29T19:30Z","2016-09-02T19:40Z","NEON.LTR.GUAN051803.20160823","NEON.LTR.GUAN051803.20160823.OTH","NEON.DOC.001710vE","Other",0,"N",NA,"fiApssCEcSVZh4fTchGlfQK3pYYnYQUQ"
"76d60c08-4e19-4f8a-b9f7-e054b0aee210","GUAN_050.basePlot.ltr","D04","GUAN","GUAN_050","GUAN_050_850","2016-09-02","2016-06-28","2016-08-23","2016-08-29T19:30Z","2016-09-02T19:40Z","NEON.LTR.GUAN050850.20160823","NEON.LTR.GUAN050850.20160823.TWI","NEON.DOC.001710vE","Twigs/branches",0.92,"N",NA,"fiApssCEcSVZh4fTchGlfQK3pYYnYQUQ"
"cebca6ef-0929-4c91-9894-144297f5378f","GUAN_050.basePlot.ltr","D04","GUAN","GUAN_050","GUAN_050_850","2016-09-02","2016-06-28","2016-08-23","2016-08-29T19:30Z","2016-09-02T19:40Z","NEON.LTR.GUAN050850.20160823","NEON.LTR.GUAN050850.20160823.WDY","NEON.DOC.001710vE","Woody material",0.05,"N",NA,"fiApssCEcSVZh4fTchGlfQK3pYYnYQUQ"
"45914c3f-a447-4850-9a63-c66c557e2fe3","GUAN_050.basePlot.ltr","D04","GUAN","GUAN_050","GUAN_050_850","2016-09-02","2016-06-28","2016-08-23","2016-08-29T19:30Z","2016-09-02T19:40Z","NEON.LTR.GUAN050850.20160823","NEON.LTR.GUAN050850.20160823.NDL","NEON.DOC.001710vE","Needles",0,"N",NA,"fiApssCEcSVZh4fTchGlfQK3pYYnYQUQ"
"ff84a874-f638-4530-a075-f710b7d6b7b8","GUAN_050.basePlot.ltr","D04","GUAN","GUAN_050","GUAN_050_850","2016-09-02","2016-06-28","2016-08-23","2016-08-29T19:30Z","2016-09-02T19:40Z","NEON.LTR.GUAN050850.20160823","NEON.LTR.GUAN050850.20160823.OTH","NEON.DOC.001710vE","Other",0,"N",NA,"fiApssCEcSVZh4fTchGlfQK3pYYnYQUQ"
"00b3b2d1-34c7-4e97-993d-9196eee8b5f3","GUAN_050.basePlot.ltr","D04","GUAN","GUAN_050","GUAN_050_850","2016-09-02","2016-06-28","2016-08-23","2016-08-29T19:30Z","2016-09-02T19:40Z","NEON.LTR.GUAN050850.20160823","NEON.LTR.GUAN050850.20160823.FLR","NEON.DOC.001710vE","Flowers",0,"N",NA,"fiApssCEcSVZh4fTchGlfQK3pYYnYQUQ"
"ed0e28db-28b6-45de-bd9a-d7a5a75645c6","GUAN_047.basePlot.ltr","D04","GUAN","GUAN_047","GUAN_047_132","2016-09-02","2016-06-28","2016-08-23","2016-08-29T19:30Z","2016-09-02T19:40Z","NEON.LTR.GUAN047132.20160823","NEON.LTR.GUAN047132.20160823.WDY","NEON.DOC.001710vE","Woody material",0,"N",NA,"fiApssCEcSVZh4fTchGlfQK3pYYnYQUQ"
"2cd7a17d-1775-4eb2-817e-6d203c4349f3","GUAN_050.basePlot.ltr","D04","GUAN","GUAN_050","GUAN_050_850","2016-09-02","2016-06-28","2016-08-23","2016-08-29T19:30Z","2016-09-02T19:40Z","NEON.LTR.GUAN050850.20160823","NEON.LTR.GUAN050850.20160823.LVS","NEON.DOC.001710vE","Leaves",25.56,"N",NA,"fiApssCEcSVZh4fTchGlfQK3pYYnYQUQ"
"52a81b00-3f4d-40f4-a5ae-c600e4fa4481","GUAN_050.basePlot.ltr","D04","GUAN","GUAN_050","GUAN_050_850","2016-09-02","2016-06-28","2016-08-23","2016-08-29T19:30Z","2016-09-02T19:40Z","NEON.LTR.GUAN050850.20160823","NEON.LTR.GUAN050850.20160823.SDS","NEON.DOC.001710vE","Seeds",0.44,"N",NA,"fiApssCEcSVZh4fTchGlfQK3pYYnYQUQ"
"3a8b409e-6a1b-4028-ad83-8aa81aa4bfb5","GUAN_047.basePlot.ltr","D04","GUAN","GUAN_047","GUAN_047_132","2016-09-02","2016-06-28","2016-08-23","2016-08-29T19:30Z","2016-09-02T19:40Z","NEON.LTR.GUAN047132.20160823","NEON.LTR.GUAN047132.20160823.SDS","NEON.DOC.001710vE","Seeds",0,"N",NA,"fiApssCEcSVZh4fTchGlfQK3pYYnYQUQ"
"67c9f277-8c52-4f8f-937a-ee1f56ea89a0","GUAN_047.basePlot.ltr","D04","GUAN","GUAN_047","GUAN_047_132","2016-09-02","2016-06-28","2016-08-23","2016-08-29T19:30Z","2016-09-02T19:40Z","NEON.LTR.GUAN047132.20160823","NEON.LTR.GUAN047132.20160823.TWI","NEON.DOC.001710vE","Twigs/branches",3.39,"N",NA,"fiApssCEcSVZh4fTchGlfQK3pYYnYQUQ"
"2268b4aa-bd9f-4d0a-9bc0-49cc592b99bc","GUAN_047.basePlot.ltr","D04","GUAN","GUAN_047","GUAN_047_132","2016-09-02","2016-06-28","2016-08-23","2016-08-29T19:30Z","2016-09-02T19:40Z","NEON.LTR.GUAN047132.20160823","NEON.LTR.GUAN047132.20160823.OTH","NEON.DOC.001710vE","Other",0.31,"N",NA,"fiApssCEcSVZh4fTchGlfQK3pYYnYQUQ"
"6985f2d7-3cbf-44f0-ac0d-c5efc4f9d7cc","GUAN_047.basePlot.ltr","D04","GUAN","GUAN_047","GUAN_047_132","2016-09-02","2016-06-28","2016-08-23","2016-08-29T19:30Z","2016-09-02T19:40Z","NEON.LTR.GUAN047132.20160823","NEON.LTR.GUAN047132.20160823.FLR","NEON.DOC.001710vE","Flowers",0.05,"N",NA,"fiApssCEcSVZh4fTchGlfQK3pYYnYQUQ"
"749562bf-1c1e-4907-82a9-8192df3c49f7","GUAN_047.basePlot.ltr","D04","GUAN","GUAN_047","GUAN_047_132","2016-09-02","2016-06-28","2016-08-23","2016-08-29T19:30Z","2016-09-02T19:40Z","NEON.LTR.GUAN047132.20160823","NEON.LTR.GUAN047132.20160823.NDL","NEON.DOC.001710vE","Needles",0,"N",NA,"fiApssCEcSVZh4fTchGlfQK3pYYnYQUQ"
"7c48cd4b-8062-4ae4-bf23-cb3460253d94","GUAN_059.basePlot.ltr","D04","GUAN","GUAN_059","GUAN_059_658","2016-09-02","2016-06-28","2016-08-23","2016-08-29T19:30Z","2016-09-02T19:40Z","NEON.LTR.GUAN059658.20160823","NEON.LTR.GUAN059658.20160823.TWI","NEON.DOC.001710vE","Twigs/branches",0.26,"N",NA,"fiApssCEcSVZh4fTchGlfQK3pYYnYQUQ"
"15689e91-67c9-41fc-aee4-48cf9c0bc4c3","GUAN_059.basePlot.ltr","D04","GUAN","GUAN_059","GUAN_059_658","2016-09-02","2016-06-28","2016-08-23","2016-08-29T19:30Z","2016-09-02T19:40Z","NEON.LTR.GUAN059658.20160823","NEON.LTR.GUAN059658.20160823.WDY","NEON.DOC.001710vE","Woody material",0.05,"N",NA,"fiApssCEcSVZh4fTchGlfQK3pYYnYQUQ"
"a4eac83d-76bc-48ed-a2e6-221c59124a26","GUAN_047.basePlot.ltr","D04","GUAN","GUAN_047","GUAN_047_132","2016-09-02","2016-06-28","2016-08-23","2016-08-29T19:30Z","2016-09-02T19:40Z","NEON.LTR.GUAN047132.20160823","NEON.LTR.GUAN047132.20160823.LVS","NEON.DOC.001710vE","Leaves",13.5,"N",NA,"fiApssCEcSVZh4fTchGlfQK3pYYnYQUQ"
"959771b0-533c-497f-b2a7-e4243587eb40","GUAN_059.basePlot.ltr","D04","GUAN","GUAN_059","GUAN_059_658","2016-09-02","2016-06-28","2016-08-23","2016-08-29T19:30Z","2016-09-02T19:40Z","NEON.LTR.GUAN059658.20160823","NEON.LTR.GUAN059658.20160823.OTH","NEON.DOC.001710vE","Other",0,"N",NA,"fiApssCEcSVZh4fTchGlfQK3pYYnYQUQ"
"6892cf35-4599-4703-9a75-ce29273cc305","GUAN_059.basePlot.ltr","D04","GUAN","GUAN_059","GUAN_059_658","2016-09-02","2016-06-28","2016-08-23","2016-08-29T19:30Z","2016-09-02T19:40Z","NEON.LTR.GUAN059658.20160823","NEON.LTR.GUAN059658.20160823.FLR","NEON.DOC.001710vE","Flowers",0,"N",NA,"fiApssCEcSVZh4fTchGlfQK3pYYnYQUQ"
"85f7afb5-bb82-42e2-9dac-f9f6c4219eef","GUAN_059.basePlot.ltr","D04","GUAN","GUAN_059","GUAN_059_658","2016-09-02","2016-06-28","2016-08-23","2016-08-29T19:30Z","2016-09-02T19:40Z","NEON.LTR.GUAN059658.20160823","NEON.LTR.GUAN059658.20160823.LVS","NEON.DOC.001710vE","Leaves",27.67,"N",NA,"fiApssCEcSVZh4fTchGlfQK3pYYnYQUQ"
"c841cac3-3d58-4fe3-9979-022127c170d4","GUAN_059.basePlot.ltr","D04","GUAN","GUAN_059","GUAN_059_658","2016-09-02","2016-06-28","2016-08-23","2016-08-29T19:30Z","2016-09-02T19:40Z","NEON.LTR.GUAN059658.20160823","NEON.LTR.GUAN059658.20160823.SDS","NEON.DOC.001710vE","Seeds",1.34,"N",NA,"fiApssCEcSVZh4fTchGlfQK3pYYnYQUQ"
"cdfb3dd0-7a1f-421d-860b-25bc50edfbf7","GUAN_059.basePlot.ltr","D04","GUAN","GUAN_059","GUAN_059_658","2016-09-02","2016-06-28","2016-08-23","2016-08-29T19:30Z","2016-09-02T19:40Z","NEON.LTR.GUAN059658.20160823","NEON.LTR.GUAN059658.20160823.NDL","NEON.DOC.001710vE","Needles",0,"N",NA,"fiApssCEcSVZh4fTchGlfQK3pYYnYQUQ"
"70e77d95-0738-4e36-a19a-94e150758add","GUAN_052.basePlot.ltr","D04","GUAN","GUAN_052","GUAN_052_280","2016-09-02","2016-06-28","2016-08-23","2016-08-29T19:30Z","2016-09-02T19:40Z","NEON.LTR.GUAN052280.20160823","NEON.LTR.GUAN052280.20160823.NDL","NEON.DOC.001710vE","Needles",0,"N",NA,"fiApssCEcSVZh4fTchGlfQK3pYYnYQUQ"
"fe15b0c5-b7fc-436d-ba3c-e71bef87156c","GUAN_052.basePlot.ltr","D04","GUAN","GUAN_052","GUAN_052_280","2016-09-02","2016-06-28","2016-08-23","2016-08-29T19:30Z","2016-09-02T19:40Z","NEON.LTR.GUAN052280.20160823","NEON.LTR.GUAN052280.20160823.TWI","NEON.DOC.001710vE","Twigs/branches",1.52,"N",NA,"fiApssCEcSVZh4fTchGlfQK3pYYnYQUQ"
"0911a55d-9919-44d9-a994-24b47e7595d2","GUAN_052.basePlot.ltr","D04","GUAN","GUAN_052","GUAN_052_280","2016-09-02","2016-06-28","2016-08-23","2016-08-29T19:30Z","2016-09-02T19:40Z","NEON.LTR.GUAN052280.20160823","NEON.LTR.GUAN052280.20160823.WDY","NEON.DOC.001710vE","Woody material",0.05,"N",NA,"fiApssCEcSVZh4fTchGlfQK3pYYnYQUQ"
"5ba553e9-b64b-476b-a073-c4577522e2b4","GUAN_052.basePlot.ltr","D04","GUAN","GUAN_052","GUAN_052_280","2016-09-02","2016-06-28","2016-08-23","2016-08-29T19:30Z","2016-09-02T19:40Z","NEON.LTR.GUAN052280.20160823","NEON.LTR.GUAN052280.20160823.SDS","NEON.DOC.001710vE","Seeds",1.24,"Y",NA,"fiApssCEcSVZh4fTchGlfQK3pYYnYQUQ"
"7f9c24f9-e2b4-48a0-bfe3-e1e2f0811b52","GUAN_052.basePlot.ltr","D04","GUAN","GUAN_052","GUAN_052_280","2016-09-02","2016-06-28","2016-08-23","2016-08-29T19:30Z","2016-09-02T19:40Z","NEON.LTR.GUAN052280.20160823","NEON.LTR.GUAN052280.20160823.FLR","NEON.DOC.001710vE","Flowers",0.05,"N",NA,"fiApssCEcSVZh4fTchGlfQK3pYYnYQUQ"
"12f5b252-efc1-4f08-a1ba-42bf893a9d22","GUAN_053.basePlot.ltr","D04","GUAN","GUAN_053","GUAN_053_652","2016-09-02","2016-06-28","2016-08-23","2016-08-29T19:30Z","2016-09-02T19:40Z","NEON.LTR.GUAN053652.20160823","NEON.LTR.GUAN053652.20160823.NDL","NEON.DOC.001710vE","Needles",0,"N",NA,"fiApssCEcSVZh4fTchGlfQK3pYYnYQUQ"
"8e2a7859-3d98-4957-a826-ac9d3004903a","GUAN_052.basePlot.ltr","D04","GUAN","GUAN_052","GUAN_052_280","2016-09-02","2016-06-28","2016-08-23","2016-08-29T19:30Z","2016-09-02T19:40Z","NEON.LTR.GUAN052280.20160823","NEON.LTR.GUAN052280.20160823.LVS","NEON.DOC.001710vE","Leaves",27.39,"N",NA,"fiApssCEcSVZh4fTchGlfQK3pYYnYQUQ"
"4b8d574e-4355-4948-af95-197a617218f2","GUAN_052.basePlot.ltr","D04","GUAN","GUAN_052","GUAN_052_280","2016-09-02","2016-06-28","2016-08-23","2016-08-29T19:30Z","2016-09-02T19:40Z","NEON.LTR.GUAN052280.20160823","NEON.LTR.GUAN052280.20160823.OTH","NEON.DOC.001710vE","Other",0.24,"N",NA,"fiApssCEcSVZh4fTchGlfQK3pYYnYQUQ"
"1abea485-c13e-4eaf-8a91-2e136d93aed9","GUAN_053.basePlot.ltr","D04","GUAN","GUAN_053","GUAN_053_652","2016-09-02","2016-06-28","2016-08-23","2016-08-29T19:30Z","2016-09-02T19:40Z","NEON.LTR.GUAN053652.20160823","NEON.LTR.GUAN053652.20160823.FLR","NEON.DOC.001710vE","Flowers",0,"N",NA,"fiApssCEcSVZh4fTchGlfQK3pYYnYQUQ"
"50918ba7-079b-4993-9afe-312a545a8dd1","GUAN_053.basePlot.ltr","D04","GUAN","GUAN_053","GUAN_053_652","2016-09-02","2016-06-28","2016-08-23","2016-08-29T19:30Z","2016-09-02T19:40Z","NEON.LTR.GUAN053652.20160823","NEON.LTR.GUAN053652.20160823.TWI","NEON.DOC.001710vE","Twigs/branches",0.87,"N",NA,"fiApssCEcSVZh4fTchGlfQK3pYYnYQUQ"
"f2f14f72-e4b8-45a0-8913-5fc2fb02bc41","GUAN_053.basePlot.ltr","D04","GUAN","GUAN_053","GUAN_053_652","2016-09-02","2016-06-28","2016-08-23","2016-08-29T19:30Z","2016-09-02T19:40Z","NEON.LTR.GUAN053652.20160823","NEON.LTR.GUAN053652.20160823.WDY","NEON.DOC.001710vE","Woody material",0.12,"N",NA,"fiApssCEcSVZh4fTchGlfQK3pYYnYQUQ"
"24e7ba8e-ce53-47db-8cb4-a4dc0b6b8509","GUAN_053.basePlot.ltr","D04","GUAN","GUAN_053","GUAN_053_652","2016-09-02","2016-06-28","2016-08-23","2016-08-29T19:30Z","2016-09-02T19:40Z","NEON.LTR.GUAN053652.20160823","NEON.LTR.GUAN053652.20160823.OTH","NEON.DOC.001710vE","Other",0.57,"N",NA,"fiApssCEcSVZh4fTchGlfQK3pYYnYQUQ"
"5be3ca42-4c37-4d6e-9fa9-3e90253acd55","GUAN_053.basePlot.ltr","D04","GUAN","GUAN_053","GUAN_053_652","2016-09-02","2016-06-28","2016-08-23","2016-08-29T19:30Z","2016-09-02T19:40Z","NEON.LTR.GUAN053652.20160823","NEON.LTR.GUAN053652.20160823.SDS","NEON.DOC.001710vE","Seeds",0.26,"N",NA,"fiApssCEcSVZh4fTchGlfQK3pYYnYQUQ"
"be30d7b6-b9cc-42c0-90f2-a6dd4c883448","GUAN_046.basePlot.ltr","D04","GUAN","GUAN_046","GUAN_046_824","2016-09-02","2016-06-28","2016-08-23","2016-08-29T19:30Z","2016-09-02T19:40Z","NEON.LTR.GUAN046824.20160823","NEON.LTR.GUAN046824.20160823.TWI","NEON.DOC.001710vE","Twigs/branches",3.15,"N",NA,"fiApssCEcSVZh4fTchGlfQK3pYYnYQUQ"
"d9f24626-b370-4918-a41d-4bc76aa32612","GUAN_046.basePlot.ltr","D04","GUAN","GUAN_046","GUAN_046_824","2016-09-02","2016-06-28","2016-08-23","2016-08-29T19:30Z","2016-09-02T19:40Z","NEON.LTR.GUAN046824.20160823","NEON.LTR.GUAN046824.20160823.WDY","NEON.DOC.001710vE","Woody material",1.29,"N",NA,"fiApssCEcSVZh4fTchGlfQK3pYYnYQUQ"
"6bb522bf-9a9a-4b4a-8637-3b02ed6e500f","GUAN_053.basePlot.ltr","D04","GUAN","GUAN_053","GUAN_053_652","2016-09-02","2016-06-28","2016-08-23","2016-08-29T19:30Z","2016-09-02T19:40Z","NEON.LTR.GUAN053652.20160823","NEON.LTR.GUAN053652.20160823.LVS","NEON.DOC.001710vE","Leaves",24,"N",NA,"fiApssCEcSVZh4fTchGlfQK3pYYnYQUQ"
"321ffdc1-fe47-4635-9451-dce09cc1401a","GUAN_046.basePlot.ltr","D04","GUAN","GUAN_046","GUAN_046_824","2016-09-02","2016-06-28","2016-08-23","2016-08-29T19:30Z","2016-09-02T19:40Z","NEON.LTR.GUAN046824.20160823","NEON.LTR.GUAN046824.20160823.SDS","NEON.DOC.001710vE","Seeds",0.09,"N",NA,"fiApssCEcSVZh4fTchGlfQK3pYYnYQUQ"
"ed1a53d7-9632-4b61-bd0e-dd6c49652d30","GUAN_046.basePlot.ltr","D04","GUAN","GUAN_046","GUAN_046_824","2016-09-02","2016-06-28","2016-08-23","2016-08-29T19:30Z","2016-09-02T19:40Z","NEON.LTR.GUAN046824.20160823","NEON.LTR.GUAN046824.20160823.NDL","NEON.DOC.001710vE","Needles",0,"N",NA,"fiApssCEcSVZh4fTchGlfQK3pYYnYQUQ"
"3105d3a6-eed7-44b8-a232-d6dd20f2c1ba","GUAN_046.basePlot.ltr","D04","GUAN","GUAN_046","GUAN_046_824","2016-09-02","2016-06-28","2016-08-23","2016-08-29T19:30Z","2016-09-02T19:40Z","NEON.LTR.GUAN046824.20160823","NEON.LTR.GUAN046824.20160823.FLR","NEON.DOC.001710vE","Flowers",0,"N",NA,"fiApssCEcSVZh4fTchGlfQK3pYYnYQUQ"
"30ebfea2-0ff4-432b-9624-cf971288b3ca","GUAN_057.basePlot.ltr","D04","GUAN","GUAN_057","GUAN_057_673","2016-09-02","2016-06-28","2016-08-23","2016-08-29T19:30Z","2016-09-02T19:40Z","NEON.LTR.GUAN057673.20160823","NEON.LTR.GUAN057673.20160823.SDS","NEON.DOC.001710vE","Seeds",0.29,"N",NA,"fiApssCEcSVZh4fTchGlfQK3pYYnYQUQ"
"2e5f1bde-e5c8-40ca-8f09-0193c781a960","GUAN_057.basePlot.ltr","D04","GUAN","GUAN_057","GUAN_057_673","2016-09-02","2016-06-28","2016-08-23","2016-08-29T19:30Z","2016-09-02T19:40Z","NEON.LTR.GUAN057673.20160823","NEON.LTR.GUAN057673.20160823.NDL","NEON.DOC.001710vE","Needles",0,"N",NA,"fiApssCEcSVZh4fTchGlfQK3pYYnYQUQ"
"82728f85-c14b-4119-bdca-21dd9846bd61","GUAN_057.basePlot.ltr","D04","GUAN","GUAN_057","GUAN_057_673","2016-09-02","2016-06-28","2016-08-23","2016-08-29T19:30Z","2016-09-02T19:40Z","NEON.LTR.GUAN057673.20160823","NEON.LTR.GUAN057673.20160823.FLR","NEON.DOC.001710vE","Flowers",0,"N",NA,"fiApssCEcSVZh4fTchGlfQK3pYYnYQUQ"
"bdf66a21-ae9c-48aa-ab2e-49b8d4e86c16","GUAN_057.basePlot.ltr","D04","GUAN","GUAN_057","GUAN_057_673","2016-09-02","2016-06-28","2016-08-23","2016-08-29T19:30Z","2016-09-02T19:40Z","NEON.LTR.GUAN057673.20160823","NEON.LTR.GUAN057673.20160823.OTH","NEON.DOC.001710vE","Other",0,"N",NA,"fiApssCEcSVZh4fTchGlfQK3pYYnYQUQ"
"1715ed07-2588-4818-9510-f9ae3c690c36","GUAN_057.basePlot.ltr","D04","GUAN","GUAN_057","GUAN_057_673","2016-09-02","2016-06-28","2016-08-23","2016-08-29T19:30Z","2016-09-02T19:40Z","NEON.LTR.GUAN057673.20160823","NEON.LTR.GUAN057673.20160823.WDY","NEON.DOC.001710vE","Woody material",0,"N",NA,"fiApssCEcSVZh4fTchGlfQK3pYYnYQUQ"
"1a5bde20-6cb6-4c6c-985e-fc41960861cf","GUAN_057.basePlot.ltr","D04","GUAN","GUAN_057","GUAN_057_673","2016-09-02","2016-06-28","2016-08-23","2016-08-29T19:30Z","2016-09-02T19:40Z","NEON.LTR.GUAN057673.20160823","NEON.LTR.GUAN057673.20160823.TWI","NEON.DOC.001710vE","Twigs/branches",2.14,"N",NA,"fiApssCEcSVZh4fTchGlfQK3pYYnYQUQ"
"6c7a5cfc-4c4f-4024-ab24-7d8280bc1d73","GUAN_042.basePlot.ltr","D04","GUAN","GUAN_042","GUAN_042_700","2016-09-02","2016-06-28","2016-08-23","2016-08-29T19:30Z","2016-09-02T19:40Z","NEON.LTR.GUAN042700.20160823","NEON.LTR.GUAN042700.20160823.LVS","NEON.DOC.001710vE","Leaves",12.69,"N",NA,"fiApssCEcSVZh4fTchGlfQK3pYYnYQUQ"
"022b9855-ce02-4f37-b697-099b62389fc5","GUAN_042.basePlot.ltr","D04","GUAN","GUAN_042","GUAN_042_700","2016-09-02","2016-06-28","2016-08-23","2016-08-29T19:30Z","2016-09-02T19:40Z","NEON.LTR.GUAN042700.20160823","NEON.LTR.GUAN042700.20160823.OTH","NEON.DOC.001710vE","Other",0.05,"N",NA,"fiApssCEcSVZh4fTchGlfQK3pYYnYQUQ"
"26ac8d4d-8802-4c9d-95f8-ceb34db411b2","GUAN_042.basePlot.ltr","D04","GUAN","GUAN_042","GUAN_042_700","2016-09-02","2016-06-28","2016-08-23","2016-08-29T19:30Z","2016-09-02T19:40Z","NEON.LTR.GUAN042700.20160823","NEON.LTR.GUAN042700.20160823.SDS","NEON.DOC.001710vE","Seeds",0.36,"N",NA,"fiApssCEcSVZh4fTchGlfQK3pYYnYQUQ"
"f087d29b-4934-4977-ae1f-4a12dc27349a","GUAN_042.basePlot.ltr","D04","GUAN","GUAN_042","GUAN_042_700","2016-09-02","2016-06-28","2016-08-23","2016-08-29T19:30Z","2016-09-02T19:40Z","NEON.LTR.GUAN042700.20160823","NEON.LTR.GUAN042700.20160823.TWI","NEON.DOC.001710vE","Twigs/branches",5.53,"N",NA,"fiApssCEcSVZh4fTchGlfQK3pYYnYQUQ"
"264d189d-df8c-416d-95e0-8ef6b0627ffc","GUAN_042.basePlot.ltr","D04","GUAN","GUAN_042","GUAN_042_700","2016-09-02","2016-06-28","2016-08-23","2016-08-29T19:30Z","2016-09-02T19:40Z","NEON.LTR.GUAN042700.20160823","NEON.LTR.GUAN042700.20160823.WDY","NEON.DOC.001710vE","Woody material",0.05,"N",NA,"fiApssCEcSVZh4fTchGlfQK3pYYnYQUQ"
"a188d959-4326-465e-8b8b-8a155431736d","GUAN_042.basePlot.ltr","D04","GUAN","GUAN_042","GUAN_042_700","2016-09-02","2016-06-28","2016-08-23","2016-08-29T19:30Z","2016-09-02T19:40Z","NEON.LTR.GUAN042700.20160823","NEON.LTR.GUAN042700.20160823.NDL","NEON.DOC.001710vE","Needles",0,"N",NA,"fiApssCEcSVZh4fTchGlfQK3pYYnYQUQ"
"03cc61b2-f9ff-402b-8a87-d079d9fa0194","GUAN_042.basePlot.ltr","D04","GUAN","GUAN_042","GUAN_042_700","2016-09-02","2016-06-28","2016-08-23","2016-08-29T19:30Z","2016-09-02T19:40Z","NEON.LTR.GUAN042700.20160823","NEON.LTR.GUAN042700.20160823.FLR","NEON.DOC.001710vE","Flowers",0,"N",NA,"fiApssCEcSVZh4fTchGlfQK3pYYnYQUQ"
"a9263c49-a721-452b-8ae9-8e753d358bc2","GUAN_045.basePlot.ltr","D04","GUAN","GUAN_045","GUAN_045_932","2016-09-02","2016-06-28","2016-08-23","2016-08-29T19:30Z","2016-09-02T19:40Z","NEON.LTR.GUAN045932.20160823","NEON.LTR.GUAN045932.20160823.LVS","NEON.DOC.001710vE","Leaves",9.45,"N",NA,"fiApssCEcSVZh4fTchGlfQK3pYYnYQUQ"
"99b3ce06-2f0e-4981-b27e-df854c67eb6f","GUAN_045.basePlot.ltr","D04","GUAN","GUAN_045","GUAN_045_932","2016-09-02","2016-06-28","2016-08-23","2016-08-29T19:30Z","2016-09-02T19:40Z","NEON.LTR.GUAN045932.20160823","NEON.LTR.GUAN045932.20160823.OTH","NEON.DOC.001710vE","Other",0.13,"N",NA,"fiApssCEcSVZh4fTchGlfQK3pYYnYQUQ"
"0a51a4cb-435d-48c6-812c-579be76463ee","GUAN_045.basePlot.ltr","D04","GUAN","GUAN_045","GUAN_045_932","2016-09-02","2016-06-28","2016-08-23","2016-08-29T19:30Z","2016-09-02T19:40Z","NEON.LTR.GUAN045932.20160823","NEON.LTR.GUAN045932.20160823.SDS","NEON.DOC.001710vE","Seeds",0.25,"N",NA,"fiApssCEcSVZh4fTchGlfQK3pYYnYQUQ"
"35f9879e-3519-427c-8727-bb8ee722a37c","GUAN_045.basePlot.ltr","D04","GUAN","GUAN_045","GUAN_045_932","2016-09-02","2016-06-28","2016-08-23","2016-08-29T19:30Z","2016-09-02T19:40Z","NEON.LTR.GUAN045932.20160823","NEON.LTR.GUAN045932.20160823.FLR","NEON.DOC.001710vE","Flowers",0.13,"N",NA,"fiApssCEcSVZh4fTchGlfQK3pYYnYQUQ"
"6cd67a22-c9f6-4003-8674-413172ebf413","GUAN_045.basePlot.ltr","D04","GUAN","GUAN_045","GUAN_045_932","2016-09-02","2016-06-28","2016-08-23","2016-08-29T19:30Z","2016-09-02T19:40Z","NEON.LTR.GUAN045932.20160823","NEON.LTR.GUAN045932.20160823.TWI","NEON.DOC.001710vE","Twigs/branches",10.55,"N",NA,"fiApssCEcSVZh4fTchGlfQK3pYYnYQUQ"
"e93a5f2f-f7e2-4159-9e28-17215b039076","GUAN_045.basePlot.ltr","D04","GUAN","GUAN_045","GUAN_045_932","2016-09-02","2016-06-28","2016-08-23","2016-08-29T19:30Z","2016-09-02T19:40Z","NEON.LTR.GUAN045932.20160823","NEON.LTR.GUAN045932.20160823.WDY","NEON.DOC.001710vE","Woody material",0.14,"N",NA,"fiApssCEcSVZh4fTchGlfQK3pYYnYQUQ"
"4eb8389e-f584-4aaf-8120-b19f90aef12f","GUAN_045.basePlot.ltr","D04","GUAN","GUAN_045","GUAN_045_932","2016-09-02","2016-06-28","2016-08-23","2016-08-29T19:30Z","2016-09-02T19:40Z","NEON.LTR.GUAN045932.20160823","NEON.LTR.GUAN045932.20160823.NDL","NEON.DOC.001710vE","Needles",0,"N",NA,"fiApssCEcSVZh4fTchGlfQK3pYYnYQUQ"
"9f284add-9a3c-4763-be33-59a81eca696d","GUAN_046.basePlot.ltr","D04","GUAN","GUAN_046","GUAN_046_021","2016-09-02","2016-06-28","2016-08-23","2016-08-29T19:30Z","2016-09-02T19:40Z","NEON.LTR.GUAN046021.20160823","NEON.LTR.GUAN046021.20160823.LVS","NEON.DOC.001710vE","Leaves",23.81,"N",NA,"fiApssCEcSVZh4fTchGlfQK3pYYnYQUQ"
"68379c19-3c51-4723-9c35-58ebca388289","GUAN_046.basePlot.ltr","D04","GUAN","GUAN_046","GUAN_046_021","2016-09-02","2016-06-28","2016-08-23","2016-08-29T19:30Z","2016-09-02T19:40Z","NEON.LTR.GUAN046021.20160823","NEON.LTR.GUAN046021.20160823.OTH","NEON.DOC.001710vE","Other",0.1,"N",NA,"fiApssCEcSVZh4fTchGlfQK3pYYnYQUQ"
"0e4d8578-02e6-4a82-98f8-cb8307507505","GUAN_046.basePlot.ltr","D04","GUAN","GUAN_046","GUAN_046_021","2016-09-02","2016-06-28","2016-08-23","2016-08-29T19:30Z","2016-09-02T19:40Z","NEON.LTR.GUAN046021.20160823","NEON.LTR.GUAN046021.20160823.SDS","NEON.DOC.001710vE","Seeds",0.17,"N",NA,"fiApssCEcSVZh4fTchGlfQK3pYYnYQUQ"
"5b86585a-483d-4262-88eb-951d9341be99","GUAN_046.basePlot.ltr","D04","GUAN","GUAN_046","GUAN_046_021","2016-09-02","2016-06-28","2016-08-23","2016-08-29T19:30Z","2016-09-02T19:40Z","NEON.LTR.GUAN046021.20160823","NEON.LTR.GUAN046021.20160823.FLR","NEON.DOC.001710vE","Flowers",0.23,"N",NA,"fiApssCEcSVZh4fTchGlfQK3pYYnYQUQ"
"a5d34933-2a63-4152-82c8-99fd66eb4e6d","GUAN_046.basePlot.ltr","D04","GUAN","GUAN_046","GUAN_046_021","2016-09-02","2016-06-28","2016-08-23","2016-08-29T19:30Z","2016-09-02T19:40Z","NEON.LTR.GUAN046021.20160823","NEON.LTR.GUAN046021.20160823.TWI","NEON.DOC.001710vE","Twigs/branches",0.79,"N",NA,"fiApssCEcSVZh4fTchGlfQK3pYYnYQUQ"
"c13c1ea9-6330-4508-8bec-95ad424e8c62","GUAN_046.basePlot.ltr","D04","GUAN","GUAN_046","GUAN_046_021","2016-09-02","2016-06-28","2016-08-23","2016-08-29T19:30Z","2016-09-02T19:40Z","NEON.LTR.GUAN046021.20160823","NEON.LTR.GUAN046021.20160823.WDY","NEON.DOC.001710vE","Woody material",0,"N",NA,"fiApssCEcSVZh4fTchGlfQK3pYYnYQUQ"
"83ea786f-fe75-43ff-8ee1-f1f4606f37a2","GUAN_046.basePlot.ltr","D04","GUAN","GUAN_046","GUAN_046_021","2016-09-02","2016-06-28","2016-08-23","2016-08-29T19:30Z","2016-09-02T19:40Z","NEON.LTR.GUAN046021.20160823","NEON.LTR.GUAN046021.20160823.NDL","NEON.DOC.001710vE","Needles",0,"N",NA,"fiApssCEcSVZh4fTchGlfQK3pYYnYQUQ"
"535ea7b7-ce93-40fe-9a47-1375ee0e8b56","GUAN_054.basePlot.ltr","D04","GUAN","GUAN_054","GUAN_054_880","2016-09-02","2016-06-28","2016-08-23","2016-08-29T19:30Z","2016-09-02T19:40Z","NEON.LTR.GUAN054880.20160823","NEON.LTR.GUAN054880.20160823.LVS","NEON.DOC.001710vE","Leaves",12.44,"N",NA,"fiApssCEcSVZh4fTchGlfQK3pYYnYQUQ"
"de2633f8-7a37-49d8-9b7b-8da20f524ece","GUAN_054.basePlot.ltr","D04","GUAN","GUAN_054","GUAN_054_880","2016-09-02","2016-06-28","2016-08-23","2016-08-29T19:30Z","2016-09-02T19:40Z","NEON.LTR.GUAN054880.20160823","NEON.LTR.GUAN054880.20160823.OTH","NEON.DOC.001710vE","Other",2,"N",NA,"fiApssCEcSVZh4fTchGlfQK3pYYnYQUQ"
"d15d6899-58b3-46cd-834d-1d770d3db616","GUAN_054.basePlot.ltr","D04","GUAN","GUAN_054","GUAN_054_880","2016-09-02","2016-06-28","2016-08-23","2016-08-29T19:30Z","2016-09-02T19:40Z","NEON.LTR.GUAN054880.20160823","NEON.LTR.GUAN054880.20160823.NDL","NEON.DOC.001710vE","Needles",0,"N",NA,"fiApssCEcSVZh4fTchGlfQK3pYYnYQUQ"
"b99ec51c-ada9-4c57-9d51-3fef78c3fbc6","GUAN_054.basePlot.ltr","D04","GUAN","GUAN_054","GUAN_054_880","2016-09-02","2016-06-28","2016-08-23","2016-08-29T19:30Z","2016-09-02T19:40Z","NEON.LTR.GUAN054880.20160823","NEON.LTR.GUAN054880.20160823.SDS","NEON.DOC.001710vE","Seeds",0,"N",NA,"fiApssCEcSVZh4fTchGlfQK3pYYnYQUQ"
"43764ed5-ad41-40f7-95f4-391151cbb788","GUAN_054.basePlot.ltr","D04","GUAN","GUAN_054","GUAN_054_880","2016-09-02","2016-06-28","2016-08-23","2016-08-29T19:30Z","2016-09-02T19:40Z","NEON.LTR.GUAN054880.20160823","NEON.LTR.GUAN054880.20160823.FLR","NEON.DOC.001710vE","Flowers",0,"N",NA,"fiApssCEcSVZh4fTchGlfQK3pYYnYQUQ"
"ddbecf32-c7fe-4251-a3fd-db8375c6b309","GUAN_054.basePlot.ltr","D04","GUAN","GUAN_054","GUAN_054_880","2016-09-02","2016-06-28","2016-08-23","2016-08-29T19:30Z","2016-09-02T19:40Z","NEON.LTR.GUAN054880.20160823","NEON.LTR.GUAN054880.20160823.TWI","NEON.DOC.001710vE","Twigs/branches",2.68,"N",NA,"fiApssCEcSVZh4fTchGlfQK3pYYnYQUQ"
"b38e02d9-6abe-4c72-88af-237a920a0d39","GUAN_054.basePlot.ltr","D04","GUAN","GUAN_054","GUAN_054_880","2016-09-02","2016-06-28","2016-08-23","2016-08-29T19:30Z","2016-09-02T19:40Z","NEON.LTR.GUAN054880.20160823","NEON.LTR.GUAN054880.20160823.WDY","NEON.DOC.001710vE","Woody material",0.44,"N",NA,"fiApssCEcSVZh4fTchGlfQK3pYYnYQUQ"
"3e745455-32e8-48b0-8312-7128c95cfcaf","GUAN_056.basePlot.ltr","D04","GUAN","GUAN_056","GUAN_056_693","2016-09-02","2016-06-28","2016-08-23","2016-08-29T19:30Z","2016-09-02T19:40Z","NEON.LTR.GUAN056693.20160823","NEON.LTR.GUAN056693.20160823.LVS","NEON.DOC.001710vE","Leaves",4.7,"N",NA,"fiApssCEcSVZh4fTchGlfQK3pYYnYQUQ"
"ad3deb76-de35-4923-a5ab-bebed63f8c9e","GUAN_056.basePlot.ltr","D04","GUAN","GUAN_056","GUAN_056_693","2016-09-02","2016-06-28","2016-08-23","2016-08-29T19:30Z","2016-09-02T19:40Z","NEON.LTR.GUAN056693.20160823","NEON.LTR.GUAN056693.20160823.OTH","NEON.DOC.001710vE","Other",0.1,"N",NA,"fiApssCEcSVZh4fTchGlfQK3pYYnYQUQ"
"690d5687-881c-4386-8cc7-d7f5af66451a","GUAN_056.basePlot.ltr","D04","GUAN","GUAN_056","GUAN_056_693","2016-09-02","2016-06-28","2016-08-23","2016-08-29T19:30Z","2016-09-02T19:40Z","NEON.LTR.GUAN056693.20160823","NEON.LTR.GUAN056693.20160823.SDS","NEON.DOC.001710vE","Seeds",0.98,"N",NA,"fiApssCEcSVZh4fTchGlfQK3pYYnYQUQ"
"e34bb6c4-c445-4f12-ab09-e44c3ae06e2c","GUAN_056.basePlot.ltr","D04","GUAN","GUAN_056","GUAN_056_693","2016-09-02","2016-06-28","2016-08-23","2016-08-29T19:30Z","2016-09-02T19:40Z","NEON.LTR.GUAN056693.20160823","NEON.LTR.GUAN056693.20160823.FLR","NEON.DOC.001710vE","Flowers",0.05,"N",NA,"fiApssCEcSVZh4fTchGlfQK3pYYnYQUQ"
"681e70df-1f9e-4537-a383-756daf07a53a","GUAN_056.basePlot.ltr","D04","GUAN","GUAN_056","GUAN_056_693","2016-09-02","2016-06-28","2016-08-23","2016-08-29T19:30Z","2016-09-02T19:40Z","NEON.LTR.GUAN056693.20160823","NEON.LTR.GUAN056693.20160823.NDL","NEON.DOC.001710vE","Needles",0,"N",NA,"fiApssCEcSVZh4fTchGlfQK3pYYnYQUQ"
"1504d9b6-82a0-4d16-8a5c-3a65ed6635b8","GUAN_056.basePlot.ltr","D04","GUAN","GUAN_056","GUAN_056_693","2016-09-02","2016-06-28","2016-08-23","2016-08-29T19:30Z","2016-09-02T19:40Z","NEON.LTR.GUAN056693.20160823","NEON.LTR.GUAN056693.20160823.TWI","NEON.DOC.001710vE","Twigs/branches",0.95,"N",NA,"fiApssCEcSVZh4fTchGlfQK3pYYnYQUQ"
"aca06f84-184c-4e5b-b14a-9cafd1fdd0a3","GUAN_056.basePlot.ltr","D04","GUAN","GUAN_056","GUAN_056_693","2016-09-02","2016-06-28","2016-08-23","2016-08-29T19:30Z","2016-09-02T19:40Z","NEON.LTR.GUAN056693.20160823","NEON.LTR.GUAN056693.20160823.WDY","NEON.DOC.001710vE","Woody material",0.24,"N",NA,"fiApssCEcSVZh4fTchGlfQK3pYYnYQUQ"
"04f4ac8e-87f5-4f89-985e-b0d000576163","GUAN_045.basePlot.ltr","D04","GUAN","GUAN_045","GUAN_045_132","2016-09-02","2016-06-28","2016-08-23","2016-08-29T19:30Z","2016-09-02T19:40Z","NEON.LTR.GUAN045132.20160823","NEON.LTR.GUAN045132.20160823.LVS","NEON.DOC.001710vE","Leaves",32.9,"N",NA,"fiApssCEcSVZh4fTchGlfQK3pYYnYQUQ"
"9d8c76f1-2974-4a52-a344-719eacfc8f93","GUAN_045.basePlot.ltr","D04","GUAN","GUAN_045","GUAN_045_132","2016-09-02","2016-06-28","2016-08-23","2016-08-29T19:30Z","2016-09-02T19:40Z","NEON.LTR.GUAN045132.20160823","NEON.LTR.GUAN045132.20160823.OTH","NEON.DOC.001710vE","Other",0.09,"N",NA,"fiApssCEcSVZh4fTchGlfQK3pYYnYQUQ"
"65f43512-14d1-4317-88fc-f7badceef252","GUAN_045.basePlot.ltr","D04","GUAN","GUAN_045","GUAN_045_132","2016-09-02","2016-06-28","2016-08-23","2016-08-29T19:30Z","2016-09-02T19:40Z","NEON.LTR.GUAN045132.20160823","NEON.LTR.GUAN045132.20160823.SDS","NEON.DOC.001710vE","Seeds",0.02,"N",NA,"fiApssCEcSVZh4fTchGlfQK3pYYnYQUQ"
"fead71cc-2890-4d4c-937d-6314b4f4ae9e","GUAN_045.basePlot.ltr","D04","GUAN","GUAN_045","GUAN_045_132","2016-09-02","2016-06-28","2016-08-23","2016-08-29T19:30Z","2016-09-02T19:40Z","NEON.LTR.GUAN045132.20160823","NEON.LTR.GUAN045132.20160823.FLR","NEON.DOC.001710vE","Flowers",0.05,"N",NA,"fiApssCEcSVZh4fTchGlfQK3pYYnYQUQ"
"c91f6f24-a891-491f-b9c0-38b58d76f80b","GUAN_045.basePlot.ltr","D04","GUAN","GUAN_045","GUAN_045_132","2016-09-02","2016-06-28","2016-08-23","2016-08-29T19:30Z","2016-09-02T19:40Z","NEON.LTR.GUAN045132.20160823","NEON.LTR.GUAN045132.20160823.NDL","NEON.DOC.001710vE","Needles",0,"N",NA,"fiApssCEcSVZh4fTchGlfQK3pYYnYQUQ"
"a5abc91e-1705-44b3-b3d6-2842ab9769cd","GUAN_045.basePlot.ltr","D04","GUAN","GUAN_045","GUAN_045_132","2016-09-02","2016-06-28","2016-08-23","2016-08-29T19:30Z","2016-09-02T19:40Z","NEON.LTR.GUAN045132.20160823","NEON.LTR.GUAN045132.20160823.TWI","NEON.DOC.001710vE","Twigs/branches",3.15,"N",NA,"fiApssCEcSVZh4fTchGlfQK3pYYnYQUQ"
"090616b4-6af2-454b-bc76-89a64e7663c0","GUAN_045.basePlot.ltr","D04","GUAN","GUAN_045","GUAN_045_132","2016-09-02","2016-06-28","2016-08-23","2016-08-29T19:30Z","2016-09-02T19:40Z","NEON.LTR.GUAN045132.20160823","NEON.LTR.GUAN045132.20160823.WDY","NEON.DOC.001710vE","Woody material",0.05,"N",NA,"fiApssCEcSVZh4fTchGlfQK3pYYnYQUQ"
"0c972f78-1d3b-4aeb-883f-edc230840f57","GUAN_046.basePlot.ltr","D04","GUAN","GUAN_046","GUAN_046_824","2016-09-02","2016-06-28","2016-08-23","2016-08-29T19:30Z","2016-09-02T19:40Z","NEON.LTR.GUAN046824.20160823","NEON.LTR.GUAN046824.20160823.LVS","NEON.DOC.001710vE","Leaves",29.32,"N",NA,"fiApssCEcSVZh4fTchGlfQK3pYYnYQUQ"
"548f6455-83c1-44c8-94ba-c16ef7d6f1fb","GUAN_046.basePlot.ltr","D04","GUAN","GUAN_046","GUAN_046_824","2016-09-02","2016-06-28","2016-08-23","2016-08-29T19:30Z","2016-09-02T19:40Z","NEON.LTR.GUAN046824.20160823","NEON.LTR.GUAN046824.20160823.OTH","NEON.DOC.001710vE","Other",1.1,"N",NA,"fiApssCEcSVZh4fTchGlfQK3pYYnYQUQ"
"c669c998-ab93-4123-9d72-a59053ca1b73","GUAN_047.basePlot.ltr","D04","GUAN","GUAN_047","GUAN_047_935","2016-09-01","2016-06-28","2016-08-23","2016-08-29T19:30Z","2016-09-01T17:30Z","NEON.LTR.GUAN047935.20160823","NEON.LTR.GUAN047935.20160823.LVS","NEON.DOC.001710vE","Leaves",31.35,"N",NA,"fiApssCEcSVZh4fTchGlfQK3pYYnYQUQ"
"14fddce6-fa6d-4444-b9fe-ae7fad53a8fe","GUAN_047.basePlot.ltr","D04","GUAN","GUAN_047","GUAN_047_935","2016-09-01","2016-06-28","2016-08-23","2016-08-29T19:30Z","2016-09-01T17:30Z","NEON.LTR.GUAN047935.20160823","NEON.LTR.GUAN047935.20160823.FLR","NEON.DOC.001710vE","Flowers",0.2,"N",NA,"fiApssCEcSVZh4fTchGlfQK3pYYnYQUQ"
"d0b13049-ccad-4ab4-a9bd-43d874c22393","GUAN_047.basePlot.ltr","D04","GUAN","GUAN_047","GUAN_047_935","2016-09-01","2016-06-28","2016-08-23","2016-08-29T19:30Z","2016-09-01T17:30Z","NEON.LTR.GUAN047935.20160823","NEON.LTR.GUAN047935.20160823.SDS","NEON.DOC.001710vE","Seeds",5.92,"N",NA,"fiApssCEcSVZh4fTchGlfQK3pYYnYQUQ"
"3a0a1d5f-6965-4d39-b58a-bde09dea703b","GUAN_047.basePlot.ltr","D04","GUAN","GUAN_047","GUAN_047_935","2016-09-01","2016-06-28","2016-08-23","2016-08-29T19:30Z","2016-09-01T17:30Z","NEON.LTR.GUAN047935.20160823","NEON.LTR.GUAN047935.20160823.TWI","NEON.DOC.001710vE","Twigs/branches",8.9,"N",NA,"fiApssCEcSVZh4fTchGlfQK3pYYnYQUQ"
"707945ec-43b9-4776-a644-4be6d5af1a10","GUAN_047.basePlot.ltr","D04","GUAN","GUAN_047","GUAN_047_935","2016-09-01","2016-06-28","2016-08-23","2016-08-29T19:30Z","2016-09-01T17:30Z","NEON.LTR.GUAN047935.20160823","NEON.LTR.GUAN047935.20160823.WDY","NEON.DOC.001710vE","Woody material",0,"N",NA,"fiApssCEcSVZh4fTchGlfQK3pYYnYQUQ"
"371610a6-d98d-4eb4-95c6-2cf0307fad8b","GUAN_047.basePlot.ltr","D04","GUAN","GUAN_047","GUAN_047_935","2016-09-01","2016-06-28","2016-08-23","2016-08-29T19:30Z","2016-09-01T17:30Z","NEON.LTR.GUAN047935.20160823","NEON.LTR.GUAN047935.20160823.OTH","NEON.DOC.001710vE","Other",0,"N",NA,"fiApssCEcSVZh4fTchGlfQK3pYYnYQUQ"
"15874f2f-1451-4849-adb8-e7c09fc0ead9","GUAN_047.basePlot.ltr","D04","GUAN","GUAN_047","GUAN_047_935","2016-09-01","2016-06-28","2016-08-23","2016-08-29T19:30Z","2016-09-01T17:30Z","NEON.LTR.GUAN047935.20160823","NEON.LTR.GUAN047935.20160823.NDL","NEON.DOC.001710vE","Needles",0,"N",NA,"fiApssCEcSVZh4fTchGlfQK3pYYnYQUQ"
"246d1817-b80f-4fa0-9c62-c658d50c7054","GUAN_050.basePlot.ltr","D04","GUAN","GUAN_050","GUAN_050_132","2016-09-01","2016-06-28","2016-08-23","2016-08-29T19:30Z","2016-09-01T17:30Z","NEON.LTR.GUAN050132.20160823","NEON.LTR.GUAN050132.20160823.LVS","NEON.DOC.001710vE","Leaves",25.3,"N",NA,"fiApssCEcSVZh4fTchGlfQK3pYYnYQUQ"
"c9841689-c076-4051-8b46-2204f10c4a39","GUAN_050.basePlot.ltr","D04","GUAN","GUAN_050","GUAN_050_132","2016-09-01","2016-06-28","2016-08-23","2016-08-29T19:30Z","2016-09-01T17:30Z","NEON.LTR.GUAN050132.20160823","NEON.LTR.GUAN050132.20160823.OTH","NEON.DOC.001710vE","Other",2.57,"Y",NA,"fiApssCEcSVZh4fTchGlfQK3pYYnYQUQ"
"1c3938ce-2124-435c-a68d-54741546de0d","GUAN_050.basePlot.ltr","D04","GUAN","GUAN_050","GUAN_050_132","2016-09-01","2016-06-28","2016-08-23","2016-08-29T19:30Z","2016-09-01T17:30Z","NEON.LTR.GUAN050132.20160823","NEON.LTR.GUAN050132.20160823.SDS","NEON.DOC.001710vE","Seeds",0.1,"N",NA,"fiApssCEcSVZh4fTchGlfQK3pYYnYQUQ"
"1f595cb1-2f02-46c5-af87-071fbf0deac1","GUAN_050.basePlot.ltr","D04","GUAN","GUAN_050","GUAN_050_132","2016-09-01","2016-06-28","2016-08-23","2016-08-29T19:30Z","2016-09-01T17:30Z","NEON.LTR.GUAN050132.20160823","NEON.LTR.GUAN050132.20160823.FLR","NEON.DOC.001710vE","Flowers",0.05,"N",NA,"fiApssCEcSVZh4fTchGlfQK3pYYnYQUQ"
"b3e47995-3e68-42a9-800d-2717e8fbd6c3","GUAN_050.basePlot.ltr","D04","GUAN","GUAN_050","GUAN_050_132","2016-09-01","2016-06-28","2016-08-23","2016-08-29T19:30Z","2016-09-01T17:30Z","NEON.LTR.GUAN050132.20160823","NEON.LTR.GUAN050132.20160823.NDL","NEON.DOC.001710vE","Needles",0,"N",NA,"fiApssCEcSVZh4fTchGlfQK3pYYnYQUQ"
"087705f4-0692-4685-8a85-cea8562a929f","GUAN_050.basePlot.ltr","D04","GUAN","GUAN_050","GUAN_050_132","2016-09-01","2016-06-28","2016-08-23","2016-08-29T19:30Z","2016-09-01T17:30Z","NEON.LTR.GUAN050132.20160823","NEON.LTR.GUAN050132.20160823.TWI","NEON.DOC.001710vE","Twigs/branches",1.79,"N",NA,"fiApssCEcSVZh4fTchGlfQK3pYYnYQUQ"
"bad34f40-0f72-4ba1-be26-7c6d122f0283","GUAN_050.basePlot.ltr","D04","GUAN","GUAN_050","GUAN_050_132","2016-09-01","2016-06-28","2016-08-23","2016-08-29T19:30Z","2016-09-01T17:30Z","NEON.LTR.GUAN050132.20160823","NEON.LTR.GUAN050132.20160823.WDY","NEON.DOC.001710vE","Woody material",9.84,"N",NA,"fiApssCEcSVZh4fTchGlfQK3pYYnYQUQ"
"02d8f7a6-9453-4724-82bc-1a4e53e81487","GUAN_049.basePlot.ltr","D04","GUAN","GUAN_049","GUAN_049_706","2016-09-02","2016-06-28","2016-08-23","2016-08-29T19:30Z","2016-09-02T19:40Z","NEON.LTR.GUAN049706.20160823","NEON.LTR.GUAN049706.20160823.LVS","NEON.DOC.001710vE","Leaves",26.82,"N",NA,"fiApssCEcSVZh4fTchGlfQK3pYYnYQUQ"
"fff7271c-430c-4586-a8ba-066dcba5b589","GUAN_049.basePlot.ltr","D04","GUAN","GUAN_049","GUAN_049_706","2016-09-02","2016-06-28","2016-08-23","2016-08-29T19:30Z","2016-09-02T19:40Z","NEON.LTR.GUAN049706.20160823","NEON.LTR.GUAN049706.20160823.SDS","NEON.DOC.001710vE","Seeds",0.32,"N",NA,"fiApssCEcSVZh4fTchGlfQK3pYYnYQUQ"
"0d4d079b-afd4-4dbf-ae12-563dc528cc04","GUAN_049.basePlot.ltr","D04","GUAN","GUAN_049","GUAN_049_706","2016-09-02","2016-06-28","2016-08-23","2016-08-29T19:30Z","2016-09-02T19:40Z","NEON.LTR.GUAN049706.20160823","NEON.LTR.GUAN049706.20160823.NDL","NEON.DOC.001710vE","Needles",0,"N",NA,"fiApssCEcSVZh4fTchGlfQK3pYYnYQUQ"
"b638b2c5-79b0-437f-b5eb-2e7673e75b02","GUAN_049.basePlot.ltr","D04","GUAN","GUAN_049","GUAN_049_706","2016-09-02","2016-06-28","2016-08-23","2016-08-29T19:30Z","2016-09-02T19:40Z","NEON.LTR.GUAN049706.20160823","NEON.LTR.GUAN049706.20160823.FLR","NEON.DOC.001710vE","Flowers",0,"N",NA,"fiApssCEcSVZh4fTchGlfQK3pYYnYQUQ"
"ddab6eb2-954b-4b23-bd29-7dafcf0d4509","GUAN_049.basePlot.ltr","D04","GUAN","GUAN_049","GUAN_049_706","2016-09-02","2016-06-28","2016-08-23","2016-08-29T19:30Z","2016-09-02T19:40Z","NEON.LTR.GUAN049706.20160823","NEON.LTR.GUAN049706.20160823.OTH","NEON.DOC.001710vE","Other",0,"N",NA,"fiApssCEcSVZh4fTchGlfQK3pYYnYQUQ"
"ef4ac930-6fc1-49dd-82ed-67d4f142342f","GUAN_049.basePlot.ltr","D04","GUAN","GUAN_049","GUAN_049_706","2016-09-02","2016-06-28","2016-08-23","2016-08-29T19:30Z","2016-09-02T19:40Z","NEON.LTR.GUAN049706.20160823","NEON.LTR.GUAN049706.20160823.TWI","NEON.DOC.001710vE","Twigs/branches",2.39,"N",NA,"fiApssCEcSVZh4fTchGlfQK3pYYnYQUQ"
"1ea42ba4-0942-4f1e-9180-49e614748138","GUAN_049.basePlot.ltr","D04","GUAN","GUAN_049","GUAN_049_706","2016-09-02","2016-06-28","2016-08-23","2016-08-29T19:30Z","2016-09-02T19:40Z","NEON.LTR.GUAN049706.20160823","NEON.LTR.GUAN049706.20160823.WDY","NEON.DOC.001710vE","Woody material",0.09,"N",NA,"fiApssCEcSVZh4fTchGlfQK3pYYnYQUQ"
"be45a84c-6adb-40a6-abcd-239a4f041be4","GUAN_057.basePlot.ltr","D04","GUAN","GUAN_057","GUAN_057_196","2016-09-01","2016-06-28","2016-08-23","2016-08-29T19:30Z","2016-09-01T17:30Z","NEON.LTR.GUAN057196.20160823","NEON.LTR.GUAN057196.20160823.LVS","NEON.DOC.001710vE","Leaves",8.92,"N",NA,"fiApssCEcSVZh4fTchGlfQK3pYYnYQUQ"
"6e45ac62-a497-47fd-a670-ff85446cdd7f","GUAN_057.basePlot.ltr","D04","GUAN","GUAN_057","GUAN_057_196","2016-09-01","2016-06-28","2016-08-23","2016-08-29T19:30Z","2016-09-01T17:30Z","NEON.LTR.GUAN057196.20160823","NEON.LTR.GUAN057196.20160823.OTH","NEON.DOC.001710vE","Other",0.02,"N",NA,"fiApssCEcSVZh4fTchGlfQK3pYYnYQUQ"
"0bdf8cf7-8f00-4877-8731-f377369ed115","GUAN_057.basePlot.ltr","D04","GUAN","GUAN_057","GUAN_057_196","2016-09-01","2016-06-28","2016-08-23","2016-08-29T19:30Z","2016-09-01T17:30Z","NEON.LTR.GUAN057196.20160823","NEON.LTR.GUAN057196.20160823.FLR","NEON.DOC.001710vE","Flowers",0.01,"N",NA,"fiApssCEcSVZh4fTchGlfQK3pYYnYQUQ"
"61aae6e2-9b09-4b65-b263-60e437bb5138","GUAN_057.basePlot.ltr","D04","GUAN","GUAN_057","GUAN_057_196","2016-09-01","2016-06-28","2016-08-23","2016-08-29T19:30Z","2016-09-01T17:30Z","NEON.LTR.GUAN057196.20160823","NEON.LTR.GUAN057196.20160823.NDL","NEON.DOC.001710vE","Needles",0,"N",NA,"fiApssCEcSVZh4fTchGlfQK3pYYnYQUQ"
"542baf59-3be1-4261-93dc-715a482528c2","GUAN_057.basePlot.ltr","D04","GUAN","GUAN_057","GUAN_057_196","2016-09-01","2016-06-28","2016-08-23","2016-08-29T19:30Z","2016-09-01T17:30Z","NEON.LTR.GUAN057196.20160823","NEON.LTR.GUAN057196.20160823.SDS","NEON.DOC.001710vE","Seeds",0,"N",NA,"fiApssCEcSVZh4fTchGlfQK3pYYnYQUQ"
"a8913196-f7fa-4649-832f-86882ab01650","GUAN_057.basePlot.ltr","D04","GUAN","GUAN_057","GUAN_057_196","2016-09-01","2016-06-28","2016-08-23","2016-08-29T19:30Z","2016-09-01T17:30Z","NEON.LTR.GUAN057196.20160823","NEON.LTR.GUAN057196.20160823.TWI","NEON.DOC.001710vE","Twigs/branches",0.63,"N",NA,"fiApssCEcSVZh4fTchGlfQK3pYYnYQUQ"
"29e50b39-bd54-408d-8099-7ab8119fa5a8","GUAN_057.basePlot.ltr","D04","GUAN","GUAN_057","GUAN_057_196","2016-09-01","2016-06-28","2016-08-23","2016-08-29T19:30Z","2016-09-01T17:30Z","NEON.LTR.GUAN057196.20160823","NEON.LTR.GUAN057196.20160823.WDY","NEON.DOC.001710vE","Woody material",0.06,"N",NA,"fiApssCEcSVZh4fTchGlfQK3pYYnYQUQ"
"97f9cae7-ed40-405f-a8b4-042373db49e7","GUAN_044.basePlot.ltr","D04","GUAN","GUAN_044","GUAN_044_385","2016-09-01","2016-06-28","2016-08-23","2016-08-29T19:30Z","2016-09-01T17:30Z","NEON.LTR.GUAN044385.20160823","NEON.LTR.GUAN044385.20160823.LVS","NEON.DOC.001710vE","Leaves",77.29,"N",NA,"fiApssCEcSVZh4fTchGlfQK3pYYnYQUQ"
"355fd548-5f1f-405d-a2c4-45f49f1119bf","GUAN_044.basePlot.ltr","D04","GUAN","GUAN_044","GUAN_044_385","2016-09-01","2016-06-28","2016-08-23","2016-08-29T19:30Z","2016-09-01T17:30Z","NEON.LTR.GUAN044385.20160823","NEON.LTR.GUAN044385.20160823.SDS","NEON.DOC.001710vE","Seeds",4.46,"Y",NA,"fiApssCEcSVZh4fTchGlfQK3pYYnYQUQ"
"e0fd9d0b-e0fc-4114-9d09-eae837d1e87e","GUAN_044.basePlot.ltr","D04","GUAN","GUAN_044","GUAN_044_385","2016-09-01","2016-06-28","2016-08-23","2016-08-29T19:30Z","2016-09-01T17:30Z","NEON.LTR.GUAN044385.20160823","NEON.LTR.GUAN044385.20160823.NDL","NEON.DOC.001710vE","Needles",0,"N",NA,"fiApssCEcSVZh4fTchGlfQK3pYYnYQUQ"
"3486ef6e-af4b-4e2b-8bdf-fb687a6a3b12","GUAN_044.basePlot.ltr","D04","GUAN","GUAN_044","GUAN_044_385","2016-09-01","2016-06-28","2016-08-23","2016-08-29T19:30Z","2016-09-01T17:30Z","NEON.LTR.GUAN044385.20160823","NEON.LTR.GUAN044385.20160823.FLR","NEON.DOC.001710vE","Flowers",0,"N",NA,"fiApssCEcSVZh4fTchGlfQK3pYYnYQUQ"
"611a50d6-c2b4-4ef4-bf4c-5ab4ba73765d","GUAN_044.basePlot.ltr","D04","GUAN","GUAN_044","GUAN_044_385","2016-09-01","2016-06-28","2016-08-23","2016-08-29T19:30Z","2016-09-01T17:30Z","NEON.LTR.GUAN044385.20160823","NEON.LTR.GUAN044385.20160823.OTH","NEON.DOC.001710vE","Other",0,"N",NA,"fiApssCEcSVZh4fTchGlfQK3pYYnYQUQ"
"883889f1-5a66-4da8-98e9-c36f70b04b02","GUAN_044.basePlot.ltr","D04","GUAN","GUAN_044","GUAN_044_385","2016-09-01","2016-06-28","2016-08-23","2016-08-29T19:30Z","2016-09-01T17:30Z","NEON.LTR.GUAN044385.20160823","NEON.LTR.GUAN044385.20160823.TWI","NEON.DOC.001710vE","Twigs/branches",1.71,"N",NA,"fiApssCEcSVZh4fTchGlfQK3pYYnYQUQ"
"096f6ca1-fcc6-4aac-9a8a-6e875a02be3b","GUAN_044.basePlot.ltr","D04","GUAN","GUAN_044","GUAN_044_385","2016-09-01","2016-06-28","2016-08-23","2016-08-29T19:30Z","2016-09-01T17:30Z","NEON.LTR.GUAN044385.20160823","NEON.LTR.GUAN044385.20160823.WDY","NEON.DOC.001710vE","Woody material",0,"N",NA,"fiApssCEcSVZh4fTchGlfQK3pYYnYQUQ"
"ff01bbe9-dc25-42b4-bdf6-2163679f82c6","GUAN_052.basePlot.ltr","D04","GUAN","GUAN_052","GUAN_052_706","2016-09-01","2016-06-28","2016-08-23","2016-08-29T19:30Z","2016-09-01T17:30Z","NEON.LTR.GUAN052706.20160823","NEON.LTR.GUAN052706.20160823.LVS","NEON.DOC.001710vE","Leaves",4.49,"Y",NA,"fiApssCEcSVZh4fTchGlfQK3pYYnYQUQ"
"198b9fa4-768f-466a-8056-a933c92f9dd9","GUAN_052.basePlot.ltr","D04","GUAN","GUAN_052","GUAN_052_706","2016-09-01","2016-06-28","2016-08-23","2016-08-29T19:30Z","2016-09-01T17:30Z","NEON.LTR.GUAN052706.20160823","NEON.LTR.GUAN052706.20160823.OTH","NEON.DOC.001710vE","Other",0.02,"N",NA,"fiApssCEcSVZh4fTchGlfQK3pYYnYQUQ"
"bdb8095a-20c3-40ae-a5cf-21e3716663a5","GUAN_052.basePlot.ltr","D04","GUAN","GUAN_052","GUAN_052_706","2016-09-01","2016-06-28","2016-08-23","2016-08-29T19:30Z","2016-09-01T17:30Z","NEON.LTR.GUAN052706.20160823","NEON.LTR.GUAN052706.20160823.SDS","NEON.DOC.001710vE","Seeds",0.18,"N",NA,"fiApssCEcSVZh4fTchGlfQK3pYYnYQUQ"
"9ca529e8-45ec-486e-a9f7-2b221d722596","GUAN_052.basePlot.ltr","D04","GUAN","GUAN_052","GUAN_052_706","2016-09-01","2016-06-28","2016-08-23","2016-08-29T19:30Z","2016-09-01T17:30Z","NEON.LTR.GUAN052706.20160823","NEON.LTR.GUAN052706.20160823.FLR","NEON.DOC.001710vE","Flowers",0.05,"N",NA,"fiApssCEcSVZh4fTchGlfQK3pYYnYQUQ"
"38e86286-6c3e-4dad-ab75-c0bce800e2d8","GUAN_052.basePlot.ltr","D04","GUAN","GUAN_052","GUAN_052_706","2016-09-01","2016-06-28","2016-08-23","2016-08-29T19:30Z","2016-09-01T17:30Z","NEON.LTR.GUAN052706.20160823","NEON.LTR.GUAN052706.20160823.TWI","NEON.DOC.001710vE","Twigs/branches",2.06,"N",NA,"fiApssCEcSVZh4fTchGlfQK3pYYnYQUQ"
"e1abd0c3-d820-4552-97de-8a238337ae4d","GUAN_052.basePlot.ltr","D04","GUAN","GUAN_052","GUAN_052_706","2016-09-01","2016-06-28","2016-08-23","2016-08-29T19:30Z","2016-09-01T17:30Z","NEON.LTR.GUAN052706.20160823","NEON.LTR.GUAN052706.20160823.WDY","NEON.DOC.001710vE","Woody material",0.05,"N",NA,"fiApssCEcSVZh4fTchGlfQK3pYYnYQUQ"
"fe5d2338-d909-46ac-acb2-705d6c65d67e","GUAN_052.basePlot.ltr","D04","GUAN","GUAN_052","GUAN_052_706","2016-09-01","2016-06-28","2016-08-23","2016-08-29T19:30Z","2016-09-01T17:30Z","NEON.LTR.GUAN052706.20160823","NEON.LTR.GUAN052706.20160823.NDL","NEON.DOC.001710vE","Needles",0,"N",NA,"fiApssCEcSVZh4fTchGlfQK3pYYnYQUQ"
"c6018dae-6b3f-42c9-beba-58c882162641","GUAN_056.basePlot.ltr","D04","GUAN","GUAN_056","GUAN_056_062","2016-09-02","2016-06-28","2016-08-23","2016-08-29T19:30Z","2016-09-02T19:40Z","NEON.LTR.GUAN056062.20160823","NEON.LTR.GUAN056062.20160823.LVS","NEON.DOC.001710vE","Leaves",13.13,"N",NA,"fiApssCEcSVZh4fTchGlfQK3pYYnYQUQ"
"eedff052-0615-462c-9296-7c4815285948","GUAN_056.basePlot.ltr","D04","GUAN","GUAN_056","GUAN_056_062","2016-09-02","2016-06-28","2016-08-23","2016-08-29T19:30Z","2016-09-02T19:40Z","NEON.LTR.GUAN056062.20160823","NEON.LTR.GUAN056062.20160823.OTH","NEON.DOC.001710vE","Other",0.06,"N",NA,"fiApssCEcSVZh4fTchGlfQK3pYYnYQUQ"
"594a8c6c-c95d-4a12-90b7-c359991d37af","GUAN_056.basePlot.ltr","D04","GUAN","GUAN_056","GUAN_056_062","2016-09-02","2016-06-28","2016-08-23","2016-08-29T19:30Z","2016-09-02T19:40Z","NEON.LTR.GUAN056062.20160823","NEON.LTR.GUAN056062.20160823.FLR","NEON.DOC.001710vE","Flowers",0.05,"N",NA,"fiApssCEcSVZh4fTchGlfQK3pYYnYQUQ"
"eccfe354-d12a-4ee2-ac8d-d31f6cde5f6e","GUAN_056.basePlot.ltr","D04","GUAN","GUAN_056","GUAN_056_062","2016-09-02","2016-06-28","2016-08-23","2016-08-29T19:30Z","2016-09-02T19:40Z","NEON.LTR.GUAN056062.20160823","NEON.LTR.GUAN056062.20160823.NDL","NEON.DOC.001710vE","Needles",0,"N",NA,"fiApssCEcSVZh4fTchGlfQK3pYYnYQUQ"
"b18e2db5-ac1e-4b5a-9c5b-f4c610cb2a54","GUAN_056.basePlot.ltr","D04","GUAN","GUAN_056","GUAN_056_062","2016-09-02","2016-06-28","2016-08-23","2016-08-29T19:30Z","2016-09-02T19:40Z","NEON.LTR.GUAN056062.20160823","NEON.LTR.GUAN056062.20160823.SDS","NEON.DOC.001710vE","Seeds",0,"N",NA,"fiApssCEcSVZh4fTchGlfQK3pYYnYQUQ"
"0c48e4c6-e27e-4ee1-a24a-25f716ff9054","GUAN_056.basePlot.ltr","D04","GUAN","GUAN_056","GUAN_056_062","2016-09-02","2016-06-28","2016-08-23","2016-08-29T19:30Z","2016-09-02T19:40Z","NEON.LTR.GUAN056062.20160823","NEON.LTR.GUAN056062.20160823.TWI","NEON.DOC.001710vE","Twigs/branches",4.3,"N",NA,"fiApssCEcSVZh4fTchGlfQK3pYYnYQUQ"
"fe8c68e1-afe1-4fa0-8729-5a4c63f525a3","GUAN_056.basePlot.ltr","D04","GUAN","GUAN_056","GUAN_056_062","2016-09-02","2016-06-28","2016-08-23","2016-08-29T19:30Z","2016-09-02T19:40Z","NEON.LTR.GUAN056062.20160823","NEON.LTR.GUAN056062.20160823.WDY","NEON.DOC.001710vE","Woody material",4.06,"N",NA,"fiApssCEcSVZh4fTchGlfQK3pYYnYQUQ"
"efb72627-ff39-4d35-aacf-7492496185a7","GUAN_057.basePlot.ltr","D04","GUAN","GUAN_057","GUAN_057_673","2016-09-02","2016-06-28","2016-08-23","2016-08-29T19:30Z","2016-09-02T19:40Z","NEON.LTR.GUAN057673.20160823","NEON.LTR.GUAN057673.20160823.LVS","NEON.DOC.001710vE","Leaves",0.05,"N",NA,"fiApssCEcSVZh4fTchGlfQK3pYYnYQUQ"
"26241abc-c341-4781-9226-5f2c24da6deb","GUAN_049.basePlot.ltr","D04","GUAN","GUAN_049","GUAN_049_280","2016-09-01","2016-06-28","2016-08-23","2016-08-29T19:30Z","2016-09-01T17:30Z","NEON.LTR.GUAN049280.20160823","NEON.LTR.GUAN049280.20160823.TWI","NEON.DOC.001710vE","Twigs/branches",2.36,"N",NA,"fiApssCEcSVZh4fTchGlfQK3pYYnYQUQ"
"738d89e4-6493-4aef-a5de-a3fd1f99639d","GUAN_049.basePlot.ltr","D04","GUAN","GUAN_049","GUAN_049_280","2016-09-01","2016-06-28","2016-08-23","2016-08-29T19:30Z","2016-09-01T17:30Z","NEON.LTR.GUAN049280.20160823","NEON.LTR.GUAN049280.20160823.WDY","NEON.DOC.001710vE","Woody material",0.09,"N",NA,"fiApssCEcSVZh4fTchGlfQK3pYYnYQUQ"
"bdbc94ea-b9ff-440b-8ae6-6488b21bddd7","GUAN_049.basePlot.ltr","D04","GUAN","GUAN_049","GUAN_049_280","2016-09-01","2016-06-28","2016-08-23","2016-08-29T19:30Z","2016-09-01T17:30Z","NEON.LTR.GUAN049280.20160823","NEON.LTR.GUAN049280.20160823.NDL","NEON.DOC.001710vE","Needles",0,"N",NA,"fiApssCEcSVZh4fTchGlfQK3pYYnYQUQ"
"8ef374d0-911e-4b79-9d67-902befacedca","GUAN_051.basePlot.ltr","D04","GUAN","GUAN_051","GUAN_051_062","2016-09-01","2016-06-28","2016-08-23","2016-08-29T19:30Z","2016-09-01T17:30Z","NEON.LTR.GUAN051062.20160823","NEON.LTR.GUAN051062.20160823.LVS","NEON.DOC.001710vE","Leaves",39.53,"N",NA,"fiApssCEcSVZh4fTchGlfQK3pYYnYQUQ"
"29367482-18b1-4903-a301-828c028c1241","GUAN_051.basePlot.ltr","D04","GUAN","GUAN_051","GUAN_051_062","2016-09-01","2016-06-28","2016-08-23","2016-08-29T19:30Z","2016-09-01T17:30Z","NEON.LTR.GUAN051062.20160823","NEON.LTR.GUAN051062.20160823.OTH","NEON.DOC.001710vE","Other",0.24,"N",NA,"fiApssCEcSVZh4fTchGlfQK3pYYnYQUQ"
"9bb44f13-48d3-43f1-a662-ea81f2c373bb","GUAN_051.basePlot.ltr","D04","GUAN","GUAN_051","GUAN_051_062","2016-09-01","2016-06-28","2016-08-23","2016-08-29T19:30Z","2016-09-01T17:30Z","NEON.LTR.GUAN051062.20160823","NEON.LTR.GUAN051062.20160823.SDS","NEON.DOC.001710vE","Seeds",0.67,"N",NA,"fiApssCEcSVZh4fTchGlfQK3pYYnYQUQ"
"ca145f0a-f5ea-460f-ab22-1f37e05c9a9e","GUAN_051.basePlot.ltr","D04","GUAN","GUAN_051","GUAN_051_062","2016-09-01","2016-06-28","2016-08-23","2016-08-29T19:30Z","2016-09-01T17:30Z","NEON.LTR.GUAN051062.20160823","NEON.LTR.GUAN051062.20160823.FLR","NEON.DOC.001710vE","Flowers",0.25,"N",NA,"fiApssCEcSVZh4fTchGlfQK3pYYnYQUQ"
"9c76adb6-a730-4684-96ce-3e701f1affe6","GUAN_051.basePlot.ltr","D04","GUAN","GUAN_051","GUAN_051_062","2016-09-01","2016-06-28","2016-08-23","2016-08-29T19:30Z","2016-09-01T17:30Z","NEON.LTR.GUAN051062.20160823","NEON.LTR.GUAN051062.20160823.TWI","NEON.DOC.001710vE","Twigs/branches",10.6,"N",NA,"fiApssCEcSVZh4fTchGlfQK3pYYnYQUQ"
"f22849fa-457b-4c99-8c0d-8b76cdf1413f","GUAN_051.basePlot.ltr","D04","GUAN","GUAN_051","GUAN_051_062","2016-09-01","2016-06-28","2016-08-23","2016-08-29T19:30Z","2016-09-01T17:30Z","NEON.LTR.GUAN051062.20160823","NEON.LTR.GUAN051062.20160823.WDY","NEON.DOC.001710vE","Woody material",0.11,"N",NA,"fiApssCEcSVZh4fTchGlfQK3pYYnYQUQ"
"7092ac3c-6409-4c31-bbfd-d8b072401832","GUAN_051.basePlot.ltr","D04","GUAN","GUAN_051","GUAN_051_062","2016-09-01","2016-06-28","2016-08-23","2016-08-29T19:30Z","2016-09-01T17:30Z","NEON.LTR.GUAN051062.20160823","NEON.LTR.GUAN051062.20160823.NDL","NEON.DOC.001710vE","Needles",0,"N",NA,"fiApssCEcSVZh4fTchGlfQK3pYYnYQUQ"
"ff390841-9859-4545-a02c-e7209f2eb785","GUAN_053.basePlot.ltr","D04","GUAN","GUAN_053","GUAN_053_405","2016-09-01","2016-06-28","2016-08-23","2016-08-29T19:30Z","2016-09-01T17:30Z","NEON.LTR.GUAN053405.20160823","NEON.LTR.GUAN053405.20160823.LVS","NEON.DOC.001710vE","Leaves",8.51,"Y",NA,"fiApssCEcSVZh4fTchGlfQK3pYYnYQUQ"
"fb17c8b1-3c37-40e1-9f9d-1542f1b48e69","GUAN_053.basePlot.ltr","D04","GUAN","GUAN_053","GUAN_053_405","2016-09-01","2016-06-28","2016-08-23","2016-08-29T19:30Z","2016-09-01T17:30Z","NEON.LTR.GUAN053405.20160823","NEON.LTR.GUAN053405.20160823.OTH","NEON.DOC.001710vE","Other",0.05,"N",NA,"fiApssCEcSVZh4fTchGlfQK3pYYnYQUQ"
"dc181238-6573-4fd1-ba21-ebbbb65f093a","GUAN_053.basePlot.ltr","D04","GUAN","GUAN_053","GUAN_053_405","2016-09-01","2016-06-28","2016-08-23","2016-08-29T19:30Z","2016-09-01T17:30Z","NEON.LTR.GUAN053405.20160823","NEON.LTR.GUAN053405.20160823.SDS","NEON.DOC.001710vE","Seeds",0.05,"N",NA,"fiApssCEcSVZh4fTchGlfQK3pYYnYQUQ"
"5d037885-40e1-4565-8feb-8782e1281adf","GUAN_053.basePlot.ltr","D04","GUAN","GUAN_053","GUAN_053_405","2016-09-01","2016-06-28","2016-08-23","2016-08-29T19:30Z","2016-09-01T17:30Z","NEON.LTR.GUAN053405.20160823","NEON.LTR.GUAN053405.20160823.FLR","NEON.DOC.001710vE","Flowers",0.04,"N",NA,"fiApssCEcSVZh4fTchGlfQK3pYYnYQUQ"
"13e8747e-5f6c-4a7b-8c84-6a4b8b2988b9","GUAN_053.basePlot.ltr","D04","GUAN","GUAN_053","GUAN_053_405","2016-09-01","2016-06-28","2016-08-23","2016-08-29T19:30Z","2016-09-01T17:30Z","NEON.LTR.GUAN053405.20160823","NEON.LTR.GUAN053405.20160823.TWI","NEON.DOC.001710vE","Twigs/branches",0.17,"N",NA,"fiApssCEcSVZh4fTchGlfQK3pYYnYQUQ"
"b6215c7d-51b6-4b8e-96e1-f90e0df167da","GUAN_053.basePlot.ltr","D04","GUAN","GUAN_053","GUAN_053_405","2016-09-01","2016-06-28","2016-08-23","2016-08-29T19:30Z","2016-09-01T17:30Z","NEON.LTR.GUAN053405.20160823","NEON.LTR.GUAN053405.20160823.WDY","NEON.DOC.001710vE","Woody material",0.05,"N",NA,"fiApssCEcSVZh4fTchGlfQK3pYYnYQUQ"
"1c44b309-158e-47fb-bd63-d99e4d323438","GUAN_053.basePlot.ltr","D04","GUAN","GUAN_053","GUAN_053_405","2016-09-01","2016-06-28","2016-08-23","2016-08-29T19:30Z","2016-09-01T17:30Z","NEON.LTR.GUAN053405.20160823","NEON.LTR.GUAN053405.20160823.NDL","NEON.DOC.001710vE","Needles",0,"N",NA,"fiApssCEcSVZh4fTchGlfQK3pYYnYQUQ"
"1b5962ac-17fd-4c43-ac9d-c06e7d6ae83a","GUAN_054.basePlot.ltr","D04","GUAN","GUAN_054","GUAN_054_559","2016-09-01","2016-06-28","2016-08-23","2016-08-29T19:30Z","2016-09-01T17:30Z","NEON.LTR.GUAN054559.20160823","NEON.LTR.GUAN054559.20160823.LVS","NEON.DOC.001710vE","Leaves",21.05,"N",NA,"fiApssCEcSVZh4fTchGlfQK3pYYnYQUQ"
"3bf8e745-bd30-43b7-804e-b71f8419daf6","GUAN_054.basePlot.ltr","D04","GUAN","GUAN_054","GUAN_054_559","2016-09-01","2016-06-28","2016-08-23","2016-08-29T19:30Z","2016-09-01T17:30Z","NEON.LTR.GUAN054559.20160823","NEON.LTR.GUAN054559.20160823.OTH","NEON.DOC.001710vE","Other",0.68,"N",NA,"fiApssCEcSVZh4fTchGlfQK3pYYnYQUQ"
"42ac3330-d4e7-43fc-82b1-2698a6e04565","GUAN_054.basePlot.ltr","D04","GUAN","GUAN_054","GUAN_054_559","2016-09-01","2016-06-28","2016-08-23","2016-08-29T19:30Z","2016-09-01T17:30Z","NEON.LTR.GUAN054559.20160823","NEON.LTR.GUAN054559.20160823.NDL","NEON.DOC.001710vE","Needles",0,"N",NA,"fiApssCEcSVZh4fTchGlfQK3pYYnYQUQ"
"728b8780-5483-4c8e-86fb-c7bc5f96f8f6","GUAN_054.basePlot.ltr","D04","GUAN","GUAN_054","GUAN_054_559","2016-09-01","2016-06-28","2016-08-23","2016-08-29T19:30Z","2016-09-01T17:30Z","NEON.LTR.GUAN054559.20160823","NEON.LTR.GUAN054559.20160823.SDS","NEON.DOC.001710vE","Seeds",0,"N",NA,"fiApssCEcSVZh4fTchGlfQK3pYYnYQUQ"
"ef6b7c02-e5e8-4e78-827e-32e98ac91648","GUAN_054.basePlot.ltr","D04","GUAN","GUAN_054","GUAN_054_559","2016-09-01","2016-06-28","2016-08-23","2016-08-29T19:30Z","2016-09-01T17:30Z","NEON.LTR.GUAN054559.20160823","NEON.LTR.GUAN054559.20160823.FLR","NEON.DOC.001710vE","Flowers",0,"N",NA,"fiApssCEcSVZh4fTchGlfQK3pYYnYQUQ"
"fec30e7a-6ea8-45c7-a7f8-2aa294af6cab","GUAN_054.basePlot.ltr","D04","GUAN","GUAN_054","GUAN_054_559","2016-09-01","2016-06-28","2016-08-23","2016-08-29T19:30Z","2016-09-01T17:30Z","NEON.LTR.GUAN054559.20160823","NEON.LTR.GUAN054559.20160823.TWI","NEON.DOC.001710vE","Twigs/branches",7.48,"N",NA,"fiApssCEcSVZh4fTchGlfQK3pYYnYQUQ"
"0d0ae768-a7f7-4c37-a4f5-c599c9a9c4b7","GUAN_054.basePlot.ltr","D04","GUAN","GUAN_054","GUAN_054_559","2016-09-01","2016-06-28","2016-08-23","2016-08-29T19:30Z","2016-09-01T17:30Z","NEON.LTR.GUAN054559.20160823","NEON.LTR.GUAN054559.20160823.WDY","NEON.DOC.001710vE","Woody material",0.39,"N",NA,"fiApssCEcSVZh4fTchGlfQK3pYYnYQUQ"
"e27a1427-0867-4cd6-a59a-569554110384","GUAN_058.basePlot.ltr","D04","GUAN","GUAN_058","GUAN_058_054","2016-09-01","2016-06-28","2016-08-23","2016-08-29T19:30Z","2016-09-01T17:30Z","NEON.LTR.GUAN058054.20160823","NEON.LTR.GUAN058054.20160823.LVS","NEON.DOC.001710vE","Leaves",22.2,"N",NA,"fiApssCEcSVZh4fTchGlfQK3pYYnYQUQ"
"d00e8687-7069-4ef0-8a30-9175b683df68","GUAN_058.basePlot.ltr","D04","GUAN","GUAN_058","GUAN_058_054","2016-09-01","2016-06-28","2016-08-23","2016-08-29T19:30Z","2016-09-01T17:30Z","NEON.LTR.GUAN058054.20160823","NEON.LTR.GUAN058054.20160823.OTH","NEON.DOC.001710vE","Other",0.35,"N",NA,"fiApssCEcSVZh4fTchGlfQK3pYYnYQUQ"
"595a4bbb-c8c8-4930-807a-65833d1effca","GUAN_058.basePlot.ltr","D04","GUAN","GUAN_058","GUAN_058_054","2016-09-01","2016-06-28","2016-08-23","2016-08-29T19:30Z","2016-09-01T17:30Z","NEON.LTR.GUAN058054.20160823","NEON.LTR.GUAN058054.20160823.NDL","NEON.DOC.001710vE","Needles",0,"N",NA,"fiApssCEcSVZh4fTchGlfQK3pYYnYQUQ"
"bd7496a7-d8f9-4ffc-8194-16aef51e7508","GUAN_058.basePlot.ltr","D04","GUAN","GUAN_058","GUAN_058_054","2016-09-01","2016-06-28","2016-08-23","2016-08-29T19:30Z","2016-09-01T17:30Z","NEON.LTR.GUAN058054.20160823","NEON.LTR.GUAN058054.20160823.SDS","NEON.DOC.001710vE","Seeds",0,"N",NA,"fiApssCEcSVZh4fTchGlfQK3pYYnYQUQ"
"5b129a2e-b092-4eb2-ad9f-ee5cdf4aefb1","GUAN_058.basePlot.ltr","D04","GUAN","GUAN_058","GUAN_058_054","2016-09-01","2016-06-28","2016-08-23","2016-08-29T19:30Z","2016-09-01T17:30Z","NEON.LTR.GUAN058054.20160823","NEON.LTR.GUAN058054.20160823.FLR","NEON.DOC.001710vE","Flowers",0,"N",NA,"fiApssCEcSVZh4fTchGlfQK3pYYnYQUQ"
"afa902a4-0e2e-4e8f-8a32-ef80bfe7cfbb","GUAN_058.basePlot.ltr","D04","GUAN","GUAN_058","GUAN_058_054","2016-09-01","2016-06-28","2016-08-23","2016-08-29T19:30Z","2016-09-01T17:30Z","NEON.LTR.GUAN058054.20160823","NEON.LTR.GUAN058054.20160823.TWI","NEON.DOC.001710vE","Twigs/branches",5.98,"N",NA,"fiApssCEcSVZh4fTchGlfQK3pYYnYQUQ"
"354933ab-da8d-4169-b2ed-13075622d11b","GUAN_058.basePlot.ltr","D04","GUAN","GUAN_058","GUAN_058_054","2016-09-01","2016-06-28","2016-08-23","2016-08-29T19:30Z","2016-09-01T17:30Z","NEON.LTR.GUAN058054.20160823","NEON.LTR.GUAN058054.20160823.WDY","NEON.DOC.001710vE","Woody material",0.87,"N",NA,"fiApssCEcSVZh4fTchGlfQK3pYYnYQUQ"
"afa34599-70bc-406f-b240-94f8c7721c3f","GUAN_043.basePlot.ltr","D04","GUAN","GUAN_043","GUAN_043_791","2016-09-01","2016-06-28","2016-08-23","2016-08-29T19:30Z","2016-09-01T17:30Z","NEON.LTR.GUAN043791.20160823","NEON.LTR.GUAN043791.20160823.LVS","NEON.DOC.001710vE","Leaves",63.65,"N",NA,"fiApssCEcSVZh4fTchGlfQK3pYYnYQUQ"
"b97bd40e-4ce6-4ab5-a513-85ac062edf64","GUAN_043.basePlot.ltr","D04","GUAN","GUAN_043","GUAN_043_791","2016-09-01","2016-06-28","2016-08-23","2016-08-29T19:30Z","2016-09-01T17:30Z","NEON.LTR.GUAN043791.20160823","NEON.LTR.GUAN043791.20160823.TWI","NEON.DOC.001710vE","Twigs/branches",3.08,"N",NA,"fiApssCEcSVZh4fTchGlfQK3pYYnYQUQ"
"0fafea87-2b7a-4b64-93de-72947d29c919","GUAN_043.basePlot.ltr","D04","GUAN","GUAN_043","GUAN_043_791","2016-09-01","2016-06-28","2016-08-23","2016-08-29T19:30Z","2016-09-01T17:30Z","NEON.LTR.GUAN043791.20160823","NEON.LTR.GUAN043791.20160823.WDY","NEON.DOC.001710vE","Woody material",0.3,"N",NA,"fiApssCEcSVZh4fTchGlfQK3pYYnYQUQ"
"0dc04dcc-31e3-4c1b-a794-213cbc54cc70","GUAN_043.basePlot.ltr","D04","GUAN","GUAN_043","GUAN_043_791","2016-09-01","2016-06-28","2016-08-23","2016-08-29T19:30Z","2016-09-01T17:30Z","NEON.LTR.GUAN043791.20160823","NEON.LTR.GUAN043791.20160823.NDL","NEON.DOC.001710vE","Needles",0,"N",NA,"fiApssCEcSVZh4fTchGlfQK3pYYnYQUQ"
"1c55fae7-75c3-486d-9bbc-746b0a9146e0","GUAN_043.basePlot.ltr","D04","GUAN","GUAN_043","GUAN_043_791","2016-09-01","2016-06-28","2016-08-23","2016-08-29T19:30Z","2016-09-01T17:30Z","NEON.LTR.GUAN043791.20160823","NEON.LTR.GUAN043791.20160823.SDS","NEON.DOC.001710vE","Seeds",0,"N",NA,"fiApssCEcSVZh4fTchGlfQK3pYYnYQUQ"
"225fb1be-20af-4c21-853a-a948e149cfd0","GUAN_043.basePlot.ltr","D04","GUAN","GUAN_043","GUAN_043_791","2016-09-01","2016-06-28","2016-08-23","2016-08-29T19:30Z","2016-09-01T17:30Z","NEON.LTR.GUAN043791.20160823","NEON.LTR.GUAN043791.20160823.FLR","NEON.DOC.001710vE","Flowers",0,"N",NA,"fiApssCEcSVZh4fTchGlfQK3pYYnYQUQ"
"054b3fb4-9dd2-49ba-b90a-3bc5133aac85","GUAN_043.basePlot.ltr","D04","GUAN","GUAN_043","GUAN_043_791","2016-09-01","2016-06-28","2016-08-23","2016-08-29T19:30Z","2016-09-01T17:30Z","NEON.LTR.GUAN043791.20160823","NEON.LTR.GUAN043791.20160823.OTH","NEON.DOC.001710vE","Other",0,"N",NA,"fiApssCEcSVZh4fTchGlfQK3pYYnYQUQ"
"cd1d50c9-872d-404a-a29d-f30206d7332a","GUAN_044.basePlot.ltr","D04","GUAN","GUAN_044","GUAN_044_646","2016-09-01","2016-06-28","2016-08-23","2016-08-29T19:30Z","2016-09-01T17:30Z","NEON.LTR.GUAN044646.20160823","NEON.LTR.GUAN044646.20160823.LVS","NEON.DOC.001710vE","Leaves",22.69,"N",NA,"fiApssCEcSVZh4fTchGlfQK3pYYnYQUQ"
"a6d9f36b-f96c-46f1-b417-bc1fe055cf00","GUAN_044.basePlot.ltr","D04","GUAN","GUAN_044","GUAN_044_646","2016-09-01","2016-06-28","2016-08-23","2016-08-29T19:30Z","2016-09-01T17:30Z","NEON.LTR.GUAN044646.20160823","NEON.LTR.GUAN044646.20160823.OTH","NEON.DOC.001710vE","Other",0.02,"N",NA,"fiApssCEcSVZh4fTchGlfQK3pYYnYQUQ"
"3d818bc0-f23f-435a-bed0-e64fb5c7bf67","GUAN_044.basePlot.ltr","D04","GUAN","GUAN_044","GUAN_044_646","2016-09-01","2016-06-28","2016-08-23","2016-08-29T19:30Z","2016-09-01T17:30Z","NEON.LTR.GUAN044646.20160823","NEON.LTR.GUAN044646.20160823.SDS","NEON.DOC.001710vE","Seeds",1.68,"N",NA,"fiApssCEcSVZh4fTchGlfQK3pYYnYQUQ"
"9c41e852-54c1-4f2a-808f-971e9ab35048","GUAN_044.basePlot.ltr","D04","GUAN","GUAN_044","GUAN_044_646","2016-09-01","2016-06-28","2016-08-23","2016-08-29T19:30Z","2016-09-01T17:30Z","NEON.LTR.GUAN044646.20160823","NEON.LTR.GUAN044646.20160823.TWI","NEON.DOC.001710vE","Twigs/branches",3.5,"N",NA,"fiApssCEcSVZh4fTchGlfQK3pYYnYQUQ"
"4db90945-2eb7-4f45-86c8-75674bc56574","GUAN_044.basePlot.ltr","D04","GUAN","GUAN_044","GUAN_044_646","2016-09-01","2016-06-28","2016-08-23","2016-08-29T19:30Z","2016-09-01T17:30Z","NEON.LTR.GUAN044646.20160823","NEON.LTR.GUAN044646.20160823.WDY","NEON.DOC.001710vE","Woody material",0.47,"N",NA,"fiApssCEcSVZh4fTchGlfQK3pYYnYQUQ"
"8a3423b2-bb68-43e2-b9da-7fba35feb823","GUAN_044.basePlot.ltr","D04","GUAN","GUAN_044","GUAN_044_646","2016-09-01","2016-06-28","2016-08-23","2016-08-29T19:30Z","2016-09-01T17:30Z","NEON.LTR.GUAN044646.20160823","NEON.LTR.GUAN044646.20160823.NDL","NEON.DOC.001710vE","Needles",0,"N",NA,"fiApssCEcSVZh4fTchGlfQK3pYYnYQUQ"
"2f0699b0-b03b-4f26-81b4-2818ef775581","GUAN_044.basePlot.ltr","D04","GUAN","GUAN_044","GUAN_044_646","2016-09-01","2016-06-28","2016-08-23","2016-08-29T19:30Z","2016-09-01T17:30Z","NEON.LTR.GUAN044646.20160823","NEON.LTR.GUAN044646.20160823.FLR","NEON.DOC.001710vE","Flowers",0,"N",NA,"fiApssCEcSVZh4fTchGlfQK3pYYnYQUQ"
"a093ab9c-3c76-4aeb-ae42-6e2280aee0c6","GUAN_049.basePlot.ltr","D04","GUAN","GUAN_049","GUAN_049_280","2016-09-01","2016-06-28","2016-08-23","2016-08-29T19:30Z","2016-09-01T17:30Z","NEON.LTR.GUAN049280.20160823","NEON.LTR.GUAN049280.20160823.OTH","NEON.DOC.001710vE","Other",0.25,"N",NA,"fiApssCEcSVZh4fTchGlfQK3pYYnYQUQ"
"06e874fc-e6b6-4719-a7b8-8b98baadbfb9","GUAN_049.basePlot.ltr","D04","GUAN","GUAN_049","GUAN_049_280","2016-09-01","2016-06-28","2016-08-23","2016-08-29T19:30Z","2016-09-01T17:30Z","NEON.LTR.GUAN049280.20160823","NEON.LTR.GUAN049280.20160823.SDS","NEON.DOC.001710vE","Seeds",0.43,"N",NA,"fiApssCEcSVZh4fTchGlfQK3pYYnYQUQ"
"a82f9453-629e-494b-8f76-d9e265680c33","GUAN_049.basePlot.ltr","D04","GUAN","GUAN_049","GUAN_049_280","2016-09-01","2016-06-28","2016-08-23","2016-08-29T19:30Z","2016-09-01T17:30Z","NEON.LTR.GUAN049280.20160823","NEON.LTR.GUAN049280.20160823.FLR","NEON.DOC.001710vE","Flowers",0.05,"N",NA,"fiApssCEcSVZh4fTchGlfQK3pYYnYQUQ"
"39547b61-1868-4292-ae9f-7d7245081c8b","GUAN_060.basePlot.ltr","D04","GUAN","GUAN_060","GUAN_060_673","2016-09-01","2016-06-28","2016-08-23","2016-08-29T19:30Z","2016-09-01T17:30Z","NEON.LTR.GUAN060673.20160823","NEON.LTR.GUAN060673.20160823.WDY","NEON.DOC.001710vE","Woody material",0.14,"N",NA,"fiApssCEcSVZh4fTchGlfQK3pYYnYQUQ"
"864943e4-e627-4294-b979-be8311fde6ff","GUAN_049.basePlot.ltr","D04","GUAN","GUAN_049","GUAN_049_280","2016-09-01","2016-06-28","2016-08-23","2016-08-29T19:30Z","2016-09-01T17:30Z","NEON.LTR.GUAN049280.20160823","NEON.LTR.GUAN049280.20160823.LVS","NEON.DOC.001710vE","Leaves",33.15,"N",NA,"fiApssCEcSVZh4fTchGlfQK3pYYnYQUQ"
"657e4d8f-4cfb-4414-9002-cafad7b2b868","GUAN_043.basePlot.ltr","D04","GUAN","GUAN_043","GUAN_043_562","2016-09-01","2016-06-28","2016-08-23","2016-08-29T19:30Z","2016-09-01T17:30Z","NEON.LTR.GUAN043562.20160823","NEON.LTR.GUAN043562.20160823.SDS","NEON.DOC.001710vE","Seeds",0.79,"N",NA,"fiApssCEcSVZh4fTchGlfQK3pYYnYQUQ"
"c9e4fc5a-f9d2-4c08-b872-de9e6569208f","GUAN_043.basePlot.ltr","D04","GUAN","GUAN_043","GUAN_043_562","2016-09-01","2016-06-28","2016-08-23","2016-08-29T19:30Z","2016-09-01T17:30Z","NEON.LTR.GUAN043562.20160823","NEON.LTR.GUAN043562.20160823.NDL","NEON.DOC.001710vE","Needles",0,"N",NA,"fiApssCEcSVZh4fTchGlfQK3pYYnYQUQ"
"129bbff5-cc32-427b-a26c-ec543e6a5cfa","GUAN_043.basePlot.ltr","D04","GUAN","GUAN_043","GUAN_043_562","2016-09-01","2016-06-28","2016-08-23","2016-08-29T19:30Z","2016-09-01T17:30Z","NEON.LTR.GUAN043562.20160823","NEON.LTR.GUAN043562.20160823.LVS","NEON.DOC.001710vE","Leaves",77.66,"N",NA,"fiApssCEcSVZh4fTchGlfQK3pYYnYQUQ"
"a6f509e5-09e5-4d54-823c-ee1f2d3b17dd","GUAN_043.basePlot.ltr","D04","GUAN","GUAN_043","GUAN_043_562","2016-09-01","2016-06-28","2016-08-23","2016-08-29T19:30Z","2016-09-01T17:30Z","NEON.LTR.GUAN043562.20160823","NEON.LTR.GUAN043562.20160823.OTH","NEON.DOC.001710vE","Other",1.73,"N",NA,"fiApssCEcSVZh4fTchGlfQK3pYYnYQUQ"
"5541b0c2-7329-45b9-8273-a9db7e64f918","GUAN_055.basePlot.ltr","D04","GUAN","GUAN_055","GUAN_055_896","2016-09-01","2016-06-28","2016-08-23","2016-08-29T19:30Z","2016-09-01T17:30Z","NEON.LTR.GUAN055896.20160823","NEON.LTR.GUAN055896.20160823.LVS","NEON.DOC.001710vE","Leaves",20.27,"N",NA,"fiApssCEcSVZh4fTchGlfQK3pYYnYQUQ"
"97765e5c-7f03-4a80-886e-031608fae619","GUAN_043.basePlot.ltr","D04","GUAN","GUAN_043","GUAN_043_562","2016-09-01","2016-06-28","2016-08-23","2016-08-29T19:30Z","2016-09-01T17:30Z","NEON.LTR.GUAN043562.20160823","NEON.LTR.GUAN043562.20160823.TWI","NEON.DOC.001710vE","Twigs/branches",2.91,"N",NA,"fiApssCEcSVZh4fTchGlfQK3pYYnYQUQ"
"1fb166b8-c2b1-4b7a-8e13-d89809e5e4df","GUAN_043.basePlot.ltr","D04","GUAN","GUAN_043","GUAN_043_562","2016-09-01","2016-06-28","2016-08-23","2016-08-29T19:30Z","2016-09-01T17:30Z","NEON.LTR.GUAN043562.20160823","NEON.LTR.GUAN043562.20160823.WDY","NEON.DOC.001710vE","Woody material",0.5,"N",NA,"fiApssCEcSVZh4fTchGlfQK3pYYnYQUQ"
"09d8dc68-d0c1-49a7-8d74-ea897031fe21","GUAN_055.basePlot.ltr","D04","GUAN","GUAN_055","GUAN_055_896","2016-09-01","2016-06-28","2016-08-23","2016-08-29T19:30Z","2016-09-01T17:30Z","NEON.LTR.GUAN055896.20160823","NEON.LTR.GUAN055896.20160823.TWI","NEON.DOC.001710vE","Twigs/branches",3.09,"N",NA,"fiApssCEcSVZh4fTchGlfQK3pYYnYQUQ"
"55bdf52a-af32-429d-b422-27f2d611ab7a","GUAN_043.basePlot.ltr","D04","GUAN","GUAN_043","GUAN_043_562","2016-09-01","2016-06-28","2016-08-23","2016-08-29T19:30Z","2016-09-01T17:30Z","NEON.LTR.GUAN043562.20160823","NEON.LTR.GUAN043562.20160823.FLR","NEON.DOC.001710vE","Flowers",0,"N",NA,"fiApssCEcSVZh4fTchGlfQK3pYYnYQUQ"
"29757dc5-00f8-49c8-918d-e0eb9a9c112c","GUAN_055.basePlot.ltr","D04","GUAN","GUAN_055","GUAN_055_896","2016-09-01","2016-06-28","2016-08-23","2016-08-29T19:30Z","2016-09-01T17:30Z","NEON.LTR.GUAN055896.20160823","NEON.LTR.GUAN055896.20160823.FLR","NEON.DOC.001710vE","Flowers",0,"N",NA,"fiApssCEcSVZh4fTchGlfQK3pYYnYQUQ"
"1af0d7b1-5eae-4184-90ac-8e7161229109","GUAN_055.basePlot.ltr","D04","GUAN","GUAN_055","GUAN_055_896","2016-09-01","2016-06-28","2016-08-23","2016-08-29T19:30Z","2016-09-01T17:30Z","NEON.LTR.GUAN055896.20160823","NEON.LTR.GUAN055896.20160823.OTH","NEON.DOC.001710vE","Other",0.17,"N",NA,"fiApssCEcSVZh4fTchGlfQK3pYYnYQUQ"
"661f198c-9109-4913-b7c6-96b4135b7373","GUAN_055.basePlot.ltr","D04","GUAN","GUAN_055","GUAN_055_896","2016-09-01","2016-06-28","2016-08-23","2016-08-29T19:30Z","2016-09-01T17:30Z","NEON.LTR.GUAN055896.20160823","NEON.LTR.GUAN055896.20160823.SDS","NEON.DOC.001710vE","Seeds",0.5,"N",NA,"fiApssCEcSVZh4fTchGlfQK3pYYnYQUQ"
"40037e44-87d6-4e03-92ee-da0b3db90ae1","GUAN_059.basePlot.ltr","D04","GUAN","GUAN_059","GUAN_059_381","2016-09-01","2016-06-28","2016-08-23","2016-08-29T19:30Z","2016-09-01T17:30Z","NEON.LTR.GUAN059381.20160823","NEON.LTR.GUAN059381.20160823.OTH","NEON.DOC.001710vE","Other",0.21,"Y",NA,"fiApssCEcSVZh4fTchGlfQK3pYYnYQUQ"
"042f3e40-735a-4754-901c-d79bedaafe04","GUAN_055.basePlot.ltr","D04","GUAN","GUAN_055","GUAN_055_896","2016-09-01","2016-06-28","2016-08-23","2016-08-29T19:30Z","2016-09-01T17:30Z","NEON.LTR.GUAN055896.20160823","NEON.LTR.GUAN055896.20160823.WDY","NEON.DOC.001710vE","Woody material",0.28,"N",NA,"fiApssCEcSVZh4fTchGlfQK3pYYnYQUQ"
"b5dff864-c482-4276-a59f-35533f7f282a","GUAN_055.basePlot.ltr","D04","GUAN","GUAN_055","GUAN_055_896","2016-09-01","2016-06-28","2016-08-23","2016-08-29T19:30Z","2016-09-01T17:30Z","NEON.LTR.GUAN055896.20160823","NEON.LTR.GUAN055896.20160823.NDL","NEON.DOC.001710vE","Needles",0,"N",NA,"fiApssCEcSVZh4fTchGlfQK3pYYnYQUQ"
"ffb979ec-605b-4033-a1ec-17ae1fa211cb","GUAN_059.basePlot.ltr","D04","GUAN","GUAN_059","GUAN_059_381","2016-09-01","2016-06-28","2016-08-23","2016-08-29T19:30Z","2016-09-01T17:30Z","NEON.LTR.GUAN059381.20160823","NEON.LTR.GUAN059381.20160823.WDY","NEON.DOC.001710vE","Woody material",0.28,"N",NA,"fiApssCEcSVZh4fTchGlfQK3pYYnYQUQ"
"fb5870c0-fcd3-47d7-b8f9-089385709734","GUAN_059.basePlot.ltr","D04","GUAN","GUAN_059","GUAN_059_381","2016-09-01","2016-06-28","2016-08-23","2016-08-29T19:30Z","2016-09-01T17:30Z","NEON.LTR.GUAN059381.20160823","NEON.LTR.GUAN059381.20160823.LVS","NEON.DOC.001710vE","Leaves",83.94,"N",NA,"fiApssCEcSVZh4fTchGlfQK3pYYnYQUQ"
"d03e3c62-c8a0-4865-830b-bc94bdcb8189","GUAN_061.basePlot.ltr","D04","GUAN","GUAN_061","GUAN_061_694","2016-09-01","2016-06-28","2016-08-23","2016-08-29T19:30Z","2016-09-01T17:30Z","NEON.LTR.GUAN061694.20160823","NEON.LTR.GUAN061694.20160823.LVS","NEON.DOC.001710vE","Leaves",22.29,"Y",NA,"fiApssCEcSVZh4fTchGlfQK3pYYnYQUQ"
"70384b5f-51ad-48a9-ab78-6ac23c5988eb","GUAN_059.basePlot.ltr","D04","GUAN","GUAN_059","GUAN_059_381","2016-09-01","2016-06-28","2016-08-23","2016-08-29T19:30Z","2016-09-01T17:30Z","NEON.LTR.GUAN059381.20160823","NEON.LTR.GUAN059381.20160823.SDS","NEON.DOC.001710vE","Seeds",0.93,"N",NA,"fiApssCEcSVZh4fTchGlfQK3pYYnYQUQ"
"753262e7-c8cd-4657-a6b5-5fc026cc7b59","GUAN_059.basePlot.ltr","D04","GUAN","GUAN_059","GUAN_059_381","2016-09-01","2016-06-28","2016-08-23","2016-08-29T19:30Z","2016-09-01T17:30Z","NEON.LTR.GUAN059381.20160823","NEON.LTR.GUAN059381.20160823.TWI","NEON.DOC.001710vE","Twigs/branches",0.96,"N",NA,"fiApssCEcSVZh4fTchGlfQK3pYYnYQUQ"
"8a4e2c27-e3f8-4dff-8a21-5b012048320e","GUAN_061.basePlot.ltr","D04","GUAN","GUAN_061","GUAN_061_694","2016-09-01","2016-06-28","2016-08-23","2016-08-29T19:30Z","2016-09-01T17:30Z","NEON.LTR.GUAN061694.20160823","NEON.LTR.GUAN061694.20160823.SDS","NEON.DOC.001710vE","Seeds",0.11,"N",NA,"fiApssCEcSVZh4fTchGlfQK3pYYnYQUQ"
"fa6e5a01-6ad4-4c8d-bddb-5c4f8066455d","GUAN_059.basePlot.ltr","D04","GUAN","GUAN_059","GUAN_059_381","2016-09-01","2016-06-28","2016-08-23","2016-08-29T19:30Z","2016-09-01T17:30Z","NEON.LTR.GUAN059381.20160823","NEON.LTR.GUAN059381.20160823.NDL","NEON.DOC.001710vE","Needles",0,"N",NA,"fiApssCEcSVZh4fTchGlfQK3pYYnYQUQ"
"faad567a-c5b6-457c-86cc-8209e64b44b2","GUAN_059.basePlot.ltr","D04","GUAN","GUAN_059","GUAN_059_381","2016-09-01","2016-06-28","2016-08-23","2016-08-29T19:30Z","2016-09-01T17:30Z","NEON.LTR.GUAN059381.20160823","NEON.LTR.GUAN059381.20160823.FLR","NEON.DOC.001710vE","Flowers",0,"N",NA,"fiApssCEcSVZh4fTchGlfQK3pYYnYQUQ"
"0ca268c2-0fa6-4781-9a05-34e0cfa5a161","GUAN_061.basePlot.ltr","D04","GUAN","GUAN_061","GUAN_061_694","2016-09-01","2016-06-28","2016-08-23","2016-08-29T19:30Z","2016-09-01T17:30Z","NEON.LTR.GUAN061694.20160823","NEON.LTR.GUAN061694.20160823.WDY","NEON.DOC.001710vE","Woody material",0,"N",NA,"fiApssCEcSVZh4fTchGlfQK3pYYnYQUQ"
"83622595-55fc-497f-bc74-5fa1eecd1fee","GUAN_061.basePlot.ltr","D04","GUAN","GUAN_061","GUAN_061_694","2016-09-01","2016-06-28","2016-08-23","2016-08-29T19:30Z","2016-09-01T17:30Z","NEON.LTR.GUAN061694.20160823","NEON.LTR.GUAN061694.20160823.OTH","NEON.DOC.001710vE","Other",0.07,"N",NA,"fiApssCEcSVZh4fTchGlfQK3pYYnYQUQ"
"63eb107a-a2d6-42a3-ab94-051900a707fb","GUAN_042.basePlot.ltr","D04","GUAN","GUAN_042","GUAN_042_162","2016-09-01","2016-06-28","2016-08-23","2016-08-29T19:30Z","2016-09-01T17:30Z","NEON.LTR.GUAN042162.20160823","NEON.LTR.GUAN042162.20160823.LVS","NEON.DOC.001710vE","Leaves",56.7,"N",NA,"fiApssCEcSVZh4fTchGlfQK3pYYnYQUQ"
"4f89fc1a-0acc-4d5f-8f2f-5cd5f9f83c77","GUAN_042.basePlot.ltr","D04","GUAN","GUAN_042","GUAN_042_162","2016-09-01","2016-06-28","2016-08-23","2016-08-29T19:30Z","2016-09-01T17:30Z","NEON.LTR.GUAN042162.20160823","NEON.LTR.GUAN042162.20160823.OTH","NEON.DOC.001710vE","Other",0.57,"N",NA,"fiApssCEcSVZh4fTchGlfQK3pYYnYQUQ"
"3044248c-90ae-4d44-8531-ce721b1e908f","GUAN_061.basePlot.ltr","D04","GUAN","GUAN_061","GUAN_061_694","2016-09-01","2016-06-28","2016-08-23","2016-08-29T19:30Z","2016-09-01T17:30Z","NEON.LTR.GUAN061694.20160823","NEON.LTR.GUAN061694.20160823.FLR","NEON.DOC.001710vE","Flowers",0.18,"Y",NA,"fiApssCEcSVZh4fTchGlfQK3pYYnYQUQ"
"723f44a6-05f3-49f7-aef6-e320ac99b40a","GUAN_061.basePlot.ltr","D04","GUAN","GUAN_061","GUAN_061_694","2016-09-01","2016-06-28","2016-08-23","2016-08-29T19:30Z","2016-09-01T17:30Z","NEON.LTR.GUAN061694.20160823","NEON.LTR.GUAN061694.20160823.TWI","NEON.DOC.001710vE","Twigs/branches",2.52,"N",NA,"fiApssCEcSVZh4fTchGlfQK3pYYnYQUQ"
"e55418c7-e6e2-4b63-a03d-b31a449a76a5","GUAN_042.basePlot.ltr","D04","GUAN","GUAN_042","GUAN_042_162","2016-09-01","2016-06-28","2016-08-23","2016-08-29T19:30Z","2016-09-01T17:30Z","NEON.LTR.GUAN042162.20160823","NEON.LTR.GUAN042162.20160823.FLR","NEON.DOC.001710vE","Flowers",0.22,"N",NA,"fiApssCEcSVZh4fTchGlfQK3pYYnYQUQ"
"7bc25492-01ec-4381-b5b4-a2a6308591fe","GUAN_061.basePlot.ltr","D04","GUAN","GUAN_061","GUAN_061_694","2016-09-01","2016-06-28","2016-08-23","2016-08-29T19:30Z","2016-09-01T17:30Z","NEON.LTR.GUAN061694.20160823","NEON.LTR.GUAN061694.20160823.NDL","NEON.DOC.001710vE","Needles",0,"N",NA,"fiApssCEcSVZh4fTchGlfQK3pYYnYQUQ"
"ed5fafd3-f4c1-41a7-9099-7b947a8371a3","GUAN_042.basePlot.ltr","D04","GUAN","GUAN_042","GUAN_042_162","2016-09-01","2016-06-28","2016-08-23","2016-08-29T19:30Z","2016-09-01T17:30Z","NEON.LTR.GUAN042162.20160823","NEON.LTR.GUAN042162.20160823.NDL","NEON.DOC.001710vE","Needles",0,"N",NA,"fiApssCEcSVZh4fTchGlfQK3pYYnYQUQ"
"bf0815bf-7536-43b0-8a7f-f7f3599b2865","GUAN_042.basePlot.ltr","D04","GUAN","GUAN_042","GUAN_042_162","2016-09-01","2016-06-28","2016-08-23","2016-08-29T19:30Z","2016-09-01T17:30Z","NEON.LTR.GUAN042162.20160823","NEON.LTR.GUAN042162.20160823.SDS","NEON.DOC.001710vE","Seeds",5.64,"N",NA,"fiApssCEcSVZh4fTchGlfQK3pYYnYQUQ"
"b6e56212-3182-4098-839f-76be1bcc8796","GUAN_048.basePlot.ltr","D04","GUAN","GUAN_048","GUAN_048_803","2016-09-01","2016-06-28","2016-08-23","2016-08-29T19:30Z","2016-09-01T17:30Z","NEON.LTR.GUAN048803.20160823","NEON.LTR.GUAN048803.20160823.OTH","NEON.DOC.001710vE","Other",0.25,"N",NA,"fiApssCEcSVZh4fTchGlfQK3pYYnYQUQ"
"92829d67-7404-4d23-80d4-82294c26b09d","GUAN_048.basePlot.ltr","D04","GUAN","GUAN_048","GUAN_048_803","2016-09-01","2016-06-28","2016-08-23","2016-08-29T19:30Z","2016-09-01T17:30Z","NEON.LTR.GUAN048803.20160823","NEON.LTR.GUAN048803.20160823.SDS","NEON.DOC.001710vE","Seeds",1.31,"N",NA,"fiApssCEcSVZh4fTchGlfQK3pYYnYQUQ"
"93041247-248f-4419-b75a-e7da2375ecef","GUAN_042.basePlot.ltr","D04","GUAN","GUAN_042","GUAN_042_162","2016-09-01","2016-06-28","2016-08-23","2016-08-29T19:30Z","2016-09-01T17:30Z","NEON.LTR.GUAN042162.20160823","NEON.LTR.GUAN042162.20160823.TWI","NEON.DOC.001710vE","Twigs/branches",8.57,"N",NA,"fiApssCEcSVZh4fTchGlfQK3pYYnYQUQ"
"e4391d91-4416-4976-87a8-5860bf768f6c","GUAN_042.basePlot.ltr","D04","GUAN","GUAN_042","GUAN_042_162","2016-09-01","2016-06-28","2016-08-23","2016-08-29T19:30Z","2016-09-01T17:30Z","NEON.LTR.GUAN042162.20160823","NEON.LTR.GUAN042162.20160823.WDY","NEON.DOC.001710vE","Woody material",2.02,"N",NA,"fiApssCEcSVZh4fTchGlfQK3pYYnYQUQ"
"93d82317-0a30-408c-b898-a6e4b1409e0b","GUAN_048.basePlot.ltr","D04","GUAN","GUAN_048","GUAN_048_803","2016-09-01","2016-06-28","2016-08-23","2016-08-29T19:30Z","2016-09-01T17:30Z","NEON.LTR.GUAN048803.20160823","NEON.LTR.GUAN048803.20160823.NDL","NEON.DOC.001710vE","Needles",0,"N",NA,"fiApssCEcSVZh4fTchGlfQK3pYYnYQUQ"
"802ff8da-ea9c-4e80-ab22-2dcb1cd79a7b","GUAN_048.basePlot.ltr","D04","GUAN","GUAN_048","GUAN_048_803","2016-09-01","2016-06-28","2016-08-23","2016-08-29T19:30Z","2016-09-01T17:30Z","NEON.LTR.GUAN048803.20160823","NEON.LTR.GUAN048803.20160823.LVS","NEON.DOC.001710vE","Leaves",28.68,"N",NA,"fiApssCEcSVZh4fTchGlfQK3pYYnYQUQ"
"4d8f8ed9-f398-4d84-b81d-d6666227ec0d","GUAN_060.basePlot.ltr","D04","GUAN","GUAN_060","GUAN_060_673","2016-09-01","2016-06-28","2016-08-23","2016-08-29T19:30Z","2016-09-01T17:30Z","NEON.LTR.GUAN060673.20160823","NEON.LTR.GUAN060673.20160823.LVS","NEON.DOC.001710vE","Leaves",40.39,"N",NA,"fiApssCEcSVZh4fTchGlfQK3pYYnYQUQ"
"5609c5ee-5ab9-4b1f-b97a-91067f5d71b4","GUAN_048.basePlot.ltr","D04","GUAN","GUAN_048","GUAN_048_803","2016-09-01","2016-06-28","2016-08-23","2016-08-29T19:30Z","2016-09-01T17:30Z","NEON.LTR.GUAN048803.20160823","NEON.LTR.GUAN048803.20160823.FLR","NEON.DOC.001710vE","Flowers",0.05,"N",NA,"fiApssCEcSVZh4fTchGlfQK3pYYnYQUQ"
"7cbd43eb-9b23-4615-a5b5-54ca5de58386","GUAN_060.basePlot.ltr","D04","GUAN","GUAN_060","GUAN_060_673","2016-09-01","2016-06-28","2016-08-23","2016-08-29T19:30Z","2016-09-01T17:30Z","NEON.LTR.GUAN060673.20160823","NEON.LTR.GUAN060673.20160823.SDS","NEON.DOC.001710vE","Seeds",15.62,"N",NA,"fiApssCEcSVZh4fTchGlfQK3pYYnYQUQ"
"17e1314d-035b-49d6-9d02-45708215a308","GUAN_060.basePlot.ltr","D04","GUAN","GUAN_060","GUAN_060_673","2016-09-01","2016-06-28","2016-08-23","2016-08-29T19:30Z","2016-09-01T17:30Z","NEON.LTR.GUAN060673.20160823","NEON.LTR.GUAN060673.20160823.NDL","NEON.DOC.001710vE","Needles",0,"N",NA,"fiApssCEcSVZh4fTchGlfQK3pYYnYQUQ"
"23f17570-ce50-48fc-9893-81f872010ac3","GUAN_048.basePlot.ltr","D04","GUAN","GUAN_048","GUAN_048_803","2016-09-01","2016-06-28","2016-08-23","2016-08-29T19:30Z","2016-09-01T17:30Z","NEON.LTR.GUAN048803.20160823","NEON.LTR.GUAN048803.20160823.TWI","NEON.DOC.001710vE","Twigs/branches",6.84,"N",NA,"fiApssCEcSVZh4fTchGlfQK3pYYnYQUQ"
"33e79252-277b-4cbd-bfa8-ee0ad0e8fa7d","GUAN_051.basePlot.ltr","D04","GUAN","GUAN_051","GUAN_051_803","2016-11-02","2016-08-23","2016-10-19","2016-10-31T18:30Z","2016-11-02T16:00Z","NEON.LTR.GUAN051803.20161019","NEON.LTR.GUAN051803.20161019.SDS","NEON.DOC.001710vE","Seeds",0,"N",NA,"fiApssCEcSVZh4fTchGlfQK3pYYnYQUQ"
"6c62bd9c-d2ff-46eb-85de-622ff898216b","GUAN_051.basePlot.ltr","D04","GUAN","GUAN_051","GUAN_051_803","2016-11-02","2016-08-23","2016-10-19","2016-10-31T18:30Z","2016-11-02T16:00Z","NEON.LTR.GUAN051803.20161019","NEON.LTR.GUAN051803.20161019.TWI","NEON.DOC.001710vE","Twigs/branches",0.14,"N",NA,"fiApssCEcSVZh4fTchGlfQK3pYYnYQUQ"
"46344401-7a5b-46c8-a8f5-27a948833dba","GUAN_051.basePlot.ltr","D04","GUAN","GUAN_051","GUAN_051_803","2016-11-02","2016-08-23","2016-10-19","2016-10-31T18:30Z","2016-11-02T16:00Z","NEON.LTR.GUAN051803.20161019","NEON.LTR.GUAN051803.20161019.WDY","NEON.DOC.001710vE","Woody material",0.16,"N",NA,"fiApssCEcSVZh4fTchGlfQK3pYYnYQUQ"
"2daed08c-da0e-4850-ad09-219b00629946","GUAN_051.basePlot.ltr","D04","GUAN","GUAN_051","GUAN_051_803","2016-11-02","2016-08-23","2016-10-19","2016-10-31T18:30Z","2016-11-02T16:00Z","NEON.LTR.GUAN051803.20161019","NEON.LTR.GUAN051803.20161019.OTH","NEON.DOC.001710vE","Other",0.35,"N",NA,"fiApssCEcSVZh4fTchGlfQK3pYYnYQUQ"
"622cfe49-8224-4301-882e-5b094a009b11","GUAN_051.basePlot.ltr","D04","GUAN","GUAN_051","GUAN_051_803","2016-11-02","2016-08-23","2016-10-19","2016-10-31T18:30Z","2016-11-02T16:00Z","NEON.LTR.GUAN051803.20161019","NEON.LTR.GUAN051803.20161019.FLR","NEON.DOC.001710vE","Flowers",0.1,"N",NA,"fiApssCEcSVZh4fTchGlfQK3pYYnYQUQ"
"13834796-9bef-46e6-9604-02e197e99836","GUAN_051.basePlot.ltr","D04","GUAN","GUAN_051","GUAN_051_803","2016-11-02","2016-08-23","2016-10-19","2016-10-31T18:30Z","2016-11-02T16:00Z","NEON.LTR.GUAN051803.20161019","NEON.LTR.GUAN051803.20161019.NDL","NEON.DOC.001710vE","Needles",0,"N",NA,"fiApssCEcSVZh4fTchGlfQK3pYYnYQUQ"
"1648f986-da26-4b05-9ffd-1069ab7d4ae5","GUAN_051.basePlot.ltr","D04","GUAN","GUAN_051","GUAN_051_803","2016-11-02","2016-08-23","2016-10-19","2016-10-31T18:30Z","2016-11-02T16:00Z","NEON.LTR.GUAN051803.20161019","NEON.LTR.GUAN051803.20161019.LVS","NEON.DOC.001710vE","Leaves",15.6,"N",NA,"fiApssCEcSVZh4fTchGlfQK3pYYnYQUQ"
"6e1c7a98-929a-48f4-8437-5f7c9459374a","GUAN_051.basePlot.ltr","D04","GUAN","GUAN_051","GUAN_051_062","2016-11-02","2016-08-23","2016-10-19","2016-10-31T18:30Z","2016-11-02T16:00Z","NEON.LTR.GUAN051062.20161019","NEON.LTR.GUAN051062.20161019.WDY","NEON.DOC.001710vE","Woody material",0.51,"N",NA,"fiApssCEcSVZh4fTchGlfQK3pYYnYQUQ"
"15a5f5ed-e56a-47f2-ab9c-1f2ba2885448","GUAN_051.basePlot.ltr","D04","GUAN","GUAN_051","GUAN_051_062","2016-11-02","2016-08-23","2016-10-19","2016-10-31T18:30Z","2016-11-02T16:00Z","NEON.LTR.GUAN051062.20161019","NEON.LTR.GUAN051062.20161019.NDL","NEON.DOC.001710vE","Needles",0,"N",NA,"fiApssCEcSVZh4fTchGlfQK3pYYnYQUQ"
"dba68728-420c-4b60-b6e8-f004e00e69ba","GUAN_051.basePlot.ltr","D04","GUAN","GUAN_051","GUAN_051_062","2016-11-02","2016-08-23","2016-10-19","2016-10-31T18:30Z","2016-11-02T16:00Z","NEON.LTR.GUAN051062.20161019","NEON.LTR.GUAN051062.20161019.SDS","NEON.DOC.001710vE","Seeds",0,"N",NA,"fiApssCEcSVZh4fTchGlfQK3pYYnYQUQ"
"05852be5-eb3a-4559-bcce-5779f7677bfc","GUAN_051.basePlot.ltr","D04","GUAN","GUAN_051","GUAN_051_062","2016-11-02","2016-08-23","2016-10-19","2016-10-31T18:30Z","2016-11-02T16:00Z","NEON.LTR.GUAN051062.20161019","NEON.LTR.GUAN051062.20161019.TWI","NEON.DOC.001710vE","Twigs/branches",5.51,"N",NA,"fiApssCEcSVZh4fTchGlfQK3pYYnYQUQ"
"6e1ac013-867c-417b-937a-92fe7236a188","GUAN_051.basePlot.ltr","D04","GUAN","GUAN_051","GUAN_051_062","2016-11-02","2016-08-23","2016-10-19","2016-10-31T18:30Z","2016-11-02T16:00Z","NEON.LTR.GUAN051062.20161019","NEON.LTR.GUAN051062.20161019.OTH","NEON.DOC.001710vE","Other",0.77,"N",NA,"fiApssCEcSVZh4fTchGlfQK3pYYnYQUQ"
"d1dea41d-fdab-49f6-a2a4-3d0e61fac192","GUAN_051.basePlot.ltr","D04","GUAN","GUAN_051","GUAN_051_062","2016-11-02","2016-08-23","2016-10-19","2016-10-31T18:30Z","2016-11-02T16:00Z","NEON.LTR.GUAN051062.20161019","NEON.LTR.GUAN051062.20161019.FLR","NEON.DOC.001710vE","Flowers",0.45,"N",NA,"fiApssCEcSVZh4fTchGlfQK3pYYnYQUQ"
"217e54f2-5722-47f4-b8ff-1ea083e09c35","GUAN_051.basePlot.ltr","D04","GUAN","GUAN_051","GUAN_051_062","2016-11-02","2016-08-23","2016-10-19","2016-10-31T18:30Z","2016-11-02T16:00Z","NEON.LTR.GUAN051062.20161019","NEON.LTR.GUAN051062.20161019.LVS","NEON.DOC.001710vE","Leaves",7.76,"N",NA,"fiApssCEcSVZh4fTchGlfQK3pYYnYQUQ"
"452fbadc-bae7-49d6-b5eb-d7f215672d20","GUAN_042.basePlot.ltr","D04","GUAN","GUAN_042","GUAN_042_700","2016-11-02","2016-08-23","2016-10-19","2016-10-31T18:30Z","2016-11-02T16:00Z","NEON.LTR.GUAN042700.20161019","NEON.LTR.GUAN042700.20161019.NDL","NEON.DOC.001710vE","Needles",0,"N",NA,"fiApssCEcSVZh4fTchGlfQK3pYYnYQUQ"
"a5f221bc-5c4b-40f4-b8b1-e5b83c98a4bc","GUAN_042.basePlot.ltr","D04","GUAN","GUAN_042","GUAN_042_700","2016-11-02","2016-08-23","2016-10-19","2016-10-31T18:30Z","2016-11-02T16:00Z","NEON.LTR.GUAN042700.20161019","NEON.LTR.GUAN042700.20161019.WDY","NEON.DOC.001710vE","Woody material",0.38,"N",NA,"fiApssCEcSVZh4fTchGlfQK3pYYnYQUQ"
"78d406f8-5236-40a2-a3e2-fdd8f73ff6df","GUAN_046.basePlot.ltr","D04","GUAN","GUAN_046","GUAN_046_189","2016-11-03","2016-08-23","2016-10-19","2016-10-31T18:30Z","2016-11-03T10:30Z","NEON.LTR.GUAN046189.20161019","NEON.LTR.GUAN046189.20161019.TWI","NEON.DOC.001710vE","Twigs/branches",47.08,"N",NA,"fiApssCEcSVZh4fTchGlfQK3pYYnYQUQ"
"5f99a0ce-944b-4538-81d4-d4b058dbb926","GUAN_046.basePlot.ltr","D04","GUAN","GUAN_046","GUAN_046_759","2016-11-03","2016-08-23","2016-10-19","2016-10-31T18:30Z","2016-11-03T10:30Z","NEON.LTR.GUAN046759.20161019","NEON.LTR.GUAN046759.20161019.TWI","NEON.DOC.001710vE","Twigs/branches",44.6,"N",NA,"8rHzSbnDOXjpaitjHXu3bvZcWZBazBT3Z6JypCrOTws="
"f1e533bf-cbc9-4ee6-84dc-7b445c6cd3e9","GUAN_046.basePlot.ltr","D04","GUAN","GUAN_046","GUAN_046_189","2016-11-03","2016-08-23","2016-10-19","2016-10-31T18:30Z","2016-11-03T10:30Z","NEON.LTR.GUAN046189.20161019","NEON.LTR.GUAN046189.20161019.LVS","NEON.DOC.001710vE","Leaves",0,"N",NA,"fiApssCEcSVZh4fTchGlfQK3pYYnYQUQ"
"88ca3e5a-e496-4b66-a214-1893342fe7fb","GUAN_046.basePlot.ltr","D04","GUAN","GUAN_046","GUAN_046_759","2016-11-03","2016-08-23","2016-10-19","2016-10-31T18:30Z","2016-11-03T10:30Z","NEON.LTR.GUAN046759.20161019","NEON.LTR.GUAN046759.20161019.LVS","NEON.DOC.001710vE","Leaves",0,"N",NA,"8rHzSbnDOXjpaitjHXu3bvZcWZBazBT3Z6JypCrOTws="
"b3a067c4-02ea-46ce-8e56-f3cb9247ef42","GUAN_046.basePlot.ltr","D04","GUAN","GUAN_046","GUAN_046_759","2016-11-03","2016-08-23","2016-10-19","2016-10-31T18:30Z","2016-11-03T10:30Z","NEON.LTR.GUAN046759.20161019","NEON.LTR.GUAN046759.20161019.MXT","NEON.DOC.001710vE","Mixed",0,"N",NA,"8rHzSbnDOXjpaitjHXu3bvZcWZBazBT3Z6JypCrOTws="
"72b3c2a3-9bcc-4cf8-876f-7633dd29a442","GUAN_061.basePlot.ltr","D04","GUAN","GUAN_061","GUAN_061_694","2016-11-02","2016-08-23","2016-10-19","2016-10-31T18:30Z","2016-11-02T16:00Z","NEON.LTR.GUAN061694.20161019","NEON.LTR.GUAN061694.20161019.TWI","NEON.DOC.001710vE","Twigs/branches",0.49,"N",NA,"fiApssCEcSVZh4fTchGlfQK3pYYnYQUQ"
"0bc59d8b-2e4f-4ec4-b919-a6f32c1b0d96","GUAN_061.basePlot.ltr","D04","GUAN","GUAN_061","GUAN_061_694","2016-11-02","2016-08-23","2016-10-19","2016-10-31T18:30Z","2016-11-02T16:00Z","NEON.LTR.GUAN061694.20161019","NEON.LTR.GUAN061694.20161019.WDY","NEON.DOC.001710vE","Woody material",0,"N",NA,"fiApssCEcSVZh4fTchGlfQK3pYYnYQUQ"
"880f3f4d-58f8-4353-b458-b08166ad033e","GUAN_055.basePlot.ltr","D04","GUAN","GUAN_055","GUAN_055_758","2016-11-03","2016-08-23","2016-10-19","2016-10-31T18:30Z","2016-11-03T10:30Z","NEON.LTR.GUAN055758.20161019","NEON.LTR.GUAN055758.20161019.LVS","NEON.DOC.001710vE","Leaves",0,"N",NA,"8rHzSbnDOXjpaitjHXu3bvZcWZBazBT3Z6JypCrOTws="
"8eb940d6-4185-4af7-9257-5e116bad73a0","GUAN_055.basePlot.ltr","D04","GUAN","GUAN_055","GUAN_055_758","2016-11-03","2016-08-23","2016-10-19","2016-10-31T18:30Z","2016-11-03T10:30Z","NEON.LTR.GUAN055758.20161019","NEON.LTR.GUAN055758.20161019.MXT","NEON.DOC.001710vE","Mixed",0,"N",NA,"8rHzSbnDOXjpaitjHXu3bvZcWZBazBT3Z6JypCrOTws="
"1a524b24-df96-44fa-abba-8e7c17e28517","GUAN_061.basePlot.ltr","D04","GUAN","GUAN_061","GUAN_061_694","2016-11-02","2016-08-23","2016-10-19","2016-10-31T18:30Z","2016-11-02T16:00Z","NEON.LTR.GUAN061694.20161019","NEON.LTR.GUAN061694.20161019.FLR","NEON.DOC.001710vE","Flowers",3.31,"N",NA,"fiApssCEcSVZh4fTchGlfQK3pYYnYQUQ"
"83d46544-2e2f-4fe9-8a6f-ebac7f0c2887","GUAN_055.basePlot.ltr","D04","GUAN","GUAN_055","GUAN_055_758","2016-11-03","2016-08-23","2016-10-19","2016-10-31T18:30Z","2016-11-03T10:30Z","NEON.LTR.GUAN055758.20161019","NEON.LTR.GUAN055758.20161019.TWI","NEON.DOC.001710vE","Twigs/branches",69.4,"N",NA,"8rHzSbnDOXjpaitjHXu3bvZcWZBazBT3Z6JypCrOTws="
"3fca4f48-3558-4bb6-ae9f-b3340cddb8ff","GUAN_060.basePlot.ltr","D04","GUAN","GUAN_060","GUAN_060_161","2016-11-03","2016-08-23","2016-10-19","2016-10-31T18:30Z","2016-11-03T10:30Z","NEON.LTR.GUAN060161.20161019","NEON.LTR.GUAN060161.20161019.MXT","NEON.DOC.001710vE","Mixed",0,"N",NA,"fiApssCEcSVZh4fTchGlfQK3pYYnYQUQ"
"bd1ef21d-45fe-444b-8fbb-bc34d53e621a","GUAN_061.basePlot.ltr","D04","GUAN","GUAN_061","GUAN_061_694","2016-11-02","2016-08-23","2016-10-19","2016-10-31T18:30Z","2016-11-02T16:00Z","NEON.LTR.GUAN061694.20161019","NEON.LTR.GUAN061694.20161019.NDL","NEON.DOC.001710vE","Needles",0,"N",NA,"fiApssCEcSVZh4fTchGlfQK3pYYnYQUQ"
"5e00f46c-671b-449e-b73d-167d7649a592","GUAN_061.basePlot.ltr","D04","GUAN","GUAN_061","GUAN_061_694","2016-11-02","2016-08-23","2016-10-19","2016-10-31T18:30Z","2016-11-02T16:00Z","NEON.LTR.GUAN061694.20161019","NEON.LTR.GUAN061694.20161019.SDS","NEON.DOC.001710vE","Seeds",0.12,"N",NA,"fiApssCEcSVZh4fTchGlfQK3pYYnYQUQ"
"2e9c0d54-1735-42aa-a180-f68fea3fcf52","GUAN_061.basePlot.ltr","D04","GUAN","GUAN_061","GUAN_061_694","2016-11-02","2016-08-23","2016-10-19","2016-10-31T18:30Z","2016-11-02T16:00Z","NEON.LTR.GUAN061694.20161019","NEON.LTR.GUAN061694.20161019.OTH","NEON.DOC.001710vE","Other",0.01,"N",NA,"fiApssCEcSVZh4fTchGlfQK3pYYnYQUQ"
"afcc6ce0-2458-40be-8bf1-131216cf96f6","GUAN_042.basePlot.ltr","D04","GUAN","GUAN_042","GUAN_042_700","2016-11-02","2016-08-23","2016-10-19","2016-10-31T18:30Z","2016-11-02T16:00Z","NEON.LTR.GUAN042700.20161019","NEON.LTR.GUAN042700.20161019.LVS","NEON.DOC.001710vE","Leaves",8.44,"N",NA,"fiApssCEcSVZh4fTchGlfQK3pYYnYQUQ"
"135e962b-e77b-481f-9eee-05a86628ed90","GUAN_042.basePlot.ltr","D04","GUAN","GUAN_042","GUAN_042_700","2016-11-02","2016-08-23","2016-10-19","2016-10-31T18:30Z","2016-11-02T16:00Z","NEON.LTR.GUAN042700.20161019","NEON.LTR.GUAN042700.20161019.FLR","NEON.DOC.001710vE","Flowers",0.01,"N",NA,"fiApssCEcSVZh4fTchGlfQK3pYYnYQUQ"
"9c548173-5b6e-4e84-bae2-b03d98b73532","GUAN_042.basePlot.ltr","D04","GUAN","GUAN_042","GUAN_042_700","2016-11-02","2016-08-23","2016-10-19","2016-10-31T18:30Z","2016-11-02T16:00Z","NEON.LTR.GUAN042700.20161019","NEON.LTR.GUAN042700.20161019.OTH","NEON.DOC.001710vE","Other",0.1,"N",NA,"fiApssCEcSVZh4fTchGlfQK3pYYnYQUQ"
"fba54541-4456-402f-9d11-a83d593a3649","GUAN_061.basePlot.ltr","D04","GUAN","GUAN_061","GUAN_061_694","2016-11-02","2016-08-23","2016-10-19","2016-10-31T18:30Z","2016-11-02T16:00Z","NEON.LTR.GUAN061694.20161019","NEON.LTR.GUAN061694.20161019.LVS","NEON.DOC.001710vE","Leaves",5.75,"N",NA,"fiApssCEcSVZh4fTchGlfQK3pYYnYQUQ"
"f404f2ee-5a43-48bb-b8ae-120bd3d391f3","GUAN_058.basePlot.ltr","D04","GUAN","GUAN_058","GUAN_058_054","2016-11-02","2016-08-23","2016-10-19","2016-10-31T18:30Z","2016-11-02T16:00Z","NEON.LTR.GUAN058054.20161019","NEON.LTR.GUAN058054.20161019.FLR","NEON.DOC.001710vE","Flowers",0,"N",NA,"8rHzSbnDOXjpaitjHXu3bvZcWZBazBT3Z6JypCrOTws="
"49df7288-54ac-42b1-9cdc-13a9df3a5641","GUAN_058.basePlot.ltr","D04","GUAN","GUAN_058","GUAN_058_054","2016-11-02","2016-08-23","2016-10-19","2016-10-31T18:30Z","2016-11-02T16:00Z","NEON.LTR.GUAN058054.20161019","NEON.LTR.GUAN058054.20161019.TWI","NEON.DOC.001710vE","Twigs/branches",4.51,"Y",NA,"8rHzSbnDOXjpaitjHXu3bvZcWZBazBT3Z6JypCrOTws="
"c621b0af-dbf8-4415-acff-62abf4108c86","GUAN_042.basePlot.ltr","D04","GUAN","GUAN_042","GUAN_042_700","2016-11-02","2016-08-23","2016-10-19","2016-10-31T18:30Z","2016-11-02T16:00Z","NEON.LTR.GUAN042700.20161019","NEON.LTR.GUAN042700.20161019.TWI","NEON.DOC.001710vE","Twigs/branches",6.87,"Y",NA,"fiApssCEcSVZh4fTchGlfQK3pYYnYQUQ"
"97564744-d513-4067-9c40-f526d4fff542","GUAN_058.basePlot.ltr","D04","GUAN","GUAN_058","GUAN_058_054","2016-11-02","2016-08-23","2016-10-19","2016-10-31T18:30Z","2016-11-02T16:00Z","NEON.LTR.GUAN058054.20161019","NEON.LTR.GUAN058054.20161019.SDS","NEON.DOC.001710vE","Seeds",0,"N",NA,"8rHzSbnDOXjpaitjHXu3bvZcWZBazBT3Z6JypCrOTws="
"f3a815eb-0f00-42c7-96f7-7d4dacaa2f7d","GUAN_058.basePlot.ltr","D04","GUAN","GUAN_058","GUAN_058_054","2016-11-02","2016-08-23","2016-10-19","2016-10-31T18:30Z","2016-11-02T16:00Z","NEON.LTR.GUAN058054.20161019","NEON.LTR.GUAN058054.20161019.OTH","NEON.DOC.001710vE","Other",1.27,"N",NA,"8rHzSbnDOXjpaitjHXu3bvZcWZBazBT3Z6JypCrOTws="
"ec1d7753-7c4e-4984-ac42-6f257716b0f9","GUAN_042.basePlot.ltr","D04","GUAN","GUAN_042","GUAN_042_700","2016-11-02","2016-08-23","2016-10-19","2016-10-31T18:30Z","2016-11-02T16:00Z","NEON.LTR.GUAN042700.20161019","NEON.LTR.GUAN042700.20161019.SDS","NEON.DOC.001710vE","Seeds",0.1,"N",NA,"fiApssCEcSVZh4fTchGlfQK3pYYnYQUQ"
"97a65945-a11e-4fb5-af8e-8c0ca835a57c","GUAN_061.basePlot.ltr","D04","GUAN","GUAN_061","GUAN_061_709","2016-11-03","2016-08-23","2016-10-19","2016-10-31T18:30Z","2016-11-03T10:30Z","NEON.LTR.GUAN061709.20161019","NEON.LTR.GUAN061709.20161019.MXT","NEON.DOC.001710vE","Mixed",0,"N",NA,"fiApssCEcSVZh4fTchGlfQK3pYYnYQUQ"
"a47f0348-f6f0-4b9b-96e2-7a45ada5f5eb","GUAN_058.basePlot.ltr","D04","GUAN","GUAN_058","GUAN_058_054","2016-11-02","2016-08-23","2016-10-19","2016-10-31T18:30Z","2016-11-02T16:00Z","NEON.LTR.GUAN058054.20161019","NEON.LTR.GUAN058054.20161019.WDY","NEON.DOC.001710vE","Woody material",0,"N",NA,"8rHzSbnDOXjpaitjHXu3bvZcWZBazBT3Z6JypCrOTws="
"1c2c5c2d-076e-4ef4-b95a-e99c734e143c","GUAN_058.basePlot.ltr","D04","GUAN","GUAN_058","GUAN_058_603","2016-11-03","2016-08-23","2016-10-19","2016-10-31T18:30Z","2016-11-03T10:30Z","NEON.LTR.GUAN058603.20161019","NEON.LTR.GUAN058603.20161019.MXT","NEON.DOC.001710vE","Mixed",0,"N",NA,"fiApssCEcSVZh4fTchGlfQK3pYYnYQUQ"
"94b2be2a-c72a-4d10-b446-9fa9fe9d3476","GUAN_061.basePlot.ltr","D04","GUAN","GUAN_061","GUAN_061_709","2016-11-03","2016-08-23","2016-10-19","2016-10-31T18:30Z","2016-11-03T10:30Z","NEON.LTR.GUAN061709.20161019","NEON.LTR.GUAN061709.20161019.TWI","NEON.DOC.001710vE","Twigs/branches",122.56,"N",NA,"fiApssCEcSVZh4fTchGlfQK3pYYnYQUQ"
"dd578e92-b2ca-4409-a0e0-0dfab83b1875","GUAN_058.basePlot.ltr","D04","GUAN","GUAN_058","GUAN_058_054","2016-11-02","2016-08-23","2016-10-19","2016-10-31T18:30Z","2016-11-02T16:00Z","NEON.LTR.GUAN058054.20161019","NEON.LTR.GUAN058054.20161019.NDL","NEON.DOC.001710vE","Needles",0,"N",NA,"8rHzSbnDOXjpaitjHXu3bvZcWZBazBT3Z6JypCrOTws="
"bcb8ee97-09fe-48c5-af46-0fa82cf1a895","GUAN_058.basePlot.ltr","D04","GUAN","GUAN_058","GUAN_058_603","2016-11-03","2016-08-23","2016-10-19","2016-10-31T18:30Z","2016-11-03T10:30Z","NEON.LTR.GUAN058603.20161019","NEON.LTR.GUAN058603.20161019.TWI","NEON.DOC.001710vE","Twigs/branches",33.81,"Y",NA,"fiApssCEcSVZh4fTchGlfQK3pYYnYQUQ"
"3641d8a6-826f-4f77-be8c-7042f55fbf8b","GUAN_058.basePlot.ltr","D04","GUAN","GUAN_058","GUAN_058_054","2016-11-02","2016-08-23","2016-10-19","2016-10-31T18:30Z","2016-11-02T16:00Z","NEON.LTR.GUAN058054.20161019","NEON.LTR.GUAN058054.20161019.LVS","NEON.DOC.001710vE","Leaves",17.64,"N",NA,"8rHzSbnDOXjpaitjHXu3bvZcWZBazBT3Z6JypCrOTws="
"8c66f25e-8193-492e-9389-11aeeb59104d","GUAN_046.basePlot.ltr","D04","GUAN","GUAN_046","GUAN_046_189","2016-11-03","2016-08-23","2016-10-19","2016-10-31T18:30Z","2016-11-03T10:30Z","NEON.LTR.GUAN046189.20161019","NEON.LTR.GUAN046189.20161019.MXT","NEON.DOC.001710vE","Mixed",0,"N",NA,"fiApssCEcSVZh4fTchGlfQK3pYYnYQUQ"
"c70db202-ad8e-4a53-b91b-91da85d2ecea","GUAN_061.basePlot.ltr","D04","GUAN","GUAN_061","GUAN_061_709","2016-11-03","2016-08-23","2016-10-19","2016-10-31T18:30Z","2016-11-03T10:30Z","NEON.LTR.GUAN061709.20161019","NEON.LTR.GUAN061709.20161019.LVS","NEON.DOC.001710vE","Leaves",0,"N",NA,"fiApssCEcSVZh4fTchGlfQK3pYYnYQUQ"
"35bd505b-1942-4957-a1ec-a24fc1adf709","GUAN_058.basePlot.ltr","D04","GUAN","GUAN_058","GUAN_058_603","2016-11-03","2016-08-23","2016-10-19","2016-10-31T18:30Z","2016-11-03T10:30Z","NEON.LTR.GUAN058603.20161019","NEON.LTR.GUAN058603.20161019.LVS","NEON.DOC.001710vE","Leaves",0,"N",NA,"fiApssCEcSVZh4fTchGlfQK3pYYnYQUQ"
"2100ae6e-afe8-4312-a75f-89162e0ef6a5","GUAN_057.basePlot.ltr","D04","GUAN","GUAN_057","GUAN_057_659","2016-11-03","2016-08-23","2016-10-19","2016-10-31T18:30Z","2016-11-03T10:30Z","NEON.LTR.GUAN057659.20161019","NEON.LTR.GUAN057659.20161019.MXT","NEON.DOC.001710vE","Mixed",0,"N",NA,"8rHzSbnDOXjpaitjHXu3bvZcWZBazBT3Z6JypCrOTws="
"79f06469-6d12-48fd-8178-86f7bdfb252e","GUAN_059.basePlot.ltr","D04","GUAN","GUAN_059","GUAN_059_451","2016-11-03","2016-08-23","2016-10-19","2016-10-31T18:30Z","2016-11-03T10:30Z","NEON.LTR.GUAN059451.20161019","NEON.LTR.GUAN059451.20161019.TWI","NEON.DOC.001710vE","Twigs/branches",15.69,"N",NA,"8rHzSbnDOXjpaitjHXu3bvZcWZBazBT3Z6JypCrOTws="
"f83e6833-6a35-421c-a7f2-54be97c008b6","GUAN_057.basePlot.ltr","D04","GUAN","GUAN_057","GUAN_057_659","2016-11-03","2016-08-23","2016-10-19","2016-10-31T18:30Z","2016-11-03T10:30Z","NEON.LTR.GUAN057659.20161019","NEON.LTR.GUAN057659.20161019.TWI","NEON.DOC.001710vE","Twigs/branches",161.56,"Y",NA,"8rHzSbnDOXjpaitjHXu3bvZcWZBazBT3Z6JypCrOTws="
"4b3e4d0e-c9b9-48b8-99d6-aa01f5a93f95","GUAN_057.basePlot.ltr","D04","GUAN","GUAN_057","GUAN_057_659","2016-11-03","2016-08-23","2016-10-19","2016-10-31T18:30Z","2016-11-03T10:30Z","NEON.LTR.GUAN057659.20161019","NEON.LTR.GUAN057659.20161019.LVS","NEON.DOC.001710vE","Leaves",0,"N",NA,"8rHzSbnDOXjpaitjHXu3bvZcWZBazBT3Z6JypCrOTws="
"2b5edf2f-4838-40d2-8393-76596478409a","GUAN_059.basePlot.ltr","D04","GUAN","GUAN_059","GUAN_059_451","2016-11-03","2016-08-23","2016-10-19","2016-10-31T18:30Z","2016-11-03T10:30Z","NEON.LTR.GUAN059451.20161019","NEON.LTR.GUAN059451.20161019.MXT","NEON.DOC.001710vE","Mixed",0,"N",NA,"8rHzSbnDOXjpaitjHXu3bvZcWZBazBT3Z6JypCrOTws="
"35cfc2ab-1715-451a-8b6e-0d67f466d98f","GUAN_061.basePlot.ltr","D04","GUAN","GUAN_061","GUAN_061_178","2016-11-03","2016-08-23","2016-10-19","2016-10-31T18:30Z","2016-11-03T10:30Z","NEON.LTR.GUAN061178.20161019","NEON.LTR.GUAN061178.20161019.TWI","NEON.DOC.001710vE","Twigs/branches",3.67,"Y",NA,"8rHzSbnDOXjpaitjHXu3bvZcWZBazBT3Z6JypCrOTws="
"3eb4685a-711f-49fe-88c7-fd3c91569626","GUAN_061.basePlot.ltr","D04","GUAN","GUAN_061","GUAN_061_178","2016-11-03","2016-08-23","2016-10-19","2016-10-31T18:30Z","2016-11-03T10:30Z","NEON.LTR.GUAN061178.20161019","NEON.LTR.GUAN061178.20161019.MXT","NEON.DOC.001710vE","Mixed",0,"N",NA,"8rHzSbnDOXjpaitjHXu3bvZcWZBazBT3Z6JypCrOTws="
"f7ae1ff0-c137-4fb0-bd5e-0533d284aba7","GUAN_044.basePlot.ltr","D04","GUAN","GUAN_044","GUAN_044_606","2016-11-03","2016-08-23","2016-10-19","2016-10-31T18:30Z","2016-11-03T10:30Z","NEON.LTR.GUAN044606.20161019","NEON.LTR.GUAN044606.20161019.TWI","NEON.DOC.001710vE","Twigs/branches",243.47,"Y",NA,"8rHzSbnDOXjpaitjHXu3bvZcWZBazBT3Z6JypCrOTws="
"cf17e6fe-7641-4516-b511-92a75bf09224","GUAN_059.basePlot.ltr","D04","GUAN","GUAN_059","GUAN_059_451","2016-11-03","2016-08-23","2016-10-19","2016-10-31T18:30Z","2016-11-03T10:30Z","NEON.LTR.GUAN059451.20161019","NEON.LTR.GUAN059451.20161019.LVS","NEON.DOC.001710vE","Leaves",0,"N",NA,"8rHzSbnDOXjpaitjHXu3bvZcWZBazBT3Z6JypCrOTws="
"6a69d018-ff30-410a-a075-c13091bd5e40","GUAN_044.basePlot.ltr","D04","GUAN","GUAN_044","GUAN_044_606","2016-11-03","2016-08-23","2016-10-19","2016-10-31T18:30Z","2016-11-03T10:30Z","NEON.LTR.GUAN044606.20161019","NEON.LTR.GUAN044606.20161019.LVS","NEON.DOC.001710vE","Leaves",0,"N",NA,"8rHzSbnDOXjpaitjHXu3bvZcWZBazBT3Z6JypCrOTws="
"9b416d7c-837d-4203-bba1-4d33984aed0a","GUAN_044.basePlot.ltr","D04","GUAN","GUAN_044","GUAN_044_606","2016-11-03","2016-08-23","2016-10-19","2016-10-31T18:30Z","2016-11-03T10:30Z","NEON.LTR.GUAN044606.20161019","NEON.LTR.GUAN044606.20161019.MXT","NEON.DOC.001710vE","Mixed",0,"N",NA,"8rHzSbnDOXjpaitjHXu3bvZcWZBazBT3Z6JypCrOTws="
"72c6d1dd-105c-401c-88e9-cd49730103f6","GUAN_061.basePlot.ltr","D04","GUAN","GUAN_061","GUAN_061_178","2016-11-03","2016-08-23","2016-10-19","2016-10-31T18:30Z","2016-11-03T10:30Z","NEON.LTR.GUAN061178.20161019","NEON.LTR.GUAN061178.20161019.LVS","NEON.DOC.001710vE","Leaves",0,"N",NA,"8rHzSbnDOXjpaitjHXu3bvZcWZBazBT3Z6JypCrOTws="
"8a38dc6c-ee6e-405d-8dde-ed9901028cce","GUAN_045.basePlot.ltr","D04","GUAN","GUAN_045","GUAN_045_063","2016-11-03","2016-08-23","2016-10-19","2016-10-31T18:30Z","2016-11-03T10:30Z","NEON.LTR.GUAN045063.20161019","NEON.LTR.GUAN045063.20161019.LVS","NEON.DOC.001710vE","Leaves",0,"N",NA,"fiApssCEcSVZh4fTchGlfQK3pYYnYQUQ"
"3a712310-0f4d-46a1-83a8-31560dcf148d","GUAN_045.basePlot.ltr","D04","GUAN","GUAN_045","GUAN_045_063","2016-11-03","2016-08-23","2016-10-19","2016-10-31T18:30Z","2016-11-03T10:30Z","NEON.LTR.GUAN045063.20161019","NEON.LTR.GUAN045063.20161019.MXT","NEON.DOC.001710vE","Mixed",0,"N",NA,"fiApssCEcSVZh4fTchGlfQK3pYYnYQUQ"
"47dfb451-043e-4d4c-87e0-b2f706adfb80","GUAN_045.basePlot.ltr","D04","GUAN","GUAN_045","GUAN_045_830","2016-11-03","2016-08-23","2016-10-19","2016-10-31T18:30Z","2016-11-03T10:30Z","NEON.LTR.GUAN045830.20161019","NEON.LTR.GUAN045830.20161019.TWI","NEON.DOC.001710vE","Twigs/branches",18.43,"Y",NA,"fiApssCEcSVZh4fTchGlfQK3pYYnYQUQ"
"bec55442-c928-479b-a342-60980a2f9396","GUAN_045.basePlot.ltr","D04","GUAN","GUAN_045","GUAN_045_830","2016-11-03","2016-08-23","2016-10-19","2016-10-31T18:30Z","2016-11-03T10:30Z","NEON.LTR.GUAN045830.20161019","NEON.LTR.GUAN045830.20161019.LVS","NEON.DOC.001710vE","Leaves",0,"N",NA,"fiApssCEcSVZh4fTchGlfQK3pYYnYQUQ"
"933fd474-3318-4989-b448-981bcfba959b","GUAN_045.basePlot.ltr","D04","GUAN","GUAN_045","GUAN_045_063","2016-11-03","2016-08-23","2016-10-19","2016-10-31T18:30Z","2016-11-03T10:30Z","NEON.LTR.GUAN045063.20161019","NEON.LTR.GUAN045063.20161019.TWI","NEON.DOC.001710vE","Twigs/branches",206.08,"N",NA,"fiApssCEcSVZh4fTchGlfQK3pYYnYQUQ"
"4b236a48-a71b-41e9-9592-622bfcdf4f18","GUAN_045.basePlot.ltr","D04","GUAN","GUAN_045","GUAN_045_830","2016-11-03","2016-08-23","2016-10-19","2016-10-31T18:30Z","2016-11-03T10:30Z","NEON.LTR.GUAN045830.20161019","NEON.LTR.GUAN045830.20161019.MXT","NEON.DOC.001710vE","Mixed",0,"N",NA,"fiApssCEcSVZh4fTchGlfQK3pYYnYQUQ"
"4af2bbeb-695c-4b80-9ba7-6c5e7db6d5cd","GUAN_049.basePlot.ltr","D04","GUAN","GUAN_049","GUAN_049_698","2016-11-03","2016-08-23","2016-10-19","2016-10-31T18:30Z","2016-11-03T10:30Z","NEON.LTR.GUAN049698.20161019","NEON.LTR.GUAN049698.20161019.LVS","NEON.DOC.001710vE","Leaves",0,"N",NA,"fiApssCEcSVZh4fTchGlfQK3pYYnYQUQ"
"c23eb9ec-c049-4028-995e-3aa67aaa8235","GUAN_049.basePlot.ltr","D04","GUAN","GUAN_049","GUAN_049_698","2016-11-03","2016-08-23","2016-10-19","2016-10-31T18:30Z","2016-11-03T10:30Z","NEON.LTR.GUAN049698.20161019","NEON.LTR.GUAN049698.20161019.MXT","NEON.DOC.001710vE","Mixed",0,"N",NA,"fiApssCEcSVZh4fTchGlfQK3pYYnYQUQ"
"33a5119c-5b7e-4819-a2c7-5821801dda0f","GUAN_052.basePlot.ltr","D04","GUAN","GUAN_052","GUAN_052_698","2016-11-03","2016-08-23","2016-10-19","2016-10-31T18:30Z","2016-11-03T10:30Z","NEON.LTR.GUAN052698.20161019","NEON.LTR.GUAN052698.20161019.TWI","NEON.DOC.001710vE","Twigs/branches",114.79,"N",NA,"fiApssCEcSVZh4fTchGlfQK3pYYnYQUQ"
"f254bf35-fd46-42b2-80c6-12e5b858341c","GUAN_049.basePlot.ltr","D04","GUAN","GUAN_049","GUAN_049_698","2016-11-03","2016-08-23","2016-10-19","2016-10-31T18:30Z","2016-11-03T10:30Z","NEON.LTR.GUAN049698.20161019","NEON.LTR.GUAN049698.20161019.TWI","NEON.DOC.001710vE","Twigs/branches",41.29,"N",NA,"fiApssCEcSVZh4fTchGlfQK3pYYnYQUQ"
"16af0875-4095-46b8-b959-fa4b33f741b5","GUAN_052.basePlot.ltr","D04","GUAN","GUAN_052","GUAN_052_698","2016-11-03","2016-08-23","2016-10-19","2016-10-31T18:30Z","2016-11-03T10:30Z","NEON.LTR.GUAN052698.20161019","NEON.LTR.GUAN052698.20161019.LVS","NEON.DOC.001710vE","Leaves",0,"N",NA,"fiApssCEcSVZh4fTchGlfQK3pYYnYQUQ"
"74ed085c-1fb6-4563-aa64-107a948041f7","GUAN_052.basePlot.ltr","D04","GUAN","GUAN_052","GUAN_052_698","2016-11-03","2016-08-23","2016-10-19","2016-10-31T18:30Z","2016-11-03T10:30Z","NEON.LTR.GUAN052698.20161019","NEON.LTR.GUAN052698.20161019.MXT","NEON.DOC.001710vE","Mixed",0,"N",NA,"fiApssCEcSVZh4fTchGlfQK3pYYnYQUQ"
"7cb36d57-1744-4644-8afb-918df671146d","GUAN_054.basePlot.ltr","D04","GUAN","GUAN_054","GUAN_054_823","2016-11-03","2016-08-23","2016-10-19","2016-10-31T18:30Z","2016-11-03T10:30Z","NEON.LTR.GUAN054823.20161019","NEON.LTR.GUAN054823.20161019.TWI","NEON.DOC.001710vE","Twigs/branches",45.05,"N",NA,"fiApssCEcSVZh4fTchGlfQK3pYYnYQUQ"
"0ccb167e-2678-47ea-a7f0-9ec3e6a33f11","GUAN_054.basePlot.ltr","D04","GUAN","GUAN_054","GUAN_054_823","2016-11-03","2016-08-23","2016-10-19","2016-10-31T18:30Z","2016-11-03T10:30Z","NEON.LTR.GUAN054823.20161019","NEON.LTR.GUAN054823.20161019.LVS","NEON.DOC.001710vE","Leaves",0,"N",NA,"fiApssCEcSVZh4fTchGlfQK3pYYnYQUQ"
"690a7960-f5f7-432c-a67e-728cb438aa2e","GUAN_054.basePlot.ltr","D04","GUAN","GUAN_054","GUAN_054_823","2016-11-03","2016-08-23","2016-10-19","2016-10-31T18:30Z","2016-11-03T10:30Z","NEON.LTR.GUAN054823.20161019","NEON.LTR.GUAN054823.20161019.MXT","NEON.DOC.001710vE","Mixed",0,"N",NA,"fiApssCEcSVZh4fTchGlfQK3pYYnYQUQ"
"14d37fd9-d365-4972-9b0c-b53096293a14","GUAN_057.basePlot.ltr","D04","GUAN","GUAN_057","GUAN_057_151","2016-11-03","2016-08-23","2016-10-19","2016-10-31T18:30Z","2016-11-03T10:30Z","NEON.LTR.GUAN057151.20161019","NEON.LTR.GUAN057151.20161019.TWI","NEON.DOC.001710vE","Twigs/branches",62.68,"Y",NA,"fiApssCEcSVZh4fTchGlfQK3pYYnYQUQ"
"c2095cd5-3538-49e4-a4c4-b671b5de26e5","GUAN_057.basePlot.ltr","D04","GUAN","GUAN_057","GUAN_057_151","2016-11-03","2016-08-23","2016-10-19","2016-10-31T18:30Z","2016-11-03T10:30Z","NEON.LTR.GUAN057151.20161019","NEON.LTR.GUAN057151.20161019.LVS","NEON.DOC.001710vE","Leaves",0,"N",NA,"fiApssCEcSVZh4fTchGlfQK3pYYnYQUQ"
"c153db0b-6ee2-4a15-a968-e29cb86fe3d8","GUAN_057.basePlot.ltr","D04","GUAN","GUAN_057","GUAN_057_151","2016-11-03","2016-08-23","2016-10-19","2016-10-31T18:30Z","2016-11-03T10:30Z","NEON.LTR.GUAN057151.20161019","NEON.LTR.GUAN057151.20161019.MXT","NEON.DOC.001710vE","Mixed",0,"N",NA,"fiApssCEcSVZh4fTchGlfQK3pYYnYQUQ"
"fda7e3ac-c732-4820-936e-30b4ac46922f","GUAN_060.basePlot.ltr","D04","GUAN","GUAN_060","GUAN_060_161","2016-11-03","2016-08-23","2016-10-19","2016-10-31T18:30Z","2016-11-03T10:30Z","NEON.LTR.GUAN060161.20161019","NEON.LTR.GUAN060161.20161019.TWI","NEON.DOC.001710vE","Twigs/branches",91.24,"N",NA,"fiApssCEcSVZh4fTchGlfQK3pYYnYQUQ"
"7de3e551-2d3c-4cc8-b93d-9efdc88c7b91","GUAN_060.basePlot.ltr","D04","GUAN","GUAN_060","GUAN_060_161","2016-11-03","2016-08-23","2016-10-19","2016-10-31T18:30Z","2016-11-03T10:30Z","NEON.LTR.GUAN060161.20161019","NEON.LTR.GUAN060161.20161019.LVS","NEON.DOC.001710vE","Leaves",0,"N",NA,"fiApssCEcSVZh4fTchGlfQK3pYYnYQUQ"
"91febf3b-f09b-4358-ab3b-20fe8aab8b0e","GUAN_059.basePlot.ltr","D04","GUAN","GUAN_059","GUAN_059_381","2016-11-02","2016-08-23","2016-10-19","2016-10-31T18:30Z","2016-11-02T16:00Z","NEON.LTR.GUAN059381.20161019","NEON.LTR.GUAN059381.20161019.OTH","NEON.DOC.001710vE","Other",0.27,"N",NA,"8rHzSbnDOXjpaitjHXu3bvZcWZBazBT3Z6JypCrOTws="
"ad72d168-bc91-48a7-a273-146c6bf8ea22","GUAN_059.basePlot.ltr","D04","GUAN","GUAN_059","GUAN_059_381","2016-11-02","2016-08-23","2016-10-19","2016-10-31T18:30Z","2016-11-02T16:00Z","NEON.LTR.GUAN059381.20161019","NEON.LTR.GUAN059381.20161019.NDL","NEON.DOC.001710vE","Needles",0,"N",NA,"8rHzSbnDOXjpaitjHXu3bvZcWZBazBT3Z6JypCrOTws="
"5532a3da-dafe-41e5-85c8-4db8a533ff68","GUAN_059.basePlot.ltr","D04","GUAN","GUAN_059","GUAN_059_381","2016-11-02","2016-08-23","2016-10-19","2016-10-31T18:30Z","2016-11-02T16:00Z","NEON.LTR.GUAN059381.20161019","NEON.LTR.GUAN059381.20161019.TWI","NEON.DOC.001710vE","Twigs/branches",3.34,"N",NA,"8rHzSbnDOXjpaitjHXu3bvZcWZBazBT3Z6JypCrOTws="
"ec081c97-4a09-408c-9bc0-7fd5933c4c3a","GUAN_059.basePlot.ltr","D04","GUAN","GUAN_059","GUAN_059_381","2016-11-02","2016-08-23","2016-10-19","2016-10-31T18:30Z","2016-11-02T16:00Z","NEON.LTR.GUAN059381.20161019","NEON.LTR.GUAN059381.20161019.WDY","NEON.DOC.001710vE","Woody material",0.17,"N",NA,"8rHzSbnDOXjpaitjHXu3bvZcWZBazBT3Z6JypCrOTws="
"7ed7db61-05ee-49c0-bfc8-14fdde38b5a3","GUAN_059.basePlot.ltr","D04","GUAN","GUAN_059","GUAN_059_381","2016-11-02","2016-08-23","2016-10-19","2016-10-31T18:30Z","2016-11-02T16:00Z","NEON.LTR.GUAN059381.20161019","NEON.LTR.GUAN059381.20161019.SDS","NEON.DOC.001710vE","Seeds",0.19,"N",NA,"8rHzSbnDOXjpaitjHXu3bvZcWZBazBT3Z6JypCrOTws="
"7fff9dae-05e3-40e9-9958-9a2147e22bab","GUAN_059.basePlot.ltr","D04","GUAN","GUAN_059","GUAN_059_381","2016-11-02","2016-08-23","2016-10-19","2016-10-31T18:30Z","2016-11-02T16:00Z","NEON.LTR.GUAN059381.20161019","NEON.LTR.GUAN059381.20161019.FLR","NEON.DOC.001710vE","Flowers",0.64,"N",NA,"8rHzSbnDOXjpaitjHXu3bvZcWZBazBT3Z6JypCrOTws="
"d15713bb-b997-42b1-a97f-f9534c2e8b5f","GUAN_061.basePlot.ltr","D04","GUAN","GUAN_061","GUAN_061_054","2016-11-02","2016-08-23","2016-10-19","2016-10-31T18:30Z","2016-11-02T16:00Z","NEON.LTR.GUAN061054.20161019","NEON.LTR.GUAN061054.20161019.TWI","NEON.DOC.001710vE","Twigs/branches",5.88,"N",NA,"8rHzSbnDOXjpaitjHXu3bvZcWZBazBT3Z6JypCrOTws="
"90f7dacd-c080-40a3-a90f-5e8664b59dfa","GUAN_061.basePlot.ltr","D04","GUAN","GUAN_061","GUAN_061_054","2016-11-02","2016-08-23","2016-10-19","2016-10-31T18:30Z","2016-11-02T16:00Z","NEON.LTR.GUAN061054.20161019","NEON.LTR.GUAN061054.20161019.WDY","NEON.DOC.001710vE","Woody material",0,"N",NA,"8rHzSbnDOXjpaitjHXu3bvZcWZBazBT3Z6JypCrOTws="
"0317d98c-289d-4f23-bf26-6579dd5857a8","GUAN_059.basePlot.ltr","D04","GUAN","GUAN_059","GUAN_059_381","2016-11-02","2016-08-23","2016-10-19","2016-10-31T18:30Z","2016-11-02T16:00Z","NEON.LTR.GUAN059381.20161019","NEON.LTR.GUAN059381.20161019.LVS","NEON.DOC.001710vE","Leaves",33.68,"N",NA,"8rHzSbnDOXjpaitjHXu3bvZcWZBazBT3Z6JypCrOTws="
"5a2d9190-fa6a-46f0-88e4-41d7173a7bea","GUAN_061.basePlot.ltr","D04","GUAN","GUAN_061","GUAN_061_054","2016-11-02","2016-08-23","2016-10-19","2016-10-31T18:30Z","2016-11-02T16:00Z","NEON.LTR.GUAN061054.20161019","NEON.LTR.GUAN061054.20161019.NDL","NEON.DOC.001710vE","Needles",0,"N",NA,"8rHzSbnDOXjpaitjHXu3bvZcWZBazBT3Z6JypCrOTws="
"e77fc30d-9738-4ee1-9b39-ae1c0c92e061","GUAN_061.basePlot.ltr","D04","GUAN","GUAN_061","GUAN_061_054","2016-11-02","2016-08-23","2016-10-19","2016-10-31T18:30Z","2016-11-02T16:00Z","NEON.LTR.GUAN061054.20161019","NEON.LTR.GUAN061054.20161019.FLR","NEON.DOC.001710vE","Flowers",0,"N",NA,"8rHzSbnDOXjpaitjHXu3bvZcWZBazBT3Z6JypCrOTws="
"0a559538-aec1-441f-828b-bfc1ad3138eb","GUAN_061.basePlot.ltr","D04","GUAN","GUAN_061","GUAN_061_054","2016-11-02","2016-08-23","2016-10-19","2016-10-31T18:30Z","2016-11-02T16:00Z","NEON.LTR.GUAN061054.20161019","NEON.LTR.GUAN061054.20161019.OTH","NEON.DOC.001710vE","Other",0,"N",NA,"8rHzSbnDOXjpaitjHXu3bvZcWZBazBT3Z6JypCrOTws="
"e64a767b-7d12-4d60-914c-97f146605b15","GUAN_061.basePlot.ltr","D04","GUAN","GUAN_061","GUAN_061_054","2016-11-02","2016-08-23","2016-10-19","2016-10-31T18:30Z","2016-11-02T16:00Z","NEON.LTR.GUAN061054.20161019","NEON.LTR.GUAN061054.20161019.LVS","NEON.DOC.001710vE","Leaves",13.1,"N",NA,"8rHzSbnDOXjpaitjHXu3bvZcWZBazBT3Z6JypCrOTws="
"53cfa973-9ae6-428f-955e-cc66367620d5","GUAN_061.basePlot.ltr","D04","GUAN","GUAN_061","GUAN_061_054","2016-11-02","2016-08-23","2016-10-19","2016-10-31T18:30Z","2016-11-02T16:00Z","NEON.LTR.GUAN061054.20161019","NEON.LTR.GUAN061054.20161019.SDS","NEON.DOC.001710vE","Seeds",0.11,"N",NA,"8rHzSbnDOXjpaitjHXu3bvZcWZBazBT3Z6JypCrOTws="
"bc48f1ee-f4b1-4712-8f22-8b9724cb01fd","GUAN_060.basePlot.ltr","D04","GUAN","GUAN_060","GUAN_060_673","2016-11-02","2016-08-23","2016-10-19","2016-10-31T18:30Z","2016-11-02T16:00Z","NEON.LTR.GUAN060673.20161019","NEON.LTR.GUAN060673.20161019.FLR","NEON.DOC.001710vE","Flowers",0,"N",NA,"fiApssCEcSVZh4fTchGlfQK3pYYnYQUQ"
"111a9bce-be21-49d4-b900-0b57c6a733a4","GUAN_060.basePlot.ltr","D04","GUAN","GUAN_060","GUAN_060_673","2016-11-02","2016-08-23","2016-10-19","2016-10-31T18:30Z","2016-11-02T16:00Z","NEON.LTR.GUAN060673.20161019","NEON.LTR.GUAN060673.20161019.TWI","NEON.DOC.001710vE","Twigs/branches",11.3,"N",NA,"fiApssCEcSVZh4fTchGlfQK3pYYnYQUQ"
"96de291f-eac8-4c51-97e6-ec24ea87bdb9","GUAN_060.basePlot.ltr","D04","GUAN","GUAN_060","GUAN_060_673","2016-11-02","2016-08-23","2016-10-19","2016-10-31T18:30Z","2016-11-02T16:00Z","NEON.LTR.GUAN060673.20161019","NEON.LTR.GUAN060673.20161019.WDY","NEON.DOC.001710vE","Woody material",7.89,"N",NA,"fiApssCEcSVZh4fTchGlfQK3pYYnYQUQ"
"d4d62ee2-ecae-4b0d-961f-7de9e2bd6850","GUAN_060.basePlot.ltr","D04","GUAN","GUAN_060","GUAN_060_673","2016-11-02","2016-08-23","2016-10-19","2016-10-31T18:30Z","2016-11-02T16:00Z","NEON.LTR.GUAN060673.20161019","NEON.LTR.GUAN060673.20161019.SDS","NEON.DOC.001710vE","Seeds",1.3,"N",NA,"fiApssCEcSVZh4fTchGlfQK3pYYnYQUQ"
"8e81fb99-7e45-47aa-8189-0ecfcd4be08e","GUAN_060.basePlot.ltr","D04","GUAN","GUAN_060","GUAN_060_673","2016-11-02","2016-08-23","2016-10-19","2016-10-31T18:30Z","2016-11-02T16:00Z","NEON.LTR.GUAN060673.20161019","NEON.LTR.GUAN060673.20161019.OTH","NEON.DOC.001710vE","Other",2.1,"N",NA,"fiApssCEcSVZh4fTchGlfQK3pYYnYQUQ"
"69845e8a-eabc-428b-aa80-d9ec84cd5f71","GUAN_060.basePlot.ltr","D04","GUAN","GUAN_060","GUAN_060_673","2016-11-02","2016-08-23","2016-10-19","2016-10-31T18:30Z","2016-11-02T16:00Z","NEON.LTR.GUAN060673.20161019","NEON.LTR.GUAN060673.20161019.NDL","NEON.DOC.001710vE","Needles",0,"N",NA,"fiApssCEcSVZh4fTchGlfQK3pYYnYQUQ"
"79ad5ca8-4d17-484b-812e-c92feed88dde","GUAN_059.basePlot.ltr","D04","GUAN","GUAN_059","GUAN_059_658","2016-11-02","2016-08-23","2016-10-19","2016-10-31T18:30Z","2016-11-02T16:00Z","NEON.LTR.GUAN059658.20161019","NEON.LTR.GUAN059658.20161019.WDY","NEON.DOC.001710vE","Woody material",0.04,"N",NA,"fiApssCEcSVZh4fTchGlfQK3pYYnYQUQ"
"472d3630-d04b-43b5-ba7c-e774ddf11092","GUAN_060.basePlot.ltr","D04","GUAN","GUAN_060","GUAN_060_673","2016-11-02","2016-08-23","2016-10-19","2016-10-31T18:30Z","2016-11-02T16:00Z","NEON.LTR.GUAN060673.20161019","NEON.LTR.GUAN060673.20161019.LVS","NEON.DOC.001710vE","Leaves",6.45,"N",NA,"fiApssCEcSVZh4fTchGlfQK3pYYnYQUQ"
"736d407f-f18d-4992-9fb3-e3ea628efd45","GUAN_059.basePlot.ltr","D04","GUAN","GUAN_059","GUAN_059_658","2016-11-02","2016-08-23","2016-10-19","2016-10-31T18:30Z","2016-11-02T16:00Z","NEON.LTR.GUAN059658.20161019","NEON.LTR.GUAN059658.20161019.NDL","NEON.DOC.001710vE","Needles",0,"N",NA,"fiApssCEcSVZh4fTchGlfQK3pYYnYQUQ"
"fc659355-4585-4469-ab29-4dcd5011352d","GUAN_059.basePlot.ltr","D04","GUAN","GUAN_059","GUAN_059_658","2016-11-02","2016-08-23","2016-10-19","2016-10-31T18:30Z","2016-11-02T16:00Z","NEON.LTR.GUAN059658.20161019","NEON.LTR.GUAN059658.20161019.OTH","NEON.DOC.001710vE","Other",0,"N",NA,"fiApssCEcSVZh4fTchGlfQK3pYYnYQUQ"
"b69ec6bd-2d5c-4d8a-9f3f-bcc7b5814cf5","GUAN_059.basePlot.ltr","D04","GUAN","GUAN_059","GUAN_059_658","2016-11-02","2016-08-23","2016-10-19","2016-10-31T18:30Z","2016-11-02T16:00Z","NEON.LTR.GUAN059658.20161019","NEON.LTR.GUAN059658.20161019.TWI","NEON.DOC.001710vE","Twigs/branches",2.3,"N",NA,"fiApssCEcSVZh4fTchGlfQK3pYYnYQUQ"
"3d40b16e-c59a-483a-aa4a-7b6258e45848","GUAN_059.basePlot.ltr","D04","GUAN","GUAN_059","GUAN_059_658","2016-11-02","2016-08-23","2016-10-19","2016-10-31T18:30Z","2016-11-02T16:00Z","NEON.LTR.GUAN059658.20161019","NEON.LTR.GUAN059658.20161019.FLR","NEON.DOC.001710vE","Flowers",0.01,"N",NA,"fiApssCEcSVZh4fTchGlfQK3pYYnYQUQ"
"bade3ec2-8bee-43c2-a066-913324dc3b44","GUAN_059.basePlot.ltr","D04","GUAN","GUAN_059","GUAN_059_658","2016-11-02","2016-08-23","2016-10-19","2016-10-31T18:30Z","2016-11-02T16:00Z","NEON.LTR.GUAN059658.20161019","NEON.LTR.GUAN059658.20161019.SDS","NEON.DOC.001710vE","Seeds",0.5,"N",NA,"fiApssCEcSVZh4fTchGlfQK3pYYnYQUQ"
"5d118408-879d-49ef-a4a3-09ae7eec278f","GUAN_057.basePlot.ltr","D04","GUAN","GUAN_057","GUAN_057_673","2016-11-02","2016-08-23","2016-10-19","2016-10-31T18:30Z","2016-11-02T16:00Z","NEON.LTR.GUAN057673.20161019","NEON.LTR.GUAN057673.20161019.WDY","NEON.DOC.001710vE","Woody material",0,"N",NA,"fiApssCEcSVZh4fTchGlfQK3pYYnYQUQ"
"c38e719c-03ab-4f9f-9129-6aa38f936bc0","GUAN_057.basePlot.ltr","D04","GUAN","GUAN_057","GUAN_057_673","2016-11-02","2016-08-23","2016-10-19","2016-10-31T18:30Z","2016-11-02T16:00Z","NEON.LTR.GUAN057673.20161019","NEON.LTR.GUAN057673.20161019.TWI","NEON.DOC.001710vE","Twigs/branches",1.72,"N",NA,"fiApssCEcSVZh4fTchGlfQK3pYYnYQUQ"
"0bcb6d5f-f6e8-4248-a353-0eb72569ce77","GUAN_059.basePlot.ltr","D04","GUAN","GUAN_059","GUAN_059_658","2016-11-02","2016-08-23","2016-10-19","2016-10-31T18:30Z","2016-11-02T16:00Z","NEON.LTR.GUAN059658.20161019","NEON.LTR.GUAN059658.20161019.LVS","NEON.DOC.001710vE","Leaves",19.59,"N",NA,"fiApssCEcSVZh4fTchGlfQK3pYYnYQUQ"
"de4f6eae-b433-460c-a56c-5c49e549bbaa","GUAN_057.basePlot.ltr","D04","GUAN","GUAN_057","GUAN_057_673","2016-11-02","2016-08-23","2016-10-19","2016-10-31T18:30Z","2016-11-02T16:00Z","NEON.LTR.GUAN057673.20161019","NEON.LTR.GUAN057673.20161019.OTH","NEON.DOC.001710vE","Other",0.06,"N",NA,"fiApssCEcSVZh4fTchGlfQK3pYYnYQUQ"
"da4b3572-251e-4178-92a5-fb58003d0ac4","GUAN_057.basePlot.ltr","D04","GUAN","GUAN_057","GUAN_057_673","2016-11-02","2016-08-23","2016-10-19","2016-10-31T18:30Z","2016-11-02T16:00Z","NEON.LTR.GUAN057673.20161019","NEON.LTR.GUAN057673.20161019.NDL","NEON.DOC.001710vE","Needles",0,"N",NA,"fiApssCEcSVZh4fTchGlfQK3pYYnYQUQ"
"5d5f842d-6da2-4c07-8f0e-c3bc246d40f9","GUAN_057.basePlot.ltr","D04","GUAN","GUAN_057","GUAN_057_673","2016-11-02","2016-08-23","2016-10-19","2016-10-31T18:30Z","2016-11-02T16:00Z","NEON.LTR.GUAN057673.20161019","NEON.LTR.GUAN057673.20161019.SDS","NEON.DOC.001710vE","Seeds",0,"N",NA,"fiApssCEcSVZh4fTchGlfQK3pYYnYQUQ"
"fb1f408d-821c-44da-a8c4-3c4e3b7932c2","GUAN_057.basePlot.ltr","D04","GUAN","GUAN_057","GUAN_057_673","2016-11-02","2016-08-23","2016-10-19","2016-10-31T18:30Z","2016-11-02T16:00Z","NEON.LTR.GUAN057673.20161019","NEON.LTR.GUAN057673.20161019.LVS","NEON.DOC.001710vE","Leaves",14.16,"N",NA,"fiApssCEcSVZh4fTchGlfQK3pYYnYQUQ"
"b129a834-52bf-41f9-b9d4-07767e021fc8","GUAN_057.basePlot.ltr","D04","GUAN","GUAN_057","GUAN_057_673","2016-11-02","2016-08-23","2016-10-19","2016-10-31T18:30Z","2016-11-02T16:00Z","NEON.LTR.GUAN057673.20161019","NEON.LTR.GUAN057673.20161019.FLR","NEON.DOC.001710vE","Flowers",0.38,"N",NA,"fiApssCEcSVZh4fTchGlfQK3pYYnYQUQ"
"3af220fa-4229-418e-adf4-3c2f78c9ad49","GUAN_057.basePlot.ltr","D04","GUAN","GUAN_057","GUAN_057_196","2016-11-02","2016-08-23","2016-10-19","2016-10-31T18:30Z","2016-11-02T16:00Z","NEON.LTR.GUAN057196.20161019","NEON.LTR.GUAN057196.20161019.WDY","NEON.DOC.001710vE","Woody material",0,"N",NA,"fiApssCEcSVZh4fTchGlfQK3pYYnYQUQ"
"01afcf5b-4a45-41e1-9e49-aec21112da52","GUAN_057.basePlot.ltr","D04","GUAN","GUAN_057","GUAN_057_196","2016-11-02","2016-08-23","2016-10-19","2016-10-31T18:30Z","2016-11-02T16:00Z","NEON.LTR.GUAN057196.20161019","NEON.LTR.GUAN057196.20161019.TWI","NEON.DOC.001710vE","Twigs/branches",1.21,"N",NA,"fiApssCEcSVZh4fTchGlfQK3pYYnYQUQ"
"066a1d02-e7eb-42a4-bb34-91c94967880b","GUAN_057.basePlot.ltr","D04","GUAN","GUAN_057","GUAN_057_196","2016-11-02","2016-08-23","2016-10-19","2016-10-31T18:30Z","2016-11-02T16:00Z","NEON.LTR.GUAN057196.20161019","NEON.LTR.GUAN057196.20161019.FLR","NEON.DOC.001710vE","Flowers",0,"N",NA,"fiApssCEcSVZh4fTchGlfQK3pYYnYQUQ"
"f2dd8b6c-8463-4fc0-9199-80b7d51b06e7","GUAN_057.basePlot.ltr","D04","GUAN","GUAN_057","GUAN_057_196","2016-11-02","2016-08-23","2016-10-19","2016-10-31T18:30Z","2016-11-02T16:00Z","NEON.LTR.GUAN057196.20161019","NEON.LTR.GUAN057196.20161019.SDS","NEON.DOC.001710vE","Seeds",0.07,"N",NA,"fiApssCEcSVZh4fTchGlfQK3pYYnYQUQ"
"21335332-7bc1-4a6d-9501-03fdbc3f1577","GUAN_057.basePlot.ltr","D04","GUAN","GUAN_057","GUAN_057_196","2016-11-02","2016-08-23","2016-10-19","2016-10-31T18:30Z","2016-11-02T16:00Z","NEON.LTR.GUAN057196.20161019","NEON.LTR.GUAN057196.20161019.OTH","NEON.DOC.001710vE","Other",0.01,"N",NA,"fiApssCEcSVZh4fTchGlfQK3pYYnYQUQ"
"35750ac1-23e7-484e-a766-6238099866ee","GUAN_057.basePlot.ltr","D04","GUAN","GUAN_057","GUAN_057_196","2016-11-02","2016-08-23","2016-10-19","2016-10-31T18:30Z","2016-11-02T16:00Z","NEON.LTR.GUAN057196.20161019","NEON.LTR.GUAN057196.20161019.NDL","NEON.DOC.001710vE","Needles",0,"N",NA,"fiApssCEcSVZh4fTchGlfQK3pYYnYQUQ"
"5f4d1509-e933-459e-beb9-574010b5e64e","GUAN_052.basePlot.ltr","D04","GUAN","GUAN_052","GUAN_052_706","2016-11-02","2016-08-23","2016-10-19","2016-10-31T18:30Z","2016-11-02T16:00Z","NEON.LTR.GUAN052706.20161019","NEON.LTR.GUAN052706.20161019.TWI","NEON.DOC.001710vE","Twigs/branches",0,"N",NA,"fiApssCEcSVZh4fTchGlfQK3pYYnYQUQ"
"ff9ed1d4-313b-4018-9109-d9c81d616b85","GUAN_052.basePlot.ltr","D04","GUAN","GUAN_052","GUAN_052_706","2016-11-02","2016-08-23","2016-10-19","2016-10-31T18:30Z","2016-11-02T16:00Z","NEON.LTR.GUAN052706.20161019","NEON.LTR.GUAN052706.20161019.WDY","NEON.DOC.001710vE","Woody material",0.15,"N",NA,"fiApssCEcSVZh4fTchGlfQK3pYYnYQUQ"
"83d65906-d649-4006-870d-86d4e5ac4861","GUAN_057.basePlot.ltr","D04","GUAN","GUAN_057","GUAN_057_196","2016-11-02","2016-08-23","2016-10-19","2016-10-31T18:30Z","2016-11-02T16:00Z","NEON.LTR.GUAN057196.20161019","NEON.LTR.GUAN057196.20161019.LVS","NEON.DOC.001710vE","Leaves",5.79,"N",NA,"fiApssCEcSVZh4fTchGlfQK3pYYnYQUQ"
"fe72214c-fe55-4f05-bc01-0d0788ee0744","GUAN_052.basePlot.ltr","D04","GUAN","GUAN_052","GUAN_052_706","2016-11-02","2016-08-23","2016-10-19","2016-10-31T18:30Z","2016-11-02T16:00Z","NEON.LTR.GUAN052706.20161019","NEON.LTR.GUAN052706.20161019.NDL","NEON.DOC.001710vE","Needles",0,"N",NA,"fiApssCEcSVZh4fTchGlfQK3pYYnYQUQ"
"96cc1aad-efcf-41ed-a0a4-a32ee045ee83","GUAN_052.basePlot.ltr","D04","GUAN","GUAN_052","GUAN_052_706","2016-11-02","2016-08-23","2016-10-19","2016-10-31T18:30Z","2016-11-02T16:00Z","NEON.LTR.GUAN052706.20161019","NEON.LTR.GUAN052706.20161019.FLR","NEON.DOC.001710vE","Flowers",0,"N",NA,"fiApssCEcSVZh4fTchGlfQK3pYYnYQUQ"
"1f7b6f3f-2f1f-4f0a-b8b1-8ee3845eb2bd","GUAN_052.basePlot.ltr","D04","GUAN","GUAN_052","GUAN_052_706","2016-11-02","2016-08-23","2016-10-19","2016-10-31T18:30Z","2016-11-02T16:00Z","NEON.LTR.GUAN052706.20161019","NEON.LTR.GUAN052706.20161019.LVS","NEON.DOC.001710vE","Leaves",4.1,"N",NA,"fiApssCEcSVZh4fTchGlfQK3pYYnYQUQ"
"7eb1e18e-4214-46d8-94bc-8b9f0b7c28b7","GUAN_052.basePlot.ltr","D04","GUAN","GUAN_052","GUAN_052_706","2016-11-02","2016-08-23","2016-10-19","2016-10-31T18:30Z","2016-11-02T16:00Z","NEON.LTR.GUAN052706.20161019","NEON.LTR.GUAN052706.20161019.OTH","NEON.DOC.001710vE","Other",0.37,"N",NA,"fiApssCEcSVZh4fTchGlfQK3pYYnYQUQ"
"ef731a5e-4b88-484c-b16a-11cf32ab1f2b","GUAN_052.basePlot.ltr","D04","GUAN","GUAN_052","GUAN_052_706","2016-11-02","2016-08-23","2016-10-19","2016-10-31T18:30Z","2016-11-02T16:00Z","NEON.LTR.GUAN052706.20161019","NEON.LTR.GUAN052706.20161019.SDS","NEON.DOC.001710vE","Seeds",0.49,"N",NA,"fiApssCEcSVZh4fTchGlfQK3pYYnYQUQ"
"1488b1bc-d4f2-4594-a585-92c32c2ef314","GUAN_052.basePlot.ltr","D04","GUAN","GUAN_052","GUAN_052_280","2016-11-02","2016-08-23","2016-10-19","2016-10-31T18:30Z","2016-11-02T16:00Z","NEON.LTR.GUAN052280.20161019","NEON.LTR.GUAN052280.20161019.FLR","NEON.DOC.001710vE","Flowers",0,"N",NA,"fiApssCEcSVZh4fTchGlfQK3pYYnYQUQ"
"8ccb8e64-f122-40fa-be4a-c936abd13d18","GUAN_052.basePlot.ltr","D04","GUAN","GUAN_052","GUAN_052_280","2016-11-02","2016-08-23","2016-10-19","2016-10-31T18:30Z","2016-11-02T16:00Z","NEON.LTR.GUAN052280.20161019","NEON.LTR.GUAN052280.20161019.WDY","NEON.DOC.001710vE","Woody material",0.08,"N",NA,"fiApssCEcSVZh4fTchGlfQK3pYYnYQUQ"
"909c75a0-3e96-430b-9031-e10d0f46126d","GUAN_052.basePlot.ltr","D04","GUAN","GUAN_052","GUAN_052_280","2016-11-02","2016-08-23","2016-10-19","2016-10-31T18:30Z","2016-11-02T16:00Z","NEON.LTR.GUAN052280.20161019","NEON.LTR.GUAN052280.20161019.TWI","NEON.DOC.001710vE","Twigs/branches",1.08,"N",NA,"fiApssCEcSVZh4fTchGlfQK3pYYnYQUQ"
"65f6fbd2-5bf0-4b74-a3b3-34bbc60fd060","GUAN_052.basePlot.ltr","D04","GUAN","GUAN_052","GUAN_052_280","2016-11-02","2016-08-23","2016-10-19","2016-10-31T18:30Z","2016-11-02T16:00Z","NEON.LTR.GUAN052280.20161019","NEON.LTR.GUAN052280.20161019.OTH","NEON.DOC.001710vE","Other",0.47,"N",NA,"fiApssCEcSVZh4fTchGlfQK3pYYnYQUQ"
"85d52911-c9be-46a2-83f2-bd0ad40494b2","GUAN_052.basePlot.ltr","D04","GUAN","GUAN_052","GUAN_052_280","2016-11-02","2016-08-23","2016-10-19","2016-10-31T18:30Z","2016-11-02T16:00Z","NEON.LTR.GUAN052280.20161019","NEON.LTR.GUAN052280.20161019.NDL","NEON.DOC.001710vE","Needles",0,"N",NA,"fiApssCEcSVZh4fTchGlfQK3pYYnYQUQ"
"c74c9c56-ccdf-4832-8899-51436fe77b2e","GUAN_052.basePlot.ltr","D04","GUAN","GUAN_052","GUAN_052_280","2016-11-02","2016-08-23","2016-10-19","2016-10-31T18:30Z","2016-11-02T16:00Z","NEON.LTR.GUAN052280.20161019","NEON.LTR.GUAN052280.20161019.LVS","NEON.DOC.001710vE","Leaves",6.71,"N",NA,"fiApssCEcSVZh4fTchGlfQK3pYYnYQUQ"
"04b8b2b2-7ba0-4e3c-958e-fccafd3dbb9f","GUAN_052.basePlot.ltr","D04","GUAN","GUAN_052","GUAN_052_280","2016-11-02","2016-08-23","2016-10-19","2016-10-31T18:30Z","2016-11-02T16:00Z","NEON.LTR.GUAN052280.20161019","NEON.LTR.GUAN052280.20161019.SDS","NEON.DOC.001710vE","Seeds",0.28,"N",NA,"fiApssCEcSVZh4fTchGlfQK3pYYnYQUQ"
"54630db0-728f-4fdb-921a-0502aa0d88b8","GUAN_055.basePlot.ltr","D04","GUAN","GUAN_055","GUAN_055_363","2016-11-02","2016-08-23","2016-10-19","2016-10-31T18:30Z","2016-11-02T16:00Z","NEON.LTR.GUAN055363.20161019","NEON.LTR.GUAN055363.20161019.NDL","NEON.DOC.001710vE","Needles",0,"N",NA,"fiApssCEcSVZh4fTchGlfQK3pYYnYQUQ"
"376ee6aa-de7e-4648-9074-e6d286b74a14","GUAN_055.basePlot.ltr","D04","GUAN","GUAN_055","GUAN_055_363","2016-11-02","2016-08-23","2016-10-19","2016-10-31T18:30Z","2016-11-02T16:00Z","NEON.LTR.GUAN055363.20161019","NEON.LTR.GUAN055363.20161019.FLR","NEON.DOC.001710vE","Flowers",0,"N",NA,"fiApssCEcSVZh4fTchGlfQK3pYYnYQUQ"
"20617895-10c5-486e-b1ae-cb2c0da5ff6b","GUAN_055.basePlot.ltr","D04","GUAN","GUAN_055","GUAN_055_363","2016-11-02","2016-08-23","2016-10-19","2016-10-31T18:30Z","2016-11-02T16:00Z","NEON.LTR.GUAN055363.20161019","NEON.LTR.GUAN055363.20161019.OTH","NEON.DOC.001710vE","Other",0,"N",NA,"fiApssCEcSVZh4fTchGlfQK3pYYnYQUQ"
"cf13d1ab-30fb-4d91-8560-eb010bf09751","GUAN_055.basePlot.ltr","D04","GUAN","GUAN_055","GUAN_055_363","2016-11-02","2016-08-23","2016-10-19","2016-10-31T18:30Z","2016-11-02T16:00Z","NEON.LTR.GUAN055363.20161019","NEON.LTR.GUAN055363.20161019.SDS","NEON.DOC.001710vE","Seeds",0.01,"N",NA,"fiApssCEcSVZh4fTchGlfQK3pYYnYQUQ"
"19c0e8de-60d5-42ac-92c3-fe7a2fcaa291","GUAN_055.basePlot.ltr","D04","GUAN","GUAN_055","GUAN_055_363","2016-11-02","2016-08-23","2016-10-19","2016-10-31T18:30Z","2016-11-02T16:00Z","NEON.LTR.GUAN055363.20161019","NEON.LTR.GUAN055363.20161019.TWI","NEON.DOC.001710vE","Twigs/branches",3.47,"N",NA,"fiApssCEcSVZh4fTchGlfQK3pYYnYQUQ"
"8dc7e965-d9bc-4da3-85f0-81ccc679c900","GUAN_055.basePlot.ltr","D04","GUAN","GUAN_055","GUAN_055_363","2016-11-02","2016-08-23","2016-10-19","2016-10-31T18:30Z","2016-11-02T16:00Z","NEON.LTR.GUAN055363.20161019","NEON.LTR.GUAN055363.20161019.WDY","NEON.DOC.001710vE","Woody material",0.1,"N",NA,"fiApssCEcSVZh4fTchGlfQK3pYYnYQUQ"
"d30c9998-c8f4-4130-a005-3c2099c858fd","GUAN_053.basePlot.ltr","D04","GUAN","GUAN_053","GUAN_053_652","2016-11-02","2016-08-23","2016-10-19","2016-10-31T18:30Z","2016-11-02T16:00Z","NEON.LTR.GUAN053652.20161019","NEON.LTR.GUAN053652.20161019.WDY","NEON.DOC.001710vE","Woody material",0.12,"N",NA,"fiApssCEcSVZh4fTchGlfQK3pYYnYQUQ"
"b3026409-f4eb-473d-ad0e-46aef21a4faa","GUAN_055.basePlot.ltr","D04","GUAN","GUAN_055","GUAN_055_363","2016-11-02","2016-08-23","2016-10-19","2016-10-31T18:30Z","2016-11-02T16:00Z","NEON.LTR.GUAN055363.20161019","NEON.LTR.GUAN055363.20161019.LVS","NEON.DOC.001710vE","Leaves",13.67,"N",NA,"fiApssCEcSVZh4fTchGlfQK3pYYnYQUQ"
"9fc50eab-1219-456d-b7ce-7d86f80e0c8d","GUAN_053.basePlot.ltr","D04","GUAN","GUAN_053","GUAN_053_652","2016-11-02","2016-08-23","2016-10-19","2016-10-31T18:30Z","2016-11-02T16:00Z","NEON.LTR.GUAN053652.20161019","NEON.LTR.GUAN053652.20161019.SDS","NEON.DOC.001710vE","Seeds",0,"N",NA,"fiApssCEcSVZh4fTchGlfQK3pYYnYQUQ"
"b25b22aa-519d-4f2b-9d27-e0a00414f752","GUAN_053.basePlot.ltr","D04","GUAN","GUAN_053","GUAN_053_652","2016-11-02","2016-08-23","2016-10-19","2016-10-31T18:30Z","2016-11-02T16:00Z","NEON.LTR.GUAN053652.20161019","NEON.LTR.GUAN053652.20161019.FLR","NEON.DOC.001710vE","Flowers",0,"N",NA,"fiApssCEcSVZh4fTchGlfQK3pYYnYQUQ"
"156c4062-82a6-456f-9ef2-16e947ea4a7c","GUAN_053.basePlot.ltr","D04","GUAN","GUAN_053","GUAN_053_652","2016-11-02","2016-08-23","2016-10-19","2016-10-31T18:30Z","2016-11-02T16:00Z","NEON.LTR.GUAN053652.20161019","NEON.LTR.GUAN053652.20161019.TWI","NEON.DOC.001710vE","Twigs/branches",0.64,"N",NA,"fiApssCEcSVZh4fTchGlfQK3pYYnYQUQ"
"a4d664fe-ea69-46b5-9730-39093a11eedb","GUAN_053.basePlot.ltr","D04","GUAN","GUAN_053","GUAN_053_652","2016-11-02","2016-08-23","2016-10-19","2016-10-31T18:30Z","2016-11-02T16:00Z","NEON.LTR.GUAN053652.20161019","NEON.LTR.GUAN053652.20161019.LVS","NEON.DOC.001710vE","Leaves",12.08,"N",NA,"fiApssCEcSVZh4fTchGlfQK3pYYnYQUQ"
"5e818fce-436f-4827-89d3-4be1327deddf","GUAN_053.basePlot.ltr","D04","GUAN","GUAN_053","GUAN_053_652","2016-11-02","2016-08-23","2016-10-19","2016-10-31T18:30Z","2016-11-02T16:00Z","NEON.LTR.GUAN053652.20161019","NEON.LTR.GUAN053652.20161019.OTH","NEON.DOC.001710vE","Other",0.96,"N",NA,"fiApssCEcSVZh4fTchGlfQK3pYYnYQUQ"
"4ad1c7a0-dc48-4742-be84-97f75fdaa8dd","GUAN_053.basePlot.ltr","D04","GUAN","GUAN_053","GUAN_053_652","2016-11-02","2016-08-23","2016-10-19","2016-10-31T18:30Z","2016-11-02T16:00Z","NEON.LTR.GUAN053652.20161019","NEON.LTR.GUAN053652.20161019.NDL","NEON.DOC.001710vE","Needles",0,"N",NA,"fiApssCEcSVZh4fTchGlfQK3pYYnYQUQ"
"4ddf9126-04aa-431a-86dd-f0a6a9edaf41","GUAN_054.basePlot.ltr","D04","GUAN","GUAN_054","GUAN_054_880","2016-11-02","2016-08-23","2016-10-19","2016-10-31T18:30Z","2016-11-02T16:00Z","NEON.LTR.GUAN054880.20161019","NEON.LTR.GUAN054880.20161019.TWI","NEON.DOC.001710vE","Twigs/branches",9.67,"N",NA,"fiApssCEcSVZh4fTchGlfQK3pYYnYQUQ"
"db059d9f-245d-4745-851f-876cad5c3159","GUAN_054.basePlot.ltr","D04","GUAN","GUAN_054","GUAN_054_880","2016-11-02","2016-08-23","2016-10-19","2016-10-31T18:30Z","2016-11-02T16:00Z","NEON.LTR.GUAN054880.20161019","NEON.LTR.GUAN054880.20161019.WDY","NEON.DOC.001710vE","Woody material",3.28,"N",NA,"fiApssCEcSVZh4fTchGlfQK3pYYnYQUQ"
"6cd66fe3-aa3d-436a-a065-f7557d077217","GUAN_054.basePlot.ltr","D04","GUAN","GUAN_054","GUAN_054_880","2016-11-02","2016-08-23","2016-10-19","2016-10-31T18:30Z","2016-11-02T16:00Z","NEON.LTR.GUAN054880.20161019","NEON.LTR.GUAN054880.20161019.FLR","NEON.DOC.001710vE","Flowers",0,"N",NA,"fiApssCEcSVZh4fTchGlfQK3pYYnYQUQ"
"46390ce4-acc3-466a-b873-cd1529083ec4","GUAN_049.basePlot.ltr","D04","GUAN","GUAN_049","GUAN_049_706","2016-11-02","2016-08-23","2016-10-19","2016-10-31T18:30Z","2016-11-02T16:00Z","NEON.LTR.GUAN049706.20161019","NEON.LTR.GUAN049706.20161019.NDL","NEON.DOC.001710vE","Needles",0,"N",NA,"fiApssCEcSVZh4fTchGlfQK3pYYnYQUQ"
"c1bef5d4-c3e5-4ac8-a73e-c83e83e7ca35","GUAN_049.basePlot.ltr","D04","GUAN","GUAN_049","GUAN_049_706","2016-11-02","2016-08-23","2016-10-19","2016-10-31T18:30Z","2016-11-02T16:00Z","NEON.LTR.GUAN049706.20161019","NEON.LTR.GUAN049706.20161019.FLR","NEON.DOC.001710vE","Flowers",0,"N",NA,"fiApssCEcSVZh4fTchGlfQK3pYYnYQUQ"
"07761d0a-97ae-46e1-acae-c1d3a38263a2","GUAN_049.basePlot.ltr","D04","GUAN","GUAN_049","GUAN_049_706","2016-11-02","2016-08-23","2016-10-19","2016-10-31T18:30Z","2016-11-02T16:00Z","NEON.LTR.GUAN049706.20161019","NEON.LTR.GUAN049706.20161019.OTH","NEON.DOC.001710vE","Other",0.66,"N",NA,"fiApssCEcSVZh4fTchGlfQK3pYYnYQUQ"
"2a00f605-89e8-45e6-9eb0-114b6f23f54d","GUAN_049.basePlot.ltr","D04","GUAN","GUAN_049","GUAN_049_706","2016-11-02","2016-08-23","2016-10-19","2016-10-31T18:30Z","2016-11-02T16:00Z","NEON.LTR.GUAN049706.20161019","NEON.LTR.GUAN049706.20161019.WDY","NEON.DOC.001710vE","Woody material",0.74,"N",NA,"fiApssCEcSVZh4fTchGlfQK3pYYnYQUQ"
"5dfa344b-9f29-479c-8d29-1c6d72d3ad4f","GUAN_055.basePlot.ltr","D04","GUAN","GUAN_055","GUAN_055_416","2016-11-02","2016-08-23","2016-10-19","2016-10-31T18:30Z","2016-11-03T10:30Z","NEON.LTR.GUAN055416.20161019","NEON.LTR.GUAN055416.20161019.TWI","NEON.DOC.001710vE","Twigs/branches",140.04,"N",NA,"fiApssCEcSVZh4fTchGlfQK3pYYnYQUQ"
"2b1042b0-f603-4eca-b74a-b7e979b0e1e6","GUAN_055.basePlot.ltr","D04","GUAN","GUAN_055","GUAN_055_416","2016-11-02","2016-08-23","2016-10-19","2016-10-31T18:30Z","2016-11-03T10:30Z","NEON.LTR.GUAN055416.20161019","NEON.LTR.GUAN055416.20161019.MXT","NEON.DOC.001710vE","Mixed",0,"N",NA,"fiApssCEcSVZh4fTchGlfQK3pYYnYQUQ"
"3a35e89e-1a93-4493-a35b-2a0f73bb580a","GUAN_044.basePlot.ltr","D04","GUAN","GUAN_044","GUAN_044_385","2016-11-02","2016-08-23","2016-10-19","2016-10-31T18:30Z","2016-11-02T16:00Z","NEON.LTR.GUAN044385.20161019","NEON.LTR.GUAN044385.20161019.LVS","NEON.DOC.001710vE","Leaves",13.92,"N",NA,"fiApssCEcSVZh4fTchGlfQK3pYYnYQUQ"
"ae10a060-7d4a-4339-83e3-c116889e874b","GUAN_049.basePlot.ltr","D04","GUAN","GUAN_049","GUAN_049_706","2016-11-02","2016-08-23","2016-10-19","2016-10-31T18:30Z","2016-11-02T16:00Z","NEON.LTR.GUAN049706.20161019","NEON.LTR.GUAN049706.20161019.TWI","NEON.DOC.001710vE","Twigs/branches",8.59,"N",NA,"fiApssCEcSVZh4fTchGlfQK3pYYnYQUQ"
"acf0a9b7-9d40-454b-948e-9bf95c052332","GUAN_044.basePlot.ltr","D04","GUAN","GUAN_044","GUAN_044_385","2016-11-02","2016-08-23","2016-10-19","2016-10-31T18:30Z","2016-11-02T16:00Z","NEON.LTR.GUAN044385.20161019","NEON.LTR.GUAN044385.20161019.OTH","NEON.DOC.001710vE","Other",1.24,"N",NA,"fiApssCEcSVZh4fTchGlfQK3pYYnYQUQ"
"a1d5b846-5fab-4402-b553-6f0ad30854df","GUAN_044.basePlot.ltr","D04","GUAN","GUAN_044","GUAN_044_385","2016-11-02","2016-08-23","2016-10-19","2016-10-31T18:30Z","2016-11-02T16:00Z","NEON.LTR.GUAN044385.20161019","NEON.LTR.GUAN044385.20161019.NDL","NEON.DOC.001710vE","Needles",0,"N",NA,"fiApssCEcSVZh4fTchGlfQK3pYYnYQUQ"
"38687eda-3087-40cd-af47-404e85e02358","GUAN_055.basePlot.ltr","D04","GUAN","GUAN_055","GUAN_055_416","2016-11-02","2016-08-23","2016-10-19","2016-10-31T18:30Z","2016-11-03T10:30Z","NEON.LTR.GUAN055416.20161019","NEON.LTR.GUAN055416.20161019.LVS","NEON.DOC.001710vE","Leaves",0,"N",NA,"fiApssCEcSVZh4fTchGlfQK3pYYnYQUQ"
"3924d119-b210-44ce-8a19-7ba4a033806d","GUAN_044.basePlot.ltr","D04","GUAN","GUAN_044","GUAN_044_385","2016-11-02","2016-08-23","2016-10-19","2016-10-31T18:30Z","2016-11-02T16:00Z","NEON.LTR.GUAN044385.20161019","NEON.LTR.GUAN044385.20161019.SDS","NEON.DOC.001710vE","Seeds",0,"N",NA,"fiApssCEcSVZh4fTchGlfQK3pYYnYQUQ"
"7adf4a16-d0b7-44a8-b78e-711ee9da3c09","GUAN_044.basePlot.ltr","D04","GUAN","GUAN_044","GUAN_044_385","2016-11-02","2016-08-23","2016-10-19","2016-10-31T18:30Z","2016-11-02T16:00Z","NEON.LTR.GUAN044385.20161019","NEON.LTR.GUAN044385.20161019.TWI","NEON.DOC.001710vE","Twigs/branches",1.98,"N",NA,"fiApssCEcSVZh4fTchGlfQK3pYYnYQUQ"
"30955570-d3a1-419b-8119-f2a049d16069","GUAN_044.basePlot.ltr","D04","GUAN","GUAN_044","GUAN_044_646","2016-11-02","2016-08-23","2016-10-19","2016-10-31T18:30Z","2016-11-02T16:00Z","NEON.LTR.GUAN044646.20161019","NEON.LTR.GUAN044646.20161019.LVS","NEON.DOC.001710vE","Leaves",19.78,"N",NA,"fiApssCEcSVZh4fTchGlfQK3pYYnYQUQ"
"989c9a0d-e1f6-4113-848a-099553a32462","GUAN_044.basePlot.ltr","D04","GUAN","GUAN_044","GUAN_044_646","2016-11-02","2016-08-23","2016-10-19","2016-10-31T18:30Z","2016-11-02T16:00Z","NEON.LTR.GUAN044646.20161019","NEON.LTR.GUAN044646.20161019.SDS","NEON.DOC.001710vE","Seeds",0.12,"Y",NA,"fiApssCEcSVZh4fTchGlfQK3pYYnYQUQ"
"74126293-81fe-40ae-81d3-f778ea8a1531","GUAN_044.basePlot.ltr","D04","GUAN","GUAN_044","GUAN_044_385","2016-11-02","2016-08-23","2016-10-19","2016-10-31T18:30Z","2016-11-02T16:00Z","NEON.LTR.GUAN044385.20161019","NEON.LTR.GUAN044385.20161019.FLR","NEON.DOC.001710vE","Flowers",0,"N",NA,"fiApssCEcSVZh4fTchGlfQK3pYYnYQUQ"
"b25b4626-c8b4-4f8b-9f61-cce29e0f7471","GUAN_044.basePlot.ltr","D04","GUAN","GUAN_044","GUAN_044_646","2016-11-02","2016-08-23","2016-10-19","2016-10-31T18:30Z","2016-11-02T16:00Z","NEON.LTR.GUAN044646.20161019","NEON.LTR.GUAN044646.20161019.NDL","NEON.DOC.001710vE","Needles",0,"N",NA,"fiApssCEcSVZh4fTchGlfQK3pYYnYQUQ"
"c916abe5-8184-4eb2-bb51-7f418cb692cc","GUAN_044.basePlot.ltr","D04","GUAN","GUAN_044","GUAN_044_646","2016-11-02","2016-08-23","2016-10-19","2016-10-31T18:30Z","2016-11-02T16:00Z","NEON.LTR.GUAN044646.20161019","NEON.LTR.GUAN044646.20161019.FLR","NEON.DOC.001710vE","Flowers",0,"N",NA,"fiApssCEcSVZh4fTchGlfQK3pYYnYQUQ"
"089f58c4-d883-4790-a6db-6ea30d0959e4","GUAN_044.basePlot.ltr","D04","GUAN","GUAN_044","GUAN_044_385","2016-11-02","2016-08-23","2016-10-19","2016-10-31T18:30Z","2016-11-02T16:00Z","NEON.LTR.GUAN044385.20161019","NEON.LTR.GUAN044385.20161019.WDY","NEON.DOC.001710vE","Woody material",0.44,"N",NA,"fiApssCEcSVZh4fTchGlfQK3pYYnYQUQ"
"d4053999-0270-488d-8ac3-1e99847cd43c","GUAN_044.basePlot.ltr","D04","GUAN","GUAN_044","GUAN_044_646","2016-11-02","2016-08-23","2016-10-19","2016-10-31T18:30Z","2016-11-02T16:00Z","NEON.LTR.GUAN044646.20161019","NEON.LTR.GUAN044646.20161019.WDY","NEON.DOC.001710vE","Woody material",0,"N",NA,"fiApssCEcSVZh4fTchGlfQK3pYYnYQUQ"
"f88194f0-e63f-448e-a163-3463d3f77b5b","GUAN_044.basePlot.ltr","D04","GUAN","GUAN_044","GUAN_044_646","2016-11-02","2016-08-23","2016-10-19","2016-10-31T18:30Z","2016-11-02T16:00Z","NEON.LTR.GUAN044646.20161019","NEON.LTR.GUAN044646.20161019.TWI","NEON.DOC.001710vE","Twigs/branches",7.3,"Y",NA,"fiApssCEcSVZh4fTchGlfQK3pYYnYQUQ"
"19c4ea33-7330-4ab3-bc17-683109857369","GUAN_049.basePlot.ltr","D04","GUAN","GUAN_049","GUAN_049_280","2016-11-02","2016-08-23","2016-10-19","2016-10-31T18:30Z","2016-11-02T16:00Z","NEON.LTR.GUAN049280.20161019","NEON.LTR.GUAN049280.20161019.SDS","NEON.DOC.001710vE","Seeds",0.22,"N",NA,"fiApssCEcSVZh4fTchGlfQK3pYYnYQUQ"
"aef11ff9-1d42-446d-b1a8-905b944011af","GUAN_044.basePlot.ltr","D04","GUAN","GUAN_044","GUAN_044_646","2016-11-02","2016-08-23","2016-10-19","2016-10-31T18:30Z","2016-11-02T16:00Z","NEON.LTR.GUAN044646.20161019","NEON.LTR.GUAN044646.20161019.OTH","NEON.DOC.001710vE","Other",0,"N",NA,"fiApssCEcSVZh4fTchGlfQK3pYYnYQUQ"
"e4d2e97b-f4fa-44ae-bc0b-a82db1f260a9","GUAN_049.basePlot.ltr","D04","GUAN","GUAN_049","GUAN_049_280","2016-11-02","2016-08-23","2016-10-19","2016-10-31T18:30Z","2016-11-02T16:00Z","NEON.LTR.GUAN049280.20161019","NEON.LTR.GUAN049280.20161019.OTH","NEON.DOC.001710vE","Other",0,"N",NA,"fiApssCEcSVZh4fTchGlfQK3pYYnYQUQ"
"88a47b6d-86f6-43ac-9471-5edd6f051bcf","GUAN_049.basePlot.ltr","D04","GUAN","GUAN_049","GUAN_049_280","2016-11-02","2016-08-23","2016-10-19","2016-10-31T18:30Z","2016-11-02T16:00Z","NEON.LTR.GUAN049280.20161019","NEON.LTR.GUAN049280.20161019.NDL","NEON.DOC.001710vE","Needles",0,"N",NA,"fiApssCEcSVZh4fTchGlfQK3pYYnYQUQ"
"ecebd6a6-6830-4ec6-ae35-9f5e1eb0eaa3","GUAN_049.basePlot.ltr","D04","GUAN","GUAN_049","GUAN_049_280","2016-11-02","2016-08-23","2016-10-19","2016-10-31T18:30Z","2016-11-02T16:00Z","NEON.LTR.GUAN049280.20161019","NEON.LTR.GUAN049280.20161019.LVS","NEON.DOC.001710vE","Leaves",15.44,"N",NA,"fiApssCEcSVZh4fTchGlfQK3pYYnYQUQ"
"490e19da-2b82-4e45-9ca4-05cfa8d058d2","GUAN_049.basePlot.ltr","D04","GUAN","GUAN_049","GUAN_049_280","2016-11-02","2016-08-23","2016-10-19","2016-10-31T18:30Z","2016-11-02T16:00Z","NEON.LTR.GUAN049280.20161019","NEON.LTR.GUAN049280.20161019.WDY","NEON.DOC.001710vE","Woody material",0,"N",NA,"fiApssCEcSVZh4fTchGlfQK3pYYnYQUQ"
"ac622b4e-6a29-4a46-ade8-b69cfe0b690c","GUAN_049.basePlot.ltr","D04","GUAN","GUAN_049","GUAN_049_280","2016-11-02","2016-08-23","2016-10-19","2016-10-31T18:30Z","2016-11-02T16:00Z","NEON.LTR.GUAN049280.20161019","NEON.LTR.GUAN049280.20161019.TWI","NEON.DOC.001710vE","Twigs/branches",1.65,"N",NA,"fiApssCEcSVZh4fTchGlfQK3pYYnYQUQ"
"1f7f083a-bf2d-4eda-b160-e5fa9093c688","GUAN_053.basePlot.ltr","D04","GUAN","GUAN_053","GUAN_053_405","2016-11-02","2016-08-23","2016-10-19","2016-10-31T18:30Z","2016-11-02T16:00Z","NEON.LTR.GUAN053405.20161019","NEON.LTR.GUAN053405.20161019.LVS","NEON.DOC.001710vE","Leaves",6.8,"N",NA,"fiApssCEcSVZh4fTchGlfQK3pYYnYQUQ"
"f11afd43-b7e8-432b-ad49-5529775babe1","GUAN_049.basePlot.ltr","D04","GUAN","GUAN_049","GUAN_049_280","2016-11-02","2016-08-23","2016-10-19","2016-10-31T18:30Z","2016-11-02T16:00Z","NEON.LTR.GUAN049280.20161019","NEON.LTR.GUAN049280.20161019.FLR","NEON.DOC.001710vE","Flowers",0.22,"N",NA,"fiApssCEcSVZh4fTchGlfQK3pYYnYQUQ"
"e3854da2-3bdf-4bb5-9bb0-2aa8e45a8295","GUAN_053.basePlot.ltr","D04","GUAN","GUAN_053","GUAN_053_405","2016-11-02","2016-08-23","2016-10-19","2016-10-31T18:30Z","2016-11-02T16:00Z","NEON.LTR.GUAN053405.20161019","NEON.LTR.GUAN053405.20161019.FLR","NEON.DOC.001710vE","Flowers",0.04,"N",NA,"fiApssCEcSVZh4fTchGlfQK3pYYnYQUQ"
"cf6ad070-d523-4581-9d71-e5707a6f8939","GUAN_053.basePlot.ltr","D04","GUAN","GUAN_053","GUAN_053_405","2016-11-02","2016-08-23","2016-10-19","2016-10-31T18:30Z","2016-11-02T16:00Z","NEON.LTR.GUAN053405.20161019","NEON.LTR.GUAN053405.20161019.NDL","NEON.DOC.001710vE","Needles",0,"N",NA,"fiApssCEcSVZh4fTchGlfQK3pYYnYQUQ"
"ac94dbed-a288-4cb9-ac0a-45783746f366","GUAN_053.basePlot.ltr","D04","GUAN","GUAN_053","GUAN_053_405","2016-11-02","2016-08-23","2016-10-19","2016-10-31T18:30Z","2016-11-02T16:00Z","NEON.LTR.GUAN053405.20161019","NEON.LTR.GUAN053405.20161019.OTH","NEON.DOC.001710vE","Other",0.28,"N",NA,"fiApssCEcSVZh4fTchGlfQK3pYYnYQUQ"
"1ad4fb64-5f3d-471f-bb8e-ed64920028e4","GUAN_053.basePlot.ltr","D04","GUAN","GUAN_053","GUAN_053_405","2016-11-02","2016-08-23","2016-10-19","2016-10-31T18:30Z","2016-11-02T16:00Z","NEON.LTR.GUAN053405.20161019","NEON.LTR.GUAN053405.20161019.WDY","NEON.DOC.001710vE","Woody material",0,"N",NA,"fiApssCEcSVZh4fTchGlfQK3pYYnYQUQ"
"c7b58e2c-5594-425e-beb2-9910ed246b34","GUAN_053.basePlot.ltr","D04","GUAN","GUAN_053","GUAN_053_405","2016-11-02","2016-08-23","2016-10-19","2016-10-31T18:30Z","2016-11-02T16:00Z","NEON.LTR.GUAN053405.20161019","NEON.LTR.GUAN053405.20161019.TWI","NEON.DOC.001710vE","Twigs/branches",0.97,"N",NA,"fiApssCEcSVZh4fTchGlfQK3pYYnYQUQ"
"9ac4dda4-89d9-48f1-b913-28c24206387f","GUAN_054.basePlot.ltr","D04","GUAN","GUAN_054","GUAN_054_559","2016-11-02","2016-08-23","2016-10-19","2016-10-31T18:30Z","2016-11-02T16:00Z","NEON.LTR.GUAN054559.20161019","NEON.LTR.GUAN054559.20161019.LVS","NEON.DOC.001710vE","Leaves",29.09,"N",NA,"fiApssCEcSVZh4fTchGlfQK3pYYnYQUQ"
"921eb259-bff6-43ad-93d7-5fcb6aa108bb","GUAN_054.basePlot.ltr","D04","GUAN","GUAN_054","GUAN_054_559","2016-11-02","2016-08-23","2016-10-19","2016-10-31T18:30Z","2016-11-02T16:00Z","NEON.LTR.GUAN054559.20161019","NEON.LTR.GUAN054559.20161019.OTH","NEON.DOC.001710vE","Other",3.28,"Y",NA,"fiApssCEcSVZh4fTchGlfQK3pYYnYQUQ"
"a90867c3-d7a9-47e7-ab03-e46ea9687ad3","GUAN_053.basePlot.ltr","D04","GUAN","GUAN_053","GUAN_053_405","2016-11-02","2016-08-23","2016-10-19","2016-10-31T18:30Z","2016-11-02T16:00Z","NEON.LTR.GUAN053405.20161019","NEON.LTR.GUAN053405.20161019.SDS","NEON.DOC.001710vE","Seeds",0,"N",NA,"fiApssCEcSVZh4fTchGlfQK3pYYnYQUQ"
"30ded0dd-8121-48ba-bbd3-b71ad41ff903","GUAN_054.basePlot.ltr","D04","GUAN","GUAN_054","GUAN_054_559","2016-11-02","2016-08-23","2016-10-19","2016-10-31T18:30Z","2016-11-02T16:00Z","NEON.LTR.GUAN054559.20161019","NEON.LTR.GUAN054559.20161019.NDL","NEON.DOC.001710vE","Needles",0,"N",NA,"fiApssCEcSVZh4fTchGlfQK3pYYnYQUQ"
"c7f62af7-7d37-497e-9c57-d486d099b5e3","GUAN_054.basePlot.ltr","D04","GUAN","GUAN_054","GUAN_054_559","2016-11-02","2016-08-23","2016-10-19","2016-10-31T18:30Z","2016-11-02T16:00Z","NEON.LTR.GUAN054559.20161019","NEON.LTR.GUAN054559.20161019.SDS","NEON.DOC.001710vE","Seeds",0,"N",NA,"fiApssCEcSVZh4fTchGlfQK3pYYnYQUQ"
"e10cd557-080a-475d-aa3f-f62be4e66f56","GUAN_054.basePlot.ltr","D04","GUAN","GUAN_054","GUAN_054_559","2016-11-02","2016-08-23","2016-10-19","2016-10-31T18:30Z","2016-11-02T16:00Z","NEON.LTR.GUAN054559.20161019","NEON.LTR.GUAN054559.20161019.TWI","NEON.DOC.001710vE","Twigs/branches",5.08,"N",NA,"fiApssCEcSVZh4fTchGlfQK3pYYnYQUQ"
"68e528b5-844a-41fd-ac64-fda7dacabfe6","GUAN_054.basePlot.ltr","D04","GUAN","GUAN_054","GUAN_054_559","2016-11-02","2016-08-23","2016-10-19","2016-10-31T18:30Z","2016-11-02T16:00Z","NEON.LTR.GUAN054559.20161019","NEON.LTR.GUAN054559.20161019.WDY","NEON.DOC.001710vE","Woody material",1.66,"N",NA,"fiApssCEcSVZh4fTchGlfQK3pYYnYQUQ"
"4d5c9102-f321-42bb-9962-9255629522e1","GUAN_054.basePlot.ltr","D04","GUAN","GUAN_054","GUAN_054_880","2016-11-02","2016-08-23","2016-10-19","2016-10-31T18:30Z","2016-11-02T16:00Z","NEON.LTR.GUAN054880.20161019","NEON.LTR.GUAN054880.20161019.LVS","NEON.DOC.001710vE","Leaves",44.46,"N",NA,"fiApssCEcSVZh4fTchGlfQK3pYYnYQUQ"
"9ad578fb-2949-4ad1-88fe-cf153aeee760","GUAN_054.basePlot.ltr","D04","GUAN","GUAN_054","GUAN_054_880","2016-11-02","2016-08-23","2016-10-19","2016-10-31T18:30Z","2016-11-02T16:00Z","NEON.LTR.GUAN054880.20161019","NEON.LTR.GUAN054880.20161019.OTH","NEON.DOC.001710vE","Other",0.43,"Y",NA,"fiApssCEcSVZh4fTchGlfQK3pYYnYQUQ"
"151ab6e2-f54a-44f0-a638-dd27fe53a64f","GUAN_054.basePlot.ltr","D04","GUAN","GUAN_054","GUAN_054_880","2016-11-02","2016-08-23","2016-10-19","2016-10-31T18:30Z","2016-11-02T16:00Z","NEON.LTR.GUAN054880.20161019","NEON.LTR.GUAN054880.20161019.NDL","NEON.DOC.001710vE","Needles",0,"N",NA,"fiApssCEcSVZh4fTchGlfQK3pYYnYQUQ"
"b20a5c99-1c9f-474b-b387-86f4e765ce23","GUAN_054.basePlot.ltr","D04","GUAN","GUAN_054","GUAN_054_559","2016-11-02","2016-08-23","2016-10-19","2016-10-31T18:30Z","2016-11-02T16:00Z","NEON.LTR.GUAN054559.20161019","NEON.LTR.GUAN054559.20161019.FLR","NEON.DOC.001710vE","Flowers",0,"N",NA,"fiApssCEcSVZh4fTchGlfQK3pYYnYQUQ"
"34227f56-294f-4dd7-89a3-f599408427a3","GUAN_054.basePlot.ltr","D04","GUAN","GUAN_054","GUAN_054_880","2016-11-02","2016-08-23","2016-10-19","2016-10-31T18:30Z","2016-11-02T16:00Z","NEON.LTR.GUAN054880.20161019","NEON.LTR.GUAN054880.20161019.SDS","NEON.DOC.001710vE","Seeds",0,"N",NA,"fiApssCEcSVZh4fTchGlfQK3pYYnYQUQ"
"f5eb5b3d-9cd0-4c32-894a-350f3165f5da","GUAN_049.basePlot.ltr","D04","GUAN","GUAN_049","GUAN_049_706","2016-11-02","2016-08-23","2016-10-19","2016-10-31T18:30Z","2016-11-02T16:00Z","NEON.LTR.GUAN049706.20161019","NEON.LTR.GUAN049706.20161019.LVS","NEON.DOC.001710vE","Leaves",10.21,"N",NA,"fiApssCEcSVZh4fTchGlfQK3pYYnYQUQ"
"8eabdcf8-dab4-47e4-a327-639c0f2a9dca","GUAN_049.basePlot.ltr","D04","GUAN","GUAN_049","GUAN_049_706","2016-11-02","2016-08-23","2016-10-19","2016-10-31T18:30Z","2016-11-02T16:00Z","NEON.LTR.GUAN049706.20161019","NEON.LTR.GUAN049706.20161019.SDS","NEON.DOC.001710vE","Seeds",0.05,"N",NA,"fiApssCEcSVZh4fTchGlfQK3pYYnYQUQ"
"629bb62f-e946-4564-9c48-ba40b30ad277","GUAN_043.basePlot.ltr","D04","GUAN","GUAN_043","GUAN_043_866","2016-11-03","2016-08-23","2016-10-19","2016-10-31T18:30Z","2016-11-03T10:30Z","NEON.LTR.GUAN043866.20161019","NEON.LTR.GUAN043866.20161019.TWI","NEON.DOC.001710vE","Twigs/branches",21.35,"N",NA,"fiApssCEcSVZh4fTchGlfQK3pYYnYQUQ"
"518908dc-dfdd-4085-8384-44151e40104f","GUAN_043.basePlot.ltr","D04","GUAN","GUAN_043","GUAN_043_866","2016-11-03","2016-08-23","2016-10-19","2016-10-31T18:30Z","2016-11-03T10:30Z","NEON.LTR.GUAN043866.20161019","NEON.LTR.GUAN043866.20161019.LVS","NEON.DOC.001710vE","Leaves",0,"N",NA,"fiApssCEcSVZh4fTchGlfQK3pYYnYQUQ"
"eb280fce-22fd-427b-adff-7c36e6d0cfee","GUAN_043.basePlot.ltr","D04","GUAN","GUAN_043","GUAN_043_866","2016-11-03","2016-08-23","2016-10-19","2016-10-31T18:30Z","2016-11-03T10:30Z","NEON.LTR.GUAN043866.20161019","NEON.LTR.GUAN043866.20161019.MXT","NEON.DOC.001710vE","Mixed",0,"N",NA,"fiApssCEcSVZh4fTchGlfQK3pYYnYQUQ"
"69e2e3ba-86c9-4dca-9bcd-8aa5bed6caee","GUAN_043.basePlot.ltr","D04","GUAN","GUAN_043","GUAN_043_791","2016-11-02","2016-08-23","2016-10-19","2016-10-31T18:30Z","2016-11-02T16:00Z","NEON.LTR.GUAN043791.20161019","NEON.LTR.GUAN043791.20161019.OTH","NEON.DOC.001710vE","Other",0.67,"N",NA,"fiApssCEcSVZh4fTchGlfQK3pYYnYQUQ"
"ebd4a5e1-9cfb-4100-a87a-f3aeb0693534","GUAN_043.basePlot.ltr","D04","GUAN","GUAN_043","GUAN_043_791","2016-11-02","2016-08-23","2016-10-19","2016-10-31T18:30Z","2016-11-02T16:00Z","NEON.LTR.GUAN043791.20161019","NEON.LTR.GUAN043791.20161019.TWI","NEON.DOC.001710vE","Twigs/branches",5.31,"N",NA,"fiApssCEcSVZh4fTchGlfQK3pYYnYQUQ"
"e76bd64c-cb37-4218-86ab-1407a189024e","GUAN_043.basePlot.ltr","D04","GUAN","GUAN_043","GUAN_043_791","2016-11-02","2016-08-23","2016-10-19","2016-10-31T18:30Z","2016-11-02T16:00Z","NEON.LTR.GUAN043791.20161019","NEON.LTR.GUAN043791.20161019.WDY","NEON.DOC.001710vE","Woody material",0.48,"N",NA,"fiApssCEcSVZh4fTchGlfQK3pYYnYQUQ"
"b8e47d35-b33b-40df-9fec-b9a3e5336d3f","GUAN_043.basePlot.ltr","D04","GUAN","GUAN_043","GUAN_043_791","2016-11-02","2016-08-23","2016-10-19","2016-10-31T18:30Z","2016-11-02T16:00Z","NEON.LTR.GUAN043791.20161019","NEON.LTR.GUAN043791.20161019.NDL","NEON.DOC.001710vE","Needles",0,"N",NA,"fiApssCEcSVZh4fTchGlfQK3pYYnYQUQ"
"25b51232-a754-41f6-ad7d-712047050c55","GUAN_043.basePlot.ltr","D04","GUAN","GUAN_043","GUAN_043_791","2016-11-02","2016-08-23","2016-10-19","2016-10-31T18:30Z","2016-11-02T16:00Z","NEON.LTR.GUAN043791.20161019","NEON.LTR.GUAN043791.20161019.SDS","NEON.DOC.001710vE","Seeds",0,"N",NA,"fiApssCEcSVZh4fTchGlfQK3pYYnYQUQ"
"803aa859-62d7-4d97-a462-4fec37f533e5","GUAN_043.basePlot.ltr","D04","GUAN","GUAN_043","GUAN_043_791","2016-11-02","2016-08-23","2016-10-19","2016-10-31T18:30Z","2016-11-02T16:00Z","NEON.LTR.GUAN043791.20161019","NEON.LTR.GUAN043791.20161019.FLR","NEON.DOC.001710vE","Flowers",0,"N",NA,"fiApssCEcSVZh4fTchGlfQK3pYYnYQUQ"
"44fe52ce-0e49-42dc-ada3-f57f6656b11b","GUAN_043.basePlot.ltr","D04","GUAN","GUAN_043","GUAN_043_562","2016-11-02","2016-08-23","2016-10-19","2016-10-31T18:30Z","2016-11-02T16:00Z","NEON.LTR.GUAN043562.20161019","NEON.LTR.GUAN043562.20161019.FLR","NEON.DOC.001710vE","Flowers",0,"N",NA,"fiApssCEcSVZh4fTchGlfQK3pYYnYQUQ"
"5e46b721-d6d5-4f6f-8d88-50a9b221d93e","GUAN_043.basePlot.ltr","D04","GUAN","GUAN_043","GUAN_043_791","2016-11-02","2016-08-23","2016-10-19","2016-10-31T18:30Z","2016-11-02T16:00Z","NEON.LTR.GUAN043791.20161019","NEON.LTR.GUAN043791.20161019.LVS","NEON.DOC.001710vE","Leaves",48.7,"N",NA,"fiApssCEcSVZh4fTchGlfQK3pYYnYQUQ"
"7c86d83a-f62c-428a-8a66-068ccc2077e1","GUAN_043.basePlot.ltr","D04","GUAN","GUAN_043","GUAN_043_562","2016-11-02","2016-08-23","2016-10-19","2016-10-31T18:30Z","2016-11-02T16:00Z","NEON.LTR.GUAN043562.20161019","NEON.LTR.GUAN043562.20161019.NDL","NEON.DOC.001710vE","Needles",0,"N",NA,"fiApssCEcSVZh4fTchGlfQK3pYYnYQUQ"
"5940c953-5200-44fd-8849-cdd848c44db4","GUAN_043.basePlot.ltr","D04","GUAN","GUAN_043","GUAN_043_562","2016-11-02","2016-08-23","2016-10-19","2016-10-31T18:30Z","2016-11-02T16:00Z","NEON.LTR.GUAN043562.20161019","NEON.LTR.GUAN043562.20161019.WDY","NEON.DOC.001710vE","Woody material",1.61,"N",NA,"fiApssCEcSVZh4fTchGlfQK3pYYnYQUQ"
"59e77910-3a08-4629-9dfc-c27dc1b25dd8","GUAN_043.basePlot.ltr","D04","GUAN","GUAN_043","GUAN_043_562","2016-11-02","2016-08-23","2016-10-19","2016-10-31T18:30Z","2016-11-02T16:00Z","NEON.LTR.GUAN043562.20161019","NEON.LTR.GUAN043562.20161019.TWI","NEON.DOC.001710vE","Twigs/branches",0.37,"N",NA,"fiApssCEcSVZh4fTchGlfQK3pYYnYQUQ"
"d87ed9e8-ec53-446e-92c3-5e009130c7c7","GUAN_043.basePlot.ltr","D04","GUAN","GUAN_043","GUAN_043_562","2016-11-02","2016-08-23","2016-10-19","2016-10-31T18:30Z","2016-11-02T16:00Z","NEON.LTR.GUAN043562.20161019","NEON.LTR.GUAN043562.20161019.SDS","NEON.DOC.001710vE","Seeds",0.01,"Y",NA,"fiApssCEcSVZh4fTchGlfQK3pYYnYQUQ"
"4ab10a46-d738-4f76-a689-ba89f297a4e0","GUAN_043.basePlot.ltr","D04","GUAN","GUAN_043","GUAN_043_562","2016-11-02","2016-08-23","2016-10-19","2016-10-31T18:30Z","2016-11-02T16:00Z","NEON.LTR.GUAN043562.20161019","NEON.LTR.GUAN043562.20161019.OTH","NEON.DOC.001710vE","Other",1.39,"N",NA,"fiApssCEcSVZh4fTchGlfQK3pYYnYQUQ"
"4a146185-ef38-4d1b-b18c-d1be6c6386e0","GUAN_042.basePlot.ltr","D04","GUAN","GUAN_042","GUAN_042_162","2016-11-02","2016-08-23","2016-10-19","2016-10-31T18:30Z","2016-11-02T16:00Z","NEON.LTR.GUAN042162.20161019","NEON.LTR.GUAN042162.20161019.TWI","NEON.DOC.001710vE","Twigs/branches",8.71,"N",NA,"fiApssCEcSVZh4fTchGlfQK3pYYnYQUQ"
"e56a884a-10e4-479d-8fe1-5b625cca5f3d","GUAN_042.basePlot.ltr","D04","GUAN","GUAN_042","GUAN_042_162","2016-11-02","2016-08-23","2016-10-19","2016-10-31T18:30Z","2016-11-02T16:00Z","NEON.LTR.GUAN042162.20161019","NEON.LTR.GUAN042162.20161019.WDY","NEON.DOC.001710vE","Woody material",1.27,"N",NA,"fiApssCEcSVZh4fTchGlfQK3pYYnYQUQ"
"dc0e4302-ea8f-49d0-abe0-948683ab4f82","GUAN_043.basePlot.ltr","D04","GUAN","GUAN_043","GUAN_043_562","2016-11-02","2016-08-23","2016-10-19","2016-10-31T18:30Z","2016-11-02T16:00Z","NEON.LTR.GUAN043562.20161019","NEON.LTR.GUAN043562.20161019.LVS","NEON.DOC.001710vE","Leaves",6.44,"N",NA,"fiApssCEcSVZh4fTchGlfQK3pYYnYQUQ"
"6dd56ad9-f827-4214-b545-0ec0f30a772c","GUAN_042.basePlot.ltr","D04","GUAN","GUAN_042","GUAN_042_162","2016-11-02","2016-08-23","2016-10-19","2016-10-31T18:30Z","2016-11-02T16:00Z","NEON.LTR.GUAN042162.20161019","NEON.LTR.GUAN042162.20161019.NDL","NEON.DOC.001710vE","Needles",0,"N",NA,"fiApssCEcSVZh4fTchGlfQK3pYYnYQUQ"
"00406df8-3925-4197-a10b-84f476052f79","GUAN_042.basePlot.ltr","D04","GUAN","GUAN_042","GUAN_042_162","2016-11-02","2016-08-23","2016-10-19","2016-10-31T18:30Z","2016-11-02T16:00Z","NEON.LTR.GUAN042162.20161019","NEON.LTR.GUAN042162.20161019.SDS","NEON.DOC.001710vE","Seeds",0,"N",NA,"fiApssCEcSVZh4fTchGlfQK3pYYnYQUQ"
"6206f535-fb45-46b0-9da2-41ddadccfa79","GUAN_056.basePlot.ltr","D04","GUAN","GUAN_056","GUAN_056_062","2016-11-02","2016-08-23","2016-10-19","2016-10-31T18:30Z","2016-11-02T16:00Z","NEON.LTR.GUAN056062.20161019","NEON.LTR.GUAN056062.20161019.NDL","NEON.DOC.001710vE","Needles",0,"N",NA,"8rHzSbnDOXjpaitjHXu3bvZcWZBazBT3Z6JypCrOTws="
"9405010b-f9c8-4e95-b4ac-6f126a6ac065","GUAN_056.basePlot.ltr","D04","GUAN","GUAN_056","GUAN_056_062","2016-11-02","2016-08-23","2016-10-19","2016-10-31T18:30Z","2016-11-02T16:00Z","NEON.LTR.GUAN056062.20161019","NEON.LTR.GUAN056062.20161019.WDY","NEON.DOC.001710vE","Woody material",0.76,"N",NA,"8rHzSbnDOXjpaitjHXu3bvZcWZBazBT3Z6JypCrOTws="
"6f1c3754-a80f-4649-92f2-16a79aad96bb","GUAN_056.basePlot.ltr","D04","GUAN","GUAN_056","GUAN_056_062","2016-11-02","2016-08-23","2016-10-19","2016-10-31T18:30Z","2016-11-02T16:00Z","NEON.LTR.GUAN056062.20161019","NEON.LTR.GUAN056062.20161019.TWI","NEON.DOC.001710vE","Twigs/branches",5.15,"N",NA,"8rHzSbnDOXjpaitjHXu3bvZcWZBazBT3Z6JypCrOTws="
"0a856d7b-dfbd-41a6-a87e-e387bd89d130","GUAN_046.basePlot.ltr","D04","GUAN","GUAN_046","GUAN_046_824","2016-11-02","2016-08-23","2016-10-19","2016-10-31T18:30Z","2016-11-02T16:00Z","NEON.LTR.GUAN046824.20161019","NEON.LTR.GUAN046824.20161019.LVS","NEON.DOC.001710vE","Leaves",11.17,"N",NA,"8rHzSbnDOXjpaitjHXu3bvZcWZBazBT3Z6JypCrOTws="
"576c4b25-39f9-409e-aff8-ec21fe7a5e9d","GUAN_046.basePlot.ltr","D04","GUAN","GUAN_046","GUAN_046_824","2016-11-02","2016-08-23","2016-10-19","2016-10-31T18:30Z","2016-11-02T16:00Z","NEON.LTR.GUAN046824.20161019","NEON.LTR.GUAN046824.20161019.SDS","NEON.DOC.001710vE","Seeds",0.08,"N",NA,"8rHzSbnDOXjpaitjHXu3bvZcWZBazBT3Z6JypCrOTws="
"7a0385b9-ffec-48c4-b5d2-f63cb208a2ba","GUAN_046.basePlot.ltr","D04","GUAN","GUAN_046","GUAN_046_824","2016-11-02","2016-08-23","2016-10-19","2016-10-31T18:30Z","2016-11-02T16:00Z","NEON.LTR.GUAN046824.20161019","NEON.LTR.GUAN046824.20161019.FLR","NEON.DOC.001710vE","Flowers",0.01,"N",NA,"8rHzSbnDOXjpaitjHXu3bvZcWZBazBT3Z6JypCrOTws="
"0d63936a-8dc8-40d6-bd18-c46c71cdad0f","GUAN_046.basePlot.ltr","D04","GUAN","GUAN_046","GUAN_046_824","2016-11-02","2016-08-23","2016-10-19","2016-10-31T18:30Z","2016-11-02T16:00Z","NEON.LTR.GUAN046824.20161019","NEON.LTR.GUAN046824.20161019.OTH","NEON.DOC.001710vE","Other",0.01,"N",NA,"8rHzSbnDOXjpaitjHXu3bvZcWZBazBT3Z6JypCrOTws="
"b4f16465-9361-4fc4-bc15-bdcb9c3cdcb9","GUAN_046.basePlot.ltr","D04","GUAN","GUAN_046","GUAN_046_824","2016-11-02","2016-08-23","2016-10-19","2016-10-31T18:30Z","2016-11-02T16:00Z","NEON.LTR.GUAN046824.20161019","NEON.LTR.GUAN046824.20161019.TWI","NEON.DOC.001710vE","Twigs/branches",5.85,"N",NA,"8rHzSbnDOXjpaitjHXu3bvZcWZBazBT3Z6JypCrOTws="
"1971fe7a-0033-4088-b17c-1f3030962288","GUAN_046.basePlot.ltr","D04","GUAN","GUAN_046","GUAN_046_824","2016-11-02","2016-08-23","2016-10-19","2016-10-31T18:30Z","2016-11-02T16:00Z","NEON.LTR.GUAN046824.20161019","NEON.LTR.GUAN046824.20161019.WDY","NEON.DOC.001710vE","Woody material",1.02,"N",NA,"8rHzSbnDOXjpaitjHXu3bvZcWZBazBT3Z6JypCrOTws="
"a05d4380-de3f-4367-99a8-5517b77a4132","GUAN_046.basePlot.ltr","D04","GUAN","GUAN_046","GUAN_046_824","2016-11-02","2016-08-23","2016-10-19","2016-10-31T18:30Z","2016-11-02T16:00Z","NEON.LTR.GUAN046824.20161019","NEON.LTR.GUAN046824.20161019.NDL","NEON.DOC.001710vE","Needles",0,"N",NA,"8rHzSbnDOXjpaitjHXu3bvZcWZBazBT3Z6JypCrOTws="
"c4918f4d-af89-4077-9b3e-27a723d8c424","GUAN_046.basePlot.ltr","D04","GUAN","GUAN_046","GUAN_046_021","2016-11-02","2016-08-23","2016-10-19","2016-10-31T18:30Z","2016-11-02T16:00Z","NEON.LTR.GUAN046021.20161019","NEON.LTR.GUAN046021.20161019.OTH","NEON.DOC.001710vE","Other",0.11,"N",NA,"8rHzSbnDOXjpaitjHXu3bvZcWZBazBT3Z6JypCrOTws="
"812e6a88-9df8-46d1-beb4-a0fcb8cbe4fe","GUAN_046.basePlot.ltr","D04","GUAN","GUAN_046","GUAN_046_021","2016-11-02","2016-08-23","2016-10-19","2016-10-31T18:30Z","2016-11-02T16:00Z","NEON.LTR.GUAN046021.20161019","NEON.LTR.GUAN046021.20161019.FLR","NEON.DOC.001710vE","Flowers",0.22,"N",NA,"8rHzSbnDOXjpaitjHXu3bvZcWZBazBT3Z6JypCrOTws="
"cd9520b9-c892-48d2-b800-e80da4dcd312","GUAN_046.basePlot.ltr","D04","GUAN","GUAN_046","GUAN_046_021","2016-11-02","2016-08-23","2016-10-19","2016-10-31T18:30Z","2016-11-02T16:00Z","NEON.LTR.GUAN046021.20161019","NEON.LTR.GUAN046021.20161019.SDS","NEON.DOC.001710vE","Seeds",0.06,"N",NA,"8rHzSbnDOXjpaitjHXu3bvZcWZBazBT3Z6JypCrOTws="
"fec73310-a1d1-44d4-a970-4331f48ce6b4","GUAN_046.basePlot.ltr","D04","GUAN","GUAN_046","GUAN_046_021","2016-11-02","2016-08-23","2016-10-19","2016-10-31T18:30Z","2016-11-02T16:00Z","NEON.LTR.GUAN046021.20161019","NEON.LTR.GUAN046021.20161019.LVS","NEON.DOC.001710vE","Leaves",14.64,"N",NA,"8rHzSbnDOXjpaitjHXu3bvZcWZBazBT3Z6JypCrOTws="
"e5fdc46b-805e-49d4-80fb-85d57d6463f1","GUAN_046.basePlot.ltr","D04","GUAN","GUAN_046","GUAN_046_021","2016-11-02","2016-08-23","2016-10-19","2016-10-31T18:30Z","2016-11-02T16:00Z","NEON.LTR.GUAN046021.20161019","NEON.LTR.GUAN046021.20161019.NDL","NEON.DOC.001710vE","Needles",0,"N",NA,"8rHzSbnDOXjpaitjHXu3bvZcWZBazBT3Z6JypCrOTws="
"a302833e-6b62-4c49-aa86-9b38548b2e2a","GUAN_046.basePlot.ltr","D04","GUAN","GUAN_046","GUAN_046_021","2016-11-02","2016-08-23","2016-10-19","2016-10-31T18:30Z","2016-11-02T16:00Z","NEON.LTR.GUAN046021.20161019","NEON.LTR.GUAN046021.20161019.WDY","NEON.DOC.001710vE","Woody material",0,"N",NA,"8rHzSbnDOXjpaitjHXu3bvZcWZBazBT3Z6JypCrOTws="
"826fb28a-4075-46c4-9f6a-05bd3a811a31","GUAN_055.basePlot.ltr","D04","GUAN","GUAN_055","GUAN_055_896","2016-11-02","2016-08-23","2016-10-19","2016-10-31T18:30Z","2016-11-02T16:00Z","NEON.LTR.GUAN055896.20161019","NEON.LTR.GUAN055896.20161019.OTH","NEON.DOC.001710vE","Other",0.07,"Y",NA,"8rHzSbnDOXjpaitjHXu3bvZcWZBazBT3Z6JypCrOTws="
"08054e74-38d8-40f4-b793-3c1e5e523328","GUAN_055.basePlot.ltr","D04","GUAN","GUAN_055","GUAN_055_896","2016-11-02","2016-08-23","2016-10-19","2016-10-31T18:30Z","2016-11-02T16:00Z","NEON.LTR.GUAN055896.20161019","NEON.LTR.GUAN055896.20161019.LVS","NEON.DOC.001710vE","Leaves",21.77,"Y",NA,"8rHzSbnDOXjpaitjHXu3bvZcWZBazBT3Z6JypCrOTws="
"aec7f67c-8ddd-4f50-ae3a-76fce8c06a75","GUAN_055.basePlot.ltr","D04","GUAN","GUAN_055","GUAN_055_896","2016-11-02","2016-08-23","2016-10-19","2016-10-31T18:30Z","2016-11-02T16:00Z","NEON.LTR.GUAN055896.20161019","NEON.LTR.GUAN055896.20161019.NDL","NEON.DOC.001710vE","Needles",0,"N",NA,"8rHzSbnDOXjpaitjHXu3bvZcWZBazBT3Z6JypCrOTws="
"83959c28-e821-4a7e-8bc1-f21455c0e35c","GUAN_046.basePlot.ltr","D04","GUAN","GUAN_046","GUAN_046_021","2016-11-02","2016-08-23","2016-10-19","2016-10-31T18:30Z","2016-11-02T16:00Z","NEON.LTR.GUAN046021.20161019","NEON.LTR.GUAN046021.20161019.TWI","NEON.DOC.001710vE","Twigs/branches",1.77,"N",NA,"8rHzSbnDOXjpaitjHXu3bvZcWZBazBT3Z6JypCrOTws="
"5d319aab-c80f-4f9c-94ca-c132deaff385","GUAN_055.basePlot.ltr","D04","GUAN","GUAN_055","GUAN_055_896","2016-11-02","2016-08-23","2016-10-19","2016-10-31T18:30Z","2016-11-02T16:00Z","NEON.LTR.GUAN055896.20161019","NEON.LTR.GUAN055896.20161019.WDY","NEON.DOC.001710vE","Woody material",0,"N",NA,"8rHzSbnDOXjpaitjHXu3bvZcWZBazBT3Z6JypCrOTws="
"9540cb0e-23d8-4699-9eed-4ba96c49f4cf","GUAN_055.basePlot.ltr","D04","GUAN","GUAN_055","GUAN_055_896","2016-11-02","2016-08-23","2016-10-19","2016-10-31T18:30Z","2016-11-02T16:00Z","NEON.LTR.GUAN055896.20161019","NEON.LTR.GUAN055896.20161019.FLR","NEON.DOC.001710vE","Flowers",0,"N",NA,"8rHzSbnDOXjpaitjHXu3bvZcWZBazBT3Z6JypCrOTws="
"850feedd-a21d-4dad-a234-370040aa6ecc","GUAN_055.basePlot.ltr","D04","GUAN","GUAN_055","GUAN_055_896","2016-11-02","2016-08-23","2016-10-19","2016-10-31T18:30Z","2016-11-02T16:00Z","NEON.LTR.GUAN055896.20161019","NEON.LTR.GUAN055896.20161019.SDS","NEON.DOC.001710vE","Seeds",0,"N",NA,"8rHzSbnDOXjpaitjHXu3bvZcWZBazBT3Z6JypCrOTws="
"a8e0414a-6abb-4cb0-9571-5ceaf382cd00","GUAN_055.basePlot.ltr","D04","GUAN","GUAN_055","GUAN_055_896","2016-11-02","2016-08-23","2016-10-19","2016-10-31T18:30Z","2016-11-02T16:00Z","NEON.LTR.GUAN055896.20161019","NEON.LTR.GUAN055896.20161019.TWI","NEON.DOC.001710vE","Twigs/branches",0.88,"N",NA,"8rHzSbnDOXjpaitjHXu3bvZcWZBazBT3Z6JypCrOTws="
"63cbb198-546a-40c0-9659-3c192ab08f8e","GUAN_042.basePlot.ltr","D04","GUAN","GUAN_042","GUAN_042_162","2016-11-02","2016-08-23","2016-10-19","2016-10-31T18:30Z","2016-11-02T16:00Z","NEON.LTR.GUAN042162.20161019","NEON.LTR.GUAN042162.20161019.LVS","NEON.DOC.001710vE","Leaves",44.86,"N",NA,"fiApssCEcSVZh4fTchGlfQK3pYYnYQUQ"
"e39c6b5d-fabd-4420-bd29-84f77df9c3a1","GUAN_042.basePlot.ltr","D04","GUAN","GUAN_042","GUAN_042_162","2016-11-02","2016-08-23","2016-10-19","2016-10-31T18:30Z","2016-11-02T16:00Z","NEON.LTR.GUAN042162.20161019","NEON.LTR.GUAN042162.20161019.FLR","NEON.DOC.001710vE","Flowers",0.39,"Y",NA,"fiApssCEcSVZh4fTchGlfQK3pYYnYQUQ"
"5ba3aa30-e3d3-47f6-801b-8b83d187b4a0","GUAN_042.basePlot.ltr","D04","GUAN","GUAN_042","GUAN_042_162","2016-11-02","2016-08-23","2016-10-19","2016-10-31T18:30Z","2016-11-02T16:00Z","NEON.LTR.GUAN042162.20161019","NEON.LTR.GUAN042162.20161019.OTH","NEON.DOC.001710vE","Other",0.58,"Y",NA,"fiApssCEcSVZh4fTchGlfQK3pYYnYQUQ"
"d9f77eaf-883a-452b-b311-7f3a9ebb6029","GUAN_045.basePlot.ltr","D04","GUAN","GUAN_045","GUAN_045_132","2016-11-02","2016-08-23","2016-10-19","2016-10-31T18:30Z","2016-11-02T16:00Z","NEON.LTR.GUAN045132.20161019","NEON.LTR.GUAN045132.20161019.LVS","NEON.DOC.001710vE","Leaves",17.07,"N",NA,"8rHzSbnDOXjpaitjHXu3bvZcWZBazBT3Z6JypCrOTws="
"e722b270-61bf-4e2c-ac8b-45fdb1813d11","GUAN_045.basePlot.ltr","D04","GUAN","GUAN_045","GUAN_045_132","2016-11-02","2016-08-23","2016-10-19","2016-10-31T18:30Z","2016-11-02T16:00Z","NEON.LTR.GUAN045132.20161019","NEON.LTR.GUAN045132.20161019.SDS","NEON.DOC.001710vE","Seeds",0.61,"Y",NA,"8rHzSbnDOXjpaitjHXu3bvZcWZBazBT3Z6JypCrOTws="
"650fcb03-8002-4a19-a61b-52c63fc89d3d","GUAN_056.basePlot.ltr","D04","GUAN","GUAN_056","GUAN_056_062","2016-11-02","2016-08-23","2016-10-19","2016-10-31T18:30Z","2016-11-02T16:00Z","NEON.LTR.GUAN056062.20161019","NEON.LTR.GUAN056062.20161019.SDS","NEON.DOC.001710vE","Seeds",0.03,"N",NA,"8rHzSbnDOXjpaitjHXu3bvZcWZBazBT3Z6JypCrOTws="
"bd0dfbb7-89d0-48d2-a162-a2e57c532a91","GUAN_056.basePlot.ltr","D04","GUAN","GUAN_056","GUAN_056_062","2016-11-02","2016-08-23","2016-10-19","2016-10-31T18:30Z","2016-11-02T16:00Z","NEON.LTR.GUAN056062.20161019","NEON.LTR.GUAN056062.20161019.FLR","NEON.DOC.001710vE","Flowers",0.19,"N",NA,"8rHzSbnDOXjpaitjHXu3bvZcWZBazBT3Z6JypCrOTws="
"99e29289-f8bc-4866-9e47-c7247e68d38f","GUAN_056.basePlot.ltr","D04","GUAN","GUAN_056","GUAN_056_062","2016-11-02","2016-08-23","2016-10-19","2016-10-31T18:30Z","2016-11-02T16:00Z","NEON.LTR.GUAN056062.20161019","NEON.LTR.GUAN056062.20161019.LVS","NEON.DOC.001710vE","Leaves",15.72,"N",NA,"8rHzSbnDOXjpaitjHXu3bvZcWZBazBT3Z6JypCrOTws="
"3f1c5f82-d936-41ec-a2e1-c0c5b667546a","GUAN_045.basePlot.ltr","D04","GUAN","GUAN_045","GUAN_045_132","2016-11-02","2016-08-23","2016-10-19","2016-10-31T18:30Z","2016-11-02T16:00Z","NEON.LTR.GUAN045132.20161019","NEON.LTR.GUAN045132.20161019.FLR","NEON.DOC.001710vE","Flowers",0.22,"N",NA,"8rHzSbnDOXjpaitjHXu3bvZcWZBazBT3Z6JypCrOTws="
"2eec791b-7d72-4a72-928c-d76334dd6007","GUAN_056.basePlot.ltr","D04","GUAN","GUAN_056","GUAN_056_693","2016-11-02","2016-08-23","2016-10-19","2016-10-31T18:30Z","2016-11-02T16:00Z","NEON.LTR.GUAN056693.20161019","NEON.LTR.GUAN056693.20161019.TWI","NEON.DOC.001710vE","Twigs/branches",0.11,"N",NA,"8rHzSbnDOXjpaitjHXu3bvZcWZBazBT3Z6JypCrOTws="
"0ac14f32-7f1e-4ec7-b1cd-bd9dac0af869","GUAN_056.basePlot.ltr","D04","GUAN","GUAN_056","GUAN_056_062","2016-11-02","2016-08-23","2016-10-19","2016-10-31T18:30Z","2016-11-02T16:00Z","NEON.LTR.GUAN056062.20161019","NEON.LTR.GUAN056062.20161019.OTH","NEON.DOC.001710vE","Other",0,"N",NA,"8rHzSbnDOXjpaitjHXu3bvZcWZBazBT3Z6JypCrOTws="
"fa72be9b-b460-4261-8489-b409f4fc8c9d","GUAN_056.basePlot.ltr","D04","GUAN","GUAN_056","GUAN_056_693","2016-11-02","2016-08-23","2016-10-19","2016-10-31T18:30Z","2016-11-02T16:00Z","NEON.LTR.GUAN056693.20161019","NEON.LTR.GUAN056693.20161019.FLR","NEON.DOC.001710vE","Flowers",0,"N",NA,"8rHzSbnDOXjpaitjHXu3bvZcWZBazBT3Z6JypCrOTws="
"288b4d0b-1333-4abc-9a2f-353e09e1c153","GUAN_056.basePlot.ltr","D04","GUAN","GUAN_056","GUAN_056_693","2016-11-02","2016-08-23","2016-10-19","2016-10-31T18:30Z","2016-11-02T16:00Z","NEON.LTR.GUAN056693.20161019","NEON.LTR.GUAN056693.20161019.WDY","NEON.DOC.001710vE","Woody material",0.01,"N",NA,"8rHzSbnDOXjpaitjHXu3bvZcWZBazBT3Z6JypCrOTws="
"d9ccd08b-c99c-437d-9ac0-158c92f214e2","GUAN_056.basePlot.ltr","D04","GUAN","GUAN_056","GUAN_056_693","2016-11-02","2016-08-23","2016-10-19","2016-10-31T18:30Z","2016-11-02T16:00Z","NEON.LTR.GUAN056693.20161019","NEON.LTR.GUAN056693.20161019.SDS","NEON.DOC.001710vE","Seeds",2.47,"Y",NA,"8rHzSbnDOXjpaitjHXu3bvZcWZBazBT3Z6JypCrOTws="
"f3c5104e-aefc-4f15-bb57-bcc9ae459407","GUAN_056.basePlot.ltr","D04","GUAN","GUAN_056","GUAN_056_693","2016-11-02","2016-08-23","2016-10-19","2016-10-31T18:30Z","2016-11-02T16:00Z","NEON.LTR.GUAN056693.20161019","NEON.LTR.GUAN056693.20161019.LVS","NEON.DOC.001710vE","Leaves",0.01,"N",NA,"8rHzSbnDOXjpaitjHXu3bvZcWZBazBT3Z6JypCrOTws="
"986f99fe-28ee-45cb-8d4d-97cdc9c6df1d","GUAN_056.basePlot.ltr","D04","GUAN","GUAN_056","GUAN_056_693","2016-11-02","2016-08-23","2016-10-19","2016-10-31T18:30Z","2016-11-02T16:00Z","NEON.LTR.GUAN056693.20161019","NEON.LTR.GUAN056693.20161019.NDL","NEON.DOC.001710vE","Needles",0,"N",NA,"8rHzSbnDOXjpaitjHXu3bvZcWZBazBT3Z6JypCrOTws="
"9c801826-523b-47ff-b40c-0c081ccd66e0","GUAN_045.basePlot.ltr","D04","GUAN","GUAN_045","GUAN_045_932","2016-11-02","2016-08-23","2016-10-19","2016-10-31T18:30Z","2016-11-02T16:00Z","NEON.LTR.GUAN045932.20161019","NEON.LTR.GUAN045932.20161019.WDY","NEON.DOC.001710vE","Woody material",0.33,"N",NA,"8rHzSbnDOXjpaitjHXu3bvZcWZBazBT3Z6JypCrOTws="
"df23ffcd-45e0-449f-9b4e-b463d0167966","GUAN_045.basePlot.ltr","D04","GUAN","GUAN_045","GUAN_045_932","2016-11-02","2016-08-23","2016-10-19","2016-10-31T18:30Z","2016-11-02T16:00Z","NEON.LTR.GUAN045932.20161019","NEON.LTR.GUAN045932.20161019.TWI","NEON.DOC.001710vE","Twigs/branches",2.66,"N",NA,"8rHzSbnDOXjpaitjHXu3bvZcWZBazBT3Z6JypCrOTws="
"fb8edb36-3d7c-413b-8591-85d5e9ad2cd0","GUAN_056.basePlot.ltr","D04","GUAN","GUAN_056","GUAN_056_693","2016-11-02","2016-08-23","2016-10-19","2016-10-31T18:30Z","2016-11-02T16:00Z","NEON.LTR.GUAN056693.20161019","NEON.LTR.GUAN056693.20161019.OTH","NEON.DOC.001710vE","Other",0.09,"N",NA,"8rHzSbnDOXjpaitjHXu3bvZcWZBazBT3Z6JypCrOTws="
"df80177d-eb77-40bf-b0fe-25970a69f4cc","GUAN_045.basePlot.ltr","D04","GUAN","GUAN_045","GUAN_045_932","2016-11-02","2016-08-23","2016-10-19","2016-10-31T18:30Z","2016-11-02T16:00Z","NEON.LTR.GUAN045932.20161019","NEON.LTR.GUAN045932.20161019.NDL","NEON.DOC.001710vE","Needles",0,"N",NA,"8rHzSbnDOXjpaitjHXu3bvZcWZBazBT3Z6JypCrOTws="
"5b77ed37-0b32-4ec2-a09a-fe590827a266","GUAN_045.basePlot.ltr","D04","GUAN","GUAN_045","GUAN_045_932","2016-11-02","2016-08-23","2016-10-19","2016-10-31T18:30Z","2016-11-02T16:00Z","NEON.LTR.GUAN045932.20161019","NEON.LTR.GUAN045932.20161019.FLR","NEON.DOC.001710vE","Flowers",0,"N",NA,"8rHzSbnDOXjpaitjHXu3bvZcWZBazBT3Z6JypCrOTws="
"95189b21-412d-492b-b247-59fdd7e1918e","GUAN_045.basePlot.ltr","D04","GUAN","GUAN_045","GUAN_045_932","2016-11-02","2016-08-23","2016-10-19","2016-10-31T18:30Z","2016-11-02T16:00Z","NEON.LTR.GUAN045932.20161019","NEON.LTR.GUAN045932.20161019.OTH","NEON.DOC.001710vE","Other",0.35,"N",NA,"8rHzSbnDOXjpaitjHXu3bvZcWZBazBT3Z6JypCrOTws="
"baf9207c-734e-439a-95bc-f403776102f2","GUAN_045.basePlot.ltr","D04","GUAN","GUAN_045","GUAN_045_932","2016-11-02","2016-08-23","2016-10-19","2016-10-31T18:30Z","2016-11-02T16:00Z","NEON.LTR.GUAN045932.20161019","NEON.LTR.GUAN045932.20161019.SDS","NEON.DOC.001710vE","Seeds",0.69,"N",NA,"8rHzSbnDOXjpaitjHXu3bvZcWZBazBT3Z6JypCrOTws="
"b948c16b-0355-4f44-92e4-556c9da95c54","GUAN_045.basePlot.ltr","D04","GUAN","GUAN_045","GUAN_045_932","2016-11-02","2016-08-23","2016-10-19","2016-10-31T18:30Z","2016-11-02T16:00Z","NEON.LTR.GUAN045932.20161019","NEON.LTR.GUAN045932.20161019.LVS","NEON.DOC.001710vE","Leaves",30.84,"N",NA,"8rHzSbnDOXjpaitjHXu3bvZcWZBazBT3Z6JypCrOTws="
"2122def0-0d2c-4223-b558-6844780a016d","GUAN_045.basePlot.ltr","D04","GUAN","GUAN_045","GUAN_045_132","2016-11-02","2016-08-23","2016-10-19","2016-10-31T18:30Z","2016-11-02T16:00Z","NEON.LTR.GUAN045132.20161019","NEON.LTR.GUAN045132.20161019.OTH","NEON.DOC.001710vE","Other",0.13,"N",NA,"8rHzSbnDOXjpaitjHXu3bvZcWZBazBT3Z6JypCrOTws="
"eb35533e-73fd-4e10-9ce4-715196047666","GUAN_045.basePlot.ltr","D04","GUAN","GUAN_045","GUAN_045_132","2016-11-02","2016-08-23","2016-10-19","2016-10-31T18:30Z","2016-11-02T16:00Z","NEON.LTR.GUAN045132.20161019","NEON.LTR.GUAN045132.20161019.WDY","NEON.DOC.001710vE","Woody material",0,"N",NA,"8rHzSbnDOXjpaitjHXu3bvZcWZBazBT3Z6JypCrOTws="
"7750dddb-0cee-4998-82ba-1a408f339069","GUAN_045.basePlot.ltr","D04","GUAN","GUAN_045","GUAN_045_132","2016-11-02","2016-08-23","2016-10-19","2016-10-31T18:30Z","2016-11-02T16:00Z","NEON.LTR.GUAN045132.20161019","NEON.LTR.GUAN045132.20161019.TWI","NEON.DOC.001710vE","Twigs/branches",0.13,"Y",NA,"8rHzSbnDOXjpaitjHXu3bvZcWZBazBT3Z6JypCrOTws="
"7f9a024f-ddf6-4c88-ae45-835ebd0de4b8","GUAN_045.basePlot.ltr","D04","GUAN","GUAN_045","GUAN_045_132","2016-11-02","2016-08-23","2016-10-19","2016-10-31T18:30Z","2016-11-02T16:00Z","NEON.LTR.GUAN045132.20161019","NEON.LTR.GUAN045132.20161019.NDL","NEON.DOC.001710vE","Needles",0,"N",NA,"8rHzSbnDOXjpaitjHXu3bvZcWZBazBT3Z6JypCrOTws="
"02f01d24-03e6-4d0e-9a36-c28574f574d6","GUAN_048.basePlot.ltr","D04","GUAN","GUAN_048","GUAN_048_773","2016-11-03","2016-08-23","2016-10-20","2016-10-31T18:30Z","2016-11-03T10:30Z","NEON.LTR.GUAN048773.20161020","NEON.LTR.GUAN048773.20161020.MXT","NEON.DOC.001710vE","Mixed",0,"N",NA,"fiApssCEcSVZh4fTchGlfQK3pYYnYQUQ"
"1d65da4d-a490-43c8-86e5-0ea2731157aa","GUAN_047.basePlot.ltr","D04","GUAN","GUAN_047","GUAN_047_767","2016-11-03","2016-08-23","2016-10-20","2016-10-31T18:30Z","2016-11-03T10:30Z","NEON.LTR.GUAN047767.20161020","NEON.LTR.GUAN047767.20161020.LVS","NEON.DOC.001710vE","Leaves",0.25,"N",NA,"fiApssCEcSVZh4fTchGlfQK3pYYnYQUQ"
"cf2b5413-703c-46c1-acda-68f3dd35bc4f","GUAN_048.basePlot.ltr","D04","GUAN","GUAN_048","GUAN_048_773","2016-11-03","2016-08-23","2016-10-20","2016-10-31T18:30Z","2016-11-03T10:30Z","NEON.LTR.GUAN048773.20161020","NEON.LTR.GUAN048773.20161020.TWI","NEON.DOC.001710vE","Twigs/branches",277.04,"N",NA,"fiApssCEcSVZh4fTchGlfQK3pYYnYQUQ"
"6f79d03c-8fe2-4aa1-9259-72654820d275","GUAN_050.basePlot.ltr","D04","GUAN","GUAN_050","GUAN_050_178","2016-11-03","2016-08-23","2016-10-20","2016-10-31T18:30Z","2016-11-03T10:30Z","NEON.LTR.GUAN050178.20161020","NEON.LTR.GUAN050178.20161020.LVS","NEON.DOC.001710vE","Leaves",0,"N",NA,"fiApssCEcSVZh4fTchGlfQK3pYYnYQUQ"
"3a4a6a33-6175-4fae-95e4-c08e5c9cb876","GUAN_050.basePlot.ltr","D04","GUAN","GUAN_050","GUAN_050_178","2016-11-03","2016-08-23","2016-10-20","2016-10-31T18:30Z","2016-11-03T10:30Z","NEON.LTR.GUAN050178.20161020","NEON.LTR.GUAN050178.20161020.MXT","NEON.DOC.001710vE","Mixed",0,"N",NA,"fiApssCEcSVZh4fTchGlfQK3pYYnYQUQ"
"bece7229-3fb1-4829-85c4-bbd32c30e98e","GUAN_048.basePlot.ltr","D04","GUAN","GUAN_048","GUAN_048_773","2016-11-03","2016-08-23","2016-10-20","2016-10-31T18:30Z","2016-11-03T10:30Z","NEON.LTR.GUAN048773.20161020","NEON.LTR.GUAN048773.20161020.LVS","NEON.DOC.001710vE","Leaves",0,"N",NA,"fiApssCEcSVZh4fTchGlfQK3pYYnYQUQ"
"075cff66-cef0-48cd-9295-61276deda9e5","GUAN_047.basePlot.ltr","D04","GUAN","GUAN_047","GUAN_047_178","2016-11-03","2016-08-23","2016-10-20","2016-10-31T18:30Z","2016-11-03T10:30Z","NEON.LTR.GUAN047178.20161020","NEON.LTR.GUAN047178.20161020.LVS","NEON.DOC.001710vE","Leaves",0,"N",NA,"8rHzSbnDOXjpaitjHXu3bvZcWZBazBT3Z6JypCrOTws="
"b3409073-4666-44dd-a921-b2c66865a65e","GUAN_047.basePlot.ltr","D04","GUAN","GUAN_047","GUAN_047_178","2016-11-03","2016-08-23","2016-10-20","2016-10-31T18:30Z","2016-11-03T10:30Z","NEON.LTR.GUAN047178.20161020","NEON.LTR.GUAN047178.20161020.MXT","NEON.DOC.001710vE","Mixed",0,"N",NA,"8rHzSbnDOXjpaitjHXu3bvZcWZBazBT3Z6JypCrOTws="
"a5d464c2-57cb-480b-ad9e-f5d87387a38c","GUAN_048.basePlot.ltr","D04","GUAN","GUAN_048","GUAN_048_040","2016-11-03","2016-08-23","2016-10-20","2016-10-31T18:30Z","2016-11-03T10:30Z","NEON.LTR.GUAN048040.20161020","NEON.LTR.GUAN048040.20161020.LVS","NEON.DOC.001710vE","Leaves",0,"N",NA,"8rHzSbnDOXjpaitjHXu3bvZcWZBazBT3Z6JypCrOTws="
"6a32e162-c548-43dd-a142-13dff49b4ef1","GUAN_047.basePlot.ltr","D04","GUAN","GUAN_047","GUAN_047_767","2016-11-03","2016-08-23","2016-10-20","2016-10-31T18:30Z","2016-11-03T10:30Z","NEON.LTR.GUAN047767.20161020","NEON.LTR.GUAN047767.20161020.TWI","NEON.DOC.001710vE","Twigs/branches",250.45,"N",NA,"8rHzSbnDOXjpaitjHXu3bvZcWZBazBT3Z6JypCrOTws="
"7e4f0663-982a-42ae-a069-6346fb722421","GUAN_047.basePlot.ltr","D04","GUAN","GUAN_047","GUAN_047_767","2016-11-03","2016-08-23","2016-10-20","2016-10-31T18:30Z","2016-11-03T10:30Z","NEON.LTR.GUAN047767.20161020","NEON.LTR.GUAN047767.20161020.LVS","NEON.DOC.001710vE","Leaves",0,"N",NA,"8rHzSbnDOXjpaitjHXu3bvZcWZBazBT3Z6JypCrOTws="
"df3f131c-cf4b-4b0a-8548-2f598e63c21c","GUAN_047.basePlot.ltr","D04","GUAN","GUAN_047","GUAN_047_767","2016-11-03","2016-08-23","2016-10-20","2016-10-31T18:30Z","2016-11-03T10:30Z","NEON.LTR.GUAN047767.20161020","NEON.LTR.GUAN047767.20161020.MXT","NEON.DOC.001710vE","Mixed",0,"N",NA,"8rHzSbnDOXjpaitjHXu3bvZcWZBazBT3Z6JypCrOTws="
"6a9b5478-8ce8-4a15-b9fc-05b676181e84","GUAN_047.basePlot.ltr","D04","GUAN","GUAN_047","GUAN_047_178","2016-11-03","2016-08-23","2016-10-20","2016-10-31T18:30Z","2016-11-03T10:30Z","NEON.LTR.GUAN047178.20161020","NEON.LTR.GUAN047178.20161020.TWI","NEON.DOC.001710vE","Twigs/branches",188.55,"N",NA,"8rHzSbnDOXjpaitjHXu3bvZcWZBazBT3Z6JypCrOTws="
"6b909a95-fd8b-422a-87d7-5e048c1d2b70","GUAN_048.basePlot.ltr","D04","GUAN","GUAN_048","GUAN_048_040","2016-11-03","2016-08-23","2016-10-20","2016-10-31T18:30Z","2016-11-03T10:30Z","NEON.LTR.GUAN048040.20161020","NEON.LTR.GUAN048040.20161020.MXT","NEON.DOC.001710vE","Mixed",0,"N",NA,"8rHzSbnDOXjpaitjHXu3bvZcWZBazBT3Z6JypCrOTws="
"9493f6ef-dbb5-4f76-a125-b48e02f17b17","GUAN_048.basePlot.ltr","D04","GUAN","GUAN_048","GUAN_048_040","2016-11-03","2016-08-23","2016-10-20","2016-10-31T18:30Z","2016-11-03T10:30Z","NEON.LTR.GUAN048040.20161020","NEON.LTR.GUAN048040.20161020.TWI","NEON.DOC.001710vE","Twigs/branches",43.55,"N",NA,"8rHzSbnDOXjpaitjHXu3bvZcWZBazBT3Z6JypCrOTws="
"0f18882b-fe18-415b-91e3-d867e8bb7150","GUAN_048.basePlot.ltr","D04","GUAN","GUAN_048","GUAN_048_062","2016-11-02","2016-08-23","2016-10-20","2016-10-31T18:30Z","2016-11-02T16:00Z","NEON.LTR.GUAN048062.20161020","NEON.LTR.GUAN048062.20161020.WDY","NEON.DOC.001710vE","Woody material",0.35,"N",NA,"fiApssCEcSVZh4fTchGlfQK3pYYnYQUQ"
"d30f6404-a8e7-4037-b35a-be3f36ae1266","GUAN_048.basePlot.ltr","D04","GUAN","GUAN_048","GUAN_048_062","2016-11-02","2016-08-23","2016-10-20","2016-10-31T18:30Z","2016-11-02T16:00Z","NEON.LTR.GUAN048062.20161020","NEON.LTR.GUAN048062.20161020.NDL","NEON.DOC.001710vE","Needles",0,"N",NA,"fiApssCEcSVZh4fTchGlfQK3pYYnYQUQ"
"c155e450-4906-46ef-a8c4-ead47f971ecc","GUAN_048.basePlot.ltr","D04","GUAN","GUAN_048","GUAN_048_062","2016-11-02","2016-08-23","2016-10-20","2016-10-31T18:30Z","2016-11-02T16:00Z","NEON.LTR.GUAN048062.20161020","NEON.LTR.GUAN048062.20161020.OTH","NEON.DOC.001710vE","Other",2.93,"N",NA,"fiApssCEcSVZh4fTchGlfQK3pYYnYQUQ"
"fca1bb76-3fa9-4d43-bd04-77b15a9e29d8","GUAN_048.basePlot.ltr","D04","GUAN","GUAN_048","GUAN_048_062","2016-11-02","2016-08-23","2016-10-20","2016-10-31T18:30Z","2016-11-02T16:00Z","NEON.LTR.GUAN048062.20161020","NEON.LTR.GUAN048062.20161020.TWI","NEON.DOC.001710vE","Twigs/branches",3.67,"Y",NA,"fiApssCEcSVZh4fTchGlfQK3pYYnYQUQ"
"bf63da53-616c-4582-b0ee-253e53bb6092","GUAN_048.basePlot.ltr","D04","GUAN","GUAN_048","GUAN_048_062","2016-11-02","2016-08-23","2016-10-20","2016-10-31T18:30Z","2016-11-02T16:00Z","NEON.LTR.GUAN048062.20161020","NEON.LTR.GUAN048062.20161020.LVS","NEON.DOC.001710vE","Leaves",34.01,"N",NA,"fiApssCEcSVZh4fTchGlfQK3pYYnYQUQ"
"d5a41678-78e9-46c7-9b39-73739f3eadd1","GUAN_048.basePlot.ltr","D04","GUAN","GUAN_048","GUAN_048_062","2016-11-02","2016-08-23","2016-10-20","2016-10-31T18:30Z","2016-11-02T16:00Z","NEON.LTR.GUAN048062.20161020","NEON.LTR.GUAN048062.20161020.SDS","NEON.DOC.001710vE","Seeds",0.16,"N",NA,"fiApssCEcSVZh4fTchGlfQK3pYYnYQUQ"
"0bf63d8a-ec1e-44fc-99e3-e459a5d5ed6b","GUAN_048.basePlot.ltr","D04","GUAN","GUAN_048","GUAN_048_062","2016-11-02","2016-08-23","2016-10-20","2016-10-31T18:30Z","2016-11-02T16:00Z","NEON.LTR.GUAN048062.20161020","NEON.LTR.GUAN048062.20161020.FLR","NEON.DOC.001710vE","Flowers",1.87,"N",NA,"fiApssCEcSVZh4fTchGlfQK3pYYnYQUQ"
"4194ed0a-fde8-4574-9f65-65b6bd807d7b","GUAN_047.basePlot.ltr","D04","GUAN","GUAN_047","GUAN_047_132","2016-11-02","2016-08-23","2016-10-20","2016-10-31T18:30Z","2016-11-02T16:00Z","NEON.LTR.GUAN047132.20161020","NEON.LTR.GUAN047132.20161020.TWI","NEON.DOC.001710vE","Twigs/branches",8.31,"N",NA,"fiApssCEcSVZh4fTchGlfQK3pYYnYQUQ"
"7a116e7a-338f-4339-8a97-8fecc131276c","GUAN_047.basePlot.ltr","D04","GUAN","GUAN_047","GUAN_047_132","2016-11-02","2016-08-23","2016-10-20","2016-10-31T18:30Z","2016-11-02T16:00Z","NEON.LTR.GUAN047132.20161020","NEON.LTR.GUAN047132.20161020.WDY","NEON.DOC.001710vE","Woody material",0.12,"N",NA,"fiApssCEcSVZh4fTchGlfQK3pYYnYQUQ"
"d0bf2de3-56c3-468d-b412-7b12d7b5bb20","GUAN_047.basePlot.ltr","D04","GUAN","GUAN_047","GUAN_047_132","2016-11-02","2016-08-23","2016-10-20","2016-10-31T18:30Z","2016-11-02T16:00Z","NEON.LTR.GUAN047132.20161020","NEON.LTR.GUAN047132.20161020.FLR","NEON.DOC.001710vE","Flowers",0.17,"N",NA,"fiApssCEcSVZh4fTchGlfQK3pYYnYQUQ"
"0c8963df-f4b4-4cf7-9224-226af3aedee8","GUAN_047.basePlot.ltr","D04","GUAN","GUAN_047","GUAN_047_132","2016-11-02","2016-08-23","2016-10-20","2016-10-31T18:30Z","2016-11-02T16:00Z","NEON.LTR.GUAN047132.20161020","NEON.LTR.GUAN047132.20161020.OTH","NEON.DOC.001710vE","Other",0.32,"N",NA,"fiApssCEcSVZh4fTchGlfQK3pYYnYQUQ"
"993862bf-540c-49b1-8a95-8cbabc51d77e","GUAN_047.basePlot.ltr","D04","GUAN","GUAN_047","GUAN_047_132","2016-11-02","2016-08-23","2016-10-20","2016-10-31T18:30Z","2016-11-02T16:00Z","NEON.LTR.GUAN047132.20161020","NEON.LTR.GUAN047132.20161020.NDL","NEON.DOC.001710vE","Needles",0,"N",NA,"fiApssCEcSVZh4fTchGlfQK3pYYnYQUQ"
"cccf3055-b659-4340-bfea-405aa82f7ba5","GUAN_050.basePlot.ltr","D04","GUAN","GUAN_050","GUAN_050_935","2016-11-03","2016-08-23","2016-10-20","2016-10-31T18:30Z","2016-11-03T10:30Z","NEON.LTR.GUAN050935.20161020","NEON.LTR.GUAN050935.20161020.MXT","NEON.DOC.001710vE","Mixed",0,"N",NA,"8rHzSbnDOXjpaitjHXu3bvZcWZBazBT3Z6JypCrOTws="
"f0888f07-2166-4819-8ed9-6ba608d25e66","GUAN_050.basePlot.ltr","D04","GUAN","GUAN_050","GUAN_050_935","2016-11-03","2016-08-23","2016-10-20","2016-10-31T18:30Z","2016-11-03T10:30Z","NEON.LTR.GUAN050935.20161020","NEON.LTR.GUAN050935.20161020.TWI","NEON.DOC.001710vE","Twigs/branches",40.99,"Y",NA,"8rHzSbnDOXjpaitjHXu3bvZcWZBazBT3Z6JypCrOTws="
"65231700-7a15-4731-97b8-0278a1c13eed","GUAN_047.basePlot.ltr","D04","GUAN","GUAN_047","GUAN_047_132","2016-11-02","2016-08-23","2016-10-20","2016-10-31T18:30Z","2016-11-02T16:00Z","NEON.LTR.GUAN047132.20161020","NEON.LTR.GUAN047132.20161020.SDS","NEON.DOC.001710vE","Seeds",0.32,"N",NA,"fiApssCEcSVZh4fTchGlfQK3pYYnYQUQ"
"cd49f706-dacd-43b0-a6e4-ad0e925b4cd0","GUAN_050.basePlot.ltr","D04","GUAN","GUAN_050","GUAN_050_935","2016-11-03","2016-08-23","2016-10-20","2016-10-31T18:30Z","2016-11-03T10:30Z","NEON.LTR.GUAN050935.20161020","NEON.LTR.GUAN050935.20161020.LVS","NEON.DOC.001710vE","Leaves",0,"N",NA,"8rHzSbnDOXjpaitjHXu3bvZcWZBazBT3Z6JypCrOTws="
"524c6e0c-09b1-4471-9d27-1d7ee175bdba","GUAN_048.basePlot.ltr","D04","GUAN","GUAN_048","GUAN_048_803","2016-11-02","2016-08-23","2016-10-20","2016-10-31T18:30Z","2016-11-02T16:00Z","NEON.LTR.GUAN048803.20161020","NEON.LTR.GUAN048803.20161020.WDY","NEON.DOC.001710vE","Woody material",0.23,"N",NA,"8rHzSbnDOXjpaitjHXu3bvZcWZBazBT3Z6JypCrOTws="
"48824d89-d198-4e33-9567-2bc793038624","GUAN_047.basePlot.ltr","D04","GUAN","GUAN_047","GUAN_047_132","2016-11-02","2016-08-23","2016-10-20","2016-10-31T18:30Z","2016-11-02T16:00Z","NEON.LTR.GUAN047132.20161020","NEON.LTR.GUAN047132.20161020.LVS","NEON.DOC.001710vE","Leaves",13.05,"N",NA,"fiApssCEcSVZh4fTchGlfQK3pYYnYQUQ"
"93221cb4-45d2-4546-85e1-ecb086321594","GUAN_047.basePlot.ltr","D04","GUAN","GUAN_047","GUAN_047_935","2016-11-02","2016-08-23","2016-10-20","2016-10-31T18:30Z","2016-11-02T16:00Z","NEON.LTR.GUAN047935.20161020","NEON.LTR.GUAN047935.20161020.OTH","NEON.DOC.001710vE","Other",2.47,"N",NA,"8rHzSbnDOXjpaitjHXu3bvZcWZBazBT3Z6JypCrOTws="
"44b5ee96-f825-499c-be02-b4ef587d15e6","GUAN_047.basePlot.ltr","D04","GUAN","GUAN_047","GUAN_047_935","2016-11-02","2016-08-23","2016-10-20","2016-10-31T18:30Z","2016-11-02T16:00Z","NEON.LTR.GUAN047935.20161020","NEON.LTR.GUAN047935.20161020.NDL","NEON.DOC.001710vE","Needles",0,"N",NA,"8rHzSbnDOXjpaitjHXu3bvZcWZBazBT3Z6JypCrOTws="
"81b0d01b-6fe7-46bf-aca2-07445d143388","GUAN_047.basePlot.ltr","D04","GUAN","GUAN_047","GUAN_047_935","2016-11-02","2016-08-23","2016-10-20","2016-10-31T18:30Z","2016-11-02T16:00Z","NEON.LTR.GUAN047935.20161020","NEON.LTR.GUAN047935.20161020.LVS","NEON.DOC.001710vE","Leaves",20.41,"N",NA,"8rHzSbnDOXjpaitjHXu3bvZcWZBazBT3Z6JypCrOTws="
"64f5443c-239f-4715-a25d-e273fa60ef2f","GUAN_047.basePlot.ltr","D04","GUAN","GUAN_047","GUAN_047_935","2016-11-02","2016-08-23","2016-10-20","2016-10-31T18:30Z","2016-11-02T16:00Z","NEON.LTR.GUAN047935.20161020","NEON.LTR.GUAN047935.20161020.SDS","NEON.DOC.001710vE","Seeds",0.14,"N",NA,"8rHzSbnDOXjpaitjHXu3bvZcWZBazBT3Z6JypCrOTws="
"1200cdb3-cdb6-42ca-a302-cebeef4e8015","GUAN_047.basePlot.ltr","D04","GUAN","GUAN_047","GUAN_047_935","2016-11-02","2016-08-23","2016-10-20","2016-10-31T18:30Z","2016-11-02T16:00Z","NEON.LTR.GUAN047935.20161020","NEON.LTR.GUAN047935.20161020.WDY","NEON.DOC.001710vE","Woody material",0.04,"N",NA,"8rHzSbnDOXjpaitjHXu3bvZcWZBazBT3Z6JypCrOTws="
"8639f151-c3c0-4efa-ba90-863251f82d1b","GUAN_048.basePlot.ltr","D04","GUAN","GUAN_048","GUAN_048_803","2016-11-02","2016-08-23","2016-10-20","2016-10-31T18:30Z","2016-11-02T16:00Z","NEON.LTR.GUAN048803.20161020","NEON.LTR.GUAN048803.20161020.LVS","NEON.DOC.001710vE","Leaves",11.22,"N",NA,"8rHzSbnDOXjpaitjHXu3bvZcWZBazBT3Z6JypCrOTws="
"2f8cdf8e-f78c-4ba1-a7cb-ad11df59b4a1","GUAN_047.basePlot.ltr","D04","GUAN","GUAN_047","GUAN_047_935","2016-11-02","2016-08-23","2016-10-20","2016-10-31T18:30Z","2016-11-02T16:00Z","NEON.LTR.GUAN047935.20161020","NEON.LTR.GUAN047935.20161020.FLR","NEON.DOC.001710vE","Flowers",0.15,"N",NA,"8rHzSbnDOXjpaitjHXu3bvZcWZBazBT3Z6JypCrOTws="
"d3854d7f-9ab3-404a-be79-31d271295704","GUAN_048.basePlot.ltr","D04","GUAN","GUAN_048","GUAN_048_803","2016-11-02","2016-08-23","2016-10-20","2016-10-31T18:30Z","2016-11-02T16:00Z","NEON.LTR.GUAN048803.20161020","NEON.LTR.GUAN048803.20161020.SDS","NEON.DOC.001710vE","Seeds",7.18,"N",NA,"8rHzSbnDOXjpaitjHXu3bvZcWZBazBT3Z6JypCrOTws="
"2686df3f-29ae-4131-8c6f-7bddd3ec55fa","GUAN_048.basePlot.ltr","D04","GUAN","GUAN_048","GUAN_048_803","2016-11-02","2016-08-23","2016-10-20","2016-10-31T18:30Z","2016-11-02T16:00Z","NEON.LTR.GUAN048803.20161020","NEON.LTR.GUAN048803.20161020.FLR","NEON.DOC.001710vE","Flowers",1.21,"N",NA,"8rHzSbnDOXjpaitjHXu3bvZcWZBazBT3Z6JypCrOTws="
"6796baa2-02f1-48db-a9d2-bcc7f6d56225","GUAN_047.basePlot.ltr","D04","GUAN","GUAN_047","GUAN_047_935","2016-11-02","2016-08-23","2016-10-20","2016-10-31T18:30Z","2016-11-02T16:00Z","NEON.LTR.GUAN047935.20161020","NEON.LTR.GUAN047935.20161020.TWI","NEON.DOC.001710vE","Twigs/branches",1.99,"N",NA,"8rHzSbnDOXjpaitjHXu3bvZcWZBazBT3Z6JypCrOTws="
"acbbb75a-1746-44ca-897c-5658f7eb5f2f","GUAN_048.basePlot.ltr","D04","GUAN","GUAN_048","GUAN_048_803","2016-11-02","2016-08-23","2016-10-20","2016-10-31T18:30Z","2016-11-02T16:00Z","NEON.LTR.GUAN048803.20161020","NEON.LTR.GUAN048803.20161020.OTH","NEON.DOC.001710vE","Other",0,"N",NA,"8rHzSbnDOXjpaitjHXu3bvZcWZBazBT3Z6JypCrOTws="
"5e54d28d-e5ed-4265-97e7-00fcbd59b6f0","GUAN_048.basePlot.ltr","D04","GUAN","GUAN_048","GUAN_048_803","2016-11-02","2016-08-23","2016-10-20","2016-10-31T18:30Z","2016-11-02T16:00Z","NEON.LTR.GUAN048803.20161020","NEON.LTR.GUAN048803.20161020.TWI","NEON.DOC.001710vE","Twigs/branches",3.67,"Y",NA,"8rHzSbnDOXjpaitjHXu3bvZcWZBazBT3Z6JypCrOTws="
"e5e6964e-2672-445b-adc7-58d01113eae0","GUAN_048.basePlot.ltr","D04","GUAN","GUAN_048","GUAN_048_803","2016-11-02","2016-08-23","2016-10-20","2016-10-31T18:30Z","2016-11-02T16:00Z","NEON.LTR.GUAN048803.20161020","NEON.LTR.GUAN048803.20161020.NDL","NEON.DOC.001710vE","Needles",0,"N",NA,"8rHzSbnDOXjpaitjHXu3bvZcWZBazBT3Z6JypCrOTws="
"d757a9a2-33eb-4a4f-8f00-38e0f7d8d73e","GUAN_050.basePlot.ltr","D04","GUAN","GUAN_050","GUAN_050_850","2016-11-02","2016-08-23","2016-10-20","2016-10-31T18:30Z","2016-11-02T16:00Z","NEON.LTR.GUAN050850.20161020","NEON.LTR.GUAN050850.20161020.NDL","NEON.DOC.001710vE","Needles",0,"N",NA,"fiApssCEcSVZh4fTchGlfQK3pYYnYQUQ"
"5a9da257-4422-4403-b0a2-2be3718b2776","GUAN_050.basePlot.ltr","D04","GUAN","GUAN_050","GUAN_050_850","2016-11-02","2016-08-23","2016-10-20","2016-10-31T18:30Z","2016-11-02T16:00Z","NEON.LTR.GUAN050850.20161020","NEON.LTR.GUAN050850.20161020.OTH","NEON.DOC.001710vE","Other",0.18,"N",NA,"fiApssCEcSVZh4fTchGlfQK3pYYnYQUQ"
"b365e06f-06c8-4382-9938-1210247cb7b2","GUAN_050.basePlot.ltr","D04","GUAN","GUAN_050","GUAN_050_850","2016-11-02","2016-08-23","2016-10-20","2016-10-31T18:30Z","2016-11-02T16:00Z","NEON.LTR.GUAN050850.20161020","NEON.LTR.GUAN050850.20161020.TWI","NEON.DOC.001710vE","Twigs/branches",1.06,"N",NA,"fiApssCEcSVZh4fTchGlfQK3pYYnYQUQ"
"75cdecf0-8787-4d8d-a53b-ebad53c0167a","GUAN_050.basePlot.ltr","D04","GUAN","GUAN_050","GUAN_050_850","2016-11-02","2016-08-23","2016-10-20","2016-10-31T18:30Z","2016-11-02T16:00Z","NEON.LTR.GUAN050850.20161020","NEON.LTR.GUAN050850.20161020.WDY","NEON.DOC.001710vE","Woody material",0,"N",NA,"fiApssCEcSVZh4fTchGlfQK3pYYnYQUQ"
"0373f6aa-06ef-47d7-a205-f3b9f94f8948","GUAN_050.basePlot.ltr","D04","GUAN","GUAN_050","GUAN_050_850","2016-11-02","2016-08-23","2016-10-20","2016-10-31T18:30Z","2016-11-02T16:00Z","NEON.LTR.GUAN050850.20161020","NEON.LTR.GUAN050850.20161020.SDS","NEON.DOC.001710vE","Seeds",0,"N",NA,"fiApssCEcSVZh4fTchGlfQK3pYYnYQUQ"
"69803078-268a-4cc6-aa41-673ebfbf7413","GUAN_050.basePlot.ltr","D04","GUAN","GUAN_050","GUAN_050_132","2016-11-02","2016-08-23","2016-10-20","2016-10-31T18:30Z","2016-11-02T16:00Z","NEON.LTR.GUAN050132.20161020","NEON.LTR.GUAN050132.20161020.WDY","NEON.DOC.001710vE","Woody material",13.28,"N",NA,"fiApssCEcSVZh4fTchGlfQK3pYYnYQUQ"
"dd0b9775-3925-45c0-af87-a729ca282877","GUAN_050.basePlot.ltr","D04","GUAN","GUAN_050","GUAN_050_850","2016-11-02","2016-08-23","2016-10-20","2016-10-31T18:30Z","2016-11-02T16:00Z","NEON.LTR.GUAN050850.20161020","NEON.LTR.GUAN050850.20161020.LVS","NEON.DOC.001710vE","Leaves",13.04,"N",NA,"fiApssCEcSVZh4fTchGlfQK3pYYnYQUQ"
"58a7e634-c821-487f-8291-8b1fb1cf901e","GUAN_050.basePlot.ltr","D04","GUAN","GUAN_050","GUAN_050_850","2016-11-02","2016-08-23","2016-10-20","2016-10-31T18:30Z","2016-11-02T16:00Z","NEON.LTR.GUAN050850.20161020","NEON.LTR.GUAN050850.20161020.FLR","NEON.DOC.001710vE","Flowers",0.05,"N",NA,"fiApssCEcSVZh4fTchGlfQK3pYYnYQUQ"
"81a0bd70-15c1-48bb-b669-f0d1c2a1dc0d","GUAN_050.basePlot.ltr","D04","GUAN","GUAN_050","GUAN_050_132","2016-11-02","2016-08-23","2016-10-20","2016-10-31T18:30Z","2016-11-02T16:00Z","NEON.LTR.GUAN050132.20161020","NEON.LTR.GUAN050132.20161020.OTH","NEON.DOC.001710vE","Other",1.94,"N",NA,"fiApssCEcSVZh4fTchGlfQK3pYYnYQUQ"
"85573f1f-25b3-47a0-ad76-3ae009621fb7","GUAN_050.basePlot.ltr","D04","GUAN","GUAN_050","GUAN_050_132","2016-11-02","2016-08-23","2016-10-20","2016-10-31T18:30Z","2016-11-02T16:00Z","NEON.LTR.GUAN050132.20161020","NEON.LTR.GUAN050132.20161020.TWI","NEON.DOC.001710vE","Twigs/branches",2.77,"N",NA,"fiApssCEcSVZh4fTchGlfQK3pYYnYQUQ"
"c366b1a4-8c2b-4e74-ae42-c18b547d0fd3","GUAN_050.basePlot.ltr","D04","GUAN","GUAN_050","GUAN_050_132","2016-11-02","2016-08-23","2016-10-20","2016-10-31T18:30Z","2016-11-02T16:00Z","NEON.LTR.GUAN050132.20161020","NEON.LTR.GUAN050132.20161020.SDS","NEON.DOC.001710vE","Seeds",0.21,"N",NA,"fiApssCEcSVZh4fTchGlfQK3pYYnYQUQ"
"7efa7400-589d-467f-9f5b-2a825be80303","GUAN_050.basePlot.ltr","D04","GUAN","GUAN_050","GUAN_050_132","2016-11-02","2016-08-23","2016-10-20","2016-10-31T18:30Z","2016-11-02T16:00Z","NEON.LTR.GUAN050132.20161020","NEON.LTR.GUAN050132.20161020.NDL","NEON.DOC.001710vE","Needles",0,"N",NA,"fiApssCEcSVZh4fTchGlfQK3pYYnYQUQ"
"aa990bed-444e-4d17-9149-0c390bd4bf6c","GUAN_050.basePlot.ltr","D04","GUAN","GUAN_050","GUAN_050_132","2016-11-02","2016-08-23","2016-10-20","2016-10-31T18:30Z","2016-11-02T16:00Z","NEON.LTR.GUAN050132.20161020","NEON.LTR.GUAN050132.20161020.FLR","NEON.DOC.001710vE","Flowers",0,"N",NA,"fiApssCEcSVZh4fTchGlfQK3pYYnYQUQ"
"3d117fcd-6325-47f6-aaca-1a75b8979699","GUAN_050.basePlot.ltr","D04","GUAN","GUAN_050","GUAN_050_132","2016-11-02","2016-08-23","2016-10-20","2016-10-31T18:30Z","2016-11-02T16:00Z","NEON.LTR.GUAN050132.20161020","NEON.LTR.GUAN050132.20161020.LVS","NEON.DOC.001710vE","Leaves",24.53,"N",NA,"fiApssCEcSVZh4fTchGlfQK3pYYnYQUQ"
"1741bbeb-0be6-4392-9912-613113c15183","GUAN_047.basePlot.ltr","D04","GUAN","GUAN_047","GUAN_047_767","2016-11-03","2016-08-23","2016-10-20","2016-10-31T18:30Z","2016-11-03T10:30Z","NEON.LTR.GUAN047767.20161020","NEON.LTR.GUAN047767.20161020.TWI","NEON.DOC.001710vE","Twigs/branches",0,"N",NA,"fiApssCEcSVZh4fTchGlfQK3pYYnYQUQ"
"14d5e5fe-593e-4baa-9d38-3294d7f21bae","GUAN_047.basePlot.ltr","D04","GUAN","GUAN_047","GUAN_047_767","2016-11-03","2016-08-23","2016-10-20","2016-10-31T18:30Z","2016-11-03T10:30Z","NEON.LTR.GUAN047767.20161020","NEON.LTR.GUAN047767.20161020.MXT","NEON.DOC.001710vE","Mixed",0,"N",NA,"fiApssCEcSVZh4fTchGlfQK3pYYnYQUQ"
"ad410116-3d83-4a47-9b86-5277fc1a3c8c","GUAN_050.basePlot.ltr","D04","GUAN","GUAN_050","GUAN_050_178","2016-11-03","2016-08-23","2016-10-20","2016-10-31T18:30Z","2016-11-03T10:30Z","NEON.LTR.GUAN050178.20161020","NEON.LTR.GUAN050178.20161020.TWI","NEON.DOC.001710vE","Twigs/branches",98.53,"N",NA,"fiApssCEcSVZh4fTchGlfQK3pYYnYQUQ"
"3586a540-f95c-4ca2-aef3-701578a24957","GUAN_060.basePlot.ltr","D04","GUAN","GUAN_060","GUAN_060_151","2016-11-14","2016-10-19","2016-11-14","2016-11-28T10:30Z","2016-11-30T19:30Z","NEON.LTR.GUAN060151.20161114","NEON.LTR.GUAN060151.20161114.WDY","NEON.DOC.001710vE","Woody material",0.31,"N",NA,"7GSC2Ocp9nUteYgLIy4dgBai2aWAgzCc"
"6d180f41-e5fa-4a1b-92ad-d649346f16a7","GUAN_060.basePlot.ltr","D04","GUAN","GUAN_060","GUAN_060_151","2016-11-14","2016-10-19","2016-11-14","2016-11-28T10:30Z","2016-11-30T19:30Z","NEON.LTR.GUAN060151.20161114","NEON.LTR.GUAN060151.20161114.SDS","NEON.DOC.001710vE","Seeds",0.06,"N",NA,"7GSC2Ocp9nUteYgLIy4dgBai2aWAgzCc"
"02082a1a-307f-4e1e-a851-ea922d1a397e","GUAN_060.basePlot.ltr","D04","GUAN","GUAN_060","GUAN_060_151","2016-11-14","2016-10-19","2016-11-14","2016-11-28T10:30Z","2016-11-30T19:30Z","NEON.LTR.GUAN060151.20161114","NEON.LTR.GUAN060151.20161114.FLR","NEON.DOC.001710vE","Flowers",0.09,"N",NA,"7GSC2Ocp9nUteYgLIy4dgBai2aWAgzCc"
"b8e950be-5967-4f5f-88e6-3b534273f2b7","GUAN_060.basePlot.ltr","D04","GUAN","GUAN_060","GUAN_060_151","2016-11-14","2016-10-19","2016-11-14","2016-11-28T10:30Z","2016-11-30T19:30Z","NEON.LTR.GUAN060151.20161114","NEON.LTR.GUAN060151.20161114.OTH","NEON.DOC.001710vE","Other",0.68,"N",NA,"7GSC2Ocp9nUteYgLIy4dgBai2aWAgzCc"
"eaf81852-636b-4a7f-be05-7cc806398c49","GUAN_061.basePlot.ltr","D04","GUAN","GUAN_061","GUAN_061_694","2016-11-14","2016-10-19","2016-11-14","2016-11-28T10:30Z","2016-11-30T19:30Z","NEON.LTR.GUAN061694.20161114","NEON.LTR.GUAN061694.20161114.LVS","NEON.DOC.001710vE","Leaves",6.88,"Y",NA,"7GSC2Ocp9nUteYgLIy4dgBai2aWAgzCc"
"42dee573-4a1a-4c72-9d56-0d05496977a0","GUAN_061.basePlot.ltr","D04","GUAN","GUAN_061","GUAN_061_694","2016-11-14","2016-10-19","2016-11-14","2016-11-28T10:30Z","2016-11-30T19:30Z","NEON.LTR.GUAN061694.20161114","NEON.LTR.GUAN061694.20161114.NDL","NEON.DOC.001710vE","Needles",0,"N",NA,"7GSC2Ocp9nUteYgLIy4dgBai2aWAgzCc"
"175ea99e-db6c-47e0-a35e-62fdd43ef2de","GUAN_061.basePlot.ltr","D04","GUAN","GUAN_061","GUAN_061_694","2016-11-14","2016-10-19","2016-11-14","2016-11-28T10:30Z","2016-11-30T19:30Z","NEON.LTR.GUAN061694.20161114","NEON.LTR.GUAN061694.20161114.TWI","NEON.DOC.001710vE","Twigs/branches",0.71,"Y",NA,"7GSC2Ocp9nUteYgLIy4dgBai2aWAgzCc"
"ae4c6401-01ff-4614-b4d6-f0c04a8623ed","GUAN_061.basePlot.ltr","D04","GUAN","GUAN_061","GUAN_061_694","2016-11-14","2016-10-19","2016-11-14","2016-11-28T10:30Z","2016-11-30T19:30Z","NEON.LTR.GUAN061694.20161114","NEON.LTR.GUAN061694.20161114.WDY","NEON.DOC.001710vE","Woody material",0,"N",NA,"7GSC2Ocp9nUteYgLIy4dgBai2aWAgzCc"
"a0625835-761a-4564-9c47-be6bb45c4574","GUAN_061.basePlot.ltr","D04","GUAN","GUAN_061","GUAN_061_694","2016-11-14","2016-10-19","2016-11-14","2016-11-28T10:30Z","2016-11-30T19:30Z","NEON.LTR.GUAN061694.20161114","NEON.LTR.GUAN061694.20161114.SDS","NEON.DOC.001710vE","Seeds",0.56,"N",NA,"7GSC2Ocp9nUteYgLIy4dgBai2aWAgzCc"
"bbc96bb7-26f4-4b31-8968-e082d20efb5e","GUAN_061.basePlot.ltr","D04","GUAN","GUAN_061","GUAN_061_694","2016-11-14","2016-10-19","2016-11-14","2016-11-28T10:30Z","2016-11-30T19:30Z","NEON.LTR.GUAN061694.20161114","NEON.LTR.GUAN061694.20161114.FLR","NEON.DOC.001710vE","Flowers",0.02,"N",NA,"7GSC2Ocp9nUteYgLIy4dgBai2aWAgzCc"
"26b7a218-fe7a-4739-b814-3f8d13b9acc2","GUAN_061.basePlot.ltr","D04","GUAN","GUAN_061","GUAN_061_694","2016-11-14","2016-10-19","2016-11-14","2016-11-28T10:30Z","2016-11-30T19:30Z","NEON.LTR.GUAN061694.20161114","NEON.LTR.GUAN061694.20161114.OTH","NEON.DOC.001710vE","Other",0,"N",NA,"7GSC2Ocp9nUteYgLIy4dgBai2aWAgzCc"
"b66e836f-bfd4-4932-a773-3020221adfce","GUAN_061.basePlot.ltr","D04","GUAN","GUAN_061","GUAN_061_054","2016-11-14","2016-10-19","2016-11-14","2016-11-28T10:30Z","2016-11-30T19:30Z","NEON.LTR.GUAN061054.20161114","NEON.LTR.GUAN061054.20161114.LVS","NEON.DOC.001710vE","Leaves",1.04,"Y",NA,"7GSC2Ocp9nUteYgLIy4dgBai2aWAgzCc"
"420db0e4-3b28-4d6e-a940-82588335bbec","GUAN_061.basePlot.ltr","D04","GUAN","GUAN_061","GUAN_061_054","2016-11-14","2016-10-19","2016-11-14","2016-11-28T10:30Z","2016-11-30T19:30Z","NEON.LTR.GUAN061054.20161114","NEON.LTR.GUAN061054.20161114.NDL","NEON.DOC.001710vE","Needles",0,"N",NA,"7GSC2Ocp9nUteYgLIy4dgBai2aWAgzCc"
"b2ff450e-dff0-40ad-b2b0-a85e3c57016a","GUAN_061.basePlot.ltr","D04","GUAN","GUAN_061","GUAN_061_054","2016-11-14","2016-10-19","2016-11-14","2016-11-28T10:30Z","2016-11-30T19:30Z","NEON.LTR.GUAN061054.20161114","NEON.LTR.GUAN061054.20161114.TWI","NEON.DOC.001710vE","Twigs/branches",0.01,"N",NA,"7GSC2Ocp9nUteYgLIy4dgBai2aWAgzCc"
"f653b9ee-de44-40d3-a4b8-626259d34e3c","GUAN_061.basePlot.ltr","D04","GUAN","GUAN_061","GUAN_061_054","2016-11-14","2016-10-19","2016-11-14","2016-11-28T10:30Z","2016-11-30T19:30Z","NEON.LTR.GUAN061054.20161114","NEON.LTR.GUAN061054.20161114.WDY","NEON.DOC.001710vE","Woody material",0.01,"N",NA,"7GSC2Ocp9nUteYgLIy4dgBai2aWAgzCc"
"056f4d4a-3777-4062-8b40-c5ce16ee003f","GUAN_061.basePlot.ltr","D04","GUAN","GUAN_061","GUAN_061_054","2016-11-14","2016-10-19","2016-11-14","2016-11-28T10:30Z","2016-11-30T19:30Z","NEON.LTR.GUAN061054.20161114","NEON.LTR.GUAN061054.20161114.SDS","NEON.DOC.001710vE","Seeds",0.24,"N",NA,"7GSC2Ocp9nUteYgLIy4dgBai2aWAgzCc"
"215b1868-a311-4594-940f-90cb48ad53ec","GUAN_061.basePlot.ltr","D04","GUAN","GUAN_061","GUAN_061_054","2016-11-14","2016-10-19","2016-11-14","2016-11-28T10:30Z","2016-11-30T19:30Z","NEON.LTR.GUAN061054.20161114","NEON.LTR.GUAN061054.20161114.OTH","NEON.DOC.001710vE","Other",0.8,"N",NA,"7GSC2Ocp9nUteYgLIy4dgBai2aWAgzCc"
"cd9308eb-7350-4c8f-8492-624c8c4a2894","GUAN_061.basePlot.ltr","D04","GUAN","GUAN_061","GUAN_061_054","2016-11-14","2016-10-19","2016-11-14","2016-11-28T10:30Z","2016-11-30T19:30Z","NEON.LTR.GUAN061054.20161114","NEON.LTR.GUAN061054.20161114.FLR","NEON.DOC.001710vE","Flowers",0.01,"N",NA,"7GSC2Ocp9nUteYgLIy4dgBai2aWAgzCc"
"5b2de22e-9395-4900-8cbf-913c97df4dcb","GUAN_057.basePlot.ltr","D04","GUAN","GUAN_057","GUAN_057_673","2016-11-14","2016-10-19","2016-11-14","2016-11-28T10:30Z","2016-11-30T19:30Z","NEON.LTR.GUAN057673.20161114","NEON.LTR.GUAN057673.20161114.LVS","NEON.DOC.001710vE","Leaves",1.4,"N",NA,"7GSC2Ocp9nUteYgLIy4dgBai2aWAgzCc"
"aa3ce2d7-56aa-4079-870a-6374de0717ee","GUAN_057.basePlot.ltr","D04","GUAN","GUAN_057","GUAN_057_673","2016-11-14","2016-10-19","2016-11-14","2016-11-28T10:30Z","2016-11-30T19:30Z","NEON.LTR.GUAN057673.20161114","NEON.LTR.GUAN057673.20161114.NDL","NEON.DOC.001710vE","Needles",0,"N",NA,"7GSC2Ocp9nUteYgLIy4dgBai2aWAgzCc"
"1927ec45-24d9-4c06-af44-13473803dfb7","GUAN_057.basePlot.ltr","D04","GUAN","GUAN_057","GUAN_057_673","2016-11-14","2016-10-19","2016-11-14","2016-11-28T10:30Z","2016-11-30T19:30Z","NEON.LTR.GUAN057673.20161114","NEON.LTR.GUAN057673.20161114.TWI","NEON.DOC.001710vE","Twigs/branches",0.25,"N",NA,"7GSC2Ocp9nUteYgLIy4dgBai2aWAgzCc"
"ca12d6c9-c7e1-44cf-9d49-903a9dd428f9","GUAN_057.basePlot.ltr","D04","GUAN","GUAN_057","GUAN_057_673","2016-11-14","2016-10-19","2016-11-14","2016-11-28T10:30Z","2016-11-30T19:30Z","NEON.LTR.GUAN057673.20161114","NEON.LTR.GUAN057673.20161114.WDY","NEON.DOC.001710vE","Woody material",0.01,"N",NA,"7GSC2Ocp9nUteYgLIy4dgBai2aWAgzCc"
"1d33e9cc-a298-4186-8bc9-5bdd69d37c4e","GUAN_057.basePlot.ltr","D04","GUAN","GUAN_057","GUAN_057_673","2016-11-14","2016-10-19","2016-11-14","2016-11-28T10:30Z","2016-11-30T19:30Z","NEON.LTR.GUAN057673.20161114","NEON.LTR.GUAN057673.20161114.SDS","NEON.DOC.001710vE","Seeds",2.38,"N",NA,"7GSC2Ocp9nUteYgLIy4dgBai2aWAgzCc"
"332845e9-c808-46bf-b3cd-a18f73b44bc4","GUAN_057.basePlot.ltr","D04","GUAN","GUAN_057","GUAN_057_673","2016-11-14","2016-10-19","2016-11-14","2016-11-28T10:30Z","2016-11-30T19:30Z","NEON.LTR.GUAN057673.20161114","NEON.LTR.GUAN057673.20161114.FLR","NEON.DOC.001710vE","Flowers",0.24,"N",NA,"7GSC2Ocp9nUteYgLIy4dgBai2aWAgzCc"
"e0ff7792-3900-4844-90ca-ce3d19f4ff94","GUAN_057.basePlot.ltr","D04","GUAN","GUAN_057","GUAN_057_673","2016-11-14","2016-10-19","2016-11-14","2016-11-28T10:30Z","2016-11-30T19:30Z","NEON.LTR.GUAN057673.20161114","NEON.LTR.GUAN057673.20161114.OTH","NEON.DOC.001710vE","Other",0.99,"N",NA,"7GSC2Ocp9nUteYgLIy4dgBai2aWAgzCc"
"25695722-616b-453f-ad2a-83459987f779","GUAN_059.basePlot.ltr","D04","GUAN","GUAN_059","GUAN_059_381","2016-11-14","2016-10-19","2016-11-14","2016-11-28T10:30Z","2016-11-30T19:30Z","NEON.LTR.GUAN059381.20161114","NEON.LTR.GUAN059381.20161114.WDY","NEON.DOC.001710vE","Woody material",0.05,"N",NA,"7GSC2Ocp9nUteYgLIy4dgBai2aWAgzCc"
"1d371fdc-9932-469c-b598-1b0a3f50e1ad","GUAN_059.basePlot.ltr","D04","GUAN","GUAN_059","GUAN_059_381","2016-11-14","2016-10-19","2016-11-14","2016-11-28T10:30Z","2016-11-30T19:30Z","NEON.LTR.GUAN059381.20161114","NEON.LTR.GUAN059381.20161114.FLR","NEON.DOC.001710vE","Flowers",0.01,"N",NA,"7GSC2Ocp9nUteYgLIy4dgBai2aWAgzCc"
"76abedb3-18f0-48d7-ba77-e6291ac88fe4","GUAN_059.basePlot.ltr","D04","GUAN","GUAN_059","GUAN_059_658","2016-11-14","2016-10-19","2016-11-14","2016-11-28T10:30Z","2016-11-30T19:30Z","NEON.LTR.GUAN059658.20161114","NEON.LTR.GUAN059658.20161114.NDL","NEON.DOC.001710vE","Needles",0,"N",NA,"7GSC2Ocp9nUteYgLIy4dgBai2aWAgzCc"
"8b7a94f6-fb30-4a33-bac9-6dd81bee343c","GUAN_059.basePlot.ltr","D04","GUAN","GUAN_059","GUAN_059_381","2016-11-14","2016-10-19","2016-11-14","2016-11-28T10:30Z","2016-11-30T19:30Z","NEON.LTR.GUAN059381.20161114","NEON.LTR.GUAN059381.20161114.SDS","NEON.DOC.001710vE","Seeds",0.08,"N",NA,"7GSC2Ocp9nUteYgLIy4dgBai2aWAgzCc"
"787dcc5f-a5e4-4711-82eb-91557f1d8f7c","GUAN_059.basePlot.ltr","D04","GUAN","GUAN_059","GUAN_059_658","2016-11-14","2016-10-19","2016-11-14","2016-11-28T10:30Z","2016-11-30T19:30Z","NEON.LTR.GUAN059658.20161114","NEON.LTR.GUAN059658.20161114.SDS","NEON.DOC.001710vE","Seeds",0.05,"N",NA,"7GSC2Ocp9nUteYgLIy4dgBai2aWAgzCc"
"a2d53ab1-b984-4add-9cfd-a517eb6d3990","GUAN_059.basePlot.ltr","D04","GUAN","GUAN_059","GUAN_059_381","2016-11-14","2016-10-19","2016-11-14","2016-11-28T10:30Z","2016-11-30T19:30Z","NEON.LTR.GUAN059381.20161114","NEON.LTR.GUAN059381.20161114.OTH","NEON.DOC.001710vE","Other",0.64,"N",NA,"7GSC2Ocp9nUteYgLIy4dgBai2aWAgzCc"
"3fe600c6-9107-47d6-b25a-505cad08eb25","GUAN_059.basePlot.ltr","D04","GUAN","GUAN_059","GUAN_059_658","2016-11-14","2016-10-19","2016-11-14","2016-11-28T10:30Z","2016-11-30T19:30Z","NEON.LTR.GUAN059658.20161114","NEON.LTR.GUAN059658.20161114.LVS","NEON.DOC.001710vE","Leaves",6,"N",NA,"7GSC2Ocp9nUteYgLIy4dgBai2aWAgzCc"
"6cea5192-faec-4ef0-adce-3b5bfd5924a9","GUAN_059.basePlot.ltr","D04","GUAN","GUAN_059","GUAN_059_658","2016-11-14","2016-10-19","2016-11-14","2016-11-28T10:30Z","2016-11-30T19:30Z","NEON.LTR.GUAN059658.20161114","NEON.LTR.GUAN059658.20161114.FLR","NEON.DOC.001710vE","Flowers",0,"N",NA,"7GSC2Ocp9nUteYgLIy4dgBai2aWAgzCc"
"041c76f3-d500-47e1-8994-f9cf71dc3e13","GUAN_059.basePlot.ltr","D04","GUAN","GUAN_059","GUAN_059_658","2016-11-14","2016-10-19","2016-11-14","2016-11-28T10:30Z","2016-11-30T19:30Z","NEON.LTR.GUAN059658.20161114","NEON.LTR.GUAN059658.20161114.TWI","NEON.DOC.001710vE","Twigs/branches",0.2,"N",NA,"7GSC2Ocp9nUteYgLIy4dgBai2aWAgzCc"
"01501a06-f129-48bd-ae64-946e001ff422","GUAN_059.basePlot.ltr","D04","GUAN","GUAN_059","GUAN_059_658","2016-11-14","2016-10-19","2016-11-14","2016-11-28T10:30Z","2016-11-30T19:30Z","NEON.LTR.GUAN059658.20161114","NEON.LTR.GUAN059658.20161114.WDY","NEON.DOC.001710vE","Woody material",0.01,"N",NA,"7GSC2Ocp9nUteYgLIy4dgBai2aWAgzCc"
"302414f3-baa3-4baf-af1d-37f824508382","GUAN_060.basePlot.ltr","D04","GUAN","GUAN_060","GUAN_060_673","2016-11-14","2016-10-19","2016-11-14","2016-11-28T10:30Z","2016-11-30T19:30Z","NEON.LTR.GUAN060673.20161114","NEON.LTR.GUAN060673.20161114.TWI","NEON.DOC.001710vE","Twigs/branches",0.15,"N",NA,"7GSC2Ocp9nUteYgLIy4dgBai2aWAgzCc"
"c1bce782-19a1-403d-96db-e3c431f376f5","GUAN_059.basePlot.ltr","D04","GUAN","GUAN_059","GUAN_059_658","2016-11-14","2016-10-19","2016-11-14","2016-11-28T10:30Z","2016-11-30T19:30Z","NEON.LTR.GUAN059658.20161114","NEON.LTR.GUAN059658.20161114.OTH","NEON.DOC.001710vE","Other",1.29,"Y",NA,"7GSC2Ocp9nUteYgLIy4dgBai2aWAgzCc"
"e505c6ba-35ae-496a-a3a6-f4eef58f7d1c","GUAN_060.basePlot.ltr","D04","GUAN","GUAN_060","GUAN_060_673","2016-11-14","2016-10-19","2016-11-14","2016-11-28T10:30Z","2016-11-30T19:30Z","NEON.LTR.GUAN060673.20161114","NEON.LTR.GUAN060673.20161114.FLR","NEON.DOC.001710vE","Flowers",0,"N",NA,"7GSC2Ocp9nUteYgLIy4dgBai2aWAgzCc"
"4f9e575c-1276-4ddb-b272-81b362ed9a32","GUAN_060.basePlot.ltr","D04","GUAN","GUAN_060","GUAN_060_673","2016-11-14","2016-10-19","2016-11-14","2016-11-28T10:30Z","2016-11-30T19:30Z","NEON.LTR.GUAN060673.20161114","NEON.LTR.GUAN060673.20161114.LVS","NEON.DOC.001710vE","Leaves",4.3,"N",NA,"7GSC2Ocp9nUteYgLIy4dgBai2aWAgzCc"
"e872fcc9-e272-498a-b349-091ef2cc3ed4","GUAN_060.basePlot.ltr","D04","GUAN","GUAN_060","GUAN_060_673","2016-11-14","2016-10-19","2016-11-14","2016-11-28T10:30Z","2016-11-30T19:30Z","NEON.LTR.GUAN060673.20161114","NEON.LTR.GUAN060673.20161114.NDL","NEON.DOC.001710vE","Needles",0,"N",NA,"7GSC2Ocp9nUteYgLIy4dgBai2aWAgzCc"
"8488cefe-0459-4414-b37b-681cab533e76","GUAN_060.basePlot.ltr","D04","GUAN","GUAN_060","GUAN_060_151","2016-11-14","2016-10-19","2016-11-14","2016-11-28T10:30Z","2016-11-30T19:30Z","NEON.LTR.GUAN060151.20161114","NEON.LTR.GUAN060151.20161114.LVS","NEON.DOC.001710vE","Leaves",1.78,"N",NA,"7GSC2Ocp9nUteYgLIy4dgBai2aWAgzCc"
"f93a789b-aeae-464e-b9d7-8253426a238b","GUAN_060.basePlot.ltr","D04","GUAN","GUAN_060","GUAN_060_673","2016-11-14","2016-10-19","2016-11-14","2016-11-28T10:30Z","2016-11-30T19:30Z","NEON.LTR.GUAN060673.20161114","NEON.LTR.GUAN060673.20161114.WDY","NEON.DOC.001710vE","Woody material",0.19,"N",NA,"7GSC2Ocp9nUteYgLIy4dgBai2aWAgzCc"
"6857a09a-1705-46ab-8c72-64371bc32703","GUAN_060.basePlot.ltr","D04","GUAN","GUAN_060","GUAN_060_673","2016-11-14","2016-10-19","2016-11-14","2016-11-28T10:30Z","2016-11-30T19:30Z","NEON.LTR.GUAN060673.20161114","NEON.LTR.GUAN060673.20161114.SDS","NEON.DOC.001710vE","Seeds",0.44,"N",NA,"7GSC2Ocp9nUteYgLIy4dgBai2aWAgzCc"
"0b1b60a4-2041-4dd2-a18b-c30dfb63fbee","GUAN_060.basePlot.ltr","D04","GUAN","GUAN_060","GUAN_060_673","2016-11-14","2016-10-19","2016-11-14","2016-11-28T10:30Z","2016-11-30T19:30Z","NEON.LTR.GUAN060673.20161114","NEON.LTR.GUAN060673.20161114.OTH","NEON.DOC.001710vE","Other",2.42,"N",NA,"7GSC2Ocp9nUteYgLIy4dgBai2aWAgzCc"
"c005f635-3200-4c5c-9fb9-cc9f264e2ba4","GUAN_060.basePlot.ltr","D04","GUAN","GUAN_060","GUAN_060_151","2016-11-14","2016-10-19","2016-11-14","2016-11-28T10:30Z","2016-11-30T19:30Z","NEON.LTR.GUAN060151.20161114","NEON.LTR.GUAN060151.20161114.NDL","NEON.DOC.001710vE","Needles",0,"N",NA,"7GSC2Ocp9nUteYgLIy4dgBai2aWAgzCc"
"b2fcbdfa-fc31-4d0b-ad7d-da9ee89c6341","GUAN_060.basePlot.ltr","D04","GUAN","GUAN_060","GUAN_060_151","2016-11-14","2016-10-19","2016-11-14","2016-11-28T10:30Z","2016-11-30T19:30Z","NEON.LTR.GUAN060151.20161114","NEON.LTR.GUAN060151.20161114.TWI","NEON.DOC.001710vE","Twigs/branches",0.83,"N",NA,"7GSC2Ocp9nUteYgLIy4dgBai2aWAgzCc"
"6e057183-5eeb-4c6a-aa17-226dad1e506f","GUAN_059.basePlot.ltr","D04","GUAN","GUAN_059","GUAN_059_381","2016-11-14","2016-10-19","2016-11-14","2016-11-28T10:30Z","2016-11-30T19:30Z","NEON.LTR.GUAN059381.20161114","NEON.LTR.GUAN059381.20161114.NDL","NEON.DOC.001710vE","Needles",0,"N",NA,"7GSC2Ocp9nUteYgLIy4dgBai2aWAgzCc"
"dea01441-7a26-41d4-9ab2-1ce1e7293873","GUAN_059.basePlot.ltr","D04","GUAN","GUAN_059","GUAN_059_381","2016-11-14","2016-10-19","2016-11-14","2016-11-28T10:30Z","2016-11-30T19:30Z","NEON.LTR.GUAN059381.20161114","NEON.LTR.GUAN059381.20161114.TWI","NEON.DOC.001710vE","Twigs/branches",0.17,"N",NA,"7GSC2Ocp9nUteYgLIy4dgBai2aWAgzCc"
"3560cecf-4291-4a82-aed7-1ac8490fe3bb","GUAN_058.basePlot.ltr","D04","GUAN","GUAN_058","GUAN_058_694","2016-11-14","2016-10-19","2016-11-14","2016-11-28T10:30Z","2016-11-30T19:30Z","NEON.LTR.GUAN058694.20161114","NEON.LTR.GUAN058694.20161114.FLR","NEON.DOC.001710vE","Flowers",0,"N",NA,"7GSC2Ocp9nUteYgLIy4dgBai2aWAgzCc"
"61374747-ee7a-476c-9bf7-07f645e2576a","GUAN_058.basePlot.ltr","D04","GUAN","GUAN_058","GUAN_058_694","2016-11-14","2016-10-19","2016-11-14","2016-11-28T10:30Z","2016-11-30T19:30Z","NEON.LTR.GUAN058694.20161114","NEON.LTR.GUAN058694.20161114.OTH","NEON.DOC.001710vE","Other",0,"N",NA,"7GSC2Ocp9nUteYgLIy4dgBai2aWAgzCc"
"4a365bfb-fcb9-452e-a518-76d77a70bdf7","GUAN_059.basePlot.ltr","D04","GUAN","GUAN_059","GUAN_059_381","2016-11-14","2016-10-19","2016-11-14","2016-11-28T10:30Z","2016-11-30T19:30Z","NEON.LTR.GUAN059381.20161114","NEON.LTR.GUAN059381.20161114.LVS","NEON.DOC.001710vE","Leaves",2.36,"N",NA,"7GSC2Ocp9nUteYgLIy4dgBai2aWAgzCc"
"80a125b8-1390-4cd8-a467-0af8be9e424f","GUAN_058.basePlot.ltr","D04","GUAN","GUAN_058","GUAN_058_694","2016-11-14","2016-10-19","2016-11-14","2016-11-28T10:30Z","2016-11-30T19:30Z","NEON.LTR.GUAN058694.20161114","NEON.LTR.GUAN058694.20161114.TWI","NEON.DOC.001710vE","Twigs/branches",1.85,"N",NA,"7GSC2Ocp9nUteYgLIy4dgBai2aWAgzCc"
"3a9e6ac7-1adb-4cd0-9d19-6958ff8ff110","GUAN_058.basePlot.ltr","D04","GUAN","GUAN_058","GUAN_058_694","2016-11-14","2016-10-19","2016-11-14","2016-11-28T10:30Z","2016-11-30T19:30Z","NEON.LTR.GUAN058694.20161114","NEON.LTR.GUAN058694.20161114.WDY","NEON.DOC.001710vE","Woody material",1.13,"N",NA,"7GSC2Ocp9nUteYgLIy4dgBai2aWAgzCc"
"e0b94101-461f-48e9-bb18-742806de880a","GUAN_058.basePlot.ltr","D04","GUAN","GUAN_058","GUAN_058_694","2016-11-14","2016-10-19","2016-11-14","2016-11-28T10:30Z","2016-11-30T19:30Z","NEON.LTR.GUAN058694.20161114","NEON.LTR.GUAN058694.20161114.SDS","NEON.DOC.001710vE","Seeds",4.87,"N",NA,"7GSC2Ocp9nUteYgLIy4dgBai2aWAgzCc"
"14d2e0ad-64de-40cc-a0f0-48cb779f0a1f","GUAN_058.basePlot.ltr","D04","GUAN","GUAN_058","GUAN_058_054","2016-11-14","2016-10-19","2016-11-14","2016-11-28T10:30Z","2016-11-30T19:30Z","NEON.LTR.GUAN058054.20161114","NEON.LTR.GUAN058054.20161114.OTH","NEON.DOC.001710vE","Other",3.08,"N",NA,"7GSC2Ocp9nUteYgLIy4dgBai2aWAgzCc"
"e4e8d2d1-3875-4791-88e0-a5709e3171db","GUAN_058.basePlot.ltr","D04","GUAN","GUAN_058","GUAN_058_694","2016-11-14","2016-10-19","2016-11-14","2016-11-28T10:30Z","2016-11-30T19:30Z","NEON.LTR.GUAN058694.20161114","NEON.LTR.GUAN058694.20161114.LVS","NEON.DOC.001710vE","Leaves",5.43,"N",NA,"7GSC2Ocp9nUteYgLIy4dgBai2aWAgzCc"
"9347ae03-0408-4a2e-867d-cc41076bb07d","GUAN_058.basePlot.ltr","D04","GUAN","GUAN_058","GUAN_058_694","2016-11-14","2016-10-19","2016-11-14","2016-11-28T10:30Z","2016-11-30T19:30Z","NEON.LTR.GUAN058694.20161114","NEON.LTR.GUAN058694.20161114.NDL","NEON.DOC.001710vE","Needles",0,"N",NA,"7GSC2Ocp9nUteYgLIy4dgBai2aWAgzCc"
"6571dad8-ef91-4ade-86e4-a641ca3f265b","GUAN_058.basePlot.ltr","D04","GUAN","GUAN_058","GUAN_058_054","2016-11-14","2016-10-19","2016-11-14","2016-11-28T10:30Z","2016-11-30T19:30Z","NEON.LTR.GUAN058054.20161114","NEON.LTR.GUAN058054.20161114.SDS","NEON.DOC.001710vE","Seeds",0,"N",NA,"7GSC2Ocp9nUteYgLIy4dgBai2aWAgzCc"
"f95fbe87-14d4-4761-a8ac-0c786b23f946","GUAN_058.basePlot.ltr","D04","GUAN","GUAN_058","GUAN_058_054","2016-11-14","2016-10-19","2016-11-14","2016-11-28T10:30Z","2016-11-30T19:30Z","NEON.LTR.GUAN058054.20161114","NEON.LTR.GUAN058054.20161114.FLR","NEON.DOC.001710vE","Flowers",0,"N",NA,"7GSC2Ocp9nUteYgLIy4dgBai2aWAgzCc"
"0e080578-d258-4814-9ec7-0333633bf3ee","GUAN_058.basePlot.ltr","D04","GUAN","GUAN_058","GUAN_058_054","2016-11-14","2016-10-19","2016-11-14","2016-11-28T10:30Z","2016-11-30T19:30Z","NEON.LTR.GUAN058054.20161114","NEON.LTR.GUAN058054.20161114.NDL","NEON.DOC.001710vE","Needles",0,"N",NA,"7GSC2Ocp9nUteYgLIy4dgBai2aWAgzCc"
"4a1510c3-2607-4eb6-bb0b-fc0bd1600544","GUAN_058.basePlot.ltr","D04","GUAN","GUAN_058","GUAN_058_054","2016-11-14","2016-10-19","2016-11-14","2016-11-28T10:30Z","2016-11-30T19:30Z","NEON.LTR.GUAN058054.20161114","NEON.LTR.GUAN058054.20161114.TWI","NEON.DOC.001710vE","Twigs/branches",0.35,"N",NA,"7GSC2Ocp9nUteYgLIy4dgBai2aWAgzCc"
"1fccbe77-7828-499e-ba44-ed5e30915b9f","GUAN_058.basePlot.ltr","D04","GUAN","GUAN_058","GUAN_058_054","2016-11-14","2016-10-19","2016-11-14","2016-11-28T10:30Z","2016-11-30T19:30Z","NEON.LTR.GUAN058054.20161114","NEON.LTR.GUAN058054.20161114.WDY","NEON.DOC.001710vE","Woody material",0.15,"N",NA,"7GSC2Ocp9nUteYgLIy4dgBai2aWAgzCc"
"853c09bf-c59f-447d-ab91-3fe52a0ac481","GUAN_057.basePlot.ltr","D04","GUAN","GUAN_057","GUAN_057_196","2016-11-14","2016-10-19","2016-11-14","2016-11-28T10:30Z","2016-11-30T19:30Z","NEON.LTR.GUAN057196.20161114","NEON.LTR.GUAN057196.20161114.FLR","NEON.DOC.001710vE","Flowers",0.14,"N",NA,"7GSC2Ocp9nUteYgLIy4dgBai2aWAgzCc"
"1068bdc2-2cf8-459e-80c5-357b930a6280","GUAN_057.basePlot.ltr","D04","GUAN","GUAN_057","GUAN_057_196","2016-11-14","2016-10-19","2016-11-14","2016-11-28T10:30Z","2016-11-30T19:30Z","NEON.LTR.GUAN057196.20161114","NEON.LTR.GUAN057196.20161114.OTH","NEON.DOC.001710vE","Other",0.07,"N",NA,"7GSC2Ocp9nUteYgLIy4dgBai2aWAgzCc"
"772d2e44-93b3-4d56-81bd-18c0539aa0e5","GUAN_058.basePlot.ltr","D04","GUAN","GUAN_058","GUAN_058_054","2016-11-14","2016-10-19","2016-11-14","2016-11-28T10:30Z","2016-11-30T19:30Z","NEON.LTR.GUAN058054.20161114","NEON.LTR.GUAN058054.20161114.LVS","NEON.DOC.001710vE","Leaves",3.36,"N",NA,"7GSC2Ocp9nUteYgLIy4dgBai2aWAgzCc"
"1983d13d-7fb4-4850-b0c4-077972c98e07","GUAN_057.basePlot.ltr","D04","GUAN","GUAN_057","GUAN_057_196","2016-11-14","2016-10-19","2016-11-14","2016-11-28T10:30Z","2016-11-30T19:30Z","NEON.LTR.GUAN057196.20161114","NEON.LTR.GUAN057196.20161114.WDY","NEON.DOC.001710vE","Woody material",0.01,"N",NA,"7GSC2Ocp9nUteYgLIy4dgBai2aWAgzCc"
"1464ec10-4415-4ed6-9587-50c3e20e8a32","GUAN_057.basePlot.ltr","D04","GUAN","GUAN_057","GUAN_057_196","2016-11-14","2016-10-19","2016-11-14","2016-11-28T10:30Z","2016-11-30T19:30Z","NEON.LTR.GUAN057196.20161114","NEON.LTR.GUAN057196.20161114.SDS","NEON.DOC.001710vE","Seeds",0.09,"N",NA,"7GSC2Ocp9nUteYgLIy4dgBai2aWAgzCc"
"98471d5c-2c3e-4464-b831-aa1135b3f07a","GUAN_057.basePlot.ltr","D04","GUAN","GUAN_057","GUAN_057_196","2016-11-14","2016-10-19","2016-11-14","2016-11-28T10:30Z","2016-11-30T19:30Z","NEON.LTR.GUAN057196.20161114","NEON.LTR.GUAN057196.20161114.LVS","NEON.DOC.001710vE","Leaves",2.08,"N",NA,"7GSC2Ocp9nUteYgLIy4dgBai2aWAgzCc"
"95bf2de0-7834-40d3-8348-24f8be7dfb29","GUAN_057.basePlot.ltr","D04","GUAN","GUAN_057","GUAN_057_196","2016-11-14","2016-10-19","2016-11-14","2016-11-28T10:30Z","2016-11-30T19:30Z","NEON.LTR.GUAN057196.20161114","NEON.LTR.GUAN057196.20161114.NDL","NEON.DOC.001710vE","Needles",0,"N",NA,"7GSC2Ocp9nUteYgLIy4dgBai2aWAgzCc"
"15287f4e-7ff8-4d4a-a272-5168f89249cd","GUAN_057.basePlot.ltr","D04","GUAN","GUAN_057","GUAN_057_196","2016-11-14","2016-10-19","2016-11-14","2016-11-28T10:30Z","2016-11-30T19:30Z","NEON.LTR.GUAN057196.20161114","NEON.LTR.GUAN057196.20161114.TWI","NEON.DOC.001710vE","Twigs/branches",0.05,"N",NA,"7GSC2Ocp9nUteYgLIy4dgBai2aWAgzCc"
"05bcf6b7-7ce5-4be0-9322-4849c96f8d2b","GUAN_056.basePlot.ltr","D04","GUAN","GUAN_056","GUAN_056_062","2016-11-14","2016-10-19","2016-11-14","2016-11-28T10:30Z","2016-11-30T19:30Z","NEON.LTR.GUAN056062.20161114","NEON.LTR.GUAN056062.20161114.SDS","NEON.DOC.001710vE","Seeds",0,"N",NA,"7GSC2Ocp9nUteYgLIy4dgBai2aWAgzCc"
"5baab814-5d42-49be-8815-642339dca3d4","GUAN_056.basePlot.ltr","D04","GUAN","GUAN_056","GUAN_056_062","2016-11-14","2016-10-19","2016-11-14","2016-11-28T10:30Z","2016-11-30T19:30Z","NEON.LTR.GUAN056062.20161114","NEON.LTR.GUAN056062.20161114.FLR","NEON.DOC.001710vE","Flowers",0,"N",NA,"7GSC2Ocp9nUteYgLIy4dgBai2aWAgzCc"
"9294cbdc-b201-4134-a3f3-0a7f46b7d403","GUAN_056.basePlot.ltr","D04","GUAN","GUAN_056","GUAN_056_062","2016-11-14","2016-10-19","2016-11-14","2016-11-28T10:30Z","2016-11-30T19:30Z","NEON.LTR.GUAN056062.20161114","NEON.LTR.GUAN056062.20161114.OTH","NEON.DOC.001710vE","Other",0.61,"N",NA,"7GSC2Ocp9nUteYgLIy4dgBai2aWAgzCc"
"bbe7fea0-5727-473b-9ac6-fc0f72e2c907","GUAN_056.basePlot.ltr","D04","GUAN","GUAN_056","GUAN_056_062","2016-11-14","2016-10-19","2016-11-14","2016-11-28T10:30Z","2016-11-30T19:30Z","NEON.LTR.GUAN056062.20161114","NEON.LTR.GUAN056062.20161114.TWI","NEON.DOC.001710vE","Twigs/branches",0.61,"N",NA,"7GSC2Ocp9nUteYgLIy4dgBai2aWAgzCc"
"824b5c28-4cdf-4cdb-a3f5-7d861be891f8","GUAN_056.basePlot.ltr","D04","GUAN","GUAN_056","GUAN_056_062","2016-11-14","2016-10-19","2016-11-14","2016-11-28T10:30Z","2016-11-30T19:30Z","NEON.LTR.GUAN056062.20161114","NEON.LTR.GUAN056062.20161114.WDY","NEON.DOC.001710vE","Woody material",0,"N",NA,"7GSC2Ocp9nUteYgLIy4dgBai2aWAgzCc"
"59ff8832-15eb-470a-a97d-f9e67ebf25f4","GUAN_056.basePlot.ltr","D04","GUAN","GUAN_056","GUAN_056_693","2016-11-14","2016-10-19","2016-11-14","2016-11-28T10:30Z","2016-11-30T19:30Z","NEON.LTR.GUAN056693.20161114","NEON.LTR.GUAN056693.20161114.OTH","NEON.DOC.001710vE","Other",0.3,"N",NA,"7GSC2Ocp9nUteYgLIy4dgBai2aWAgzCc"
"cd1fd83c-8944-479e-a0e9-a4419b67a698","GUAN_056.basePlot.ltr","D04","GUAN","GUAN_056","GUAN_056_062","2016-11-14","2016-10-19","2016-11-14","2016-11-28T10:30Z","2016-11-30T19:30Z","NEON.LTR.GUAN056062.20161114","NEON.LTR.GUAN056062.20161114.LVS","NEON.DOC.001710vE","Leaves",4.54,"N",NA,"7GSC2Ocp9nUteYgLIy4dgBai2aWAgzCc"
"e9c3c3b4-59b9-4ff1-ae24-eac98738b7ca","GUAN_056.basePlot.ltr","D04","GUAN","GUAN_056","GUAN_056_062","2016-11-14","2016-10-19","2016-11-14","2016-11-28T10:30Z","2016-11-30T19:30Z","NEON.LTR.GUAN056062.20161114","NEON.LTR.GUAN056062.20161114.NDL","NEON.DOC.001710vE","Needles",0,"N",NA,"7GSC2Ocp9nUteYgLIy4dgBai2aWAgzCc"
"6d9fa694-b3f4-41db-a468-ba0123dba984","GUAN_056.basePlot.ltr","D04","GUAN","GUAN_056","GUAN_056_693","2016-11-14","2016-10-19","2016-11-14","2016-11-28T10:30Z","2016-11-30T19:30Z","NEON.LTR.GUAN056693.20161114","NEON.LTR.GUAN056693.20161114.WDY","NEON.DOC.001710vE","Woody material",0.59,"N",NA,"7GSC2Ocp9nUteYgLIy4dgBai2aWAgzCc"
"fcbd68cd-3e10-462d-b5c7-7d9e077711d7","GUAN_056.basePlot.ltr","D04","GUAN","GUAN_056","GUAN_056_693","2016-11-14","2016-10-19","2016-11-14","2016-11-28T10:30Z","2016-11-30T19:30Z","NEON.LTR.GUAN056693.20161114","NEON.LTR.GUAN056693.20161114.SDS","NEON.DOC.001710vE","Seeds",0.3,"N",NA,"7GSC2Ocp9nUteYgLIy4dgBai2aWAgzCc"
"45ea41c6-72ae-4457-9ef7-8628ef6ffb2a","GUAN_056.basePlot.ltr","D04","GUAN","GUAN_056","GUAN_056_693","2016-11-14","2016-10-19","2016-11-14","2016-11-28T10:30Z","2016-11-30T19:30Z","NEON.LTR.GUAN056693.20161114","NEON.LTR.GUAN056693.20161114.FLR","NEON.DOC.001710vE","Flowers",0,"N",NA,"7GSC2Ocp9nUteYgLIy4dgBai2aWAgzCc"
"b5f97aaf-fb87-42b8-8b2e-faab6ecd4a8c","GUAN_056.basePlot.ltr","D04","GUAN","GUAN_056","GUAN_056_693","2016-11-14","2016-10-19","2016-11-14","2016-11-28T10:30Z","2016-11-30T19:30Z","NEON.LTR.GUAN056693.20161114","NEON.LTR.GUAN056693.20161114.NDL","NEON.DOC.001710vE","Needles",0,"N",NA,"7GSC2Ocp9nUteYgLIy4dgBai2aWAgzCc"
"368a1cc5-1550-4fb8-83a5-ed3dd23e6fc5","GUAN_056.basePlot.ltr","D04","GUAN","GUAN_056","GUAN_056_693","2016-11-14","2016-10-19","2016-11-14","2016-11-28T10:30Z","2016-11-30T19:30Z","NEON.LTR.GUAN056693.20161114","NEON.LTR.GUAN056693.20161114.TWI","NEON.DOC.001710vE","Twigs/branches",0.07,"N",NA,"7GSC2Ocp9nUteYgLIy4dgBai2aWAgzCc"
"2557c4e5-876b-442f-951c-c68748300b03","GUAN_055.basePlot.ltr","D04","GUAN","GUAN_055","GUAN_055_363","2016-11-14","2016-10-19","2016-11-14","2016-11-28T10:30Z","2016-11-30T19:30Z","NEON.LTR.GUAN055363.20161114","NEON.LTR.GUAN055363.20161114.FLR","NEON.DOC.001710vE","Flowers",0.01,"N",NA,"7GSC2Ocp9nUteYgLIy4dgBai2aWAgzCc"
"17203624-f294-47f6-a70a-d0028414f1eb","GUAN_055.basePlot.ltr","D04","GUAN","GUAN_055","GUAN_055_363","2016-11-14","2016-10-19","2016-11-14","2016-11-28T10:30Z","2016-11-30T19:30Z","NEON.LTR.GUAN055363.20161114","NEON.LTR.GUAN055363.20161114.OTH","NEON.DOC.001710vE","Other",1.84,"N",NA,"7GSC2Ocp9nUteYgLIy4dgBai2aWAgzCc"
"7353acc9-f28d-4b25-bc1f-ec71bd36ba6b","GUAN_056.basePlot.ltr","D04","GUAN","GUAN_056","GUAN_056_693","2016-11-14","2016-10-19","2016-11-14","2016-11-28T10:30Z","2016-11-30T19:30Z","NEON.LTR.GUAN056693.20161114","NEON.LTR.GUAN056693.20161114.LVS","NEON.DOC.001710vE","Leaves",0.45,"N",NA,"7GSC2Ocp9nUteYgLIy4dgBai2aWAgzCc"
"650484c8-3f5c-4ef2-a0a7-d25da5d3f50f","GUAN_055.basePlot.ltr","D04","GUAN","GUAN_055","GUAN_055_363","2016-11-14","2016-10-19","2016-11-14","2016-11-28T10:30Z","2016-11-30T19:30Z","NEON.LTR.GUAN055363.20161114","NEON.LTR.GUAN055363.20161114.TWI","NEON.DOC.001710vE","Twigs/branches",2.52,"N",NA,"7GSC2Ocp9nUteYgLIy4dgBai2aWAgzCc"
"84d49432-2ab5-461f-87e6-74b3b6366283","GUAN_055.basePlot.ltr","D04","GUAN","GUAN_055","GUAN_055_363","2016-11-14","2016-10-19","2016-11-14","2016-11-28T10:30Z","2016-11-30T19:30Z","NEON.LTR.GUAN055363.20161114","NEON.LTR.GUAN055363.20161114.WDY","NEON.DOC.001710vE","Woody material",0.01,"N",NA,"7GSC2Ocp9nUteYgLIy4dgBai2aWAgzCc"
"4f635bf0-fc23-4dd5-abf0-24b20ea6a24f","GUAN_055.basePlot.ltr","D04","GUAN","GUAN_055","GUAN_055_363","2016-11-14","2016-10-19","2016-11-14","2016-11-28T10:30Z","2016-11-30T19:30Z","NEON.LTR.GUAN055363.20161114","NEON.LTR.GUAN055363.20161114.SDS","NEON.DOC.001710vE","Seeds",3.54,"N",NA,"7GSC2Ocp9nUteYgLIy4dgBai2aWAgzCc"
"eacab093-14fa-4422-8a3b-568a361dda9b","GUAN_055.basePlot.ltr","D04","GUAN","GUAN_055","GUAN_055_363","2016-11-14","2016-10-19","2016-11-14","2016-11-28T10:30Z","2016-11-30T19:30Z","NEON.LTR.GUAN055363.20161114","NEON.LTR.GUAN055363.20161114.LVS","NEON.DOC.001710vE","Leaves",2.61,"N",NA,"7GSC2Ocp9nUteYgLIy4dgBai2aWAgzCc"
"376b9002-3b99-428d-ac80-dd18f73cb8bc","GUAN_055.basePlot.ltr","D04","GUAN","GUAN_055","GUAN_055_363","2016-11-14","2016-10-19","2016-11-14","2016-11-28T10:30Z","2016-11-30T19:30Z","NEON.LTR.GUAN055363.20161114","NEON.LTR.GUAN055363.20161114.NDL","NEON.DOC.001710vE","Needles",0,"N",NA,"7GSC2Ocp9nUteYgLIy4dgBai2aWAgzCc"
"34fa474d-9d53-4233-a896-4f60a89b72c7","GUAN_055.basePlot.ltr","D04","GUAN","GUAN_055","GUAN_055_896","2016-11-14","2016-10-19","2016-11-14","2016-11-28T10:30Z","2016-11-30T19:30Z","NEON.LTR.GUAN055896.20161114","NEON.LTR.GUAN055896.20161114.NDL","NEON.DOC.001710vE","Needles",0,"N",NA,"7GSC2Ocp9nUteYgLIy4dgBai2aWAgzCc"
"28dc11aa-c5d0-48fe-9260-35c8f44e0fae","GUAN_055.basePlot.ltr","D04","GUAN","GUAN_055","GUAN_055_896","2016-11-14","2016-10-19","2016-11-14","2016-11-28T10:30Z","2016-11-30T19:30Z","NEON.LTR.GUAN055896.20161114","NEON.LTR.GUAN055896.20161114.SDS","NEON.DOC.001710vE","Seeds",0,"N",NA,"7GSC2Ocp9nUteYgLIy4dgBai2aWAgzCc"
"898194f3-752c-4899-9e72-6bf0ca8ec851","GUAN_055.basePlot.ltr","D04","GUAN","GUAN_055","GUAN_055_896","2016-11-14","2016-10-19","2016-11-14","2016-11-28T10:30Z","2016-11-30T19:30Z","NEON.LTR.GUAN055896.20161114","NEON.LTR.GUAN055896.20161114.FLR","NEON.DOC.001710vE","Flowers",0,"N",NA,"7GSC2Ocp9nUteYgLIy4dgBai2aWAgzCc"
"5a9cc1b9-565c-447b-8bdb-8146f576a082","GUAN_055.basePlot.ltr","D04","GUAN","GUAN_055","GUAN_055_896","2016-11-14","2016-10-19","2016-11-14","2016-11-28T10:30Z","2016-11-30T19:30Z","NEON.LTR.GUAN055896.20161114","NEON.LTR.GUAN055896.20161114.WDY","NEON.DOC.001710vE","Woody material",0.05,"N",NA,"7GSC2Ocp9nUteYgLIy4dgBai2aWAgzCc"
"8fec6d7d-9123-471a-b884-cc5296562389","GUAN_055.basePlot.ltr","D04","GUAN","GUAN_055","GUAN_055_896","2016-11-14","2016-10-19","2016-11-14","2016-11-28T10:30Z","2016-11-30T19:30Z","NEON.LTR.GUAN055896.20161114","NEON.LTR.GUAN055896.20161114.OTH","NEON.DOC.001710vE","Other",0.65,"N",NA,"7GSC2Ocp9nUteYgLIy4dgBai2aWAgzCc"
"88ed62e9-fd3c-47ce-8801-6bdcf489e5bd","GUAN_055.basePlot.ltr","D04","GUAN","GUAN_055","GUAN_055_896","2016-11-14","2016-10-19","2016-11-14","2016-11-28T10:30Z","2016-11-30T19:30Z","NEON.LTR.GUAN055896.20161114","NEON.LTR.GUAN055896.20161114.TWI","NEON.DOC.001710vE","Twigs/branches",0.24,"N",NA,"7GSC2Ocp9nUteYgLIy4dgBai2aWAgzCc"
"e6383bb8-97b3-4315-88d2-e4db9f066ee7","GUAN_054.basePlot.ltr","D04","GUAN","GUAN_054","GUAN_054_559","2016-11-14","2016-10-19","2016-11-14","2016-11-28T10:30Z","2016-11-30T19:30Z","NEON.LTR.GUAN054559.20161114","NEON.LTR.GUAN054559.20161114.OTH","NEON.DOC.001710vE","Other",0,"N",NA,"7GSC2Ocp9nUteYgLIy4dgBai2aWAgzCc"
"a8b075d2-82d7-408d-86d3-55a89f23b08a","GUAN_055.basePlot.ltr","D04","GUAN","GUAN_055","GUAN_055_896","2016-11-14","2016-10-19","2016-11-14","2016-11-28T10:30Z","2016-11-30T19:30Z","NEON.LTR.GUAN055896.20161114","NEON.LTR.GUAN055896.20161114.LVS","NEON.DOC.001710vE","Leaves",3.6,"N",NA,"7GSC2Ocp9nUteYgLIy4dgBai2aWAgzCc"
"3c040d9f-c648-43c3-9674-cba3b1f52e5f","GUAN_054.basePlot.ltr","D04","GUAN","GUAN_054","GUAN_054_559","2016-11-14","2016-10-19","2016-11-14","2016-11-28T10:30Z","2016-11-30T19:30Z","NEON.LTR.GUAN054559.20161114","NEON.LTR.GUAN054559.20161114.WDY","NEON.DOC.001710vE","Woody material",0.9,"N",NA,"7GSC2Ocp9nUteYgLIy4dgBai2aWAgzCc"
"6f8ac113-4dbb-4b30-80f3-d6380306a7da","GUAN_054.basePlot.ltr","D04","GUAN","GUAN_054","GUAN_054_559","2016-11-14","2016-10-19","2016-11-14","2016-11-28T10:30Z","2016-11-30T19:30Z","NEON.LTR.GUAN054559.20161114","NEON.LTR.GUAN054559.20161114.SDS","NEON.DOC.001710vE","Seeds",0,"N",NA,"7GSC2Ocp9nUteYgLIy4dgBai2aWAgzCc"
"0bebf8f3-9af8-411c-9d88-3d24a1c34dc4","GUAN_054.basePlot.ltr","D04","GUAN","GUAN_054","GUAN_054_559","2016-11-14","2016-10-19","2016-11-14","2016-11-28T10:30Z","2016-11-30T19:30Z","NEON.LTR.GUAN054559.20161114","NEON.LTR.GUAN054559.20161114.FLR","NEON.DOC.001710vE","Flowers",0,"N",NA,"7GSC2Ocp9nUteYgLIy4dgBai2aWAgzCc"
"7ed840b1-d074-4ca9-a291-6e99f7418c45","GUAN_054.basePlot.ltr","D04","GUAN","GUAN_054","GUAN_054_559","2016-11-14","2016-10-19","2016-11-14","2016-11-28T10:30Z","2016-11-30T19:30Z","NEON.LTR.GUAN054559.20161114","NEON.LTR.GUAN054559.20161114.LVS","NEON.DOC.001710vE","Leaves",7.78,"N",NA,"7GSC2Ocp9nUteYgLIy4dgBai2aWAgzCc"
"548c8e83-ae18-490e-ab34-c164fb014d29","GUAN_054.basePlot.ltr","D04","GUAN","GUAN_054","GUAN_054_559","2016-11-14","2016-10-19","2016-11-14","2016-11-28T10:30Z","2016-11-30T19:30Z","NEON.LTR.GUAN054559.20161114","NEON.LTR.GUAN054559.20161114.NDL","NEON.DOC.001710vE","Needles",0,"N",NA,"7GSC2Ocp9nUteYgLIy4dgBai2aWAgzCc"
"6a9d4905-4c85-4015-b39f-b7cf3a82cd02","GUAN_054.basePlot.ltr","D04","GUAN","GUAN_054","GUAN_054_559","2016-11-14","2016-10-19","2016-11-14","2016-11-28T10:30Z","2016-11-30T19:30Z","NEON.LTR.GUAN054559.20161114","NEON.LTR.GUAN054559.20161114.TWI","NEON.DOC.001710vE","Twigs/branches",0.48,"N",NA,"7GSC2Ocp9nUteYgLIy4dgBai2aWAgzCc"
"84266e47-bf44-4242-babb-f1e0fc53cbd0","GUAN_054.basePlot.ltr","D04","GUAN","GUAN_054","GUAN_054_880","2016-11-14","2016-10-19","2016-11-14","2016-11-28T10:30Z","2016-11-30T19:30Z","NEON.LTR.GUAN054880.20161114","NEON.LTR.GUAN054880.20161114.FLR","NEON.DOC.001710vE","Flowers",0,"N",NA,"7GSC2Ocp9nUteYgLIy4dgBai2aWAgzCc"
"ee9e8a1e-d24c-46f6-aa5e-fb37d8d93f5a","GUAN_054.basePlot.ltr","D04","GUAN","GUAN_054","GUAN_054_880","2016-11-14","2016-10-19","2016-11-14","2016-11-28T10:30Z","2016-11-30T19:30Z","NEON.LTR.GUAN054880.20161114","NEON.LTR.GUAN054880.20161114.OTH","NEON.DOC.001710vE","Other",4.49,"N",NA,"7GSC2Ocp9nUteYgLIy4dgBai2aWAgzCc"
"ef7a27d9-f2ef-42ba-98b4-2dbeb5a90a6e","GUAN_054.basePlot.ltr","D04","GUAN","GUAN_054","GUAN_054_880","2016-11-14","2016-10-19","2016-11-14","2016-11-28T10:30Z","2016-11-30T19:30Z","NEON.LTR.GUAN054880.20161114","NEON.LTR.GUAN054880.20161114.TWI","NEON.DOC.001710vE","Twigs/branches",0.63,"Y",NA,"7GSC2Ocp9nUteYgLIy4dgBai2aWAgzCc"
"6b1ba4d5-e647-4dae-82bb-35460bd86d60","GUAN_054.basePlot.ltr","D04","GUAN","GUAN_054","GUAN_054_880","2016-11-14","2016-10-19","2016-11-14","2016-11-28T10:30Z","2016-11-30T19:30Z","NEON.LTR.GUAN054880.20161114","NEON.LTR.GUAN054880.20161114.WDY","NEON.DOC.001710vE","Woody material",0.11,"Y",NA,"7GSC2Ocp9nUteYgLIy4dgBai2aWAgzCc"
"f50fbd80-0120-4964-9bab-6487c5011d0c","GUAN_054.basePlot.ltr","D04","GUAN","GUAN_054","GUAN_054_880","2016-11-14","2016-10-19","2016-11-14","2016-11-28T10:30Z","2016-11-30T19:30Z","NEON.LTR.GUAN054880.20161114","NEON.LTR.GUAN054880.20161114.SDS","NEON.DOC.001710vE","Seeds",0.21,"Y",NA,"7GSC2Ocp9nUteYgLIy4dgBai2aWAgzCc"
"e3535e79-496c-4a8e-acd9-07b4e74817fb","GUAN_053.basePlot.ltr","D04","GUAN","GUAN_053","GUAN_053_405","2016-11-14","2016-10-19","2016-11-14","2016-11-28T10:30Z","2016-11-30T19:30Z","NEON.LTR.GUAN053405.20161114","NEON.LTR.GUAN053405.20161114.OTH","NEON.DOC.001710vE","Other",0,"N",NA,"7GSC2Ocp9nUteYgLIy4dgBai2aWAgzCc"
"4aee9141-add6-4eb9-8a08-2bc12ef5376c","GUAN_054.basePlot.ltr","D04","GUAN","GUAN_054","GUAN_054_880","2016-11-14","2016-10-19","2016-11-14","2016-11-28T10:30Z","2016-11-30T19:30Z","NEON.LTR.GUAN054880.20161114","NEON.LTR.GUAN054880.20161114.LVS","NEON.DOC.001710vE","Leaves",7.15,"N",NA,"7GSC2Ocp9nUteYgLIy4dgBai2aWAgzCc"
"dbbac42a-7fd2-4f5b-83f4-850c6a249cc6","GUAN_054.basePlot.ltr","D04","GUAN","GUAN_054","GUAN_054_880","2016-11-14","2016-10-19","2016-11-14","2016-11-28T10:30Z","2016-11-30T19:30Z","NEON.LTR.GUAN054880.20161114","NEON.LTR.GUAN054880.20161114.NDL","NEON.DOC.001710vE","Needles",0,"N",NA,"7GSC2Ocp9nUteYgLIy4dgBai2aWAgzCc"
"39b27568-94bd-46b1-8680-69b7b1631211","GUAN_053.basePlot.ltr","D04","GUAN","GUAN_053","GUAN_053_405","2016-11-14","2016-10-19","2016-11-14","2016-11-28T10:30Z","2016-11-30T19:30Z","NEON.LTR.GUAN053405.20161114","NEON.LTR.GUAN053405.20161114.SDS","NEON.DOC.001710vE","Seeds",0.52,"N",NA,"7GSC2Ocp9nUteYgLIy4dgBai2aWAgzCc"
"e82bbec4-ff7d-47b3-a3cd-6fee9e8dcac2","GUAN_053.basePlot.ltr","D04","GUAN","GUAN_053","GUAN_053_405","2016-11-14","2016-10-19","2016-11-14","2016-11-28T10:30Z","2016-11-30T19:30Z","NEON.LTR.GUAN053405.20161114","NEON.LTR.GUAN053405.20161114.FLR","NEON.DOC.001710vE","Flowers",0,"N",NA,"7GSC2Ocp9nUteYgLIy4dgBai2aWAgzCc"
"674a1d42-c1cf-417c-ba3e-3fb973a2d140","GUAN_053.basePlot.ltr","D04","GUAN","GUAN_053","GUAN_053_405","2016-11-14","2016-10-19","2016-11-14","2016-11-28T10:30Z","2016-11-30T19:30Z","NEON.LTR.GUAN053405.20161114","NEON.LTR.GUAN053405.20161114.NDL","NEON.DOC.001710vE","Needles",0,"N",NA,"7GSC2Ocp9nUteYgLIy4dgBai2aWAgzCc"
"97bc49af-2b9f-4454-a32b-49ee78b0a340","GUAN_053.basePlot.ltr","D04","GUAN","GUAN_053","GUAN_053_405","2016-11-14","2016-10-19","2016-11-14","2016-11-28T10:30Z","2016-11-30T19:30Z","NEON.LTR.GUAN053405.20161114","NEON.LTR.GUAN053405.20161114.TWI","NEON.DOC.001710vE","Twigs/branches",1.53,"Y",NA,"7GSC2Ocp9nUteYgLIy4dgBai2aWAgzCc"
"c6c05339-dc9d-41aa-add3-f530a0ba2131","GUAN_053.basePlot.ltr","D04","GUAN","GUAN_053","GUAN_053_405","2016-11-14","2016-10-19","2016-11-14","2016-11-28T10:30Z","2016-11-30T19:30Z","NEON.LTR.GUAN053405.20161114","NEON.LTR.GUAN053405.20161114.WDY","NEON.DOC.001710vE","Woody material",0,"N",NA,"7GSC2Ocp9nUteYgLIy4dgBai2aWAgzCc"
"7e54cd8f-fc5c-4c58-a899-fb26e9a2afd2","GUAN_053.basePlot.ltr","D04","GUAN","GUAN_053","GUAN_053_652","2016-11-14","2016-10-19","2016-11-14","2016-11-28T10:30Z","2016-11-30T19:30Z","NEON.LTR.GUAN053652.20161114","NEON.LTR.GUAN053652.20161114.FLR","NEON.DOC.001710vE","Flowers",0,"N",NA,"7GSC2Ocp9nUteYgLIy4dgBai2aWAgzCc"
"7836b8d0-2612-4261-8422-6c1ea957a4eb","GUAN_053.basePlot.ltr","D04","GUAN","GUAN_053","GUAN_053_652","2016-11-14","2016-10-19","2016-11-14","2016-11-28T10:30Z","2016-11-30T19:30Z","NEON.LTR.GUAN053652.20161114","NEON.LTR.GUAN053652.20161114.OTH","NEON.DOC.001710vE","Other",0,"N",NA,"7GSC2Ocp9nUteYgLIy4dgBai2aWAgzCc"
"714d16d9-fb66-4ac0-be92-b1479c1a625a","GUAN_053.basePlot.ltr","D04","GUAN","GUAN_053","GUAN_053_405","2016-11-14","2016-10-19","2016-11-14","2016-11-28T10:30Z","2016-11-30T19:30Z","NEON.LTR.GUAN053405.20161114","NEON.LTR.GUAN053405.20161114.LVS","NEON.DOC.001710vE","Leaves",1.13,"N",NA,"7GSC2Ocp9nUteYgLIy4dgBai2aWAgzCc"
"16610458-11f1-48b8-9226-71c5d6c1c948","GUAN_053.basePlot.ltr","D04","GUAN","GUAN_053","GUAN_053_652","2016-11-14","2016-10-19","2016-11-14","2016-11-28T10:30Z","2016-11-30T19:30Z","NEON.LTR.GUAN053652.20161114","NEON.LTR.GUAN053652.20161114.WDY","NEON.DOC.001710vE","Woody material",0.05,"N",NA,"7GSC2Ocp9nUteYgLIy4dgBai2aWAgzCc"
"7919b847-e64c-400a-afda-b222e229f887","GUAN_053.basePlot.ltr","D04","GUAN","GUAN_053","GUAN_053_652","2016-11-14","2016-10-19","2016-11-14","2016-11-28T10:30Z","2016-11-30T19:30Z","NEON.LTR.GUAN053652.20161114","NEON.LTR.GUAN053652.20161114.SDS","NEON.DOC.001710vE","Seeds",0.01,"N",NA,"7GSC2Ocp9nUteYgLIy4dgBai2aWAgzCc"
"ff8a6be3-a63f-4fb8-b6fe-9ce390dd1db2","GUAN_053.basePlot.ltr","D04","GUAN","GUAN_053","GUAN_053_652","2016-11-14","2016-10-19","2016-11-14","2016-11-28T10:30Z","2016-11-30T19:30Z","NEON.LTR.GUAN053652.20161114","NEON.LTR.GUAN053652.20161114.LVS","NEON.DOC.001710vE","Leaves",5.13,"N",NA,"7GSC2Ocp9nUteYgLIy4dgBai2aWAgzCc"
"f1408553-88ed-4593-aa9a-0ee214ec6474","GUAN_053.basePlot.ltr","D04","GUAN","GUAN_053","GUAN_053_652","2016-11-14","2016-10-19","2016-11-14","2016-11-28T10:30Z","2016-11-30T19:30Z","NEON.LTR.GUAN053652.20161114","NEON.LTR.GUAN053652.20161114.NDL","NEON.DOC.001710vE","Needles",0,"N",NA,"7GSC2Ocp9nUteYgLIy4dgBai2aWAgzCc"
"b49d0925-4227-4b2b-82e2-2eaa2ca1e016","GUAN_053.basePlot.ltr","D04","GUAN","GUAN_053","GUAN_053_652","2016-11-14","2016-10-19","2016-11-14","2016-11-28T10:30Z","2016-11-30T19:30Z","NEON.LTR.GUAN053652.20161114","NEON.LTR.GUAN053652.20161114.TWI","NEON.DOC.001710vE","Twigs/branches",0.84,"N",NA,"7GSC2Ocp9nUteYgLIy4dgBai2aWAgzCc"
"6ac0da95-a446-4858-b8b7-8f55a205dfb6","GUAN_052.basePlot.ltr","D04","GUAN","GUAN_052","GUAN_052_280","2016-11-14","2016-10-19","2016-11-14","2016-11-28T10:30Z","2016-11-30T19:30Z","NEON.LTR.GUAN052280.20161114","NEON.LTR.GUAN052280.20161114.SDS","NEON.DOC.001710vE","Seeds",0.05,"N",NA,"7GSC2Ocp9nUteYgLIy4dgBai2aWAgzCc"
"2907ffca-5b19-429b-8f56-d355ffd42f4e","GUAN_052.basePlot.ltr","D04","GUAN","GUAN_052","GUAN_052_280","2016-11-14","2016-10-19","2016-11-14","2016-11-28T10:30Z","2016-11-30T19:30Z","NEON.LTR.GUAN052280.20161114","NEON.LTR.GUAN052280.20161114.FLR","NEON.DOC.001710vE","Flowers",0.05,"N",NA,"7GSC2Ocp9nUteYgLIy4dgBai2aWAgzCc"
"2e106c81-3e4e-4148-9e6e-118ff46ac49f","GUAN_052.basePlot.ltr","D04","GUAN","GUAN_052","GUAN_052_280","2016-11-14","2016-10-19","2016-11-14","2016-11-28T10:30Z","2016-11-30T19:30Z","NEON.LTR.GUAN052280.20161114","NEON.LTR.GUAN052280.20161114.OTH","NEON.DOC.001710vE","Other",0.31,"N",NA,"7GSC2Ocp9nUteYgLIy4dgBai2aWAgzCc"
"18bb9ff8-a3df-4613-8dd6-a7681ecf5871","GUAN_052.basePlot.ltr","D04","GUAN","GUAN_052","GUAN_052_280","2016-11-14","2016-10-19","2016-11-14","2016-11-28T10:30Z","2016-11-30T19:30Z","NEON.LTR.GUAN052280.20161114","NEON.LTR.GUAN052280.20161114.TWI","NEON.DOC.001710vE","Twigs/branches",0.17,"N",NA,"7GSC2Ocp9nUteYgLIy4dgBai2aWAgzCc"
"b04ddfd9-6116-4f8a-aa05-4a73220afd0e","GUAN_052.basePlot.ltr","D04","GUAN","GUAN_052","GUAN_052_280","2016-11-14","2016-10-19","2016-11-14","2016-11-28T10:30Z","2016-11-30T19:30Z","NEON.LTR.GUAN052280.20161114","NEON.LTR.GUAN052280.20161114.WDY","NEON.DOC.001710vE","Woody material",0.08,"N",NA,"7GSC2Ocp9nUteYgLIy4dgBai2aWAgzCc"
"f89d9837-1ea3-4cfb-8a48-e64c5b427a45","GUAN_052.basePlot.ltr","D04","GUAN","GUAN_052","GUAN_052_706","2016-11-14","2016-10-19","2016-11-14","2016-11-28T10:30Z","2016-11-30T19:30Z","NEON.LTR.GUAN052706.20161114","NEON.LTR.GUAN052706.20161114.FLR","NEON.DOC.001710vE","Flowers",0,"N",NA,"7GSC2Ocp9nUteYgLIy4dgBai2aWAgzCc"
"020f6390-504d-4a9d-99d5-ef7a42a1b8b2","GUAN_052.basePlot.ltr","D04","GUAN","GUAN_052","GUAN_052_280","2016-11-14","2016-10-19","2016-11-14","2016-11-28T10:30Z","2016-11-30T19:30Z","NEON.LTR.GUAN052280.20161114","NEON.LTR.GUAN052280.20161114.LVS","NEON.DOC.001710vE","Leaves",1.71,"N",NA,"7GSC2Ocp9nUteYgLIy4dgBai2aWAgzCc"
"d4707257-dda5-4e9d-8bda-581dcfa656dd","GUAN_052.basePlot.ltr","D04","GUAN","GUAN_052","GUAN_052_280","2016-11-14","2016-10-19","2016-11-14","2016-11-28T10:30Z","2016-11-30T19:30Z","NEON.LTR.GUAN052280.20161114","NEON.LTR.GUAN052280.20161114.NDL","NEON.DOC.001710vE","Needles",0,"N",NA,"7GSC2Ocp9nUteYgLIy4dgBai2aWAgzCc"
"db54ab06-533e-41e5-a331-57189c8b72bf","GUAN_052.basePlot.ltr","D04","GUAN","GUAN_052","GUAN_052_706","2016-11-14","2016-10-19","2016-11-14","2016-11-28T10:30Z","2016-11-30T19:30Z","NEON.LTR.GUAN052706.20161114","NEON.LTR.GUAN052706.20161114.TWI","NEON.DOC.001710vE","Twigs/branches",0.66,"N",NA,"7GSC2Ocp9nUteYgLIy4dgBai2aWAgzCc"
"738a8f22-c6d4-4eae-96e7-1985977f5449","GUAN_052.basePlot.ltr","D04","GUAN","GUAN_052","GUAN_052_706","2016-11-14","2016-10-19","2016-11-14","2016-11-28T10:30Z","2016-11-30T19:30Z","NEON.LTR.GUAN052706.20161114","NEON.LTR.GUAN052706.20161114.WDY","NEON.DOC.001710vE","Woody material",0.05,"N",NA,"7GSC2Ocp9nUteYgLIy4dgBai2aWAgzCc"
"5a0c7e57-a128-462d-8ae8-202d4b98321b","GUAN_052.basePlot.ltr","D04","GUAN","GUAN_052","GUAN_052_706","2016-11-14","2016-10-19","2016-11-14","2016-11-28T10:30Z","2016-11-30T19:30Z","NEON.LTR.GUAN052706.20161114","NEON.LTR.GUAN052706.20161114.SDS","NEON.DOC.001710vE","Seeds",0,"N",NA,"7GSC2Ocp9nUteYgLIy4dgBai2aWAgzCc"
"f2dd9b69-80f1-4622-92d1-dc5f10732955","GUAN_052.basePlot.ltr","D04","GUAN","GUAN_052","GUAN_052_706","2016-11-14","2016-10-19","2016-11-14","2016-11-28T10:30Z","2016-11-30T19:30Z","NEON.LTR.GUAN052706.20161114","NEON.LTR.GUAN052706.20161114.NDL","NEON.DOC.001710vE","Needles",0,"N",NA,"7GSC2Ocp9nUteYgLIy4dgBai2aWAgzCc"
"06a83b46-1968-4c34-bcc2-302aa13a3033","GUAN_052.basePlot.ltr","D04","GUAN","GUAN_052","GUAN_052_706","2016-11-14","2016-10-19","2016-11-14","2016-11-28T10:30Z","2016-11-30T19:30Z","NEON.LTR.GUAN052706.20161114","NEON.LTR.GUAN052706.20161114.OTH","NEON.DOC.001710vE","Other",0.09,"Y",NA,"7GSC2Ocp9nUteYgLIy4dgBai2aWAgzCc"
"756f3158-c21a-4509-90e8-5f32ddc8adcd","GUAN_051.basePlot.ltr","D04","GUAN","GUAN_051","GUAN_051_062","2016-11-14","2016-10-19","2016-11-14","2016-11-28T10:30Z","2016-11-30T19:30Z","NEON.LTR.GUAN051062.20161114","NEON.LTR.GUAN051062.20161114.FLR","NEON.DOC.001710vE","Flowers",0.68,"N",NA,"7GSC2Ocp9nUteYgLIy4dgBai2aWAgzCc"
"75c4305f-3295-4a64-88ad-bf2ac6f60e1e","GUAN_051.basePlot.ltr","D04","GUAN","GUAN_051","GUAN_051_062","2016-11-14","2016-10-19","2016-11-14","2016-11-28T10:30Z","2016-11-30T19:30Z","NEON.LTR.GUAN051062.20161114","NEON.LTR.GUAN051062.20161114.OTH","NEON.DOC.001710vE","Other",0.06,"N",NA,"7GSC2Ocp9nUteYgLIy4dgBai2aWAgzCc"
"772050f4-35b9-48ad-a5a5-106b8b265329","GUAN_052.basePlot.ltr","D04","GUAN","GUAN_052","GUAN_052_706","2016-11-14","2016-10-19","2016-11-14","2016-11-28T10:30Z","2016-11-30T19:30Z","NEON.LTR.GUAN052706.20161114","NEON.LTR.GUAN052706.20161114.LVS","NEON.DOC.001710vE","Leaves",0.9,"N",NA,"7GSC2Ocp9nUteYgLIy4dgBai2aWAgzCc"
"c3ec3d51-9d33-44c7-8035-9bef8cb04e66","GUAN_051.basePlot.ltr","D04","GUAN","GUAN_051","GUAN_051_062","2016-11-14","2016-10-19","2016-11-14","2016-11-28T10:30Z","2016-11-30T19:30Z","NEON.LTR.GUAN051062.20161114","NEON.LTR.GUAN051062.20161114.TWI","NEON.DOC.001710vE","Twigs/branches",2.34,"N",NA,"7GSC2Ocp9nUteYgLIy4dgBai2aWAgzCc"
"38c90771-6a20-4d63-aa29-2ba79351586a","GUAN_051.basePlot.ltr","D04","GUAN","GUAN_051","GUAN_051_062","2016-11-14","2016-10-19","2016-11-14","2016-11-28T10:30Z","2016-11-30T19:30Z","NEON.LTR.GUAN051062.20161114","NEON.LTR.GUAN051062.20161114.WDY","NEON.DOC.001710vE","Woody material",0,"N",NA,"7GSC2Ocp9nUteYgLIy4dgBai2aWAgzCc"
"2093a949-4a4c-47dc-8cbd-6e3955b52303","GUAN_051.basePlot.ltr","D04","GUAN","GUAN_051","GUAN_051_062","2016-11-14","2016-10-19","2016-11-14","2016-11-28T10:30Z","2016-11-30T19:30Z","NEON.LTR.GUAN051062.20161114","NEON.LTR.GUAN051062.20161114.SDS","NEON.DOC.001710vE","Seeds",3.11,"N",NA,"7GSC2Ocp9nUteYgLIy4dgBai2aWAgzCc"
"0e7e9b9f-9457-4aef-bcf9-72ac15ed7462","GUAN_051.basePlot.ltr","D04","GUAN","GUAN_051","GUAN_051_062","2016-11-14","2016-10-19","2016-11-14","2016-11-28T10:30Z","2016-11-30T19:30Z","NEON.LTR.GUAN051062.20161114","NEON.LTR.GUAN051062.20161114.NDL","NEON.DOC.001710vE","Needles",0,"N",NA,"7GSC2Ocp9nUteYgLIy4dgBai2aWAgzCc"
"f0d54d6c-c5bd-4477-b2c7-1faa3a7ac164","GUAN_048.basePlot.ltr","D04","GUAN","GUAN_048","GUAN_048_062","2016-11-14","2016-10-19","2016-11-14","2016-11-28T10:30Z","2016-11-30T19:30Z","NEON.LTR.GUAN048062.20161114","NEON.LTR.GUAN048062.20161114.LVS","NEON.DOC.001710vE","Leaves",3.63,"N",NA,"7GSC2Ocp9nUteYgLIy4dgBai2aWAgzCc"
"60524be8-d0b7-447e-b20c-101a7448b86c","GUAN_048.basePlot.ltr","D04","GUAN","GUAN_048","GUAN_048_062","2016-11-14","2016-10-19","2016-11-14","2016-11-28T10:30Z","2016-11-30T19:30Z","NEON.LTR.GUAN048062.20161114","NEON.LTR.GUAN048062.20161114.TWI","NEON.DOC.001710vE","Twigs/branches",0.19,"N",NA,"7GSC2Ocp9nUteYgLIy4dgBai2aWAgzCc"
"717ad05d-9594-49d5-80bd-c07e0896210e","GUAN_048.basePlot.ltr","D04","GUAN","GUAN_048","GUAN_048_062","2016-11-14","2016-10-19","2016-11-14","2016-11-28T10:30Z","2016-11-30T19:30Z","NEON.LTR.GUAN048062.20161114","NEON.LTR.GUAN048062.20161114.WDY","NEON.DOC.001710vE","Woody material",0.03,"N",NA,"7GSC2Ocp9nUteYgLIy4dgBai2aWAgzCc"
"8ea5b996-a334-4c47-80bf-51b06723b42e","GUAN_048.basePlot.ltr","D04","GUAN","GUAN_048","GUAN_048_062","2016-11-14","2016-10-19","2016-11-14","2016-11-28T10:30Z","2016-11-30T19:30Z","NEON.LTR.GUAN048062.20161114","NEON.LTR.GUAN048062.20161114.FLR","NEON.DOC.001710vE","Flowers",0.14,"N",NA,"7GSC2Ocp9nUteYgLIy4dgBai2aWAgzCc"
"2c409e1f-8537-4c1d-8dd8-0a6eef822ed0","GUAN_048.basePlot.ltr","D04","GUAN","GUAN_048","GUAN_048_062","2016-11-14","2016-10-19","2016-11-14","2016-11-28T10:30Z","2016-11-30T19:30Z","NEON.LTR.GUAN048062.20161114","NEON.LTR.GUAN048062.20161114.OTH","NEON.DOC.001710vE","Other",1.7,"N",NA,"7GSC2Ocp9nUteYgLIy4dgBai2aWAgzCc"
"25ab50ee-2972-439b-ac17-e8a4a5867280","GUAN_048.basePlot.ltr","D04","GUAN","GUAN_048","GUAN_048_062","2016-11-14","2016-10-19","2016-11-14","2016-11-28T10:30Z","2016-11-30T19:30Z","NEON.LTR.GUAN048062.20161114","NEON.LTR.GUAN048062.20161114.NDL","NEON.DOC.001710vE","Needles",0,"N",NA,"7GSC2Ocp9nUteYgLIy4dgBai2aWAgzCc"
"1348e601-f2c7-4f6b-bf3a-8bffcfdb5b95","GUAN_048.basePlot.ltr","D04","GUAN","GUAN_048","GUAN_048_803","2016-11-14","2016-10-19","2016-11-14","2016-11-28T10:30Z","2016-11-30T19:30Z","NEON.LTR.GUAN048803.20161114","NEON.LTR.GUAN048803.20161114.NDL","NEON.DOC.001710vE","Needles",0,"N",NA,"7GSC2Ocp9nUteYgLIy4dgBai2aWAgzCc"
"f2822a8f-2883-436b-81be-b0c9fe12607a","GUAN_048.basePlot.ltr","D04","GUAN","GUAN_048","GUAN_048_062","2016-11-14","2016-10-19","2016-11-14","2016-11-28T10:30Z","2016-11-30T19:30Z","NEON.LTR.GUAN048062.20161114","NEON.LTR.GUAN048062.20161114.SDS","NEON.DOC.001710vE","Seeds",0.05,"N",NA,"7GSC2Ocp9nUteYgLIy4dgBai2aWAgzCc"
"5eb2de49-e545-4cb8-93e9-baf18b4203d7","GUAN_048.basePlot.ltr","D04","GUAN","GUAN_048","GUAN_048_803","2016-11-14","2016-10-19","2016-11-14","2016-11-28T10:30Z","2016-11-30T19:30Z","NEON.LTR.GUAN048803.20161114","NEON.LTR.GUAN048803.20161114.WDY","NEON.DOC.001710vE","Woody material",0,"N",NA,"7GSC2Ocp9nUteYgLIy4dgBai2aWAgzCc"
"78e1fa2b-aa4c-4fd2-8d6c-3a16f9d897bc","GUAN_048.basePlot.ltr","D04","GUAN","GUAN_048","GUAN_048_803","2016-11-14","2016-10-19","2016-11-14","2016-11-28T10:30Z","2016-11-30T19:30Z","NEON.LTR.GUAN048803.20161114","NEON.LTR.GUAN048803.20161114.SDS","NEON.DOC.001710vE","Seeds",3.84,"N",NA,"7GSC2Ocp9nUteYgLIy4dgBai2aWAgzCc"
"5c2ce20c-b446-47cc-b03a-1035b7d74d69","GUAN_048.basePlot.ltr","D04","GUAN","GUAN_048","GUAN_048_803","2016-11-14","2016-10-19","2016-11-14","2016-11-28T10:30Z","2016-11-30T19:30Z","NEON.LTR.GUAN048803.20161114","NEON.LTR.GUAN048803.20161114.LVS","NEON.DOC.001710vE","Leaves",3.46,"N",NA,"7GSC2Ocp9nUteYgLIy4dgBai2aWAgzCc"
"5146ce8e-035f-48da-b226-d2c5de25d165","GUAN_048.basePlot.ltr","D04","GUAN","GUAN_048","GUAN_048_803","2016-11-14","2016-10-19","2016-11-14","2016-11-28T10:30Z","2016-11-30T19:30Z","NEON.LTR.GUAN048803.20161114","NEON.LTR.GUAN048803.20161114.OTH","NEON.DOC.001710vE","Other",0,"N",NA,"7GSC2Ocp9nUteYgLIy4dgBai2aWAgzCc"
"a95cf36a-af1b-42a3-a5c4-ae39867179b5","GUAN_049.basePlot.ltr","D04","GUAN","GUAN_049","GUAN_049_280","2016-11-14","2016-10-19","2016-11-14","2016-11-28T10:30Z","2016-11-30T19:30Z","NEON.LTR.GUAN049280.20161114","NEON.LTR.GUAN049280.20161114.LVS","NEON.DOC.001710vE","Leaves",5.93,"N",NA,"7GSC2Ocp9nUteYgLIy4dgBai2aWAgzCc"
"92f0adac-c70a-48f9-9193-fb8456bca474","GUAN_048.basePlot.ltr","D04","GUAN","GUAN_048","GUAN_048_803","2016-11-14","2016-10-19","2016-11-14","2016-11-28T10:30Z","2016-11-30T19:30Z","NEON.LTR.GUAN048803.20161114","NEON.LTR.GUAN048803.20161114.TWI","NEON.DOC.001710vE","Twigs/branches",0.35,"N",NA,"7GSC2Ocp9nUteYgLIy4dgBai2aWAgzCc"
"217c1e88-2f09-419b-81c8-50004678e14d","GUAN_049.basePlot.ltr","D04","GUAN","GUAN_049","GUAN_049_280","2016-11-14","2016-10-19","2016-11-14","2016-11-28T10:30Z","2016-11-30T19:30Z","NEON.LTR.GUAN049280.20161114","NEON.LTR.GUAN049280.20161114.TWI","NEON.DOC.001710vE","Twigs/branches",0.06,"N",NA,"7GSC2Ocp9nUteYgLIy4dgBai2aWAgzCc"
"754b5bc3-640f-49d8-b18a-d6c0005dcfb1","GUAN_048.basePlot.ltr","D04","GUAN","GUAN_048","GUAN_048_803","2016-11-14","2016-10-19","2016-11-14","2016-11-28T10:30Z","2016-11-30T19:30Z","NEON.LTR.GUAN048803.20161114","NEON.LTR.GUAN048803.20161114.FLR","NEON.DOC.001710vE","Flowers",0.05,"N",NA,"7GSC2Ocp9nUteYgLIy4dgBai2aWAgzCc"
"af74e0a4-4059-4b9d-b11a-2600d7f1da0d","GUAN_049.basePlot.ltr","D04","GUAN","GUAN_049","GUAN_049_280","2016-11-14","2016-10-19","2016-11-14","2016-11-28T10:30Z","2016-11-30T19:30Z","NEON.LTR.GUAN049280.20161114","NEON.LTR.GUAN049280.20161114.SDS","NEON.DOC.001710vE","Seeds",0.59,"N",NA,"7GSC2Ocp9nUteYgLIy4dgBai2aWAgzCc"
"36c72a20-5af8-4571-aca6-797e7f1a4456","GUAN_049.basePlot.ltr","D04","GUAN","GUAN_049","GUAN_049_280","2016-11-14","2016-10-19","2016-11-14","2016-11-28T10:30Z","2016-11-30T19:30Z","NEON.LTR.GUAN049280.20161114","NEON.LTR.GUAN049280.20161114.FLR","NEON.DOC.001710vE","Flowers",0.59,"N",NA,"7GSC2Ocp9nUteYgLIy4dgBai2aWAgzCc"
"bd830c07-dde3-4529-901e-e3827a5acafd","GUAN_049.basePlot.ltr","D04","GUAN","GUAN_049","GUAN_049_280","2016-11-14","2016-10-19","2016-11-14","2016-11-28T10:30Z","2016-11-30T19:30Z","NEON.LTR.GUAN049280.20161114","NEON.LTR.GUAN049280.20161114.NDL","NEON.DOC.001710vE","Needles",0,"N",NA,"7GSC2Ocp9nUteYgLIy4dgBai2aWAgzCc"
"be3e1c14-3dc0-47df-878b-df0d6bc69a53","GUAN_049.basePlot.ltr","D04","GUAN","GUAN_049","GUAN_049_706","2016-11-14","2016-10-19","2016-11-14","2016-11-28T10:30Z","2016-11-30T19:30Z","NEON.LTR.GUAN049706.20161114","NEON.LTR.GUAN049706.20161114.LVS","NEON.DOC.001710vE","Leaves",2.98,"N",NA,"7GSC2Ocp9nUteYgLIy4dgBai2aWAgzCc"
"00e28dd0-b16d-46f6-9bc7-aecc599be4ea","GUAN_049.basePlot.ltr","D04","GUAN","GUAN_049","GUAN_049_706","2016-11-14","2016-10-19","2016-11-14","2016-11-28T10:30Z","2016-11-30T19:30Z","NEON.LTR.GUAN049706.20161114","NEON.LTR.GUAN049706.20161114.NDL","NEON.DOC.001710vE","Needles",0,"N",NA,"7GSC2Ocp9nUteYgLIy4dgBai2aWAgzCc"
"ae2244ee-c59f-456f-9b4c-64d7b1c581e1","GUAN_049.basePlot.ltr","D04","GUAN","GUAN_049","GUAN_049_280","2016-11-14","2016-10-19","2016-11-14","2016-11-28T10:30Z","2016-11-30T19:30Z","NEON.LTR.GUAN049280.20161114","NEON.LTR.GUAN049280.20161114.WDY","NEON.DOC.001710vE","Woody material",0.05,"N",NA,"7GSC2Ocp9nUteYgLIy4dgBai2aWAgzCc"
"63d4b8bd-5112-4468-b0e9-940d95596c73","GUAN_049.basePlot.ltr","D04","GUAN","GUAN_049","GUAN_049_706","2016-11-14","2016-10-19","2016-11-14","2016-11-28T10:30Z","2016-11-30T19:30Z","NEON.LTR.GUAN049706.20161114","NEON.LTR.GUAN049706.20161114.TWI","NEON.DOC.001710vE","Twigs/branches",1.24,"N",NA,"7GSC2Ocp9nUteYgLIy4dgBai2aWAgzCc"
"cca86a06-bf25-4a60-9dc1-504aebc95099","GUAN_049.basePlot.ltr","D04","GUAN","GUAN_049","GUAN_049_280","2016-11-14","2016-10-19","2016-11-14","2016-11-28T10:30Z","2016-11-30T19:30Z","NEON.LTR.GUAN049280.20161114","NEON.LTR.GUAN049280.20161114.OTH","NEON.DOC.001710vE","Other",0,"N",NA,"7GSC2Ocp9nUteYgLIy4dgBai2aWAgzCc"
"8ef03b17-692f-4a26-bd33-ffda8a080e86","GUAN_049.basePlot.ltr","D04","GUAN","GUAN_049","GUAN_049_706","2016-11-14","2016-10-19","2016-11-14","2016-11-28T10:30Z","2016-11-30T19:30Z","NEON.LTR.GUAN049706.20161114","NEON.LTR.GUAN049706.20161114.FLR","NEON.DOC.001710vE","Flowers",0,"N",NA,"7GSC2Ocp9nUteYgLIy4dgBai2aWAgzCc"
"1d79ecfc-2758-4d20-aa4e-85aaa7c37081","GUAN_049.basePlot.ltr","D04","GUAN","GUAN_049","GUAN_049_706","2016-11-14","2016-10-19","2016-11-14","2016-11-28T10:30Z","2016-11-30T19:30Z","NEON.LTR.GUAN049706.20161114","NEON.LTR.GUAN049706.20161114.OTH","NEON.DOC.001710vE","Other",0,"N",NA,"7GSC2Ocp9nUteYgLIy4dgBai2aWAgzCc"
"7bf63166-6d15-49d2-8330-50e85c00fe1c","GUAN_049.basePlot.ltr","D04","GUAN","GUAN_049","GUAN_049_706","2016-11-14","2016-10-19","2016-11-14","2016-11-28T10:30Z","2016-11-30T19:30Z","NEON.LTR.GUAN049706.20161114","NEON.LTR.GUAN049706.20161114.SDS","NEON.DOC.001710vE","Seeds",0.09,"N",NA,"7GSC2Ocp9nUteYgLIy4dgBai2aWAgzCc"
"ca9689d3-9a1a-4085-a70b-6e8e89684121","GUAN_050.basePlot.ltr","D04","GUAN","GUAN_050","GUAN_050_132","2016-11-14","2016-10-19","2016-11-14","2016-11-28T10:30Z","2016-11-30T19:30Z","NEON.LTR.GUAN050132.20161114","NEON.LTR.GUAN050132.20161114.NDL","NEON.DOC.001710vE","Needles",0,"N",NA,"7GSC2Ocp9nUteYgLIy4dgBai2aWAgzCc"
"9ce2c90c-edc3-4ad0-9174-28eab8c73860","GUAN_050.basePlot.ltr","D04","GUAN","GUAN_050","GUAN_050_132","2016-11-14","2016-10-19","2016-11-14","2016-11-28T10:30Z","2016-11-30T19:30Z","NEON.LTR.GUAN050132.20161114","NEON.LTR.GUAN050132.20161114.TWI","NEON.DOC.001710vE","Twigs/branches",3.05,"N",NA,"7GSC2Ocp9nUteYgLIy4dgBai2aWAgzCc"
"dd3c8d85-6f5d-4069-bb85-bd4b97a76b9a","GUAN_049.basePlot.ltr","D04","GUAN","GUAN_049","GUAN_049_706","2016-11-14","2016-10-19","2016-11-14","2016-11-28T10:30Z","2016-11-30T19:30Z","NEON.LTR.GUAN049706.20161114","NEON.LTR.GUAN049706.20161114.WDY","NEON.DOC.001710vE","Woody material",0.5,"N",NA,"7GSC2Ocp9nUteYgLIy4dgBai2aWAgzCc"
"0c456d8f-b83b-449b-8abb-fbc7e01ab397","GUAN_050.basePlot.ltr","D04","GUAN","GUAN_050","GUAN_050_132","2016-11-14","2016-10-19","2016-11-14","2016-11-28T10:30Z","2016-11-30T19:30Z","NEON.LTR.GUAN050132.20161114","NEON.LTR.GUAN050132.20161114.SDS","NEON.DOC.001710vE","Seeds",1.53,"N",NA,"7GSC2Ocp9nUteYgLIy4dgBai2aWAgzCc"
"f3e48800-9af8-4c7c-8a1e-df9e64888f6c","GUAN_050.basePlot.ltr","D04","GUAN","GUAN_050","GUAN_050_132","2016-11-14","2016-10-19","2016-11-14","2016-11-28T10:30Z","2016-11-30T19:30Z","NEON.LTR.GUAN050132.20161114","NEON.LTR.GUAN050132.20161114.LVS","NEON.DOC.001710vE","Leaves",1.97,"N",NA,"7GSC2Ocp9nUteYgLIy4dgBai2aWAgzCc"
"f119fb65-4976-457b-aba2-d02c36b8a1a5","GUAN_050.basePlot.ltr","D04","GUAN","GUAN_050","GUAN_050_132","2016-11-14","2016-10-19","2016-11-14","2016-11-28T10:30Z","2016-11-30T19:30Z","NEON.LTR.GUAN050132.20161114","NEON.LTR.GUAN050132.20161114.OTH","NEON.DOC.001710vE","Other",2.27,"N",NA,"7GSC2Ocp9nUteYgLIy4dgBai2aWAgzCc"
"7077ec75-bd6e-4828-8067-7a074c18907e","GUAN_050.basePlot.ltr","D04","GUAN","GUAN_050","GUAN_050_850","2016-11-14","2016-10-19","2016-11-14","2016-11-28T10:30Z","2016-11-30T19:30Z","NEON.LTR.GUAN050850.20161114","NEON.LTR.GUAN050850.20161114.LVS","NEON.DOC.001710vE","Leaves",0.48,"N",NA,"7GSC2Ocp9nUteYgLIy4dgBai2aWAgzCc"
"cbda1502-4ea6-4222-8023-6b43dbc889bd","GUAN_050.basePlot.ltr","D04","GUAN","GUAN_050","GUAN_050_132","2016-11-14","2016-10-19","2016-11-14","2016-11-28T10:30Z","2016-11-30T19:30Z","NEON.LTR.GUAN050132.20161114","NEON.LTR.GUAN050132.20161114.WDY","NEON.DOC.001710vE","Woody material",0.63,"N",NA,"7GSC2Ocp9nUteYgLIy4dgBai2aWAgzCc"
"b566fc8e-0cef-4007-9d51-bb2f8bf40d79","GUAN_050.basePlot.ltr","D04","GUAN","GUAN_050","GUAN_050_850","2016-11-14","2016-10-19","2016-11-14","2016-11-28T10:30Z","2016-11-30T19:30Z","NEON.LTR.GUAN050850.20161114","NEON.LTR.GUAN050850.20161114.TWI","NEON.DOC.001710vE","Twigs/branches",0,"N",NA,"7GSC2Ocp9nUteYgLIy4dgBai2aWAgzCc"
"0599189d-19b2-45ee-b66a-a422e7d2e630","GUAN_050.basePlot.ltr","D04","GUAN","GUAN_050","GUAN_050_850","2016-11-14","2016-10-19","2016-11-14","2016-11-28T10:30Z","2016-11-30T19:30Z","NEON.LTR.GUAN050850.20161114","NEON.LTR.GUAN050850.20161114.WDY","NEON.DOC.001710vE","Woody material",0.01,"N",NA,"7GSC2Ocp9nUteYgLIy4dgBai2aWAgzCc"
"318e219d-db07-4edc-990d-00d798b656c3","GUAN_050.basePlot.ltr","D04","GUAN","GUAN_050","GUAN_050_132","2016-11-14","2016-10-19","2016-11-14","2016-11-28T10:30Z","2016-11-30T19:30Z","NEON.LTR.GUAN050132.20161114","NEON.LTR.GUAN050132.20161114.FLR","NEON.DOC.001710vE","Flowers",0,"N",NA,"7GSC2Ocp9nUteYgLIy4dgBai2aWAgzCc"
"a35c67e5-b9b7-44f1-96c2-81a8193cea21","GUAN_050.basePlot.ltr","D04","GUAN","GUAN_050","GUAN_050_850","2016-11-14","2016-10-19","2016-11-14","2016-11-28T10:30Z","2016-11-30T19:30Z","NEON.LTR.GUAN050850.20161114","NEON.LTR.GUAN050850.20161114.FLR","NEON.DOC.001710vE","Flowers",0.01,"N",NA,"7GSC2Ocp9nUteYgLIy4dgBai2aWAgzCc"
"5bf867db-01d0-41b5-8757-7a6bb562021c","GUAN_050.basePlot.ltr","D04","GUAN","GUAN_050","GUAN_050_850","2016-11-14","2016-10-19","2016-11-14","2016-11-28T10:30Z","2016-11-30T19:30Z","NEON.LTR.GUAN050850.20161114","NEON.LTR.GUAN050850.20161114.NDL","NEON.DOC.001710vE","Needles",0,"N",NA,"7GSC2Ocp9nUteYgLIy4dgBai2aWAgzCc"
"19d5c0d3-dae4-4dcd-97d1-36f984f4741f","GUAN_051.basePlot.ltr","D04","GUAN","GUAN_051","GUAN_051_803","2016-11-14","2016-10-19","2016-11-14","2016-11-28T10:30Z","2016-11-30T19:30Z","NEON.LTR.GUAN051803.20161114","NEON.LTR.GUAN051803.20161114.LVS","NEON.DOC.001710vE","Leaves",6.34,"N",NA,"7GSC2Ocp9nUteYgLIy4dgBai2aWAgzCc"
"1ac1e00c-fc43-47a8-ad97-08ecf5e237a4","GUAN_051.basePlot.ltr","D04","GUAN","GUAN_051","GUAN_051_803","2016-11-14","2016-10-19","2016-11-14","2016-11-28T10:30Z","2016-11-30T19:30Z","NEON.LTR.GUAN051803.20161114","NEON.LTR.GUAN051803.20161114.NDL","NEON.DOC.001710vE","Needles",0,"N",NA,"7GSC2Ocp9nUteYgLIy4dgBai2aWAgzCc"
"a850d294-815d-415a-8848-da6427f84964","GUAN_050.basePlot.ltr","D04","GUAN","GUAN_050","GUAN_050_850","2016-11-14","2016-10-19","2016-11-14","2016-11-28T10:30Z","2016-11-30T19:30Z","NEON.LTR.GUAN050850.20161114","NEON.LTR.GUAN050850.20161114.SDS","NEON.DOC.001710vE","Seeds",2,"N",NA,"7GSC2Ocp9nUteYgLIy4dgBai2aWAgzCc"
"ef480634-bc39-4a24-a050-7f7a8324f87c","GUAN_051.basePlot.ltr","D04","GUAN","GUAN_051","GUAN_051_803","2016-11-14","2016-10-19","2016-11-14","2016-11-28T10:30Z","2016-11-30T19:30Z","NEON.LTR.GUAN051803.20161114","NEON.LTR.GUAN051803.20161114.WDY","NEON.DOC.001710vE","Woody material",0.01,"N",NA,"7GSC2Ocp9nUteYgLIy4dgBai2aWAgzCc"
"de223506-4cc2-4120-a028-bc4eab52e49c","GUAN_051.basePlot.ltr","D04","GUAN","GUAN_051","GUAN_051_803","2016-11-14","2016-10-19","2016-11-14","2016-11-28T10:30Z","2016-11-30T19:30Z","NEON.LTR.GUAN051803.20161114","NEON.LTR.GUAN051803.20161114.SDS","NEON.DOC.001710vE","Seeds",0.01,"N",NA,"7GSC2Ocp9nUteYgLIy4dgBai2aWAgzCc"
"5258194d-5ffc-41a6-b8a5-ad519a40c8f0","GUAN_050.basePlot.ltr","D04","GUAN","GUAN_050","GUAN_050_850","2016-11-14","2016-10-19","2016-11-14","2016-11-28T10:30Z","2016-11-30T19:30Z","NEON.LTR.GUAN050850.20161114","NEON.LTR.GUAN050850.20161114.OTH","NEON.DOC.001710vE","Other",0.23,"N",NA,"7GSC2Ocp9nUteYgLIy4dgBai2aWAgzCc"
"f0909b85-2895-4329-9026-1b1ecde1686e","GUAN_051.basePlot.ltr","D04","GUAN","GUAN_051","GUAN_051_803","2016-11-14","2016-10-19","2016-11-14","2016-11-28T10:30Z","2016-11-30T19:30Z","NEON.LTR.GUAN051803.20161114","NEON.LTR.GUAN051803.20161114.OTH","NEON.DOC.001710vE","Other",0,"N",NA,"7GSC2Ocp9nUteYgLIy4dgBai2aWAgzCc"
"4e0f600c-b939-49de-9bf1-73e8d12d7c2e","GUAN_051.basePlot.ltr","D04","GUAN","GUAN_051","GUAN_051_803","2016-11-14","2016-10-19","2016-11-14","2016-11-28T10:30Z","2016-11-30T19:30Z","NEON.LTR.GUAN051803.20161114","NEON.LTR.GUAN051803.20161114.TWI","NEON.DOC.001710vE","Twigs/branches",0.44,"N",NA,"7GSC2Ocp9nUteYgLIy4dgBai2aWAgzCc"
"f6120339-7035-496b-b800-687d846c2456","GUAN_051.basePlot.ltr","D04","GUAN","GUAN_051","GUAN_051_062","2016-11-14","2016-10-19","2016-11-14","2016-11-28T10:30Z","2016-11-30T19:30Z","NEON.LTR.GUAN051062.20161114","NEON.LTR.GUAN051062.20161114.LVS","NEON.DOC.001710vE","Leaves",5.37,"N",NA,"7GSC2Ocp9nUteYgLIy4dgBai2aWAgzCc"
"11b4fad5-c0ea-4a39-88d8-bca7c8b5e0da","GUAN_051.basePlot.ltr","D04","GUAN","GUAN_051","GUAN_051_803","2016-11-14","2016-10-19","2016-11-14","2016-11-28T10:30Z","2016-11-30T19:30Z","NEON.LTR.GUAN051803.20161114","NEON.LTR.GUAN051803.20161114.FLR","NEON.DOC.001710vE","Flowers",0.15,"Y",NA,"7GSC2Ocp9nUteYgLIy4dgBai2aWAgzCc"
"2cb2bb1e-56b0-4a34-b082-9322440dd565","GUAN_047.basePlot.ltr","D04","GUAN","GUAN_047","GUAN_047_132","2016-11-14","2016-10-19","2016-11-14","2016-11-28T10:30Z","2016-11-30T19:30Z","NEON.LTR.GUAN047132.20161114","NEON.LTR.GUAN047132.20161114.WDY","NEON.DOC.001710vE","Woody material",0.05,"N",NA,"7GSC2Ocp9nUteYgLIy4dgBai2aWAgzCc"
"4a93441f-0ece-4430-a951-187f66716582","GUAN_047.basePlot.ltr","D04","GUAN","GUAN_047","GUAN_047_132","2016-11-14","2016-10-19","2016-11-14","2016-11-28T10:30Z","2016-11-30T19:30Z","NEON.LTR.GUAN047132.20161114","NEON.LTR.GUAN047132.20161114.SDS","NEON.DOC.001710vE","Seeds",0.16,"N",NA,"7GSC2Ocp9nUteYgLIy4dgBai2aWAgzCc"
"ebbf7fb7-1dbe-4d8f-87e1-28aa62c33b31","GUAN_047.basePlot.ltr","D04","GUAN","GUAN_047","GUAN_047_132","2016-11-14","2016-10-19","2016-11-14","2016-11-28T10:30Z","2016-11-30T19:30Z","NEON.LTR.GUAN047132.20161114","NEON.LTR.GUAN047132.20161114.FLR","NEON.DOC.001710vE","Flowers",0.25,"N",NA,"7GSC2Ocp9nUteYgLIy4dgBai2aWAgzCc"
"850c2af3-5d1c-4e11-8c72-b2f294430003","GUAN_047.basePlot.ltr","D04","GUAN","GUAN_047","GUAN_047_132","2016-11-14","2016-10-19","2016-11-14","2016-11-28T10:30Z","2016-11-30T19:30Z","NEON.LTR.GUAN047132.20161114","NEON.LTR.GUAN047132.20161114.OTH","NEON.DOC.001710vE","Other",0.77,"N",NA,"7GSC2Ocp9nUteYgLIy4dgBai2aWAgzCc"
"427d6187-ca05-430d-b63d-bb2d7d76e853","GUAN_047.basePlot.ltr","D04","GUAN","GUAN_047","GUAN_047_132","2016-11-14","2016-10-19","2016-11-14","2016-11-28T10:30Z","2016-11-30T19:30Z","NEON.LTR.GUAN047132.20161114","NEON.LTR.GUAN047132.20161114.LVS","NEON.DOC.001710vE","Leaves",1.89,"N",NA,"7GSC2Ocp9nUteYgLIy4dgBai2aWAgzCc"
"60293590-f74e-4326-8943-7fd80cc5dac6","GUAN_047.basePlot.ltr","D04","GUAN","GUAN_047","GUAN_047_132","2016-11-14","2016-10-19","2016-11-14","2016-11-28T10:30Z","2016-11-30T19:30Z","NEON.LTR.GUAN047132.20161114","NEON.LTR.GUAN047132.20161114.NDL","NEON.DOC.001710vE","Needles",0,"N",NA,"7GSC2Ocp9nUteYgLIy4dgBai2aWAgzCc"
"5655b3ae-ca58-403a-9e59-c5ff54ab4fb4","GUAN_047.basePlot.ltr","D04","GUAN","GUAN_047","GUAN_047_132","2016-11-14","2016-10-19","2016-11-14","2016-11-28T10:30Z","2016-11-30T19:30Z","NEON.LTR.GUAN047132.20161114","NEON.LTR.GUAN047132.20161114.TWI","NEON.DOC.001710vE","Twigs/branches",0.08,"N",NA,"7GSC2Ocp9nUteYgLIy4dgBai2aWAgzCc"
"735dcaef-a833-4248-b58d-85405fde3198","GUAN_047.basePlot.ltr","D04","GUAN","GUAN_047","GUAN_047_935","2016-12-09","2016-10-19","2016-11-14","2016-11-28T10:30Z","2016-11-30T19:30Z","NEON.LTR.GUAN047935.20161114","NEON.LTR.GUAN047935.20161114.NDL","NEON.DOC.001710vE","Needles",0,"N",NA,"7GSC2Ocp9nUteYgLIy4dgBai2aWAgzCc"
"a4d042a8-3028-42ad-beb8-b70a75f053ff","GUAN_047.basePlot.ltr","D04","GUAN","GUAN_047","GUAN_047_935","2016-12-09","2016-10-19","2016-11-14","2016-11-28T10:30Z","2016-11-30T19:30Z","NEON.LTR.GUAN047935.20161114","NEON.LTR.GUAN047935.20161114.TWI","NEON.DOC.001710vE","Twigs/branches",0,"N",NA,"7GSC2Ocp9nUteYgLIy4dgBai2aWAgzCc"
"46d49563-7219-423b-a5e7-95da52342733","GUAN_047.basePlot.ltr","D04","GUAN","GUAN_047","GUAN_047_935","2016-12-09","2016-10-19","2016-11-14","2016-11-28T10:30Z","2016-11-30T19:30Z","NEON.LTR.GUAN047935.20161114","NEON.LTR.GUAN047935.20161114.WDY","NEON.DOC.001710vE","Woody material",0,"N",NA,"7GSC2Ocp9nUteYgLIy4dgBai2aWAgzCc"
"137597c2-1491-49b5-9cec-7930e9d0f14c","GUAN_047.basePlot.ltr","D04","GUAN","GUAN_047","GUAN_047_935","2016-12-09","2016-10-19","2016-11-14","2016-11-28T10:30Z","2016-11-30T19:30Z","NEON.LTR.GUAN047935.20161114","NEON.LTR.GUAN047935.20161114.OTH","NEON.DOC.001710vE","Other",1.58,"N",NA,"7GSC2Ocp9nUteYgLIy4dgBai2aWAgzCc"
"afa0fc7c-d74b-4a7b-9287-10e4140cb29a","GUAN_047.basePlot.ltr","D04","GUAN","GUAN_047","GUAN_047_935","2016-12-09","2016-10-19","2016-11-14","2016-11-28T10:30Z","2016-11-30T19:30Z","NEON.LTR.GUAN047935.20161114","NEON.LTR.GUAN047935.20161114.LVS","NEON.DOC.001710vE","Leaves",5.35,"N",NA,"7GSC2Ocp9nUteYgLIy4dgBai2aWAgzCc"
"6ab085f0-0491-4770-98fd-1db6dedba582","GUAN_047.basePlot.ltr","D04","GUAN","GUAN_047","GUAN_047_935","2016-12-09","2016-10-19","2016-11-14","2016-11-28T10:30Z","2016-11-30T19:30Z","NEON.LTR.GUAN047935.20161114","NEON.LTR.GUAN047935.20161114.SDS","NEON.DOC.001710vE","Seeds",0.18,"N",NA,"7GSC2Ocp9nUteYgLIy4dgBai2aWAgzCc"
"30b40b97-fd03-4b97-8b81-909e0fb19e2d","GUAN_046.basePlot.ltr","D04","GUAN","GUAN_046","GUAN_046_824","2016-12-09","2016-10-19","2016-11-14","2016-11-28T10:30Z","2016-11-30T19:30Z","NEON.LTR.GUAN046824.20161114","NEON.LTR.GUAN046824.20161114.FLR","NEON.DOC.001710vE","Flowers",0,"N",NA,"7GSC2Ocp9nUteYgLIy4dgBai2aWAgzCc"
"e4ff35e6-bf3c-42a3-ba26-e49b332fa967","GUAN_047.basePlot.ltr","D04","GUAN","GUAN_047","GUAN_047_935","2016-12-09","2016-10-19","2016-11-14","2016-11-28T10:30Z","2016-11-30T19:30Z","NEON.LTR.GUAN047935.20161114","NEON.LTR.GUAN047935.20161114.FLR","NEON.DOC.001710vE","Flowers",0.01,"N",NA,"7GSC2Ocp9nUteYgLIy4dgBai2aWAgzCc"
"c5711b94-f5e1-4451-9d83-fd10bb7e9b31","GUAN_046.basePlot.ltr","D04","GUAN","GUAN_046","GUAN_046_824","2016-12-09","2016-10-19","2016-11-14","2016-11-28T10:30Z","2016-11-30T19:30Z","NEON.LTR.GUAN046824.20161114","NEON.LTR.GUAN046824.20161114.TWI","NEON.DOC.001710vE","Twigs/branches",12.56,"N",NA,"7GSC2Ocp9nUteYgLIy4dgBai2aWAgzCc"
"819fc05e-5766-43d7-9c1e-50abb12e211b","GUAN_046.basePlot.ltr","D04","GUAN","GUAN_046","GUAN_046_824","2016-12-09","2016-10-19","2016-11-14","2016-11-28T10:30Z","2016-11-30T19:30Z","NEON.LTR.GUAN046824.20161114","NEON.LTR.GUAN046824.20161114.NDL","NEON.DOC.001710vE","Needles",0,"N",NA,"7GSC2Ocp9nUteYgLIy4dgBai2aWAgzCc"
"a9434bad-5bb8-49d5-9490-c8f2eb5f2bb6","GUAN_046.basePlot.ltr","D04","GUAN","GUAN_046","GUAN_046_824","2016-12-09","2016-10-19","2016-11-14","2016-11-28T10:30Z","2016-11-30T19:30Z","NEON.LTR.GUAN046824.20161114","NEON.LTR.GUAN046824.20161114.OTH","NEON.DOC.001710vE","Other",0,"N",NA,"7GSC2Ocp9nUteYgLIy4dgBai2aWAgzCc"
"62ca3950-28d1-4d7d-ae2b-6547316e9e3f","GUAN_046.basePlot.ltr","D04","GUAN","GUAN_046","GUAN_046_824","2016-12-09","2016-10-19","2016-11-14","2016-11-28T10:30Z","2016-11-30T19:30Z","NEON.LTR.GUAN046824.20161114","NEON.LTR.GUAN046824.20161114.SDS","NEON.DOC.001710vE","Seeds",2.08,"N",NA,"7GSC2Ocp9nUteYgLIy4dgBai2aWAgzCc"
"9d3d42e7-1b79-4935-8891-0534b150e5e5","GUAN_046.basePlot.ltr","D04","GUAN","GUAN_046","GUAN_046_824","2016-12-09","2016-10-19","2016-11-14","2016-11-28T10:30Z","2016-11-30T19:30Z","NEON.LTR.GUAN046824.20161114","NEON.LTR.GUAN046824.20161114.WDY","NEON.DOC.001710vE","Woody material",1.1,"N",NA,"7GSC2Ocp9nUteYgLIy4dgBai2aWAgzCc"
"f8f64f90-c784-4892-bfb8-b3699ca5c60e","GUAN_046.basePlot.ltr","D04","GUAN","GUAN_046","GUAN_046_021","2016-12-09","2016-10-19","2016-11-14","2016-11-28T10:30Z","2016-11-30T19:30Z","NEON.LTR.GUAN046021.20161114","NEON.LTR.GUAN046021.20161114.FLR","NEON.DOC.001710vE","Flowers",0,"N",NA,"7GSC2Ocp9nUteYgLIy4dgBai2aWAgzCc"
"07460a67-c127-4f91-a8f2-e8d22114a29e","GUAN_046.basePlot.ltr","D04","GUAN","GUAN_046","GUAN_046_021","2016-12-09","2016-10-19","2016-11-14","2016-11-28T10:30Z","2016-11-30T19:30Z","NEON.LTR.GUAN046021.20161114","NEON.LTR.GUAN046021.20161114.NDL","NEON.DOC.001710vE","Needles",0,"N",NA,"7GSC2Ocp9nUteYgLIy4dgBai2aWAgzCc"
"63a7ce77-9bbf-45dc-a61e-af3cef8a8e63","GUAN_046.basePlot.ltr","D04","GUAN","GUAN_046","GUAN_046_824","2016-12-09","2016-10-19","2016-11-14","2016-11-28T10:30Z","2016-11-30T19:30Z","NEON.LTR.GUAN046824.20161114","NEON.LTR.GUAN046824.20161114.LVS","NEON.DOC.001710vE","Leaves",4.03,"N",NA,"7GSC2Ocp9nUteYgLIy4dgBai2aWAgzCc"
"646aed65-2c77-49e2-bf91-a985f6528d27","GUAN_046.basePlot.ltr","D04","GUAN","GUAN_046","GUAN_046_021","2016-12-09","2016-10-19","2016-11-14","2016-11-28T10:30Z","2016-11-30T19:30Z","NEON.LTR.GUAN046021.20161114","NEON.LTR.GUAN046021.20161114.OTH","NEON.DOC.001710vE","Other",0.15,"N",NA,"7GSC2Ocp9nUteYgLIy4dgBai2aWAgzCc"
"42b69dbc-1f89-4c0d-bd0d-68723952b2a3","GUAN_046.basePlot.ltr","D04","GUAN","GUAN_046","GUAN_046_021","2016-12-09","2016-10-19","2016-11-14","2016-11-28T10:30Z","2016-11-30T19:30Z","NEON.LTR.GUAN046021.20161114","NEON.LTR.GUAN046021.20161114.WDY","NEON.DOC.001710vE","Woody material",0.06,"N",NA,"7GSC2Ocp9nUteYgLIy4dgBai2aWAgzCc"
"145fa312-3e48-4d7d-8cc1-b51e4a9b941b","GUAN_046.basePlot.ltr","D04","GUAN","GUAN_046","GUAN_046_021","2016-12-09","2016-10-19","2016-11-14","2016-11-28T10:30Z","2016-11-30T19:30Z","NEON.LTR.GUAN046021.20161114","NEON.LTR.GUAN046021.20161114.TWI","NEON.DOC.001710vE","Twigs/branches",0.04,"N",NA,"7GSC2Ocp9nUteYgLIy4dgBai2aWAgzCc"
"7c5851a4-1f54-4650-ae80-e5b6095e1a88","GUAN_046.basePlot.ltr","D04","GUAN","GUAN_046","GUAN_046_021","2016-12-09","2016-10-19","2016-11-14","2016-11-28T10:30Z","2016-11-30T19:30Z","NEON.LTR.GUAN046021.20161114","NEON.LTR.GUAN046021.20161114.LVS","NEON.DOC.001710vE","Leaves",2.51,"N",NA,"7GSC2Ocp9nUteYgLIy4dgBai2aWAgzCc"
"e8b0d910-eb2b-49e2-8683-fa49186f7330","GUAN_046.basePlot.ltr","D04","GUAN","GUAN_046","GUAN_046_021","2016-12-09","2016-10-19","2016-11-14","2016-11-28T10:30Z","2016-11-30T19:30Z","NEON.LTR.GUAN046021.20161114","NEON.LTR.GUAN046021.20161114.SDS","NEON.DOC.001710vE","Seeds",0.17,"N",NA,"7GSC2Ocp9nUteYgLIy4dgBai2aWAgzCc"
"6c886249-68c3-4f46-bbcd-44c63d4245eb","GUAN_045.basePlot.ltr","D04","GUAN","GUAN_045","GUAN_045_932","2016-12-09","2016-10-19","2016-11-14","2016-11-28T10:30Z","2016-11-30T19:30Z","NEON.LTR.GUAN045932.20161114","NEON.LTR.GUAN045932.20161114.WDY","NEON.DOC.001710vE","Woody material",0.05,"N",NA,"7GSC2Ocp9nUteYgLIy4dgBai2aWAgzCc"
"db6a20fc-9585-4dcf-a3b2-4555f77be6af","GUAN_045.basePlot.ltr","D04","GUAN","GUAN_045","GUAN_045_932","2016-12-09","2016-10-19","2016-11-14","2016-11-28T10:30Z","2016-11-30T19:30Z","NEON.LTR.GUAN045932.20161114","NEON.LTR.GUAN045932.20161114.FLR","NEON.DOC.001710vE","Flowers",0,"N",NA,"7GSC2Ocp9nUteYgLIy4dgBai2aWAgzCc"
"05b26338-0c6f-4f4f-8b75-6d8eaf58c307","GUAN_045.basePlot.ltr","D04","GUAN","GUAN_045","GUAN_045_932","2016-12-09","2016-10-19","2016-11-14","2016-11-28T10:30Z","2016-11-30T19:30Z","NEON.LTR.GUAN045932.20161114","NEON.LTR.GUAN045932.20161114.NDL","NEON.DOC.001710vE","Needles",0,"N",NA,"7GSC2Ocp9nUteYgLIy4dgBai2aWAgzCc"
"1e68fa93-7907-4003-a34e-dfa9c18fc546","GUAN_045.basePlot.ltr","D04","GUAN","GUAN_045","GUAN_045_932","2016-12-09","2016-10-19","2016-11-14","2016-11-28T10:30Z","2016-11-30T19:30Z","NEON.LTR.GUAN045932.20161114","NEON.LTR.GUAN045932.20161114.LVS","NEON.DOC.001710vE","Leaves",2.19,"N",NA,"7GSC2Ocp9nUteYgLIy4dgBai2aWAgzCc"
"7009c95f-9e97-4ca6-a89a-1b090f7ceace","GUAN_045.basePlot.ltr","D04","GUAN","GUAN_045","GUAN_045_932","2016-12-09","2016-10-19","2016-11-14","2016-11-28T10:30Z","2016-11-30T19:30Z","NEON.LTR.GUAN045932.20161114","NEON.LTR.GUAN045932.20161114.SDS","NEON.DOC.001710vE","Seeds",0.14,"N",NA,"7GSC2Ocp9nUteYgLIy4dgBai2aWAgzCc"
"fffb263f-7b7f-40d2-9da9-4fc5a34406e2","GUAN_045.basePlot.ltr","D04","GUAN","GUAN_045","GUAN_045_932","2016-12-09","2016-10-19","2016-11-14","2016-11-28T10:30Z","2016-11-30T19:30Z","NEON.LTR.GUAN045932.20161114","NEON.LTR.GUAN045932.20161114.TWI","NEON.DOC.001710vE","Twigs/branches",0.64,"N",NA,"7GSC2Ocp9nUteYgLIy4dgBai2aWAgzCc"
"6681656f-da23-4813-b2b0-a630e8f6c14b","GUAN_045.basePlot.ltr","D04","GUAN","GUAN_045","GUAN_045_132","2016-12-09","2016-10-19","2016-11-14","2016-11-28T10:30Z","2016-11-30T19:30Z","NEON.LTR.GUAN045132.20161114","NEON.LTR.GUAN045132.20161114.FLR","NEON.DOC.001710vE","Flowers",0,"N",NA,"7GSC2Ocp9nUteYgLIy4dgBai2aWAgzCc"
"78307e4b-b239-4f2b-aeac-8cec1a818549","GUAN_045.basePlot.ltr","D04","GUAN","GUAN_045","GUAN_045_932","2016-12-09","2016-10-19","2016-11-14","2016-11-28T10:30Z","2016-11-30T19:30Z","NEON.LTR.GUAN045932.20161114","NEON.LTR.GUAN045932.20161114.OTH","NEON.DOC.001710vE","Other",0.72,"N",NA,"7GSC2Ocp9nUteYgLIy4dgBai2aWAgzCc"
"dd755fd7-fdb4-49c5-ba4b-580d7e100e5a","GUAN_045.basePlot.ltr","D04","GUAN","GUAN_045","GUAN_045_132","2016-12-09","2016-10-19","2016-11-14","2016-11-28T10:30Z","2016-11-30T19:30Z","NEON.LTR.GUAN045132.20161114","NEON.LTR.GUAN045132.20161114.TWI","NEON.DOC.001710vE","Twigs/branches",0.29,"N",NA,"7GSC2Ocp9nUteYgLIy4dgBai2aWAgzCc"
"6e0cae23-9468-4136-a163-c2eb73bc7216","GUAN_045.basePlot.ltr","D04","GUAN","GUAN_045","GUAN_045_132","2016-12-09","2016-10-19","2016-11-14","2016-11-28T10:30Z","2016-11-30T19:30Z","NEON.LTR.GUAN045132.20161114","NEON.LTR.GUAN045132.20161114.WDY","NEON.DOC.001710vE","Woody material",4.97,"N",NA,"7GSC2Ocp9nUteYgLIy4dgBai2aWAgzCc"
"e457f790-5305-441d-88dd-760343f2c26b","GUAN_045.basePlot.ltr","D04","GUAN","GUAN_045","GUAN_045_132","2016-12-09","2016-10-19","2016-11-14","2016-11-28T10:30Z","2016-11-30T19:30Z","NEON.LTR.GUAN045132.20161114","NEON.LTR.GUAN045132.20161114.NDL","NEON.DOC.001710vE","Needles",0,"N",NA,"7GSC2Ocp9nUteYgLIy4dgBai2aWAgzCc"
"6ac225b6-7c99-4cc5-9c18-a32b5f91919d","GUAN_045.basePlot.ltr","D04","GUAN","GUAN_045","GUAN_045_132","2016-12-09","2016-10-19","2016-11-14","2016-11-28T10:30Z","2016-11-30T19:30Z","NEON.LTR.GUAN045132.20161114","NEON.LTR.GUAN045132.20161114.OTH","NEON.DOC.001710vE","Other",2.58,"N",NA,"7GSC2Ocp9nUteYgLIy4dgBai2aWAgzCc"
"f998a18a-406b-4ec1-baa1-4d7d3817718f","GUAN_045.basePlot.ltr","D04","GUAN","GUAN_045","GUAN_045_132","2016-12-09","2016-10-19","2016-11-14","2016-11-28T10:30Z","2016-11-30T19:30Z","NEON.LTR.GUAN045132.20161114","NEON.LTR.GUAN045132.20161114.LVS","NEON.DOC.001710vE","Leaves",1.22,"N",NA,"7GSC2Ocp9nUteYgLIy4dgBai2aWAgzCc"
"d4ab1a41-b8ba-42b7-85c0-8c9e557ab88f","GUAN_045.basePlot.ltr","D04","GUAN","GUAN_045","GUAN_045_132","2016-12-09","2016-10-19","2016-11-14","2016-11-28T10:30Z","2016-11-30T19:30Z","NEON.LTR.GUAN045132.20161114","NEON.LTR.GUAN045132.20161114.SDS","NEON.DOC.001710vE","Seeds",0.36,"N",NA,"7GSC2Ocp9nUteYgLIy4dgBai2aWAgzCc"
"9fe6b07d-0623-4f3e-a31c-8aa0610f2751","GUAN_044.basePlot.ltr","D04","GUAN","GUAN_044","GUAN_044_646","2016-11-14","2016-10-19","2016-11-14","2016-11-28T10:30Z","2016-11-30T19:30Z","NEON.LTR.GUAN044646.20161114","NEON.LTR.GUAN044646.20161114.FLR","NEON.DOC.001710vE","Flowers",0,"N",NA,"7GSC2Ocp9nUteYgLIy4dgBai2aWAgzCc"
"4e5279e3-536f-4093-8324-bb9206cc70f5","GUAN_044.basePlot.ltr","D04","GUAN","GUAN_044","GUAN_044_646","2016-11-14","2016-10-19","2016-11-14","2016-11-28T10:30Z","2016-11-30T19:30Z","NEON.LTR.GUAN044646.20161114","NEON.LTR.GUAN044646.20161114.OTH","NEON.DOC.001710vE","Other",0,"N",NA,"7GSC2Ocp9nUteYgLIy4dgBai2aWAgzCc"
"1505bd32-1914-49fa-90e2-f1bd6ff4d2ea","GUAN_044.basePlot.ltr","D04","GUAN","GUAN_044","GUAN_044_646","2016-11-14","2016-10-19","2016-11-14","2016-11-28T10:30Z","2016-11-30T19:30Z","NEON.LTR.GUAN044646.20161114","NEON.LTR.GUAN044646.20161114.TWI","NEON.DOC.001710vE","Twigs/branches",0.24,"N",NA,"7GSC2Ocp9nUteYgLIy4dgBai2aWAgzCc"
"71aa632b-654e-45b0-9da8-08e761dd2cc3","GUAN_044.basePlot.ltr","D04","GUAN","GUAN_044","GUAN_044_646","2016-11-14","2016-10-19","2016-11-14","2016-11-28T10:30Z","2016-11-30T19:30Z","NEON.LTR.GUAN044646.20161114","NEON.LTR.GUAN044646.20161114.WDY","NEON.DOC.001710vE","Woody material",0.05,"N",NA,"7GSC2Ocp9nUteYgLIy4dgBai2aWAgzCc"
"aab1664b-b13f-441c-9f13-28b6d8c91e7c","GUAN_044.basePlot.ltr","D04","GUAN","GUAN_044","GUAN_044_646","2016-11-14","2016-10-19","2016-11-14","2016-11-28T10:30Z","2016-11-30T19:30Z","NEON.LTR.GUAN044646.20161114","NEON.LTR.GUAN044646.20161114.SDS","NEON.DOC.001710vE","Seeds",0.15,"N",NA,"7GSC2Ocp9nUteYgLIy4dgBai2aWAgzCc"
"22790da9-3cc7-4630-9bb3-416b2bfe3b8d","GUAN_044.basePlot.ltr","D04","GUAN","GUAN_044","GUAN_044_385","2016-11-14","2016-10-19","2016-11-14","2016-11-28T10:30Z","2016-11-30T19:30Z","NEON.LTR.GUAN044385.20161114","NEON.LTR.GUAN044385.20161114.OTH","NEON.DOC.001710vE","Other",0,"N",NA,"7GSC2Ocp9nUteYgLIy4dgBai2aWAgzCc"
"54f68271-7ba8-4a93-9531-bac401351438","GUAN_044.basePlot.ltr","D04","GUAN","GUAN_044","GUAN_044_646","2016-11-14","2016-10-19","2016-11-14","2016-11-28T10:30Z","2016-11-30T19:30Z","NEON.LTR.GUAN044646.20161114","NEON.LTR.GUAN044646.20161114.LVS","NEON.DOC.001710vE","Leaves",4.76,"N",NA,"7GSC2Ocp9nUteYgLIy4dgBai2aWAgzCc"
"52b4bc02-4390-44b5-abda-099b8c8f679f","GUAN_044.basePlot.ltr","D04","GUAN","GUAN_044","GUAN_044_646","2016-11-14","2016-10-19","2016-11-14","2016-11-28T10:30Z","2016-11-30T19:30Z","NEON.LTR.GUAN044646.20161114","NEON.LTR.GUAN044646.20161114.NDL","NEON.DOC.001710vE","Needles",0,"N",NA,"7GSC2Ocp9nUteYgLIy4dgBai2aWAgzCc"
"5c6d6fb0-6ff7-48d8-9352-79ef91b92062","GUAN_042.basePlot.ltr","D04","GUAN","GUAN_042","GUAN_042_162","2016-11-14","2016-10-19","2016-11-14","2016-11-28T10:30Z","2016-11-30T19:30Z","NEON.LTR.GUAN042162.20161114","NEON.LTR.GUAN042162.20161114.LVS","NEON.DOC.001710vE","Leaves",4.71,"N",NA,"7GSC2Ocp9nUteYgLIy4dgBai2aWAgzCc"
"6ce886a3-67e0-49c8-bebe-cad8ec354b22","GUAN_042.basePlot.ltr","D04","GUAN","GUAN_042","GUAN_042_162","2016-11-14","2016-10-19","2016-11-14","2016-11-28T10:30Z","2016-11-30T19:30Z","NEON.LTR.GUAN042162.20161114","NEON.LTR.GUAN042162.20161114.SDS","NEON.DOC.001710vE","Seeds",0.29,"Y",NA,"7GSC2Ocp9nUteYgLIy4dgBai2aWAgzCc"
"3a34a0eb-933a-4293-b3ae-b088b82fe52b","GUAN_042.basePlot.ltr","D04","GUAN","GUAN_042","GUAN_042_162","2016-11-14","2016-10-19","2016-11-14","2016-11-28T10:30Z","2016-11-30T19:30Z","NEON.LTR.GUAN042162.20161114","NEON.LTR.GUAN042162.20161114.OTH","NEON.DOC.001710vE","Other",1.16,"N",NA,"7GSC2Ocp9nUteYgLIy4dgBai2aWAgzCc"
"bda4dfd0-a677-4cd4-972b-36421170a957","GUAN_042.basePlot.ltr","D04","GUAN","GUAN_042","GUAN_042_162","2016-11-14","2016-10-19","2016-11-14","2016-11-28T10:30Z","2016-11-30T19:30Z","NEON.LTR.GUAN042162.20161114","NEON.LTR.GUAN042162.20161114.NDL","NEON.DOC.001710vE","Needles",0,"N",NA,"7GSC2Ocp9nUteYgLIy4dgBai2aWAgzCc"
"6cf88de9-a71a-4b90-8869-938109b84e71","GUAN_042.basePlot.ltr","D04","GUAN","GUAN_042","GUAN_042_162","2016-11-14","2016-10-19","2016-11-14","2016-11-28T10:30Z","2016-11-30T19:30Z","NEON.LTR.GUAN042162.20161114","NEON.LTR.GUAN042162.20161114.FLR","NEON.DOC.001710vE","Flowers",0,"N",NA,"7GSC2Ocp9nUteYgLIy4dgBai2aWAgzCc"
"5c74d27f-9a7d-4f4e-a556-3f560cdac2bc","GUAN_042.basePlot.ltr","D04","GUAN","GUAN_042","GUAN_042_162","2016-11-14","2016-10-19","2016-11-14","2016-11-28T10:30Z","2016-11-30T19:30Z","NEON.LTR.GUAN042162.20161114","NEON.LTR.GUAN042162.20161114.TWI","NEON.DOC.001710vE","Twigs/branches",0.18,"N",NA,"7GSC2Ocp9nUteYgLIy4dgBai2aWAgzCc"
"a76f2ba7-3415-4951-8455-5f09eea1249c","GUAN_042.basePlot.ltr","D04","GUAN","GUAN_042","GUAN_042_162","2016-11-14","2016-10-19","2016-11-14","2016-11-28T10:30Z","2016-11-30T19:30Z","NEON.LTR.GUAN042162.20161114","NEON.LTR.GUAN042162.20161114.WDY","NEON.DOC.001710vE","Woody material",0.04,"N",NA,"7GSC2Ocp9nUteYgLIy4dgBai2aWAgzCc"
"093d03b7-2b66-41e5-8600-5bb90ca27057","GUAN_042.basePlot.ltr","D04","GUAN","GUAN_042","GUAN_042_700","2016-11-14","2016-10-19","2016-11-14","2016-11-28T10:30Z","2016-11-30T19:30Z","NEON.LTR.GUAN042700.20161114","NEON.LTR.GUAN042700.20161114.LVS","NEON.DOC.001710vE","Leaves",1.69,"N",NA,"7GSC2Ocp9nUteYgLIy4dgBai2aWAgzCc"
"4398254e-80a6-4888-9c29-3669a68e7eca","GUAN_042.basePlot.ltr","D04","GUAN","GUAN_042","GUAN_042_700","2016-11-14","2016-10-19","2016-11-14","2016-11-28T10:30Z","2016-11-30T19:30Z","NEON.LTR.GUAN042700.20161114","NEON.LTR.GUAN042700.20161114.SDS","NEON.DOC.001710vE","Seeds",0.06,"Y",NA,"7GSC2Ocp9nUteYgLIy4dgBai2aWAgzCc"
"93abe642-5b53-4025-b194-221886dfa928","GUAN_042.basePlot.ltr","D04","GUAN","GUAN_042","GUAN_042_700","2016-11-14","2016-10-19","2016-11-14","2016-11-28T10:30Z","2016-11-30T19:30Z","NEON.LTR.GUAN042700.20161114","NEON.LTR.GUAN042700.20161114.OTH","NEON.DOC.001710vE","Other",0.37,"N",NA,"7GSC2Ocp9nUteYgLIy4dgBai2aWAgzCc"
"e7b8c02f-efff-4899-a153-252d5d516248","GUAN_042.basePlot.ltr","D04","GUAN","GUAN_042","GUAN_042_700","2016-11-14","2016-10-19","2016-11-14","2016-11-28T10:30Z","2016-11-30T19:30Z","NEON.LTR.GUAN042700.20161114","NEON.LTR.GUAN042700.20161114.TWI","NEON.DOC.001710vE","Twigs/branches",0.17,"N",NA,"7GSC2Ocp9nUteYgLIy4dgBai2aWAgzCc"
"c19db035-995d-4136-9b57-ab3c521ac331","GUAN_042.basePlot.ltr","D04","GUAN","GUAN_042","GUAN_042_700","2016-11-14","2016-10-19","2016-11-14","2016-11-28T10:30Z","2016-11-30T19:30Z","NEON.LTR.GUAN042700.20161114","NEON.LTR.GUAN042700.20161114.WDY","NEON.DOC.001710vE","Woody material",0.05,"N",NA,"7GSC2Ocp9nUteYgLIy4dgBai2aWAgzCc"
"a351db07-343f-4937-a494-766a59fd73f8","GUAN_042.basePlot.ltr","D04","GUAN","GUAN_042","GUAN_042_700","2016-11-14","2016-10-19","2016-11-14","2016-11-28T10:30Z","2016-11-30T19:30Z","NEON.LTR.GUAN042700.20161114","NEON.LTR.GUAN042700.20161114.NDL","NEON.DOC.001710vE","Needles",0,"N",NA,"7GSC2Ocp9nUteYgLIy4dgBai2aWAgzCc"
"55edb758-d559-4f39-ad4e-a8c843dc2097","GUAN_042.basePlot.ltr","D04","GUAN","GUAN_042","GUAN_042_700","2016-11-14","2016-10-19","2016-11-14","2016-11-28T10:30Z","2016-11-30T19:30Z","NEON.LTR.GUAN042700.20161114","NEON.LTR.GUAN042700.20161114.FLR","NEON.DOC.001710vE","Flowers",0,"N",NA,"7GSC2Ocp9nUteYgLIy4dgBai2aWAgzCc"
"19ae094a-b6fd-4369-91f0-bb49baeba0cb","GUAN_043.basePlot.ltr","D04","GUAN","GUAN_043","GUAN_043_562","2016-11-14","2016-10-19","2016-11-14","2016-11-28T10:30Z","2016-11-30T19:30Z","NEON.LTR.GUAN043562.20161114","NEON.LTR.GUAN043562.20161114.LVS","NEON.DOC.001710vE","Leaves",0.9,"N",NA,"7GSC2Ocp9nUteYgLIy4dgBai2aWAgzCc"
"9c754fef-6c31-4dad-9465-c2fdddb99925","GUAN_043.basePlot.ltr","D04","GUAN","GUAN_043","GUAN_043_562","2016-11-14","2016-10-19","2016-11-14","2016-11-28T10:30Z","2016-11-30T19:30Z","NEON.LTR.GUAN043562.20161114","NEON.LTR.GUAN043562.20161114.OTH","NEON.DOC.001710vE","Other",1.4,"N",NA,"7GSC2Ocp9nUteYgLIy4dgBai2aWAgzCc"
"a748884c-25c5-4bf5-92ba-13fbaef15649","GUAN_043.basePlot.ltr","D04","GUAN","GUAN_043","GUAN_043_562","2016-11-14","2016-10-19","2016-11-14","2016-11-28T10:30Z","2016-11-30T19:30Z","NEON.LTR.GUAN043562.20161114","NEON.LTR.GUAN043562.20161114.WDY","NEON.DOC.001710vE","Woody material",0.59,"N",NA,"7GSC2Ocp9nUteYgLIy4dgBai2aWAgzCc"
"acec1870-3bdf-44f1-a815-7224d9f41abb","GUAN_043.basePlot.ltr","D04","GUAN","GUAN_043","GUAN_043_562","2016-11-14","2016-10-19","2016-11-14","2016-11-28T10:30Z","2016-11-30T19:30Z","NEON.LTR.GUAN043562.20161114","NEON.LTR.GUAN043562.20161114.TWI","NEON.DOC.001710vE","Twigs/branches",0.16,"N",NA,"7GSC2Ocp9nUteYgLIy4dgBai2aWAgzCc"
"a52d8a44-dcf9-4265-baeb-29897fabc897","GUAN_043.basePlot.ltr","D04","GUAN","GUAN_043","GUAN_043_562","2016-11-14","2016-10-19","2016-11-14","2016-11-28T10:30Z","2016-11-30T19:30Z","NEON.LTR.GUAN043562.20161114","NEON.LTR.GUAN043562.20161114.NDL","NEON.DOC.001710vE","Needles",0,"N",NA,"7GSC2Ocp9nUteYgLIy4dgBai2aWAgzCc"
"a4eb034b-2597-454b-96f7-a575d0a3d581","GUAN_043.basePlot.ltr","D04","GUAN","GUAN_043","GUAN_043_562","2016-11-14","2016-10-19","2016-11-14","2016-11-28T10:30Z","2016-11-30T19:30Z","NEON.LTR.GUAN043562.20161114","NEON.LTR.GUAN043562.20161114.SDS","NEON.DOC.001710vE","Seeds",0,"N",NA,"7GSC2Ocp9nUteYgLIy4dgBai2aWAgzCc"
"1863087e-c9c3-43fb-939d-88ad0bd865ec","GUAN_043.basePlot.ltr","D04","GUAN","GUAN_043","GUAN_043_562","2016-11-14","2016-10-19","2016-11-14","2016-11-28T10:30Z","2016-11-30T19:30Z","NEON.LTR.GUAN043562.20161114","NEON.LTR.GUAN043562.20161114.FLR","NEON.DOC.001710vE","Flowers",0,"N",NA,"7GSC2Ocp9nUteYgLIy4dgBai2aWAgzCc"
"eae91825-0347-44c0-9a0b-1e54fc4b3ce9","GUAN_043.basePlot.ltr","D04","GUAN","GUAN_043","GUAN_043_791","2016-11-30","2016-10-19","2016-11-14","2016-11-28T10:30Z","2016-11-30T19:30Z","NEON.LTR.GUAN043791.20161114","NEON.LTR.GUAN043791.20161114.OTH","NEON.DOC.001710vE","Other",3.09,"N",NA,"7GSC2Ocp9nUteYgLIy4dgBai2aWAgzCc"
"b4ae903e-e2d4-497f-95d1-7fccfbcc88ef","GUAN_043.basePlot.ltr","D04","GUAN","GUAN_043","GUAN_043_791","2016-11-30","2016-10-19","2016-11-14","2016-11-28T10:30Z","2016-11-30T19:30Z","NEON.LTR.GUAN043791.20161114","NEON.LTR.GUAN043791.20161114.LVS","NEON.DOC.001710vE","Leaves",5.39,"N",NA,"7GSC2Ocp9nUteYgLIy4dgBai2aWAgzCc"
"8108bb28-68de-4ffe-aaa1-f037950868af","GUAN_043.basePlot.ltr","D04","GUAN","GUAN_043","GUAN_043_791","2016-11-30","2016-10-19","2016-11-14","2016-11-28T10:30Z","2016-11-30T19:30Z","NEON.LTR.GUAN043791.20161114","NEON.LTR.GUAN043791.20161114.TWI","NEON.DOC.001710vE","Twigs/branches",0.61,"N",NA,"7GSC2Ocp9nUteYgLIy4dgBai2aWAgzCc"
"bc96491e-8356-4910-8e27-daa45508d06f","GUAN_043.basePlot.ltr","D04","GUAN","GUAN_043","GUAN_043_791","2016-11-30","2016-10-19","2016-11-14","2016-11-28T10:30Z","2016-11-30T19:30Z","NEON.LTR.GUAN043791.20161114","NEON.LTR.GUAN043791.20161114.WDY","NEON.DOC.001710vE","Woody material",0.15,"N",NA,"7GSC2Ocp9nUteYgLIy4dgBai2aWAgzCc"
"a3e41527-d2ba-4797-a9ad-41f66252fc6c","GUAN_043.basePlot.ltr","D04","GUAN","GUAN_043","GUAN_043_791","2016-11-30","2016-10-19","2016-11-14","2016-11-28T10:30Z","2016-11-30T19:30Z","NEON.LTR.GUAN043791.20161114","NEON.LTR.GUAN043791.20161114.NDL","NEON.DOC.001710vE","Needles",0,"N",NA,"7GSC2Ocp9nUteYgLIy4dgBai2aWAgzCc"
"73f8cf22-4dac-4a1a-a526-80ec19e0d97c","GUAN_043.basePlot.ltr","D04","GUAN","GUAN_043","GUAN_043_791","2016-11-30","2016-10-19","2016-11-14","2016-11-28T10:30Z","2016-11-30T19:30Z","NEON.LTR.GUAN043791.20161114","NEON.LTR.GUAN043791.20161114.SDS","NEON.DOC.001710vE","Seeds",0,"N",NA,"7GSC2Ocp9nUteYgLIy4dgBai2aWAgzCc"
"1485ff08-0162-40da-814f-d5ce7f39463f","GUAN_043.basePlot.ltr","D04","GUAN","GUAN_043","GUAN_043_791","2016-11-30","2016-10-19","2016-11-14","2016-11-28T10:30Z","2016-11-30T19:30Z","NEON.LTR.GUAN043791.20161114","NEON.LTR.GUAN043791.20161114.FLR","NEON.DOC.001710vE","Flowers",0,"N",NA,"7GSC2Ocp9nUteYgLIy4dgBai2aWAgzCc"
"a65af715-6ed9-4d17-aa1e-bb1bd1c47b94","GUAN_044.basePlot.ltr","D04","GUAN","GUAN_044","GUAN_044_385","2016-11-14","2016-10-19","2016-11-14","2016-11-28T10:30Z","2016-11-30T19:30Z","NEON.LTR.GUAN044385.20161114","NEON.LTR.GUAN044385.20161114.LVS","NEON.DOC.001710vE","Leaves",4.71,"N",NA,"7GSC2Ocp9nUteYgLIy4dgBai2aWAgzCc"
"5096223f-605b-4ae8-a6f8-dbde87b3cd76","GUAN_044.basePlot.ltr","D04","GUAN","GUAN_044","GUAN_044_385","2016-11-14","2016-10-19","2016-11-14","2016-11-28T10:30Z","2016-11-30T19:30Z","NEON.LTR.GUAN044385.20161114","NEON.LTR.GUAN044385.20161114.NDL","NEON.DOC.001710vE","Needles",0,"N",NA,"7GSC2Ocp9nUteYgLIy4dgBai2aWAgzCc"
"cc8440b6-c13a-43fc-89e4-c87cde782da9","GUAN_044.basePlot.ltr","D04","GUAN","GUAN_044","GUAN_044_385","2016-11-14","2016-10-19","2016-11-14","2016-11-28T10:30Z","2016-11-30T19:30Z","NEON.LTR.GUAN044385.20161114","NEON.LTR.GUAN044385.20161114.TWI","NEON.DOC.001710vE","Twigs/branches",8.57,"N",NA,"7GSC2Ocp9nUteYgLIy4dgBai2aWAgzCc"
"5a383847-90bd-4994-bb4d-1cbe58a968ee","GUAN_044.basePlot.ltr","D04","GUAN","GUAN_044","GUAN_044_385","2016-11-14","2016-10-19","2016-11-14","2016-11-28T10:30Z","2016-11-30T19:30Z","NEON.LTR.GUAN044385.20161114","NEON.LTR.GUAN044385.20161114.WDY","NEON.DOC.001710vE","Woody material",0.06,"N",NA,"7GSC2Ocp9nUteYgLIy4dgBai2aWAgzCc"
"72cf22d8-c2c8-402b-90a8-6fda388e8b24","GUAN_044.basePlot.ltr","D04","GUAN","GUAN_044","GUAN_044_385","2016-11-14","2016-10-19","2016-11-14","2016-11-28T10:30Z","2016-11-30T19:30Z","NEON.LTR.GUAN044385.20161114","NEON.LTR.GUAN044385.20161114.SDS","NEON.DOC.001710vE","Seeds",0.04,"Y",NA,"7GSC2Ocp9nUteYgLIy4dgBai2aWAgzCc"
"f9ab443a-bb23-4782-9a2c-cd7a5e84ca84","GUAN_044.basePlot.ltr","D04","GUAN","GUAN_044","GUAN_044_385","2016-11-14","2016-10-19","2016-11-14","2016-11-28T10:30Z","2016-11-30T19:30Z","NEON.LTR.GUAN044385.20161114","NEON.LTR.GUAN044385.20161114.FLR","NEON.DOC.001710vE","Flowers",0,"N",NA,"7GSC2Ocp9nUteYgLIy4dgBai2aWAgzCc"
"ea9c7bb4-2d50-4c34-8c04-ba16dd365865","STEI_058.basePlot.ltr","D05","STEI","STEI_058","STEI_058_598","2016-06-10","2015-07-27","2016-05-19","2016-06-03T19:10Z","2016-09-13T21:00Z","NEON.LTR.STEI058598.20160519","NEON.LTR.STEI058598.20160519.OTH","NEON.DOC.001710vE","Other",0,"N",NA,"P9hftDyV5NLbHB2gcoQF666NEvwuiXGq"
"6c41084b-9c5a-4fee-8834-cb74bf9e2e72","STEI_058.basePlot.ltr","D05","STEI","STEI_058","STEI_058_598","2016-06-10","2015-07-27","2016-05-19","2016-06-03T19:10Z","2016-09-13T21:00Z","NEON.LTR.STEI058598.20160519","NEON.LTR.STEI058598.20160519.LVS","NEON.DOC.001710vE","Leaves",0,"N",NA,"P9hftDyV5NLbHB2gcoQF666NEvwuiXGq"
"112b3fe3-70f9-46e3-9e2f-3aa248c25b8e","STEI_058.basePlot.ltr","D05","STEI","STEI_058","STEI_058_762","2016-06-10","2015-07-27","2016-05-19","2016-06-03T19:10Z","2016-09-13T21:00Z","NEON.LTR.STEI058762.20160519","NEON.LTR.STEI058762.20160519.TWI","NEON.DOC.001710vE","Twigs/branches",25.17,"N",NA,"P9hftDyV5NLbHB2gcoQF666NEvwuiXGq"
"4e25f8ab-1fe6-4c78-9a91-cc926e52dc8f","STEI_058.basePlot.ltr","D05","STEI","STEI_058","STEI_058_762","2016-06-10","2015-07-27","2016-05-19","2016-06-03T19:10Z","2016-09-13T21:00Z","NEON.LTR.STEI058762.20160519","NEON.LTR.STEI058762.20160519.OTH","NEON.DOC.001710vE","Other",0,"N",NA,"P9hftDyV5NLbHB2gcoQF666NEvwuiXGq"
"881c0972-01ee-4895-9596-f0963f4dd209","STEI_058.basePlot.ltr","D05","STEI","STEI_058","STEI_058_762","2016-06-10","2015-07-27","2016-05-19","2016-06-03T19:10Z","2016-09-13T21:00Z","NEON.LTR.STEI058762.20160519","NEON.LTR.STEI058762.20160519.LVS","NEON.DOC.001710vE","Leaves",0,"N",NA,"P9hftDyV5NLbHB2gcoQF666NEvwuiXGq"
"a121fa8a-21a3-477e-9854-e62a72cd9134","STEI_052.basePlot.ltr","D05","STEI","STEI_052","STEI_052_960","2016-06-10","2015-07-27","2016-05-19","2016-06-03T19:10Z","2016-09-13T21:00Z","NEON.LTR.STEI052960.20160519","NEON.LTR.STEI052960.20160519.LVS","NEON.DOC.001710vE","Leaves",0,"N",NA,"P9hftDyV5NLbHB2gcoQF666NEvwuiXGq"
"c1ee81e2-400c-477c-880e-73903f165323","STEI_052.basePlot.ltr","D05","STEI","STEI_052","STEI_052_960","2016-06-10","2015-07-27","2016-05-19","2016-06-03T19:10Z","2016-09-13T21:00Z","NEON.LTR.STEI052960.20160519","NEON.LTR.STEI052960.20160519.TWI","NEON.DOC.001710vE","Twigs/branches",77.19,"N",NA,"P9hftDyV5NLbHB2gcoQF666NEvwuiXGq"
"b2698e4d-15fa-4c75-96b4-266f005a6b4e","STEI_052.basePlot.ltr","D05","STEI","STEI_052","STEI_052_960","2016-06-10","2015-07-27","2016-05-19","2016-06-03T19:10Z","2016-09-13T21:00Z","NEON.LTR.STEI052960.20160519","NEON.LTR.STEI052960.20160519.OTH","NEON.DOC.001710vE","Other",0,"N",NA,"P9hftDyV5NLbHB2gcoQF666NEvwuiXGq"
"1cb81dd1-b92a-4bd5-ac31-ed82db822c8e","STEI_055.basePlot.ltr","D05","STEI","STEI_055","STEI_055_860","2016-06-10","2015-07-27","2016-05-19","2016-06-03T19:10Z","2016-09-13T21:00Z","NEON.LTR.STEI055860.20160519","NEON.LTR.STEI055860.20160519.LVS","NEON.DOC.001710vE","Leaves",0,"N",NA,"P9hftDyV5NLbHB2gcoQF666NEvwuiXGq"
"66950731-1ec9-4baf-bd60-f4a4bce452e6","STEI_055.basePlot.ltr","D05","STEI","STEI_055","STEI_055_860","2016-06-10","2015-07-27","2016-05-19","2016-06-03T19:10Z","2016-09-13T21:00Z","NEON.LTR.STEI055860.20160519","NEON.LTR.STEI055860.20160519.OTH","NEON.DOC.001710vE","Other",0,"N",NA,"P9hftDyV5NLbHB2gcoQF666NEvwuiXGq"
"3098fe0b-9fcb-4126-b4aa-f0e4f1e42def","STEI_055.basePlot.ltr","D05","STEI","STEI_055","STEI_055_860","2016-06-10","2015-07-27","2016-05-19","2016-06-03T19:10Z","2016-09-13T21:00Z","NEON.LTR.STEI055860.20160519","NEON.LTR.STEI055860.20160519.TWI","NEON.DOC.001710vE","Twigs/branches",8.7,"N",NA,"P9hftDyV5NLbHB2gcoQF666NEvwuiXGq"
"dd173fb0-49ed-4352-81d1-1e54d30e9663","STEI_055.basePlot.ltr","D05","STEI","STEI_055","STEI_055_523","2016-06-10","2015-07-27","2016-05-19","2016-06-03T19:10Z","2016-09-13T21:00Z","NEON.LTR.STEI055523.20160519","NEON.LTR.STEI055523.20160519.OTH","NEON.DOC.001710vE","Other",0,"N",NA,"P9hftDyV5NLbHB2gcoQF666NEvwuiXGq"
"d3f6df71-319b-4bc6-be4c-847f202c8c6c","STEI_055.basePlot.ltr","D05","STEI","STEI_055","STEI_055_523","2016-06-10","2015-07-27","2016-05-19","2016-06-03T19:10Z","2016-09-13T21:00Z","NEON.LTR.STEI055523.20160519","NEON.LTR.STEI055523.20160519.LVS","NEON.DOC.001710vE","Leaves",0,"N",NA,"P9hftDyV5NLbHB2gcoQF666NEvwuiXGq"
"2e46f1cf-1691-4fda-b49a-f5dc23f5f993","STEI_055.basePlot.ltr","D05","STEI","STEI_055","STEI_055_523","2016-06-10","2015-07-27","2016-05-19","2016-06-03T19:10Z","2016-09-13T21:00Z","NEON.LTR.STEI055523.20160519","NEON.LTR.STEI055523.20160519.TWI","NEON.DOC.001710vE","Twigs/branches",4.2,"N",NA,"P9hftDyV5NLbHB2gcoQF666NEvwuiXGq"
"421cd9bb-a851-4097-80c9-662dad53f730","STEI_058.basePlot.ltr","D05","STEI","STEI_058","STEI_058_598","2016-06-10","2015-07-27","2016-05-19","2016-06-03T19:10Z","2016-09-13T21:00Z","NEON.LTR.STEI058598.20160519","NEON.LTR.STEI058598.20160519.TWI","NEON.DOC.001710vE","Twigs/branches",21.26,"N",NA,"P9hftDyV5NLbHB2gcoQF666NEvwuiXGq"
"3ad43de1-c5ac-4c8f-88f5-c035566015ac","STEI_051.basePlot.ltr","D05","STEI","STEI_051","STEI_051_900","2016-06-10","2015-07-28","2016-05-19","2016-06-03T19:10Z","2016-09-13T21:00Z","NEON.LTR.STEI051900.20160519","NEON.LTR.STEI051900.20160519.OTH","NEON.DOC.001710vE","Other",0,"N",NA,"P9hftDyV5NLbHB2gcoQF666NEvwuiXGq"
"d0c26b76-896d-4cb3-8a6f-214367d30f6f","STEI_051.basePlot.ltr","D05","STEI","STEI_051","STEI_051_900","2016-06-10","2015-07-28","2016-05-19","2016-06-03T19:10Z","2016-09-13T21:00Z","NEON.LTR.STEI051900.20160519","NEON.LTR.STEI051900.20160519.LVS","NEON.DOC.001710vE","Leaves",0,"N",NA,"P9hftDyV5NLbHB2gcoQF666NEvwuiXGq"
"30c5d664-7c02-4499-b4a0-695194d37418","STEI_051.basePlot.ltr","D05","STEI","STEI_051","STEI_051_900","2016-06-10","2015-07-28","2016-05-19","2016-06-03T19:10Z","2016-09-13T21:00Z","NEON.LTR.STEI051900.20160519","NEON.LTR.STEI051900.20160519.TWI","NEON.DOC.001710vE","Twigs/branches",78.23,"N",NA,"P9hftDyV5NLbHB2gcoQF666NEvwuiXGq"
"b4b5453a-b5e6-4701-a7a5-1878413504b3","STEI_053.basePlot.ltr","D05","STEI","STEI_053","STEI_053_252","2016-06-10","2015-07-28","2016-05-19","2016-06-03T19:10Z","2016-09-13T21:00Z","NEON.LTR.STEI053252.20160519","NEON.LTR.STEI053252.20160519.TWI","NEON.DOC.001710vE","Twigs/branches",8.94,"N",NA,"P9hftDyV5NLbHB2gcoQF666NEvwuiXGq"
"4867d5e7-47be-4b70-8660-765667c5a15a","STEI_053.basePlot.ltr","D05","STEI","STEI_053","STEI_053_252","2016-06-10","2015-07-28","2016-05-19","2016-06-03T19:10Z","2016-09-13T21:00Z","NEON.LTR.STEI053252.20160519","NEON.LTR.STEI053252.20160519.OTH","NEON.DOC.001710vE","Other",0,"N",NA,"P9hftDyV5NLbHB2gcoQF666NEvwuiXGq"
"5bc07b48-a687-4328-82ab-e6607b6faec7","STEI_053.basePlot.ltr","D05","STEI","STEI_053","STEI_053_252","2016-06-10","2015-07-28","2016-05-19","2016-06-03T19:10Z","2016-09-13T21:00Z","NEON.LTR.STEI053252.20160519","NEON.LTR.STEI053252.20160519.LVS","NEON.DOC.001710vE","Leaves",0,"N",NA,"P9hftDyV5NLbHB2gcoQF666NEvwuiXGq"
"0b57f096-edbf-432c-ac10-17c65fa89241","STEI_053.basePlot.ltr","D05","STEI","STEI_053","STEI_053_566","2016-06-10","2015-07-28","2016-05-19","2016-06-03T19:10Z","2016-09-13T21:00Z","NEON.LTR.STEI053566.20160519","NEON.LTR.STEI053566.20160519.TWI","NEON.DOC.001710vE","Twigs/branches",21.46,"N",NA,"P9hftDyV5NLbHB2gcoQF666NEvwuiXGq"
"57e1e147-4d0c-4a09-8cf9-a54c7d00d50e","STEI_053.basePlot.ltr","D05","STEI","STEI_053","STEI_053_566","2016-06-10","2015-07-28","2016-05-19","2016-06-03T19:10Z","2016-09-13T21:00Z","NEON.LTR.STEI053566.20160519","NEON.LTR.STEI053566.20160519.LVS","NEON.DOC.001710vE","Leaves",0,"N",NA,"P9hftDyV5NLbHB2gcoQF666NEvwuiXGq"
"5d006c34-751e-4b2b-8b3b-9898050e22df","STEI_053.basePlot.ltr","D05","STEI","STEI_053","STEI_053_566","2016-06-10","2015-07-28","2016-05-19","2016-06-03T19:10Z","2016-09-13T21:00Z","NEON.LTR.STEI053566.20160519","NEON.LTR.STEI053566.20160519.OTH","NEON.DOC.001710vE","Other",0,"N",NA,"P9hftDyV5NLbHB2gcoQF666NEvwuiXGq"
"a106c9b8-9c76-4143-b158-9a53968e7b78","STEI_047.basePlot.ltr","D05","STEI","STEI_047","STEI_047_024","2016-06-10","2015-07-28","2016-05-19","2016-06-03T19:10Z","2016-09-13T21:00Z","NEON.LTR.STEI047024.20160519","NEON.LTR.STEI047024.20160519.TWI","NEON.DOC.001710vE","Twigs/branches",17.2,"N",NA,"P9hftDyV5NLbHB2gcoQF666NEvwuiXGq"
"4c2d9161-3929-423b-bda6-a5a23723b7b4","STEI_047.basePlot.ltr","D05","STEI","STEI_047","STEI_047_024","2016-06-10","2015-07-28","2016-05-19","2016-06-03T19:10Z","2016-09-13T21:00Z","NEON.LTR.STEI047024.20160519","NEON.LTR.STEI047024.20160519.TWI","NEON.DOC.001710vE","Twigs/branches",17.11,"Y",NA,"P9hftDyV5NLbHB2gcoQF666NEvwuiXGq"
"362ccb90-5d9a-40c5-beff-2ff12327a9de","STEI_047.basePlot.ltr","D05","STEI","STEI_047","STEI_047_024","2016-06-10","2015-07-28","2016-05-19","2016-06-03T19:10Z","2016-09-13T21:00Z","NEON.LTR.STEI047024.20160519","NEON.LTR.STEI047024.20160519.LVS","NEON.DOC.001710vE","Leaves",0,"N",NA,"P9hftDyV5NLbHB2gcoQF666NEvwuiXGq"
"45ac39a7-03e8-4440-a328-fc0278b2bf30","STEI_047.basePlot.ltr","D05","STEI","STEI_047","STEI_047_024","2016-06-10","2015-07-28","2016-05-19","2016-06-03T19:10Z","2016-09-13T21:00Z","NEON.LTR.STEI047024.20160519","NEON.LTR.STEI047024.20160519.OTH","NEON.DOC.001710vE","Other",0,"N",NA,"P9hftDyV5NLbHB2gcoQF666NEvwuiXGq"
"1f3b7688-2679-4e52-adb3-e7ac011ea3e9","STEI_046.basePlot.ltr","D05","STEI","STEI_046","STEI_046_953","2016-06-10","2015-07-28","2016-05-19","2016-06-03T19:10Z","2016-09-13T21:00Z","NEON.LTR.STEI046953.20160519","NEON.LTR.STEI046953.20160519.OTH","NEON.DOC.001710vE","Other",0,"N",NA,"P9hftDyV5NLbHB2gcoQF666NEvwuiXGq"
"380bd2d2-3ee4-4915-a4ba-50427f40ef97","STEI_046.basePlot.ltr","D05","STEI","STEI_046","STEI_046_953","2016-06-10","2015-07-28","2016-05-19","2016-06-03T19:10Z","2016-09-13T21:00Z","NEON.LTR.STEI046953.20160519","NEON.LTR.STEI046953.20160519.LVS","NEON.DOC.001710vE","Leaves",0,"N",NA,"P9hftDyV5NLbHB2gcoQF666NEvwuiXGq"
"97dc4d94-f811-4100-a29e-c75b9b0193e7","STEI_046.basePlot.ltr","D05","STEI","STEI_046","STEI_046_953","2016-06-10","2015-07-28","2016-05-19","2016-06-03T19:10Z","2016-09-13T21:00Z","NEON.LTR.STEI046953.20160519","NEON.LTR.STEI046953.20160519.TWI","NEON.DOC.001710vE","Twigs/branches",80.02,"N",NA,"P9hftDyV5NLbHB2gcoQF666NEvwuiXGq"
"f5499116-d1ee-422e-a517-7feab7c1d1f3","STEI_049.basePlot.ltr","D05","STEI","STEI_049","STEI_049_706","2016-06-10","2015-07-29","2016-05-19","2016-06-03T19:10Z","2016-09-13T21:00Z","NEON.LTR.STEI049706.20160519","NEON.LTR.STEI049706.20160519.OTH","NEON.DOC.001710vE","Other",0,"N",NA,"P9hftDyV5NLbHB2gcoQF666NEvwuiXGq"
"dad9f07d-7cd3-4e81-8889-067abe250571","STEI_049.basePlot.ltr","D05","STEI","STEI_049","STEI_049_706","2016-06-10","2015-07-29","2016-05-19","2016-06-03T19:10Z","2016-09-13T21:00Z","NEON.LTR.STEI049706.20160519","NEON.LTR.STEI049706.20160519.TWI","NEON.DOC.001710vE","Twigs/branches",7.3,"N",NA,"P9hftDyV5NLbHB2gcoQF666NEvwuiXGq"
"c0fde24c-a50c-48f6-a627-18618467f810","STEI_049.basePlot.ltr","D05","STEI","STEI_049","STEI_049_706","2016-06-10","2015-07-29","2016-05-19","2016-06-03T19:10Z","2016-09-13T21:00Z","NEON.LTR.STEI049706.20160519","NEON.LTR.STEI049706.20160519.LVS","NEON.DOC.001710vE","Leaves",0,"N",NA,"P9hftDyV5NLbHB2gcoQF666NEvwuiXGq"
"f8562bc2-f078-4f39-b78a-0392562d3fdd","STEI_049.basePlot.ltr","D05","STEI","STEI_049","STEI_049_706","2016-06-10","2015-07-29","2016-05-19","2016-06-03T19:10Z","2016-09-13T21:00Z","NEON.LTR.STEI049706.20160519","NEON.LTR.STEI049706.20160519.TWI","NEON.DOC.001710vE","Twigs/branches",7.26,"Y",NA,"P9hftDyV5NLbHB2gcoQF666NEvwuiXGq"
"7a8b8814-ca52-46c5-a0f9-ab13f074aaa6","STEI_049.basePlot.ltr","D05","STEI","STEI_049","STEI_049_960","2016-06-10","2015-07-29","2016-05-19","2016-06-03T19:10Z","2016-09-13T21:00Z","NEON.LTR.STEI049960.20160519","NEON.LTR.STEI049960.20160519.LVS","NEON.DOC.001710vE","Leaves",0,"N",NA,"P9hftDyV5NLbHB2gcoQF666NEvwuiXGq"
"de42db91-c26e-4324-afc8-0896885d1452","STEI_049.basePlot.ltr","D05","STEI","STEI_049","STEI_049_960","2016-06-10","2015-07-29","2016-05-19","2016-06-03T19:10Z","2016-09-13T21:00Z","NEON.LTR.STEI049960.20160519","NEON.LTR.STEI049960.20160519.TWI","NEON.DOC.001710vE","Twigs/branches",18.24,"N",NA,"P9hftDyV5NLbHB2gcoQF666NEvwuiXGq"
"402b28fc-988c-45a0-a6d9-2427b1d8a095","STEI_049.basePlot.ltr","D05","STEI","STEI_049","STEI_049_960","2016-06-10","2015-07-29","2016-05-19","2016-06-03T19:10Z","2016-09-13T21:00Z","NEON.LTR.STEI049960.20160519","NEON.LTR.STEI049960.20160519.TWI","NEON.DOC.001710vE","Twigs/branches",18.19,"Y",NA,"P9hftDyV5NLbHB2gcoQF666NEvwuiXGq"
"16ebd93b-1044-452c-b44b-bd9746cdcfbb","STEI_049.basePlot.ltr","D05","STEI","STEI_049","STEI_049_960","2016-06-10","2015-07-29","2016-05-19","2016-06-03T19:10Z","2016-09-13T21:00Z","NEON.LTR.STEI049960.20160519","NEON.LTR.STEI049960.20160519.OTH","NEON.DOC.001710vE","Other",0,"N",NA,"P9hftDyV5NLbHB2gcoQF666NEvwuiXGq"
"26c241d3-cc80-4fb8-b29f-f9e999514273","STEI_057.basePlot.ltr","D05","STEI","STEI_057","STEI_057_804","2016-06-10","2015-07-29","2016-05-19","2016-06-03T19:10Z","2016-09-13T21:00Z","NEON.LTR.STEI057804.20160519","NEON.LTR.STEI057804.20160519.OTH","NEON.DOC.001710vE","Other",0,"N",NA,"P9hftDyV5NLbHB2gcoQF666NEvwuiXGq"
"1a45084d-942b-426b-b698-e600c1185c52","STEI_057.basePlot.ltr","D05","STEI","STEI_057","STEI_057_804","2016-06-10","2015-07-29","2016-05-19","2016-06-03T19:10Z","2016-09-13T21:00Z","NEON.LTR.STEI057804.20160519","NEON.LTR.STEI057804.20160519.TWI","NEON.DOC.001710vE","Twigs/branches",3.36,"N",NA,"P9hftDyV5NLbHB2gcoQF666NEvwuiXGq"
"d94313ab-e973-4e45-ad72-ce2bb5a01cc5","STEI_057.basePlot.ltr","D05","STEI","STEI_057","STEI_057_804","2016-06-10","2015-07-29","2016-05-19","2016-06-03T19:10Z","2016-09-13T21:00Z","NEON.LTR.STEI057804.20160519","NEON.LTR.STEI057804.20160519.LVS","NEON.DOC.001710vE","Leaves",0,"N",NA,"P9hftDyV5NLbHB2gcoQF666NEvwuiXGq"
"708ef8a4-ca0b-42c4-b450-4700cab702d9","STEI_057.basePlot.ltr","D05","STEI","STEI_057","STEI_057_804","2016-06-10","2015-07-29","2016-05-19","2016-06-03T19:10Z","2016-09-13T21:00Z","NEON.LTR.STEI057804.20160519","NEON.LTR.STEI057804.20160519.TWI","NEON.DOC.001710vE","Twigs/branches",2.58,"Y",NA,"P9hftDyV5NLbHB2gcoQF666NEvwuiXGq"
"b225c553-2b3b-4940-813d-0cb59960ec06","STEI_057.basePlot.ltr","D05","STEI","STEI_057","STEI_057_211","2016-06-10","2015-07-29","2016-05-19","2016-06-03T19:10Z","2016-06-10T21:00Z","NEON.LTR.STEI057211.20160519","NEON.LTR.STEI057211.20160519.LVS","NEON.DOC.001710vE","Leaves",0,"N",NA,"B/1XguR/VImkpiciTImn0yyrFfzGHeqw"
"063fa931-6c38-45a2-95a6-61b8a3803d4d","STEI_057.basePlot.ltr","D05","STEI","STEI_057","STEI_057_211","2016-06-10","2015-07-29","2016-05-19","2016-06-03T19:10Z","2016-06-10T21:00Z","NEON.LTR.STEI057211.20160519","NEON.LTR.STEI057211.20160519.OTH","NEON.DOC.001710vE","Other",0,"N",NA,"B/1XguR/VImkpiciTImn0yyrFfzGHeqw"
"ba468b8b-2eb7-4eab-875c-9a6a6f0205d0","STEI_057.basePlot.ltr","D05","STEI","STEI_057","STEI_057_211","2016-06-10","2015-07-29","2016-05-19","2016-06-03T19:10Z","2016-06-10T21:00Z","NEON.LTR.STEI057211.20160519","NEON.LTR.STEI057211.20160519.TWI","NEON.DOC.001710vE","Twigs/branches",4.13,"N",NA,"B/1XguR/VImkpiciTImn0yyrFfzGHeqw"
"4325c775-1123-4ff3-b556-230d542b116a","STEI_050.basePlot.ltr","D05","STEI","STEI_050","STEI_050_272","2016-06-10","2015-07-29","2016-05-19","2016-06-03T19:10Z","2016-09-13T21:00Z","NEON.LTR.STEI050272.20160519","NEON.LTR.STEI050272.20160519.TWI","NEON.DOC.001710vE","Twigs/branches",27.42,"N",NA,"P9hftDyV5NLbHB2gcoQF666NEvwuiXGq"
"ae620352-ce2c-480e-adb4-500e56a4c238","STEI_050.basePlot.ltr","D05","STEI","STEI_050","STEI_050_272","2016-06-10","2015-07-29","2016-05-19","2016-06-03T19:10Z","2016-09-13T21:00Z","NEON.LTR.STEI050272.20160519","NEON.LTR.STEI050272.20160519.LVS","NEON.DOC.001710vE","Leaves",0,"N",NA,"P9hftDyV5NLbHB2gcoQF666NEvwuiXGq"
"2d4ff233-1179-41da-b7ef-feb206554736","STEI_050.basePlot.ltr","D05","STEI","STEI_050","STEI_050_272","2016-06-10","2015-07-29","2016-05-19","2016-06-03T19:10Z","2016-09-13T21:00Z","NEON.LTR.STEI050272.20160519","NEON.LTR.STEI050272.20160519.OTH","NEON.DOC.001710vE","Other",0,"N",NA,"P9hftDyV5NLbHB2gcoQF666NEvwuiXGq"
"27d3e339-b5ea-430c-a61d-45afd724b52c","STEI_050.basePlot.ltr","D05","STEI","STEI_050","STEI_050_272","2016-06-10","2015-07-29","2016-05-19","2016-06-03T19:10Z","2016-09-13T21:00Z","NEON.LTR.STEI050272.20160519","NEON.LTR.STEI050272.20160519.TWI","NEON.DOC.001710vE","Twigs/branches",27.38,"Y",NA,"P9hftDyV5NLbHB2gcoQF666NEvwuiXGq"
"194534a9-da7b-4087-b45f-ea43c18e983b","STEI_062.basePlot.ltr","D05","STEI","STEI_062","STEI_062_099","2016-06-10","2015-07-29","2016-05-19","2016-06-03T19:10Z","2016-09-13T21:00Z","NEON.LTR.STEI062099.20160519","NEON.LTR.STEI062099.20160519.OTH","NEON.DOC.001710vE","Other",0,"N",NA,"P9hftDyV5NLbHB2gcoQF666NEvwuiXGq"
"d0cda21b-975d-4ca7-99c4-c3fcb7574b05","STEI_062.basePlot.ltr","D05","STEI","STEI_062","STEI_062_099","2016-06-10","2015-07-29","2016-05-19","2016-06-03T19:10Z","2016-09-13T21:00Z","NEON.LTR.STEI062099.20160519","NEON.LTR.STEI062099.20160519.LVS","NEON.DOC.001710vE","Leaves",0,"N",NA,"P9hftDyV5NLbHB2gcoQF666NEvwuiXGq"
"ad18ca81-eebd-4099-aef6-cbeda2e11000","STEI_062.basePlot.ltr","D05","STEI","STEI_062","STEI_062_099","2016-06-10","2015-07-29","2016-05-19","2016-06-03T19:10Z","2016-09-13T21:00Z","NEON.LTR.STEI062099.20160519","NEON.LTR.STEI062099.20160519.TWI","NEON.DOC.001710vE","Twigs/branches",3.81,"N",NA,"P9hftDyV5NLbHB2gcoQF666NEvwuiXGq"
"10564387-7da6-4ff9-95c8-4c28187c99f5","STEI_056.basePlot.ltr","D05","STEI","STEI_056","STEI_056_428","2016-06-10","2015-07-30","2016-05-19","2016-06-03T19:10Z","2016-09-13T21:00Z","NEON.LTR.STEI056428.20160519","NEON.LTR.STEI056428.20160519.OTH","NEON.DOC.001710vE","Other",0,"N",NA,"P9hftDyV5NLbHB2gcoQF666NEvwuiXGq"
"81237b1c-65d1-4bc0-8d2a-5c0a255d8002","STEI_056.basePlot.ltr","D05","STEI","STEI_056","STEI_056_428","2016-06-10","2015-07-30","2016-05-19","2016-06-03T19:10Z","2016-09-13T21:00Z","NEON.LTR.STEI056428.20160519","NEON.LTR.STEI056428.20160519.TWI","NEON.DOC.001710vE","Twigs/branches",1226,"N",NA,"P9hftDyV5NLbHB2gcoQF666NEvwuiXGq"
"2dfd7fe8-5499-4cbb-a83d-a777765e5f42","STEI_056.basePlot.ltr","D05","STEI","STEI_056","STEI_056_428","2016-06-10","2015-07-30","2016-05-19","2016-06-03T19:10Z","2016-09-13T21:00Z","NEON.LTR.STEI056428.20160519","NEON.LTR.STEI056428.20160519.TWI","NEON.DOC.001710vE","Twigs/branches",12.32,"Y",NA,"P9hftDyV5NLbHB2gcoQF666NEvwuiXGq"
"515e1609-0fb1-49fd-aa2c-479ae261124c","STEI_059.basePlot.ltr","D05","STEI","STEI_059","STEI_059_370","2016-06-10","2015-07-30","2016-05-19","2016-06-03T19:10Z","2016-09-13T21:00Z","NEON.LTR.STEI059370.20160519","NEON.LTR.STEI059370.20160519.TWI","NEON.DOC.001710vE","Twigs/branches",30.42,"N",NA,"P9hftDyV5NLbHB2gcoQF666NEvwuiXGq"
"f5c8932a-a1c1-4baf-b915-357038064ccd","STEI_059.basePlot.ltr","D05","STEI","STEI_059","STEI_059_370","2016-06-10","2015-07-30","2016-05-19","2016-06-03T19:10Z","2016-09-13T21:00Z","NEON.LTR.STEI059370.20160519","NEON.LTR.STEI059370.20160519.OTH","NEON.DOC.001710vE","Other",0,"N",NA,"P9hftDyV5NLbHB2gcoQF666NEvwuiXGq"
"e618d45b-b8ad-4059-ba92-1d5aabd9f3f5","STEI_059.basePlot.ltr","D05","STEI","STEI_059","STEI_059_370","2016-06-10","2015-07-30","2016-05-19","2016-06-03T19:10Z","2016-09-13T21:00Z","NEON.LTR.STEI059370.20160519","NEON.LTR.STEI059370.20160519.LVS","NEON.DOC.001710vE","Leaves",0,"N",NA,"P9hftDyV5NLbHB2gcoQF666NEvwuiXGq"
"bbbce7a4-632d-4234-b492-b1b2226f6e92","STEI_056.basePlot.ltr","D05","STEI","STEI_056","STEI_056_428","2016-06-10","2015-07-30","2016-05-19","2016-06-03T19:10Z","2016-09-13T21:00Z","NEON.LTR.STEI056428.20160519","NEON.LTR.STEI056428.20160519.LVS","NEON.DOC.001710vE","Leaves",0,"N",NA,"P9hftDyV5NLbHB2gcoQF666NEvwuiXGq"
"a0cf6187-1618-4a15-8795-fddf68830b81","STEI_060.basePlot.ltr","D05","STEI","STEI_060","STEI_060_061","2016-06-13","2015-10-20","2016-05-19","2016-06-03T18:50Z","2016-06-13T13:30Z","NEON.LTR.STEI060061.20160519","NEON.LTR.STEI060061.20160519.SDS","NEON.DOC.001710vE","Seeds",0.07,"N",NA,"q4jXFMRo3HvA0bmq2VSfPS/SCAqyEsJQ"
"70b491a5-320e-43f9-9752-802244c3cfe7","STEI_060.basePlot.ltr","D05","STEI","STEI_060","STEI_060_061","2016-06-13","2015-10-20","2016-05-19","2016-06-03T18:50Z","2016-06-13T13:30Z","NEON.LTR.STEI060061.20160519","NEON.LTR.STEI060061.20160519.WDY","NEON.DOC.001710vE","Woody material",0.24,"Y",NA,"q4jXFMRo3HvA0bmq2VSfPS/SCAqyEsJQ"
"c2a248bc-2000-4f89-a9df-d325e9265b14","STEI_060.basePlot.ltr","D05","STEI","STEI_060","STEI_060_061","2016-06-13","2015-10-20","2016-05-19","2016-06-03T18:50Z","2016-06-13T13:30Z","NEON.LTR.STEI060061.20160519","NEON.LTR.STEI060061.20160519.LVS","NEON.DOC.001710vE","Leaves",0.37,"N",NA,"q4jXFMRo3HvA0bmq2VSfPS/SCAqyEsJQ"
"c93e49ba-519b-4b2e-bc49-f8ab9b6ff42b","STEI_060.basePlot.ltr","D05","STEI","STEI_060","STEI_060_061","2016-06-13","2015-10-20","2016-05-19","2016-06-03T18:50Z","2016-06-13T13:30Z","NEON.LTR.STEI060061.20160519","NEON.LTR.STEI060061.20160519.OTH","NEON.DOC.001710vE","Other",0.34,"N",NA,"q4jXFMRo3HvA0bmq2VSfPS/SCAqyEsJQ"
"806bb6d7-3e77-4ed5-b13c-d1b0882cb15b","STEI_060.basePlot.ltr","D05","STEI","STEI_060","STEI_060_061","2016-06-13","2015-10-20","2016-05-19","2016-06-03T18:50Z","2016-06-13T13:30Z","NEON.LTR.STEI060061.20160519","NEON.LTR.STEI060061.20160519.TWI","NEON.DOC.001710vE","Twigs/branches",0.92,"N",NA,"q4jXFMRo3HvA0bmq2VSfPS/SCAqyEsJQ"
"9f4c3c17-ca90-4851-b8ba-d2af2bdd7071","STEI_062.basePlot.ltr","D05","STEI","STEI_062","STEI_062_452","2016-06-13","2015-10-20","2016-05-19","2016-06-03T18:50Z","2016-06-13T13:30Z","NEON.LTR.STEI062452.20160519","NEON.LTR.STEI062452.20160519.LVS","NEON.DOC.001710vE","Leaves",1.58,"Y",NA,"q4jXFMRo3HvA0bmq2VSfPS/SCAqyEsJQ"
"c78ce7be-060e-4181-a8d1-7eed762192b8","STEI_062.basePlot.ltr","D05","STEI","STEI_062","STEI_062_452","2016-06-13","2015-10-20","2016-05-19","2016-06-03T18:50Z","2016-06-13T13:30Z","NEON.LTR.STEI062452.20160519","NEON.LTR.STEI062452.20160519.TWI","NEON.DOC.001710vE","Twigs/branches",2.78,"N",NA,"q4jXFMRo3HvA0bmq2VSfPS/SCAqyEsJQ"
"b3ba5a55-e45e-4eb6-9e7e-0dabafa57545","STEI_062.basePlot.ltr","D05","STEI","STEI_062","STEI_062_452","2016-06-13","2015-10-20","2016-05-19","2016-06-03T18:50Z","2016-06-13T13:30Z","NEON.LTR.STEI062452.20160519","NEON.LTR.STEI062452.20160519.SDS","NEON.DOC.001710vE","Seeds",2.1,"N",NA,"q4jXFMRo3HvA0bmq2VSfPS/SCAqyEsJQ"
"d5298835-2824-4eea-8acc-134960946305","STEI_062.basePlot.ltr","D05","STEI","STEI_062","STEI_062_452","2016-06-13","2015-10-20","2016-05-19","2016-06-03T18:50Z","2016-06-13T13:30Z","NEON.LTR.STEI062452.20160519","NEON.LTR.STEI062452.20160519.FLR","NEON.DOC.001710vE","Flowers",8.85,"N",NA,"q4jXFMRo3HvA0bmq2VSfPS/SCAqyEsJQ"
"d9166720-c4cc-43ff-a2d9-eca9c695d84f","STEI_062.basePlot.ltr","D05","STEI","STEI_062","STEI_062_452","2016-06-13","2015-10-20","2016-05-19","2016-06-03T18:50Z","2016-06-13T13:30Z","NEON.LTR.STEI062452.20160519","NEON.LTR.STEI062452.20160519.WDY","NEON.DOC.001710vE","Woody material",0.83,"N",NA,"q4jXFMRo3HvA0bmq2VSfPS/SCAqyEsJQ"
"889f2d2f-bef3-4743-9a75-e155a8b4803b","STEI_062.basePlot.ltr","D05","STEI","STEI_062","STEI_062_452","2016-06-13","2015-10-20","2016-05-19","2016-06-03T18:50Z","2016-06-13T13:30Z","NEON.LTR.STEI062452.20160519","NEON.LTR.STEI062452.20160519.NDL","NEON.DOC.001710vE","Needles",0.0041,"Y",NA,"q4jXFMRo3HvA0bmq2VSfPS/SCAqyEsJQ"
"b2e0309e-d696-4eed-8deb-a03189bb0338","STEI_062.basePlot.ltr","D05","STEI","STEI_062","STEI_062_452","2016-06-13","2015-10-20","2016-05-19","2016-06-03T18:50Z","2016-06-13T13:30Z","NEON.LTR.STEI062452.20160519","NEON.LTR.STEI062452.20160519.OTH","NEON.DOC.001710vE","Other",1.13,"N",NA,"q4jXFMRo3HvA0bmq2VSfPS/SCAqyEsJQ"
"f64e1e48-6df3-4de4-acde-270f1829b883","STEI_046.basePlot.ltr","D05","STEI","STEI_046","STEI_046_793","2016-06-13","2015-10-20","2016-05-19","2016-06-03T18:50Z","2016-06-13T13:30Z","NEON.LTR.STEI046793.20160519","NEON.LTR.STEI046793.20160519.WDY","NEON.DOC.001710vE","Woody material",0.4,"N",NA,"q4jXFMRo3HvA0bmq2VSfPS/SCAqyEsJQ"
"2141d779-767b-4d01-987c-c4504f81419b","STEI_046.basePlot.ltr","D05","STEI","STEI_046","STEI_046_793","2016-06-13","2015-10-20","2016-05-19","2016-06-03T18:50Z","2016-06-13T13:30Z","NEON.LTR.STEI046793.20160519","NEON.LTR.STEI046793.20160519.LVS","NEON.DOC.001710vE","Leaves",2.51,"N",NA,"q4jXFMRo3HvA0bmq2VSfPS/SCAqyEsJQ"
"5d35210c-4559-48ea-9324-eade040283b6","STEI_046.basePlot.ltr","D05","STEI","STEI_046","STEI_046_793","2016-06-13","2015-10-20","2016-05-19","2016-06-03T18:50Z","2016-06-13T13:30Z","NEON.LTR.STEI046793.20160519","NEON.LTR.STEI046793.20160519.SDS","NEON.DOC.001710vE","Seeds",0,"N",NA,"q4jXFMRo3HvA0bmq2VSfPS/SCAqyEsJQ"
"4775f645-023d-488a-ab2b-5e0592f2e943","STEI_046.basePlot.ltr","D05","STEI","STEI_046","STEI_046_793","2016-06-13","2015-10-20","2016-05-19","2016-06-03T18:50Z","2016-06-13T13:30Z","NEON.LTR.STEI046793.20160519","NEON.LTR.STEI046793.20160519.NDL","NEON.DOC.001710vE","Needles",0,"N",NA,"q4jXFMRo3HvA0bmq2VSfPS/SCAqyEsJQ"
"164b637d-c3c9-41cb-b281-4c678f83771a","STEI_046.basePlot.ltr","D05","STEI","STEI_046","STEI_046_793","2016-06-13","2015-10-20","2016-05-19","2016-06-03T18:50Z","2016-06-13T13:30Z","NEON.LTR.STEI046793.20160519","NEON.LTR.STEI046793.20160519.OTH","NEON.DOC.001710vE","Other",0.58,"N",NA,"q4jXFMRo3HvA0bmq2VSfPS/SCAqyEsJQ"
"675dd138-ba1d-4801-8dcd-a322257fe70e","STEI_046.basePlot.ltr","D05","STEI","STEI_046","STEI_046_793","2016-06-13","2015-10-20","2016-05-19","2016-06-03T18:50Z","2016-06-13T13:30Z","NEON.LTR.STEI046793.20160519","NEON.LTR.STEI046793.20160519.FLR","NEON.DOC.001710vE","Flowers",1.22,"N",NA,"q4jXFMRo3HvA0bmq2VSfPS/SCAqyEsJQ"
"d649c3ea-e6e1-4724-b4c2-867d1477899c","STEI_046.basePlot.ltr","D05","STEI","STEI_046","STEI_046_793","2016-06-13","2015-10-20","2016-05-19","2016-06-03T18:50Z","2016-06-13T13:30Z","NEON.LTR.STEI046793.20160519","NEON.LTR.STEI046793.20160519.TWI","NEON.DOC.001710vE","Twigs/branches",0,"N",NA,"q4jXFMRo3HvA0bmq2VSfPS/SCAqyEsJQ"
"8ae60597-6fee-4ce2-8383-6069deab3f78","STEI_059.basePlot.ltr","D05","STEI","STEI_059","STEI_059_452","2016-06-10","2015-10-20","2016-05-19","2016-06-03T19:10Z","2016-06-10T13:30Z","NEON.LTR.STEI059452.20160519","NEON.LTR.STEI059452.20160519.SDS","NEON.DOC.001710vE","Seeds",0.03,"N",NA,"B/1XguR/VImkpiciTImn0yyrFfzGHeqw"
"37ee8e1c-9ea7-4b56-a69b-aaa7e0de2ed8","STEI_059.basePlot.ltr","D05","STEI","STEI_059","STEI_059_452","2016-06-10","2015-10-20","2016-05-19","2016-06-03T19:10Z","2016-06-10T13:30Z","NEON.LTR.STEI059452.20160519","NEON.LTR.STEI059452.20160519.OTH","NEON.DOC.001710vE","Other",0.23,"N",NA,"B/1XguR/VImkpiciTImn0yyrFfzGHeqw"
"2272dd36-9c53-4ce0-90d5-736e029e9596","STEI_059.basePlot.ltr","D05","STEI","STEI_059","STEI_059_452","2016-06-10","2015-10-20","2016-05-19","2016-06-03T19:10Z","2016-06-10T13:30Z","NEON.LTR.STEI059452.20160519","NEON.LTR.STEI059452.20160519.LVS","NEON.DOC.001710vE","Leaves",5.75,"N",NA,"B/1XguR/VImkpiciTImn0yyrFfzGHeqw"
"1c17970c-8fb9-45f3-97fd-980b5add609e","STEI_059.basePlot.ltr","D05","STEI","STEI_059","STEI_059_452","2016-06-10","2015-10-20","2016-05-19","2016-06-03T19:10Z","2016-06-10T13:30Z","NEON.LTR.STEI059452.20160519","NEON.LTR.STEI059452.20160519.WDY","NEON.DOC.001710vE","Woody material",0,"N",NA,"B/1XguR/VImkpiciTImn0yyrFfzGHeqw"
"532e8bff-35e0-49c8-91ed-9d5642c19709","STEI_059.basePlot.ltr","D05","STEI","STEI_059","STEI_059_452","2016-06-10","2015-10-20","2016-05-19","2016-06-03T19:10Z","2016-06-10T13:30Z","NEON.LTR.STEI059452.20160519","NEON.LTR.STEI059452.20160519.TWI","NEON.DOC.001710vE","Twigs/branches",4.73,"N",NA,"B/1XguR/VImkpiciTImn0yyrFfzGHeqw"
"2eef33b4-e8f7-466f-a8b6-7c549be983ef","STEI_059.basePlot.ltr","D05","STEI","STEI_059","STEI_059_452","2016-06-10","2015-10-20","2016-05-19","2016-06-03T19:10Z","2016-06-10T13:30Z","NEON.LTR.STEI059452.20160519","NEON.LTR.STEI059452.20160519.NDL","NEON.DOC.001710vE","Needles",0.005,"N",NA,"B/1XguR/VImkpiciTImn0yyrFfzGHeqw"
"1e4da229-bfec-404b-9ab6-fa491156049d","STEI_059.basePlot.ltr","D05","STEI","STEI_059","STEI_059_452","2016-06-10","2015-10-20","2016-05-19","2016-06-03T19:10Z","2016-06-10T13:30Z","NEON.LTR.STEI059452.20160519","NEON.LTR.STEI059452.20160519.FLR","NEON.DOC.001710vE","Flowers",1.07,"N",NA,"B/1XguR/VImkpiciTImn0yyrFfzGHeqw"
"8e693e1b-08c5-402f-8672-616fb0f22e50","STEI_052.basePlot.ltr","D05","STEI","STEI_052","STEI_052_607","2016-06-13","2015-10-20","2016-05-19","2016-06-03T18:50Z","2016-06-13T13:30Z","NEON.LTR.STEI052607.20160519","NEON.LTR.STEI052607.20160519.OTH","NEON.DOC.001710vE","Other",0.85,"N",NA,"q4jXFMRo3HvA0bmq2VSfPS/SCAqyEsJQ"
"aecee227-7669-4ff1-bb6c-de45b17bedab","STEI_052.basePlot.ltr","D05","STEI","STEI_052","STEI_052_607","2016-06-13","2015-10-20","2016-05-19","2016-06-03T18:50Z","2016-06-13T13:30Z","NEON.LTR.STEI052607.20160519","NEON.LTR.STEI052607.20160519.TWI","NEON.DOC.001710vE","Twigs/branches",3.16,"Y",NA,"q4jXFMRo3HvA0bmq2VSfPS/SCAqyEsJQ"
"cf1d1da6-3633-4943-b19f-6eb62e9730da","STEI_052.basePlot.ltr","D05","STEI","STEI_052","STEI_052_607","2016-06-13","2015-10-20","2016-05-19","2016-06-03T18:50Z","2016-06-13T13:30Z","NEON.LTR.STEI052607.20160519","NEON.LTR.STEI052607.20160519.WDY","NEON.DOC.001710vE","Woody material",0,"N",NA,"q4jXFMRo3HvA0bmq2VSfPS/SCAqyEsJQ"
"f60b4fa7-eb45-4780-8212-fa6fd429428f","STEI_052.basePlot.ltr","D05","STEI","STEI_052","STEI_052_607","2016-06-13","2015-10-20","2016-05-19","2016-06-03T18:50Z","2016-06-13T13:30Z","NEON.LTR.STEI052607.20160519","NEON.LTR.STEI052607.20160519.SDS","NEON.DOC.001710vE","Seeds",0,"N",NA,"q4jXFMRo3HvA0bmq2VSfPS/SCAqyEsJQ"
"4fc87421-85ec-4477-b8d6-c48f8039d0ae","STEI_052.basePlot.ltr","D05","STEI","STEI_052","STEI_052_607","2016-06-13","2015-10-20","2016-05-19","2016-06-03T18:50Z","2016-06-13T13:30Z","NEON.LTR.STEI052607.20160519","NEON.LTR.STEI052607.20160519.LVS","NEON.DOC.001710vE","Leaves",0.96,"N",NA,"q4jXFMRo3HvA0bmq2VSfPS/SCAqyEsJQ"
"1cacaf25-1a9e-45d9-b66a-49663d526e25","STEI_052.basePlot.ltr","D05","STEI","STEI_052","STEI_052_607","2016-06-13","2015-10-20","2016-05-19","2016-06-03T18:50Z","2016-06-13T13:30Z","NEON.LTR.STEI052607.20160519","NEON.LTR.STEI052607.20160519.NDL","NEON.DOC.001710vE","Needles",0,"N",NA,"q4jXFMRo3HvA0bmq2VSfPS/SCAqyEsJQ"
"79ae194b-f3dc-41f1-91a3-6d076163c3c6","STEI_052.basePlot.ltr","D05","STEI","STEI_052","STEI_052_607","2016-06-13","2015-10-20","2016-05-19","2016-06-03T18:50Z","2016-06-13T13:30Z","NEON.LTR.STEI052607.20160519","NEON.LTR.STEI052607.20160519.FLR","NEON.DOC.001710vE","Flowers",0.14,"N",NA,"q4jXFMRo3HvA0bmq2VSfPS/SCAqyEsJQ"
"6fb8efe9-d694-4017-9db4-b72f425303aa","STEI_059.basePlot.ltr","D05","STEI","STEI_059","STEI_059_139","2016-06-03","2015-10-20","2016-05-19","2016-06-03T18:50Z","2016-06-13T13:30Z","NEON.LTR.STEI059139.20160519","NEON.LTR.STEI059139.20160519.LVS","NEON.DOC.001710vE","Leaves",0.5,"N",NA,"q4jXFMRo3HvA0bmq2VSfPS/SCAqyEsJQ"
"a61bf75a-b696-453e-9708-3066b7eaa601","STEI_059.basePlot.ltr","D05","STEI","STEI_059","STEI_059_139","2016-06-03","2015-10-20","2016-05-19","2016-06-03T18:50Z","2016-06-13T13:30Z","NEON.LTR.STEI059139.20160519","NEON.LTR.STEI059139.20160519.SDS","NEON.DOC.001710vE","Seeds",0,"N",NA,"q4jXFMRo3HvA0bmq2VSfPS/SCAqyEsJQ"
"be01c788-b381-4d37-9984-d25b307568e3","STEI_059.basePlot.ltr","D05","STEI","STEI_059","STEI_059_139","2016-06-03","2015-10-20","2016-05-19","2016-06-03T18:50Z","2016-06-13T13:30Z","NEON.LTR.STEI059139.20160519","NEON.LTR.STEI059139.20160519.TWI","NEON.DOC.001710vE","Twigs/branches",0.34,"N",NA,"q4jXFMRo3HvA0bmq2VSfPS/SCAqyEsJQ"
"b142d941-148e-45c6-bb10-b4f92a9c512c","STEI_059.basePlot.ltr","D05","STEI","STEI_059","STEI_059_139","2016-06-03","2015-10-20","2016-05-19","2016-06-03T18:50Z","2016-06-13T13:30Z","NEON.LTR.STEI059139.20160519","NEON.LTR.STEI059139.20160519.OTH","NEON.DOC.001710vE","Other",0.15,"N",NA,"q4jXFMRo3HvA0bmq2VSfPS/SCAqyEsJQ"
"0d29190e-d98b-47a7-9b11-c1d45dc94e6b","STEI_059.basePlot.ltr","D05","STEI","STEI_059","STEI_059_139","2016-06-03","2015-10-20","2016-05-19","2016-06-03T18:50Z","2016-06-13T13:30Z","NEON.LTR.STEI059139.20160519","NEON.LTR.STEI059139.20160519.FLR","NEON.DOC.001710vE","Flowers",0.26,"N",NA,"q4jXFMRo3HvA0bmq2VSfPS/SCAqyEsJQ"
"bc14598a-3350-4d32-ac5e-a1ac24f2a208","STEI_057.basePlot.ltr","D05","STEI","STEI_057","STEI_057_901","2016-06-13","2015-10-20","2016-05-19","2016-06-03T18:50Z","2016-06-13T13:30Z","NEON.LTR.STEI057901.20160519","NEON.LTR.STEI057901.20160519.SDS","NEON.DOC.001710vE","Seeds",0,"N",NA,"q4jXFMRo3HvA0bmq2VSfPS/SCAqyEsJQ"
"299fbf36-0fb5-49e8-9287-b842bc9c5bb9","STEI_061.basePlot.ltr","D05","STEI","STEI_061","STEI_061_507","2016-06-13","2015-10-20","2016-05-19","2016-06-03T18:50Z","2016-06-13T13:30Z","NEON.LTR.STEI061507.20160519","NEON.LTR.STEI061507.20160519.WDY","NEON.DOC.001710vE","Woody material",0.34,"N",NA,"q4jXFMRo3HvA0bmq2VSfPS/SCAqyEsJQ"
"71b6e55c-9db1-47cf-bf53-389b3892fd5c","STEI_059.basePlot.ltr","D05","STEI","STEI_059","STEI_059_139","2016-06-03","2015-10-20","2016-05-19","2016-06-03T18:50Z","2016-06-13T13:30Z","NEON.LTR.STEI059139.20160519","NEON.LTR.STEI059139.20160519.WDY","NEON.DOC.001710vE","Woody material",0.05,"N",NA,"q4jXFMRo3HvA0bmq2VSfPS/SCAqyEsJQ"
"6229bf3e-11b6-4e0a-b8a6-5cffd5e17192","STEI_057.basePlot.ltr","D05","STEI","STEI_057","STEI_057_901","2016-06-13","2015-10-20","2016-05-19","2016-06-03T18:50Z","2016-06-13T13:30Z","NEON.LTR.STEI057901.20160519","NEON.LTR.STEI057901.20160519.OTH","NEON.DOC.001710vE","Other",0.13,"N",NA,"q4jXFMRo3HvA0bmq2VSfPS/SCAqyEsJQ"
"55cc8cdf-3890-4280-8da2-5f75bc2792cf","STEI_057.basePlot.ltr","D05","STEI","STEI_057","STEI_057_901","2016-06-13","2015-10-20","2016-05-19","2016-06-03T18:50Z","2016-06-13T13:30Z","NEON.LTR.STEI057901.20160519","NEON.LTR.STEI057901.20160519.NDL","NEON.DOC.001710vE","Needles",0.01,"N",NA,"q4jXFMRo3HvA0bmq2VSfPS/SCAqyEsJQ"
"db4bcc85-6a61-4722-b343-65ac4252e6af","STEI_057.basePlot.ltr","D05","STEI","STEI_057","STEI_057_901","2016-06-13","2015-10-20","2016-05-19","2016-06-03T18:50Z","2016-06-13T13:30Z","NEON.LTR.STEI057901.20160519","NEON.LTR.STEI057901.20160519.TWI","NEON.DOC.001710vE","Twigs/branches",0.46,"N",NA,"q4jXFMRo3HvA0bmq2VSfPS/SCAqyEsJQ"
"4e3dde33-90a5-425a-8b13-18dc00c57ed4","STEI_057.basePlot.ltr","D05","STEI","STEI_057","STEI_057_901","2016-06-13","2015-10-20","2016-05-19","2016-06-03T18:50Z","2016-06-13T13:30Z","NEON.LTR.STEI057901.20160519","NEON.LTR.STEI057901.20160519.LVS","NEON.DOC.001710vE","Leaves",0.43,"Y",NA,"q4jXFMRo3HvA0bmq2VSfPS/SCAqyEsJQ"
"3c5b94f1-f439-4789-af9f-703c5e81a672","STEI_057.basePlot.ltr","D05","STEI","STEI_057","STEI_057_901","2016-06-13","2015-10-20","2016-05-19","2016-06-03T18:50Z","2016-06-13T13:30Z","NEON.LTR.STEI057901.20160519","NEON.LTR.STEI057901.20160519.WDY","NEON.DOC.001710vE","Woody material",0.06,"N",NA,"q4jXFMRo3HvA0bmq2VSfPS/SCAqyEsJQ"
"575b9d26-d307-4ed6-96d3-b41e22104ca1","STEI_057.basePlot.ltr","D05","STEI","STEI_057","STEI_057_901","2016-06-13","2015-10-20","2016-05-19","2016-06-03T18:50Z","2016-06-13T13:30Z","NEON.LTR.STEI057901.20160519","NEON.LTR.STEI057901.20160519.FLR","NEON.DOC.001710vE","Flowers",0.07,"N",NA,"q4jXFMRo3HvA0bmq2VSfPS/SCAqyEsJQ"
"7f86e1b8-bcad-4e53-9f3a-e583cdd813b8","STEI_054.basePlot.ltr","D05","STEI","STEI_054","STEI_054_372","2016-06-13","2015-10-20","2016-05-19","2016-06-03T18:50Z","2016-06-13T13:30Z","NEON.LTR.STEI054372.20160519","NEON.LTR.STEI054372.20160519.FLR","NEON.DOC.001710vE","Flowers",2.29,"N",NA,"q4jXFMRo3HvA0bmq2VSfPS/SCAqyEsJQ"
"e09d8dcd-c162-407c-8d61-620c47e85509","STEI_054.basePlot.ltr","D05","STEI","STEI_054","STEI_054_372","2016-06-13","2015-10-20","2016-05-19","2016-06-03T18:50Z","2016-06-13T13:30Z","NEON.LTR.STEI054372.20160519","NEON.LTR.STEI054372.20160519.LVS","NEON.DOC.001710vE","Leaves",5.57,"N",NA,"q4jXFMRo3HvA0bmq2VSfPS/SCAqyEsJQ"
"f0740a13-2fb3-44eb-be5d-3bf2529162e5","STEI_054.basePlot.ltr","D05","STEI","STEI_054","STEI_054_372","2016-06-13","2015-10-20","2016-05-19","2016-06-03T18:50Z","2016-06-13T13:30Z","NEON.LTR.STEI054372.20160519","NEON.LTR.STEI054372.20160519.OTH","NEON.DOC.001710vE","Other",3.32,"N",NA,"q4jXFMRo3HvA0bmq2VSfPS/SCAqyEsJQ"
"6635ec46-05f0-4b10-ac20-e7a66cb6bc3b","STEI_054.basePlot.ltr","D05","STEI","STEI_054","STEI_054_372","2016-06-13","2015-10-20","2016-05-19","2016-06-03T18:50Z","2016-06-13T13:30Z","NEON.LTR.STEI054372.20160519","NEON.LTR.STEI054372.20160519.NDL","NEON.DOC.001710vE","Needles",0.05,"N",NA,"q4jXFMRo3HvA0bmq2VSfPS/SCAqyEsJQ"
"8f567951-8ba7-43b9-89e7-89ee24ea906c","STEI_054.basePlot.ltr","D05","STEI","STEI_054","STEI_054_372","2016-06-13","2015-10-20","2016-05-19","2016-06-03T18:50Z","2016-06-13T13:30Z","NEON.LTR.STEI054372.20160519","NEON.LTR.STEI054372.20160519.TWI","NEON.DOC.001710vE","Twigs/branches",65.71,"N",NA,"q4jXFMRo3HvA0bmq2VSfPS/SCAqyEsJQ"
"1160ea46-ee8d-4f54-abda-41a3b69da67b","STEI_054.basePlot.ltr","D05","STEI","STEI_054","STEI_054_372","2016-06-13","2015-10-20","2016-05-19","2016-06-03T18:50Z","2016-06-13T13:30Z","NEON.LTR.STEI054372.20160519","NEON.LTR.STEI054372.20160519.WDY","NEON.DOC.001710vE","Woody material",2.36,"N",NA,"q4jXFMRo3HvA0bmq2VSfPS/SCAqyEsJQ"
"6049ad81-33b9-4aa3-b6a6-91346653d218","STEI_054.basePlot.ltr","D05","STEI","STEI_054","STEI_054_372","2016-06-13","2015-10-20","2016-05-19","2016-06-03T18:50Z","2016-06-13T13:30Z","NEON.LTR.STEI054372.20160519","NEON.LTR.STEI054372.20160519.SDS","NEON.DOC.001710vE","Seeds",0.005,"N",NA,"q4jXFMRo3HvA0bmq2VSfPS/SCAqyEsJQ"
"1edc3628-4910-41bb-8566-705cf6135937","STEI_050.basePlot.ltr","D05","STEI","STEI_050","STEI_050_185","2016-06-13","2015-10-20","2016-05-19","2016-06-03T18:50Z","2016-06-13T13:30Z","NEON.LTR.STEI050185.20160519","NEON.LTR.STEI050185.20160519.SDS","NEON.DOC.001710vE","Seeds",0,"N",NA,"q4jXFMRo3HvA0bmq2VSfPS/SCAqyEsJQ"
"2003e1a2-d22e-4909-ac41-766d6ca1e6a5","STEI_050.basePlot.ltr","D05","STEI","STEI_050","STEI_050_185","2016-06-13","2015-10-20","2016-05-19","2016-06-03T18:50Z","2016-06-13T13:30Z","NEON.LTR.STEI050185.20160519","NEON.LTR.STEI050185.20160519.LVS","NEON.DOC.001710vE","Leaves",0.35,"Y",NA,"q4jXFMRo3HvA0bmq2VSfPS/SCAqyEsJQ"
"e22afafd-3350-4508-9020-aba50d6b4ab9","STEI_050.basePlot.ltr","D05","STEI","STEI_050","STEI_050_185","2016-06-13","2015-10-20","2016-05-19","2016-06-03T18:50Z","2016-06-13T13:30Z","NEON.LTR.STEI050185.20160519","NEON.LTR.STEI050185.20160519.OTH","NEON.DOC.001710vE","Other",0,"N",NA,"q4jXFMRo3HvA0bmq2VSfPS/SCAqyEsJQ"
"9da49c36-13bb-4dab-9aad-ff3dd7a7da9a","STEI_050.basePlot.ltr","D05","STEI","STEI_050","STEI_050_185","2016-06-13","2015-10-20","2016-05-19","2016-06-03T18:50Z","2016-06-13T13:30Z","NEON.LTR.STEI050185.20160519","NEON.LTR.STEI050185.20160519.WDY","NEON.DOC.001710vE","Woody material",0,"N",NA,"q4jXFMRo3HvA0bmq2VSfPS/SCAqyEsJQ"
"0010b026-4a86-4381-ad77-f563d2bf9a62","STEI_050.basePlot.ltr","D05","STEI","STEI_050","STEI_050_185","2016-06-13","2015-10-20","2016-05-19","2016-06-03T18:50Z","2016-06-13T13:30Z","NEON.LTR.STEI050185.20160519","NEON.LTR.STEI050185.20160519.FLR","NEON.DOC.001710vE","Flowers",0,"N",NA,"q4jXFMRo3HvA0bmq2VSfPS/SCAqyEsJQ"
"cb828134-41b3-4ce9-9aa1-c0d2f4e27d78","STEI_050.basePlot.ltr","D05","STEI","STEI_050","STEI_050_185","2016-06-13","2015-10-20","2016-05-19","2016-06-03T18:50Z","2016-06-13T13:30Z","NEON.LTR.STEI050185.20160519","NEON.LTR.STEI050185.20160519.NDL","NEON.DOC.001710vE","Needles",0.005,"N",NA,"q4jXFMRo3HvA0bmq2VSfPS/SCAqyEsJQ"
"071fc7c7-a9be-4a4a-868c-ab34c3bd0fb9","STEI_050.basePlot.ltr","D05","STEI","STEI_050","STEI_050_185","2016-06-13","2015-10-20","2016-05-19","2016-06-03T18:50Z","2016-06-13T13:30Z","NEON.LTR.STEI050185.20160519","NEON.LTR.STEI050185.20160519.TWI","NEON.DOC.001710vE","Twigs/branches",0.58,"N",NA,"q4jXFMRo3HvA0bmq2VSfPS/SCAqyEsJQ"
"8b153e7e-c94a-4af9-a7f9-5aabd759f1e5","STEI_061.basePlot.ltr","D05","STEI","STEI_061","STEI_061_507","2016-06-13","2015-10-20","2016-05-19","2016-06-03T18:50Z","2016-06-13T13:30Z","NEON.LTR.STEI061507.20160519","NEON.LTR.STEI061507.20160519.SDS","NEON.DOC.001710vE","Seeds",0.005,"N",NA,"q4jXFMRo3HvA0bmq2VSfPS/SCAqyEsJQ"
"925856fc-0914-4931-bcec-a20ce28c2e60","STEI_061.basePlot.ltr","D05","STEI","STEI_061","STEI_061_507","2016-06-13","2015-10-20","2016-05-19","2016-06-03T18:50Z","2016-06-13T13:30Z","NEON.LTR.STEI061507.20160519","NEON.LTR.STEI061507.20160519.TWI","NEON.DOC.001710vE","Twigs/branches",6.88,"Y",NA,"q4jXFMRo3HvA0bmq2VSfPS/SCAqyEsJQ"
"9af15f2a-cc5d-4645-b1a7-9f3b710b5ddf","STEI_061.basePlot.ltr","D05","STEI","STEI_061","STEI_061_507","2016-06-13","2015-10-20","2016-05-19","2016-06-03T18:50Z","2016-06-13T13:30Z","NEON.LTR.STEI061507.20160519","NEON.LTR.STEI061507.20160519.FLR","NEON.DOC.001710vE","Flowers",0.005,"N",NA,"q4jXFMRo3HvA0bmq2VSfPS/SCAqyEsJQ"
"1b32451a-d6e2-42c6-b753-b016c4113f9e","STEI_061.basePlot.ltr","D05","STEI","STEI_061","STEI_061_507","2016-06-13","2015-10-20","2016-05-19","2016-06-03T18:50Z","2016-06-13T13:30Z","NEON.LTR.STEI061507.20160519","NEON.LTR.STEI061507.20160519.NDL","NEON.DOC.001710vE","Needles",0.01,"N",NA,"q4jXFMRo3HvA0bmq2VSfPS/SCAqyEsJQ"
"12ff40a9-b44f-41d4-8a71-ed4beb3fd258","STEI_061.basePlot.ltr","D05","STEI","STEI_061","STEI_061_507","2016-06-13","2015-10-20","2016-05-19","2016-06-03T18:50Z","2016-06-13T13:30Z","NEON.LTR.STEI061507.20160519","NEON.LTR.STEI061507.20160519.OTH","NEON.DOC.001710vE","Other",0.72,"N",NA,"q4jXFMRo3HvA0bmq2VSfPS/SCAqyEsJQ"
"846d9758-d9d4-45f3-a0d4-8064d0eb4b33","STEI_061.basePlot.ltr","D05","STEI","STEI_061","STEI_061_507","2016-06-13","2015-10-20","2016-05-19","2016-06-03T18:50Z","2016-06-13T13:30Z","NEON.LTR.STEI061507.20160519","NEON.LTR.STEI061507.20160519.LVS","NEON.DOC.001710vE","Leaves",1.55,"N",NA,"q4jXFMRo3HvA0bmq2VSfPS/SCAqyEsJQ"
"4711fef6-d55c-4a03-af54-ea291b35d965","STEI_051.basePlot.ltr","D05","STEI","STEI_051","STEI_051_076","2016-06-13","2015-10-20","2016-05-19","2016-06-03T18:50Z","2016-06-13T13:30Z","NEON.LTR.STEI051076.20160519","NEON.LTR.STEI051076.20160519.NDL","NEON.DOC.001710vE","Needles",0.05,"N",NA,"q4jXFMRo3HvA0bmq2VSfPS/SCAqyEsJQ"
"e0aa50ba-9c15-43f7-95b6-ffb847adc1de","STEI_051.basePlot.ltr","D05","STEI","STEI_051","STEI_051_076","2016-06-13","2015-10-20","2016-05-19","2016-06-03T18:50Z","2016-06-13T13:30Z","NEON.LTR.STEI051076.20160519","NEON.LTR.STEI051076.20160519.TWI","NEON.DOC.001710vE","Twigs/branches",0.62,"N",NA,"q4jXFMRo3HvA0bmq2VSfPS/SCAqyEsJQ"
"64c06844-17a2-4f85-985e-a57ae211d061","STEI_051.basePlot.ltr","D05","STEI","STEI_051","STEI_051_076","2016-06-13","2015-10-20","2016-05-19","2016-06-03T18:50Z","2016-06-13T13:30Z","NEON.LTR.STEI051076.20160519","NEON.LTR.STEI051076.20160519.LVS","NEON.DOC.001710vE","Leaves",0.36,"N",NA,"q4jXFMRo3HvA0bmq2VSfPS/SCAqyEsJQ"
"887b8b1b-1db9-4c57-b16b-6cbc567c9d11","STEI_051.basePlot.ltr","D05","STEI","STEI_051","STEI_051_076","2016-06-13","2015-10-20","2016-05-19","2016-06-03T18:50Z","2016-06-13T13:30Z","NEON.LTR.STEI051076.20160519","NEON.LTR.STEI051076.20160519.WDY","NEON.DOC.001710vE","Woody material",0.005,"N",NA,"q4jXFMRo3HvA0bmq2VSfPS/SCAqyEsJQ"
"1d79af71-5d84-4881-aba7-4e4573231fce","STEI_051.basePlot.ltr","D05","STEI","STEI_051","STEI_051_076","2016-06-13","2015-10-20","2016-05-19","2016-06-03T18:50Z","2016-06-13T13:30Z","NEON.LTR.STEI051076.20160519","NEON.LTR.STEI051076.20160519.FLR","NEON.DOC.001710vE","Flowers",5.99,"Y",NA,"q4jXFMRo3HvA0bmq2VSfPS/SCAqyEsJQ"
"ad368880-bf37-4797-87ed-8728a3ea6975","STEI_051.basePlot.ltr","D05","STEI","STEI_051","STEI_051_076","2016-06-13","2015-10-20","2016-05-19","2016-06-03T18:50Z","2016-06-13T13:30Z","NEON.LTR.STEI051076.20160519","NEON.LTR.STEI051076.20160519.SDS","NEON.DOC.001710vE","Seeds",0.06,"N",NA,"q4jXFMRo3HvA0bmq2VSfPS/SCAqyEsJQ"
"9d3a2c5d-25d3-48ef-87f7-d06e768586a5","STEI_051.basePlot.ltr","D05","STEI","STEI_051","STEI_051_076","2016-06-13","2015-10-20","2016-05-19","2016-06-03T18:50Z","2016-06-13T13:30Z","NEON.LTR.STEI051076.20160519","NEON.LTR.STEI051076.20160519.OTH","NEON.DOC.001710vE","Other",0.04,"N",NA,"q4jXFMRo3HvA0bmq2VSfPS/SCAqyEsJQ"
"46b6f211-348a-42d9-b974-0ab968a59304","STEI_058.basePlot.ltr","D05","STEI","STEI_058","STEI_058_702","2016-06-13","2015-10-20","2016-05-19","2016-06-03T18:50Z","2016-06-13T13:30Z","NEON.LTR.STEI058702.20160519","NEON.LTR.STEI058702.20160519.NDL","NEON.DOC.001710vE","Needles",0.005,"N",NA,"q4jXFMRo3HvA0bmq2VSfPS/SCAqyEsJQ"
"349e265c-f4a1-44a1-83bc-282a867eb5ef","STEI_058.basePlot.ltr","D05","STEI","STEI_058","STEI_058_702","2016-06-13","2015-10-20","2016-05-19","2016-06-03T18:50Z","2016-06-13T13:30Z","NEON.LTR.STEI058702.20160519","NEON.LTR.STEI058702.20160519.TWI","NEON.DOC.001710vE","Twigs/branches",1.24,"Y",NA,"q4jXFMRo3HvA0bmq2VSfPS/SCAqyEsJQ"
"73a323b1-4688-4c4c-a157-00105208e579","STEI_058.basePlot.ltr","D05","STEI","STEI_058","STEI_058_702","2016-06-13","2015-10-20","2016-05-19","2016-06-03T18:50Z","2016-06-13T13:30Z","NEON.LTR.STEI058702.20160519","NEON.LTR.STEI058702.20160519.WDY","NEON.DOC.001710vE","Woody material",0,"N",NA,"q4jXFMRo3HvA0bmq2VSfPS/SCAqyEsJQ"
"dc10d562-c9a2-4f18-a26a-f1c6cda5c845","STEI_058.basePlot.ltr","D05","STEI","STEI_058","STEI_058_702","2016-06-13","2015-10-20","2016-05-19","2016-06-03T18:50Z","2016-06-13T13:30Z","NEON.LTR.STEI058702.20160519","NEON.LTR.STEI058702.20160519.LVS","NEON.DOC.001710vE","Leaves",0.13,"Y",NA,"q4jXFMRo3HvA0bmq2VSfPS/SCAqyEsJQ"
"db81479c-2007-4f3c-96f7-c2b8e487a882","STEI_058.basePlot.ltr","D05","STEI","STEI_058","STEI_058_702","2016-06-13","2015-10-20","2016-05-19","2016-06-03T18:50Z","2016-06-13T13:30Z","NEON.LTR.STEI058702.20160519","NEON.LTR.STEI058702.20160519.SDS","NEON.DOC.001710vE","Seeds",0,"N",NA,"q4jXFMRo3HvA0bmq2VSfPS/SCAqyEsJQ"
"6efe3ca9-a6bd-4c21-9b92-86cfb8c9b4a6","STEI_058.basePlot.ltr","D05","STEI","STEI_058","STEI_058_702","2016-06-13","2015-10-20","2016-05-19","2016-06-03T18:50Z","2016-06-13T13:30Z","NEON.LTR.STEI058702.20160519","NEON.LTR.STEI058702.20160519.FLR","NEON.DOC.001710vE","Flowers",0.51,"N",NA,"q4jXFMRo3HvA0bmq2VSfPS/SCAqyEsJQ"
"0b14f0a5-d9b9-42f2-9ae2-6ad9df07247f","STEI_058.basePlot.ltr","D05","STEI","STEI_058","STEI_058_702","2016-06-13","2015-10-20","2016-05-19","2016-06-03T18:50Z","2016-06-13T13:30Z","NEON.LTR.STEI058702.20160519","NEON.LTR.STEI058702.20160519.OTH","NEON.DOC.001710vE","Other",0.19,"N",NA,"q4jXFMRo3HvA0bmq2VSfPS/SCAqyEsJQ"
"f51c7209-6661-45ce-b87d-e15950d4bf5b","STEI_053.basePlot.ltr","D05","STEI","STEI_053","STEI_053_597","2016-06-10","2015-10-20","2016-05-19","2016-06-03T18:50Z","2016-06-13T13:30Z","NEON.LTR.STEI053597.20160519","NEON.LTR.STEI053597.20160519.TWI","NEON.DOC.001710vE","Twigs/branches",1.62,"N",NA,"q4jXFMRo3HvA0bmq2VSfPS/SCAqyEsJQ"
"7a187504-2da1-4cfa-a3e1-e38d6c1c5c7e","STEI_053.basePlot.ltr","D05","STEI","STEI_053","STEI_053_597","2016-06-10","2015-10-20","2016-05-19","2016-06-03T18:50Z","2016-06-13T13:30Z","NEON.LTR.STEI053597.20160519","NEON.LTR.STEI053597.20160519.LVS","NEON.DOC.001710vE","Leaves",0.5,"N",NA,"q4jXFMRo3HvA0bmq2VSfPS/SCAqyEsJQ"
"4efa8393-0737-4cee-91df-ad0ee5e75439","STEI_053.basePlot.ltr","D05","STEI","STEI_053","STEI_053_597","2016-06-10","2015-10-20","2016-05-19","2016-06-03T18:50Z","2016-06-13T13:30Z","NEON.LTR.STEI053597.20160519","NEON.LTR.STEI053597.20160519.SDS","NEON.DOC.001710vE","Seeds",0.005,"N",NA,"q4jXFMRo3HvA0bmq2VSfPS/SCAqyEsJQ"
"111a721f-5d29-4b1a-94ce-ddba1bddfcc6","STEI_053.basePlot.ltr","D05","STEI","STEI_053","STEI_053_597","2016-06-10","2015-10-20","2016-05-19","2016-06-03T18:50Z","2016-06-13T13:30Z","NEON.LTR.STEI053597.20160519","NEON.LTR.STEI053597.20160519.OTH","NEON.DOC.001710vE","Other",0.93,"N",NA,"q4jXFMRo3HvA0bmq2VSfPS/SCAqyEsJQ"
"dcf6b78d-9d27-4375-b68a-f69a575a40b4","STEI_053.basePlot.ltr","D05","STEI","STEI_053","STEI_053_597","2016-06-10","2015-10-20","2016-05-19","2016-06-03T18:50Z","2016-06-13T13:30Z","NEON.LTR.STEI053597.20160519","NEON.LTR.STEI053597.20160519.WDY","NEON.DOC.001710vE","Woody material",0.07,"N",NA,"q4jXFMRo3HvA0bmq2VSfPS/SCAqyEsJQ"
"71aff65d-f9d0-4225-b4df-ececef6150f0","STEI_053.basePlot.ltr","D05","STEI","STEI_053","STEI_053_597","2016-06-10","2015-10-20","2016-05-19","2016-06-03T18:50Z","2016-06-13T13:30Z","NEON.LTR.STEI053597.20160519","NEON.LTR.STEI053597.20160519.NDL","NEON.DOC.001710vE","Needles",0.005,"N",NA,"q4jXFMRo3HvA0bmq2VSfPS/SCAqyEsJQ"
"780f1149-47c3-43d9-865e-a7b1338e61a1","STEI_053.basePlot.ltr","D05","STEI","STEI_053","STEI_053_597","2016-06-10","2015-10-20","2016-05-19","2016-06-03T18:50Z","2016-06-13T13:30Z","NEON.LTR.STEI053597.20160519","NEON.LTR.STEI053597.20160519.FLR","NEON.DOC.001710vE","Flowers",0.02,"N",NA,"q4jXFMRo3HvA0bmq2VSfPS/SCAqyEsJQ"
"058676f9-9bbe-497b-b2c2-ca94dd44fb42","STEI_050.basePlot.ltr","D05","STEI","STEI_050","STEI_050_291","2016-06-13","2015-10-20","2016-05-19","2016-06-03T18:50Z","2016-06-13T13:30Z","NEON.LTR.STEI050291.20160519","NEON.LTR.STEI050291.20160519.OTH","NEON.DOC.001710vE","Other",0.51,"N",NA,"q4jXFMRo3HvA0bmq2VSfPS/SCAqyEsJQ"
"fb6129c1-531d-48eb-8d60-909293021d17","STEI_050.basePlot.ltr","D05","STEI","STEI_050","STEI_050_291","2016-06-13","2015-10-20","2016-05-19","2016-06-03T18:50Z","2016-06-13T13:30Z","NEON.LTR.STEI050291.20160519","NEON.LTR.STEI050291.20160519.FLR","NEON.DOC.001710vE","Flowers",0,"N",NA,"q4jXFMRo3HvA0bmq2VSfPS/SCAqyEsJQ"
"cbe7d58c-81a6-47c8-9e2f-0fb64c895de3","STEI_050.basePlot.ltr","D05","STEI","STEI_050","STEI_050_291","2016-06-13","2015-10-20","2016-05-19","2016-06-03T18:50Z","2016-06-13T13:30Z","NEON.LTR.STEI050291.20160519","NEON.LTR.STEI050291.20160519.NDL","NEON.DOC.001710vE","Needles",0.04,"N",NA,"q4jXFMRo3HvA0bmq2VSfPS/SCAqyEsJQ"
"7e543d31-116f-4a94-a02b-076c3194cba7","STEI_050.basePlot.ltr","D05","STEI","STEI_050","STEI_050_291","2016-06-13","2015-10-20","2016-05-19","2016-06-03T18:50Z","2016-06-13T13:30Z","NEON.LTR.STEI050291.20160519","NEON.LTR.STEI050291.20160519.WDY","NEON.DOC.001710vE","Woody material",0,"N",NA,"q4jXFMRo3HvA0bmq2VSfPS/SCAqyEsJQ"
"b829baca-390b-4270-8876-769438de0d83","STEI_050.basePlot.ltr","D05","STEI","STEI_050","STEI_050_291","2016-06-13","2015-10-20","2016-05-19","2016-06-03T18:50Z","2016-06-13T13:30Z","NEON.LTR.STEI050291.20160519","NEON.LTR.STEI050291.20160519.LVS","NEON.DOC.001710vE","Leaves",3.07,"N",NA,"q4jXFMRo3HvA0bmq2VSfPS/SCAqyEsJQ"
"a20b7a31-929b-44a3-bc51-5e8284c79a92","STEI_050.basePlot.ltr","D05","STEI","STEI_050","STEI_050_291","2016-06-13","2015-10-20","2016-05-19","2016-06-03T18:50Z","2016-06-13T13:30Z","NEON.LTR.STEI050291.20160519","NEON.LTR.STEI050291.20160519.TWI","NEON.DOC.001710vE","Twigs/branches",0.13,"N",NA,"q4jXFMRo3HvA0bmq2VSfPS/SCAqyEsJQ"
"c9fc652b-bc2b-4e7a-bcd7-07010729c06c","STEI_050.basePlot.ltr","D05","STEI","STEI_050","STEI_050_291","2016-06-13","2015-10-20","2016-05-19","2016-06-03T18:50Z","2016-06-13T13:30Z","NEON.LTR.STEI050291.20160519","NEON.LTR.STEI050291.20160519.SDS","NEON.DOC.001710vE","Seeds",0,"N",NA,"q4jXFMRo3HvA0bmq2VSfPS/SCAqyEsJQ"
"bbcdfb5a-d9fc-4b05-99d7-6f526b36de07","STEI_060.basePlot.ltr","D05","STEI","STEI_060","STEI_060_061","2016-06-13","2015-10-20","2016-05-19","2016-06-03T18:50Z","2016-06-13T13:30Z","NEON.LTR.STEI060061.20160519","NEON.LTR.STEI060061.20160519.FLR","NEON.DOC.001710vE","Flowers",0.59,"N",NA,"q4jXFMRo3HvA0bmq2VSfPS/SCAqyEsJQ"
"26245039-b269-416a-a00a-8bf19bb9964c","STEI_060.basePlot.ltr","D05","STEI","STEI_060","STEI_060_061","2016-06-13","2015-10-20","2016-05-19","2016-06-03T18:50Z","2016-06-13T13:30Z","NEON.LTR.STEI060061.20160519","NEON.LTR.STEI060061.20160519.NDL","NEON.DOC.001710vE","Needles",0.83,"N",NA,"q4jXFMRo3HvA0bmq2VSfPS/SCAqyEsJQ"
"2785b20f-ccf3-4880-8de5-26bb03ead04f","STEI_051.basePlot.ltr","D05","STEI","STEI_051","STEI_051_885","2016-06-13","2015-10-20","2016-05-19","2016-06-03T18:50Z","2016-06-13T13:30Z","NEON.LTR.STEI051885.20160519","NEON.LTR.STEI051885.20160519.TWI","NEON.DOC.001710vE","Twigs/branches",0,"N",NA,"q4jXFMRo3HvA0bmq2VSfPS/SCAqyEsJQ"
"7122309e-39ff-4a24-9748-a88e4d6d1211","STEI_051.basePlot.ltr","D05","STEI","STEI_051","STEI_051_885","2016-06-13","2015-10-20","2016-05-19","2016-06-03T18:50Z","2016-06-13T13:30Z","NEON.LTR.STEI051885.20160519","NEON.LTR.STEI051885.20160519.NDL","NEON.DOC.001710vE","Needles",0.005,"N",NA,"q4jXFMRo3HvA0bmq2VSfPS/SCAqyEsJQ"
"6d4879bd-9644-44dc-bf20-6189708d37bb","STEI_051.basePlot.ltr","D05","STEI","STEI_051","STEI_051_885","2016-06-13","2015-10-20","2016-05-19","2016-06-03T18:50Z","2016-06-13T13:30Z","NEON.LTR.STEI051885.20160519","NEON.LTR.STEI051885.20160519.OTH","NEON.DOC.001710vE","Other",0.66,"N",NA,"q4jXFMRo3HvA0bmq2VSfPS/SCAqyEsJQ"
"98981a29-a114-4ab0-9e24-062907cbc85a","STEI_051.basePlot.ltr","D05","STEI","STEI_051","STEI_051_885","2016-06-13","2015-10-20","2016-05-19","2016-06-03T18:50Z","2016-06-13T13:30Z","NEON.LTR.STEI051885.20160519","NEON.LTR.STEI051885.20160519.WDY","NEON.DOC.001710vE","Woody material",0,"N",NA,"q4jXFMRo3HvA0bmq2VSfPS/SCAqyEsJQ"
"3c9109f4-de4a-4efe-ac48-869962fb0dae","STEI_056.basePlot.ltr","D05","STEI","STEI_056","STEI_056_808","2016-06-13","2015-10-20","2016-05-19","2016-06-03T18:50Z","2016-06-14T01:30Z","NEON.LTR.STEI056808.20160519","NEON.LTR.STEI056808.20160519.LVS","NEON.DOC.001710vE","Leaves",6.04,"N",NA,"q4jXFMRo3HvA0bmq2VSfPS/SCAqyEsJQ"
"3a030d52-d4e6-4e40-bc05-570d025c1be3","STEI_056.basePlot.ltr","D05","STEI","STEI_056","STEI_056_808","2016-06-13","2015-10-20","2016-05-19","2016-06-03T18:50Z","2016-06-14T01:30Z","NEON.LTR.STEI056808.20160519","NEON.LTR.STEI056808.20160519.FLR","NEON.DOC.001710vE","Flowers",0,"N",NA,"q4jXFMRo3HvA0bmq2VSfPS/SCAqyEsJQ"
"7685f6de-f229-488e-a387-62ccf6e997f0","STEI_051.basePlot.ltr","D05","STEI","STEI_051","STEI_051_885","2016-06-13","2015-10-20","2016-05-19","2016-06-03T18:50Z","2016-06-13T13:30Z","NEON.LTR.STEI051885.20160519","NEON.LTR.STEI051885.20160519.FLR","NEON.DOC.001710vE","Flowers",4.27,"N",NA,"q4jXFMRo3HvA0bmq2VSfPS/SCAqyEsJQ"
"1fbad081-c26c-41a9-b65b-2fe9fbeffb45","STEI_056.basePlot.ltr","D05","STEI","STEI_056","STEI_056_808","2016-06-13","2015-10-20","2016-05-19","2016-06-03T18:50Z","2016-06-14T01:30Z","NEON.LTR.STEI056808.20160519","NEON.LTR.STEI056808.20160519.TWI","NEON.DOC.001710vE","Twigs/branches",1.89,"N",NA,"q4jXFMRo3HvA0bmq2VSfPS/SCAqyEsJQ"
"6b27d50d-6403-4880-9c36-ee90ed8f5830","STEI_056.basePlot.ltr","D05","STEI","STEI_056","STEI_056_808","2016-06-13","2015-10-20","2016-05-19","2016-06-03T18:50Z","2016-06-14T01:30Z","NEON.LTR.STEI056808.20160519","NEON.LTR.STEI056808.20160519.SDS","NEON.DOC.001710vE","Seeds",0,"N",NA,"q4jXFMRo3HvA0bmq2VSfPS/SCAqyEsJQ"
"73925578-0285-4d23-ae0e-f11cb79b4f23","STEI_056.basePlot.ltr","D05","STEI","STEI_056","STEI_056_808","2016-06-13","2015-10-20","2016-05-19","2016-06-03T18:50Z","2016-06-14T01:30Z","NEON.LTR.STEI056808.20160519","NEON.LTR.STEI056808.20160519.WDY","NEON.DOC.001710vE","Woody material",0,"N",NA,"q4jXFMRo3HvA0bmq2VSfPS/SCAqyEsJQ"
"ab5c26bf-50d9-425a-96aa-2acd9da4b104","STEI_056.basePlot.ltr","D05","STEI","STEI_056","STEI_056_808","2016-06-13","2015-10-20","2016-05-19","2016-06-03T18:50Z","2016-06-14T01:30Z","NEON.LTR.STEI056808.20160519","NEON.LTR.STEI056808.20160519.OTH","NEON.DOC.001710vE","Other",0.7,"Y",NA,"q4jXFMRo3HvA0bmq2VSfPS/SCAqyEsJQ"
"055e0e94-a3f8-4cf0-9220-6ab6144c9e9c","STEI_056.basePlot.ltr","D05","STEI","STEI_056","STEI_056_808","2016-06-13","2015-10-20","2016-05-19","2016-06-03T18:50Z","2016-06-14T01:30Z","NEON.LTR.STEI056808.20160519","NEON.LTR.STEI056808.20160519.NDL","NEON.DOC.001710vE","Needles",0,"N",NA,"q4jXFMRo3HvA0bmq2VSfPS/SCAqyEsJQ"
"a4539ee8-feb9-425c-88fa-2bc978041d07","STEI_051.basePlot.ltr","D05","STEI","STEI_051","STEI_051_885","2016-06-13","2015-10-20","2016-05-19","2016-06-03T18:50Z","2016-06-13T13:30Z","NEON.LTR.STEI051885.20160519","NEON.LTR.STEI051885.20160519.SDS","NEON.DOC.001710vE","Seeds",0.1,"N",NA,"q4jXFMRo3HvA0bmq2VSfPS/SCAqyEsJQ"
"53efa588-3e21-4678-8e2d-64243b4773a0","STEI_051.basePlot.ltr","D05","STEI","STEI_051","STEI_051_885","2016-06-13","2015-10-20","2016-05-19","2016-06-03T18:50Z","2016-06-13T13:30Z","NEON.LTR.STEI051885.20160519","NEON.LTR.STEI051885.20160519.LVS","NEON.DOC.001710vE","Leaves",5.26,"N",NA,"q4jXFMRo3HvA0bmq2VSfPS/SCAqyEsJQ"
"8f0998be-6290-4e50-aaaf-ecb52ef82a43","STEI_056.basePlot.ltr","D05","STEI","STEI_056","STEI_056_297","2016-12-02","2015-10-20","2016-05-19","2016-06-03T18:50Z","2016-06-13T13:30Z","NEON.LTR.STEI056297.20160519","NEON.LTR.STEI056297.20160519.TWI","NEON.DOC.001710vE","Twigs/branches",2.23,"N",NA,"q4jXFMRo3HvA0bmq2VSfPS/SCAqyEsJQ"
"5c39b4d6-27ed-4146-b243-4b30f0099158","STEI_056.basePlot.ltr","D05","STEI","STEI_056","STEI_056_297","2016-12-02","2015-10-20","2016-05-19","2016-06-03T18:50Z","2016-06-13T13:30Z","NEON.LTR.STEI056297.20160519","NEON.LTR.STEI056297.20160519.FLR","NEON.DOC.001710vE","Flowers",0.02,"N",NA,"q4jXFMRo3HvA0bmq2VSfPS/SCAqyEsJQ"
"b6ea8751-54eb-4f3d-9f79-201f532a2f9d","STEI_056.basePlot.ltr","D05","STEI","STEI_056","STEI_056_297","2016-12-02","2015-10-20","2016-05-19","2016-06-03T18:50Z","2016-06-13T13:30Z","NEON.LTR.STEI056297.20160519","NEON.LTR.STEI056297.20160519.WDY","NEON.DOC.001710vE","Woody material",0.12,"N",NA,"q4jXFMRo3HvA0bmq2VSfPS/SCAqyEsJQ"
"ca2e0b89-9496-44df-a1bf-da692fb74516","STEI_056.basePlot.ltr","D05","STEI","STEI_056","STEI_056_297","2016-12-02","2015-10-20","2016-05-19","2016-06-03T18:50Z","2016-06-13T13:30Z","NEON.LTR.STEI056297.20160519","NEON.LTR.STEI056297.20160519.NDL","NEON.DOC.001710vE","Needles",0.005,"N",NA,"q4jXFMRo3HvA0bmq2VSfPS/SCAqyEsJQ"
"59779ed5-7def-4b13-9db1-b8529dcc0e10","STEI_056.basePlot.ltr","D05","STEI","STEI_056","STEI_056_297","2016-12-02","2015-10-20","2016-05-19","2016-06-03T18:50Z","2016-06-13T13:30Z","NEON.LTR.STEI056297.20160519","NEON.LTR.STEI056297.20160519.SDS","NEON.DOC.001710vE","Seeds",0.005,"N",NA,"q4jXFMRo3HvA0bmq2VSfPS/SCAqyEsJQ"
"c140986e-3c51-4593-a840-8f32ee3fd129","STEI_056.basePlot.ltr","D05","STEI","STEI_056","STEI_056_297","2016-12-02","2015-10-20","2016-05-19","2016-06-03T18:50Z","2016-06-13T13:30Z","NEON.LTR.STEI056297.20160519","NEON.LTR.STEI056297.20160519.OTH","NEON.DOC.001710vE","Other",0.49,"N",NA,"q4jXFMRo3HvA0bmq2VSfPS/SCAqyEsJQ"
"6e963f7f-677d-4b1a-8f25-1d39fd0c7af0","STEI_058.basePlot.ltr","D05","STEI","STEI_058","STEI_058_862","2016-06-13","2015-10-20","2016-05-19","2016-06-03T18:50Z","2016-06-13T13:30Z","NEON.LTR.STEI058862.20160519","NEON.LTR.STEI058862.20160519.NDL","NEON.DOC.001710vE","Needles",0.005,"N",NA,"q4jXFMRo3HvA0bmq2VSfPS/SCAqyEsJQ"
"70b255c6-e56e-47c5-b1e2-40c71e60cfd7","STEI_058.basePlot.ltr","D05","STEI","STEI_058","STEI_058_862","2016-06-13","2015-10-20","2016-05-19","2016-06-03T18:50Z","2016-06-13T13:30Z","NEON.LTR.STEI058862.20160519","NEON.LTR.STEI058862.20160519.SDS","NEON.DOC.001710vE","Seeds",0,"N",NA,"q4jXFMRo3HvA0bmq2VSfPS/SCAqyEsJQ"
"85311a0b-cd7b-4603-9a72-32878222c0d1","STEI_058.basePlot.ltr","D05","STEI","STEI_058","STEI_058_862","2016-06-13","2015-10-20","2016-05-19","2016-06-03T18:50Z","2016-06-13T13:30Z","NEON.LTR.STEI058862.20160519","NEON.LTR.STEI058862.20160519.FLR","NEON.DOC.001710vE","Flowers",0.07,"N",NA,"q4jXFMRo3HvA0bmq2VSfPS/SCAqyEsJQ"
"82a3a636-5ff2-4b02-9345-4d7bed5effd5","STEI_058.basePlot.ltr","D05","STEI","STEI_058","STEI_058_862","2016-06-13","2015-10-20","2016-05-19","2016-06-03T18:50Z","2016-06-13T13:30Z","NEON.LTR.STEI058862.20160519","NEON.LTR.STEI058862.20160519.TWI","NEON.DOC.001710vE","Twigs/branches",1.93,"N",NA,"q4jXFMRo3HvA0bmq2VSfPS/SCAqyEsJQ"
"0ab50d99-8eb2-48e5-96e4-3a8c117540bf","STEI_058.basePlot.ltr","D05","STEI","STEI_058","STEI_058_862","2016-06-13","2015-10-20","2016-05-19","2016-06-03T18:50Z","2016-06-13T13:30Z","NEON.LTR.STEI058862.20160519","NEON.LTR.STEI058862.20160519.WDY","NEON.DOC.001710vE","Woody material",0.03,"N",NA,"q4jXFMRo3HvA0bmq2VSfPS/SCAqyEsJQ"
"b0992f7e-d2da-4c69-a654-acb3d127f9c0","STEI_058.basePlot.ltr","D05","STEI","STEI_058","STEI_058_862","2016-06-13","2015-10-20","2016-05-19","2016-06-03T18:50Z","2016-06-13T13:30Z","NEON.LTR.STEI058862.20160519","NEON.LTR.STEI058862.20160519.OTH","NEON.DOC.001710vE","Other",0.27,"N",NA,"q4jXFMRo3HvA0bmq2VSfPS/SCAqyEsJQ"
"4c165748-b118-4041-ad1c-aeb0c72b6027","STEI_049.basePlot.ltr","D05","STEI","STEI_049","STEI_049_903","2016-06-03","2015-10-20","2016-05-19","2016-06-03T18:50Z","2016-06-13T13:30Z","NEON.LTR.STEI049903.20160519","NEON.LTR.STEI049903.20160519.TWI","NEON.DOC.001710vE","Twigs/branches",1.6,"N",NA,"q4jXFMRo3HvA0bmq2VSfPS/SCAqyEsJQ"
"7beeab19-a819-413f-bdc7-a12a79708fad","STEI_049.basePlot.ltr","D05","STEI","STEI_049","STEI_049_903","2016-06-03","2015-10-20","2016-05-19","2016-06-03T18:50Z","2016-06-13T13:30Z","NEON.LTR.STEI049903.20160519","NEON.LTR.STEI049903.20160519.SDS","NEON.DOC.001710vE","Seeds",0.005,"N",NA,"q4jXFMRo3HvA0bmq2VSfPS/SCAqyEsJQ"
"e37e849a-031f-46e0-9b95-353c2b55c273","STEI_056.basePlot.ltr","D05","STEI","STEI_056","STEI_056_297","2016-12-02","2015-10-20","2016-05-19","2016-06-03T18:50Z","2016-06-13T13:30Z","NEON.LTR.STEI056297.20160519","NEON.LTR.STEI056297.20160519.LVS","NEON.DOC.001710vE","Leaves",2.35,"N",NA,"q4jXFMRo3HvA0bmq2VSfPS/SCAqyEsJQ"
"d06227ba-9d4a-4c9f-92a6-826ba42990eb","STEI_058.basePlot.ltr","D05","STEI","STEI_058","STEI_058_862","2016-06-13","2015-10-20","2016-05-19","2016-06-03T18:50Z","2016-06-13T13:30Z","NEON.LTR.STEI058862.20160519","NEON.LTR.STEI058862.20160519.LVS","NEON.DOC.001710vE","Leaves",0.86,"N",NA,"q4jXFMRo3HvA0bmq2VSfPS/SCAqyEsJQ"
"5cd52e7c-0804-4fb1-a832-a47d60cde4f2","STEI_049.basePlot.ltr","D05","STEI","STEI_049","STEI_049_903","2016-06-03","2015-10-20","2016-05-19","2016-06-03T18:50Z","2016-06-13T13:30Z","NEON.LTR.STEI049903.20160519","NEON.LTR.STEI049903.20160519.FLR","NEON.DOC.001710vE","Flowers",0.19,"N",NA,"q4jXFMRo3HvA0bmq2VSfPS/SCAqyEsJQ"
"a52992ce-b47c-41f2-8227-1be1b69f7960","STEI_049.basePlot.ltr","D05","STEI","STEI_049","STEI_049_903","2016-06-03","2015-10-20","2016-05-19","2016-06-03T18:50Z","2016-06-13T13:30Z","NEON.LTR.STEI049903.20160519","NEON.LTR.STEI049903.20160519.OTH","NEON.DOC.001710vE","Other",0.98,"N",NA,"q4jXFMRo3HvA0bmq2VSfPS/SCAqyEsJQ"
"21341316-aeab-435c-a443-113c6503e1bd","STEI_049.basePlot.ltr","D05","STEI","STEI_049","STEI_049_903","2016-06-03","2015-10-20","2016-05-19","2016-06-03T18:50Z","2016-06-13T13:30Z","NEON.LTR.STEI049903.20160519","NEON.LTR.STEI049903.20160519.WDY","NEON.DOC.001710vE","Woody material",1.19,"N",NA,"q4jXFMRo3HvA0bmq2VSfPS/SCAqyEsJQ"
"407a835b-8dd7-44a2-a4ba-21ce1c6dce78","STEI_049.basePlot.ltr","D05","STEI","STEI_049","STEI_049_903","2016-06-03","2015-10-20","2016-05-19","2016-06-03T18:50Z","2016-06-13T13:30Z","NEON.LTR.STEI049903.20160519","NEON.LTR.STEI049903.20160519.LVS","NEON.DOC.001710vE","Leaves",1,"N",NA,"q4jXFMRo3HvA0bmq2VSfPS/SCAqyEsJQ"
"c934b1b0-0734-4cc4-b022-1b755a6f1f46","STEI_049.basePlot.ltr","D05","STEI","STEI_049","STEI_049_903","2016-06-03","2015-10-20","2016-05-19","2016-06-03T18:50Z","2016-06-13T13:30Z","NEON.LTR.STEI049903.20160519","NEON.LTR.STEI049903.20160519.NDL","NEON.DOC.001710vE","Needles",0.52,"Y",NA,"q4jXFMRo3HvA0bmq2VSfPS/SCAqyEsJQ"
"3cc1aec9-8647-42ad-bd5c-a7f3066a2c16","STEI_060.basePlot.ltr","D05","STEI","STEI_060","STEI_060_901","2016-06-13","2015-10-20","2016-05-19","2016-06-03T18:50Z","2016-06-13T13:30Z","NEON.LTR.STEI060901.20160519","NEON.LTR.STEI060901.20160519.NDL","NEON.DOC.001710vE","Needles",0.08,"N",NA,"q4jXFMRo3HvA0bmq2VSfPS/SCAqyEsJQ"
"9144e08b-d331-400b-9440-fbf1c38bf150","STEI_060.basePlot.ltr","D05","STEI","STEI_060","STEI_060_901","2016-06-13","2015-10-20","2016-05-19","2016-06-03T18:50Z","2016-06-13T13:30Z","NEON.LTR.STEI060901.20160519","NEON.LTR.STEI060901.20160519.LVS","NEON.DOC.001710vE","Leaves",2.21,"Y",NA,"q4jXFMRo3HvA0bmq2VSfPS/SCAqyEsJQ"
"e41972b5-dc67-4b8e-8d65-18deba5bc1b2","STEI_060.basePlot.ltr","D05","STEI","STEI_060","STEI_060_901","2016-06-13","2015-10-20","2016-05-19","2016-06-03T18:50Z","2016-06-13T13:30Z","NEON.LTR.STEI060901.20160519","NEON.LTR.STEI060901.20160519.TWI","NEON.DOC.001710vE","Twigs/branches",1.21,"Y",NA,"q4jXFMRo3HvA0bmq2VSfPS/SCAqyEsJQ"
"0eb035b7-4594-478e-bb44-a921a7182b36","STEI_060.basePlot.ltr","D05","STEI","STEI_060","STEI_060_901","2016-06-13","2015-10-20","2016-05-19","2016-06-03T18:50Z","2016-06-13T13:30Z","NEON.LTR.STEI060901.20160519","NEON.LTR.STEI060901.20160519.SDS","NEON.DOC.001710vE","Seeds",0,"N",NA,"q4jXFMRo3HvA0bmq2VSfPS/SCAqyEsJQ"
"833b8b59-cedb-42b0-b48a-e32cef724119","STEI_060.basePlot.ltr","D05","STEI","STEI_060","STEI_060_901","2016-06-13","2015-10-20","2016-05-19","2016-06-03T18:50Z","2016-06-13T13:30Z","NEON.LTR.STEI060901.20160519","NEON.LTR.STEI060901.20160519.FLR","NEON.DOC.001710vE","Flowers",0.005,"N",NA,"q4jXFMRo3HvA0bmq2VSfPS/SCAqyEsJQ"
"d286e9c0-2254-4ec5-af90-1d97276f0bea","STEI_060.basePlot.ltr","D05","STEI","STEI_060","STEI_060_901","2016-06-13","2015-10-20","2016-05-19","2016-06-03T18:50Z","2016-06-13T13:30Z","NEON.LTR.STEI060901.20160519","NEON.LTR.STEI060901.20160519.WDY","NEON.DOC.001710vE","Woody material",0.05,"Y",NA,"q4jXFMRo3HvA0bmq2VSfPS/SCAqyEsJQ"
"b2dc1b08-63f8-4096-b118-f2b81e203486","STEI_062.basePlot.ltr","D05","STEI","STEI_062","STEI_062_139","2016-06-13","2015-10-20","2016-05-19","2016-06-03T18:50Z","2016-06-13T13:30Z","NEON.LTR.STEI062139.20160519","NEON.LTR.STEI062139.20160519.FLR","NEON.DOC.001710vE","Flowers",0,"N",NA,"q4jXFMRo3HvA0bmq2VSfPS/SCAqyEsJQ"
"8d883e66-dad9-4c08-b7ac-08691ecadf40","STEI_062.basePlot.ltr","D05","STEI","STEI_062","STEI_062_139","2016-06-13","2015-10-20","2016-05-19","2016-06-03T18:50Z","2016-06-13T13:30Z","NEON.LTR.STEI062139.20160519","NEON.LTR.STEI062139.20160519.SDS","NEON.DOC.001710vE","Seeds",0,"N",NA,"q4jXFMRo3HvA0bmq2VSfPS/SCAqyEsJQ"
"fee32738-f9bb-4408-9677-a36ce3d6f3f1","STEI_060.basePlot.ltr","D05","STEI","STEI_060","STEI_060_901","2016-06-13","2015-10-20","2016-05-19","2016-06-03T18:50Z","2016-06-13T13:30Z","NEON.LTR.STEI060901.20160519","NEON.LTR.STEI060901.20160519.OTH","NEON.DOC.001710vE","Other",0.51,"N",NA,"q4jXFMRo3HvA0bmq2VSfPS/SCAqyEsJQ"
"d538fbb9-c42f-4491-b15c-c79d8e86b6b0","STEI_062.basePlot.ltr","D05","STEI","STEI_062","STEI_062_139","2016-06-13","2015-10-20","2016-05-19","2016-06-03T18:50Z","2016-06-13T13:30Z","NEON.LTR.STEI062139.20160519","NEON.LTR.STEI062139.20160519.NDL","NEON.DOC.001710vE","Needles",0.01,"N",NA,"q4jXFMRo3HvA0bmq2VSfPS/SCAqyEsJQ"
"62360cb8-afa1-4249-8f6a-a670fafd3cf7","STEI_062.basePlot.ltr","D05","STEI","STEI_062","STEI_062_139","2016-06-13","2015-10-20","2016-05-19","2016-06-03T18:50Z","2016-06-13T13:30Z","NEON.LTR.STEI062139.20160519","NEON.LTR.STEI062139.20160519.TWI","NEON.DOC.001710vE","Twigs/branches",1.31,"Y",NA,"q4jXFMRo3HvA0bmq2VSfPS/SCAqyEsJQ"
"47b7455a-488d-4034-81f6-1d72bcb36da7","STEI_062.basePlot.ltr","D05","STEI","STEI_062","STEI_062_139","2016-06-13","2015-10-20","2016-05-19","2016-06-03T18:50Z","2016-06-13T13:30Z","NEON.LTR.STEI062139.20160519","NEON.LTR.STEI062139.20160519.LVS","NEON.DOC.001710vE","Leaves",1.62,"N",NA,"q4jXFMRo3HvA0bmq2VSfPS/SCAqyEsJQ"
"cfe7a1f6-07dd-408f-bfeb-3fd3e5cd1cf3","STEI_062.basePlot.ltr","D05","STEI","STEI_062","STEI_062_139","2016-06-13","2015-10-20","2016-05-19","2016-06-03T18:50Z","2016-06-13T13:30Z","NEON.LTR.STEI062139.20160519","NEON.LTR.STEI062139.20160519.OTH","NEON.DOC.001710vE","Other",0,"N",NA,"q4jXFMRo3HvA0bmq2VSfPS/SCAqyEsJQ"
"00942554-cd6c-42d9-8898-996fe86c3539","STEI_057.basePlot.ltr","D05","STEI","STEI_057","STEI_057_061","2016-06-13","2015-10-20","2016-05-19","2016-06-03T18:50Z","2016-06-13T13:30Z","NEON.LTR.STEI057061.20160519","NEON.LTR.STEI057061.20160519.FLR","NEON.DOC.001710vE","Flowers",0.16,"N",NA,"q4jXFMRo3HvA0bmq2VSfPS/SCAqyEsJQ"
"512e8f7e-121d-443c-a097-ede6d4825a2c","STEI_062.basePlot.ltr","D05","STEI","STEI_062","STEI_062_139","2016-06-13","2015-10-20","2016-05-19","2016-06-03T18:50Z","2016-06-13T13:30Z","NEON.LTR.STEI062139.20160519","NEON.LTR.STEI062139.20160519.WDY","NEON.DOC.001710vE","Woody material",0,"N",NA,"q4jXFMRo3HvA0bmq2VSfPS/SCAqyEsJQ"
"5c554560-5b53-483b-be55-13517e19a6db","STEI_057.basePlot.ltr","D05","STEI","STEI_057","STEI_057_061","2016-06-13","2015-10-20","2016-05-19","2016-06-03T18:50Z","2016-06-13T13:30Z","NEON.LTR.STEI057061.20160519","NEON.LTR.STEI057061.20160519.WDY","NEON.DOC.001710vE","Woody material",0,"N",NA,"q4jXFMRo3HvA0bmq2VSfPS/SCAqyEsJQ"
"8a4d2ba1-c0fa-4da3-896e-cad7775c9c9e","STEI_057.basePlot.ltr","D05","STEI","STEI_057","STEI_057_061","2016-06-13","2015-10-20","2016-05-19","2016-06-03T18:50Z","2016-06-13T13:30Z","NEON.LTR.STEI057061.20160519","NEON.LTR.STEI057061.20160519.OTH","NEON.DOC.001710vE","Other",0.23,"N",NA,"q4jXFMRo3HvA0bmq2VSfPS/SCAqyEsJQ"
"1855db1f-16cd-43b4-953d-15ec639f6871","STEI_057.basePlot.ltr","D05","STEI","STEI_057","STEI_057_061","2016-06-13","2015-10-20","2016-05-19","2016-06-03T18:50Z","2016-06-13T13:30Z","NEON.LTR.STEI057061.20160519","NEON.LTR.STEI057061.20160519.SDS","NEON.DOC.001710vE","Seeds",0,"N",NA,"q4jXFMRo3HvA0bmq2VSfPS/SCAqyEsJQ"
"198b67e3-f867-48ba-b892-9d30bde4b51b","STEI_057.basePlot.ltr","D05","STEI","STEI_057","STEI_057_061","2016-06-13","2015-10-20","2016-05-19","2016-06-03T18:50Z","2016-06-13T13:30Z","NEON.LTR.STEI057061.20160519","NEON.LTR.STEI057061.20160519.NDL","NEON.DOC.001710vE","Needles",0,"N",NA,"q4jXFMRo3HvA0bmq2VSfPS/SCAqyEsJQ"
"23d88643-b1bb-4b15-94e1-30aeaae3d48d","STEI_057.basePlot.ltr","D05","STEI","STEI_057","STEI_057_061","2016-06-13","2015-10-20","2016-05-19","2016-06-03T18:50Z","2016-06-13T13:30Z","NEON.LTR.STEI057061.20160519","NEON.LTR.STEI057061.20160519.TWI","NEON.DOC.001710vE","Twigs/branches",0.93,"Y",NA,"q4jXFMRo3HvA0bmq2VSfPS/SCAqyEsJQ"
"a16f3d95-265f-45a0-acce-5a6daa26eff5","STEI_057.basePlot.ltr","D05","STEI","STEI_057","STEI_057_061","2016-06-13","2015-10-20","2016-05-19","2016-06-03T18:50Z","2016-06-13T13:30Z","NEON.LTR.STEI057061.20160519","NEON.LTR.STEI057061.20160519.LVS","NEON.DOC.001710vE","Leaves",0.35,"N",NA,"q4jXFMRo3HvA0bmq2VSfPS/SCAqyEsJQ"
"4de1e216-6b84-4b4a-8e7d-0418c2310b57","STEI_052.basePlot.ltr","D05","STEI","STEI_052","STEI_052_903","2016-12-02","2015-10-20","2016-05-19","2016-06-03T18:50Z","2016-06-13T13:30Z","NEON.LTR.STEI052903.20160519","NEON.LTR.STEI052903.20160519.SDS","NEON.DOC.001710vE","Seeds",0.1,"N",NA,"q4jXFMRo3HvA0bmq2VSfPS/SCAqyEsJQ"
"2d0cee0d-32d0-4cfb-ad51-214cf8b58bae","STEI_052.basePlot.ltr","D05","STEI","STEI_052","STEI_052_903","2016-12-02","2015-10-20","2016-05-19","2016-06-03T18:50Z","2016-06-13T13:30Z","NEON.LTR.STEI052903.20160519","NEON.LTR.STEI052903.20160519.LVS","NEON.DOC.001710vE","Leaves",0.37,"N",NA,"q4jXFMRo3HvA0bmq2VSfPS/SCAqyEsJQ"
"b8bdd8c9-1de2-4b84-8e30-16ebf592f3bc","STEI_052.basePlot.ltr","D05","STEI","STEI_052","STEI_052_903","2016-12-02","2015-10-20","2016-05-19","2016-06-03T18:50Z","2016-06-13T13:30Z","NEON.LTR.STEI052903.20160519","NEON.LTR.STEI052903.20160519.NDL","NEON.DOC.001710vE","Needles",0.005,"N",NA,"q4jXFMRo3HvA0bmq2VSfPS/SCAqyEsJQ"
"b3a7f955-a249-4507-96e4-d5ba594c5196","STEI_052.basePlot.ltr","D05","STEI","STEI_052","STEI_052_903","2016-12-02","2015-10-20","2016-05-19","2016-06-03T18:50Z","2016-06-13T13:30Z","NEON.LTR.STEI052903.20160519","NEON.LTR.STEI052903.20160519.OTH","NEON.DOC.001710vE","Other",0.72,"N",NA,"q4jXFMRo3HvA0bmq2VSfPS/SCAqyEsJQ"
"5347be51-a6fa-48f5-b548-47ebb0b02228","STEI_052.basePlot.ltr","D05","STEI","STEI_052","STEI_052_903","2016-12-02","2015-10-20","2016-05-19","2016-06-03T18:50Z","2016-06-13T13:30Z","NEON.LTR.STEI052903.20160519","NEON.LTR.STEI052903.20160519.TWI","NEON.DOC.001710vE","Twigs/branches",0.005,"N",NA,"q4jXFMRo3HvA0bmq2VSfPS/SCAqyEsJQ"
"183d2740-9cef-4642-b2e6-2ab92209616a","STEI_052.basePlot.ltr","D05","STEI","STEI_052","STEI_052_903","2016-12-02","2015-10-20","2016-05-19","2016-06-03T18:50Z","2016-06-13T13:30Z","NEON.LTR.STEI052903.20160519","NEON.LTR.STEI052903.20160519.WDY","NEON.DOC.001710vE","Woody material",0.62,"N",NA,"q4jXFMRo3HvA0bmq2VSfPS/SCAqyEsJQ"
"dead25b0-cad5-4ad8-95c5-291701318391","STEI_052.basePlot.ltr","D05","STEI","STEI_052","STEI_052_903","2016-12-02","2015-10-20","2016-05-19","2016-06-03T18:50Z","2016-06-13T13:30Z","NEON.LTR.STEI052903.20160519","NEON.LTR.STEI052903.20160519.FLR","NEON.DOC.001710vE","Flowers",0.12,"N",NA,"q4jXFMRo3HvA0bmq2VSfPS/SCAqyEsJQ"
"4e1dd09f-b732-4f32-a714-72c220eca624","STEI_059.basePlot.ltr","D05","STEI","STEI_059","STEI_059_139","2016-06-03","2015-10-20","2016-05-19","2016-06-03T18:50Z","2016-06-13T13:30Z","NEON.LTR.STEI059139.20160519","NEON.LTR.STEI059139.20160519.NDL","NEON.DOC.001710vE","Needles",0.005,"N",NA,"q4jXFMRo3HvA0bmq2VSfPS/SCAqyEsJQ"
"74582ac9-cf87-4d95-a6c5-c62d4b50cf7f","STEI_054.basePlot.ltr","D05","STEI","STEI_054","STEI_054_756","2016-09-26","2016-05-19","2016-09-19","2016-09-20T20:30Z","2016-09-26T18:30Z","NEON.LTR.STEI054756.20160919","NEON.LTR.STEI054756.20160919.TWI","NEON.DOC.001710vE","Twigs/branches",0.33,"N",NA,"q4jXFMRo3HvA0bmq2VSfPS/SCAqyEsJQ"
"7c8ceb00-458f-4e6d-9158-0576f491a1e4","STEI_054.basePlot.ltr","D05","STEI","STEI_054","STEI_054_756","2016-09-26","2016-05-19","2016-09-19","2016-09-20T20:30Z","2016-09-26T18:30Z","NEON.LTR.STEI054756.20160919","NEON.LTR.STEI054756.20160919.WDY","NEON.DOC.001710vE","Woody material",18.01,"N",NA,"q4jXFMRo3HvA0bmq2VSfPS/SCAqyEsJQ"
"0befefaf-fad2-4d5f-81b3-8347a135acd4","STEI_054.basePlot.ltr","D05","STEI","STEI_054","STEI_054_756","2016-09-26","2016-05-19","2016-09-19","2016-09-20T20:30Z","2016-09-26T18:30Z","NEON.LTR.STEI054756.20160919","NEON.LTR.STEI054756.20160919.OTH","NEON.DOC.001710vE","Other",0,"N",NA,"q4jXFMRo3HvA0bmq2VSfPS/SCAqyEsJQ"
"7d8675bf-a14c-4f33-b0b4-c3b1d7c7d6b6","STEI_054.basePlot.ltr","D05","STEI","STEI_054","STEI_054_756","2016-09-26","2016-05-19","2016-09-19","2016-09-20T20:30Z","2016-09-26T18:30Z","NEON.LTR.STEI054756.20160919","NEON.LTR.STEI054756.20160919.LVS","NEON.DOC.001710vE","Leaves",38.5,"N",NA,"q4jXFMRo3HvA0bmq2VSfPS/SCAqyEsJQ"
"7c67a98f-dfec-46f9-9abe-0036ffcec9f8","STEI_054.basePlot.ltr","D05","STEI","STEI_054","STEI_054_756","2016-09-26","2016-05-19","2016-09-19","2016-09-20T20:30Z","2016-09-26T18:30Z","NEON.LTR.STEI054756.20160919","NEON.LTR.STEI054756.20160919.NDL","NEON.DOC.001710vE","Needles",0,"N",NA,"q4jXFMRo3HvA0bmq2VSfPS/SCAqyEsJQ"
"d529b51f-881c-452f-94e0-1d5b39c8973d","STEI_054.basePlot.ltr","D05","STEI","STEI_054","STEI_054_756","2016-09-26","2016-05-19","2016-09-19","2016-09-20T20:30Z","2016-09-26T18:30Z","NEON.LTR.STEI054756.20160919","NEON.LTR.STEI054756.20160919.FLR","NEON.DOC.001710vE","Flowers",0,"N",NA,"q4jXFMRo3HvA0bmq2VSfPS/SCAqyEsJQ"
"32df5891-a307-4bde-825c-7303186e3e90","STEI_048.basePlot.ltr","D05","STEI","STEI_048","STEI_048_885","2016-09-26","2016-05-19","2016-09-19","2016-09-20T20:30Z","2016-09-26T18:30Z","NEON.LTR.STEI048885.20160919","NEON.LTR.STEI048885.20160919.LVS","NEON.DOC.001710vE","Leaves",8.05,"N",NA,"yK8OKO7i1xqEPAI8O44BvyFgRN6LSHQ9"
"2404ee77-5cf4-462d-a7ee-ea8c915f53b7","STEI_048.basePlot.ltr","D05","STEI","STEI_048","STEI_048_885","2016-09-26","2016-05-19","2016-09-19","2016-09-20T20:30Z","2016-09-26T18:30Z","NEON.LTR.STEI048885.20160919","NEON.LTR.STEI048885.20160919.SDS","NEON.DOC.001710vE","Seeds",0.07,"N",NA,"yK8OKO7i1xqEPAI8O44BvyFgRN6LSHQ9"
"113c7e48-9604-4920-9569-b076591cf2e4","STEI_048.basePlot.ltr","D05","STEI","STEI_048","STEI_048_885","2016-09-26","2016-05-19","2016-09-19","2016-09-20T20:30Z","2016-09-26T18:30Z","NEON.LTR.STEI048885.20160919","NEON.LTR.STEI048885.20160919.NDL","NEON.DOC.001710vE","Needles",0.23,"N",NA,"yK8OKO7i1xqEPAI8O44BvyFgRN6LSHQ9"
"e1486df9-96bc-461f-bce5-22eae5df1501","STEI_048.basePlot.ltr","D05","STEI","STEI_048","STEI_048_885","2016-09-26","2016-05-19","2016-09-19","2016-09-20T20:30Z","2016-09-26T18:30Z","NEON.LTR.STEI048885.20160919","NEON.LTR.STEI048885.20160919.FLR","NEON.DOC.001710vE","Flowers",0.82,"N",NA,"yK8OKO7i1xqEPAI8O44BvyFgRN6LSHQ9"
"15b48919-b67a-4a6a-ab22-400c218f0e91","STEI_048.basePlot.ltr","D05","STEI","STEI_048","STEI_048_885","2016-09-26","2016-05-19","2016-09-19","2016-09-20T20:30Z","2016-09-26T18:30Z","NEON.LTR.STEI048885.20160919","NEON.LTR.STEI048885.20160919.TWI","NEON.DOC.001710vE","Twigs/branches",2.74,"N",NA,"yK8OKO7i1xqEPAI8O44BvyFgRN6LSHQ9"
"f0cc4671-0dfb-4144-9c89-73e65d2f321f","STEI_048.basePlot.ltr","D05","STEI","STEI_048","STEI_048_885","2016-09-26","2016-05-19","2016-09-19","2016-09-20T20:30Z","2016-09-26T18:30Z","NEON.LTR.STEI048885.20160919","NEON.LTR.STEI048885.20160919.WDY","NEON.DOC.001710vE","Woody material",0.005,"N",NA,"yK8OKO7i1xqEPAI8O44BvyFgRN6LSHQ9"
"505a0a28-23d0-4c09-90f7-1d3815f96c58","STEI_048.basePlot.ltr","D05","STEI","STEI_048","STEI_048_885","2016-09-26","2016-05-19","2016-09-19","2016-09-20T20:30Z","2016-09-26T18:30Z","NEON.LTR.STEI048885.20160919","NEON.LTR.STEI048885.20160919.OTH","NEON.DOC.001710vE","Other",2.37,"N",NA,"yK8OKO7i1xqEPAI8O44BvyFgRN6LSHQ9"
"02577577-3989-460a-b72e-6de08d0696dc","STEI_046.basePlot.ltr","D05","STEI","STEI_046","STEI_046_390","2016-09-26","2016-05-19","2016-09-19","2016-09-20T20:30Z","2016-09-26T18:30Z","NEON.LTR.STEI046390.20160919","NEON.LTR.STEI046390.20160919.TWI","NEON.DOC.001710vE","Twigs/branches",1.35,"N",NA,"yK8OKO7i1xqEPAI8O44BvyFgRN6LSHQ9"
"e15d83c7-3d9b-4065-bcac-87b6b6fb39ef","STEI_046.basePlot.ltr","D05","STEI","STEI_046","STEI_046_390","2016-09-26","2016-05-19","2016-09-19","2016-09-20T20:30Z","2016-09-26T18:30Z","NEON.LTR.STEI046390.20160919","NEON.LTR.STEI046390.20160919.FLR","NEON.DOC.001710vE","Flowers",0.05,"N",NA,"yK8OKO7i1xqEPAI8O44BvyFgRN6LSHQ9"
"d7215fa8-98c7-401c-ac1a-5f94ee3a5105","STEI_046.basePlot.ltr","D05","STEI","STEI_046","STEI_046_390","2016-09-26","2016-05-19","2016-09-19","2016-09-20T20:30Z","2016-09-26T18:30Z","NEON.LTR.STEI046390.20160919","NEON.LTR.STEI046390.20160919.SDS","NEON.DOC.001710vE","Seeds",0.43,"N",NA,"yK8OKO7i1xqEPAI8O44BvyFgRN6LSHQ9"
"a34646be-cf57-4e7e-a3a1-21a4771a2824","STEI_046.basePlot.ltr","D05","STEI","STEI_046","STEI_046_390","2016-09-26","2016-05-19","2016-09-19","2016-09-20T20:30Z","2016-09-26T18:30Z","NEON.LTR.STEI046390.20160919","NEON.LTR.STEI046390.20160919.NDL","NEON.DOC.001710vE","Needles",0.01,"N",NA,"yK8OKO7i1xqEPAI8O44BvyFgRN6LSHQ9"
"1e426439-ee0b-42a1-8aa0-864eae77e11e","STEI_046.basePlot.ltr","D05","STEI","STEI_046","STEI_046_390","2016-09-26","2016-05-19","2016-09-19","2016-09-20T20:30Z","2016-09-26T18:30Z","NEON.LTR.STEI046390.20160919","NEON.LTR.STEI046390.20160919.LVS","NEON.DOC.001710vE","Leaves",3.74,"N",NA,"yK8OKO7i1xqEPAI8O44BvyFgRN6LSHQ9"
"55ba3285-dc86-41e1-81e3-364172265c88","STEI_046.basePlot.ltr","D05","STEI","STEI_046","STEI_046_390","2016-09-26","2016-05-19","2016-09-19","2016-09-20T20:30Z","2016-09-26T18:30Z","NEON.LTR.STEI046390.20160919","NEON.LTR.STEI046390.20160919.OTH","NEON.DOC.001710vE","Other",1.67,"N",NA,"yK8OKO7i1xqEPAI8O44BvyFgRN6LSHQ9"
"aa80e98e-7022-4312-83bf-6cc0df92f309","STEI_046.basePlot.ltr","D05","STEI","STEI_046","STEI_046_390","2016-09-26","2016-05-19","2016-09-19","2016-09-20T20:30Z","2016-09-26T18:30Z","NEON.LTR.STEI046390.20160919","NEON.LTR.STEI046390.20160919.WDY","NEON.DOC.001710vE","Woody material",0.45,"N",NA,"yK8OKO7i1xqEPAI8O44BvyFgRN6LSHQ9"
"6dc8fc4a-774d-4b67-a496-8502ecf2e651","STEI_059.basePlot.ltr","D05","STEI","STEI_059","STEI_059_139","2016-09-26","2016-05-19","2016-09-19","2016-09-20T20:30Z","2016-09-26T18:30Z","NEON.LTR.STEI059139.20160919","NEON.LTR.STEI059139.20160919.TWI","NEON.DOC.001710vE","Twigs/branches",0.06,"N",NA,"q4jXFMRo3HvA0bmq2VSfPS/SCAqyEsJQ"
"97224de6-65e4-4dfd-ac7c-014008679748","STEI_059.basePlot.ltr","D05","STEI","STEI_059","STEI_059_139","2016-09-26","2016-05-19","2016-09-19","2016-09-20T20:30Z","2016-09-26T18:30Z","NEON.LTR.STEI059139.20160919","NEON.LTR.STEI059139.20160919.OTH","NEON.DOC.001710vE","Other",0.77,"N",NA,"q4jXFMRo3HvA0bmq2VSfPS/SCAqyEsJQ"
"89438a29-a1db-494e-93cc-3be2ec082442","STEI_059.basePlot.ltr","D05","STEI","STEI_059","STEI_059_139","2016-09-26","2016-05-19","2016-09-19","2016-09-20T20:30Z","2016-09-26T18:30Z","NEON.LTR.STEI059139.20160919","NEON.LTR.STEI059139.20160919.WDY","NEON.DOC.001710vE","Woody material",0.16,"N",NA,"q4jXFMRo3HvA0bmq2VSfPS/SCAqyEsJQ"
"b5ab1316-fc5f-4b44-a0a5-5e4fc2721a92","STEI_059.basePlot.ltr","D05","STEI","STEI_059","STEI_059_139","2016-09-26","2016-05-19","2016-09-19","2016-09-20T20:30Z","2016-09-26T18:30Z","NEON.LTR.STEI059139.20160919","NEON.LTR.STEI059139.20160919.FLR","NEON.DOC.001710vE","Flowers",0.02,"N",NA,"q4jXFMRo3HvA0bmq2VSfPS/SCAqyEsJQ"
"5f2b099c-bb1c-43d2-93d5-4a04f8c99d98","STEI_059.basePlot.ltr","D05","STEI","STEI_059","STEI_059_139","2016-09-26","2016-05-19","2016-09-19","2016-09-20T20:30Z","2016-09-26T18:30Z","NEON.LTR.STEI059139.20160919","NEON.LTR.STEI059139.20160919.SDS","NEON.DOC.001710vE","Seeds",0.36,"N",NA,"q4jXFMRo3HvA0bmq2VSfPS/SCAqyEsJQ"
"994e68e7-177f-4504-97c3-dd51c2fcbe30","STEI_059.basePlot.ltr","D05","STEI","STEI_059","STEI_059_139","2016-09-26","2016-05-19","2016-09-19","2016-09-20T20:30Z","2016-09-26T18:30Z","NEON.LTR.STEI059139.20160919","NEON.LTR.STEI059139.20160919.NDL","NEON.DOC.001710vE","Needles",0.005,"N",NA,"q4jXFMRo3HvA0bmq2VSfPS/SCAqyEsJQ"
"f8f6c751-bd55-4672-8bf8-300ee00d67f2","STEI_059.basePlot.ltr","D05","STEI","STEI_059","STEI_059_139","2016-09-26","2016-05-19","2016-09-19","2016-09-20T20:30Z","2016-09-26T18:30Z","NEON.LTR.STEI059139.20160919","NEON.LTR.STEI059139.20160919.LVS","NEON.DOC.001710vE","Leaves",10.76,"N",NA,"q4jXFMRo3HvA0bmq2VSfPS/SCAqyEsJQ"
"cfc19f0b-6996-4640-9f12-cc525e33af2d","STEI_051.basePlot.ltr","D05","STEI","STEI_051","STEI_051_885","2016-09-26","2016-05-19","2016-09-19","2016-09-20T20:30Z","2016-09-26T18:30Z","NEON.LTR.STEI051885.20160919","NEON.LTR.STEI051885.20160919.LVS","NEON.DOC.001710vE","Leaves",12.24,"N",NA,"yK8OKO7i1xqEPAI8O44BvyFgRN6LSHQ9"
"b297cbe6-5cf5-481c-a3e6-3e7093e0fef2","STEI_051.basePlot.ltr","D05","STEI","STEI_051","STEI_051_076","2016-09-26","2016-05-19","2016-09-19","2016-09-20T20:30Z","2016-09-26T18:30Z","NEON.LTR.STEI051076.20160919","NEON.LTR.STEI051076.20160919.OTH","NEON.DOC.001710vE","Other",1.93,"N",NA,"yK8OKO7i1xqEPAI8O44BvyFgRN6LSHQ9"
"bf5dfdd8-a7db-4e6e-b1e0-35fc47fe53a4","STEI_051.basePlot.ltr","D05","STEI","STEI_051","STEI_051_885","2016-09-26","2016-05-19","2016-09-19","2016-09-20T20:30Z","2016-09-26T18:30Z","NEON.LTR.STEI051885.20160919","NEON.LTR.STEI051885.20160919.OTH","NEON.DOC.001710vE","Other",0,"N",NA,"yK8OKO7i1xqEPAI8O44BvyFgRN6LSHQ9"
"f638356d-ed21-4d9d-8e5c-c7767d217269","STEI_051.basePlot.ltr","D05","STEI","STEI_051","STEI_051_885","2016-09-26","2016-05-19","2016-09-19","2016-09-20T20:30Z","2016-09-26T18:30Z","NEON.LTR.STEI051885.20160919","NEON.LTR.STEI051885.20160919.SDS","NEON.DOC.001710vE","Seeds",5.63,"N",NA,"yK8OKO7i1xqEPAI8O44BvyFgRN6LSHQ9"
"9c5598c3-7be0-47bd-922d-63080ca588f3","STEI_051.basePlot.ltr","D05","STEI","STEI_051","STEI_051_076","2016-09-26","2016-05-19","2016-09-19","2016-09-20T20:30Z","2016-09-26T18:30Z","NEON.LTR.STEI051076.20160919","NEON.LTR.STEI051076.20160919.WDY","NEON.DOC.001710vE","Woody material",0.1,"N",NA,"yK8OKO7i1xqEPAI8O44BvyFgRN6LSHQ9"
"a5dccffb-443a-44d9-9757-ce66647642ab","STEI_051.basePlot.ltr","D05","STEI","STEI_051","STEI_051_076","2016-09-26","2016-05-19","2016-09-19","2016-09-20T20:30Z","2016-09-26T18:30Z","NEON.LTR.STEI051076.20160919","NEON.LTR.STEI051076.20160919.NDL","NEON.DOC.001710vE","Needles",0,"N",NA,"yK8OKO7i1xqEPAI8O44BvyFgRN6LSHQ9"
"92fa08a4-6c73-4e92-8229-086b332f9112","STEI_051.basePlot.ltr","D05","STEI","STEI_051","STEI_051_885","2016-09-26","2016-05-19","2016-09-19","2016-09-20T20:30Z","2016-09-26T18:30Z","NEON.LTR.STEI051885.20160919","NEON.LTR.STEI051885.20160919.TWI","NEON.DOC.001710vE","Twigs/branches",3.48,"N",NA,"yK8OKO7i1xqEPAI8O44BvyFgRN6LSHQ9"
"f673ab13-10d4-459f-b606-f4e0c8b0eafc","STEI_051.basePlot.ltr","D05","STEI","STEI_051","STEI_051_885","2016-09-26","2016-05-19","2016-09-19","2016-09-20T20:30Z","2016-09-26T18:30Z","NEON.LTR.STEI051885.20160919","NEON.LTR.STEI051885.20160919.FLR","NEON.DOC.001710vE","Flowers",0.29,"N",NA,"yK8OKO7i1xqEPAI8O44BvyFgRN6LSHQ9"
"0309d6f0-f60f-48c6-ba92-d267b50d74c4","STEI_051.basePlot.ltr","D05","STEI","STEI_051","STEI_051_076","2016-09-26","2016-05-19","2016-09-19","2016-09-20T20:30Z","2016-09-26T18:30Z","NEON.LTR.STEI051076.20160919","NEON.LTR.STEI051076.20160919.LVS","NEON.DOC.001710vE","Leaves",6.79,"N",NA,"yK8OKO7i1xqEPAI8O44BvyFgRN6LSHQ9"
"647a48b1-aa8b-42db-8297-ba3988d27be4","STEI_051.basePlot.ltr","D05","STEI","STEI_051","STEI_051_076","2016-09-26","2016-05-19","2016-09-19","2016-09-20T20:30Z","2016-09-26T18:30Z","NEON.LTR.STEI051076.20160919","NEON.LTR.STEI051076.20160919.TWI","NEON.DOC.001710vE","Twigs/branches",1.97,"N",NA,"yK8OKO7i1xqEPAI8O44BvyFgRN6LSHQ9"
"125a7068-e462-4a92-a8fa-f320f10d49ee","STEI_051.basePlot.ltr","D05","STEI","STEI_051","STEI_051_885","2016-09-26","2016-05-19","2016-09-19","2016-09-20T20:30Z","2016-09-26T18:30Z","NEON.LTR.STEI051885.20160919","NEON.LTR.STEI051885.20160919.NDL","NEON.DOC.001710vE","Needles",0.005,"N",NA,"yK8OKO7i1xqEPAI8O44BvyFgRN6LSHQ9"
"9f381da2-965a-49cd-86e1-f3357117aa6a","STEI_051.basePlot.ltr","D05","STEI","STEI_051","STEI_051_076","2016-09-26","2016-05-19","2016-09-19","2016-09-20T20:30Z","2016-09-26T18:30Z","NEON.LTR.STEI051076.20160919","NEON.LTR.STEI051076.20160919.FLR","NEON.DOC.001710vE","Flowers",0.81,"N",NA,"yK8OKO7i1xqEPAI8O44BvyFgRN6LSHQ9"
"663022d5-6faf-471d-ae0f-44cfbe5bb557","STEI_051.basePlot.ltr","D05","STEI","STEI_051","STEI_051_885","2016-09-26","2016-05-19","2016-09-19","2016-09-20T20:30Z","2016-09-26T18:30Z","NEON.LTR.STEI051885.20160919","NEON.LTR.STEI051885.20160919.WDY","NEON.DOC.001710vE","Woody material",0,"N",NA,"yK8OKO7i1xqEPAI8O44BvyFgRN6LSHQ9"
"7c5024b6-e89d-4a4b-9f38-67cc3716f2b5","STEI_051.basePlot.ltr","D05","STEI","STEI_051","STEI_051_076","2016-09-26","2016-05-19","2016-09-19","2016-09-20T20:30Z","2016-09-26T18:30Z","NEON.LTR.STEI051076.20160919","NEON.LTR.STEI051076.20160919.SDS","NEON.DOC.001710vE","Seeds",1.48,"N",NA,"yK8OKO7i1xqEPAI8O44BvyFgRN6LSHQ9"
"5f0d955c-f658-4244-b980-6b29e0e0aea3","STEI_055.basePlot.ltr","D05","STEI","STEI_055","STEI_055_833","2016-09-26","2016-05-19","2016-09-19","2016-09-20T20:30Z","2016-09-26T18:30Z","NEON.LTR.STEI055833.20160919","NEON.LTR.STEI055833.20160919.OTH","NEON.DOC.001710vE","Other",0,"N",NA,"yK8OKO7i1xqEPAI8O44BvyFgRN6LSHQ9"
"64db2b92-b316-4197-8828-ca933a46080f","STEI_055.basePlot.ltr","D05","STEI","STEI_055","STEI_055_833","2016-09-26","2016-05-19","2016-09-19","2016-09-20T20:30Z","2016-09-26T18:30Z","NEON.LTR.STEI055833.20160919","NEON.LTR.STEI055833.20160919.SDS","NEON.DOC.001710vE","Seeds",0.005,"N",NA,"yK8OKO7i1xqEPAI8O44BvyFgRN6LSHQ9"
"82aaf617-aa4b-4f0b-9db4-2b238e7f9291","STEI_055.basePlot.ltr","D05","STEI","STEI_055","STEI_055_833","2016-09-26","2016-05-19","2016-09-19","2016-09-20T20:30Z","2016-09-26T18:30Z","NEON.LTR.STEI055833.20160919","NEON.LTR.STEI055833.20160919.TWI","NEON.DOC.001710vE","Twigs/branches",4.88,"N",NA,"yK8OKO7i1xqEPAI8O44BvyFgRN6LSHQ9"
"65bc31a1-2df4-453b-a84d-0dbfe7eeb899","STEI_055.basePlot.ltr","D05","STEI","STEI_055","STEI_055_833","2016-09-26","2016-05-19","2016-09-19","2016-09-20T20:30Z","2016-09-26T18:30Z","NEON.LTR.STEI055833.20160919","NEON.LTR.STEI055833.20160919.LVS","NEON.DOC.001710vE","Leaves",24.74,"N",NA,"yK8OKO7i1xqEPAI8O44BvyFgRN6LSHQ9"
"5ae961c5-61f0-4557-9617-555d5ae4123a","STEI_055.basePlot.ltr","D05","STEI","STEI_055","STEI_055_833","2016-09-26","2016-05-19","2016-09-19","2016-09-20T20:30Z","2016-09-26T18:30Z","NEON.LTR.STEI055833.20160919","NEON.LTR.STEI055833.20160919.NDL","NEON.DOC.001710vE","Needles",0,"N",NA,"yK8OKO7i1xqEPAI8O44BvyFgRN6LSHQ9"
"69dc3e61-251c-4727-b8f9-d614ffc7ae92","STEI_055.basePlot.ltr","D05","STEI","STEI_055","STEI_055_833","2016-09-26","2016-05-19","2016-09-19","2016-09-20T20:30Z","2016-09-26T18:30Z","NEON.LTR.STEI055833.20160919","NEON.LTR.STEI055833.20160919.WDY","NEON.DOC.001710vE","Woody material",0.1,"N",NA,"yK8OKO7i1xqEPAI8O44BvyFgRN6LSHQ9"
"b6e1b4bb-5f5f-4a6f-866b-a8d569f74e51","STEI_062.basePlot.ltr","D05","STEI","STEI_062","STEI_062_139","2016-09-26","2016-05-19","2016-09-19","2016-09-20T20:30Z","2016-09-26T18:30Z","NEON.LTR.STEI062139.20160919","NEON.LTR.STEI062139.20160919.WDY","NEON.DOC.001710vE","Woody material",0.06,"N",NA,"yK8OKO7i1xqEPAI8O44BvyFgRN6LSHQ9"
"4c512238-3833-4d74-a172-08abbaff8518","STEI_055.basePlot.ltr","D05","STEI","STEI_055","STEI_055_833","2016-09-26","2016-05-19","2016-09-19","2016-09-20T20:30Z","2016-09-26T18:30Z","NEON.LTR.STEI055833.20160919","NEON.LTR.STEI055833.20160919.FLR","NEON.DOC.001710vE","Flowers",0.005,"N",NA,"yK8OKO7i1xqEPAI8O44BvyFgRN6LSHQ9"
"e42c792e-fc52-4346-9594-efdc627f2c4c","STEI_062.basePlot.ltr","D05","STEI","STEI_062","STEI_062_139","2016-09-26","2016-05-19","2016-09-19","2016-09-20T20:30Z","2016-09-26T18:30Z","NEON.LTR.STEI062139.20160919","NEON.LTR.STEI062139.20160919.SDS","NEON.DOC.001710vE","Seeds",0.16,"N",NA,"yK8OKO7i1xqEPAI8O44BvyFgRN6LSHQ9"
"b574fa1d-8335-4bc2-b9e5-2732f0ffb719","STEI_062.basePlot.ltr","D05","STEI","STEI_062","STEI_062_139","2016-09-26","2016-05-19","2016-09-19","2016-09-20T20:30Z","2016-09-26T18:30Z","NEON.LTR.STEI062139.20160919","NEON.LTR.STEI062139.20160919.NDL","NEON.DOC.001710vE","Needles",0.45,"Y",NA,"yK8OKO7i1xqEPAI8O44BvyFgRN6LSHQ9"
"59bce23f-8c31-406c-8696-fb13e1e9d445","STEI_062.basePlot.ltr","D05","STEI","STEI_062","STEI_062_139","2016-09-26","2016-05-19","2016-09-19","2016-09-20T20:30Z","2016-09-26T18:30Z","NEON.LTR.STEI062139.20160919","NEON.LTR.STEI062139.20160919.OTH","NEON.DOC.001710vE","Other",0,"N",NA,"yK8OKO7i1xqEPAI8O44BvyFgRN6LSHQ9"
"098657b2-6e8f-472c-8c82-f19b6ab195e4","STEI_062.basePlot.ltr","D05","STEI","STEI_062","STEI_062_139","2016-09-26","2016-05-19","2016-09-19","2016-09-20T20:30Z","2016-09-26T18:30Z","NEON.LTR.STEI062139.20160919","NEON.LTR.STEI062139.20160919.FLR","NEON.DOC.001710vE","Flowers",0.005,"N",NA,"yK8OKO7i1xqEPAI8O44BvyFgRN6LSHQ9"
"7e9eb8a3-84b9-4fa6-a75e-c748f1351dfc","STEI_062.basePlot.ltr","D05","STEI","STEI_062","STEI_062_139","2016-09-26","2016-05-19","2016-09-19","2016-09-20T20:30Z","2016-09-26T18:30Z","NEON.LTR.STEI062139.20160919","NEON.LTR.STEI062139.20160919.LVS","NEON.DOC.001710vE","Leaves",22.63,"N",NA,"yK8OKO7i1xqEPAI8O44BvyFgRN6LSHQ9"
"6a75c9ad-1439-4033-b161-156ddc646e86","STEI_062.basePlot.ltr","D05","STEI","STEI_062","STEI_062_139","2016-09-26","2016-05-19","2016-09-19","2016-09-20T20:30Z","2016-09-26T18:30Z","NEON.LTR.STEI062139.20160919","NEON.LTR.STEI062139.20160919.TWI","NEON.DOC.001710vE","Twigs/branches",3.5,"N",NA,"yK8OKO7i1xqEPAI8O44BvyFgRN6LSHQ9"
"0a75bf69-5580-45e3-83a6-368fee73f19e","STEI_058.basePlot.ltr","D05","STEI","STEI_058","STEI_058_702","2016-09-26","2016-05-19","2016-09-19","2016-09-20T20:30Z","2016-09-26T18:30Z","NEON.LTR.STEI058702.20160919","NEON.LTR.STEI058702.20160919.TWI","NEON.DOC.001710vE","Twigs/branches",0.23,"N",NA,"q4jXFMRo3HvA0bmq2VSfPS/SCAqyEsJQ"
"ec98e1ef-94df-4514-81d0-5b36225f656c","STEI_058.basePlot.ltr","D05","STEI","STEI_058","STEI_058_862","2016-09-26","2016-05-19","2016-09-19","2016-09-20T20:30Z","2016-09-26T18:30Z","NEON.LTR.STEI058862.20160919","NEON.LTR.STEI058862.20160919.WDY","NEON.DOC.001710vE","Woody material",0,"N",NA,"yK8OKO7i1xqEPAI8O44BvyFgRN6LSHQ9"
"88a6fea6-20e3-42bf-9917-459b4f3a54ff","STEI_058.basePlot.ltr","D05","STEI","STEI_058","STEI_058_862","2016-09-26","2016-05-19","2016-09-19","2016-09-20T20:30Z","2016-09-26T18:30Z","NEON.LTR.STEI058862.20160919","NEON.LTR.STEI058862.20160919.SDS","NEON.DOC.001710vE","Seeds",1.01,"N",NA,"yK8OKO7i1xqEPAI8O44BvyFgRN6LSHQ9"
"fdc96950-94e0-4d9b-9cc7-1b90e69e818f","STEI_058.basePlot.ltr","D05","STEI","STEI_058","STEI_058_702","2016-09-26","2016-05-19","2016-09-19","2016-09-20T20:30Z","2016-09-26T18:30Z","NEON.LTR.STEI058702.20160919","NEON.LTR.STEI058702.20160919.OTH","NEON.DOC.001710vE","Other",0,"N",NA,"q4jXFMRo3HvA0bmq2VSfPS/SCAqyEsJQ"
"aca8955e-6c80-4711-9359-f970c4c88718","STEI_058.basePlot.ltr","D05","STEI","STEI_058","STEI_058_862","2016-09-26","2016-05-19","2016-09-19","2016-09-20T20:30Z","2016-09-26T18:30Z","NEON.LTR.STEI058862.20160919","NEON.LTR.STEI058862.20160919.LVS","NEON.DOC.001710vE","Leaves",37.15,"N",NA,"yK8OKO7i1xqEPAI8O44BvyFgRN6LSHQ9"
"af92da52-ee78-482d-896d-d63dce09a124","STEI_058.basePlot.ltr","D05","STEI","STEI_058","STEI_058_862","2016-09-26","2016-05-19","2016-09-19","2016-09-20T20:30Z","2016-09-26T18:30Z","NEON.LTR.STEI058862.20160919","NEON.LTR.STEI058862.20160919.NDL","NEON.DOC.001710vE","Needles",0.15,"N",NA,"yK8OKO7i1xqEPAI8O44BvyFgRN6LSHQ9"
"92d328d9-87a2-4fa5-96cf-eb0511baf66c","STEI_058.basePlot.ltr","D05","STEI","STEI_058","STEI_058_702","2016-09-26","2016-05-19","2016-09-19","2016-09-20T20:30Z","2016-09-26T18:30Z","NEON.LTR.STEI058702.20160919","NEON.LTR.STEI058702.20160919.WDY","NEON.DOC.001710vE","Woody material",0,"N",NA,"q4jXFMRo3HvA0bmq2VSfPS/SCAqyEsJQ"
"83846913-410c-4349-a29b-52c5cae744fc","STEI_058.basePlot.ltr","D05","STEI","STEI_058","STEI_058_862","2016-09-26","2016-05-19","2016-09-19","2016-09-20T20:30Z","2016-09-26T18:30Z","NEON.LTR.STEI058862.20160919","NEON.LTR.STEI058862.20160919.FLR","NEON.DOC.001710vE","Flowers",0.64,"N",NA,"yK8OKO7i1xqEPAI8O44BvyFgRN6LSHQ9"
"2fe27cc8-fa14-4517-9c6c-fed521b79ba8","STEI_058.basePlot.ltr","D05","STEI","STEI_058","STEI_058_862","2016-09-26","2016-05-19","2016-09-19","2016-09-20T20:30Z","2016-09-26T18:30Z","NEON.LTR.STEI058862.20160919","NEON.LTR.STEI058862.20160919.OTH","NEON.DOC.001710vE","Other",0,"N",NA,"yK8OKO7i1xqEPAI8O44BvyFgRN6LSHQ9"
"a5dea742-27ce-4daf-8017-b3826a099aac","STEI_058.basePlot.ltr","D05","STEI","STEI_058","STEI_058_862","2016-09-26","2016-05-19","2016-09-19","2016-09-20T20:30Z","2016-09-26T18:30Z","NEON.LTR.STEI058862.20160919","NEON.LTR.STEI058862.20160919.TWI","NEON.DOC.001710vE","Twigs/branches",6.52,"N",NA,"yK8OKO7i1xqEPAI8O44BvyFgRN6LSHQ9"
"b926245e-6626-4a15-bf84-c3d3b1a60472","STEI_052.basePlot.ltr","D05","STEI","STEI_052","STEI_052_903","2016-09-26","2016-05-19","2016-09-19","2016-09-20T20:30Z","2016-09-26T18:30Z","NEON.LTR.STEI052903.20160919","NEON.LTR.STEI052903.20160919.TWI","NEON.DOC.001710vE","Twigs/branches",0.03,"N",NA,"yK8OKO7i1xqEPAI8O44BvyFgRN6LSHQ9"
"2b6c509f-a82d-458c-bded-f6db8a3b2568","STEI_052.basePlot.ltr","D05","STEI","STEI_052","STEI_052_903","2016-09-26","2016-05-19","2016-09-19","2016-09-20T20:30Z","2016-09-26T18:30Z","NEON.LTR.STEI052903.20160919","NEON.LTR.STEI052903.20160919.LVS","NEON.DOC.001710vE","Leaves",7.35,"N",NA,"yK8OKO7i1xqEPAI8O44BvyFgRN6LSHQ9"
"33fd0869-07bf-452a-b0be-edfb897fd496","STEI_052.basePlot.ltr","D05","STEI","STEI_052","STEI_052_903","2016-09-26","2016-05-19","2016-09-19","2016-09-20T20:30Z","2016-09-26T18:30Z","NEON.LTR.STEI052903.20160919","NEON.LTR.STEI052903.20160919.FLR","NEON.DOC.001710vE","Flowers",0,"N",NA,"yK8OKO7i1xqEPAI8O44BvyFgRN6LSHQ9"
"741846ac-1157-43d1-a501-cda0fc4550cc","STEI_052.basePlot.ltr","D05","STEI","STEI_052","STEI_052_903","2016-09-26","2016-05-19","2016-09-19","2016-09-20T20:30Z","2016-09-26T18:30Z","NEON.LTR.STEI052903.20160919","NEON.LTR.STEI052903.20160919.NDL","NEON.DOC.001710vE","Needles",0.005,"N",NA,"yK8OKO7i1xqEPAI8O44BvyFgRN6LSHQ9"
"55546ecd-2b98-4feb-8bf4-68cffdd4c3de","STEI_052.basePlot.ltr","D05","STEI","STEI_052","STEI_052_903","2016-09-26","2016-05-19","2016-09-19","2016-09-20T20:30Z","2016-09-26T18:30Z","NEON.LTR.STEI052903.20160919","NEON.LTR.STEI052903.20160919.OTH","NEON.DOC.001710vE","Other",0.18,"N",NA,"yK8OKO7i1xqEPAI8O44BvyFgRN6LSHQ9"
"3ba83e4e-6c00-4533-8f51-649b7f97dc2a","STEI_052.basePlot.ltr","D05","STEI","STEI_052","STEI_052_903","2016-09-26","2016-05-19","2016-09-19","2016-09-20T20:30Z","2016-09-26T18:30Z","NEON.LTR.STEI052903.20160919","NEON.LTR.STEI052903.20160919.SDS","NEON.DOC.001710vE","Seeds",0.08,"N",NA,"yK8OKO7i1xqEPAI8O44BvyFgRN6LSHQ9"
"0291cc59-da64-4525-b85f-12f7a2b61047","STEI_052.basePlot.ltr","D05","STEI","STEI_052","STEI_052_903","2016-09-26","2016-05-19","2016-09-19","2016-09-20T20:30Z","2016-09-26T18:30Z","NEON.LTR.STEI052903.20160919","NEON.LTR.STEI052903.20160919.WDY","NEON.DOC.001710vE","Woody material",0,"N",NA,"yK8OKO7i1xqEPAI8O44BvyFgRN6LSHQ9"
"89a9788f-a141-4b08-9a83-b51a13bdb61b","STEI_059.basePlot.ltr","D05","STEI","STEI_059","STEI_059_452","2016-09-26","2016-05-19","2016-09-19","2016-09-20T20:30Z","2016-09-26T18:30Z","NEON.LTR.STEI059452.20160919","NEON.LTR.STEI059452.20160919.SDS","NEON.DOC.001710vE","Seeds",0.27,"N",NA,"yK8OKO7i1xqEPAI8O44BvyFgRN6LSHQ9"
"5b20bd50-bc72-4d5c-a961-20ec5d08735a","STEI_059.basePlot.ltr","D05","STEI","STEI_059","STEI_059_452","2016-09-26","2016-05-19","2016-09-19","2016-09-20T20:30Z","2016-09-26T18:30Z","NEON.LTR.STEI059452.20160919","NEON.LTR.STEI059452.20160919.OTH","NEON.DOC.001710vE","Other",0,"N",NA,"yK8OKO7i1xqEPAI8O44BvyFgRN6LSHQ9"
"e0172784-02d0-4bc0-be53-cdaf946bfcea","STEI_059.basePlot.ltr","D05","STEI","STEI_059","STEI_059_452","2016-09-26","2016-05-19","2016-09-19","2016-09-20T20:30Z","2016-09-26T18:30Z","NEON.LTR.STEI059452.20160919","NEON.LTR.STEI059452.20160919.NDL","NEON.DOC.001710vE","Needles",0,"N",NA,"yK8OKO7i1xqEPAI8O44BvyFgRN6LSHQ9"
"2e8ea5ff-e7ca-42fb-90fb-383fe3f6c54b","STEI_059.basePlot.ltr","D05","STEI","STEI_059","STEI_059_452","2016-09-26","2016-05-19","2016-09-19","2016-09-20T20:30Z","2016-09-26T18:30Z","NEON.LTR.STEI059452.20160919","NEON.LTR.STEI059452.20160919.WDY","NEON.DOC.001710vE","Woody material",0,"N",NA,"yK8OKO7i1xqEPAI8O44BvyFgRN6LSHQ9"
"6b9d35b9-82c1-4007-a80a-96061268cd6c","STEI_059.basePlot.ltr","D05","STEI","STEI_059","STEI_059_452","2016-09-26","2016-05-19","2016-09-19","2016-09-20T20:30Z","2016-09-26T18:30Z","NEON.LTR.STEI059452.20160919","NEON.LTR.STEI059452.20160919.LVS","NEON.DOC.001710vE","Leaves",16.72,"Y",NA,"yK8OKO7i1xqEPAI8O44BvyFgRN6LSHQ9"
"690ad20f-0265-4158-b87b-546e280fa621","STEI_059.basePlot.ltr","D05","STEI","STEI_059","STEI_059_452","2016-09-26","2016-05-19","2016-09-19","2016-09-20T20:30Z","2016-09-26T18:30Z","NEON.LTR.STEI059452.20160919","NEON.LTR.STEI059452.20160919.TWI","NEON.DOC.001710vE","Twigs/branches",3.16,"N",NA,"yK8OKO7i1xqEPAI8O44BvyFgRN6LSHQ9"
"24b416eb-576b-4fbf-a825-8627b4f6d93e","STEI_056.basePlot.ltr","D05","STEI","STEI_056","STEI_056_297","2016-09-26","2016-05-19","2016-09-19","2016-09-20T08:30Z","2016-09-20T18:30Z","NEON.LTR.STEI056297.20160919","NEON.LTR.STEI056297.20160919.NDL","NEON.DOC.001710vE","Needles",0,"N",NA,"yK8OKO7i1xqEPAI8O44BvyFgRN6LSHQ9"
"e9c2b6ce-3d63-4081-b833-a692b6513d6f","STEI_059.basePlot.ltr","D05","STEI","STEI_059","STEI_059_452","2016-09-26","2016-05-19","2016-09-19","2016-09-20T20:30Z","2016-09-26T18:30Z","NEON.LTR.STEI059452.20160919","NEON.LTR.STEI059452.20160919.FLR","NEON.DOC.001710vE","Flowers",0.005,"N",NA,"yK8OKO7i1xqEPAI8O44BvyFgRN6LSHQ9"
"5209b58b-652f-423e-b3c5-d4ee19c9e48e","STEI_056.basePlot.ltr","D05","STEI","STEI_056","STEI_056_297","2016-09-26","2016-05-19","2016-09-19","2016-09-20T08:30Z","2016-09-20T18:30Z","NEON.LTR.STEI056297.20160919","NEON.LTR.STEI056297.20160919.SDS","NEON.DOC.001710vE","Seeds",0.005,"N",NA,"yK8OKO7i1xqEPAI8O44BvyFgRN6LSHQ9"
"457fdf32-8b0e-470b-a688-08f41a83cb11","STEI_056.basePlot.ltr","D05","STEI","STEI_056","STEI_056_297","2016-09-26","2016-05-19","2016-09-19","2016-09-20T08:30Z","2016-09-20T18:30Z","NEON.LTR.STEI056297.20160919","NEON.LTR.STEI056297.20160919.FLR","NEON.DOC.001710vE","Flowers",0,"N",NA,"yK8OKO7i1xqEPAI8O44BvyFgRN6LSHQ9"
"6b7ba709-4fe2-4069-b6cd-8a79101cf1d5","STEI_056.basePlot.ltr","D05","STEI","STEI_056","STEI_056_297","2016-09-26","2016-05-19","2016-09-19","2016-09-20T08:30Z","2016-09-20T18:30Z","NEON.LTR.STEI056297.20160919","NEON.LTR.STEI056297.20160919.OTH","NEON.DOC.001710vE","Other",2.25,"Y",NA,"yK8OKO7i1xqEPAI8O44BvyFgRN6LSHQ9"
"851b7ff4-fc20-4980-a64c-decfb115b261","STEI_056.basePlot.ltr","D05","STEI","STEI_056","STEI_056_297","2016-09-26","2016-05-19","2016-09-19","2016-09-20T08:30Z","2016-09-20T18:30Z","NEON.LTR.STEI056297.20160919","NEON.LTR.STEI056297.20160919.TWI","NEON.DOC.001710vE","Twigs/branches",11.75,"N",NA,"yK8OKO7i1xqEPAI8O44BvyFgRN6LSHQ9"
"142ccb13-d21b-4e6c-98c7-65373057269e","STEI_056.basePlot.ltr","D05","STEI","STEI_056","STEI_056_297","2016-09-26","2016-05-19","2016-09-19","2016-09-20T08:30Z","2016-09-20T18:30Z","NEON.LTR.STEI056297.20160919","NEON.LTR.STEI056297.20160919.WDY","NEON.DOC.001710vE","Woody material",0,"N",NA,"yK8OKO7i1xqEPAI8O44BvyFgRN6LSHQ9"
"c214f161-7dfd-407c-9b38-cc99aaa68498","STEI_056.basePlot.ltr","D05","STEI","STEI_056","STEI_056_297","2016-09-26","2016-05-19","2016-09-19","2016-09-20T08:30Z","2016-09-20T18:30Z","NEON.LTR.STEI056297.20160919","NEON.LTR.STEI056297.20160919.LVS","NEON.DOC.001710vE","Leaves",21.01,"N",NA,"yK8OKO7i1xqEPAI8O44BvyFgRN6LSHQ9"
"a5c0baaf-e311-486b-bf9d-403ad6cb9cae","STEI_058.basePlot.ltr","D05","STEI","STEI_058","STEI_058_702","2016-09-26","2016-05-19","2016-09-19","2016-09-20T20:30Z","2016-09-26T18:30Z","NEON.LTR.STEI058702.20160919","NEON.LTR.STEI058702.20160919.FLR","NEON.DOC.001710vE","Flowers",0.22,"N",NA,"q4jXFMRo3HvA0bmq2VSfPS/SCAqyEsJQ"
"be0cce0f-fdcd-4ba1-b7db-846134fbc4a0","STEI_058.basePlot.ltr","D05","STEI","STEI_058","STEI_058_702","2016-09-26","2016-05-19","2016-09-19","2016-09-20T20:30Z","2016-09-26T18:30Z","NEON.LTR.STEI058702.20160919","NEON.LTR.STEI058702.20160919.LVS","NEON.DOC.001710vE","Leaves",16.12,"N",NA,"q4jXFMRo3HvA0bmq2VSfPS/SCAqyEsJQ"
"f74cd41c-ee34-4a9a-b48d-7422c71e7f9f","STEI_058.basePlot.ltr","D05","STEI","STEI_058","STEI_058_702","2016-09-26","2016-05-19","2016-09-19","2016-09-20T20:30Z","2016-09-26T18:30Z","NEON.LTR.STEI058702.20160919","NEON.LTR.STEI058702.20160919.NDL","NEON.DOC.001710vE","Needles",0.005,"N",NA,"q4jXFMRo3HvA0bmq2VSfPS/SCAqyEsJQ"
"72805300-225d-496c-abff-42b89d32c794","STEI_058.basePlot.ltr","D05","STEI","STEI_058","STEI_058_702","2016-09-26","2016-05-19","2016-09-19","2016-09-20T20:30Z","2016-09-26T18:30Z","NEON.LTR.STEI058702.20160919","NEON.LTR.STEI058702.20160919.SDS","NEON.DOC.001710vE","Seeds",2.21,"Y",NA,"q4jXFMRo3HvA0bmq2VSfPS/SCAqyEsJQ"
"a06dfa12-e6b4-40e9-83d1-c9f75ed00876","STEI_050.basePlot.ltr","D05","STEI","STEI_050","STEI_050_291","2016-09-26","2016-05-19","2016-09-19","2016-09-20T20:30Z","2016-09-26T18:30Z","NEON.LTR.STEI050291.20160919","NEON.LTR.STEI050291.20160919.SDS","NEON.DOC.001710vE","Seeds",0.1,"N",NA,"yK8OKO7i1xqEPAI8O44BvyFgRN6LSHQ9"
"f584b968-94f3-4b38-92e3-f478e8b499b8","STEI_050.basePlot.ltr","D05","STEI","STEI_050","STEI_050_291","2016-09-26","2016-05-19","2016-09-19","2016-09-20T20:30Z","2016-09-26T18:30Z","NEON.LTR.STEI050291.20160919","NEON.LTR.STEI050291.20160919.OTH","NEON.DOC.001710vE","Other",0,"N",NA,"yK8OKO7i1xqEPAI8O44BvyFgRN6LSHQ9"
"9b383ed2-4ef3-4ea5-8e2a-1082664caebe","STEI_050.basePlot.ltr","D05","STEI","STEI_050","STEI_050_291","2016-09-26","2016-05-19","2016-09-19","2016-09-20T20:30Z","2016-09-26T18:30Z","NEON.LTR.STEI050291.20160919","NEON.LTR.STEI050291.20160919.FLR","NEON.DOC.001710vE","Flowers",0.05,"N",NA,"yK8OKO7i1xqEPAI8O44BvyFgRN6LSHQ9"
"5cee6782-869b-40f9-8b99-9f02dfee1718","STEI_050.basePlot.ltr","D05","STEI","STEI_050","STEI_050_291","2016-09-26","2016-05-19","2016-09-19","2016-09-20T20:30Z","2016-09-26T18:30Z","NEON.LTR.STEI050291.20160919","NEON.LTR.STEI050291.20160919.WDY","NEON.DOC.001710vE","Woody material",0,"N",NA,"yK8OKO7i1xqEPAI8O44BvyFgRN6LSHQ9"
"05c3bd7f-1777-4de2-84cc-ca3968b53695","STEI_050.basePlot.ltr","D05","STEI","STEI_050","STEI_050_291","2016-09-26","2016-05-19","2016-09-19","2016-09-20T20:30Z","2016-09-26T18:30Z","NEON.LTR.STEI050291.20160919","NEON.LTR.STEI050291.20160919.NDL","NEON.DOC.001710vE","Needles",0,"N",NA,"yK8OKO7i1xqEPAI8O44BvyFgRN6LSHQ9"
"63aedfa7-084a-4f73-94ab-bd834a737f18","STEI_050.basePlot.ltr","D05","STEI","STEI_050","STEI_050_291","2016-09-26","2016-05-19","2016-09-19","2016-09-20T20:30Z","2016-09-26T18:30Z","NEON.LTR.STEI050291.20160919","NEON.LTR.STEI050291.20160919.TWI","NEON.DOC.001710vE","Twigs/branches",6.04,"Y",NA,"yK8OKO7i1xqEPAI8O44BvyFgRN6LSHQ9"
"4ff69260-cc72-4034-afff-01c165d6ba00","STEI_050.basePlot.ltr","D05","STEI","STEI_050","STEI_050_291","2016-09-26","2016-05-19","2016-09-19","2016-09-20T20:30Z","2016-09-26T18:30Z","NEON.LTR.STEI050291.20160919","NEON.LTR.STEI050291.20160919.LVS","NEON.DOC.001710vE","Leaves",40.7,"N",NA,"yK8OKO7i1xqEPAI8O44BvyFgRN6LSHQ9"
"b4f45ac7-d68f-4d4e-8201-23a9d0d89639","STEI_057.basePlot.ltr","D05","STEI","STEI_057","STEI_057_061","2016-09-26","2016-05-19","2016-09-19","2016-09-20T20:30Z","2016-09-26T18:30Z","NEON.LTR.STEI057061.20160919","NEON.LTR.STEI057061.20160919.SDS","NEON.DOC.001710vE","Seeds",0.07,"N",NA,"yK8OKO7i1xqEPAI8O44BvyFgRN6LSHQ9"
"79a9f4d5-a093-4618-b44c-d5999e2f6794","STEI_057.basePlot.ltr","D05","STEI","STEI_057","STEI_057_061","2016-09-26","2016-05-19","2016-09-19","2016-09-20T20:30Z","2016-09-26T18:30Z","NEON.LTR.STEI057061.20160919","NEON.LTR.STEI057061.20160919.LVS","NEON.DOC.001710vE","Leaves",21.11,"Y",NA,"yK8OKO7i1xqEPAI8O44BvyFgRN6LSHQ9"
"1dc84e2f-71fd-4729-9b32-ce072b323a83","STEI_057.basePlot.ltr","D05","STEI","STEI_057","STEI_057_061","2016-09-26","2016-05-19","2016-09-19","2016-09-20T20:30Z","2016-09-26T18:30Z","NEON.LTR.STEI057061.20160919","NEON.LTR.STEI057061.20160919.OTH","NEON.DOC.001710vE","Other",3.48,"N",NA,"yK8OKO7i1xqEPAI8O44BvyFgRN6LSHQ9"
"c1f17e0c-645f-4fdb-a32c-9de6948e89d9","STEI_057.basePlot.ltr","D05","STEI","STEI_057","STEI_057_061","2016-09-26","2016-05-19","2016-09-19","2016-09-20T20:30Z","2016-09-26T18:30Z","NEON.LTR.STEI057061.20160919","NEON.LTR.STEI057061.20160919.TWI","NEON.DOC.001710vE","Twigs/branches",5.46,"N",NA,"yK8OKO7i1xqEPAI8O44BvyFgRN6LSHQ9"
"32c40544-07ca-4249-8b75-f554caf9921f","STEI_057.basePlot.ltr","D05","STEI","STEI_057","STEI_057_061","2016-09-26","2016-05-19","2016-09-19","2016-09-20T20:30Z","2016-09-26T18:30Z","NEON.LTR.STEI057061.20160919","NEON.LTR.STEI057061.20160919.WDY","NEON.DOC.001710vE","Woody material",0.11,"N",NA,"yK8OKO7i1xqEPAI8O44BvyFgRN6LSHQ9"
"81436de0-6063-4e6f-b382-28def1513d4e","STEI_057.basePlot.ltr","D05","STEI","STEI_057","STEI_057_061","2016-09-26","2016-05-19","2016-09-19","2016-09-20T20:30Z","2016-09-26T18:30Z","NEON.LTR.STEI057061.20160919","NEON.LTR.STEI057061.20160919.FLR","NEON.DOC.001710vE","Flowers",0,"N",NA,"yK8OKO7i1xqEPAI8O44BvyFgRN6LSHQ9"
"f98ce3a4-1603-4aa2-81e3-7e703d2d5a5a","STEI_057.basePlot.ltr","D05","STEI","STEI_057","STEI_057_061","2016-09-26","2016-05-19","2016-09-19","2016-09-20T20:30Z","2016-09-26T18:30Z","NEON.LTR.STEI057061.20160919","NEON.LTR.STEI057061.20160919.NDL","NEON.DOC.001710vE","Needles",0,"N",NA,"yK8OKO7i1xqEPAI8O44BvyFgRN6LSHQ9"
"7d6a9826-5543-4452-98bc-03c76076a4dd","STEI_057.basePlot.ltr","D05","STEI","STEI_057","STEI_057_901","2016-09-26","2016-05-19","2016-09-19","2016-09-20T20:30Z","2016-09-26T18:30Z","NEON.LTR.STEI057901.20160919","NEON.LTR.STEI057901.20160919.WDY","NEON.DOC.001710vE","Woody material",0.01,"N",NA,"q4jXFMRo3HvA0bmq2VSfPS/SCAqyEsJQ"
"461e1be7-dfe1-40e0-843a-312f57d2516b","STEI_057.basePlot.ltr","D05","STEI","STEI_057","STEI_057_901","2016-09-26","2016-05-19","2016-09-19","2016-09-20T20:30Z","2016-09-26T18:30Z","NEON.LTR.STEI057901.20160919","NEON.LTR.STEI057901.20160919.LVS","NEON.DOC.001710vE","Leaves",288.36,"N",NA,"q4jXFMRo3HvA0bmq2VSfPS/SCAqyEsJQ"
"bc5e9575-7f6b-4783-a896-2bab8f0254f7","STEI_057.basePlot.ltr","D05","STEI","STEI_057","STEI_057_901","2016-09-26","2016-05-19","2016-09-19","2016-09-20T20:30Z","2016-09-26T18:30Z","NEON.LTR.STEI057901.20160919","NEON.LTR.STEI057901.20160919.SDS","NEON.DOC.001710vE","Seeds",0.08,"N",NA,"q4jXFMRo3HvA0bmq2VSfPS/SCAqyEsJQ"
"e59d9c06-6884-4c64-99ea-32987f1150db","STEI_057.basePlot.ltr","D05","STEI","STEI_057","STEI_057_901","2016-09-26","2016-05-19","2016-09-19","2016-09-20T20:30Z","2016-09-26T18:30Z","NEON.LTR.STEI057901.20160919","NEON.LTR.STEI057901.20160919.FLR","NEON.DOC.001710vE","Flowers",0,"N",NA,"q4jXFMRo3HvA0bmq2VSfPS/SCAqyEsJQ"
"d77cc804-99eb-4b58-b525-61c783ae2081","STEI_057.basePlot.ltr","D05","STEI","STEI_057","STEI_057_901","2016-09-26","2016-05-19","2016-09-19","2016-09-20T20:30Z","2016-09-26T18:30Z","NEON.LTR.STEI057901.20160919","NEON.LTR.STEI057901.20160919.NDL","NEON.DOC.001710vE","Needles",0.005,"N",NA,"q4jXFMRo3HvA0bmq2VSfPS/SCAqyEsJQ"
"fa28d626-eb72-482f-b01c-ae4db457c502","STEI_057.basePlot.ltr","D05","STEI","STEI_057","STEI_057_901","2016-09-26","2016-05-19","2016-09-19","2016-09-20T20:30Z","2016-09-26T18:30Z","NEON.LTR.STEI057901.20160919","NEON.LTR.STEI057901.20160919.OTH","NEON.DOC.001710vE","Other",1.64,"Y",NA,"q4jXFMRo3HvA0bmq2VSfPS/SCAqyEsJQ"
"d272bf05-4c5a-48f1-bacd-472e4920ca8f","STEI_060.basePlot.ltr","D05","STEI","STEI_060","STEI_060_061","2016-09-26","2016-05-19","2016-09-19","2016-09-20T20:30Z","2016-09-26T18:30Z","NEON.LTR.STEI060061.20160919","NEON.LTR.STEI060061.20160919.SDS","NEON.DOC.001710vE","Seeds",0.21,"N",NA,"yK8OKO7i1xqEPAI8O44BvyFgRN6LSHQ9"
"fd94516b-cbff-4ccd-8395-c2f58a68a7e4","STEI_060.basePlot.ltr","D05","STEI","STEI_060","STEI_060_061","2016-09-26","2016-05-19","2016-09-19","2016-09-20T20:30Z","2016-09-26T18:30Z","NEON.LTR.STEI060061.20160919","NEON.LTR.STEI060061.20160919.TWI","NEON.DOC.001710vE","Twigs/branches",0.19,"N",NA,"yK8OKO7i1xqEPAI8O44BvyFgRN6LSHQ9"
"76a60501-21ea-48c6-905b-fd232da35d59","STEI_057.basePlot.ltr","D05","STEI","STEI_057","STEI_057_901","2016-09-26","2016-05-19","2016-09-19","2016-09-20T20:30Z","2016-09-26T18:30Z","NEON.LTR.STEI057901.20160919","NEON.LTR.STEI057901.20160919.TWI","NEON.DOC.001710vE","Twigs/branches",1.89,"N",NA,"q4jXFMRo3HvA0bmq2VSfPS/SCAqyEsJQ"
"4c4eaf16-ce29-4614-aa33-fd70ab49ed06","STEI_060.basePlot.ltr","D05","STEI","STEI_060","STEI_060_061","2016-09-26","2016-05-19","2016-09-19","2016-09-20T20:30Z","2016-09-26T18:30Z","NEON.LTR.STEI060061.20160919","NEON.LTR.STEI060061.20160919.NDL","NEON.DOC.001710vE","Needles",0.51,"N",NA,"yK8OKO7i1xqEPAI8O44BvyFgRN6LSHQ9"
"02ef0065-aae7-4f43-95db-3aa529efa794","STEI_060.basePlot.ltr","D05","STEI","STEI_060","STEI_060_061","2016-09-26","2016-05-19","2016-09-19","2016-09-20T20:30Z","2016-09-26T18:30Z","NEON.LTR.STEI060061.20160919","NEON.LTR.STEI060061.20160919.WDY","NEON.DOC.001710vE","Woody material",0,"N",NA,"yK8OKO7i1xqEPAI8O44BvyFgRN6LSHQ9"
"d6737370-a7f2-4fa5-a2ae-6d2f9442f30f","STEI_060.basePlot.ltr","D05","STEI","STEI_060","STEI_060_061","2016-09-26","2016-05-19","2016-09-19","2016-09-20T20:30Z","2016-09-26T18:30Z","NEON.LTR.STEI060061.20160919","NEON.LTR.STEI060061.20160919.FLR","NEON.DOC.001710vE","Flowers",1.44,"N",NA,"yK8OKO7i1xqEPAI8O44BvyFgRN6LSHQ9"
"f7588666-330f-4384-a1b8-6ae0c56b583a","STEI_060.basePlot.ltr","D05","STEI","STEI_060","STEI_060_061","2016-09-26","2016-05-19","2016-09-19","2016-09-20T20:30Z","2016-09-26T18:30Z","NEON.LTR.STEI060061.20160919","NEON.LTR.STEI060061.20160919.OTH","NEON.DOC.001710vE","Other",0.32,"N",NA,"yK8OKO7i1xqEPAI8O44BvyFgRN6LSHQ9"
"65559ece-0e59-4aa9-81d6-ee8b4d4ff665","STEI_060.basePlot.ltr","D05","STEI","STEI_060","STEI_060_061","2016-09-26","2016-05-19","2016-09-19","2016-09-20T20:30Z","2016-09-26T18:30Z","NEON.LTR.STEI060061.20160919","NEON.LTR.STEI060061.20160919.LVS","NEON.DOC.001710vE","Leaves",2.28,"N",NA,"yK8OKO7i1xqEPAI8O44BvyFgRN6LSHQ9"
"9b69be0d-c731-49aa-a48e-f4566ea46d3f","STEI_061.basePlot.ltr","D05","STEI","STEI_061","STEI_061_862","2016-09-26","2016-05-19","2016-09-19","2016-09-20T20:30Z","2016-09-26T18:30Z","NEON.LTR.STEI061862.20160919","NEON.LTR.STEI061862.20160919.SDS","NEON.DOC.001710vE","Seeds",0.18,"N",NA,"q4jXFMRo3HvA0bmq2VSfPS/SCAqyEsJQ"
"baa3ebd8-2d77-407a-ab9d-003d3f88e223","STEI_061.basePlot.ltr","D05","STEI","STEI_061","STEI_061_862","2016-09-26","2016-05-19","2016-09-19","2016-09-20T20:30Z","2016-09-26T18:30Z","NEON.LTR.STEI061862.20160919","NEON.LTR.STEI061862.20160919.WDY","NEON.DOC.001710vE","Woody material",1.01,"N",NA,"q4jXFMRo3HvA0bmq2VSfPS/SCAqyEsJQ"
"8f56521a-93e3-441e-9252-e67d119dd7b5","STEI_061.basePlot.ltr","D05","STEI","STEI_061","STEI_061_862","2016-09-26","2016-05-19","2016-09-19","2016-09-20T20:30Z","2016-09-26T18:30Z","NEON.LTR.STEI061862.20160919","NEON.LTR.STEI061862.20160919.TWI","NEON.DOC.001710vE","Twigs/branches",0.88,"N",NA,"q4jXFMRo3HvA0bmq2VSfPS/SCAqyEsJQ"
"f9d3b3e4-5e30-471a-9a26-fccc8f52e4c4","STEI_061.basePlot.ltr","D05","STEI","STEI_061","STEI_061_862","2016-09-26","2016-05-19","2016-09-19","2016-09-20T20:30Z","2016-09-26T18:30Z","NEON.LTR.STEI061862.20160919","NEON.LTR.STEI061862.20160919.LVS","NEON.DOC.001710vE","Leaves",3.51,"N",NA,"q4jXFMRo3HvA0bmq2VSfPS/SCAqyEsJQ"
"99bfc4e4-5a5d-465d-b16e-0467947932fe","STEI_061.basePlot.ltr","D05","STEI","STEI_061","STEI_061_862","2016-09-26","2016-05-19","2016-09-19","2016-09-20T20:30Z","2016-09-26T18:30Z","NEON.LTR.STEI061862.20160919","NEON.LTR.STEI061862.20160919.NDL","NEON.DOC.001710vE","Needles",2.15,"N",NA,"q4jXFMRo3HvA0bmq2VSfPS/SCAqyEsJQ"
"0fa2cc05-99d7-4243-bdc6-276fb956ff4e","STEI_061.basePlot.ltr","D05","STEI","STEI_061","STEI_061_862","2016-09-26","2016-05-19","2016-09-19","2016-09-20T20:30Z","2016-09-26T18:30Z","NEON.LTR.STEI061862.20160919","NEON.LTR.STEI061862.20160919.OTH","NEON.DOC.001710vE","Other",5.69,"Y",NA,"q4jXFMRo3HvA0bmq2VSfPS/SCAqyEsJQ"
"32941826-841b-4938-a695-6f53a0b68f76","STEI_061.basePlot.ltr","D05","STEI","STEI_061","STEI_061_862","2016-09-26","2016-05-19","2016-09-19","2016-09-20T20:30Z","2016-09-26T18:30Z","NEON.LTR.STEI061862.20160919","NEON.LTR.STEI061862.20160919.FLR","NEON.DOC.001710vE","Flowers",2.61,"N",NA,"q4jXFMRo3HvA0bmq2VSfPS/SCAqyEsJQ"
"82cea765-0e54-4031-a6d7-1f9b5b13adf2","STEI_060.basePlot.ltr","D05","STEI","STEI_060","STEI_060_901","2016-09-26","2016-05-19","2016-09-19","2016-09-20T20:30Z","2016-09-26T18:30Z","NEON.LTR.STEI060901.20160919","NEON.LTR.STEI060901.20160919.FLR","NEON.DOC.001710vE","Flowers",1.44,"N",NA,"q4jXFMRo3HvA0bmq2VSfPS/SCAqyEsJQ"
"9cef9fc8-c395-4ef9-8c11-1f1e832a71b5","STEI_060.basePlot.ltr","D05","STEI","STEI_060","STEI_060_901","2016-09-26","2016-05-19","2016-09-19","2016-09-20T20:30Z","2016-09-26T18:30Z","NEON.LTR.STEI060901.20160919","NEON.LTR.STEI060901.20160919.WDY","NEON.DOC.001710vE","Woody material",0,"N",NA,"q4jXFMRo3HvA0bmq2VSfPS/SCAqyEsJQ"
"f4903cc5-0ecf-45c3-96e9-95127f7e513b","STEI_060.basePlot.ltr","D05","STEI","STEI_060","STEI_060_901","2016-09-26","2016-05-19","2016-09-19","2016-09-20T20:30Z","2016-09-26T18:30Z","NEON.LTR.STEI060901.20160919","NEON.LTR.STEI060901.20160919.LVS","NEON.DOC.001710vE","Leaves",21.56,"N",NA,"q4jXFMRo3HvA0bmq2VSfPS/SCAqyEsJQ"
"a26b0633-e787-4403-9273-87ac947f6126","STEI_060.basePlot.ltr","D05","STEI","STEI_060","STEI_060_901","2016-09-26","2016-05-19","2016-09-19","2016-09-20T20:30Z","2016-09-26T18:30Z","NEON.LTR.STEI060901.20160919","NEON.LTR.STEI060901.20160919.NDL","NEON.DOC.001710vE","Needles",0.22,"N",NA,"q4jXFMRo3HvA0bmq2VSfPS/SCAqyEsJQ"
"1c18b8e0-2e15-4b9c-8e98-dfbe10f7d94a","STEI_060.basePlot.ltr","D05","STEI","STEI_060","STEI_060_901","2016-09-26","2016-05-19","2016-09-19","2016-09-20T20:30Z","2016-09-26T18:30Z","NEON.LTR.STEI060901.20160919","NEON.LTR.STEI060901.20160919.OTH","NEON.DOC.001710vE","Other",1.56,"N",NA,"q4jXFMRo3HvA0bmq2VSfPS/SCAqyEsJQ"
"0c3311e1-c273-4d20-a857-f3d766047985","STEI_060.basePlot.ltr","D05","STEI","STEI_060","STEI_060_901","2016-09-26","2016-05-19","2016-09-19","2016-09-20T20:30Z","2016-09-26T18:30Z","NEON.LTR.STEI060901.20160919","NEON.LTR.STEI060901.20160919.TWI","NEON.DOC.001710vE","Twigs/branches",1.98,"N",NA,"q4jXFMRo3HvA0bmq2VSfPS/SCAqyEsJQ"
"c01730e1-cfd5-4721-8691-609a0f15596d","STEI_060.basePlot.ltr","D05","STEI","STEI_060","STEI_060_901","2016-09-26","2016-05-19","2016-09-19","2016-09-20T20:30Z","2016-09-26T18:30Z","NEON.LTR.STEI060901.20160919","NEON.LTR.STEI060901.20160919.SDS","NEON.DOC.001710vE","Seeds",0.39,"N",NA,"q4jXFMRo3HvA0bmq2VSfPS/SCAqyEsJQ"
"2a5d7839-28fe-4bd5-80d5-29cbe8ffc2da","STEI_047.basePlot.ltr","D05","STEI","STEI_047","STEI_047_291","2016-09-26","2016-05-19","2016-09-19","2016-09-20T20:30Z","2016-09-26T18:30Z","NEON.LTR.STEI047291.20160919","NEON.LTR.STEI047291.20160919.TWI","NEON.DOC.001710vE","Twigs/branches",2.93,"N",NA,"yK8OKO7i1xqEPAI8O44BvyFgRN6LSHQ9"
"2c131e31-e560-4d85-88ae-9b368347b760","STEI_047.basePlot.ltr","D05","STEI","STEI_047","STEI_047_291","2016-09-26","2016-05-19","2016-09-19","2016-09-20T20:30Z","2016-09-26T18:30Z","NEON.LTR.STEI047291.20160919","NEON.LTR.STEI047291.20160919.FLR","NEON.DOC.001710vE","Flowers",0.28,"N",NA,"yK8OKO7i1xqEPAI8O44BvyFgRN6LSHQ9"
"e5e3d1f4-ee56-4286-8128-663ce9465472","STEI_047.basePlot.ltr","D05","STEI","STEI_047","STEI_047_291","2016-09-26","2016-05-19","2016-09-19","2016-09-20T20:30Z","2016-09-26T18:30Z","NEON.LTR.STEI047291.20160919","NEON.LTR.STEI047291.20160919.WDY","NEON.DOC.001710vE","Woody material",0,"N",NA,"yK8OKO7i1xqEPAI8O44BvyFgRN6LSHQ9"
"5eefdd99-9dc7-40af-8721-1a8492f11ac1","STEI_047.basePlot.ltr","D05","STEI","STEI_047","STEI_047_291","2016-09-26","2016-05-19","2016-09-19","2016-09-20T20:30Z","2016-09-26T18:30Z","NEON.LTR.STEI047291.20160919","NEON.LTR.STEI047291.20160919.OTH","NEON.DOC.001710vE","Other",3.69,"N",NA,"yK8OKO7i1xqEPAI8O44BvyFgRN6LSHQ9"
"8d4426d1-7e52-4876-b89f-634e671458c2","STEI_049.basePlot.ltr","D05","STEI","STEI_049","STEI_049_607","2016-09-26","2016-05-19","2016-09-19","2016-09-20T20:30Z","2016-09-26T18:30Z","NEON.LTR.STEI049607.20160919","NEON.LTR.STEI049607.20160919.TWI","NEON.DOC.001710vE","Twigs/branches",7.35,"N",NA,"yK8OKO7i1xqEPAI8O44BvyFgRN6LSHQ9"
"56fca3d0-5fd6-436a-b259-a0779fe9d506","STEI_049.basePlot.ltr","D05","STEI","STEI_049","STEI_049_607","2016-09-26","2016-05-19","2016-09-19","2016-09-20T20:30Z","2016-09-26T18:30Z","NEON.LTR.STEI049607.20160919","NEON.LTR.STEI049607.20160919.NDL","NEON.DOC.001710vE","Needles",0.005,"N",NA,"yK8OKO7i1xqEPAI8O44BvyFgRN6LSHQ9"
"0747f943-1b92-4f6a-86fe-ffa6724c3468","STEI_049.basePlot.ltr","D05","STEI","STEI_049","STEI_049_607","2016-09-26","2016-05-19","2016-09-19","2016-09-20T20:30Z","2016-09-26T18:30Z","NEON.LTR.STEI049607.20160919","NEON.LTR.STEI049607.20160919.SDS","NEON.DOC.001710vE","Seeds",0.005,"N",NA,"yK8OKO7i1xqEPAI8O44BvyFgRN6LSHQ9"
"9f77dee5-43e4-4f6e-8b0f-8d81ee96f751","STEI_049.basePlot.ltr","D05","STEI","STEI_049","STEI_049_607","2016-09-26","2016-05-19","2016-09-19","2016-09-20T20:30Z","2016-09-26T18:30Z","NEON.LTR.STEI049607.20160919","NEON.LTR.STEI049607.20160919.FLR","NEON.DOC.001710vE","Flowers",0.005,"N",NA,"yK8OKO7i1xqEPAI8O44BvyFgRN6LSHQ9"
"781cb0c3-5c49-4ace-8d53-dd42534d9cb0","STEI_049.basePlot.ltr","D05","STEI","STEI_049","STEI_049_607","2016-09-26","2016-05-19","2016-09-19","2016-09-20T20:30Z","2016-09-26T18:30Z","NEON.LTR.STEI049607.20160919","NEON.LTR.STEI049607.20160919.WDY","NEON.DOC.001710vE","Woody material",0.005,"N",NA,"yK8OKO7i1xqEPAI8O44BvyFgRN6LSHQ9"
"7e04726a-f90c-4d5d-b324-463b522e0218","STEI_049.basePlot.ltr","D05","STEI","STEI_049","STEI_049_607","2016-09-26","2016-05-19","2016-09-19","2016-09-20T20:30Z","2016-09-26T18:30Z","NEON.LTR.STEI049607.20160919","NEON.LTR.STEI049607.20160919.LVS","NEON.DOC.001710vE","Leaves",37.85,"N",NA,"yK8OKO7i1xqEPAI8O44BvyFgRN6LSHQ9"
"8dee4334-b7ff-45bc-b72d-7e4b799a3630","STEI_049.basePlot.ltr","D05","STEI","STEI_049","STEI_049_607","2016-09-26","2016-05-19","2016-09-19","2016-09-20T20:30Z","2016-09-26T18:30Z","NEON.LTR.STEI049607.20160919","NEON.LTR.STEI049607.20160919.OTH","NEON.DOC.001710vE","Other",1.33,"N",NA,"yK8OKO7i1xqEPAI8O44BvyFgRN6LSHQ9"
"0d22b8dd-684b-4dea-b376-5e3fab7bc491","STEI_053.basePlot.ltr","D05","STEI","STEI_053","STEI_053_296","2016-09-26","2016-05-19","2016-09-19","2016-09-20T20:30Z","2016-09-26T18:30Z","NEON.LTR.STEI053296.20160919","NEON.LTR.STEI053296.20160919.NDL","NEON.DOC.001710vE","Needles",0.005,"N",NA,"yK8OKO7i1xqEPAI8O44BvyFgRN6LSHQ9"
"e3e72ced-7c08-4b14-a583-674f65e4abf1","STEI_053.basePlot.ltr","D05","STEI","STEI_053","STEI_053_597","2016-09-26","2016-05-19","2016-09-19","2016-09-20T20:30Z","2016-09-26T18:30Z","NEON.LTR.STEI053597.20160919","NEON.LTR.STEI053597.20160919.FLR","NEON.DOC.001710vE","Flowers",0.005,"N",NA,"yK8OKO7i1xqEPAI8O44BvyFgRN6LSHQ9"
"b84ebc61-8a9d-4b3a-be4f-0bf281a9b95b","STEI_053.basePlot.ltr","D05","STEI","STEI_053","STEI_053_597","2016-09-26","2016-05-19","2016-09-19","2016-09-20T20:30Z","2016-09-26T18:30Z","NEON.LTR.STEI053597.20160919","NEON.LTR.STEI053597.20160919.LVS","NEON.DOC.001710vE","Leaves",16.96,"N",NA,"yK8OKO7i1xqEPAI8O44BvyFgRN6LSHQ9"
"0fda42fb-695c-4308-a533-75c649432313","STEI_053.basePlot.ltr","D05","STEI","STEI_053","STEI_053_597","2016-09-26","2016-05-19","2016-09-19","2016-09-20T20:30Z","2016-09-26T18:30Z","NEON.LTR.STEI053597.20160919","NEON.LTR.STEI053597.20160919.OTH","NEON.DOC.001710vE","Other",1.51,"N",NA,"yK8OKO7i1xqEPAI8O44BvyFgRN6LSHQ9"
"0ec644cb-19d9-452d-a8a8-56f97c42403d","STEI_053.basePlot.ltr","D05","STEI","STEI_053","STEI_053_296","2016-09-26","2016-05-19","2016-09-19","2016-09-20T20:30Z","2016-09-26T18:30Z","NEON.LTR.STEI053296.20160919","NEON.LTR.STEI053296.20160919.FLR","NEON.DOC.001710vE","Flowers",0.005,"N",NA,"yK8OKO7i1xqEPAI8O44BvyFgRN6LSHQ9"
"33f48f08-1a7d-4216-addb-0039e0f6d055","STEI_053.basePlot.ltr","D05","STEI","STEI_053","STEI_053_597","2016-09-26","2016-05-19","2016-09-19","2016-09-20T20:30Z","2016-09-26T18:30Z","NEON.LTR.STEI053597.20160919","NEON.LTR.STEI053597.20160919.NDL","NEON.DOC.001710vE","Needles",0.08,"N",NA,"yK8OKO7i1xqEPAI8O44BvyFgRN6LSHQ9"
"fdf3af4f-5ef4-4af0-8fc3-c25113c89516","STEI_053.basePlot.ltr","D05","STEI","STEI_053","STEI_053_296","2016-09-26","2016-05-19","2016-09-19","2016-09-20T20:30Z","2016-09-26T18:30Z","NEON.LTR.STEI053296.20160919","NEON.LTR.STEI053296.20160919.OTH","NEON.DOC.001710vE","Other",2.48,"N",NA,"yK8OKO7i1xqEPAI8O44BvyFgRN6LSHQ9"
"98525eeb-1d3e-4400-a363-26624fa03d31","STEI_053.basePlot.ltr","D05","STEI","STEI_053","STEI_053_597","2016-09-26","2016-05-19","2016-09-19","2016-09-20T20:30Z","2016-09-26T18:30Z","NEON.LTR.STEI053597.20160919","NEON.LTR.STEI053597.20160919.WDY","NEON.DOC.001710vE","Woody material",0,"N",NA,"yK8OKO7i1xqEPAI8O44BvyFgRN6LSHQ9"
"8b23af62-38c0-453d-bd9a-99bae3e5dec0","STEI_053.basePlot.ltr","D05","STEI","STEI_053","STEI_053_296","2016-09-26","2016-05-19","2016-09-19","2016-09-20T20:30Z","2016-09-26T18:30Z","NEON.LTR.STEI053296.20160919","NEON.LTR.STEI053296.20160919.TWI","NEON.DOC.001710vE","Twigs/branches",3.95,"N",NA,"yK8OKO7i1xqEPAI8O44BvyFgRN6LSHQ9"
"3b16f8e3-84b9-4500-9796-fa388ae9eefe","STEI_053.basePlot.ltr","D05","STEI","STEI_053","STEI_053_296","2016-09-26","2016-05-19","2016-09-19","2016-09-20T20:30Z","2016-09-26T18:30Z","NEON.LTR.STEI053296.20160919","NEON.LTR.STEI053296.20160919.WDY","NEON.DOC.001710vE","Woody material",0,"N",NA,"yK8OKO7i1xqEPAI8O44BvyFgRN6LSHQ9"
"42cf1eb5-4f59-446a-8304-745b04dfb0e3","STEI_053.basePlot.ltr","D05","STEI","STEI_053","STEI_053_597","2016-09-26","2016-05-19","2016-09-19","2016-09-20T20:30Z","2016-09-26T18:30Z","NEON.LTR.STEI053597.20160919","NEON.LTR.STEI053597.20160919.TWI","NEON.DOC.001710vE","Twigs/branches",7.53,"N",NA,"yK8OKO7i1xqEPAI8O44BvyFgRN6LSHQ9"
"97b36ac5-8e5a-41af-a515-7e0a0b683d64","STEI_053.basePlot.ltr","D05","STEI","STEI_053","STEI_053_296","2016-09-26","2016-05-19","2016-09-19","2016-09-20T20:30Z","2016-09-26T18:30Z","NEON.LTR.STEI053296.20160919","NEON.LTR.STEI053296.20160919.LVS","NEON.DOC.001710vE","Leaves",29.3,"N",NA,"yK8OKO7i1xqEPAI8O44BvyFgRN6LSHQ9"
"7706d51e-3802-4807-b76f-e65e41d50917","STEI_053.basePlot.ltr","D05","STEI","STEI_053","STEI_053_296","2016-09-26","2016-05-19","2016-09-19","2016-09-20T20:30Z","2016-09-26T18:30Z","NEON.LTR.STEI053296.20160919","NEON.LTR.STEI053296.20160919.SDS","NEON.DOC.001710vE","Seeds",0.65,"Y",NA,"yK8OKO7i1xqEPAI8O44BvyFgRN6LSHQ9"
"3feab6d2-e4a9-4b73-abff-833189a73049","STEI_053.basePlot.ltr","D05","STEI","STEI_053","STEI_053_597","2016-09-26","2016-05-19","2016-09-19","2016-09-20T20:30Z","2016-09-26T18:30Z","NEON.LTR.STEI053597.20160919","NEON.LTR.STEI053597.20160919.SDS","NEON.DOC.001710vE","Seeds",0.15,"N",NA,"yK8OKO7i1xqEPAI8O44BvyFgRN6LSHQ9"
"eec53b64-844a-464e-845b-1a24c7cedac9","STEI_047.basePlot.ltr","D05","STEI","STEI_047","STEI_047_185","2016-09-26","2016-05-19","2016-09-19","2016-09-20T20:30Z","2016-09-26T18:30Z","NEON.LTR.STEI047185.20160919","NEON.LTR.STEI047185.20160919.NDL","NEON.DOC.001710vE","Needles",0.39,"N",NA,"q4jXFMRo3HvA0bmq2VSfPS/SCAqyEsJQ"
"01cf5fe4-6be1-45ef-8f81-21e9646ae5d9","STEI_047.basePlot.ltr","D05","STEI","STEI_047","STEI_047_185","2016-09-26","2016-05-19","2016-09-19","2016-09-20T20:30Z","2016-09-26T18:30Z","NEON.LTR.STEI047185.20160919","NEON.LTR.STEI047185.20160919.SDS","NEON.DOC.001710vE","Seeds",0.03,"N",NA,"q4jXFMRo3HvA0bmq2VSfPS/SCAqyEsJQ"
"f258d674-9094-4e56-a2d4-78f7be866ae4","STEI_047.basePlot.ltr","D05","STEI","STEI_047","STEI_047_185","2016-09-26","2016-05-19","2016-09-19","2016-09-20T20:30Z","2016-09-26T18:30Z","NEON.LTR.STEI047185.20160919","NEON.LTR.STEI047185.20160919.TWI","NEON.DOC.001710vE","Twigs/branches",3.47,"Y",NA,"q4jXFMRo3HvA0bmq2VSfPS/SCAqyEsJQ"
"592d7f7c-5c4d-4053-997b-8d62a95be746","STEI_047.basePlot.ltr","D05","STEI","STEI_047","STEI_047_185","2016-09-26","2016-05-19","2016-09-19","2016-09-20T20:30Z","2016-09-26T18:30Z","NEON.LTR.STEI047185.20160919","NEON.LTR.STEI047185.20160919.OTH","NEON.DOC.001710vE","Other",3.44,"Y",NA,"q4jXFMRo3HvA0bmq2VSfPS/SCAqyEsJQ"
"02f680d0-6d2e-4273-867a-8f53b38aeab0","STEI_047.basePlot.ltr","D05","STEI","STEI_047","STEI_047_291","2016-09-26","2016-05-19","2016-09-19","2016-09-20T20:30Z","2016-09-26T18:30Z","NEON.LTR.STEI047291.20160919","NEON.LTR.STEI047291.20160919.NDL","NEON.DOC.001710vE","Needles",0.28,"N",NA,"yK8OKO7i1xqEPAI8O44BvyFgRN6LSHQ9"
"1bc49659-48e3-4a8d-b22c-a45ea86a8d7e","STEI_047.basePlot.ltr","D05","STEI","STEI_047","STEI_047_291","2016-09-26","2016-05-19","2016-09-19","2016-09-20T20:30Z","2016-09-26T18:30Z","NEON.LTR.STEI047291.20160919","NEON.LTR.STEI047291.20160919.SDS","NEON.DOC.001710vE","Seeds",0.02,"N",NA,"yK8OKO7i1xqEPAI8O44BvyFgRN6LSHQ9"
"ed431867-7125-47ed-aacc-7c5de907716e","STEI_047.basePlot.ltr","D05","STEI","STEI_047","STEI_047_291","2016-09-26","2016-05-19","2016-09-19","2016-09-20T20:30Z","2016-09-26T18:30Z","NEON.LTR.STEI047291.20160919","NEON.LTR.STEI047291.20160919.LVS","NEON.DOC.001710vE","Leaves",13.92,"N",NA,"yK8OKO7i1xqEPAI8O44BvyFgRN6LSHQ9"
"ad36288c-33e5-4bde-b19c-380f1a5bdc38","STEI_047.basePlot.ltr","D05","STEI","STEI_047","STEI_047_185","2016-09-26","2016-05-19","2016-09-19","2016-09-20T20:30Z","2016-09-26T18:30Z","NEON.LTR.STEI047185.20160919","NEON.LTR.STEI047185.20160919.LVS","NEON.DOC.001710vE","Leaves",11.43,"N",NA,"q4jXFMRo3HvA0bmq2VSfPS/SCAqyEsJQ"
"c611b2ac-f44d-4d8c-8f91-912fabbf3372","STEI_047.basePlot.ltr","D05","STEI","STEI_047","STEI_047_185","2016-09-26","2016-05-19","2016-09-19","2016-09-20T20:30Z","2016-09-26T18:30Z","NEON.LTR.STEI047185.20160919","NEON.LTR.STEI047185.20160919.WDY","NEON.DOC.001710vE","Woody material",0,"N",NA,"q4jXFMRo3HvA0bmq2VSfPS/SCAqyEsJQ"
"db479131-88d0-4fce-b5fa-bc6a22f28d2b","STEI_047.basePlot.ltr","D05","STEI","STEI_047","STEI_047_185","2016-09-26","2016-05-19","2016-09-19","2016-09-20T20:30Z","2016-09-26T18:30Z","NEON.LTR.STEI047185.20160919","NEON.LTR.STEI047185.20160919.FLR","NEON.DOC.001710vE","Flowers",0.89,"N",NA,"q4jXFMRo3HvA0bmq2VSfPS/SCAqyEsJQ"
"fda746fc-9016-4ac9-a397-fa1702599fd4","STEI_055.basePlot.ltr","D05","STEI","STEI_055","STEI_055_642","2016-09-26","2016-05-19","2016-09-19","2016-09-20T20:30Z","2016-09-26T18:30Z","NEON.LTR.STEI055642.20160919","NEON.LTR.STEI055642.20160919.OTH","NEON.DOC.001710vE","Other",0,"N",NA,"yK8OKO7i1xqEPAI8O44BvyFgRN6LSHQ9"
"3d464aeb-4ee7-4dd8-b141-801a2fc0b0ed","STEI_055.basePlot.ltr","D05","STEI","STEI_055","STEI_055_642","2016-09-26","2016-05-19","2016-09-19","2016-09-20T20:30Z","2016-09-26T18:30Z","NEON.LTR.STEI055642.20160919","NEON.LTR.STEI055642.20160919.TWI","NEON.DOC.001710vE","Twigs/branches",7.66,"N",NA,"yK8OKO7i1xqEPAI8O44BvyFgRN6LSHQ9"
"52d716d7-1b5e-486f-8e1a-12802920b619","STEI_055.basePlot.ltr","D05","STEI","STEI_055","STEI_055_642","2016-09-26","2016-05-19","2016-09-19","2016-09-20T20:30Z","2016-09-26T18:30Z","NEON.LTR.STEI055642.20160919","NEON.LTR.STEI055642.20160919.NDL","NEON.DOC.001710vE","Needles",0.1,"N",NA,"yK8OKO7i1xqEPAI8O44BvyFgRN6LSHQ9"
"859e6b3e-c165-4513-abe2-7f688e455463","STEI_055.basePlot.ltr","D05","STEI","STEI_055","STEI_055_642","2016-09-26","2016-05-19","2016-09-19","2016-09-20T20:30Z","2016-09-26T18:30Z","NEON.LTR.STEI055642.20160919","NEON.LTR.STEI055642.20160919.FLR","NEON.DOC.001710vE","Flowers",0.005,"N",NA,"yK8OKO7i1xqEPAI8O44BvyFgRN6LSHQ9"
"d2472fe5-3cec-4fd9-9a5e-74b4c8df6141","STEI_055.basePlot.ltr","D05","STEI","STEI_055","STEI_055_642","2016-09-26","2016-05-19","2016-09-19","2016-09-20T20:30Z","2016-09-26T18:30Z","NEON.LTR.STEI055642.20160919","NEON.LTR.STEI055642.20160919.LVS","NEON.DOC.001710vE","Leaves",25.93,"N",NA,"yK8OKO7i1xqEPAI8O44BvyFgRN6LSHQ9"
"9007201e-f7bf-40a1-b7a8-04ad2b30b1f6","STEI_055.basePlot.ltr","D05","STEI","STEI_055","STEI_055_642","2016-09-26","2016-05-19","2016-09-19","2016-09-20T20:30Z","2016-09-26T18:30Z","NEON.LTR.STEI055642.20160919","NEON.LTR.STEI055642.20160919.SDS","NEON.DOC.001710vE","Seeds",0.14,"Y",NA,"yK8OKO7i1xqEPAI8O44BvyFgRN6LSHQ9"
"3edc687b-aba6-40aa-b9da-387334fa89be","STEI_055.basePlot.ltr","D05","STEI","STEI_055","STEI_055_642","2016-09-26","2016-05-19","2016-09-19","2016-09-20T20:30Z","2016-09-26T18:30Z","NEON.LTR.STEI055642.20160919","NEON.LTR.STEI055642.20160919.WDY","NEON.DOC.001710vE","Woody material",0.21,"N",NA,"yK8OKO7i1xqEPAI8O44BvyFgRN6LSHQ9"
"5b2f6a3c-159a-4db2-b1ef-58ebde43cd18","STEI_054.basePlot.ltr","D05","STEI","STEI_054","STEI_054_372","2016-09-26","2016-05-19","2016-09-19","2016-09-20T20:30Z","2016-09-26T18:30Z","NEON.LTR.STEI054372.20160919","NEON.LTR.STEI054372.20160919.LVS","NEON.DOC.001710vE","Leaves",12.07,"N",NA,"yK8OKO7i1xqEPAI8O44BvyFgRN6LSHQ9"
"a161e1d3-6d22-4b93-849d-593caf9e218c","STEI_054.basePlot.ltr","D05","STEI","STEI_054","STEI_054_372","2016-09-26","2016-05-19","2016-09-19","2016-09-20T20:30Z","2016-09-26T18:30Z","NEON.LTR.STEI054372.20160919","NEON.LTR.STEI054372.20160919.NDL","NEON.DOC.001710vE","Needles",0.005,"N",NA,"yK8OKO7i1xqEPAI8O44BvyFgRN6LSHQ9"
"755594a1-1a1b-4bfc-9060-6e2891871b55","STEI_054.basePlot.ltr","D05","STEI","STEI_054","STEI_054_372","2016-09-26","2016-05-19","2016-09-19","2016-09-20T20:30Z","2016-09-26T18:30Z","NEON.LTR.STEI054372.20160919","NEON.LTR.STEI054372.20160919.FLR","NEON.DOC.001710vE","Flowers",0.01,"N",NA,"yK8OKO7i1xqEPAI8O44BvyFgRN6LSHQ9"
"9af361a4-87d1-4b93-9fc3-2664d82f217e","STEI_054.basePlot.ltr","D05","STEI","STEI_054","STEI_054_372","2016-09-26","2016-05-19","2016-09-19","2016-09-20T20:30Z","2016-09-26T18:30Z","NEON.LTR.STEI054372.20160919","NEON.LTR.STEI054372.20160919.TWI","NEON.DOC.001710vE","Twigs/branches",3.55,"N",NA,"yK8OKO7i1xqEPAI8O44BvyFgRN6LSHQ9"
"2a8edcd2-122d-4ac0-8c99-95f3186dda38","STEI_054.basePlot.ltr","D05","STEI","STEI_054","STEI_054_372","2016-09-26","2016-05-19","2016-09-19","2016-09-20T20:30Z","2016-09-26T18:30Z","NEON.LTR.STEI054372.20160919","NEON.LTR.STEI054372.20160919.SDS","NEON.DOC.001710vE","Seeds",0.06,"N",NA,"yK8OKO7i1xqEPAI8O44BvyFgRN6LSHQ9"
"4b4a0f59-332c-44ca-88de-2289c404f5c4","STEI_054.basePlot.ltr","D05","STEI","STEI_054","STEI_054_372","2016-09-26","2016-05-19","2016-09-19","2016-09-20T20:30Z","2016-09-26T18:30Z","NEON.LTR.STEI054372.20160919","NEON.LTR.STEI054372.20160919.WDY","NEON.DOC.001710vE","Woody material",0.005,"N",NA,"yK8OKO7i1xqEPAI8O44BvyFgRN6LSHQ9"
"16a85fc9-d510-4891-a508-b160c42da48b","STEI_054.basePlot.ltr","D05","STEI","STEI_054","STEI_054_372","2016-09-26","2016-05-19","2016-09-19","2016-09-20T20:30Z","2016-09-26T18:30Z","NEON.LTR.STEI054372.20160919","NEON.LTR.STEI054372.20160919.OTH","NEON.DOC.001710vE","Other",1.86,"Y",NA,"yK8OKO7i1xqEPAI8O44BvyFgRN6LSHQ9"
"d0a9463e-6220-48a2-bf86-7d0c6d2bf288","STEI_050.basePlot.ltr","D05","STEI","STEI_050","STEI_050_185","2016-09-26","2016-05-19","2016-09-19","2016-09-20T20:30Z","2016-09-26T18:30Z","NEON.LTR.STEI050185.20160919","NEON.LTR.STEI050185.20160919.OTH","NEON.DOC.001710vE","Other",1.97,"N",NA,"yK8OKO7i1xqEPAI8O44BvyFgRN6LSHQ9"
"4456a254-e07c-41f9-83ff-2474c2bdc5b7","STEI_050.basePlot.ltr","D05","STEI","STEI_050","STEI_050_185","2016-09-26","2016-05-19","2016-09-19","2016-09-20T20:30Z","2016-09-26T18:30Z","NEON.LTR.STEI050185.20160919","NEON.LTR.STEI050185.20160919.SDS","NEON.DOC.001710vE","Seeds",0.04,"N",NA,"yK8OKO7i1xqEPAI8O44BvyFgRN6LSHQ9"
"c9e06645-d19b-4906-838d-fc67ed0b9f76","STEI_050.basePlot.ltr","D05","STEI","STEI_050","STEI_050_185","2016-09-26","2016-05-19","2016-09-19","2016-09-20T20:30Z","2016-09-26T18:30Z","NEON.LTR.STEI050185.20160919","NEON.LTR.STEI050185.20160919.WDY","NEON.DOC.001710vE","Woody material",0.005,"N",NA,"yK8OKO7i1xqEPAI8O44BvyFgRN6LSHQ9"
"f4fb8b34-09ed-46f4-a492-47af09659541","STEI_050.basePlot.ltr","D05","STEI","STEI_050","STEI_050_185","2016-09-26","2016-05-19","2016-09-19","2016-09-20T20:30Z","2016-09-26T18:30Z","NEON.LTR.STEI050185.20160919","NEON.LTR.STEI050185.20160919.NDL","NEON.DOC.001710vE","Needles",0.02,"N",NA,"yK8OKO7i1xqEPAI8O44BvyFgRN6LSHQ9"
"355cf1d3-3732-4887-94c8-eea4a640dae7","STEI_050.basePlot.ltr","D05","STEI","STEI_050","STEI_050_185","2016-09-26","2016-05-19","2016-09-19","2016-09-20T20:30Z","2016-09-26T18:30Z","NEON.LTR.STEI050185.20160919","NEON.LTR.STEI050185.20160919.FLR","NEON.DOC.001710vE","Flowers",0.15,"N",NA,"yK8OKO7i1xqEPAI8O44BvyFgRN6LSHQ9"
"1e5ff159-6d4d-4570-9709-8727bf7617fd","STEI_056.basePlot.ltr","D05","STEI","STEI_056","STEI_056_808","2016-09-26","2016-05-19","2016-09-19","2016-09-20T20:30Z","2016-09-26T18:30Z","NEON.LTR.STEI056808.20160919","NEON.LTR.STEI056808.20160919.LVS","NEON.DOC.001710vE","Leaves",25.62,"N",NA,"yK8OKO7i1xqEPAI8O44BvyFgRN6LSHQ9"
"ca1308b4-427b-4fc7-b595-0f5edafaa2ca","STEI_056.basePlot.ltr","D05","STEI","STEI_056","STEI_056_808","2016-09-26","2016-05-19","2016-09-19","2016-09-20T20:30Z","2016-09-26T18:30Z","NEON.LTR.STEI056808.20160919","NEON.LTR.STEI056808.20160919.NDL","NEON.DOC.001710vE","Needles",0,"N",NA,"yK8OKO7i1xqEPAI8O44BvyFgRN6LSHQ9"
"365c218c-ef61-4a75-b4a5-80fb8bcab4ca","STEI_050.basePlot.ltr","D05","STEI","STEI_050","STEI_050_185","2016-09-26","2016-05-19","2016-09-19","2016-09-20T20:30Z","2016-09-26T18:30Z","NEON.LTR.STEI050185.20160919","NEON.LTR.STEI050185.20160919.LVS","NEON.DOC.001710vE","Leaves",44.68,"N",NA,"yK8OKO7i1xqEPAI8O44BvyFgRN6LSHQ9"
"1537f8f5-7783-4149-9e57-0dd83de185b0","STEI_050.basePlot.ltr","D05","STEI","STEI_050","STEI_050_185","2016-09-26","2016-05-19","2016-09-19","2016-09-20T20:30Z","2016-09-26T18:30Z","NEON.LTR.STEI050185.20160919","NEON.LTR.STEI050185.20160919.TWI","NEON.DOC.001710vE","Twigs/branches",8.34,"N",NA,"yK8OKO7i1xqEPAI8O44BvyFgRN6LSHQ9"
"57c067ad-7c4d-41fc-ad9f-e3955db276ba","STEI_056.basePlot.ltr","D05","STEI","STEI_056","STEI_056_808","2016-09-26","2016-05-19","2016-09-19","2016-09-20T20:30Z","2016-09-26T18:30Z","NEON.LTR.STEI056808.20160919","NEON.LTR.STEI056808.20160919.OTH","NEON.DOC.001710vE","Other",0,"N",NA,"yK8OKO7i1xqEPAI8O44BvyFgRN6LSHQ9"
"cf8e1e1d-75b6-4485-8175-8bf945bfebe0","STEI_056.basePlot.ltr","D05","STEI","STEI_056","STEI_056_808","2016-09-26","2016-05-19","2016-09-19","2016-09-20T20:30Z","2016-09-26T18:30Z","NEON.LTR.STEI056808.20160919","NEON.LTR.STEI056808.20160919.FLR","NEON.DOC.001710vE","Flowers",0,"N",NA,"yK8OKO7i1xqEPAI8O44BvyFgRN6LSHQ9"
"e6f809c7-0d94-4afb-9a53-be107409c300","STEI_056.basePlot.ltr","D05","STEI","STEI_056","STEI_056_808","2016-09-26","2016-05-19","2016-09-19","2016-09-20T20:30Z","2016-09-26T18:30Z","NEON.LTR.STEI056808.20160919","NEON.LTR.STEI056808.20160919.SDS","NEON.DOC.001710vE","Seeds",0.005,"N",NA,"yK8OKO7i1xqEPAI8O44BvyFgRN6LSHQ9"
"d2678250-f392-4059-8b78-7b3305387253","STEI_056.basePlot.ltr","D05","STEI","STEI_056","STEI_056_808","2016-09-26","2016-05-19","2016-09-19","2016-09-20T20:30Z","2016-09-26T18:30Z","NEON.LTR.STEI056808.20160919","NEON.LTR.STEI056808.20160919.TWI","NEON.DOC.001710vE","Twigs/branches",5.86,"N",NA,"yK8OKO7i1xqEPAI8O44BvyFgRN6LSHQ9"
"ad66d51c-a750-42cb-96fc-e83f0cffc021","STEI_056.basePlot.ltr","D05","STEI","STEI_056","STEI_056_808","2016-09-26","2016-05-19","2016-09-19","2016-09-20T20:30Z","2016-09-26T18:30Z","NEON.LTR.STEI056808.20160919","NEON.LTR.STEI056808.20160919.WDY","NEON.DOC.001710vE","Woody material",0.07,"N",NA,"yK8OKO7i1xqEPAI8O44BvyFgRN6LSHQ9"
"a8083f12-4389-48f1-90a4-5314895b398b","STEI_052.basePlot.ltr","D05","STEI","STEI_052","STEI_052_607","2016-09-26","2016-05-19","2016-09-19","2016-09-20T20:30Z","2016-09-26T18:30Z","NEON.LTR.STEI052607.20160919","NEON.LTR.STEI052607.20160919.WDY","NEON.DOC.001710vE","Woody material",0,"N",NA,"yK8OKO7i1xqEPAI8O44BvyFgRN6LSHQ9"
"a5efd4de-b9b1-4a4d-950e-63816c354955","STEI_052.basePlot.ltr","D05","STEI","STEI_052","STEI_052_607","2016-09-26","2016-05-19","2016-09-19","2016-09-20T20:30Z","2016-09-26T18:30Z","NEON.LTR.STEI052607.20160919","NEON.LTR.STEI052607.20160919.NDL","NEON.DOC.001710vE","Needles",0.005,"N",NA,"yK8OKO7i1xqEPAI8O44BvyFgRN6LSHQ9"
"445d7078-3923-4187-b3a7-f6c83976882c","STEI_052.basePlot.ltr","D05","STEI","STEI_052","STEI_052_607","2016-09-26","2016-05-19","2016-09-19","2016-09-20T20:30Z","2016-09-26T18:30Z","NEON.LTR.STEI052607.20160919","NEON.LTR.STEI052607.20160919.TWI","NEON.DOC.001710vE","Twigs/branches",5.03,"N",NA,"yK8OKO7i1xqEPAI8O44BvyFgRN6LSHQ9"
"4686d76d-ae91-4b61-89f6-9c7543860f0d","STEI_052.basePlot.ltr","D05","STEI","STEI_052","STEI_052_607","2016-09-26","2016-05-19","2016-09-19","2016-09-20T20:30Z","2016-09-26T18:30Z","NEON.LTR.STEI052607.20160919","NEON.LTR.STEI052607.20160919.OTH","NEON.DOC.001710vE","Other",1.11,"N",NA,"yK8OKO7i1xqEPAI8O44BvyFgRN6LSHQ9"
"e50813d3-91da-4bfd-98fd-13373e0821a2","STEI_052.basePlot.ltr","D05","STEI","STEI_052","STEI_052_607","2016-09-26","2016-05-19","2016-09-19","2016-09-20T20:30Z","2016-09-26T18:30Z","NEON.LTR.STEI052607.20160919","NEON.LTR.STEI052607.20160919.SDS","NEON.DOC.001710vE","Seeds",0.18,"N",NA,"yK8OKO7i1xqEPAI8O44BvyFgRN6LSHQ9"
"69c18711-dc0b-4eae-b83b-fb40c957325f","STEI_049.basePlot.ltr","D05","STEI","STEI_049","STEI_049_903","2016-09-26","2016-05-19","2016-09-19","2016-09-20T20:30Z","2016-09-26T18:30Z","NEON.LTR.STEI049903.20160919","NEON.LTR.STEI049903.20160919.WDY","NEON.DOC.001710vE","Woody material",0,"N",NA,"q4jXFMRo3HvA0bmq2VSfPS/SCAqyEsJQ"
"5e362d2d-f7b8-4ad4-b175-0ad71e5fe118","STEI_052.basePlot.ltr","D05","STEI","STEI_052","STEI_052_607","2016-09-26","2016-05-19","2016-09-19","2016-09-20T20:30Z","2016-09-26T18:30Z","NEON.LTR.STEI052607.20160919","NEON.LTR.STEI052607.20160919.FLR","NEON.DOC.001710vE","Flowers",0,"N",NA,"yK8OKO7i1xqEPAI8O44BvyFgRN6LSHQ9"
"1d394ee8-5cae-436f-ab10-11f6ff1ec04b","STEI_052.basePlot.ltr","D05","STEI","STEI_052","STEI_052_607","2016-09-26","2016-05-19","2016-09-19","2016-09-20T20:30Z","2016-09-26T18:30Z","NEON.LTR.STEI052607.20160919","NEON.LTR.STEI052607.20160919.LVS","NEON.DOC.001710vE","Leaves",65.65,"N",NA,"yK8OKO7i1xqEPAI8O44BvyFgRN6LSHQ9"
"3d225557-d2e7-433b-9c41-0743c13164dd","STEI_049.basePlot.ltr","D05","STEI","STEI_049","STEI_049_903","2016-09-26","2016-05-19","2016-09-19","2016-09-20T20:30Z","2016-09-26T18:30Z","NEON.LTR.STEI049903.20160919","NEON.LTR.STEI049903.20160919.NDL","NEON.DOC.001710vE","Needles",0.31,"N",NA,"q4jXFMRo3HvA0bmq2VSfPS/SCAqyEsJQ"
"e9ef0b66-be39-4bf3-b6ce-809a90aa6f8e","STEI_049.basePlot.ltr","D05","STEI","STEI_049","STEI_049_903","2016-09-26","2016-05-19","2016-09-19","2016-09-20T20:30Z","2016-09-26T18:30Z","NEON.LTR.STEI049903.20160919","NEON.LTR.STEI049903.20160919.SDS","NEON.DOC.001710vE","Seeds",0.11,"N",NA,"q4jXFMRo3HvA0bmq2VSfPS/SCAqyEsJQ"
"5cc983bd-02f8-4dff-a189-8ff1c8b6a876","STEI_049.basePlot.ltr","D05","STEI","STEI_049","STEI_049_903","2016-09-26","2016-05-19","2016-09-19","2016-09-20T20:30Z","2016-09-26T18:30Z","NEON.LTR.STEI049903.20160919","NEON.LTR.STEI049903.20160919.OTH","NEON.DOC.001710vE","Other",0,"N",NA,"q4jXFMRo3HvA0bmq2VSfPS/SCAqyEsJQ"
"3342947b-615c-4a32-8d36-cfef6e9d4dad","STEI_049.basePlot.ltr","D05","STEI","STEI_049","STEI_049_903","2016-09-26","2016-05-19","2016-09-19","2016-09-20T20:30Z","2016-09-26T18:30Z","NEON.LTR.STEI049903.20160919","NEON.LTR.STEI049903.20160919.LVS","NEON.DOC.001710vE","Leaves",13.54,"N",NA,"q4jXFMRo3HvA0bmq2VSfPS/SCAqyEsJQ"
"e6d854e7-1818-4b67-aeae-34417a29851c","STEI_049.basePlot.ltr","D05","STEI","STEI_049","STEI_049_903","2016-09-26","2016-05-19","2016-09-19","2016-09-20T20:30Z","2016-09-26T18:30Z","NEON.LTR.STEI049903.20160919","NEON.LTR.STEI049903.20160919.FLR","NEON.DOC.001710vE","Flowers",0.005,"N",NA,"q4jXFMRo3HvA0bmq2VSfPS/SCAqyEsJQ"
"f3cb7baa-7272-4e37-9068-e903be7e907c","STEI_049.basePlot.ltr","D05","STEI","STEI_049","STEI_049_903","2016-09-26","2016-05-19","2016-09-19","2016-09-20T20:30Z","2016-09-26T18:30Z","NEON.LTR.STEI049903.20160919","NEON.LTR.STEI049903.20160919.TWI","NEON.DOC.001710vE","Twigs/branches",8.62,"N",NA,"q4jXFMRo3HvA0bmq2VSfPS/SCAqyEsJQ"
"d640c78d-4e0c-4be6-a4be-aec42ec43d96","STEI_062.basePlot.ltr","D05","STEI","STEI_062","STEI_062_452","2016-09-26","2016-05-19","2016-09-19","2016-09-20T20:30Z","2016-09-26T18:30Z","NEON.LTR.STEI062452.20160919","NEON.LTR.STEI062452.20160919.LVS","NEON.DOC.001710vE","Leaves",36.05,"N",NA,"yK8OKO7i1xqEPAI8O44BvyFgRN6LSHQ9"
"db233a9a-030c-4252-92fe-f07c5e29bf7b","STEI_062.basePlot.ltr","D05","STEI","STEI_062","STEI_062_452","2016-09-26","2016-05-19","2016-09-19","2016-09-20T20:30Z","2016-09-26T18:30Z","NEON.LTR.STEI062452.20160919","NEON.LTR.STEI062452.20160919.SDS","NEON.DOC.001710vE","Seeds",0.12,"N",NA,"yK8OKO7i1xqEPAI8O44BvyFgRN6LSHQ9"
"0b89b4cf-5f56-4d8d-95f5-6d8ee48ae907","STEI_062.basePlot.ltr","D05","STEI","STEI_062","STEI_062_452","2016-09-26","2016-05-19","2016-09-19","2016-09-20T20:30Z","2016-09-26T18:30Z","NEON.LTR.STEI062452.20160919","NEON.LTR.STEI062452.20160919.FLR","NEON.DOC.001710vE","Flowers",0.61,"N",NA,"yK8OKO7i1xqEPAI8O44BvyFgRN6LSHQ9"
"232871e9-520f-4ed5-ad67-ebeaf97d4586","STEI_062.basePlot.ltr","D05","STEI","STEI_062","STEI_062_452","2016-09-26","2016-05-19","2016-09-19","2016-09-20T20:30Z","2016-09-26T18:30Z","NEON.LTR.STEI062452.20160919","NEON.LTR.STEI062452.20160919.OTH","NEON.DOC.001710vE","Other",1.58,"N",NA,"yK8OKO7i1xqEPAI8O44BvyFgRN6LSHQ9"
"521d313d-6473-465d-b458-c9c996035c1b","STEI_062.basePlot.ltr","D05","STEI","STEI_062","STEI_062_452","2016-09-26","2016-05-19","2016-09-19","2016-09-20T20:30Z","2016-09-26T18:30Z","NEON.LTR.STEI062452.20160919","NEON.LTR.STEI062452.20160919.NDL","NEON.DOC.001710vE","Needles",0,"N",NA,"yK8OKO7i1xqEPAI8O44BvyFgRN6LSHQ9"
"21117c54-4995-42ae-8e15-3248de45ec29","STEI_054.basePlot.ltr","D05","STEI","STEI_054","STEI_054_756","2016-09-26","2016-05-19","2016-09-19","2016-09-20T20:30Z","2016-09-26T18:30Z","NEON.LTR.STEI054756.20160919","NEON.LTR.STEI054756.20160919.SDS","NEON.DOC.001710vE","Seeds",0.53,"Y",NA,"q4jXFMRo3HvA0bmq2VSfPS/SCAqyEsJQ"
"f70a076d-2c45-44c5-a064-880c754079ec","STEI_062.basePlot.ltr","D05","STEI","STEI_062","STEI_062_452","2016-09-26","2016-05-19","2016-09-19","2016-09-20T20:30Z","2016-09-26T18:30Z","NEON.LTR.STEI062452.20160919","NEON.LTR.STEI062452.20160919.WDY","NEON.DOC.001710vE","Woody material",0,"N",NA,"yK8OKO7i1xqEPAI8O44BvyFgRN6LSHQ9"
"ebe232a5-e120-4849-809c-e16ed6b5c9bc","STEI_062.basePlot.ltr","D05","STEI","STEI_062","STEI_062_452","2016-09-26","2016-05-19","2016-09-19","2016-09-20T20:30Z","2016-09-26T18:30Z","NEON.LTR.STEI062452.20160919","NEON.LTR.STEI062452.20160919.TWI","NEON.DOC.001710vE","Twigs/branches",11.67,"N",NA,"yK8OKO7i1xqEPAI8O44BvyFgRN6LSHQ9"
"6beb82c7-0fd4-4305-aa27-0b82231c7e9b","STEI_050.basePlot.ltr","D05","STEI","STEI_050","STEI_050_185","2016-10-11","2016-09-19","2016-10-05","2016-10-06T22:00Z","2016-10-11T21:00Z","NEON.LTR.STEI050185.20161005","NEON.LTR.STEI050185.20161005.WDY","NEON.DOC.001710vE","Woody material",0,"N",NA,"hE8YqXO7sNiNpTQ8TwLBTEwXi3KL/fpp"
"b2753ee6-bf62-489d-b14c-b91035829897","STEI_050.basePlot.ltr","D05","STEI","STEI_050","STEI_050_185","2016-10-11","2016-09-19","2016-10-05","2016-10-06T22:00Z","2016-10-11T21:00Z","NEON.LTR.STEI050185.20161005","NEON.LTR.STEI050185.20161005.SDS","NEON.DOC.001710vE","Seeds",0,"N",NA,"hE8YqXO7sNiNpTQ8TwLBTEwXi3KL/fpp"
"d17624a4-b4a2-408e-8f0c-fcdcbbb25152","STEI_050.basePlot.ltr","D05","STEI","STEI_050","STEI_050_185","2016-10-11","2016-09-19","2016-10-05","2016-10-06T22:00Z","2016-10-11T21:00Z","NEON.LTR.STEI050185.20161005","NEON.LTR.STEI050185.20161005.TWI","NEON.DOC.001710vE","Twigs/branches",9.58,"N",NA,"hE8YqXO7sNiNpTQ8TwLBTEwXi3KL/fpp"
"4caef11d-d662-483f-93c5-d2d5ecb336f4","STEI_053.basePlot.ltr","D05","STEI","STEI_053","STEI_053_296","2016-10-11","2016-09-19","2016-10-05","2016-10-06T22:00Z","2016-10-11T21:00Z","NEON.LTR.STEI053296.20161005","NEON.LTR.STEI053296.20161005.SDS","NEON.DOC.001710vE","Seeds",0.03,"N",NA,"hE8YqXO7sNiNpTQ8TwLBTEwXi3KL/fpp"
"9e8275d0-633b-47a9-8e9f-8e484579c9a0","STEI_053.basePlot.ltr","D05","STEI","STEI_053","STEI_053_296","2016-10-11","2016-09-19","2016-10-05","2016-10-06T22:00Z","2016-10-11T21:00Z","NEON.LTR.STEI053296.20161005","NEON.LTR.STEI053296.20161005.TWI","NEON.DOC.001710vE","Twigs/branches",5.18,"N",NA,"hE8YqXO7sNiNpTQ8TwLBTEwXi3KL/fpp"
"9ec7cd11-4681-42af-8cbe-c837442fd57f","STEI_053.basePlot.ltr","D05","STEI","STEI_053","STEI_053_296","2016-10-11","2016-09-19","2016-10-05","2016-10-06T22:00Z","2016-10-11T21:00Z","NEON.LTR.STEI053296.20161005","NEON.LTR.STEI053296.20161005.OTH","NEON.DOC.001710vE","Other",0.03,"N",NA,"hE8YqXO7sNiNpTQ8TwLBTEwXi3KL/fpp"
"ce376902-9ed6-4ce1-967e-1fffb139189b","STEI_053.basePlot.ltr","D05","STEI","STEI_053","STEI_053_296","2016-10-11","2016-09-19","2016-10-05","2016-10-06T22:00Z","2016-10-11T21:00Z","NEON.LTR.STEI053296.20161005","NEON.LTR.STEI053296.20161005.NDL","NEON.DOC.001710vE","Needles",0,"N",NA,"hE8YqXO7sNiNpTQ8TwLBTEwXi3KL/fpp"
"3918bea8-b99f-40c2-9052-b3adfeedf06c","STEI_053.basePlot.ltr","D05","STEI","STEI_053","STEI_053_296","2016-10-11","2016-09-19","2016-10-05","2016-10-06T22:00Z","2016-10-11T21:00Z","NEON.LTR.STEI053296.20161005","NEON.LTR.STEI053296.20161005.LVS","NEON.DOC.001710vE","Leaves",49.87,"N",NA,"hE8YqXO7sNiNpTQ8TwLBTEwXi3KL/fpp"
"2874bdac-815e-49c2-a024-d3851a9401f7","STEI_053.basePlot.ltr","D05","STEI","STEI_053","STEI_053_296","2016-10-11","2016-09-19","2016-10-05","2016-10-06T22:00Z","2016-10-11T21:00Z","NEON.LTR.STEI053296.20161005","NEON.LTR.STEI053296.20161005.WDY","NEON.DOC.001710vE","Woody material",0,"N",NA,"hE8YqXO7sNiNpTQ8TwLBTEwXi3KL/fpp"
"30be48b8-7c67-4f77-93ef-bdd84a6bd863","STEI_053.basePlot.ltr","D05","STEI","STEI_053","STEI_053_296","2016-10-11","2016-09-19","2016-10-05","2016-10-06T22:00Z","2016-10-11T21:00Z","NEON.LTR.STEI053296.20161005","NEON.LTR.STEI053296.20161005.LVS","NEON.DOC.001710vE","Leaves",50.03,"N",NA,"hE8YqXO7sNiNpTQ8TwLBTEwXi3KL/fpp"
"a21198fe-81af-4a3e-9d7c-5e9fba574124","STEI_053.basePlot.ltr","D05","STEI","STEI_053","STEI_053_296","2016-10-11","2016-09-19","2016-10-05","2016-10-06T22:00Z","2016-10-11T21:00Z","NEON.LTR.STEI053296.20161005","NEON.LTR.STEI053296.20161005.FLR","NEON.DOC.001710vE","Flowers",0,"N",NA,"hE8YqXO7sNiNpTQ8TwLBTEwXi3KL/fpp"
"fbdc6617-70bf-4f8b-9a48-6bfb83576ef2","STEI_058.basePlot.ltr","D05","STEI","STEI_058","STEI_058_702","2016-10-11","2016-09-19","2016-10-05","2016-10-06T22:00Z","2016-10-11T21:00Z","NEON.LTR.STEI058702.20161005","NEON.LTR.STEI058702.20161005.TWI","NEON.DOC.001710vE","Twigs/branches",4.8,"N",NA,"hE8YqXO7sNiNpTQ8TwLBTEwXi3KL/fpp"
"07988230-dfc2-41a5-a8a5-2419ea9720ed","STEI_058.basePlot.ltr","D05","STEI","STEI_058","STEI_058_702","2016-10-11","2016-09-19","2016-10-05","2016-10-06T22:00Z","2016-10-11T21:00Z","NEON.LTR.STEI058702.20161005","NEON.LTR.STEI058702.20161005.WDY","NEON.DOC.001710vE","Woody material",0,"N",NA,"hE8YqXO7sNiNpTQ8TwLBTEwXi3KL/fpp"
"b5ed3d06-b226-4b6c-b0bd-a3bddbc767aa","STEI_058.basePlot.ltr","D05","STEI","STEI_058","STEI_058_702","2016-10-11","2016-09-19","2016-10-05","2016-10-06T22:00Z","2016-10-11T21:00Z","NEON.LTR.STEI058702.20161005","NEON.LTR.STEI058702.20161005.OTH","NEON.DOC.001710vE","Other",0.1,"N",NA,"hE8YqXO7sNiNpTQ8TwLBTEwXi3KL/fpp"
"b5c2d611-f33e-444e-8c91-3dc753fa64ce","STEI_058.basePlot.ltr","D05","STEI","STEI_058","STEI_058_702","2016-10-11","2016-09-19","2016-10-05","2016-10-06T22:00Z","2016-10-11T21:00Z","NEON.LTR.STEI058702.20161005","NEON.LTR.STEI058702.20161005.SDS","NEON.DOC.001710vE","Seeds",0.09,"N",NA,"hE8YqXO7sNiNpTQ8TwLBTEwXi3KL/fpp"
"50dcff31-bc42-4057-8b3d-b9ddbbb86a4f","STEI_058.basePlot.ltr","D05","STEI","STEI_058","STEI_058_702","2016-10-11","2016-09-19","2016-10-05","2016-10-06T22:00Z","2016-10-11T21:00Z","NEON.LTR.STEI058702.20161005","NEON.LTR.STEI058702.20161005.FLR","NEON.DOC.001710vE","Flowers",0,"N",NA,"hE8YqXO7sNiNpTQ8TwLBTEwXi3KL/fpp"
"b1965ba1-c5c3-4b38-ad50-870036f7257e","STEI_058.basePlot.ltr","D05","STEI","STEI_058","STEI_058_702","2016-10-11","2016-09-19","2016-10-05","2016-10-06T22:00Z","2016-10-11T21:00Z","NEON.LTR.STEI058702.20161005","NEON.LTR.STEI058702.20161005.LVS","NEON.DOC.001710vE","Leaves",72.14,"N",NA,"hE8YqXO7sNiNpTQ8TwLBTEwXi3KL/fpp"
"51833913-c881-4b22-8650-7a15c29bad6e","STEI_058.basePlot.ltr","D05","STEI","STEI_058","STEI_058_702","2016-10-11","2016-09-19","2016-10-05","2016-10-06T22:00Z","2016-10-11T21:00Z","NEON.LTR.STEI058702.20161005","NEON.LTR.STEI058702.20161005.NDL","NEON.DOC.001710vE","Needles",0.4,"N",NA,"hE8YqXO7sNiNpTQ8TwLBTEwXi3KL/fpp"
"fd8269f5-410f-4f39-b9a0-97f27d5f073b","STEI_050.basePlot.ltr","D05","STEI","STEI_050","STEI_050_185","2016-10-11","2016-09-19","2016-10-05","2016-10-06T22:00Z","2016-10-11T21:00Z","NEON.LTR.STEI050185.20161005","NEON.LTR.STEI050185.20161005.OTH","NEON.DOC.001710vE","Other",0.03,"N",NA,"hE8YqXO7sNiNpTQ8TwLBTEwXi3KL/fpp"
"22edefce-8c78-49d0-81ca-3e3618be1c14","STEI_050.basePlot.ltr","D05","STEI","STEI_050","STEI_050_185","2016-10-11","2016-09-19","2016-10-05","2016-10-06T22:00Z","2016-10-11T21:00Z","NEON.LTR.STEI050185.20161005","NEON.LTR.STEI050185.20161005.NDL","NEON.DOC.001710vE","Needles",0.005,"N",NA,"hE8YqXO7sNiNpTQ8TwLBTEwXi3KL/fpp"
"c0bf7af1-b13a-4090-81ba-54a7dda73aac","STEI_050.basePlot.ltr","D05","STEI","STEI_050","STEI_050_185","2016-10-11","2016-09-19","2016-10-05","2016-10-06T22:00Z","2016-10-11T21:00Z","NEON.LTR.STEI050185.20161005","NEON.LTR.STEI050185.20161005.FLR","NEON.DOC.001710vE","Flowers",0.005,"N",NA,"hE8YqXO7sNiNpTQ8TwLBTEwXi3KL/fpp"
"b4060243-11cf-4233-9030-a453702d1d2e","STEI_050.basePlot.ltr","D05","STEI","STEI_050","STEI_050_185","2016-10-11","2016-09-19","2016-10-05","2016-10-06T22:00Z","2016-10-11T21:00Z","NEON.LTR.STEI050185.20161005","NEON.LTR.STEI050185.20161005.LVS","NEON.DOC.001710vE","Leaves",49.03,"N",NA,"hE8YqXO7sNiNpTQ8TwLBTEwXi3KL/fpp"
"65f3ef59-a09b-481d-93fe-a9c1973de7e8","STEI_050.basePlot.ltr","D05","STEI","STEI_050","STEI_050_185","2016-10-11","2016-09-19","2016-10-05","2016-10-06T22:00Z","2016-10-11T21:00Z","NEON.LTR.STEI050185.20161005","NEON.LTR.STEI050185.20161005.OTH","NEON.DOC.001710vE","Other",0.05,"Y",NA,"hE8YqXO7sNiNpTQ8TwLBTEwXi3KL/fpp"
"067f9a06-88bc-454f-8196-e201e24b9524","STEI_055.basePlot.ltr","D05","STEI","STEI_055","STEI_055_833","2016-10-11","2016-09-19","2016-10-05","2016-10-06T22:00Z","2016-10-11T21:00Z","NEON.LTR.STEI055833.20161005","NEON.LTR.STEI055833.20161005.SDS","NEON.DOC.001710vE","Seeds",0.005,"N",NA,"hE8YqXO7sNiNpTQ8TwLBTEwXi3KL/fpp"
"3a6069bd-1874-4008-aa90-9e229ff56acd","STEI_055.basePlot.ltr","D05","STEI","STEI_055","STEI_055_833","2016-10-11","2016-09-19","2016-10-05","2016-10-06T22:00Z","2016-10-11T21:00Z","NEON.LTR.STEI055833.20161005","NEON.LTR.STEI055833.20161005.FLR","NEON.DOC.001710vE","Flowers",0.005,"N",NA,"hE8YqXO7sNiNpTQ8TwLBTEwXi3KL/fpp"
"b416a92b-1d4a-4611-b16f-738cc5fdc7fd","STEI_055.basePlot.ltr","D05","STEI","STEI_055","STEI_055_833","2016-10-11","2016-09-19","2016-10-05","2016-10-06T22:00Z","2016-10-11T21:00Z","NEON.LTR.STEI055833.20161005","NEON.LTR.STEI055833.20161005.LVS","NEON.DOC.001710vE","Leaves",84.75,"N",NA,"hE8YqXO7sNiNpTQ8TwLBTEwXi3KL/fpp"
"5bac2f07-1af4-48fd-b9d7-ec2149c18540","STEI_055.basePlot.ltr","D05","STEI","STEI_055","STEI_055_833","2016-10-11","2016-09-19","2016-10-05","2016-10-06T22:00Z","2016-10-11T21:00Z","NEON.LTR.STEI055833.20161005","NEON.LTR.STEI055833.20161005.WDY","NEON.DOC.001710vE","Woody material",0,"N",NA,"hE8YqXO7sNiNpTQ8TwLBTEwXi3KL/fpp"
"6fc8f59a-c59e-4fe9-96fd-d0e499ffdd79","STEI_055.basePlot.ltr","D05","STEI","STEI_055","STEI_055_833","2016-10-11","2016-09-19","2016-10-05","2016-10-06T22:00Z","2016-10-11T21:00Z","NEON.LTR.STEI055833.20161005","NEON.LTR.STEI055833.20161005.TWI","NEON.DOC.001710vE","Twigs/branches",1.36,"N",NA,"hE8YqXO7sNiNpTQ8TwLBTEwXi3KL/fpp"
"04f7f211-0a38-4669-b7d7-d09412448ccb","STEI_055.basePlot.ltr","D05","STEI","STEI_055","STEI_055_833","2016-10-11","2016-09-19","2016-10-05","2016-10-06T22:00Z","2016-10-11T21:00Z","NEON.LTR.STEI055833.20161005","NEON.LTR.STEI055833.20161005.TWI","NEON.DOC.001710vE","Twigs/branches",1.37,"N",NA,"hE8YqXO7sNiNpTQ8TwLBTEwXi3KL/fpp"
"81a89f43-bacc-41a5-b5e9-1cb2334bc7e7","STEI_055.basePlot.ltr","D05","STEI","STEI_055","STEI_055_833","2016-10-11","2016-09-19","2016-10-05","2016-10-06T22:00Z","2016-10-11T21:00Z","NEON.LTR.STEI055833.20161005","NEON.LTR.STEI055833.20161005.NDL","NEON.DOC.001710vE","Needles",0.005,"N",NA,"hE8YqXO7sNiNpTQ8TwLBTEwXi3KL/fpp"
"23df5d2c-9f24-43b6-b114-873f28b20510","STEI_055.basePlot.ltr","D05","STEI","STEI_055","STEI_055_833","2016-10-11","2016-09-19","2016-10-05","2016-10-06T22:00Z","2016-10-11T21:00Z","NEON.LTR.STEI055833.20161005","NEON.LTR.STEI055833.20161005.OTH","NEON.DOC.001710vE","Other",0.005,"N",NA,"hE8YqXO7sNiNpTQ8TwLBTEwXi3KL/fpp"
"e5712afc-3732-4403-956f-98259212992b","STEI_058.basePlot.ltr","D05","STEI","STEI_058","STEI_058_862","2016-10-11","2016-09-19","2016-10-05","2016-10-06T22:00Z","2016-10-11T21:00Z","NEON.LTR.STEI058862.20161005","NEON.LTR.STEI058862.20161005.NDL","NEON.DOC.001710vE","Needles",0.13,"N",NA,"hE8YqXO7sNiNpTQ8TwLBTEwXi3KL/fpp"
"9ace2c16-0fd0-49a7-9723-cfa302d996ce","STEI_058.basePlot.ltr","D05","STEI","STEI_058","STEI_058_862","2016-10-11","2016-09-19","2016-10-05","2016-10-06T22:00Z","2016-10-11T21:00Z","NEON.LTR.STEI058862.20161005","NEON.LTR.STEI058862.20161005.FLR","NEON.DOC.001710vE","Flowers",0,"N",NA,"hE8YqXO7sNiNpTQ8TwLBTEwXi3KL/fpp"
"50b69860-6e0e-4ebd-acc4-995e927a5da1","STEI_058.basePlot.ltr","D05","STEI","STEI_058","STEI_058_862","2016-10-11","2016-09-19","2016-10-05","2016-10-06T22:00Z","2016-10-11T21:00Z","NEON.LTR.STEI058862.20161005","NEON.LTR.STEI058862.20161005.OTH","NEON.DOC.001710vE","Other",0.03,"N",NA,"hE8YqXO7sNiNpTQ8TwLBTEwXi3KL/fpp"
"bb2c26cb-1ea2-4e80-9713-d81a63451da8","STEI_058.basePlot.ltr","D05","STEI","STEI_058","STEI_058_862","2016-10-11","2016-09-19","2016-10-05","2016-10-06T22:00Z","2016-10-11T21:00Z","NEON.LTR.STEI058862.20161005","NEON.LTR.STEI058862.20161005.TWI","NEON.DOC.001710vE","Twigs/branches",0.07,"N",NA,"hE8YqXO7sNiNpTQ8TwLBTEwXi3KL/fpp"
"420f0964-c084-403a-b7df-324668d8d2a8","STEI_058.basePlot.ltr","D05","STEI","STEI_058","STEI_058_862","2016-10-11","2016-09-19","2016-10-05","2016-10-06T22:00Z","2016-10-11T21:00Z","NEON.LTR.STEI058862.20161005","NEON.LTR.STEI058862.20161005.SDS","NEON.DOC.001710vE","Seeds",0,"N",NA,"hE8YqXO7sNiNpTQ8TwLBTEwXi3KL/fpp"
"304f6d08-e723-4e82-b2ba-652ff2669d03","STEI_058.basePlot.ltr","D05","STEI","STEI_058","STEI_058_862","2016-10-11","2016-09-19","2016-10-05","2016-10-06T22:00Z","2016-10-11T21:00Z","NEON.LTR.STEI058862.20161005","NEON.LTR.STEI058862.20161005.WDY","NEON.DOC.001710vE","Woody material",0,"N",NA,"hE8YqXO7sNiNpTQ8TwLBTEwXi3KL/fpp"
"9d19bf8f-e202-4136-9778-3ee55944edc1","STEI_058.basePlot.ltr","D05","STEI","STEI_058","STEI_058_862","2016-10-11","2016-09-19","2016-10-05","2016-10-06T22:00Z","2016-10-11T21:00Z","NEON.LTR.STEI058862.20161005","NEON.LTR.STEI058862.20161005.LVS","NEON.DOC.001710vE","Leaves",29.7,"N",NA,"hE8YqXO7sNiNpTQ8TwLBTEwXi3KL/fpp"
"028c4750-d704-49b0-be08-d45da0f487d1","STEI_052.basePlot.ltr","D05","STEI","STEI_052","STEI_052_903","2016-10-11","2016-09-19","2016-10-05","2016-10-06T22:00Z","2016-10-11T21:00Z","NEON.LTR.STEI052903.20161005","NEON.LTR.STEI052903.20161005.NDL","NEON.DOC.001710vE","Needles",0.005,"N",NA,"hE8YqXO7sNiNpTQ8TwLBTEwXi3KL/fpp"
"1b00b0db-02ea-4fde-a483-bbff7bf6da7f","STEI_052.basePlot.ltr","D05","STEI","STEI_052","STEI_052_903","2016-10-11","2016-09-19","2016-10-05","2016-10-06T22:00Z","2016-10-11T21:00Z","NEON.LTR.STEI052903.20161005","NEON.LTR.STEI052903.20161005.SDS","NEON.DOC.001710vE","Seeds",0,"N",NA,"hE8YqXO7sNiNpTQ8TwLBTEwXi3KL/fpp"
"aeb94097-4b20-4485-b5f6-cb796ad87410","STEI_052.basePlot.ltr","D05","STEI","STEI_052","STEI_052_903","2016-10-11","2016-09-19","2016-10-05","2016-10-06T22:00Z","2016-10-11T21:00Z","NEON.LTR.STEI052903.20161005","NEON.LTR.STEI052903.20161005.FLR","NEON.DOC.001710vE","Flowers",0.005,"N",NA,"hE8YqXO7sNiNpTQ8TwLBTEwXi3KL/fpp"
"c557e1c4-a9dd-4f71-97bc-ce0dfd29aef7","STEI_052.basePlot.ltr","D05","STEI","STEI_052","STEI_052_903","2016-10-11","2016-09-19","2016-10-05","2016-10-06T22:00Z","2016-10-11T21:00Z","NEON.LTR.STEI052903.20161005","NEON.LTR.STEI052903.20161005.WDY","NEON.DOC.001710vE","Woody material",0,"N",NA,"hE8YqXO7sNiNpTQ8TwLBTEwXi3KL/fpp"
"02046045-460a-4ad3-b7f0-35ec54c40c2a","STEI_052.basePlot.ltr","D05","STEI","STEI_052","STEI_052_903","2016-10-11","2016-09-19","2016-10-05","2016-10-06T22:00Z","2016-10-11T21:00Z","NEON.LTR.STEI052903.20161005","NEON.LTR.STEI052903.20161005.OTH","NEON.DOC.001710vE","Other",0.01,"N",NA,"hE8YqXO7sNiNpTQ8TwLBTEwXi3KL/fpp"
"b4a6301c-0fc2-47ac-9449-a80aac85d1aa","STEI_052.basePlot.ltr","D05","STEI","STEI_052","STEI_052_903","2016-10-11","2016-09-19","2016-10-05","2016-10-06T22:00Z","2016-10-11T21:00Z","NEON.LTR.STEI052903.20161005","NEON.LTR.STEI052903.20161005.TWI","NEON.DOC.001710vE","Twigs/branches",0.005,"N",NA,"hE8YqXO7sNiNpTQ8TwLBTEwXi3KL/fpp"
"8b9548e6-71be-4761-ba38-e788fca5abcb","STEI_052.basePlot.ltr","D05","STEI","STEI_052","STEI_052_903","2016-10-11","2016-09-19","2016-10-05","2016-10-06T22:00Z","2016-10-11T21:00Z","NEON.LTR.STEI052903.20161005","NEON.LTR.STEI052903.20161005.LVS","NEON.DOC.001710vE","Leaves",27.37,"N",NA,"hE8YqXO7sNiNpTQ8TwLBTEwXi3KL/fpp"
"5587fdc2-7d8e-4fdc-a4ce-4ad5ea7fbd55","STEI_059.basePlot.ltr","D05","STEI","STEI_059","STEI_059_452","2016-10-11","2016-09-19","2016-10-05","2016-10-06T22:00Z","2016-10-11T21:00Z","NEON.LTR.STEI059452.20161005","NEON.LTR.STEI059452.20161005.NDL","NEON.DOC.001710vE","Needles",0.005,"N",NA,"hE8YqXO7sNiNpTQ8TwLBTEwXi3KL/fpp"
"ab460678-c943-42db-98c0-050de330aeda","STEI_059.basePlot.ltr","D05","STEI","STEI_059","STEI_059_452","2016-10-11","2016-09-19","2016-10-05","2016-10-06T22:00Z","2016-10-11T21:00Z","NEON.LTR.STEI059452.20161005","NEON.LTR.STEI059452.20161005.FLR","NEON.DOC.001710vE","Flowers",0.005,"N",NA,"hE8YqXO7sNiNpTQ8TwLBTEwXi3KL/fpp"
"d5c496ab-4bcb-4d69-a289-7054adfe6779","STEI_059.basePlot.ltr","D05","STEI","STEI_059","STEI_059_452","2016-10-11","2016-09-19","2016-10-05","2016-10-06T22:00Z","2016-10-11T21:00Z","NEON.LTR.STEI059452.20161005","NEON.LTR.STEI059452.20161005.LVS","NEON.DOC.001710vE","Leaves",99.47,"N",NA,"hE8YqXO7sNiNpTQ8TwLBTEwXi3KL/fpp"
"c62e299d-ecc8-415c-9fc2-b024349d5558","STEI_059.basePlot.ltr","D05","STEI","STEI_059","STEI_059_452","2016-10-11","2016-09-19","2016-10-05","2016-10-06T22:00Z","2016-10-11T21:00Z","NEON.LTR.STEI059452.20161005","NEON.LTR.STEI059452.20161005.SDS","NEON.DOC.001710vE","Seeds",0,"N",NA,"hE8YqXO7sNiNpTQ8TwLBTEwXi3KL/fpp"
"8da4cc90-5cf8-468a-8ea3-82378c41c8f3","STEI_059.basePlot.ltr","D05","STEI","STEI_059","STEI_059_452","2016-10-11","2016-09-19","2016-10-05","2016-10-06T22:00Z","2016-10-11T21:00Z","NEON.LTR.STEI059452.20161005","NEON.LTR.STEI059452.20161005.WDY","NEON.DOC.001710vE","Woody material",0,"N",NA,"hE8YqXO7sNiNpTQ8TwLBTEwXi3KL/fpp"
"542fddb5-d841-4025-a895-83819ecff0bb","STEI_059.basePlot.ltr","D05","STEI","STEI_059","STEI_059_452","2016-10-11","2016-09-19","2016-10-05","2016-10-06T22:00Z","2016-10-11T21:00Z","NEON.LTR.STEI059452.20161005","NEON.LTR.STEI059452.20161005.OTH","NEON.DOC.001710vE","Other",0,"N",NA,"hE8YqXO7sNiNpTQ8TwLBTEwXi3KL/fpp"
"65409ebb-d210-4770-a26c-9dc7b8ee5bce","STEI_059.basePlot.ltr","D05","STEI","STEI_059","STEI_059_452","2016-10-11","2016-09-19","2016-10-05","2016-10-06T22:00Z","2016-10-11T21:00Z","NEON.LTR.STEI059452.20161005","NEON.LTR.STEI059452.20161005.TWI","NEON.DOC.001710vE","Twigs/branches",1.01,"N",NA,"hE8YqXO7sNiNpTQ8TwLBTEwXi3KL/fpp"
"8393d062-957f-45a3-929e-c4dd57dbe6b2","STEI_062.basePlot.ltr","D05","STEI","STEI_062","STEI_062_452","2016-10-11","2016-09-19","2016-10-05","2016-10-06T22:00Z","2016-10-11T21:00Z","NEON.LTR.STEI062452.20161005","NEON.LTR.STEI062452.20161005.WDY","NEON.DOC.001710vE","Woody material",0,"N",NA,"hE8YqXO7sNiNpTQ8TwLBTEwXi3KL/fpp"
"94a6249d-3fdb-41b9-a267-d3c66a3e3104","STEI_062.basePlot.ltr","D05","STEI","STEI_062","STEI_062_452","2016-10-11","2016-09-19","2016-10-05","2016-10-06T22:00Z","2016-10-11T21:00Z","NEON.LTR.STEI062452.20161005","NEON.LTR.STEI062452.20161005.NDL","NEON.DOC.001710vE","Needles",0.14,"Y",NA,"hE8YqXO7sNiNpTQ8TwLBTEwXi3KL/fpp"
"afa6a24b-ae55-4640-a292-667fd9646a88","STEI_062.basePlot.ltr","D05","STEI","STEI_062","STEI_062_452","2016-10-11","2016-09-19","2016-10-05","2016-10-06T22:00Z","2016-10-11T21:00Z","NEON.LTR.STEI062452.20161005","NEON.LTR.STEI062452.20161005.FLR","NEON.DOC.001710vE","Flowers",0.005,"N",NA,"hE8YqXO7sNiNpTQ8TwLBTEwXi3KL/fpp"
"c957e2f9-8703-4f3b-a293-2577d6788b5c","STEI_062.basePlot.ltr","D05","STEI","STEI_062","STEI_062_452","2016-10-11","2016-09-19","2016-10-05","2016-10-06T22:00Z","2016-10-11T21:00Z","NEON.LTR.STEI062452.20161005","NEON.LTR.STEI062452.20161005.SDS","NEON.DOC.001710vE","Seeds",0,"N",NA,"hE8YqXO7sNiNpTQ8TwLBTEwXi3KL/fpp"
"8bd897fd-2453-4beb-ba53-ccaca07d0608","STEI_062.basePlot.ltr","D05","STEI","STEI_062","STEI_062_452","2016-10-11","2016-09-19","2016-10-05","2016-10-06T22:00Z","2016-10-11T21:00Z","NEON.LTR.STEI062452.20161005","NEON.LTR.STEI062452.20161005.TWI","NEON.DOC.001710vE","Twigs/branches",4.55,"Y",NA,"hE8YqXO7sNiNpTQ8TwLBTEwXi3KL/fpp"
"1c90dca5-52cf-4dd1-968b-acc4ea9f1961","STEI_062.basePlot.ltr","D05","STEI","STEI_062","STEI_062_452","2016-10-11","2016-09-19","2016-10-05","2016-10-06T22:00Z","2016-10-11T21:00Z","NEON.LTR.STEI062452.20161005","NEON.LTR.STEI062452.20161005.TWI","NEON.DOC.001710vE","Twigs/branches",4.57,"N",NA,"hE8YqXO7sNiNpTQ8TwLBTEwXi3KL/fpp"
"1a080b4e-8351-4d73-ba50-f6bb76b95c50","STEI_062.basePlot.ltr","D05","STEI","STEI_062","STEI_062_452","2016-10-11","2016-09-19","2016-10-05","2016-10-06T22:00Z","2016-10-11T21:00Z","NEON.LTR.STEI062452.20161005","NEON.LTR.STEI062452.20161005.OTH","NEON.DOC.001710vE","Other",0,"N",NA,"hE8YqXO7sNiNpTQ8TwLBTEwXi3KL/fpp"
"d7af74ea-4a10-4869-bc54-206fb2e209a8","STEI_062.basePlot.ltr","D05","STEI","STEI_062","STEI_062_452","2016-10-11","2016-09-19","2016-10-05","2016-10-06T22:00Z","2016-10-11T21:00Z","NEON.LTR.STEI062452.20161005","NEON.LTR.STEI062452.20161005.NDL","NEON.DOC.001710vE","Needles",0.14,"N",NA,"hE8YqXO7sNiNpTQ8TwLBTEwXi3KL/fpp"
"d02727c6-7c11-4864-b4ae-82a91255cdf5","STEI_062.basePlot.ltr","D05","STEI","STEI_062","STEI_062_452","2016-10-11","2016-09-19","2016-10-05","2016-10-06T22:00Z","2016-10-11T21:00Z","NEON.LTR.STEI062452.20161005","NEON.LTR.STEI062452.20161005.LVS","NEON.DOC.001710vE","Leaves",62.31,"N",NA,"hE8YqXO7sNiNpTQ8TwLBTEwXi3KL/fpp"
"cef57b14-34d1-492b-901f-fe6ca39a4ad8","STEI_054.basePlot.ltr","D05","STEI","STEI_054","STEI_054_372","2016-10-11","2016-09-19","2016-10-05","2016-10-06T22:00Z","2016-10-11T21:00Z","NEON.LTR.STEI054372.20161005","NEON.LTR.STEI054372.20161005.NDL","NEON.DOC.001710vE","Needles",0,"N",NA,"hE8YqXO7sNiNpTQ8TwLBTEwXi3KL/fpp"
"c39c15b1-dc28-4a4f-9e3b-282e3a27cead","STEI_054.basePlot.ltr","D05","STEI","STEI_054","STEI_054_372","2016-10-11","2016-09-19","2016-10-05","2016-10-06T22:00Z","2016-10-11T21:00Z","NEON.LTR.STEI054372.20161005","NEON.LTR.STEI054372.20161005.TWI","NEON.DOC.001710vE","Twigs/branches",2.27,"N",NA,"hE8YqXO7sNiNpTQ8TwLBTEwXi3KL/fpp"
"0e406e16-6297-42e5-a4a7-4a725072ae83","STEI_054.basePlot.ltr","D05","STEI","STEI_054","STEI_054_372","2016-10-11","2016-09-19","2016-10-05","2016-10-06T22:00Z","2016-10-11T21:00Z","NEON.LTR.STEI054372.20161005","NEON.LTR.STEI054372.20161005.WDY","NEON.DOC.001710vE","Woody material",0,"N",NA,"hE8YqXO7sNiNpTQ8TwLBTEwXi3KL/fpp"
"f48e7027-f899-47e7-9248-b09f6560969c","STEI_054.basePlot.ltr","D05","STEI","STEI_054","STEI_054_372","2016-10-11","2016-09-19","2016-10-05","2016-10-06T22:00Z","2016-10-11T21:00Z","NEON.LTR.STEI054372.20161005","NEON.LTR.STEI054372.20161005.OTH","NEON.DOC.001710vE","Other",0,"N",NA,"hE8YqXO7sNiNpTQ8TwLBTEwXi3KL/fpp"
"f9d3af91-419c-41f0-aef8-9a1e522ba9f4","STEI_054.basePlot.ltr","D05","STEI","STEI_054","STEI_054_372","2016-10-11","2016-09-19","2016-10-05","2016-10-06T22:00Z","2016-10-11T21:00Z","NEON.LTR.STEI054372.20161005","NEON.LTR.STEI054372.20161005.FLR","NEON.DOC.001710vE","Flowers",0,"N",NA,"hE8YqXO7sNiNpTQ8TwLBTEwXi3KL/fpp"
"18322cac-1ec0-48b5-aea4-09b1f402ddc0","STEI_054.basePlot.ltr","D05","STEI","STEI_054","STEI_054_372","2016-10-11","2016-09-19","2016-10-05","2016-10-06T22:00Z","2016-10-11T21:00Z","NEON.LTR.STEI054372.20161005","NEON.LTR.STEI054372.20161005.SDS","NEON.DOC.001710vE","Seeds",0,"N",NA,"hE8YqXO7sNiNpTQ8TwLBTEwXi3KL/fpp"
"c1455b07-8d2b-415a-b4d7-abcc0a464dda","STEI_054.basePlot.ltr","D05","STEI","STEI_054","STEI_054_372","2016-10-11","2016-09-19","2016-10-05","2016-10-06T22:00Z","2016-10-11T21:00Z","NEON.LTR.STEI054372.20161005","NEON.LTR.STEI054372.20161005.LVS","NEON.DOC.001710vE","Leaves",94.6,"N",NA,"hE8YqXO7sNiNpTQ8TwLBTEwXi3KL/fpp"
"bf493e34-d3b6-484c-8c76-05d4790fdbac","STEI_054.basePlot.ltr","D05","STEI","STEI_054","STEI_054_756","2016-10-11","2016-09-19","2016-10-05","2016-10-06T22:00Z","2016-10-11T21:00Z","NEON.LTR.STEI054756.20161005","NEON.LTR.STEI054756.20161005.NDL","NEON.DOC.001710vE","Needles",0,"N",NA,"hE8YqXO7sNiNpTQ8TwLBTEwXi3KL/fpp"
"5e6e149f-9c6f-4010-8fa0-0decfd2e7787","STEI_054.basePlot.ltr","D05","STEI","STEI_054","STEI_054_756","2016-10-11","2016-09-19","2016-10-05","2016-10-06T22:00Z","2016-10-11T21:00Z","NEON.LTR.STEI054756.20161005","NEON.LTR.STEI054756.20161005.LVS","NEON.DOC.001710vE","Leaves",67.75,"N",NA,"hE8YqXO7sNiNpTQ8TwLBTEwXi3KL/fpp"
"f8084133-2240-4b0e-bb20-da4de987e4e4","STEI_054.basePlot.ltr","D05","STEI","STEI_054","STEI_054_756","2016-10-11","2016-09-19","2016-10-05","2016-10-06T22:00Z","2016-10-11T21:00Z","NEON.LTR.STEI054756.20161005","NEON.LTR.STEI054756.20161005.WDY","NEON.DOC.001710vE","Woody material",0,"N",NA,"hE8YqXO7sNiNpTQ8TwLBTEwXi3KL/fpp"
"38ba467f-eff3-4642-a663-d3e7845f26f3","STEI_054.basePlot.ltr","D05","STEI","STEI_054","STEI_054_756","2016-10-11","2016-09-19","2016-10-05","2016-10-06T22:00Z","2016-10-11T21:00Z","NEON.LTR.STEI054756.20161005","NEON.LTR.STEI054756.20161005.SDS","NEON.DOC.001710vE","Seeds",0.08,"N",NA,"hE8YqXO7sNiNpTQ8TwLBTEwXi3KL/fpp"
"c82fe32b-4a5d-4593-9fe8-bb0b33f2f968","STEI_054.basePlot.ltr","D05","STEI","STEI_054","STEI_054_756","2016-10-11","2016-09-19","2016-10-05","2016-10-06T22:00Z","2016-10-11T21:00Z","NEON.LTR.STEI054756.20161005","NEON.LTR.STEI054756.20161005.LVS","NEON.DOC.001710vE","Leaves",67.7,"Y",NA,"hE8YqXO7sNiNpTQ8TwLBTEwXi3KL/fpp"
"837b2466-9a60-4bb4-af24-90a655d00f25","STEI_054.basePlot.ltr","D05","STEI","STEI_054","STEI_054_756","2016-10-11","2016-09-19","2016-10-05","2016-10-06T22:00Z","2016-10-11T21:00Z","NEON.LTR.STEI054756.20161005","NEON.LTR.STEI054756.20161005.TWI","NEON.DOC.001710vE","Twigs/branches",7.99,"N",NA,"hE8YqXO7sNiNpTQ8TwLBTEwXi3KL/fpp"
"e2065c29-fa53-48d7-ad6f-6440bcb08414","STEI_054.basePlot.ltr","D05","STEI","STEI_054","STEI_054_756","2016-10-11","2016-09-19","2016-10-05","2016-10-06T22:00Z","2016-10-11T21:00Z","NEON.LTR.STEI054756.20161005","NEON.LTR.STEI054756.20161005.OTH","NEON.DOC.001710vE","Other",0,"N",NA,"hE8YqXO7sNiNpTQ8TwLBTEwXi3KL/fpp"
"140b5781-a08d-43a6-919d-a100eae42443","STEI_051.basePlot.ltr","D05","STEI","STEI_051","STEI_051_885","2016-10-11","2016-09-19","2016-10-05","2016-10-06T22:00Z","2016-10-11T21:00Z","NEON.LTR.STEI051885.20161005","NEON.LTR.STEI051885.20161005.LVS","NEON.DOC.001710vE","Leaves",66.31,"N",NA,"hE8YqXO7sNiNpTQ8TwLBTEwXi3KL/fpp"
"c0f547b9-1f84-41b8-999c-8011e1789f17","STEI_051.basePlot.ltr","D05","STEI","STEI_051","STEI_051_885","2016-10-11","2016-09-19","2016-10-05","2016-10-06T22:00Z","2016-10-11T21:00Z","NEON.LTR.STEI051885.20161005","NEON.LTR.STEI051885.20161005.WDY","NEON.DOC.001710vE","Woody material",0,"N",NA,"hE8YqXO7sNiNpTQ8TwLBTEwXi3KL/fpp"
"c2f1e043-c8cc-4dc7-a132-9663464fa3f5","STEI_054.basePlot.ltr","D05","STEI","STEI_054","STEI_054_756","2016-10-11","2016-09-19","2016-10-05","2016-10-06T22:00Z","2016-10-11T21:00Z","NEON.LTR.STEI054756.20161005","NEON.LTR.STEI054756.20161005.FLR","NEON.DOC.001710vE","Flowers",0,"N",NA,"hE8YqXO7sNiNpTQ8TwLBTEwXi3KL/fpp"
"faa251ea-e2b9-43fc-afdf-c5e26ae3c77b","STEI_051.basePlot.ltr","D05","STEI","STEI_051","STEI_051_885","2016-10-11","2016-09-19","2016-10-05","2016-10-06T22:00Z","2016-10-11T21:00Z","NEON.LTR.STEI051885.20161005","NEON.LTR.STEI051885.20161005.OTH","NEON.DOC.001710vE","Other",0.06,"N",NA,"hE8YqXO7sNiNpTQ8TwLBTEwXi3KL/fpp"
"8050dca8-b655-45a7-b547-1bd2029a9838","STEI_051.basePlot.ltr","D05","STEI","STEI_051","STEI_051_885","2016-10-11","2016-09-19","2016-10-05","2016-10-06T22:00Z","2016-10-11T21:00Z","NEON.LTR.STEI051885.20161005","NEON.LTR.STEI051885.20161005.TWI","NEON.DOC.001710vE","Twigs/branches",0.58,"N",NA,"hE8YqXO7sNiNpTQ8TwLBTEwXi3KL/fpp"
"aceb180c-17ba-455f-bce9-1521056642f9","STEI_051.basePlot.ltr","D05","STEI","STEI_051","STEI_051_885","2016-10-11","2016-09-19","2016-10-05","2016-10-06T22:00Z","2016-10-11T21:00Z","NEON.LTR.STEI051885.20161005","NEON.LTR.STEI051885.20161005.SDS","NEON.DOC.001710vE","Seeds",0,"N",NA,"hE8YqXO7sNiNpTQ8TwLBTEwXi3KL/fpp"
"212c279e-429a-4e7d-9257-cab5a3b72d25","STEI_051.basePlot.ltr","D05","STEI","STEI_051","STEI_051_885","2016-10-11","2016-09-19","2016-10-05","2016-10-06T22:00Z","2016-10-11T21:00Z","NEON.LTR.STEI051885.20161005","NEON.LTR.STEI051885.20161005.FLR","NEON.DOC.001710vE","Flowers",0,"N",NA,"hE8YqXO7sNiNpTQ8TwLBTEwXi3KL/fpp"
"8862b5df-6e23-4698-aa82-9d06ca0df67b","STEI_051.basePlot.ltr","D05","STEI","STEI_051","STEI_051_885","2016-10-11","2016-09-19","2016-10-05","2016-10-06T22:00Z","2016-10-11T21:00Z","NEON.LTR.STEI051885.20161005","NEON.LTR.STEI051885.20161005.NDL","NEON.DOC.001710vE","Needles",0,"N",NA,"hE8YqXO7sNiNpTQ8TwLBTEwXi3KL/fpp"
"055eda6a-a255-40ac-b3d1-115406fa2fd1","STEI_059.basePlot.ltr","D05","STEI","STEI_059","STEI_059_139","2016-10-11","2016-09-19","2016-10-05","2016-10-06T22:00Z","2016-10-11T21:00Z","NEON.LTR.STEI059139.20161005","NEON.LTR.STEI059139.20161005.NDL","NEON.DOC.001710vE","Needles",0,"N",NA,"hE8YqXO7sNiNpTQ8TwLBTEwXi3KL/fpp"
"2236c7d1-618b-4b48-bca3-35a53da8be62","STEI_059.basePlot.ltr","D05","STEI","STEI_059","STEI_059_139","2016-10-11","2016-09-19","2016-10-05","2016-10-06T22:00Z","2016-10-11T21:00Z","NEON.LTR.STEI059139.20161005","NEON.LTR.STEI059139.20161005.OTH","NEON.DOC.001710vE","Other",0.01,"N",NA,"hE8YqXO7sNiNpTQ8TwLBTEwXi3KL/fpp"
"ee0611f4-7613-49c7-8dda-ca121fe0deaf","STEI_059.basePlot.ltr","D05","STEI","STEI_059","STEI_059_139","2016-10-11","2016-09-19","2016-10-05","2016-10-06T22:00Z","2016-10-11T21:00Z","NEON.LTR.STEI059139.20161005","NEON.LTR.STEI059139.20161005.TWI","NEON.DOC.001710vE","Twigs/branches",0,"N",NA,"hE8YqXO7sNiNpTQ8TwLBTEwXi3KL/fpp"
"59fefdb9-4900-47b4-bdcc-c1d7fd0d3542","STEI_059.basePlot.ltr","D05","STEI","STEI_059","STEI_059_139","2016-10-11","2016-09-19","2016-10-05","2016-10-06T22:00Z","2016-10-11T21:00Z","NEON.LTR.STEI059139.20161005","NEON.LTR.STEI059139.20161005.WDY","NEON.DOC.001710vE","Woody material",0,"N",NA,"hE8YqXO7sNiNpTQ8TwLBTEwXi3KL/fpp"
"4a61d102-fb60-442e-a53a-cf239d305f9a","STEI_059.basePlot.ltr","D05","STEI","STEI_059","STEI_059_139","2016-10-11","2016-09-19","2016-10-05","2016-10-06T22:00Z","2016-10-11T21:00Z","NEON.LTR.STEI059139.20161005","NEON.LTR.STEI059139.20161005.SDS","NEON.DOC.001710vE","Seeds",0,"N",NA,"hE8YqXO7sNiNpTQ8TwLBTEwXi3KL/fpp"
"a8b430f4-dcc4-45fa-b1c3-e9c6cf09e357","STEI_059.basePlot.ltr","D05","STEI","STEI_059","STEI_059_139","2016-10-11","2016-09-19","2016-10-05","2016-10-06T22:00Z","2016-10-11T21:00Z","NEON.LTR.STEI059139.20161005","NEON.LTR.STEI059139.20161005.FLR","NEON.DOC.001710vE","Flowers",0,"N",NA,"hE8YqXO7sNiNpTQ8TwLBTEwXi3KL/fpp"
"d2f90ef8-031e-4025-aa53-de3e1b152027","STEI_059.basePlot.ltr","D05","STEI","STEI_059","STEI_059_139","2016-10-11","2016-09-19","2016-10-05","2016-10-06T22:00Z","2016-10-11T21:00Z","NEON.LTR.STEI059139.20161005","NEON.LTR.STEI059139.20161005.LVS","NEON.DOC.001710vE","Leaves",51.97,"N",NA,"hE8YqXO7sNiNpTQ8TwLBTEwXi3KL/fpp"
"0fc4b43c-5053-45f8-916e-7a6959def5c0","STEI_050.basePlot.ltr","D05","STEI","STEI_050","STEI_050_291","2016-10-11","2016-09-19","2016-10-05","2016-10-06T22:00Z","2016-10-11T21:00Z","NEON.LTR.STEI050291.20161005","NEON.LTR.STEI050291.20161005.OTH","NEON.DOC.001710vE","Other",0.14,"N",NA,"hE8YqXO7sNiNpTQ8TwLBTEwXi3KL/fpp"
"f83ae965-321a-43a9-a05d-b78bfcf0f3cf","STEI_050.basePlot.ltr","D05","STEI","STEI_050","STEI_050_291","2016-10-11","2016-09-19","2016-10-05","2016-10-06T22:00Z","2016-10-11T21:00Z","NEON.LTR.STEI050291.20161005","NEON.LTR.STEI050291.20161005.SDS","NEON.DOC.001710vE","Seeds",0,"N",NA,"hE8YqXO7sNiNpTQ8TwLBTEwXi3KL/fpp"
"d821f6b6-a5dc-4a73-8b0f-3b192ecde446","STEI_050.basePlot.ltr","D05","STEI","STEI_050","STEI_050_291","2016-10-11","2016-09-19","2016-10-05","2016-10-06T22:00Z","2016-10-11T21:00Z","NEON.LTR.STEI050291.20161005","NEON.LTR.STEI050291.20161005.FLR","NEON.DOC.001710vE","Flowers",0,"N",NA,"hE8YqXO7sNiNpTQ8TwLBTEwXi3KL/fpp"
"97c1e15e-b723-4bd6-83b7-d197a9387253","STEI_050.basePlot.ltr","D05","STEI","STEI_050","STEI_050_291","2016-10-11","2016-09-19","2016-10-05","2016-10-06T22:00Z","2016-10-11T21:00Z","NEON.LTR.STEI050291.20161005","NEON.LTR.STEI050291.20161005.LVS","NEON.DOC.001710vE","Leaves",79.97,"N",NA,"hE8YqXO7sNiNpTQ8TwLBTEwXi3KL/fpp"
"a35f3383-37a8-40e9-b1ff-d406a54f8e59","STEI_050.basePlot.ltr","D05","STEI","STEI_050","STEI_050_291","2016-10-11","2016-09-19","2016-10-05","2016-10-06T22:00Z","2016-10-11T21:00Z","NEON.LTR.STEI050291.20161005","NEON.LTR.STEI050291.20161005.TWI","NEON.DOC.001710vE","Twigs/branches",5.59,"N",NA,"hE8YqXO7sNiNpTQ8TwLBTEwXi3KL/fpp"
"5dbc4e7b-2bad-4953-a910-4f2511efad62","STEI_050.basePlot.ltr","D05","STEI","STEI_050","STEI_050_291","2016-10-11","2016-09-19","2016-10-05","2016-10-06T22:00Z","2016-10-11T21:00Z","NEON.LTR.STEI050291.20161005","NEON.LTR.STEI050291.20161005.NDL","NEON.DOC.001710vE","Needles",0.07,"N",NA,"hE8YqXO7sNiNpTQ8TwLBTEwXi3KL/fpp"
"d4d837ae-2a7e-4125-9a5d-0d61cb38cd3e","STEI_050.basePlot.ltr","D05","STEI","STEI_050","STEI_050_291","2016-10-11","2016-09-19","2016-10-05","2016-10-06T22:00Z","2016-10-11T21:00Z","NEON.LTR.STEI050291.20161005","NEON.LTR.STEI050291.20161005.WDY","NEON.DOC.001710vE","Woody material",0,"N",NA,"hE8YqXO7sNiNpTQ8TwLBTEwXi3KL/fpp"
"364d0127-2a2d-4dfb-b629-ffc11c18b1ac","STEI_049.basePlot.ltr","D05","STEI","STEI_049","STEI_049_903","2016-10-11","2016-09-19","2016-10-05","2016-10-06T22:00Z","2016-10-11T21:00Z","NEON.LTR.STEI049903.20161005","NEON.LTR.STEI049903.20161005.NDL","NEON.DOC.001710vE","Needles",1.16,"Y",NA,"hE8YqXO7sNiNpTQ8TwLBTEwXi3KL/fpp"
"3e3a5f8d-93d9-4bd7-b5ed-c456753ebb45","STEI_049.basePlot.ltr","D05","STEI","STEI_049","STEI_049_903","2016-10-11","2016-09-19","2016-10-05","2016-10-06T22:00Z","2016-10-11T21:00Z","NEON.LTR.STEI049903.20161005","NEON.LTR.STEI049903.20161005.LVS","NEON.DOC.001710vE","Leaves",45.26,"N",NA,"hE8YqXO7sNiNpTQ8TwLBTEwXi3KL/fpp"
"1127c68b-ab36-484e-b5b8-f1f90958dc4e","STEI_050.basePlot.ltr","D05","STEI","STEI_050","STEI_050_291","2016-10-11","2016-09-19","2016-10-05","2016-10-06T22:00Z","2016-10-11T21:00Z","NEON.LTR.STEI050291.20161005","NEON.LTR.STEI050291.20161005.OTH","NEON.DOC.001710vE","Other",0.14,"Y",NA,"hE8YqXO7sNiNpTQ8TwLBTEwXi3KL/fpp"
"e5d0849f-8ea6-422a-b38d-8bbd8736128a","STEI_049.basePlot.ltr","D05","STEI","STEI_049","STEI_049_903","2016-10-11","2016-09-19","2016-10-05","2016-10-06T22:00Z","2016-10-11T21:00Z","NEON.LTR.STEI049903.20161005","NEON.LTR.STEI049903.20161005.TWI","NEON.DOC.001710vE","Twigs/branches",1.63,"N",NA,"hE8YqXO7sNiNpTQ8TwLBTEwXi3KL/fpp"
"7668c752-713e-4c1a-9c00-e8a2b080b1e9","STEI_049.basePlot.ltr","D05","STEI","STEI_049","STEI_049_903","2016-10-11","2016-09-19","2016-10-05","2016-10-06T22:00Z","2016-10-11T21:00Z","NEON.LTR.STEI049903.20161005","NEON.LTR.STEI049903.20161005.SDS","NEON.DOC.001710vE","Seeds",0.005,"N",NA,"hE8YqXO7sNiNpTQ8TwLBTEwXi3KL/fpp"
"8c77bdf2-01bb-4e71-8b58-1de81bd70824","STEI_049.basePlot.ltr","D05","STEI","STEI_049","STEI_049_903","2016-10-11","2016-09-19","2016-10-05","2016-10-06T22:00Z","2016-10-11T21:00Z","NEON.LTR.STEI049903.20161005","NEON.LTR.STEI049903.20161005.NDL","NEON.DOC.001710vE","Needles",1.16,"N",NA,"hE8YqXO7sNiNpTQ8TwLBTEwXi3KL/fpp"
"54af7551-39bc-496f-b5f9-7baec2038583","STEI_049.basePlot.ltr","D05","STEI","STEI_049","STEI_049_903","2016-10-11","2016-09-19","2016-10-05","2016-10-06T22:00Z","2016-10-11T21:00Z","NEON.LTR.STEI049903.20161005","NEON.LTR.STEI049903.20161005.WDY","NEON.DOC.001710vE","Woody material",0.06,"N",NA,"hE8YqXO7sNiNpTQ8TwLBTEwXi3KL/fpp"
"e5e3348f-40aa-4b18-aab3-e0d023be5a0e","STEI_049.basePlot.ltr","D05","STEI","STEI_049","STEI_049_903","2016-10-11","2016-09-19","2016-10-05","2016-10-06T22:00Z","2016-10-11T21:00Z","NEON.LTR.STEI049903.20161005","NEON.LTR.STEI049903.20161005.FLR","NEON.DOC.001710vE","Flowers",0.005,"N",NA,"hE8YqXO7sNiNpTQ8TwLBTEwXi3KL/fpp"
"c2fdcea1-3888-427e-8bb9-8448458d5ab6","STEI_056.basePlot.ltr","D05","STEI","STEI_056","STEI_056_297","2016-10-11","2016-09-19","2016-10-05","2016-10-06T22:00Z","2016-10-11T21:00Z","NEON.LTR.STEI056297.20161005","NEON.LTR.STEI056297.20161005.TWI","NEON.DOC.001710vE","Twigs/branches",2.17,"N",NA,"hE8YqXO7sNiNpTQ8TwLBTEwXi3KL/fpp"
"779ec5ca-599e-4136-83c6-0f156d960daa","STEI_056.basePlot.ltr","D05","STEI","STEI_056","STEI_056_297","2016-10-11","2016-09-19","2016-10-05","2016-10-06T22:00Z","2016-10-11T21:00Z","NEON.LTR.STEI056297.20161005","NEON.LTR.STEI056297.20161005.WDY","NEON.DOC.001710vE","Woody material",0.03,"Y",NA,"hE8YqXO7sNiNpTQ8TwLBTEwXi3KL/fpp"
"14a6ea88-79b4-401d-94d9-991a63ed98e6","STEI_049.basePlot.ltr","D05","STEI","STEI_049","STEI_049_903","2016-10-11","2016-09-19","2016-10-05","2016-10-06T22:00Z","2016-10-11T21:00Z","NEON.LTR.STEI049903.20161005","NEON.LTR.STEI049903.20161005.OTH","NEON.DOC.001710vE","Other",0,"N",NA,"hE8YqXO7sNiNpTQ8TwLBTEwXi3KL/fpp"
"9f2059b7-532a-44b4-9292-0902cc1eea2c","STEI_056.basePlot.ltr","D05","STEI","STEI_056","STEI_056_297","2016-10-11","2016-09-19","2016-10-05","2016-10-06T22:00Z","2016-10-11T21:00Z","NEON.LTR.STEI056297.20161005","NEON.LTR.STEI056297.20161005.SDS","NEON.DOC.001710vE","Seeds",0,"N",NA,"hE8YqXO7sNiNpTQ8TwLBTEwXi3KL/fpp"
"130d516d-1050-4704-b5d3-adb23e3293da","STEI_056.basePlot.ltr","D05","STEI","STEI_056","STEI_056_297","2016-10-11","2016-09-19","2016-10-05","2016-10-06T22:00Z","2016-10-11T21:00Z","NEON.LTR.STEI056297.20161005","NEON.LTR.STEI056297.20161005.WDY","NEON.DOC.001710vE","Woody material",0.05,"N",NA,"hE8YqXO7sNiNpTQ8TwLBTEwXi3KL/fpp"
"4a5069e5-a97e-4af8-a1d0-032a520ad954","STEI_047.basePlot.ltr","D05","STEI","STEI_047","STEI_047_291","2016-10-11","2016-09-19","2016-10-05","2016-10-06T22:00Z","2016-10-11T21:00Z","NEON.LTR.STEI047291.20161005","NEON.LTR.STEI047291.20161005.TWI","NEON.DOC.001710vE","Twigs/branches",1.96,"N",NA,"hE8YqXO7sNiNpTQ8TwLBTEwXi3KL/fpp"
"66edc982-5037-4b7d-a45d-1b7488e5a574","STEI_047.basePlot.ltr","D05","STEI","STEI_047","STEI_047_291","2016-10-11","2016-09-19","2016-10-05","2016-10-06T22:00Z","2016-10-11T21:00Z","NEON.LTR.STEI047291.20161005","NEON.LTR.STEI047291.20161005.NDL","NEON.DOC.001710vE","Needles",2.77,"Y",NA,"hE8YqXO7sNiNpTQ8TwLBTEwXi3KL/fpp"
"c3240ecd-93de-4af7-83ae-5a9bcbd87163","STEI_047.basePlot.ltr","D05","STEI","STEI_047","STEI_047_291","2016-10-11","2016-09-19","2016-10-05","2016-10-06T22:00Z","2016-10-11T21:00Z","NEON.LTR.STEI047291.20161005","NEON.LTR.STEI047291.20161005.WDY","NEON.DOC.001710vE","Woody material",0,"N",NA,"hE8YqXO7sNiNpTQ8TwLBTEwXi3KL/fpp"
"bb0c655e-0bf6-45d7-8427-6debdcda0274","STEI_055.basePlot.ltr","D05","STEI","STEI_055","STEI_055_642","2016-10-11","2016-09-19","2016-10-05","2016-10-06T22:00Z","2016-10-11T21:00Z","NEON.LTR.STEI055642.20161005","NEON.LTR.STEI055642.20161005.SDS","NEON.DOC.001710vE","Seeds",0,"N",NA,"hE8YqXO7sNiNpTQ8TwLBTEwXi3KL/fpp"
"f7c7e46a-117b-42dd-a0d6-f9bfb9314ce6","STEI_047.basePlot.ltr","D05","STEI","STEI_047","STEI_047_291","2016-10-11","2016-09-19","2016-10-05","2016-10-06T22:00Z","2016-10-11T21:00Z","NEON.LTR.STEI047291.20161005","NEON.LTR.STEI047291.20161005.FLR","NEON.DOC.001710vE","Flowers",0,"N",NA,"hE8YqXO7sNiNpTQ8TwLBTEwXi3KL/fpp"
"dee94147-0fee-4325-95b2-42846b86715d","STEI_047.basePlot.ltr","D05","STEI","STEI_047","STEI_047_291","2016-10-11","2016-09-19","2016-10-05","2016-10-06T22:00Z","2016-10-11T21:00Z","NEON.LTR.STEI047291.20161005","NEON.LTR.STEI047291.20161005.LVS","NEON.DOC.001710vE","Leaves",67.55,"N",NA,"hE8YqXO7sNiNpTQ8TwLBTEwXi3KL/fpp"
"c1307170-257c-487b-9807-0d2d8de45e68","STEI_055.basePlot.ltr","D05","STEI","STEI_055","STEI_055_642","2016-10-11","2016-09-19","2016-10-05","2016-10-06T22:00Z","2016-10-11T21:00Z","NEON.LTR.STEI055642.20161005","NEON.LTR.STEI055642.20161005.LVS","NEON.DOC.001710vE","Leaves",81.81,"N",NA,"hE8YqXO7sNiNpTQ8TwLBTEwXi3KL/fpp"
"03809390-1e7b-4e60-ad12-b3c7fd3ba0e0","STEI_047.basePlot.ltr","D05","STEI","STEI_047","STEI_047_291","2016-10-11","2016-09-19","2016-10-05","2016-10-06T22:00Z","2016-10-11T21:00Z","NEON.LTR.STEI047291.20161005","NEON.LTR.STEI047291.20161005.SDS","NEON.DOC.001710vE","Seeds",0.005,"N",NA,"hE8YqXO7sNiNpTQ8TwLBTEwXi3KL/fpp"
"1d90741d-a83c-47ea-ac9a-6879cdca51c9","STEI_055.basePlot.ltr","D05","STEI","STEI_055","STEI_055_642","2016-10-11","2016-09-19","2016-10-05","2016-10-06T22:00Z","2016-10-11T21:00Z","NEON.LTR.STEI055642.20161005","NEON.LTR.STEI055642.20161005.TWI","NEON.DOC.001710vE","Twigs/branches",2.1,"N",NA,"hE8YqXO7sNiNpTQ8TwLBTEwXi3KL/fpp"
"59ebe772-ed08-4693-a7d2-d0f80204b95c","STEI_055.basePlot.ltr","D05","STEI","STEI_055","STEI_055_642","2016-10-11","2016-09-19","2016-10-05","2016-10-06T22:00Z","2016-10-11T21:00Z","NEON.LTR.STEI055642.20161005","NEON.LTR.STEI055642.20161005.OTH","NEON.DOC.001710vE","Other",0.02,"N",NA,"hE8YqXO7sNiNpTQ8TwLBTEwXi3KL/fpp"
"9f52e8bf-348c-4ecb-a960-7b5a8bdbfc60","STEI_055.basePlot.ltr","D05","STEI","STEI_055","STEI_055_642","2016-10-11","2016-09-19","2016-10-05","2016-10-06T22:00Z","2016-10-11T21:00Z","NEON.LTR.STEI055642.20161005","NEON.LTR.STEI055642.20161005.FLR","NEON.DOC.001710vE","Flowers",0,"N",NA,"hE8YqXO7sNiNpTQ8TwLBTEwXi3KL/fpp"
"15561a99-1b18-47c3-a8fc-5112c911a2e9","STEI_055.basePlot.ltr","D05","STEI","STEI_055","STEI_055_642","2016-10-11","2016-09-19","2016-10-05","2016-10-06T22:00Z","2016-10-11T21:00Z","NEON.LTR.STEI055642.20161005","NEON.LTR.STEI055642.20161005.WDY","NEON.DOC.001710vE","Woody material",0,"N",NA,"hE8YqXO7sNiNpTQ8TwLBTEwXi3KL/fpp"
"c2a5d14c-3508-4485-a411-5ee7ceca24bc","STEI_055.basePlot.ltr","D05","STEI","STEI_055","STEI_055_642","2016-10-11","2016-09-19","2016-10-05","2016-10-06T22:00Z","2016-10-11T21:00Z","NEON.LTR.STEI055642.20161005","NEON.LTR.STEI055642.20161005.NDL","NEON.DOC.001710vE","Needles",0.005,"N",NA,"hE8YqXO7sNiNpTQ8TwLBTEwXi3KL/fpp"
"2240236f-4f01-48b3-9cb4-090f721dfff5","STEI_056.basePlot.ltr","D05","STEI","STEI_056","STEI_056_297","2016-10-11","2016-09-19","2016-10-05","2016-10-06T22:00Z","2016-10-11T21:00Z","NEON.LTR.STEI056297.20161005","NEON.LTR.STEI056297.20161005.LVS","NEON.DOC.001710vE","Leaves",78.95,"N",NA,"hE8YqXO7sNiNpTQ8TwLBTEwXi3KL/fpp"
"a45cc3d1-06b3-491e-b2b7-922afff042fa","STEI_056.basePlot.ltr","D05","STEI","STEI_056","STEI_056_297","2016-10-11","2016-09-19","2016-10-05","2016-10-06T22:00Z","2016-10-11T21:00Z","NEON.LTR.STEI056297.20161005","NEON.LTR.STEI056297.20161005.FLR","NEON.DOC.001710vE","Flowers",0.005,"N",NA,"hE8YqXO7sNiNpTQ8TwLBTEwXi3KL/fpp"
"79697a35-dc14-493c-8b23-a2e2d3c18bbe","STEI_056.basePlot.ltr","D05","STEI","STEI_056","STEI_056_297","2016-10-11","2016-09-19","2016-10-05","2016-10-06T22:00Z","2016-10-11T21:00Z","NEON.LTR.STEI056297.20161005","NEON.LTR.STEI056297.20161005.LVS","NEON.DOC.001710vE","Leaves",78.7,"N",NA,"hE8YqXO7sNiNpTQ8TwLBTEwXi3KL/fpp"
"38a71949-6669-4b6d-b082-9f0241698e9a","STEI_056.basePlot.ltr","D05","STEI","STEI_056","STEI_056_297","2016-10-11","2016-09-19","2016-10-05","2016-10-06T22:00Z","2016-10-11T21:00Z","NEON.LTR.STEI056297.20161005","NEON.LTR.STEI056297.20161005.OTH","NEON.DOC.001710vE","Other",0.06,"N",NA,"hE8YqXO7sNiNpTQ8TwLBTEwXi3KL/fpp"
"7cfd4b02-9ac2-4079-b695-68e24a3c4c11","STEI_056.basePlot.ltr","D05","STEI","STEI_056","STEI_056_297","2016-10-11","2016-09-19","2016-10-05","2016-10-06T22:00Z","2016-10-11T21:00Z","NEON.LTR.STEI056297.20161005","NEON.LTR.STEI056297.20161005.NDL","NEON.DOC.001710vE","Needles",0,"N",NA,"hE8YqXO7sNiNpTQ8TwLBTEwXi3KL/fpp"
"2d0072ff-b47e-4cec-a4ba-f36f04827ffe","STEI_047.basePlot.ltr","D05","STEI","STEI_047","STEI_047_291","2016-10-11","2016-09-19","2016-10-05","2016-10-06T22:00Z","2016-10-11T21:00Z","NEON.LTR.STEI047291.20161005","NEON.LTR.STEI047291.20161005.OTH","NEON.DOC.001710vE","Other",0.22,"N",NA,"hE8YqXO7sNiNpTQ8TwLBTEwXi3KL/fpp"
"83d7a8fe-8a0e-4565-b857-46883ea25789","STEI_047.basePlot.ltr","D05","STEI","STEI_047","STEI_047_291","2016-10-11","2016-09-19","2016-10-05","2016-10-06T22:00Z","2016-10-11T21:00Z","NEON.LTR.STEI047291.20161005","NEON.LTR.STEI047291.20161005.NDL","NEON.DOC.001710vE","Needles",2.79,"N",NA,"hE8YqXO7sNiNpTQ8TwLBTEwXi3KL/fpp"
"f26d4fe8-6fb8-4f30-9a64-8379be39a8e6","STEI_052.basePlot.ltr","D05","STEI","STEI_052","STEI_052_607","2016-10-11","2016-09-19","2016-10-05","2016-10-06T22:00Z","2016-10-11T21:00Z","NEON.LTR.STEI052607.20161005","NEON.LTR.STEI052607.20161005.WDY","NEON.DOC.001710vE","Woody material",0,"N",NA,"hE8YqXO7sNiNpTQ8TwLBTEwXi3KL/fpp"
"46b73536-2a24-4694-b980-df000c454134","STEI_046.basePlot.ltr","D05","STEI","STEI_046","STEI_046_390","2016-10-11","2016-09-19","2016-10-05","2016-10-06T22:00Z","2016-10-11T21:00Z","NEON.LTR.STEI046390.20161005","NEON.LTR.STEI046390.20161005.OTH","NEON.DOC.001710vE","Other",0,"N",NA,"hE8YqXO7sNiNpTQ8TwLBTEwXi3KL/fpp"
"2374d848-6866-46af-985a-26d007b68fd3","STEI_052.basePlot.ltr","D05","STEI","STEI_052","STEI_052_607","2016-10-11","2016-09-19","2016-10-05","2016-10-06T22:00Z","2016-10-11T21:00Z","NEON.LTR.STEI052607.20161005","NEON.LTR.STEI052607.20161005.TWI","NEON.DOC.001710vE","Twigs/branches",2.58,"Y",NA,"hE8YqXO7sNiNpTQ8TwLBTEwXi3KL/fpp"
"913d7e34-8767-4d21-91fe-8b8ceac9c133","STEI_052.basePlot.ltr","D05","STEI","STEI_052","STEI_052_607","2016-10-11","2016-09-19","2016-10-05","2016-10-06T22:00Z","2016-10-11T21:00Z","NEON.LTR.STEI052607.20161005","NEON.LTR.STEI052607.20161005.TWI","NEON.DOC.001710vE","Twigs/branches",2.61,"N",NA,"hE8YqXO7sNiNpTQ8TwLBTEwXi3KL/fpp"
"5f22a18c-9dc1-4a1a-9c39-70328aa503b7","STEI_046.basePlot.ltr","D05","STEI","STEI_046","STEI_046_390","2016-10-11","2016-09-19","2016-10-05","2016-10-06T22:00Z","2016-10-11T21:00Z","NEON.LTR.STEI046390.20161005","NEON.LTR.STEI046390.20161005.FLR","NEON.DOC.001710vE","Flowers",0,"N",NA,"hE8YqXO7sNiNpTQ8TwLBTEwXi3KL/fpp"
"e4a42351-bf52-4948-97f4-524ce169deb8","STEI_046.basePlot.ltr","D05","STEI","STEI_046","STEI_046_390","2016-10-11","2016-09-19","2016-10-05","2016-10-06T22:00Z","2016-10-11T21:00Z","NEON.LTR.STEI046390.20161005","NEON.LTR.STEI046390.20161005.SDS","NEON.DOC.001710vE","Seeds",0,"N",NA,"hE8YqXO7sNiNpTQ8TwLBTEwXi3KL/fpp"
"334f6c5a-c633-46c7-8372-744224cd3470","STEI_046.basePlot.ltr","D05","STEI","STEI_046","STEI_046_390","2016-10-11","2016-09-19","2016-10-05","2016-10-06T22:00Z","2016-10-11T21:00Z","NEON.LTR.STEI046390.20161005","NEON.LTR.STEI046390.20161005.LVS","NEON.DOC.001710vE","Leaves",67.64,"N",NA,"hE8YqXO7sNiNpTQ8TwLBTEwXi3KL/fpp"
"64cfc7b2-26ec-42e7-a960-4fa6a2aee6c8","STEI_046.basePlot.ltr","D05","STEI","STEI_046","STEI_046_390","2016-10-11","2016-09-19","2016-10-05","2016-10-06T22:00Z","2016-10-11T21:00Z","NEON.LTR.STEI046390.20161005","NEON.LTR.STEI046390.20161005.WDY","NEON.DOC.001710vE","Woody material",0.1,"N",NA,"hE8YqXO7sNiNpTQ8TwLBTEwXi3KL/fpp"
"e6386866-fd4c-4722-b508-be62ade9b58a","STEI_046.basePlot.ltr","D05","STEI","STEI_046","STEI_046_390","2016-10-11","2016-09-19","2016-10-05","2016-10-06T22:00Z","2016-10-11T21:00Z","NEON.LTR.STEI046390.20161005","NEON.LTR.STEI046390.20161005.TWI","NEON.DOC.001710vE","Twigs/branches",0.17,"N",NA,"hE8YqXO7sNiNpTQ8TwLBTEwXi3KL/fpp"
"c715986d-3462-4df7-bc5e-28a70bdf3030","STEI_046.basePlot.ltr","D05","STEI","STEI_046","STEI_046_390","2016-10-11","2016-09-19","2016-10-05","2016-10-06T22:00Z","2016-10-11T21:00Z","NEON.LTR.STEI046390.20161005","NEON.LTR.STEI046390.20161005.NDL","NEON.DOC.001710vE","Needles",0.005,"N",NA,"hE8YqXO7sNiNpTQ8TwLBTEwXi3KL/fpp"
"94bb09b0-1796-4e7b-bd80-4156ceb5a95d","STEI_062.basePlot.ltr","D05","STEI","STEI_062","STEI_062_139","2016-10-11","2016-09-19","2016-10-05","2016-10-06T22:00Z","2016-10-11T21:00Z","NEON.LTR.STEI062139.20161005","NEON.LTR.STEI062139.20161005.TWI","NEON.DOC.001710vE","Twigs/branches",3.19,"N",NA,"hE8YqXO7sNiNpTQ8TwLBTEwXi3KL/fpp"
"6c4a9f8d-a960-4cd7-9bb6-7d835d7371e8","STEI_062.basePlot.ltr","D05","STEI","STEI_062","STEI_062_139","2016-10-11","2016-09-19","2016-10-05","2016-10-06T22:00Z","2016-10-11T21:00Z","NEON.LTR.STEI062139.20161005","NEON.LTR.STEI062139.20161005.LVS","NEON.DOC.001710vE","Leaves",62.61,"N",NA,"hE8YqXO7sNiNpTQ8TwLBTEwXi3KL/fpp"
"ef81d9b6-fab3-4844-97b3-805ddd01d934","STEI_062.basePlot.ltr","D05","STEI","STEI_062","STEI_062_139","2016-10-11","2016-09-19","2016-10-05","2016-10-06T22:00Z","2016-10-11T21:00Z","NEON.LTR.STEI062139.20161005","NEON.LTR.STEI062139.20161005.NDL","NEON.DOC.001710vE","Needles",0.06,"N",NA,"hE8YqXO7sNiNpTQ8TwLBTEwXi3KL/fpp"
"56642135-ec2d-429f-9368-b97e07b7709f","STEI_062.basePlot.ltr","D05","STEI","STEI_062","STEI_062_139","2016-10-11","2016-09-19","2016-10-05","2016-10-06T22:00Z","2016-10-11T21:00Z","NEON.LTR.STEI062139.20161005","NEON.LTR.STEI062139.20161005.SDS","NEON.DOC.001710vE","Seeds",0.005,"N",NA,"hE8YqXO7sNiNpTQ8TwLBTEwXi3KL/fpp"
"840bdb95-6dd9-45c4-815a-cf5de197ec88","STEI_062.basePlot.ltr","D05","STEI","STEI_062","STEI_062_139","2016-10-11","2016-09-19","2016-10-05","2016-10-06T22:00Z","2016-10-11T21:00Z","NEON.LTR.STEI062139.20161005","NEON.LTR.STEI062139.20161005.FLR","NEON.DOC.001710vE","Flowers",0,"N",NA,"hE8YqXO7sNiNpTQ8TwLBTEwXi3KL/fpp"
"dc926e62-0dd3-4bcd-a0bd-589a5211591b","STEI_049.basePlot.ltr","D05","STEI","STEI_049","STEI_049_607","2016-10-11","2016-09-19","2016-10-05","2016-10-06T22:00Z","2016-10-11T21:00Z","NEON.LTR.STEI049607.20161005","NEON.LTR.STEI049607.20161005.TWI","NEON.DOC.001710vE","Twigs/branches",8.2,"N",NA,"hE8YqXO7sNiNpTQ8TwLBTEwXi3KL/fpp"
"f2027adb-5ad5-419d-b25b-85baa01afa33","STEI_062.basePlot.ltr","D05","STEI","STEI_062","STEI_062_139","2016-10-11","2016-09-19","2016-10-05","2016-10-06T22:00Z","2016-10-11T21:00Z","NEON.LTR.STEI062139.20161005","NEON.LTR.STEI062139.20161005.WDY","NEON.DOC.001710vE","Woody material",0.005,"N",NA,"hE8YqXO7sNiNpTQ8TwLBTEwXi3KL/fpp"
"123ad148-844d-4436-b5ad-a591e81e6bc0","STEI_062.basePlot.ltr","D05","STEI","STEI_062","STEI_062_139","2016-10-11","2016-09-19","2016-10-05","2016-10-06T22:00Z","2016-10-11T21:00Z","NEON.LTR.STEI062139.20161005","NEON.LTR.STEI062139.20161005.OTH","NEON.DOC.001710vE","Other",0.06,"N",NA,"hE8YqXO7sNiNpTQ8TwLBTEwXi3KL/fpp"
"e6116769-353f-4567-9a08-79ee50e69a6a","STEI_049.basePlot.ltr","D05","STEI","STEI_049","STEI_049_607","2016-10-11","2016-09-19","2016-10-05","2016-10-06T22:00Z","2016-10-11T21:00Z","NEON.LTR.STEI049607.20161005","NEON.LTR.STEI049607.20161005.FLR","NEON.DOC.001710vE","Flowers",0,"N",NA,"hE8YqXO7sNiNpTQ8TwLBTEwXi3KL/fpp"
"b8ad34de-839e-4161-8942-f5742c0a6aef","STEI_049.basePlot.ltr","D05","STEI","STEI_049","STEI_049_607","2016-10-11","2016-09-19","2016-10-05","2016-10-06T22:00Z","2016-10-11T21:00Z","NEON.LTR.STEI049607.20161005","NEON.LTR.STEI049607.20161005.OTH","NEON.DOC.001710vE","Other",0.05,"N",NA,"hE8YqXO7sNiNpTQ8TwLBTEwXi3KL/fpp"
"e7dedf39-0be0-48a0-8f67-f8386b6f2557","STEI_049.basePlot.ltr","D05","STEI","STEI_049","STEI_049_607","2016-10-11","2016-09-19","2016-10-05","2016-10-06T22:00Z","2016-10-11T21:00Z","NEON.LTR.STEI049607.20161005","NEON.LTR.STEI049607.20161005.NDL","NEON.DOC.001710vE","Needles",0.005,"N",NA,"hE8YqXO7sNiNpTQ8TwLBTEwXi3KL/fpp"
"8ab80695-a39b-47eb-a1a5-ae53cb3940bd","STEI_049.basePlot.ltr","D05","STEI","STEI_049","STEI_049_607","2016-10-11","2016-09-19","2016-10-05","2016-10-06T22:00Z","2016-10-11T21:00Z","NEON.LTR.STEI049607.20161005","NEON.LTR.STEI049607.20161005.LVS","NEON.DOC.001710vE","Leaves",97.12,"N",NA,"hE8YqXO7sNiNpTQ8TwLBTEwXi3KL/fpp"
"bce69764-74f8-4c74-be42-16f5ed2eac7e","STEI_049.basePlot.ltr","D05","STEI","STEI_049","STEI_049_607","2016-10-11","2016-09-19","2016-10-05","2016-10-06T22:00Z","2016-10-11T21:00Z","NEON.LTR.STEI049607.20161005","NEON.LTR.STEI049607.20161005.WDY","NEON.DOC.001710vE","Woody material",0.06,"N",NA,"hE8YqXO7sNiNpTQ8TwLBTEwXi3KL/fpp"
"f8695352-1f67-45aa-9c0a-a65b83cd4dbd","STEI_056.basePlot.ltr","D05","STEI","STEI_056","STEI_056_808","2016-10-11","2016-09-19","2016-10-05","2016-10-06T22:00Z","2016-10-11T21:00Z","NEON.LTR.STEI056808.20161005","NEON.LTR.STEI056808.20161005.SDS","NEON.DOC.001710vE","Seeds",0,"N",NA,"hE8YqXO7sNiNpTQ8TwLBTEwXi3KL/fpp"
"7de5be99-df9b-4ad2-a49d-fe04d6af6bf2","STEI_049.basePlot.ltr","D05","STEI","STEI_049","STEI_049_607","2016-10-11","2016-09-19","2016-10-05","2016-10-06T22:00Z","2016-10-11T21:00Z","NEON.LTR.STEI049607.20161005","NEON.LTR.STEI049607.20161005.OTH","NEON.DOC.001710vE","Other",0.05,"Y",NA,"hE8YqXO7sNiNpTQ8TwLBTEwXi3KL/fpp"
"c595e331-85bf-4d4d-8cf2-13cee60844cb","STEI_049.basePlot.ltr","D05","STEI","STEI_049","STEI_049_607","2016-10-11","2016-09-19","2016-10-05","2016-10-06T22:00Z","2016-10-11T21:00Z","NEON.LTR.STEI049607.20161005","NEON.LTR.STEI049607.20161005.SDS","NEON.DOC.001710vE","Seeds",0,"N",NA,"hE8YqXO7sNiNpTQ8TwLBTEwXi3KL/fpp"
"6274f18a-0cdd-47bf-8cda-3ed60fbd061d","STEI_056.basePlot.ltr","D05","STEI","STEI_056","STEI_056_808","2016-10-11","2016-09-19","2016-10-05","2016-10-06T22:00Z","2016-10-11T21:00Z","NEON.LTR.STEI056808.20161005","NEON.LTR.STEI056808.20161005.OTH","NEON.DOC.001710vE","Other",0,"N",NA,"hE8YqXO7sNiNpTQ8TwLBTEwXi3KL/fpp"
"53895b56-452b-452e-b7ac-6b362b37b119","STEI_056.basePlot.ltr","D05","STEI","STEI_056","STEI_056_808","2016-10-11","2016-09-19","2016-10-05","2016-10-06T22:00Z","2016-10-11T21:00Z","NEON.LTR.STEI056808.20161005","NEON.LTR.STEI056808.20161005.TWI","NEON.DOC.001710vE","Twigs/branches",8.19,"N",NA,"hE8YqXO7sNiNpTQ8TwLBTEwXi3KL/fpp"
"3af034ed-a951-462d-914a-43277b09f551","STEI_056.basePlot.ltr","D05","STEI","STEI_056","STEI_056_808","2016-10-11","2016-09-19","2016-10-05","2016-10-06T22:00Z","2016-10-11T21:00Z","NEON.LTR.STEI056808.20161005","NEON.LTR.STEI056808.20161005.NDL","NEON.DOC.001710vE","Needles",0,"N",NA,"hE8YqXO7sNiNpTQ8TwLBTEwXi3KL/fpp"
"8d1e3756-aeb0-43e5-9137-cbbae1ac73f5","STEI_056.basePlot.ltr","D05","STEI","STEI_056","STEI_056_808","2016-10-11","2016-09-19","2016-10-05","2016-10-06T22:00Z","2016-10-11T21:00Z","NEON.LTR.STEI056808.20161005","NEON.LTR.STEI056808.20161005.FLR","NEON.DOC.001710vE","Flowers",0,"N",NA,"hE8YqXO7sNiNpTQ8TwLBTEwXi3KL/fpp"
"70133240-b357-4216-81a4-24c23c0b593e","STEI_051.basePlot.ltr","D05","STEI","STEI_051","STEI_051_076","2016-10-11","2016-09-19","2016-10-05","2016-10-06T22:00Z","2016-10-11T21:00Z","NEON.LTR.STEI051076.20161005","NEON.LTR.STEI051076.20161005.TWI","NEON.DOC.001710vE","Twigs/branches",0.12,"N",NA,"hE8YqXO7sNiNpTQ8TwLBTEwXi3KL/fpp"
"3cbf1ee6-7f27-4ef9-ae65-87bbd30c5fc1","STEI_056.basePlot.ltr","D05","STEI","STEI_056","STEI_056_808","2016-10-11","2016-09-19","2016-10-05","2016-10-06T22:00Z","2016-10-11T21:00Z","NEON.LTR.STEI056808.20161005","NEON.LTR.STEI056808.20161005.WDY","NEON.DOC.001710vE","Woody material",0,"N",NA,"hE8YqXO7sNiNpTQ8TwLBTEwXi3KL/fpp"
"3ead0478-39dc-4250-8486-e8c9d68f2e55","STEI_056.basePlot.ltr","D05","STEI","STEI_056","STEI_056_808","2016-10-11","2016-09-19","2016-10-05","2016-10-06T22:00Z","2016-10-11T21:00Z","NEON.LTR.STEI056808.20161005","NEON.LTR.STEI056808.20161005.LVS","NEON.DOC.001710vE","Leaves",83.84,"N",NA,"hE8YqXO7sNiNpTQ8TwLBTEwXi3KL/fpp"
"45b9df9f-31ea-48b1-bb0a-15f6f8ca0e0d","STEI_051.basePlot.ltr","D05","STEI","STEI_051","STEI_051_076","2016-10-11","2016-09-19","2016-10-05","2016-10-06T22:00Z","2016-10-11T21:00Z","NEON.LTR.STEI051076.20161005","NEON.LTR.STEI051076.20161005.OTH","NEON.DOC.001710vE","Other",0.11,"N",NA,"hE8YqXO7sNiNpTQ8TwLBTEwXi3KL/fpp"
"c00c2383-762a-45c4-834f-2cd1ad773bf0","STEI_051.basePlot.ltr","D05","STEI","STEI_051","STEI_051_076","2016-10-11","2016-09-19","2016-10-05","2016-10-06T22:00Z","2016-10-11T21:00Z","NEON.LTR.STEI051076.20161005","NEON.LTR.STEI051076.20161005.SDS","NEON.DOC.001710vE","Seeds",0.005,"N",NA,"hE8YqXO7sNiNpTQ8TwLBTEwXi3KL/fpp"
"9c612899-23e4-46c2-8a3e-85cbb0cff9d0","STEI_051.basePlot.ltr","D05","STEI","STEI_051","STEI_051_076","2016-10-11","2016-09-19","2016-10-05","2016-10-06T22:00Z","2016-10-11T21:00Z","NEON.LTR.STEI051076.20161005","NEON.LTR.STEI051076.20161005.FLR","NEON.DOC.001710vE","Flowers",0,"N",NA,"hE8YqXO7sNiNpTQ8TwLBTEwXi3KL/fpp"
"9bb215ff-9675-4633-96da-d7a370bfa797","STEI_051.basePlot.ltr","D05","STEI","STEI_051","STEI_051_076","2016-10-11","2016-09-19","2016-10-05","2016-10-06T22:00Z","2016-10-11T21:00Z","NEON.LTR.STEI051076.20161005","NEON.LTR.STEI051076.20161005.LVS","NEON.DOC.001710vE","Leaves",248.74,"N",NA,"hE8YqXO7sNiNpTQ8TwLBTEwXi3KL/fpp"
"18363944-56e5-4a69-b4b8-4455bc083e09","STEI_051.basePlot.ltr","D05","STEI","STEI_051","STEI_051_076","2016-10-11","2016-09-19","2016-10-05","2016-10-06T22:00Z","2016-10-11T21:00Z","NEON.LTR.STEI051076.20161005","NEON.LTR.STEI051076.20161005.WDY","NEON.DOC.001710vE","Woody material",0,"N",NA,"hE8YqXO7sNiNpTQ8TwLBTEwXi3KL/fpp"
"6b27a6c1-348e-4720-9669-492a27bc5fa9","STEI_051.basePlot.ltr","D05","STEI","STEI_051","STEI_051_076","2016-10-11","2016-09-19","2016-10-05","2016-10-06T22:00Z","2016-10-11T21:00Z","NEON.LTR.STEI051076.20161005","NEON.LTR.STEI051076.20161005.NDL","NEON.DOC.001710vE","Needles",0.005,"N",NA,"hE8YqXO7sNiNpTQ8TwLBTEwXi3KL/fpp"
"e92b4337-8464-472e-9888-1460b6c3795e","STEI_052.basePlot.ltr","D05","STEI","STEI_052","STEI_052_607","2016-10-11","2016-09-19","2016-10-05","2016-10-06T22:00Z","2016-10-11T21:00Z","NEON.LTR.STEI052607.20161005","NEON.LTR.STEI052607.20161005.FLR","NEON.DOC.001710vE","Flowers",0,"N",NA,"hE8YqXO7sNiNpTQ8TwLBTEwXi3KL/fpp"
"eb752c47-3fe5-42a1-930d-989380d90e6f","STEI_052.basePlot.ltr","D05","STEI","STEI_052","STEI_052_607","2016-10-11","2016-09-19","2016-10-05","2016-10-06T22:00Z","2016-10-11T21:00Z","NEON.LTR.STEI052607.20161005","NEON.LTR.STEI052607.20161005.NDL","NEON.DOC.001710vE","Needles",0,"N",NA,"hE8YqXO7sNiNpTQ8TwLBTEwXi3KL/fpp"
"79b10e36-bb7d-447d-9e52-87939c2c2359","STEI_052.basePlot.ltr","D05","STEI","STEI_052","STEI_052_607","2016-10-11","2016-09-19","2016-10-05","2016-10-06T22:00Z","2016-10-11T21:00Z","NEON.LTR.STEI052607.20161005","NEON.LTR.STEI052607.20161005.LVS","NEON.DOC.001710vE","Leaves",54.96,"N",NA,"hE8YqXO7sNiNpTQ8TwLBTEwXi3KL/fpp"
"6252a57c-641b-4da9-b09f-713638b7c72e","STEI_052.basePlot.ltr","D05","STEI","STEI_052","STEI_052_607","2016-10-11","2016-09-19","2016-10-05","2016-10-06T22:00Z","2016-10-11T21:00Z","NEON.LTR.STEI052607.20161005","NEON.LTR.STEI052607.20161005.OTH","NEON.DOC.001710vE","Other",0,"N",NA,"hE8YqXO7sNiNpTQ8TwLBTEwXi3KL/fpp"
"2712bfbf-c088-40c0-b12b-2dc4afdea7ef","STEI_052.basePlot.ltr","D05","STEI","STEI_052","STEI_052_607","2016-10-11","2016-09-19","2016-10-05","2016-10-06T22:00Z","2016-10-11T21:00Z","NEON.LTR.STEI052607.20161005","NEON.LTR.STEI052607.20161005.SDS","NEON.DOC.001710vE","Seeds",0.005,"N",NA,"hE8YqXO7sNiNpTQ8TwLBTEwXi3KL/fpp"
"95fd9b31-1c40-4acf-a94f-a8feb4babaa5","STEI_047.basePlot.ltr","D05","STEI","STEI_047","STEI_047_185","2016-10-11","2016-09-19","2016-10-05","2016-10-06T22:00Z","2016-10-11T21:00Z","NEON.LTR.STEI047185.20161005","NEON.LTR.STEI047185.20161005.SDS","NEON.DOC.001710vE","Seeds",0.005,"N",NA,"hE8YqXO7sNiNpTQ8TwLBTEwXi3KL/fpp"
"9a4615ce-85ab-4ce1-ac40-7cf858fb0149","STEI_047.basePlot.ltr","D05","STEI","STEI_047","STEI_047_185","2016-10-11","2016-09-19","2016-10-05","2016-10-06T22:00Z","2016-10-11T21:00Z","NEON.LTR.STEI047185.20161005","NEON.LTR.STEI047185.20161005.OTH","NEON.DOC.001710vE","Other",0.09,"N",NA,"hE8YqXO7sNiNpTQ8TwLBTEwXi3KL/fpp"
"626e63b7-12b1-4608-a4fd-0b80bb11959a","STEI_047.basePlot.ltr","D05","STEI","STEI_047","STEI_047_185","2016-10-11","2016-09-19","2016-10-05","2016-10-06T22:00Z","2016-10-11T21:00Z","NEON.LTR.STEI047185.20161005","NEON.LTR.STEI047185.20161005.LVS","NEON.DOC.001710vE","Leaves",48.6,"N",NA,"hE8YqXO7sNiNpTQ8TwLBTEwXi3KL/fpp"
"1fd46b43-856f-476b-afd9-f38454c149d6","STEI_047.basePlot.ltr","D05","STEI","STEI_047","STEI_047_185","2016-10-11","2016-09-19","2016-10-05","2016-10-06T22:00Z","2016-10-11T21:00Z","NEON.LTR.STEI047185.20161005","NEON.LTR.STEI047185.20161005.TWI","NEON.DOC.001710vE","Twigs/branches",3.36,"N",NA,"hE8YqXO7sNiNpTQ8TwLBTEwXi3KL/fpp"
"e705eb5d-6591-4e4b-b5a1-4de103a9393a","STEI_047.basePlot.ltr","D05","STEI","STEI_047","STEI_047_185","2016-10-11","2016-09-19","2016-10-05","2016-10-06T22:00Z","2016-10-11T21:00Z","NEON.LTR.STEI047185.20161005","NEON.LTR.STEI047185.20161005.FLR","NEON.DOC.001710vE","Flowers",0,"N",NA,"hE8YqXO7sNiNpTQ8TwLBTEwXi3KL/fpp"
"82032bd7-4287-4d55-8c17-11976c87cdd5","STEI_047.basePlot.ltr","D05","STEI","STEI_047","STEI_047_185","2016-10-11","2016-09-19","2016-10-05","2016-10-06T22:00Z","2016-10-11T21:00Z","NEON.LTR.STEI047185.20161005","NEON.LTR.STEI047185.20161005.NDL","NEON.DOC.001710vE","Needles",0.15,"N",NA,"hE8YqXO7sNiNpTQ8TwLBTEwXi3KL/fpp"
"d5be783d-3a70-4d25-a9ca-2d8fcb0d9a16","STEI_047.basePlot.ltr","D05","STEI","STEI_047","STEI_047_185","2016-10-11","2016-09-19","2016-10-05","2016-10-06T22:00Z","2016-10-11T21:00Z","NEON.LTR.STEI047185.20161005","NEON.LTR.STEI047185.20161005.WDY","NEON.DOC.001710vE","Woody material",0,"N",NA,"hE8YqXO7sNiNpTQ8TwLBTEwXi3KL/fpp"
"480e3752-09c8-48b2-b95d-b298057df976","STEI_057.basePlot.ltr","D05","STEI","STEI_057","STEI_057_061","2016-10-11","2016-09-19","2016-10-05","2016-10-06T22:00Z","2016-10-11T21:00Z","NEON.LTR.STEI057061.20161005","NEON.LTR.STEI057061.20161005.WDY","NEON.DOC.001710vE","Woody material",0,"N",NA,"hE8YqXO7sNiNpTQ8TwLBTEwXi3KL/fpp"
"059e6353-d3ea-42d5-ba55-6ef6fb09d87f","STEI_057.basePlot.ltr","D05","STEI","STEI_057","STEI_057_061","2016-10-11","2016-09-19","2016-10-05","2016-10-06T22:00Z","2016-10-11T21:00Z","NEON.LTR.STEI057061.20161005","NEON.LTR.STEI057061.20161005.SDS","NEON.DOC.001710vE","Seeds",0,"N",NA,"hE8YqXO7sNiNpTQ8TwLBTEwXi3KL/fpp"
"b5a7a037-880a-46ae-a1c1-1df525be96da","STEI_057.basePlot.ltr","D05","STEI","STEI_057","STEI_057_061","2016-10-11","2016-09-19","2016-10-05","2016-10-06T22:00Z","2016-10-11T21:00Z","NEON.LTR.STEI057061.20161005","NEON.LTR.STEI057061.20161005.FLR","NEON.DOC.001710vE","Flowers",0.005,"N",NA,"hE8YqXO7sNiNpTQ8TwLBTEwXi3KL/fpp"
"67c2ede0-41be-4c41-8cb3-8f353779a145","STEI_057.basePlot.ltr","D05","STEI","STEI_057","STEI_057_061","2016-10-11","2016-09-19","2016-10-05","2016-10-06T22:00Z","2016-10-11T21:00Z","NEON.LTR.STEI057061.20161005","NEON.LTR.STEI057061.20161005.LVS","NEON.DOC.001710vE","Leaves",90.45,"N",NA,"hE8YqXO7sNiNpTQ8TwLBTEwXi3KL/fpp"
"22d7d22b-375c-4bcd-ab35-a1ffefe1e830","STEI_057.basePlot.ltr","D05","STEI","STEI_057","STEI_057_061","2016-10-11","2016-09-19","2016-10-05","2016-10-06T22:00Z","2016-10-11T21:00Z","NEON.LTR.STEI057061.20161005","NEON.LTR.STEI057061.20161005.NDL","NEON.DOC.001710vE","Needles",0,"N",NA,"hE8YqXO7sNiNpTQ8TwLBTEwXi3KL/fpp"
"5e4a1793-9c68-4bd4-ac22-c08dbf34d0f8","STEI_057.basePlot.ltr","D05","STEI","STEI_057","STEI_057_061","2016-10-11","2016-09-19","2016-10-05","2016-10-06T22:00Z","2016-10-11T21:00Z","NEON.LTR.STEI057061.20161005","NEON.LTR.STEI057061.20161005.TWI","NEON.DOC.001710vE","Twigs/branches",0,"N",NA,"hE8YqXO7sNiNpTQ8TwLBTEwXi3KL/fpp"
"2c781aef-0e8d-4b7d-9a71-f418dbf2ee10","STEI_057.basePlot.ltr","D05","STEI","STEI_057","STEI_057_061","2016-10-11","2016-09-19","2016-10-05","2016-10-06T22:00Z","2016-10-11T21:00Z","NEON.LTR.STEI057061.20161005","NEON.LTR.STEI057061.20161005.OTH","NEON.DOC.001710vE","Other",0.005,"N",NA,"hE8YqXO7sNiNpTQ8TwLBTEwXi3KL/fpp"
"2f4766fb-bca1-48f2-8a07-51b4ced569a9","STEI_057.basePlot.ltr","D05","STEI","STEI_057","STEI_057_901","2016-10-11","2016-09-19","2016-10-05","2016-10-06T22:00Z","2016-10-11T21:00Z","NEON.LTR.STEI057901.20161005","NEON.LTR.STEI057901.20161005.WDY","NEON.DOC.001710vE","Woody material",0,"N",NA,"hE8YqXO7sNiNpTQ8TwLBTEwXi3KL/fpp"
"c3daeed8-d384-4daf-9219-5d2205e8241a","STEI_057.basePlot.ltr","D05","STEI","STEI_057","STEI_057_901","2016-10-11","2016-09-19","2016-10-05","2016-10-06T22:00Z","2016-10-11T21:00Z","NEON.LTR.STEI057901.20161005","NEON.LTR.STEI057901.20161005.TWI","NEON.DOC.001710vE","Twigs/branches",1.3,"N",NA,"hE8YqXO7sNiNpTQ8TwLBTEwXi3KL/fpp"
"2ca20e44-b9fe-4340-852c-847909f91fc7","STEI_057.basePlot.ltr","D05","STEI","STEI_057","STEI_057_901","2016-10-11","2016-09-19","2016-10-05","2016-10-06T22:00Z","2016-10-11T21:00Z","NEON.LTR.STEI057901.20161005","NEON.LTR.STEI057901.20161005.SDS","NEON.DOC.001710vE","Seeds",0.005,"N",NA,"hE8YqXO7sNiNpTQ8TwLBTEwXi3KL/fpp"
"ad06a458-f22b-4262-b791-d5550bb545e0","STEI_057.basePlot.ltr","D05","STEI","STEI_057","STEI_057_901","2016-10-11","2016-09-19","2016-10-05","2016-10-06T22:00Z","2016-10-11T21:00Z","NEON.LTR.STEI057901.20161005","NEON.LTR.STEI057901.20161005.FLR","NEON.DOC.001710vE","Flowers",0,"N",NA,"hE8YqXO7sNiNpTQ8TwLBTEwXi3KL/fpp"
"b5729c98-527e-4557-9504-1b6826774987","STEI_060.basePlot.ltr","D05","STEI","STEI_060","STEI_060_061","2016-10-11","2016-09-19","2016-10-05","2016-10-06T22:00Z","2016-10-11T21:00Z","NEON.LTR.STEI060061.20161005","NEON.LTR.STEI060061.20161005.TWI","NEON.DOC.001710vE","Twigs/branches",0.45,"N",NA,"hE8YqXO7sNiNpTQ8TwLBTEwXi3KL/fpp"
"87d3959b-ee9b-4f25-a40a-4ee991b45d61","STEI_060.basePlot.ltr","D05","STEI","STEI_060","STEI_060_061","2016-10-11","2016-09-19","2016-10-05","2016-10-06T22:00Z","2016-10-11T21:00Z","NEON.LTR.STEI060061.20161005","NEON.LTR.STEI060061.20161005.WDY","NEON.DOC.001710vE","Woody material",0,"N",NA,"hE8YqXO7sNiNpTQ8TwLBTEwXi3KL/fpp"
"2193fa24-19ca-41e9-9f32-d55e54ae995b","STEI_060.basePlot.ltr","D05","STEI","STEI_060","STEI_060_061","2016-10-11","2016-09-19","2016-10-05","2016-10-06T22:00Z","2016-10-11T21:00Z","NEON.LTR.STEI060061.20161005","NEON.LTR.STEI060061.20161005.NDL","NEON.DOC.001710vE","Needles",1.42,"N",NA,"hE8YqXO7sNiNpTQ8TwLBTEwXi3KL/fpp"
"f6140d51-e351-405c-b4ed-6741fb61c7fd","STEI_060.basePlot.ltr","D05","STEI","STEI_060","STEI_060_061","2016-10-11","2016-09-19","2016-10-05","2016-10-06T22:00Z","2016-10-11T21:00Z","NEON.LTR.STEI060061.20161005","NEON.LTR.STEI060061.20161005.NDL","NEON.DOC.001710vE","Needles",1.41,"Y",NA,"hE8YqXO7sNiNpTQ8TwLBTEwXi3KL/fpp"
"96b5a393-3503-4f57-bd00-ae2bb2e2206b","STEI_060.basePlot.ltr","D05","STEI","STEI_060","STEI_060_061","2016-10-11","2016-09-19","2016-10-05","2016-10-06T22:00Z","2016-10-11T21:00Z","NEON.LTR.STEI060061.20161005","NEON.LTR.STEI060061.20161005.OTH","NEON.DOC.001710vE","Other",0,"N",NA,"hE8YqXO7sNiNpTQ8TwLBTEwXi3KL/fpp"
"f5382606-863b-4900-9e9b-965635e85742","STEI_060.basePlot.ltr","D05","STEI","STEI_060","STEI_060_061","2016-10-11","2016-09-19","2016-10-05","2016-10-06T22:00Z","2016-10-11T21:00Z","NEON.LTR.STEI060061.20161005","NEON.LTR.STEI060061.20161005.SDS","NEON.DOC.001710vE","Seeds",0.005,"N",NA,"hE8YqXO7sNiNpTQ8TwLBTEwXi3KL/fpp"
"779c4e70-9902-49d0-b311-74528bc5678d","STEI_060.basePlot.ltr","D05","STEI","STEI_060","STEI_060_061","2016-10-11","2016-09-19","2016-10-05","2016-10-06T22:00Z","2016-10-11T21:00Z","NEON.LTR.STEI060061.20161005","NEON.LTR.STEI060061.20161005.FLR","NEON.DOC.001710vE","Flowers",0.005,"N",NA,"hE8YqXO7sNiNpTQ8TwLBTEwXi3KL/fpp"
"e0988f52-0543-4e35-97cc-7b47372c2489","STEI_060.basePlot.ltr","D05","STEI","STEI_060","STEI_060_061","2016-10-11","2016-09-19","2016-10-05","2016-10-06T22:00Z","2016-10-11T21:00Z","NEON.LTR.STEI060061.20161005","NEON.LTR.STEI060061.20161005.LVS","NEON.DOC.001710vE","Leaves",24.63,"N",NA,"hE8YqXO7sNiNpTQ8TwLBTEwXi3KL/fpp"
"a90508d3-a3da-4c89-835d-b5bff1bd1a70","STEI_057.basePlot.ltr","D05","STEI","STEI_057","STEI_057_901","2016-10-11","2016-09-19","2016-10-05","2016-10-06T22:00Z","2016-10-11T21:00Z","NEON.LTR.STEI057901.20161005","NEON.LTR.STEI057901.20161005.OTH","NEON.DOC.001710vE","Other",0.09,"N",NA,"hE8YqXO7sNiNpTQ8TwLBTEwXi3KL/fpp"
"34812f42-4eb2-401e-ac43-c9184a2b1603","STEI_057.basePlot.ltr","D05","STEI","STEI_057","STEI_057_901","2016-10-11","2016-09-19","2016-10-05","2016-10-06T22:00Z","2016-10-11T21:00Z","NEON.LTR.STEI057901.20161005","NEON.LTR.STEI057901.20161005.LVS","NEON.DOC.001710vE","Leaves",90.1,"N",NA,"hE8YqXO7sNiNpTQ8TwLBTEwXi3KL/fpp"
"11eba914-8a27-4022-85f1-ca84bee48e5b","STEI_057.basePlot.ltr","D05","STEI","STEI_057","STEI_057_901","2016-10-11","2016-09-19","2016-10-05","2016-10-06T22:00Z","2016-10-11T21:00Z","NEON.LTR.STEI057901.20161005","NEON.LTR.STEI057901.20161005.NDL","NEON.DOC.001710vE","Needles",0.005,"N",NA,"hE8YqXO7sNiNpTQ8TwLBTEwXi3KL/fpp"
"bccbd44b-fdd5-4cc1-a712-a549e12e891c","STEI_061.basePlot.ltr","D05","STEI","STEI_061","STEI_061_862","2016-10-11","2016-09-19","2016-10-05","2016-10-06T22:00Z","2016-10-11T21:00Z","NEON.LTR.STEI061862.20161005","NEON.LTR.STEI061862.20161005.LVS","NEON.DOC.001710vE","Leaves",5.67,"N",NA,"hE8YqXO7sNiNpTQ8TwLBTEwXi3KL/fpp"
"1f6cef23-4422-4469-b707-7d4d4eb0c23e","STEI_061.basePlot.ltr","D05","STEI","STEI_061","STEI_061_862","2016-10-11","2016-09-19","2016-10-05","2016-10-06T22:00Z","2016-10-11T21:00Z","NEON.LTR.STEI061862.20161005","NEON.LTR.STEI061862.20161005.OTH","NEON.DOC.001710vE","Other",0,"N",NA,"hE8YqXO7sNiNpTQ8TwLBTEwXi3KL/fpp"
"c7a361aa-f30f-46a5-98d6-ddf2ef0eb526","STEI_061.basePlot.ltr","D05","STEI","STEI_061","STEI_061_862","2016-10-11","2016-09-19","2016-10-05","2016-10-06T22:00Z","2016-10-11T21:00Z","NEON.LTR.STEI061862.20161005","NEON.LTR.STEI061862.20161005.FLR","NEON.DOC.001710vE","Flowers",0.005,"N",NA,"hE8YqXO7sNiNpTQ8TwLBTEwXi3KL/fpp"
"f32aad13-9125-419b-8b5d-fdece22eeba9","STEI_061.basePlot.ltr","D05","STEI","STEI_061","STEI_061_862","2016-10-11","2016-09-19","2016-10-05","2016-10-06T22:00Z","2016-10-11T21:00Z","NEON.LTR.STEI061862.20161005","NEON.LTR.STEI061862.20161005.WDY","NEON.DOC.001710vE","Woody material",0,"N",NA,"hE8YqXO7sNiNpTQ8TwLBTEwXi3KL/fpp"
"d8d32da4-967a-42b6-93a0-0dd1f060e8a1","STEI_061.basePlot.ltr","D05","STEI","STEI_061","STEI_061_862","2016-10-11","2016-09-19","2016-10-05","2016-10-06T22:00Z","2016-10-11T21:00Z","NEON.LTR.STEI061862.20161005","NEON.LTR.STEI061862.20161005.TWI","NEON.DOC.001710vE","Twigs/branches",0,"N",NA,"hE8YqXO7sNiNpTQ8TwLBTEwXi3KL/fpp"
"a8502017-2be8-49b2-941c-236ec7fc4e01","STEI_061.basePlot.ltr","D05","STEI","STEI_061","STEI_061_862","2016-10-11","2016-09-19","2016-10-05","2016-10-06T22:00Z","2016-10-11T21:00Z","NEON.LTR.STEI061862.20161005","NEON.LTR.STEI061862.20161005.SDS","NEON.DOC.001710vE","Seeds",0,"N",NA,"hE8YqXO7sNiNpTQ8TwLBTEwXi3KL/fpp"
"d6a5cd91-93cc-4562-b290-ee6bbfd4e40d","STEI_061.basePlot.ltr","D05","STEI","STEI_061","STEI_061_862","2016-10-11","2016-09-19","2016-10-05","2016-10-06T22:00Z","2016-10-11T21:00Z","NEON.LTR.STEI061862.20161005","NEON.LTR.STEI061862.20161005.NDL","NEON.DOC.001710vE","Needles",4.2,"N",NA,"hE8YqXO7sNiNpTQ8TwLBTEwXi3KL/fpp"
"dfc3b0da-e61c-4bd4-8a35-d67d5d71234a","STEI_060.basePlot.ltr","D05","STEI","STEI_060","STEI_060_901","2016-10-11","2016-09-19","2016-10-05","2016-10-06T22:00Z","2016-10-11T21:00Z","NEON.LTR.STEI060901.20161005","NEON.LTR.STEI060901.20161005.NDL","NEON.DOC.001710vE","Needles",0.82,"N",NA,"hE8YqXO7sNiNpTQ8TwLBTEwXi3KL/fpp"
"87263a71-2457-4ea7-acf9-f9cd4bcc9f95","STEI_060.basePlot.ltr","D05","STEI","STEI_060","STEI_060_901","2016-10-11","2016-09-19","2016-10-05","2016-10-06T22:00Z","2016-10-11T21:00Z","NEON.LTR.STEI060901.20161005","NEON.LTR.STEI060901.20161005.FLR","NEON.DOC.001710vE","Flowers",0,"N",NA,"hE8YqXO7sNiNpTQ8TwLBTEwXi3KL/fpp"
"4bca7353-8f58-4c1e-ab38-e515b7599e16","STEI_060.basePlot.ltr","D05","STEI","STEI_060","STEI_060_901","2016-10-11","2016-09-19","2016-10-05","2016-10-06T22:00Z","2016-10-11T21:00Z","NEON.LTR.STEI060901.20161005","NEON.LTR.STEI060901.20161005.LVS","NEON.DOC.001710vE","Leaves",58.95,"N",NA,"hE8YqXO7sNiNpTQ8TwLBTEwXi3KL/fpp"
"f9b3715a-c4f0-4ba3-bf89-1d0c8924de58","STEI_060.basePlot.ltr","D05","STEI","STEI_060","STEI_060_901","2016-10-11","2016-09-19","2016-10-05","2016-10-06T22:00Z","2016-10-11T21:00Z","NEON.LTR.STEI060901.20161005","NEON.LTR.STEI060901.20161005.NDL","NEON.DOC.001710vE","Needles",0.83,"Y",NA,"hE8YqXO7sNiNpTQ8TwLBTEwXi3KL/fpp"
"f010aa52-b8bd-4ab4-b3f7-129e35f19750","STEI_060.basePlot.ltr","D05","STEI","STEI_060","STEI_060_901","2016-10-11","2016-09-19","2016-10-05","2016-10-06T22:00Z","2016-10-11T21:00Z","NEON.LTR.STEI060901.20161005","NEON.LTR.STEI060901.20161005.WDY","NEON.DOC.001710vE","Woody material",0.03,"N",NA,"hE8YqXO7sNiNpTQ8TwLBTEwXi3KL/fpp"
"1b1ad9db-4d1e-476e-a8a1-40c24e56c952","STEI_060.basePlot.ltr","D05","STEI","STEI_060","STEI_060_901","2016-10-11","2016-09-19","2016-10-05","2016-10-06T22:00Z","2016-10-11T21:00Z","NEON.LTR.STEI060901.20161005","NEON.LTR.STEI060901.20161005.OTH","NEON.DOC.001710vE","Other",0.01,"N",NA,"hE8YqXO7sNiNpTQ8TwLBTEwXi3KL/fpp"
"6dd4eef8-a644-4710-a7b7-4e2f5760cd12","STEI_060.basePlot.ltr","D05","STEI","STEI_060","STEI_060_901","2016-10-11","2016-09-19","2016-10-05","2016-10-06T22:00Z","2016-10-11T21:00Z","NEON.LTR.STEI060901.20161005","NEON.LTR.STEI060901.20161005.TWI","NEON.DOC.001710vE","Twigs/branches",2.44,"N",NA,"hE8YqXO7sNiNpTQ8TwLBTEwXi3KL/fpp"
"7e985d96-f5ef-4374-ae2a-24c722da2696","STEI_060.basePlot.ltr","D05","STEI","STEI_060","STEI_060_901","2016-10-11","2016-09-19","2016-10-05","2016-10-06T22:00Z","2016-10-11T21:00Z","NEON.LTR.STEI060901.20161005","NEON.LTR.STEI060901.20161005.SDS","NEON.DOC.001710vE","Seeds",0.005,"N",NA,"hE8YqXO7sNiNpTQ8TwLBTEwXi3KL/fpp"
"b3af9363-3d54-4fc5-92d2-f143965db1bb","STEI_048.basePlot.ltr","D05","STEI","STEI_048","STEI_048_885","2015-10-11","2016-09-19","2016-10-05","2016-10-06T22:00Z","2016-10-11T21:00Z","NEON.LTR.STEI048885.20161005","NEON.LTR.STEI048885.20161005.TWI","NEON.DOC.001710vE","Twigs/branches",4.39,"Y",NA,"hE8YqXO7sNiNpTQ8TwLBTEwXi3KL/fpp"
"edc9d4c7-e0d8-4dfe-a229-3f6e71b483d7","STEI_048.basePlot.ltr","D05","STEI","STEI_048","STEI_048_885","2015-10-11","2016-09-19","2016-10-05","2016-10-06T22:00Z","2016-10-11T21:00Z","NEON.LTR.STEI048885.20161005","NEON.LTR.STEI048885.20161005.TWI","NEON.DOC.001710vE","Twigs/branches",4.41,"N",NA,"hE8YqXO7sNiNpTQ8TwLBTEwXi3KL/fpp"
"434bfa82-ebb9-46c7-8b79-e68ea796fb2f","STEI_048.basePlot.ltr","D05","STEI","STEI_048","STEI_048_885","2015-10-11","2016-09-19","2016-10-05","2016-10-06T22:00Z","2016-10-11T21:00Z","NEON.LTR.STEI048885.20161005","NEON.LTR.STEI048885.20161005.WDY","NEON.DOC.001710vE","Woody material",0,"N",NA,"hE8YqXO7sNiNpTQ8TwLBTEwXi3KL/fpp"
"71a39f69-45d5-4134-86cf-5a84dfe4e649","STEI_048.basePlot.ltr","D05","STEI","STEI_048","STEI_048_885","2015-10-11","2016-09-19","2016-10-05","2016-10-06T22:00Z","2016-10-11T21:00Z","NEON.LTR.STEI048885.20161005","NEON.LTR.STEI048885.20161005.OTH","NEON.DOC.001710vE","Other",0,"N",NA,"hE8YqXO7sNiNpTQ8TwLBTEwXi3KL/fpp"
"2bb173ea-b732-4061-8401-8849d66f43bf","STEI_048.basePlot.ltr","D05","STEI","STEI_048","STEI_048_885","2015-10-11","2016-09-19","2016-10-05","2016-10-06T22:00Z","2016-10-11T21:00Z","NEON.LTR.STEI048885.20161005","NEON.LTR.STEI048885.20161005.LVS","NEON.DOC.001710vE","Leaves",120.32,"N",NA,"hE8YqXO7sNiNpTQ8TwLBTEwXi3KL/fpp"
"c4a1a0d6-8c21-44ac-975e-4948abd7f5fe","STEI_048.basePlot.ltr","D05","STEI","STEI_048","STEI_048_885","2015-10-11","2016-09-19","2016-10-05","2016-10-06T22:00Z","2016-10-11T21:00Z","NEON.LTR.STEI048885.20161005","NEON.LTR.STEI048885.20161005.NDL","NEON.DOC.001710vE","Needles",1.7,"N",NA,"hE8YqXO7sNiNpTQ8TwLBTEwXi3KL/fpp"
"98870481-3fa9-411f-a12f-bb3a174626f6","STEI_048.basePlot.ltr","D05","STEI","STEI_048","STEI_048_885","2015-10-11","2016-09-19","2016-10-05","2016-10-06T22:00Z","2016-10-11T21:00Z","NEON.LTR.STEI048885.20161005","NEON.LTR.STEI048885.20161005.SDS","NEON.DOC.001710vE","Seeds",0.005,"N",NA,"hE8YqXO7sNiNpTQ8TwLBTEwXi3KL/fpp"
"5401755f-3b4b-4589-98ec-2d21da9b5693","STEI_048.basePlot.ltr","D05","STEI","STEI_048","STEI_048_885","2015-10-11","2016-09-19","2016-10-05","2016-10-06T22:00Z","2016-10-11T21:00Z","NEON.LTR.STEI048885.20161005","NEON.LTR.STEI048885.20161005.FLR","NEON.DOC.001710vE","Flowers",0,"N",NA,"hE8YqXO7sNiNpTQ8TwLBTEwXi3KL/fpp"
"bc55e10d-ac90-47bf-8a5c-1c3846f5db1b","STEI_061.basePlot.ltr","D05","STEI","STEI_061","STEI_061_507","2016-10-11","2016-09-20","2016-10-05","2016-10-06T22:00Z","2016-10-11T21:00Z","NEON.LTR.STEI061507.20161005","NEON.LTR.STEI061507.20161005.TWI","NEON.DOC.001710vE","Twigs/branches",0.35,"N",NA,"hE8YqXO7sNiNpTQ8TwLBTEwXi3KL/fpp"
"7280fe68-f388-4609-8b76-19f32b95ba9b","STEI_061.basePlot.ltr","D05","STEI","STEI_061","STEI_061_507","2016-10-11","2016-09-20","2016-10-05","2016-10-06T22:00Z","2016-10-11T21:00Z","NEON.LTR.STEI061507.20161005","NEON.LTR.STEI061507.20161005.SDS","NEON.DOC.001710vE","Seeds",0.01,"N",NA,"hE8YqXO7sNiNpTQ8TwLBTEwXi3KL/fpp"
"b32948f7-71cc-4e17-b8c9-145697e6061f","STEI_061.basePlot.ltr","D05","STEI","STEI_061","STEI_061_507","2016-10-11","2016-09-20","2016-10-05","2016-10-06T22:00Z","2016-10-11T21:00Z","NEON.LTR.STEI061507.20161005","NEON.LTR.STEI061507.20161005.OTH","NEON.DOC.001710vE","Other",0.13,"N",NA,"hE8YqXO7sNiNpTQ8TwLBTEwXi3KL/fpp"
"a63eb4c8-d41e-4c42-a403-a2cd46390826","STEI_061.basePlot.ltr","D05","STEI","STEI_061","STEI_061_507","2016-10-11","2016-09-20","2016-10-05","2016-10-06T22:00Z","2016-10-11T21:00Z","NEON.LTR.STEI061507.20161005","NEON.LTR.STEI061507.20161005.LVS","NEON.DOC.001710vE","Leaves",26.61,"N",NA,"hE8YqXO7sNiNpTQ8TwLBTEwXi3KL/fpp"
"f5f2f6af-fb45-4a09-bfc9-d6f8f22ca970","STEI_061.basePlot.ltr","D05","STEI","STEI_061","STEI_061_507","2016-10-11","2016-09-20","2016-10-05","2016-10-06T22:00Z","2016-10-11T21:00Z","NEON.LTR.STEI061507.20161005","NEON.LTR.STEI061507.20161005.FLR","NEON.DOC.001710vE","Flowers",0.01,"N",NA,"hE8YqXO7sNiNpTQ8TwLBTEwXi3KL/fpp"
"ebe6dd9f-e4db-4f7e-b04b-889d1cb49c7e","STEI_061.basePlot.ltr","D05","STEI","STEI_061","STEI_061_507","2016-10-11","2016-09-20","2016-10-05","2016-10-06T22:00Z","2016-10-11T21:00Z","NEON.LTR.STEI061507.20161005","NEON.LTR.STEI061507.20161005.WDY","NEON.DOC.001710vE","Woody material",0.16,"N",NA,"hE8YqXO7sNiNpTQ8TwLBTEwXi3KL/fpp"
"a9fa4dc0-09d5-4666-ba7f-98ebc89eb042","STEI_061.basePlot.ltr","D05","STEI","STEI_061","STEI_061_507","2016-10-11","2016-09-20","2016-10-05","2016-10-06T22:00Z","2016-10-11T21:00Z","NEON.LTR.STEI061507.20161005","NEON.LTR.STEI061507.20161005.NDL","NEON.DOC.001710vE","Needles",0.81,"N",NA,"hE8YqXO7sNiNpTQ8TwLBTEwXi3KL/fpp"
"4dba46ed-d15e-4702-851c-ff4ae029f8a3","STEI_061.basePlot.ltr","D05","STEI","STEI_061","STEI_061_507","2016-10-11","2016-09-20","2016-10-05","2016-10-06T22:00Z","2016-10-11T21:00Z","NEON.LTR.STEI061507.20161005","NEON.LTR.STEI061507.20161005.NDL","NEON.DOC.001710vE","Needles",0.81,"Y",NA,"hE8YqXO7sNiNpTQ8TwLBTEwXi3KL/fpp"
"51eee2f9-dcfc-4b0a-ba9c-6a894aeb3603","STEI_047.basePlot.ltr","D05","STEI","STEI_047","STEI_047_291","2016-10-27","2016-10-05","2016-10-17","2016-10-24T16:45Z","2016-10-27T21:00Z","NEON.LTR.STEI047291.20161017","NEON.LTR.STEI047291.20161017.LVS","NEON.DOC.001710vE","Leaves",15.45,"Y",NA,"n3FTqtv1XKCIEKvil+MbndY+c5Uay6s5"
"319ca07e-88a4-44fb-ae11-c3f7f66dafcc","STEI_047.basePlot.ltr","D05","STEI","STEI_047","STEI_047_291","2016-10-27","2016-10-05","2016-10-17","2016-10-24T16:45Z","2016-10-27T21:00Z","NEON.LTR.STEI047291.20161017","NEON.LTR.STEI047291.20161017.LVS","NEON.DOC.001710vE","Leaves",15.49,"N",NA,"n3FTqtv1XKCIEKvil+MbndY+c5Uay6s5"
"b1a29eb7-8ea5-423c-88a6-4172aa58809b","STEI_049.basePlot.ltr","D05","STEI","STEI_049","STEI_049_607","2016-11-01","2016-10-05","2016-10-17","2016-10-24T16:45Z","2016-11-01T21:00Z","NEON.LTR.STEI049607.20161017","NEON.LTR.STEI049607.20161017.SDS","NEON.DOC.001710vE","Seeds",0.01,"N",NA,"hE8YqXO7sNiNpTQ8TwLBTEwXi3KL/fpp"
"9a507147-431f-4672-9942-a605e48e4f35","STEI_049.basePlot.ltr","D05","STEI","STEI_049","STEI_049_607","2016-11-01","2016-10-05","2016-10-17","2016-10-24T16:45Z","2016-11-01T21:00Z","NEON.LTR.STEI049607.20161017","NEON.LTR.STEI049607.20161017.OTH","NEON.DOC.001710vE","Other",0.005,"N",NA,"hE8YqXO7sNiNpTQ8TwLBTEwXi3KL/fpp"
"961844aa-1578-4ec1-8dbb-aff673c987fa","STEI_049.basePlot.ltr","D05","STEI","STEI_049","STEI_049_607","2016-11-01","2016-10-05","2016-10-17","2016-10-24T16:45Z","2016-11-01T21:00Z","NEON.LTR.STEI049607.20161017","NEON.LTR.STEI049607.20161017.TWI","NEON.DOC.001710vE","Twigs/branches",2.49,"N",NA,"hE8YqXO7sNiNpTQ8TwLBTEwXi3KL/fpp"
"f75ada1b-6791-4eab-8e34-726911b913ee","STEI_049.basePlot.ltr","D05","STEI","STEI_049","STEI_049_607","2016-11-01","2016-10-05","2016-10-17","2016-10-24T16:45Z","2016-11-01T21:00Z","NEON.LTR.STEI049607.20161017","NEON.LTR.STEI049607.20161017.LVS","NEON.DOC.001710vE","Leaves",19.87,"N",NA,"hE8YqXO7sNiNpTQ8TwLBTEwXi3KL/fpp"
"ad115a8d-f6b8-4ab5-85ce-5ea1bd595d69","STEI_049.basePlot.ltr","D05","STEI","STEI_049","STEI_049_607","2016-11-01","2016-10-05","2016-10-17","2016-10-24T16:45Z","2016-11-01T21:00Z","NEON.LTR.STEI049607.20161017","NEON.LTR.STEI049607.20161017.NDL","NEON.DOC.001710vE","Needles",0.61,"N",NA,"hE8YqXO7sNiNpTQ8TwLBTEwXi3KL/fpp"
"460caf26-6c77-4427-ba9a-c896f96ba076","STEI_047.basePlot.ltr","D05","STEI","STEI_047","STEI_047_185","2016-10-27","2016-10-05","2016-10-17","2016-10-24T16:45Z","2016-10-27T21:00Z","NEON.LTR.STEI047185.20161017","NEON.LTR.STEI047185.20161017.OTH","NEON.DOC.001710vE","Other",0.21,"N",NA,"n3FTqtv1XKCIEKvil+MbndY+c5Uay6s5"
"9e98a1bc-ec50-443a-b497-89ea16af790f","STEI_048.basePlot.ltr","D05","STEI","STEI_048","STEI_048_076","2016-10-27","2016-10-05","2016-10-17","2016-10-24T16:45Z","2016-10-27T21:00Z","NEON.LTR.STEI048076.20161017","NEON.LTR.STEI048076.20161017.OTH","NEON.DOC.001710vE","Other",0,"N",NA,"n3FTqtv1XKCIEKvil+MbndY+c5Uay6s5"
"d7496c5a-02b0-4a95-8067-05b60cbd9d92","STEI_048.basePlot.ltr","D05","STEI","STEI_048","STEI_048_076","2016-10-27","2016-10-05","2016-10-17","2016-10-24T16:45Z","2016-10-27T21:00Z","NEON.LTR.STEI048076.20161017","NEON.LTR.STEI048076.20161017.TWI","NEON.DOC.001710vE","Twigs/branches",0.09,"N",NA,"n3FTqtv1XKCIEKvil+MbndY+c5Uay6s5"
"d62ecc42-ff2c-41b7-9015-c518e705a413","STEI_047.basePlot.ltr","D05","STEI","STEI_047","STEI_047_185","2016-10-27","2016-10-05","2016-10-17","2016-10-24T16:45Z","2016-10-27T21:00Z","NEON.LTR.STEI047185.20161017","NEON.LTR.STEI047185.20161017.NDL","NEON.DOC.001710vE","Needles",1.45,"N",NA,"n3FTqtv1XKCIEKvil+MbndY+c5Uay6s5"
"9a68fa93-b687-4d53-aa28-cca895e44191","STEI_048.basePlot.ltr","D05","STEI","STEI_048","STEI_048_076","2016-10-27","2016-10-05","2016-10-17","2016-10-24T16:45Z","2016-10-27T21:00Z","NEON.LTR.STEI048076.20161017","NEON.LTR.STEI048076.20161017.SDS","NEON.DOC.001710vE","Seeds",0.07,"N",NA,"n3FTqtv1XKCIEKvil+MbndY+c5Uay6s5"
"62a58a56-426c-4730-b1d6-6a61a767348b","STEI_048.basePlot.ltr","D05","STEI","STEI_048","STEI_048_076","2016-10-27","2016-10-05","2016-10-17","2016-10-24T16:45Z","2016-10-27T21:00Z","NEON.LTR.STEI048076.20161017","NEON.LTR.STEI048076.20161017.FLR","NEON.DOC.001710vE","Flowers",0.005,"N",NA,"n3FTqtv1XKCIEKvil+MbndY+c5Uay6s5"
"a94e1ec0-8829-40c1-8025-d8f8aa74d02e","STEI_048.basePlot.ltr","D05","STEI","STEI_048","STEI_048_076","2016-10-27","2016-10-05","2016-10-17","2016-10-24T16:45Z","2016-10-27T21:00Z","NEON.LTR.STEI048076.20161017","NEON.LTR.STEI048076.20161017.NDL","NEON.DOC.001710vE","Needles",0.62,"N",NA,"n3FTqtv1XKCIEKvil+MbndY+c5Uay6s5"
"644af00c-37ed-49f3-960d-7e73aa5afc9a","STEI_048.basePlot.ltr","D05","STEI","STEI_048","STEI_048_076","2016-10-27","2016-10-05","2016-10-17","2016-10-24T16:45Z","2016-10-27T21:00Z","NEON.LTR.STEI048076.20161017","NEON.LTR.STEI048076.20161017.WDY","NEON.DOC.001710vE","Woody material",0,"N",NA,"n3FTqtv1XKCIEKvil+MbndY+c5Uay6s5"
"3b227edf-6b45-4cce-be6b-ce33bc61fe08","STEI_048.basePlot.ltr","D05","STEI","STEI_048","STEI_048_076","2016-10-27","2016-10-05","2016-10-17","2016-10-24T16:45Z","2016-10-27T21:00Z","NEON.LTR.STEI048076.20161017","NEON.LTR.STEI048076.20161017.LVS","NEON.DOC.001710vE","Leaves",6.85,"N",NA,"n3FTqtv1XKCIEKvil+MbndY+c5Uay6s5"
"a00a1c59-a4af-4c24-a5e6-438421845ae4","STEI_061.basePlot.ltr","D05","STEI","STEI_061","STEI_061_507","2016-10-27","2016-10-05","2016-10-17","2016-10-24T16:45Z","2016-10-27T21:00Z","NEON.LTR.STEI061507.20161017","NEON.LTR.STEI061507.20161017.SDS","NEON.DOC.001710vE","Seeds",0.04,"N",NA,"n3FTqtv1XKCIEKvil+MbndY+c5Uay6s5"
"63e00972-d9f0-481b-8fd7-36e67fe198b6","STEI_061.basePlot.ltr","D05","STEI","STEI_061","STEI_061_507","2016-10-27","2016-10-05","2016-10-17","2016-10-24T16:45Z","2016-10-27T21:00Z","NEON.LTR.STEI061507.20161017","NEON.LTR.STEI061507.20161017.LVS","NEON.DOC.001710vE","Leaves",3.78,"N",NA,"n3FTqtv1XKCIEKvil+MbndY+c5Uay6s5"
"16b147a5-5bd4-4823-a3b7-25a43cbc66f3","STEI_061.basePlot.ltr","D05","STEI","STEI_061","STEI_061_507","2016-10-27","2016-10-05","2016-10-17","2016-10-24T16:45Z","2016-10-27T21:00Z","NEON.LTR.STEI061507.20161017","NEON.LTR.STEI061507.20161017.OTH","NEON.DOC.001710vE","Other",0.005,"N",NA,"n3FTqtv1XKCIEKvil+MbndY+c5Uay6s5"
"22c43e0e-6eff-4516-87b0-95fa4210087f","STEI_061.basePlot.ltr","D05","STEI","STEI_061","STEI_061_507","2016-10-27","2016-10-05","2016-10-17","2016-10-24T16:45Z","2016-10-27T21:00Z","NEON.LTR.STEI061507.20161017","NEON.LTR.STEI061507.20161017.WDY","NEON.DOC.001710vE","Woody material",0.005,"N",NA,"n3FTqtv1XKCIEKvil+MbndY+c5Uay6s5"
"4d076cdd-f913-4779-a839-eb2726a28e7b","STEI_061.basePlot.ltr","D05","STEI","STEI_061","STEI_061_507","2016-10-27","2016-10-05","2016-10-17","2016-10-24T16:45Z","2016-10-27T21:00Z","NEON.LTR.STEI061507.20161017","NEON.LTR.STEI061507.20161017.NDL","NEON.DOC.001710vE","Needles",9.26,"N",NA,"n3FTqtv1XKCIEKvil+MbndY+c5Uay6s5"
"edd68dd1-9a87-4ed3-b8a3-cc35220b5d5b","STEI_061.basePlot.ltr","D05","STEI","STEI_061","STEI_061_507","2016-10-27","2016-10-05","2016-10-17","2016-10-24T16:45Z","2016-10-27T21:00Z","NEON.LTR.STEI061507.20161017","NEON.LTR.STEI061507.20161017.TWI","NEON.DOC.001710vE","Twigs/branches",0.005,"N",NA,"n3FTqtv1XKCIEKvil+MbndY+c5Uay6s5"
"971f921f-3504-4411-b508-44dcfee97888","STEI_061.basePlot.ltr","D05","STEI","STEI_061","STEI_061_507","2016-10-27","2016-10-05","2016-10-17","2016-10-24T16:45Z","2016-10-27T21:00Z","NEON.LTR.STEI061507.20161017","NEON.LTR.STEI061507.20161017.FLR","NEON.DOC.001710vE","Flowers",0,"N",NA,"n3FTqtv1XKCIEKvil+MbndY+c5Uay6s5"
"d3c20e92-1682-42c6-997f-e339d5ad076d","STEI_057.basePlot.ltr","D05","STEI","STEI_057","STEI_057_901","2016-11-01","2016-10-05","2016-10-17","2016-10-24T16:45Z","2016-11-01T21:00Z","NEON.LTR.STEI057901.20161017","NEON.LTR.STEI057901.20161017.OTH","NEON.DOC.001710vE","Other",0.005,"N",NA,"hE8YqXO7sNiNpTQ8TwLBTEwXi3KL/fpp"
"b4d89ab2-ab01-44ed-ba53-521836d5f7af","STEI_057.basePlot.ltr","D05","STEI","STEI_057","STEI_057_901","2016-11-01","2016-10-05","2016-10-17","2016-10-24T16:45Z","2016-11-01T21:00Z","NEON.LTR.STEI057901.20161017","NEON.LTR.STEI057901.20161017.WDY","NEON.DOC.001710vE","Woody material",0,"N",NA,"hE8YqXO7sNiNpTQ8TwLBTEwXi3KL/fpp"
"fa63d3ca-5e34-4428-ae52-57dc937204a2","STEI_057.basePlot.ltr","D05","STEI","STEI_057","STEI_057_061","2016-10-27","2016-10-05","2016-10-17","2016-10-24T16:45Z","2016-10-27T21:00Z","NEON.LTR.STEI057061.20161017","NEON.LTR.STEI057061.20161017.SDS","NEON.DOC.001710vE","Seeds",0.005,"N",NA,"n3FTqtv1XKCIEKvil+MbndY+c5Uay6s5"
"138509b6-6efd-49be-b35e-04ef85d4be29","STEI_057.basePlot.ltr","D05","STEI","STEI_057","STEI_057_061","2016-10-27","2016-10-05","2016-10-17","2016-10-24T16:45Z","2016-10-27T21:00Z","NEON.LTR.STEI057061.20161017","NEON.LTR.STEI057061.20161017.TWI","NEON.DOC.001710vE","Twigs/branches",1.42,"Y",NA,"n3FTqtv1XKCIEKvil+MbndY+c5Uay6s5"
"f50da092-4285-4659-88ea-ee007c922d8f","STEI_057.basePlot.ltr","D05","STEI","STEI_057","STEI_057_061","2016-10-27","2016-10-05","2016-10-17","2016-10-24T16:45Z","2016-10-27T21:00Z","NEON.LTR.STEI057061.20161017","NEON.LTR.STEI057061.20161017.WDY","NEON.DOC.001710vE","Woody material",0,"N",NA,"n3FTqtv1XKCIEKvil+MbndY+c5Uay6s5"
"2f1bfabb-8970-4580-a335-2b1c05061f3e","STEI_057.basePlot.ltr","D05","STEI","STEI_057","STEI_057_061","2016-10-27","2016-10-05","2016-10-17","2016-10-24T16:45Z","2016-10-27T21:00Z","NEON.LTR.STEI057061.20161017","NEON.LTR.STEI057061.20161017.OTH","NEON.DOC.001710vE","Other",0.005,"N",NA,"n3FTqtv1XKCIEKvil+MbndY+c5Uay6s5"
"1caed1a8-31d3-4e1c-b4ab-a9c8fbc49f86","STEI_057.basePlot.ltr","D05","STEI","STEI_057","STEI_057_061","2016-10-27","2016-10-05","2016-10-17","2016-10-24T16:45Z","2016-10-27T21:00Z","NEON.LTR.STEI057061.20161017","NEON.LTR.STEI057061.20161017.LVS","NEON.DOC.001710vE","Leaves",22.17,"N",NA,"n3FTqtv1XKCIEKvil+MbndY+c5Uay6s5"
"d0b3d3d4-6bf7-474c-bd1e-3a3329356d80","STEI_057.basePlot.ltr","D05","STEI","STEI_057","STEI_057_901","2016-11-01","2016-10-05","2016-10-17","2016-10-24T16:45Z","2016-11-01T21:00Z","NEON.LTR.STEI057901.20161017","NEON.LTR.STEI057901.20161017.NDL","NEON.DOC.001710vE","Needles",0.005,"N",NA,"hE8YqXO7sNiNpTQ8TwLBTEwXi3KL/fpp"
"771c811a-ee3f-447a-bd97-02b2fb65b15d","STEI_057.basePlot.ltr","D05","STEI","STEI_057","STEI_057_061","2016-10-27","2016-10-05","2016-10-17","2016-10-24T16:45Z","2016-10-27T21:00Z","NEON.LTR.STEI057061.20161017","NEON.LTR.STEI057061.20161017.FLR","NEON.DOC.001710vE","Flowers",0,"N",NA,"n3FTqtv1XKCIEKvil+MbndY+c5Uay6s5"
"ebd189a3-717a-4bf0-9499-564089f26d90","STEI_057.basePlot.ltr","D05","STEI","STEI_057","STEI_057_061","2016-10-27","2016-10-05","2016-10-17","2016-10-24T16:45Z","2016-10-27T21:00Z","NEON.LTR.STEI057061.20161017","NEON.LTR.STEI057061.20161017.TWI","NEON.DOC.001710vE","Twigs/branches",1.43,"N",NA,"n3FTqtv1XKCIEKvil+MbndY+c5Uay6s5"
"4be666a4-c65f-4422-8f79-c1f3e27c9339","STEI_057.basePlot.ltr","D05","STEI","STEI_057","STEI_057_901","2016-11-01","2016-10-05","2016-10-17","2016-10-24T16:45Z","2016-11-01T21:00Z","NEON.LTR.STEI057901.20161017","NEON.LTR.STEI057901.20161017.TWI","NEON.DOC.001710vE","Twigs/branches",0.78,"N",NA,"hE8YqXO7sNiNpTQ8TwLBTEwXi3KL/fpp"
"3c7fa51e-78ba-44da-b817-7a420c28c4fe","STEI_057.basePlot.ltr","D05","STEI","STEI_057","STEI_057_061","2016-10-27","2016-10-05","2016-10-17","2016-10-24T16:45Z","2016-10-27T21:00Z","NEON.LTR.STEI057061.20161017","NEON.LTR.STEI057061.20161017.NDL","NEON.DOC.001710vE","Needles",0.005,"N",NA,"n3FTqtv1XKCIEKvil+MbndY+c5Uay6s5"
"05140a76-9ebe-4708-b430-9b8531cda1bd","STEI_057.basePlot.ltr","D05","STEI","STEI_057","STEI_057_901","2016-11-01","2016-10-05","2016-10-17","2016-10-24T16:45Z","2016-11-01T21:00Z","NEON.LTR.STEI057901.20161017","NEON.LTR.STEI057901.20161017.FLR","NEON.DOC.001710vE","Flowers",0,"N",NA,"hE8YqXO7sNiNpTQ8TwLBTEwXi3KL/fpp"
"e32d432d-ad5a-4ed7-9cd2-733534b2a134","STEI_057.basePlot.ltr","D05","STEI","STEI_057","STEI_057_901","2016-11-01","2016-10-05","2016-10-17","2016-10-24T16:45Z","2016-11-01T21:00Z","NEON.LTR.STEI057901.20161017","NEON.LTR.STEI057901.20161017.SDS","NEON.DOC.001710vE","Seeds",0.06,"N",NA,"hE8YqXO7sNiNpTQ8TwLBTEwXi3KL/fpp"
"bfa24f72-5919-4dd1-9171-69c8f91091bf","STEI_057.basePlot.ltr","D05","STEI","STEI_057","STEI_057_901","2016-11-01","2016-10-05","2016-10-17","2016-10-24T16:45Z","2016-11-01T21:00Z","NEON.LTR.STEI057901.20161017","NEON.LTR.STEI057901.20161017.LVS","NEON.DOC.001710vE","Leaves",3.74,"N",NA,"hE8YqXO7sNiNpTQ8TwLBTEwXi3KL/fpp"
"9404b4a2-b193-4cc9-affc-861f2a302651","STEI_060.basePlot.ltr","D05","STEI","STEI_060","STEI_060_901","2016-11-01","2016-10-05","2016-10-17","2016-10-24T16:45Z","2016-11-01T21:00Z","NEON.LTR.STEI060901.20161017","NEON.LTR.STEI060901.20161017.FLR","NEON.DOC.001710vE","Flowers",0,"N",NA,"hE8YqXO7sNiNpTQ8TwLBTEwXi3KL/fpp"
"2f668846-b61c-4835-b58e-3897c838a1bc","STEI_060.basePlot.ltr","D05","STEI","STEI_060","STEI_060_061","2016-10-27","2016-10-05","2016-10-17","2016-10-24T16:45Z","2016-10-27T21:00Z","NEON.LTR.STEI060061.20161017","NEON.LTR.STEI060061.20161017.WDY","NEON.DOC.001710vE","Woody material",0,"N",NA,"n3FTqtv1XKCIEKvil+MbndY+c5Uay6s5"
"2b3991b6-548b-436d-b937-2ab6a7146439","STEI_060.basePlot.ltr","D05","STEI","STEI_060","STEI_060_061","2016-10-27","2016-10-05","2016-10-17","2016-10-24T16:45Z","2016-10-27T21:00Z","NEON.LTR.STEI060061.20161017","NEON.LTR.STEI060061.20161017.NDL","NEON.DOC.001710vE","Needles",1.4,"N",NA,"n3FTqtv1XKCIEKvil+MbndY+c5Uay6s5"
"1e1c4351-daea-408f-b4ad-ac4bb27d5aba","STEI_060.basePlot.ltr","D05","STEI","STEI_060","STEI_060_901","2016-11-01","2016-10-05","2016-10-17","2016-10-24T16:45Z","2016-11-01T21:00Z","NEON.LTR.STEI060901.20161017","NEON.LTR.STEI060901.20161017.SDS","NEON.DOC.001710vE","Seeds",0.005,"N",NA,"hE8YqXO7sNiNpTQ8TwLBTEwXi3KL/fpp"
"e50bede7-f78f-452d-a383-2720c90e1cee","STEI_060.basePlot.ltr","D05","STEI","STEI_060","STEI_060_901","2016-11-01","2016-10-05","2016-10-17","2016-10-24T16:45Z","2016-11-01T21:00Z","NEON.LTR.STEI060901.20161017","NEON.LTR.STEI060901.20161017.NDL","NEON.DOC.001710vE","Needles",1.05,"N",NA,"hE8YqXO7sNiNpTQ8TwLBTEwXi3KL/fpp"
"bc3b84e5-83ed-49a2-b9ad-bc872974946d","STEI_060.basePlot.ltr","D05","STEI","STEI_060","STEI_060_061","2016-10-27","2016-10-05","2016-10-17","2016-10-24T16:45Z","2016-10-27T21:00Z","NEON.LTR.STEI060061.20161017","NEON.LTR.STEI060061.20161017.OTH","NEON.DOC.001710vE","Other",0,"N",NA,"n3FTqtv1XKCIEKvil+MbndY+c5Uay6s5"
"02e58c97-bd02-408f-9da5-2c8960132e1e","STEI_060.basePlot.ltr","D05","STEI","STEI_060","STEI_060_901","2016-11-01","2016-10-05","2016-10-17","2016-10-24T16:45Z","2016-11-01T21:00Z","NEON.LTR.STEI060901.20161017","NEON.LTR.STEI060901.20161017.OTH","NEON.DOC.001710vE","Other",0.13,"N",NA,"hE8YqXO7sNiNpTQ8TwLBTEwXi3KL/fpp"
"89e10169-ef85-4792-a64c-ca9830eab212","STEI_060.basePlot.ltr","D05","STEI","STEI_060","STEI_060_061","2016-10-27","2016-10-05","2016-10-17","2016-10-24T16:45Z","2016-10-27T21:00Z","NEON.LTR.STEI060061.20161017","NEON.LTR.STEI060061.20161017.LVS","NEON.DOC.001710vE","Leaves",4.81,"N",NA,"n3FTqtv1XKCIEKvil+MbndY+c5Uay6s5"
"8bee5fcb-f20e-49a0-a808-12db0553f0de","STEI_060.basePlot.ltr","D05","STEI","STEI_060","STEI_060_901","2016-11-01","2016-10-05","2016-10-17","2016-10-24T16:45Z","2016-11-01T21:00Z","NEON.LTR.STEI060901.20161017","NEON.LTR.STEI060901.20161017.WDY","NEON.DOC.001710vE","Woody material",0.005,"N",NA,"hE8YqXO7sNiNpTQ8TwLBTEwXi3KL/fpp"
"9907f05c-a31e-455a-97ac-97771601fea1","STEI_060.basePlot.ltr","D05","STEI","STEI_060","STEI_060_901","2016-11-01","2016-10-05","2016-10-17","2016-10-24T16:45Z","2016-11-01T21:00Z","NEON.LTR.STEI060901.20161017","NEON.LTR.STEI060901.20161017.TWI","NEON.DOC.001710vE","Twigs/branches",0.24,"N",NA,"hE8YqXO7sNiNpTQ8TwLBTEwXi3KL/fpp"
"543ec323-4580-48f6-a55f-61bbb5c89856","STEI_060.basePlot.ltr","D05","STEI","STEI_060","STEI_060_061","2016-10-27","2016-10-05","2016-10-17","2016-10-24T16:45Z","2016-10-27T21:00Z","NEON.LTR.STEI060061.20161017","NEON.LTR.STEI060061.20161017.FLR","NEON.DOC.001710vE","Flowers",0,"N",NA,"n3FTqtv1XKCIEKvil+MbndY+c5Uay6s5"
"4ddb74de-6757-4707-ac67-736bd2da2df2","STEI_060.basePlot.ltr","D05","STEI","STEI_060","STEI_060_061","2016-10-27","2016-10-05","2016-10-17","2016-10-24T16:45Z","2016-10-27T21:00Z","NEON.LTR.STEI060061.20161017","NEON.LTR.STEI060061.20161017.TWI","NEON.DOC.001710vE","Twigs/branches",0.52,"N",NA,"n3FTqtv1XKCIEKvil+MbndY+c5Uay6s5"
"989c3058-43ea-482d-a481-d9a4b754b998","STEI_060.basePlot.ltr","D05","STEI","STEI_060","STEI_060_061","2016-10-27","2016-10-05","2016-10-17","2016-10-24T16:45Z","2016-10-27T21:00Z","NEON.LTR.STEI060061.20161017","NEON.LTR.STEI060061.20161017.SDS","NEON.DOC.001710vE","Seeds",0.1,"N",NA,"n3FTqtv1XKCIEKvil+MbndY+c5Uay6s5"
"62da45d8-f2a9-452f-802f-15d31364aa36","STEI_047.basePlot.ltr","D05","STEI","STEI_047","STEI_047_291","2016-10-27","2016-10-05","2016-10-17","2016-10-24T16:45Z","2016-10-27T21:00Z","NEON.LTR.STEI047291.20161017","NEON.LTR.STEI047291.20161017.WDY","NEON.DOC.001710vE","Woody material",0.53,"N",NA,"n3FTqtv1XKCIEKvil+MbndY+c5Uay6s5"
"485be43a-6aad-46e7-b205-f8381ac2dc75","STEI_047.basePlot.ltr","D05","STEI","STEI_047","STEI_047_291","2016-10-27","2016-10-05","2016-10-17","2016-10-24T16:45Z","2016-10-27T21:00Z","NEON.LTR.STEI047291.20161017","NEON.LTR.STEI047291.20161017.TWI","NEON.DOC.001710vE","Twigs/branches",0.94,"N",NA,"n3FTqtv1XKCIEKvil+MbndY+c5Uay6s5"
"4152a00c-b055-4043-b822-f0b9729aed4f","STEI_047.basePlot.ltr","D05","STEI","STEI_047","STEI_047_291","2016-10-27","2016-10-05","2016-10-17","2016-10-24T16:45Z","2016-10-27T21:00Z","NEON.LTR.STEI047291.20161017","NEON.LTR.STEI047291.20161017.NDL","NEON.DOC.001710vE","Needles",4.01,"N",NA,"n3FTqtv1XKCIEKvil+MbndY+c5Uay6s5"
"97e5ea94-511f-4f4f-aab4-ea8f8a4d509f","STEI_047.basePlot.ltr","D05","STEI","STEI_047","STEI_047_291","2016-10-27","2016-10-05","2016-10-17","2016-10-24T16:45Z","2016-10-27T21:00Z","NEON.LTR.STEI047291.20161017","NEON.LTR.STEI047291.20161017.OTH","NEON.DOC.001710vE","Other",0,"N",NA,"n3FTqtv1XKCIEKvil+MbndY+c5Uay6s5"
"496c1225-7f4c-4ea0-87ae-b91126dcaa10","STEI_047.basePlot.ltr","D05","STEI","STEI_047","STEI_047_291","2016-10-27","2016-10-05","2016-10-17","2016-10-24T16:45Z","2016-10-27T21:00Z","NEON.LTR.STEI047291.20161017","NEON.LTR.STEI047291.20161017.FLR","NEON.DOC.001710vE","Flowers",0.02,"N",NA,"n3FTqtv1XKCIEKvil+MbndY+c5Uay6s5"
"5f49c375-b250-4e5a-8ea0-9a94654d08a8","STEI_047.basePlot.ltr","D05","STEI","STEI_047","STEI_047_291","2016-10-27","2016-10-05","2016-10-17","2016-10-24T16:45Z","2016-10-27T21:00Z","NEON.LTR.STEI047291.20161017","NEON.LTR.STEI047291.20161017.SDS","NEON.DOC.001710vE","Seeds",0.05,"N",NA,"n3FTqtv1XKCIEKvil+MbndY+c5Uay6s5"
"7337937b-db7d-4ee9-bf0e-c03403ac8f3b","STEI_061.basePlot.ltr","D05","STEI","STEI_061","STEI_061_862","2016-10-27","2016-10-05","2016-10-17","2016-10-24T16:45Z","2016-10-27T21:00Z","NEON.LTR.STEI061862.20161017","NEON.LTR.STEI061862.20161017.TWI","NEON.DOC.001710vE","Twigs/branches",0.3,"N",NA,"n3FTqtv1XKCIEKvil+MbndY+c5Uay6s5"
"fc7ab34a-cfbd-4a37-945c-e9d0a2c07ded","STEI_061.basePlot.ltr","D05","STEI","STEI_061","STEI_061_862","2016-10-27","2016-10-05","2016-10-17","2016-10-24T16:45Z","2016-10-27T21:00Z","NEON.LTR.STEI061862.20161017","NEON.LTR.STEI061862.20161017.NDL","NEON.DOC.001710vE","Needles",0.38,"N",NA,"n3FTqtv1XKCIEKvil+MbndY+c5Uay6s5"
"4a98a845-a339-4439-8680-96893a13a4a1","STEI_061.basePlot.ltr","D05","STEI","STEI_061","STEI_061_862","2016-10-27","2016-10-05","2016-10-17","2016-10-24T16:45Z","2016-10-27T21:00Z","NEON.LTR.STEI061862.20161017","NEON.LTR.STEI061862.20161017.TWI","NEON.DOC.001710vE","Twigs/branches",0.3,"Y",NA,"n3FTqtv1XKCIEKvil+MbndY+c5Uay6s5"
"873e08d6-efdf-4dea-b663-a8efdb7151e2","STEI_061.basePlot.ltr","D05","STEI","STEI_061","STEI_061_862","2016-10-27","2016-10-05","2016-10-17","2016-10-24T16:45Z","2016-10-27T21:00Z","NEON.LTR.STEI061862.20161017","NEON.LTR.STEI061862.20161017.FLR","NEON.DOC.001710vE","Flowers",0.01,"N",NA,"n3FTqtv1XKCIEKvil+MbndY+c5Uay6s5"
"f3cbfa5a-1a9f-486b-8d8c-802c2269054d","STEI_061.basePlot.ltr","D05","STEI","STEI_061","STEI_061_862","2016-10-27","2016-10-05","2016-10-17","2016-10-24T16:45Z","2016-10-27T21:00Z","NEON.LTR.STEI061862.20161017","NEON.LTR.STEI061862.20161017.SDS","NEON.DOC.001710vE","Seeds",0.26,"N",NA,"n3FTqtv1XKCIEKvil+MbndY+c5Uay6s5"
"c827bb3e-2a6d-4e66-9cd3-5306aeb2a06d","STEI_061.basePlot.ltr","D05","STEI","STEI_061","STEI_061_862","2016-10-27","2016-10-05","2016-10-17","2016-10-24T16:45Z","2016-10-27T21:00Z","NEON.LTR.STEI061862.20161017","NEON.LTR.STEI061862.20161017.WDY","NEON.DOC.001710vE","Woody material",0,"N",NA,"n3FTqtv1XKCIEKvil+MbndY+c5Uay6s5"
"5b51d59c-1e6b-4ab8-9edc-06f0eef9f412","STEI_061.basePlot.ltr","D05","STEI","STEI_061","STEI_061_862","2016-10-27","2016-10-05","2016-10-17","2016-10-24T16:45Z","2016-10-27T21:00Z","NEON.LTR.STEI061862.20161017","NEON.LTR.STEI061862.20161017.OTH","NEON.DOC.001710vE","Other",0.14,"N",NA,"n3FTqtv1XKCIEKvil+MbndY+c5Uay6s5"
"4e8f2210-7c8d-4ed7-8085-a96f30e6b12d","STEI_060.basePlot.ltr","D05","STEI","STEI_060","STEI_060_901","2016-11-01","2016-10-05","2016-10-17","2016-10-24T16:45Z","2016-11-01T21:00Z","NEON.LTR.STEI060901.20161017","NEON.LTR.STEI060901.20161017.LVS","NEON.DOC.001710vE","Leaves",9.31,"N",NA,"hE8YqXO7sNiNpTQ8TwLBTEwXi3KL/fpp"
"a264221e-7b12-4347-8dc0-505f2fb87120","STEI_061.basePlot.ltr","D05","STEI","STEI_061","STEI_061_862","2016-10-27","2016-10-05","2016-10-17","2016-10-24T16:45Z","2016-10-27T21:00Z","NEON.LTR.STEI061862.20161017","NEON.LTR.STEI061862.20161017.LVS","NEON.DOC.001710vE","Leaves",22.38,"N",NA,"n3FTqtv1XKCIEKvil+MbndY+c5Uay6s5"
"478d3553-749d-471e-a4c5-74c9a22e7543","STEI_049.basePlot.ltr","D05","STEI","STEI_049","STEI_049_903","2016-10-27","2016-10-05","2016-10-17","2016-10-24T16:45Z","2016-10-27T21:00Z","NEON.LTR.STEI049903.20161017","NEON.LTR.STEI049903.20161017.LVS","NEON.DOC.001710vE","Leaves",10.67,"N",NA,"n3FTqtv1XKCIEKvil+MbndY+c5Uay6s5"
"d193c50a-0b1e-4025-b214-4c2d1ab51ceb","STEI_049.basePlot.ltr","D05","STEI","STEI_049","STEI_049_903","2016-10-27","2016-10-05","2016-10-17","2016-10-24T16:45Z","2016-10-27T21:00Z","NEON.LTR.STEI049903.20161017","NEON.LTR.STEI049903.20161017.NDL","NEON.DOC.001710vE","Needles",0.005,"N",NA,"n3FTqtv1XKCIEKvil+MbndY+c5Uay6s5"
"e2931689-c21b-4001-888c-cfc2f14d4bbb","STEI_050.basePlot.ltr","D05","STEI","STEI_050","STEI_050_291","2016-10-27","2016-10-05","2016-10-17","2016-10-24T16:45Z","2016-10-27T21:00Z","NEON.LTR.STEI050291.20161017","NEON.LTR.STEI050291.20161017.WDY","NEON.DOC.001710vE","Woody material",0,"N",NA,"n3FTqtv1XKCIEKvil+MbndY+c5Uay6s5"
"536b7f8a-e9d5-4a9c-96ef-a170e1dc4034","STEI_049.basePlot.ltr","D05","STEI","STEI_049","STEI_049_903","2016-10-27","2016-10-05","2016-10-17","2016-10-24T16:45Z","2016-10-27T21:00Z","NEON.LTR.STEI049903.20161017","NEON.LTR.STEI049903.20161017.TWI","NEON.DOC.001710vE","Twigs/branches",1.33,"N",NA,"n3FTqtv1XKCIEKvil+MbndY+c5Uay6s5"
"063d3e8a-550c-4406-b744-7e7c8a782067","STEI_049.basePlot.ltr","D05","STEI","STEI_049","STEI_049_903","2016-10-27","2016-10-05","2016-10-17","2016-10-24T16:45Z","2016-10-27T21:00Z","NEON.LTR.STEI049903.20161017","NEON.LTR.STEI049903.20161017.SDS","NEON.DOC.001710vE","Seeds",0.005,"N",NA,"n3FTqtv1XKCIEKvil+MbndY+c5Uay6s5"
"23526716-42da-458a-a4d4-1ce092487171","STEI_049.basePlot.ltr","D05","STEI","STEI_049","STEI_049_903","2016-10-27","2016-10-05","2016-10-17","2016-10-24T16:45Z","2016-10-27T21:00Z","NEON.LTR.STEI049903.20161017","NEON.LTR.STEI049903.20161017.SDS","NEON.DOC.001710vE","Seeds",0.005,"Y",NA,"n3FTqtv1XKCIEKvil+MbndY+c5Uay6s5"
"9e921ab5-3425-4ac3-8096-71ec5029d4ed","STEI_049.basePlot.ltr","D05","STEI","STEI_049","STEI_049_903","2016-10-27","2016-10-05","2016-10-17","2016-10-24T16:45Z","2016-10-27T21:00Z","NEON.LTR.STEI049903.20161017","NEON.LTR.STEI049903.20161017.WDY","NEON.DOC.001710vE","Woody material",0,"N",NA,"n3FTqtv1XKCIEKvil+MbndY+c5Uay6s5"
"5f2325f3-fc9b-4dc4-9e64-453bf95fa306","STEI_049.basePlot.ltr","D05","STEI","STEI_049","STEI_049_903","2016-10-27","2016-10-05","2016-10-17","2016-10-24T16:45Z","2016-10-27T21:00Z","NEON.LTR.STEI049903.20161017","NEON.LTR.STEI049903.20161017.FLR","NEON.DOC.001710vE","Flowers",0,"N",NA,"n3FTqtv1XKCIEKvil+MbndY+c5Uay6s5"
"3b8349ce-e25a-4d9b-b4e8-0aa8f17cfd1b","STEI_052.basePlot.ltr","D05","STEI","STEI_052","STEI_052_607","2016-11-01","2016-10-05","2016-10-17","2016-10-24T16:45Z","2016-11-01T21:00Z","NEON.LTR.STEI052607.20161017","NEON.LTR.STEI052607.20161017.FLR","NEON.DOC.001710vE","Flowers",0,"N",NA,"hE8YqXO7sNiNpTQ8TwLBTEwXi3KL/fpp"
"ae0a4f85-764b-4b93-9541-578c9f8bffd9","STEI_052.basePlot.ltr","D05","STEI","STEI_052","STEI_052_607","2016-11-01","2016-10-05","2016-10-17","2016-10-24T16:45Z","2016-11-01T21:00Z","NEON.LTR.STEI052607.20161017","NEON.LTR.STEI052607.20161017.WDY","NEON.DOC.001710vE","Woody material",0,"N",NA,"hE8YqXO7sNiNpTQ8TwLBTEwXi3KL/fpp"
"c11f4171-8d01-430c-b916-169bffbbd32b","STEI_052.basePlot.ltr","D05","STEI","STEI_052","STEI_052_607","2016-11-01","2016-10-05","2016-10-17","2016-10-24T16:45Z","2016-11-01T21:00Z","NEON.LTR.STEI052607.20161017","NEON.LTR.STEI052607.20161017.OTH","NEON.DOC.001710vE","Other",0,"N",NA,"hE8YqXO7sNiNpTQ8TwLBTEwXi3KL/fpp"
"f9fe9bfa-09cf-4441-b7b7-d04abebd9b0d","STEI_052.basePlot.ltr","D05","STEI","STEI_052","STEI_052_607","2016-11-01","2016-10-05","2016-10-17","2016-10-24T16:45Z","2016-11-01T21:00Z","NEON.LTR.STEI052607.20161017","NEON.LTR.STEI052607.20161017.SDS","NEON.DOC.001710vE","Seeds",0.005,"N",NA,"hE8YqXO7sNiNpTQ8TwLBTEwXi3KL/fpp"
"b18678d5-65f2-44bf-850d-f9874ca6381b","STEI_052.basePlot.ltr","D05","STEI","STEI_052","STEI_052_607","2016-11-01","2016-10-05","2016-10-17","2016-10-24T16:45Z","2016-11-01T21:00Z","NEON.LTR.STEI052607.20161017","NEON.LTR.STEI052607.20161017.TWI","NEON.DOC.001710vE","Twigs/branches",0,"N",NA,"hE8YqXO7sNiNpTQ8TwLBTEwXi3KL/fpp"
"9c5cd447-03d4-4c20-afd7-e1ed3b991402","STEI_052.basePlot.ltr","D05","STEI","STEI_052","STEI_052_607","2016-11-01","2016-10-05","2016-10-17","2016-10-24T16:45Z","2016-11-01T21:00Z","NEON.LTR.STEI052607.20161017","NEON.LTR.STEI052607.20161017.NDL","NEON.DOC.001710vE","Needles",0.005,"N",NA,"hE8YqXO7sNiNpTQ8TwLBTEwXi3KL/fpp"
"86fb370a-0c09-4d7d-83c9-b468468af116","STEI_052.basePlot.ltr","D05","STEI","STEI_052","STEI_052_607","2016-11-01","2016-10-05","2016-10-17","2016-10-24T16:45Z","2016-11-01T21:00Z","NEON.LTR.STEI052607.20161017","NEON.LTR.STEI052607.20161017.LVS","NEON.DOC.001710vE","Leaves",1.64,"N",NA,"hE8YqXO7sNiNpTQ8TwLBTEwXi3KL/fpp"
"cbbe1cc6-3214-4103-88a5-290c4d63ddbc","STEI_062.basePlot.ltr","D05","STEI","STEI_062","STEI_062_452","2016-10-27","2016-10-05","2016-10-17","2016-10-24T16:45Z","2016-10-27T21:00Z","NEON.LTR.STEI062452.20161017","NEON.LTR.STEI062452.20161017.OTH","NEON.DOC.001710vE","Other",0.005,"N",NA,"n3FTqtv1XKCIEKvil+MbndY+c5Uay6s5"
"9e6cf718-8ee0-43b3-926e-a63fb6c5731e","STEI_062.basePlot.ltr","D05","STEI","STEI_062","STEI_062_452","2016-10-27","2016-10-05","2016-10-17","2016-10-24T16:45Z","2016-10-27T21:00Z","NEON.LTR.STEI062452.20161017","NEON.LTR.STEI062452.20161017.LVS","NEON.DOC.001710vE","Leaves",13.18,"N",NA,"n3FTqtv1XKCIEKvil+MbndY+c5Uay6s5"
"fb20b939-364a-4d85-b9b8-7c7226f85be5","STEI_062.basePlot.ltr","D05","STEI","STEI_062","STEI_062_452","2016-10-27","2016-10-05","2016-10-17","2016-10-24T16:45Z","2016-10-27T21:00Z","NEON.LTR.STEI062452.20161017","NEON.LTR.STEI062452.20161017.FLR","NEON.DOC.001710vE","Flowers",0,"N",NA,"n3FTqtv1XKCIEKvil+MbndY+c5Uay6s5"
"f304aa2b-f488-4bee-8654-8b71b2c6827d","STEI_062.basePlot.ltr","D05","STEI","STEI_062","STEI_062_452","2016-10-27","2016-10-05","2016-10-17","2016-10-24T16:45Z","2016-10-27T21:00Z","NEON.LTR.STEI062452.20161017","NEON.LTR.STEI062452.20161017.WDY","NEON.DOC.001710vE","Woody material",0,"N",NA,"n3FTqtv1XKCIEKvil+MbndY+c5Uay6s5"
"43809959-3915-40a8-8b25-5d7a244e5d24","STEI_062.basePlot.ltr","D05","STEI","STEI_062","STEI_062_452","2016-10-27","2016-10-05","2016-10-17","2016-10-24T16:45Z","2016-10-27T21:00Z","NEON.LTR.STEI062452.20161017","NEON.LTR.STEI062452.20161017.TWI","NEON.DOC.001710vE","Twigs/branches",0.62,"N",NA,"n3FTqtv1XKCIEKvil+MbndY+c5Uay6s5"
"c8d3ac9a-9802-4fad-8d86-e91edb7e0985","STEI_062.basePlot.ltr","D05","STEI","STEI_062","STEI_062_452","2016-10-27","2016-10-05","2016-10-17","2016-10-24T16:45Z","2016-10-27T21:00Z","NEON.LTR.STEI062452.20161017","NEON.LTR.STEI062452.20161017.SDS","NEON.DOC.001710vE","Seeds",0.03,"N",NA,"n3FTqtv1XKCIEKvil+MbndY+c5Uay6s5"
"73a6cd7b-0cb2-419c-9cc7-37e90eb424a1","STEI_059.basePlot.ltr","D05","STEI","STEI_059","STEI_059_452","2016-11-01","2016-10-05","2016-10-17","2016-10-24T16:45Z","2016-11-01T21:00Z","NEON.LTR.STEI059452.20161017","NEON.LTR.STEI059452.20161017.LVS","NEON.DOC.001710vE","Leaves",36.15,"N",NA,"hE8YqXO7sNiNpTQ8TwLBTEwXi3KL/fpp"
"1cdd9ace-9070-4435-ade8-b8d7c39ad0e5","STEI_059.basePlot.ltr","D05","STEI","STEI_059","STEI_059_452","2016-11-01","2016-10-05","2016-10-17","2016-10-24T16:45Z","2016-11-01T21:00Z","NEON.LTR.STEI059452.20161017","NEON.LTR.STEI059452.20161017.OTH","NEON.DOC.001710vE","Other",0.07,"N",NA,"hE8YqXO7sNiNpTQ8TwLBTEwXi3KL/fpp"
"d385f1cf-6604-4851-8752-1c71d39adb35","STEI_062.basePlot.ltr","D05","STEI","STEI_062","STEI_062_452","2016-10-27","2016-10-05","2016-10-17","2016-10-24T16:45Z","2016-10-27T21:00Z","NEON.LTR.STEI062452.20161017","NEON.LTR.STEI062452.20161017.NDL","NEON.DOC.001710vE","Needles",0.09,"N",NA,"n3FTqtv1XKCIEKvil+MbndY+c5Uay6s5"
"79fd983f-944e-4374-96ce-271b3abf4ce7","STEI_059.basePlot.ltr","D05","STEI","STEI_059","STEI_059_452","2016-11-01","2016-10-05","2016-10-17","2016-10-24T16:45Z","2016-11-01T21:00Z","NEON.LTR.STEI059452.20161017","NEON.LTR.STEI059452.20161017.SDS","NEON.DOC.001710vE","Seeds",0,"N",NA,"hE8YqXO7sNiNpTQ8TwLBTEwXi3KL/fpp"
"87bbc477-9ce0-4fa8-9e59-1275d830d973","STEI_059.basePlot.ltr","D05","STEI","STEI_059","STEI_059_452","2016-11-01","2016-10-05","2016-10-17","2016-10-24T16:45Z","2016-11-01T21:00Z","NEON.LTR.STEI059452.20161017","NEON.LTR.STEI059452.20161017.NDL","NEON.DOC.001710vE","Needles",0.005,"N",NA,"hE8YqXO7sNiNpTQ8TwLBTEwXi3KL/fpp"
"2112fe95-8cde-4546-b7b4-abf14c9340ea","STEI_059.basePlot.ltr","D05","STEI","STEI_059","STEI_059_452","2016-11-01","2016-10-05","2016-10-17","2016-10-24T16:45Z","2016-11-01T21:00Z","NEON.LTR.STEI059452.20161017","NEON.LTR.STEI059452.20161017.WDY","NEON.DOC.001710vE","Woody material",0,"N",NA,"hE8YqXO7sNiNpTQ8TwLBTEwXi3KL/fpp"
"78fd38e5-330d-4170-9462-827a9f55ee9d","STEI_059.basePlot.ltr","D05","STEI","STEI_059","STEI_059_452","2016-11-01","2016-10-05","2016-10-17","2016-10-24T16:45Z","2016-11-01T21:00Z","NEON.LTR.STEI059452.20161017","NEON.LTR.STEI059452.20161017.FLR","NEON.DOC.001710vE","Flowers",0,"N",NA,"hE8YqXO7sNiNpTQ8TwLBTEwXi3KL/fpp"
"d3a4ef46-fe16-4468-80ca-075311432c5f","STEI_059.basePlot.ltr","D05","STEI","STEI_059","STEI_059_452","2016-11-01","2016-10-05","2016-10-17","2016-10-24T16:45Z","2016-11-01T21:00Z","NEON.LTR.STEI059452.20161017","NEON.LTR.STEI059452.20161017.TWI","NEON.DOC.001710vE","Twigs/branches",0.29,"N",NA,"hE8YqXO7sNiNpTQ8TwLBTEwXi3KL/fpp"
"5fb9d3c4-0bdc-4961-8a4c-b5c5459876fb","STEI_052.basePlot.ltr","D05","STEI","STEI_052","STEI_052_903","2016-11-01","2016-10-05","2016-10-17","2016-10-24T16:45Z","2016-11-01T21:00Z","NEON.LTR.STEI052903.20161017","NEON.LTR.STEI052903.20161017.OTH","NEON.DOC.001710vE","Other",0.03,"N",NA,"hE8YqXO7sNiNpTQ8TwLBTEwXi3KL/fpp"
"066ad22c-03e7-47d3-9647-70b1406b8240","STEI_052.basePlot.ltr","D05","STEI","STEI_052","STEI_052_903","2016-11-01","2016-10-05","2016-10-17","2016-10-24T16:45Z","2016-11-01T21:00Z","NEON.LTR.STEI052903.20161017","NEON.LTR.STEI052903.20161017.NDL","NEON.DOC.001710vE","Needles",0,"N",NA,"hE8YqXO7sNiNpTQ8TwLBTEwXi3KL/fpp"
"b455bb36-49de-4ed5-a68c-e944e8bb92ae","STEI_059.basePlot.ltr","D05","STEI","STEI_059","STEI_059_452","2016-11-01","2016-10-05","2016-10-17","2016-10-24T16:45Z","2016-11-01T21:00Z","NEON.LTR.STEI059452.20161017","NEON.LTR.STEI059452.20161017.OTH","NEON.DOC.001710vE","Other",0.07,"N",NA,"hE8YqXO7sNiNpTQ8TwLBTEwXi3KL/fpp"
"ab2cbfb5-1f88-4f0f-a671-7494e5ce7043","STEI_052.basePlot.ltr","D05","STEI","STEI_052","STEI_052_903","2016-11-01","2016-10-05","2016-10-17","2016-10-24T16:45Z","2016-11-01T21:00Z","NEON.LTR.STEI052903.20161017","NEON.LTR.STEI052903.20161017.SDS","NEON.DOC.001710vE","Seeds",0.005,"N",NA,"hE8YqXO7sNiNpTQ8TwLBTEwXi3KL/fpp"
"1d9fe492-edfa-4c07-8678-867832bbd7e7","STEI_052.basePlot.ltr","D05","STEI","STEI_052","STEI_052_903","2016-11-01","2016-10-05","2016-10-17","2016-10-24T16:45Z","2016-11-01T21:00Z","NEON.LTR.STEI052903.20161017","NEON.LTR.STEI052903.20161017.FLR","NEON.DOC.001710vE","Flowers",0,"N",NA,"hE8YqXO7sNiNpTQ8TwLBTEwXi3KL/fpp"
"b58ebe88-61c9-4fef-a66c-86a64ebb74f0","STEI_052.basePlot.ltr","D05","STEI","STEI_052","STEI_052_903","2016-11-01","2016-10-05","2016-10-17","2016-10-24T16:45Z","2016-11-01T21:00Z","NEON.LTR.STEI052903.20161017","NEON.LTR.STEI052903.20161017.LVS","NEON.DOC.001710vE","Leaves",1.63,"N",NA,"hE8YqXO7sNiNpTQ8TwLBTEwXi3KL/fpp"
"67d2644b-55d4-44de-bf36-e8bf6c4d0739","STEI_052.basePlot.ltr","D05","STEI","STEI_052","STEI_052_903","2016-11-01","2016-10-05","2016-10-17","2016-10-24T16:45Z","2016-11-01T21:00Z","NEON.LTR.STEI052903.20161017","NEON.LTR.STEI052903.20161017.WDY","NEON.DOC.001710vE","Woody material",0,"N",NA,"hE8YqXO7sNiNpTQ8TwLBTEwXi3KL/fpp"
"5d49194d-3048-4d43-bbf1-e564f6f5695b","STEI_046.basePlot.ltr","D05","STEI","STEI_046","STEI_046_793","2016-11-01","2016-10-05","2016-10-17","2016-10-24T16:45Z","2016-11-01T21:00Z","NEON.LTR.STEI046793.20161017","NEON.LTR.STEI046793.20161017.NDL","NEON.DOC.001710vE","Needles",0.005,"N",NA,"hE8YqXO7sNiNpTQ8TwLBTEwXi3KL/fpp"
"81e33d2b-22fc-4908-bb43-979a9676bdfc","STEI_052.basePlot.ltr","D05","STEI","STEI_052","STEI_052_903","2016-11-01","2016-10-05","2016-10-17","2016-10-24T16:45Z","2016-11-01T21:00Z","NEON.LTR.STEI052903.20161017","NEON.LTR.STEI052903.20161017.TWI","NEON.DOC.001710vE","Twigs/branches",0.23,"N",NA,"hE8YqXO7sNiNpTQ8TwLBTEwXi3KL/fpp"
"516c18b6-02a0-4061-805a-5c37916c7721","STEI_046.basePlot.ltr","D05","STEI","STEI_046","STEI_046_793","2016-11-01","2016-10-05","2016-10-17","2016-10-24T16:45Z","2016-11-01T21:00Z","NEON.LTR.STEI046793.20161017","NEON.LTR.STEI046793.20161017.OTH","NEON.DOC.001710vE","Other",0.13,"N",NA,"hE8YqXO7sNiNpTQ8TwLBTEwXi3KL/fpp"
"a81f3ba0-dfa1-46d0-afb3-91efcb79a505","STEI_046.basePlot.ltr","D05","STEI","STEI_046","STEI_046_793","2016-11-01","2016-10-05","2016-10-17","2016-10-24T16:45Z","2016-11-01T21:00Z","NEON.LTR.STEI046793.20161017","NEON.LTR.STEI046793.20161017.LVS","NEON.DOC.001710vE","Leaves",33.75,"N",NA,"hE8YqXO7sNiNpTQ8TwLBTEwXi3KL/fpp"
"eef88872-addc-4136-9e59-1a50b5bce7b8","STEI_046.basePlot.ltr","D05","STEI","STEI_046","STEI_046_793","2016-11-01","2016-10-05","2016-10-17","2016-10-24T16:45Z","2016-11-01T21:00Z","NEON.LTR.STEI046793.20161017","NEON.LTR.STEI046793.20161017.WDY","NEON.DOC.001710vE","Woody material",0.39,"N",NA,"hE8YqXO7sNiNpTQ8TwLBTEwXi3KL/fpp"
"6798e01d-916c-40c5-867a-92eb2888743d","STEI_046.basePlot.ltr","D05","STEI","STEI_046","STEI_046_793","2016-11-01","2016-10-05","2016-10-17","2016-10-24T16:45Z","2016-11-01T21:00Z","NEON.LTR.STEI046793.20161017","NEON.LTR.STEI046793.20161017.SDS","NEON.DOC.001710vE","Seeds",0.01,"N",NA,"hE8YqXO7sNiNpTQ8TwLBTEwXi3KL/fpp"
"dda4210e-c24d-43a4-b399-a32d2f321c5a","STEI_046.basePlot.ltr","D05","STEI","STEI_046","STEI_046_793","2016-11-01","2016-10-05","2016-10-17","2016-10-24T16:45Z","2016-11-01T21:00Z","NEON.LTR.STEI046793.20161017","NEON.LTR.STEI046793.20161017.TWI","NEON.DOC.001710vE","Twigs/branches",0.12,"N",NA,"hE8YqXO7sNiNpTQ8TwLBTEwXi3KL/fpp"
"0e0d31b3-0738-4d95-af38-694ffa9dd894","STEI_046.basePlot.ltr","D05","STEI","STEI_046","STEI_046_793","2016-11-01","2016-10-05","2016-10-17","2016-10-24T16:45Z","2016-11-01T21:00Z","NEON.LTR.STEI046793.20161017","NEON.LTR.STEI046793.20161017.TWI","NEON.DOC.001710vE","Twigs/branches",0.13,"Y",NA,"hE8YqXO7sNiNpTQ8TwLBTEwXi3KL/fpp"
"5da70487-7e81-4927-aee8-8025efeae5bc","STEI_046.basePlot.ltr","D05","STEI","STEI_046","STEI_046_793","2016-11-01","2016-10-05","2016-10-17","2016-10-24T16:45Z","2016-11-01T21:00Z","NEON.LTR.STEI046793.20161017","NEON.LTR.STEI046793.20161017.FLR","NEON.DOC.001710vE","Flowers",0.03,"N",NA,"hE8YqXO7sNiNpTQ8TwLBTEwXi3KL/fpp"
"e2c33c6f-d57d-4f01-a310-492bfb59cfc1","STEI_048.basePlot.ltr","D05","STEI","STEI_048","STEI_048_885","2016-10-27","2016-10-05","2016-10-17","2016-10-24T16:45Z","2016-10-27T21:00Z","NEON.LTR.STEI048885.20161017","NEON.LTR.STEI048885.20161017.FLR","NEON.DOC.001710vE","Flowers",0.005,"N",NA,"n3FTqtv1XKCIEKvil+MbndY+c5Uay6s5"
"e1bc68f7-91ef-41d6-8fbb-a9227c23ff63","STEI_048.basePlot.ltr","D05","STEI","STEI_048","STEI_048_885","2016-10-27","2016-10-05","2016-10-17","2016-10-24T16:45Z","2016-10-27T21:00Z","NEON.LTR.STEI048885.20161017","NEON.LTR.STEI048885.20161017.WDY","NEON.DOC.001710vE","Woody material",0,"N",NA,"n3FTqtv1XKCIEKvil+MbndY+c5Uay6s5"
"f4dca52d-bef5-4210-9cd7-cc577e41809c","STEI_048.basePlot.ltr","D05","STEI","STEI_048","STEI_048_885","2016-10-27","2016-10-05","2016-10-17","2016-10-24T16:45Z","2016-10-27T21:00Z","NEON.LTR.STEI048885.20161017","NEON.LTR.STEI048885.20161017.TWI","NEON.DOC.001710vE","Twigs/branches",2.72,"N",NA,"n3FTqtv1XKCIEKvil+MbndY+c5Uay6s5"
"af68ef19-ef10-4380-8757-395dbed48242","STEI_048.basePlot.ltr","D05","STEI","STEI_048","STEI_048_885","2016-10-27","2016-10-05","2016-10-17","2016-10-24T16:45Z","2016-10-27T21:00Z","NEON.LTR.STEI048885.20161017","NEON.LTR.STEI048885.20161017.SDS","NEON.DOC.001710vE","Seeds",0,"N",NA,"n3FTqtv1XKCIEKvil+MbndY+c5Uay6s5"
"e60abf8a-ea93-426d-950c-f934ae1bac47","STEI_048.basePlot.ltr","D05","STEI","STEI_048","STEI_048_885","2016-10-27","2016-10-05","2016-10-17","2016-10-24T16:45Z","2016-10-27T21:00Z","NEON.LTR.STEI048885.20161017","NEON.LTR.STEI048885.20161017.NDL","NEON.DOC.001710vE","Needles",3.65,"Y",NA,"n3FTqtv1XKCIEKvil+MbndY+c5Uay6s5"
"dc0e0f7b-5e00-4408-b8df-c3966f9db97d","STEI_048.basePlot.ltr","D05","STEI","STEI_048","STEI_048_885","2016-10-27","2016-10-05","2016-10-17","2016-10-24T16:45Z","2016-10-27T21:00Z","NEON.LTR.STEI048885.20161017","NEON.LTR.STEI048885.20161017.NDL","NEON.DOC.001710vE","Needles",3.65,"N",NA,"n3FTqtv1XKCIEKvil+MbndY+c5Uay6s5"
"a46673ff-cef1-4d50-86b1-59194307559c","STEI_048.basePlot.ltr","D05","STEI","STEI_048","STEI_048_885","2016-10-27","2016-10-05","2016-10-17","2016-10-24T16:45Z","2016-10-27T21:00Z","NEON.LTR.STEI048885.20161017","NEON.LTR.STEI048885.20161017.LVS","NEON.DOC.001710vE","Leaves",25.32,"N",NA,"n3FTqtv1XKCIEKvil+MbndY+c5Uay6s5"
"af3e2b07-28f7-4f44-9c89-927346779f7b","STEI_048.basePlot.ltr","D05","STEI","STEI_048","STEI_048_885","2016-10-27","2016-10-05","2016-10-17","2016-10-24T16:45Z","2016-10-27T21:00Z","NEON.LTR.STEI048885.20161017","NEON.LTR.STEI048885.20161017.OTH","NEON.DOC.001710vE","Other",0,"N",NA,"n3FTqtv1XKCIEKvil+MbndY+c5Uay6s5"
"99fa20cf-d146-400f-b73b-1dea0400106a","STEI_047.basePlot.ltr","D05","STEI","STEI_047","STEI_047_185","2016-10-27","2016-10-05","2016-10-17","2016-10-24T16:45Z","2016-10-27T21:00Z","NEON.LTR.STEI047185.20161017","NEON.LTR.STEI047185.20161017.LVS","NEON.DOC.001710vE","Leaves",19.7,"N",NA,"n3FTqtv1XKCIEKvil+MbndY+c5Uay6s5"
"5dc948a4-8444-4597-a515-da474e513d93","STEI_047.basePlot.ltr","D05","STEI","STEI_047","STEI_047_185","2016-10-27","2016-10-05","2016-10-17","2016-10-24T16:45Z","2016-10-27T21:00Z","NEON.LTR.STEI047185.20161017","NEON.LTR.STEI047185.20161017.SDS","NEON.DOC.001710vE","Seeds",0,"N",NA,"n3FTqtv1XKCIEKvil+MbndY+c5Uay6s5"
"5ed0b6f9-285f-4f76-85c9-6ede527a5d19","STEI_047.basePlot.ltr","D05","STEI","STEI_047","STEI_047_185","2016-10-27","2016-10-05","2016-10-17","2016-10-24T16:45Z","2016-10-27T21:00Z","NEON.LTR.STEI047185.20161017","NEON.LTR.STEI047185.20161017.LVS","NEON.DOC.001710vE","Leaves",19.69,"Y",NA,"n3FTqtv1XKCIEKvil+MbndY+c5Uay6s5"
"a3d2e128-6c55-465a-a0a0-1bcccd958188","STEI_047.basePlot.ltr","D05","STEI","STEI_047","STEI_047_185","2016-10-27","2016-10-05","2016-10-17","2016-10-24T16:45Z","2016-10-27T21:00Z","NEON.LTR.STEI047185.20161017","NEON.LTR.STEI047185.20161017.TWI","NEON.DOC.001710vE","Twigs/branches",1.51,"N",NA,"n3FTqtv1XKCIEKvil+MbndY+c5Uay6s5"
"4d8652ed-acbc-44fa-a6d4-019c4704b5b0","STEI_047.basePlot.ltr","D05","STEI","STEI_047","STEI_047_185","2016-10-27","2016-10-05","2016-10-17","2016-10-24T16:45Z","2016-10-27T21:00Z","NEON.LTR.STEI047185.20161017","NEON.LTR.STEI047185.20161017.OTH","NEON.DOC.001710vE","Other",0.2,"Y",NA,"n3FTqtv1XKCIEKvil+MbndY+c5Uay6s5"
"18ce377c-071e-4140-b36d-9ef3e9a20cf1","STEI_047.basePlot.ltr","D05","STEI","STEI_047","STEI_047_185","2016-10-27","2016-10-05","2016-10-17","2016-10-24T16:45Z","2016-10-27T21:00Z","NEON.LTR.STEI047185.20161017","NEON.LTR.STEI047185.20161017.NDL","NEON.DOC.001710vE","Needles",1.44,"Y",NA,"n3FTqtv1XKCIEKvil+MbndY+c5Uay6s5"
"15fb8320-f4fe-4498-8b5f-e762a96ac749","STEI_047.basePlot.ltr","D05","STEI","STEI_047","STEI_047_185","2016-10-27","2016-10-05","2016-10-17","2016-10-24T16:45Z","2016-10-27T21:00Z","NEON.LTR.STEI047185.20161017","NEON.LTR.STEI047185.20161017.FLR","NEON.DOC.001710vE","Flowers",0,"N",NA,"n3FTqtv1XKCIEKvil+MbndY+c5Uay6s5"
"b5d6e198-2c0f-4e01-8550-bea32bbfaa9c","STEI_047.basePlot.ltr","D05","STEI","STEI_047","STEI_047_185","2016-10-27","2016-10-05","2016-10-17","2016-10-24T16:45Z","2016-10-27T21:00Z","NEON.LTR.STEI047185.20161017","NEON.LTR.STEI047185.20161017.WDY","NEON.DOC.001710vE","Woody material",0,"N",NA,"n3FTqtv1XKCIEKvil+MbndY+c5Uay6s5"
"e0472137-cbc8-4ba1-a65b-0dd59f6f54c2","STEI_049.basePlot.ltr","D05","STEI","STEI_049","STEI_049_607","2016-11-01","2016-10-05","2016-10-17","2016-10-24T16:45Z","2016-11-01T21:00Z","NEON.LTR.STEI049607.20161017","NEON.LTR.STEI049607.20161017.FLR","NEON.DOC.001710vE","Flowers",0,"N",NA,"hE8YqXO7sNiNpTQ8TwLBTEwXi3KL/fpp"
"b8cc4ca1-42dc-4f5e-b582-0197ddcfd18d","STEI_049.basePlot.ltr","D05","STEI","STEI_049","STEI_049_607","2016-11-01","2016-10-05","2016-10-17","2016-10-24T16:45Z","2016-11-01T21:00Z","NEON.LTR.STEI049607.20161017","NEON.LTR.STEI049607.20161017.WDY","NEON.DOC.001710vE","Woody material",0,"N",NA,"hE8YqXO7sNiNpTQ8TwLBTEwXi3KL/fpp"
"cf6a1b13-b7ef-46a3-9857-d0647ac613e2","STEI_049.basePlot.ltr","D05","STEI","STEI_049","STEI_049_607","2016-11-01","2016-10-05","2016-10-17","2016-10-24T16:45Z","2016-11-01T21:00Z","NEON.LTR.STEI049607.20161017","NEON.LTR.STEI049607.20161017.NDL","NEON.DOC.001710vE","Needles",0.6,"Y",NA,"hE8YqXO7sNiNpTQ8TwLBTEwXi3KL/fpp"
"c86bd359-b24c-489d-82ff-adebebf1edce","STEI_062.basePlot.ltr","D05","STEI","STEI_062","STEI_062_139","2016-10-27","2016-10-05","2016-10-17","2016-10-24T16:45Z","2016-10-27T21:00Z","NEON.LTR.STEI062139.20161017","NEON.LTR.STEI062139.20161017.LVS","NEON.DOC.001710vE","Leaves",10.91,"N",NA,"n3FTqtv1XKCIEKvil+MbndY+c5Uay6s5"
"efff8f25-7459-416b-9fa4-997a93587496","STEI_050.basePlot.ltr","D05","STEI","STEI_050","STEI_050_185","2016-10-27","2016-10-05","2016-10-17","2016-10-24T16:45Z","2016-10-27T21:00Z","NEON.LTR.STEI050185.20161017","NEON.LTR.STEI050185.20161017.WDY","NEON.DOC.001710vE","Woody material",0,"N",NA,"n3FTqtv1XKCIEKvil+MbndY+c5Uay6s5"
"fb489720-9835-44a6-9d62-a67981f84bc1","STEI_062.basePlot.ltr","D05","STEI","STEI_062","STEI_062_139","2016-10-27","2016-10-05","2016-10-17","2016-10-24T16:45Z","2016-10-27T21:00Z","NEON.LTR.STEI062139.20161017","NEON.LTR.STEI062139.20161017.OTH","NEON.DOC.001710vE","Other",0,"N",NA,"n3FTqtv1XKCIEKvil+MbndY+c5Uay6s5"
"ba5a9679-08de-4047-9e02-d1b0eb1016cf","STEI_050.basePlot.ltr","D05","STEI","STEI_050","STEI_050_185","2016-10-27","2016-10-05","2016-10-17","2016-10-24T16:45Z","2016-10-27T21:00Z","NEON.LTR.STEI050185.20161017","NEON.LTR.STEI050185.20161017.OTH","NEON.DOC.001710vE","Other",0.01,"N",NA,"n3FTqtv1XKCIEKvil+MbndY+c5Uay6s5"
"6ad24b89-63a4-41b6-a394-ded0817df631","STEI_050.basePlot.ltr","D05","STEI","STEI_050","STEI_050_185","2016-10-27","2016-10-05","2016-10-17","2016-10-24T16:45Z","2016-10-27T21:00Z","NEON.LTR.STEI050185.20161017","NEON.LTR.STEI050185.20161017.NDL","NEON.DOC.001710vE","Needles",0.06,"N",NA,"n3FTqtv1XKCIEKvil+MbndY+c5Uay6s5"
"377d416a-a1c5-4f72-aacd-bff247f38425","STEI_050.basePlot.ltr","D05","STEI","STEI_050","STEI_050_185","2016-10-27","2016-10-05","2016-10-17","2016-10-24T16:45Z","2016-10-27T21:00Z","NEON.LTR.STEI050185.20161017","NEON.LTR.STEI050185.20161017.TWI","NEON.DOC.001710vE","Twigs/branches",1.94,"N",NA,"n3FTqtv1XKCIEKvil+MbndY+c5Uay6s5"
"031f66e5-3de9-4c3d-8a69-5dcc185d456d","STEI_050.basePlot.ltr","D05","STEI","STEI_050","STEI_050_185","2016-10-27","2016-10-05","2016-10-17","2016-10-24T16:45Z","2016-10-27T21:00Z","NEON.LTR.STEI050185.20161017","NEON.LTR.STEI050185.20161017.SDS","NEON.DOC.001710vE","Seeds",0.005,"N",NA,"n3FTqtv1XKCIEKvil+MbndY+c5Uay6s5"
"9f147b01-a356-4295-a4ae-b539b2d4018f","STEI_050.basePlot.ltr","D05","STEI","STEI_050","STEI_050_185","2016-10-27","2016-10-05","2016-10-17","2016-10-24T16:45Z","2016-10-27T21:00Z","NEON.LTR.STEI050185.20161017","NEON.LTR.STEI050185.20161017.LVS","NEON.DOC.001710vE","Leaves",18.27,"N",NA,"n3FTqtv1XKCIEKvil+MbndY+c5Uay6s5"
"c57e6d82-200c-4fa8-8a2f-2a9ce87c8636","STEI_050.basePlot.ltr","D05","STEI","STEI_050","STEI_050_185","2016-10-27","2016-10-05","2016-10-17","2016-10-24T16:45Z","2016-10-27T21:00Z","NEON.LTR.STEI050185.20161017","NEON.LTR.STEI050185.20161017.LVS","NEON.DOC.001710vE","Leaves",18.23,"Y",NA,"n3FTqtv1XKCIEKvil+MbndY+c5Uay6s5"
"6b143b70-faaf-48dd-b3ac-16a130e6aad4","STEI_053.basePlot.ltr","D05","STEI","STEI_053","STEI_053_296","2016-10-27","2016-10-05","2016-10-17","2016-10-24T16:45Z","2016-10-27T21:00Z","NEON.LTR.STEI053296.20161017","NEON.LTR.STEI053296.20161017.NDL","NEON.DOC.001710vE","Needles",0.005,"N",NA,"n3FTqtv1XKCIEKvil+MbndY+c5Uay6s5"
"7ba4fcd7-00d5-49c3-b4d0-4cd0f2ecab84","STEI_050.basePlot.ltr","D05","STEI","STEI_050","STEI_050_185","2016-10-27","2016-10-05","2016-10-17","2016-10-24T16:45Z","2016-10-27T21:00Z","NEON.LTR.STEI050185.20161017","NEON.LTR.STEI050185.20161017.FLR","NEON.DOC.001710vE","Flowers",0,"N",NA,"n3FTqtv1XKCIEKvil+MbndY+c5Uay6s5"
"627715ff-1326-47a8-80a7-4c9672a5f77a","STEI_053.basePlot.ltr","D05","STEI","STEI_053","STEI_053_296","2016-10-27","2016-10-05","2016-10-17","2016-10-24T16:45Z","2016-10-27T21:00Z","NEON.LTR.STEI053296.20161017","NEON.LTR.STEI053296.20161017.OTH","NEON.DOC.001710vE","Other",0,"N",NA,"n3FTqtv1XKCIEKvil+MbndY+c5Uay6s5"
"9a6954eb-95f0-46a7-9365-285fc9e64fae","STEI_053.basePlot.ltr","D05","STEI","STEI_053","STEI_053_296","2016-10-27","2016-10-05","2016-10-17","2016-10-24T16:45Z","2016-10-27T21:00Z","NEON.LTR.STEI053296.20161017","NEON.LTR.STEI053296.20161017.LVS","NEON.DOC.001710vE","Leaves",26.4,"N",NA,"n3FTqtv1XKCIEKvil+MbndY+c5Uay6s5"
"6a171dc4-346c-4683-9eb2-dcaf0f5abbc3","STEI_053.basePlot.ltr","D05","STEI","STEI_053","STEI_053_296","2016-10-27","2016-10-05","2016-10-17","2016-10-24T16:45Z","2016-10-27T21:00Z","NEON.LTR.STEI053296.20161017","NEON.LTR.STEI053296.20161017.TWI","NEON.DOC.001710vE","Twigs/branches",2.9,"N",NA,"n3FTqtv1XKCIEKvil+MbndY+c5Uay6s5"
"6e0b887e-9e0a-4264-9224-11cae80c96a4","STEI_053.basePlot.ltr","D05","STEI","STEI_053","STEI_053_296","2016-10-27","2016-10-05","2016-10-17","2016-10-24T16:45Z","2016-10-27T21:00Z","NEON.LTR.STEI053296.20161017","NEON.LTR.STEI053296.20161017.FLR","NEON.DOC.001710vE","Flowers",0,"N",NA,"n3FTqtv1XKCIEKvil+MbndY+c5Uay6s5"
"a2e115bc-1483-4b72-8e4f-197f353aee7d","STEI_053.basePlot.ltr","D05","STEI","STEI_053","STEI_053_296","2016-10-27","2016-10-05","2016-10-17","2016-10-24T16:45Z","2016-10-27T21:00Z","NEON.LTR.STEI053296.20161017","NEON.LTR.STEI053296.20161017.SDS","NEON.DOC.001710vE","Seeds",0.34,"N",NA,"n3FTqtv1XKCIEKvil+MbndY+c5Uay6s5"
"68111abc-fd70-4da5-b6be-a8ae4b3522af","STEI_054.basePlot.ltr","D05","STEI","STEI_054","STEI_054_372","2016-10-27","2016-10-05","2016-10-17","2016-10-24T16:45Z","2016-10-27T21:00Z","NEON.LTR.STEI054372.20161017","NEON.LTR.STEI054372.20161017.OTH","NEON.DOC.001710vE","Other",0.08,"N",NA,"n3FTqtv1XKCIEKvil+MbndY+c5Uay6s5"
"88b791dc-6bb0-4f1d-81b3-6ebe1b2578dd","STEI_058.basePlot.ltr","D05","STEI","STEI_058","STEI_058_862","2016-11-01","2016-10-05","2016-10-17","2016-10-24T16:45Z","2016-11-01T21:00Z","NEON.LTR.STEI058862.20161017","NEON.LTR.STEI058862.20161017.FLR","NEON.DOC.001710vE","Flowers",0,"N",NA,"hE8YqXO7sNiNpTQ8TwLBTEwXi3KL/fpp"
"2899d52d-a1b1-4c41-92e5-449e142bb601","STEI_058.basePlot.ltr","D05","STEI","STEI_058","STEI_058_702","2016-11-01","2016-10-05","2016-10-17","2016-10-24T16:45Z","2016-11-01T21:00Z","NEON.LTR.STEI058702.20161017","NEON.LTR.STEI058702.20161017.OTH","NEON.DOC.001710vE","Other",0.08,"N",NA,"hE8YqXO7sNiNpTQ8TwLBTEwXi3KL/fpp"
"59ff870a-3f62-49f2-87d2-03e8165ce537","STEI_058.basePlot.ltr","D05","STEI","STEI_058","STEI_058_862","2016-11-01","2016-10-05","2016-10-17","2016-10-24T16:45Z","2016-11-01T21:00Z","NEON.LTR.STEI058862.20161017","NEON.LTR.STEI058862.20161017.WDY","NEON.DOC.001710vE","Woody material",0,"N",NA,"hE8YqXO7sNiNpTQ8TwLBTEwXi3KL/fpp"
"f43bc374-42fe-4af7-88c2-aec12489964f","STEI_058.basePlot.ltr","D05","STEI","STEI_058","STEI_058_702","2016-11-01","2016-10-05","2016-10-17","2016-10-24T16:45Z","2016-11-01T21:00Z","NEON.LTR.STEI058702.20161017","NEON.LTR.STEI058702.20161017.LVS","NEON.DOC.001710vE","Leaves",30.88,"Y",NA,"hE8YqXO7sNiNpTQ8TwLBTEwXi3KL/fpp"
"825cac98-460e-4440-a374-c8411b42b46d","STEI_058.basePlot.ltr","D05","STEI","STEI_058","STEI_058_862","2016-11-01","2016-10-05","2016-10-17","2016-10-24T16:45Z","2016-11-01T21:00Z","NEON.LTR.STEI058862.20161017","NEON.LTR.STEI058862.20161017.TWI","NEON.DOC.001710vE","Twigs/branches",0.08,"N",NA,"hE8YqXO7sNiNpTQ8TwLBTEwXi3KL/fpp"
"19ba44a6-848c-41d2-a329-753d3490ce39","STEI_058.basePlot.ltr","D05","STEI","STEI_058","STEI_058_862","2016-11-01","2016-10-05","2016-10-17","2016-10-24T16:45Z","2016-11-01T21:00Z","NEON.LTR.STEI058862.20161017","NEON.LTR.STEI058862.20161017.LVS","NEON.DOC.001710vE","Leaves",24.46,"Y",NA,"hE8YqXO7sNiNpTQ8TwLBTEwXi3KL/fpp"
"36d10da7-8f67-42ca-953e-a4de878e6de9","STEI_058.basePlot.ltr","D05","STEI","STEI_058","STEI_058_702","2016-11-01","2016-10-05","2016-10-17","2016-10-24T16:45Z","2016-11-01T21:00Z","NEON.LTR.STEI058702.20161017","NEON.LTR.STEI058702.20161017.NDL","NEON.DOC.001710vE","Needles",1.67,"N",NA,"hE8YqXO7sNiNpTQ8TwLBTEwXi3KL/fpp"
"a4e4b356-d48b-46e2-b26c-3a54dbd25885","STEI_058.basePlot.ltr","D05","STEI","STEI_058","STEI_058_862","2016-11-01","2016-10-05","2016-10-17","2016-10-24T16:45Z","2016-11-01T21:00Z","NEON.LTR.STEI058862.20161017","NEON.LTR.STEI058862.20161017.OTH","NEON.DOC.001710vE","Other",0.04,"N",NA,"hE8YqXO7sNiNpTQ8TwLBTEwXi3KL/fpp"
"a74c9802-9422-4adc-aca2-c1c4c4124b5e","STEI_058.basePlot.ltr","D05","STEI","STEI_058","STEI_058_702","2016-11-01","2016-10-05","2016-10-17","2016-10-24T16:45Z","2016-11-01T21:00Z","NEON.LTR.STEI058702.20161017","NEON.LTR.STEI058702.20161017.LVS","NEON.DOC.001710vE","Leaves",30.8,"N",NA,"hE8YqXO7sNiNpTQ8TwLBTEwXi3KL/fpp"
"db11cb45-3d5c-4c75-97d5-ba05b6676068","STEI_058.basePlot.ltr","D05","STEI","STEI_058","STEI_058_702","2016-11-01","2016-10-05","2016-10-17","2016-10-24T16:45Z","2016-11-01T21:00Z","NEON.LTR.STEI058702.20161017","NEON.LTR.STEI058702.20161017.FLR","NEON.DOC.001710vE","Flowers",0,"N",NA,"hE8YqXO7sNiNpTQ8TwLBTEwXi3KL/fpp"
"6cac020a-41a3-4e47-9440-3c80e9e40c65","STEI_058.basePlot.ltr","D05","STEI","STEI_058","STEI_058_702","2016-11-01","2016-10-05","2016-10-17","2016-10-24T16:45Z","2016-11-01T21:00Z","NEON.LTR.STEI058702.20161017","NEON.LTR.STEI058702.20161017.WDY","NEON.DOC.001710vE","Woody material",0,"N",NA,"hE8YqXO7sNiNpTQ8TwLBTEwXi3KL/fpp"
"83961ffc-2006-4762-ade6-789b9e5dda44","STEI_058.basePlot.ltr","D05","STEI","STEI_058","STEI_058_862","2016-11-01","2016-10-05","2016-10-17","2016-10-24T16:45Z","2016-11-01T21:00Z","NEON.LTR.STEI058862.20161017","NEON.LTR.STEI058862.20161017.NDL","NEON.DOC.001710vE","Needles",0.23,"N",NA,"hE8YqXO7sNiNpTQ8TwLBTEwXi3KL/fpp"
"8c04c4d7-7d1c-4ee6-a7f6-43d652b539ce","STEI_058.basePlot.ltr","D05","STEI","STEI_058","STEI_058_702","2016-11-01","2016-10-05","2016-10-17","2016-10-24T16:45Z","2016-11-01T21:00Z","NEON.LTR.STEI058702.20161017","NEON.LTR.STEI058702.20161017.SDS","NEON.DOC.001710vE","Seeds",0.13,"N",NA,"hE8YqXO7sNiNpTQ8TwLBTEwXi3KL/fpp"
"5dd73bb3-11b0-4bc4-8ca9-a3f85d65468f","STEI_058.basePlot.ltr","D05","STEI","STEI_058","STEI_058_862","2016-11-01","2016-10-05","2016-10-17","2016-10-24T16:45Z","2016-11-01T21:00Z","NEON.LTR.STEI058862.20161017","NEON.LTR.STEI058862.20161017.LVS","NEON.DOC.001710vE","Leaves",24.38,"N",NA,"hE8YqXO7sNiNpTQ8TwLBTEwXi3KL/fpp"
"e76ffd28-e6a5-478d-b416-3cc4c073eac9","STEI_058.basePlot.ltr","D05","STEI","STEI_058","STEI_058_702","2016-11-01","2016-10-05","2016-10-17","2016-10-24T16:45Z","2016-11-01T21:00Z","NEON.LTR.STEI058702.20161017","NEON.LTR.STEI058702.20161017.TWI","NEON.DOC.001710vE","Twigs/branches",4,"N",NA,"hE8YqXO7sNiNpTQ8TwLBTEwXi3KL/fpp"
"b399ffd8-b5bd-4e0d-8f2b-cc4d58b85360","STEI_058.basePlot.ltr","D05","STEI","STEI_058","STEI_058_862","2016-11-01","2016-10-05","2016-10-17","2016-10-24T16:45Z","2016-11-01T21:00Z","NEON.LTR.STEI058862.20161017","NEON.LTR.STEI058862.20161017.SDS","NEON.DOC.001710vE","Seeds",0.33,"N",NA,"hE8YqXO7sNiNpTQ8TwLBTEwXi3KL/fpp"
"47b7dbf0-13d7-458d-9891-e7a585fae72e","STEI_055.basePlot.ltr","D05","STEI","STEI_055","STEI_055_642","2016-11-01","2016-10-05","2016-10-17","2016-10-24T16:45Z","2016-11-01T21:00Z","NEON.LTR.STEI055642.20161017","NEON.LTR.STEI055642.20161017.LVS","NEON.DOC.001710vE","Leaves",29.19,"N",NA,"hE8YqXO7sNiNpTQ8TwLBTEwXi3KL/fpp"
"0feb3f1b-6be5-4c22-9658-624b2c8ad341","STEI_055.basePlot.ltr","D05","STEI","STEI_055","STEI_055_642","2016-11-01","2016-10-05","2016-10-17","2016-10-24T16:45Z","2016-11-01T21:00Z","NEON.LTR.STEI055642.20161017","NEON.LTR.STEI055642.20161017.TWI","NEON.DOC.001710vE","Twigs/branches",5.11,"N",NA,"hE8YqXO7sNiNpTQ8TwLBTEwXi3KL/fpp"
"4f0c7859-b814-4c2a-a240-45aba0a56ca2","STEI_055.basePlot.ltr","D05","STEI","STEI_055","STEI_055_833","2016-11-01","2016-10-05","2016-10-17","2016-10-24T16:45Z","2016-11-01T21:00Z","NEON.LTR.STEI055833.20161017","NEON.LTR.STEI055833.20161017.WDY","NEON.DOC.001710vE","Woody material",0,"N",NA,"hE8YqXO7sNiNpTQ8TwLBTEwXi3KL/fpp"
"d3c56af9-b390-4abf-a6b6-0d6475784093","STEI_055.basePlot.ltr","D05","STEI","STEI_055","STEI_055_833","2016-11-01","2016-10-05","2016-10-17","2016-10-24T16:45Z","2016-11-01T21:00Z","NEON.LTR.STEI055833.20161017","NEON.LTR.STEI055833.20161017.LVS","NEON.DOC.001710vE","Leaves",27.83,"N",NA,"hE8YqXO7sNiNpTQ8TwLBTEwXi3KL/fpp"
"2e79ddfb-ee37-44bb-8620-e3ed07108274","STEI_055.basePlot.ltr","D05","STEI","STEI_055","STEI_055_833","2016-11-01","2016-10-05","2016-10-17","2016-10-24T16:45Z","2016-11-01T21:00Z","NEON.LTR.STEI055833.20161017","NEON.LTR.STEI055833.20161017.SDS","NEON.DOC.001710vE","Seeds",0.005,"N",NA,"hE8YqXO7sNiNpTQ8TwLBTEwXi3KL/fpp"
"3d26948a-fb35-4792-a9a6-6be89eb1daa7","STEI_055.basePlot.ltr","D05","STEI","STEI_055","STEI_055_833","2016-11-01","2016-10-05","2016-10-17","2016-10-24T16:45Z","2016-11-01T21:00Z","NEON.LTR.STEI055833.20161017","NEON.LTR.STEI055833.20161017.FLR","NEON.DOC.001710vE","Flowers",0,"N",NA,"hE8YqXO7sNiNpTQ8TwLBTEwXi3KL/fpp"
"bdc78b84-6bdc-4fe4-a97c-45a9b083a990","STEI_055.basePlot.ltr","D05","STEI","STEI_055","STEI_055_833","2016-11-01","2016-10-05","2016-10-17","2016-10-24T16:45Z","2016-11-01T21:00Z","NEON.LTR.STEI055833.20161017","NEON.LTR.STEI055833.20161017.OTH","NEON.DOC.001710vE","Other",0.04,"N",NA,"hE8YqXO7sNiNpTQ8TwLBTEwXi3KL/fpp"
"bff93f46-3925-4610-a1dc-97d6dbc963e7","STEI_055.basePlot.ltr","D05","STEI","STEI_055","STEI_055_833","2016-11-01","2016-10-05","2016-10-17","2016-10-24T16:45Z","2016-11-01T21:00Z","NEON.LTR.STEI055833.20161017","NEON.LTR.STEI055833.20161017.TWI","NEON.DOC.001710vE","Twigs/branches",11.1,"N",NA,"hE8YqXO7sNiNpTQ8TwLBTEwXi3KL/fpp"
"20d56f65-f92a-4ea6-bb69-a116d5cbf7b3","STEI_055.basePlot.ltr","D05","STEI","STEI_055","STEI_055_642","2016-11-01","2016-10-05","2016-10-17","2016-10-24T16:45Z","2016-11-01T21:00Z","NEON.LTR.STEI055642.20161017","NEON.LTR.STEI055642.20161017.FLR","NEON.DOC.001710vE","Flowers",0.05,"N",NA,"hE8YqXO7sNiNpTQ8TwLBTEwXi3KL/fpp"
"87b26d8c-4393-4e06-975a-88459816e0e3","STEI_055.basePlot.ltr","D05","STEI","STEI_055","STEI_055_642","2016-11-01","2016-10-05","2016-10-17","2016-10-24T16:45Z","2016-11-01T21:00Z","NEON.LTR.STEI055642.20161017","NEON.LTR.STEI055642.20161017.NDL","NEON.DOC.001710vE","Needles",0.005,"N",NA,"hE8YqXO7sNiNpTQ8TwLBTEwXi3KL/fpp"
"1054dd1a-060b-44ac-b548-358b813e865e","STEI_055.basePlot.ltr","D05","STEI","STEI_055","STEI_055_642","2016-11-01","2016-10-05","2016-10-17","2016-10-24T16:45Z","2016-11-01T21:00Z","NEON.LTR.STEI055642.20161017","NEON.LTR.STEI055642.20161017.OTH","NEON.DOC.001710vE","Other",0.005,"N",NA,"hE8YqXO7sNiNpTQ8TwLBTEwXi3KL/fpp"
"552a712b-9ca1-4988-93ae-be86481b0e3d","STEI_055.basePlot.ltr","D05","STEI","STEI_055","STEI_055_642","2016-11-01","2016-10-05","2016-10-17","2016-10-24T16:45Z","2016-11-01T21:00Z","NEON.LTR.STEI055642.20161017","NEON.LTR.STEI055642.20161017.SDS","NEON.DOC.001710vE","Seeds",0.005,"N",NA,"hE8YqXO7sNiNpTQ8TwLBTEwXi3KL/fpp"
"d89a22f9-ca29-41d3-be9f-3ba2d617f59a","STEI_055.basePlot.ltr","D05","STEI","STEI_055","STEI_055_642","2016-11-01","2016-10-05","2016-10-17","2016-10-24T16:45Z","2016-11-01T21:00Z","NEON.LTR.STEI055642.20161017","NEON.LTR.STEI055642.20161017.WDY","NEON.DOC.001710vE","Woody material",0,"N",NA,"hE8YqXO7sNiNpTQ8TwLBTEwXi3KL/fpp"
"5475ffc5-00f8-4437-8166-73e1d1958c64","STEI_055.basePlot.ltr","D05","STEI","STEI_055","STEI_055_833","2016-11-01","2016-10-05","2016-10-17","2016-10-24T16:45Z","2016-11-01T21:00Z","NEON.LTR.STEI055833.20161017","NEON.LTR.STEI055833.20161017.NDL","NEON.DOC.001710vE","Needles",0.005,"N",NA,"hE8YqXO7sNiNpTQ8TwLBTEwXi3KL/fpp"
"d923a65f-a538-43e4-880f-8a26fcb5b48d","STEI_054.basePlot.ltr","D05","STEI","STEI_054","STEI_054_756","2016-11-01","2016-10-05","2016-10-17","2016-10-24T16:45Z","2016-11-01T21:00Z","NEON.LTR.STEI054756.20161017","NEON.LTR.STEI054756.20161017.LVS","NEON.DOC.001710vE","Leaves",33.03,"N",NA,"hE8YqXO7sNiNpTQ8TwLBTEwXi3KL/fpp"
"27849445-74c3-42ee-ad86-5ec40801f2a3","STEI_054.basePlot.ltr","D05","STEI","STEI_054","STEI_054_756","2016-11-01","2016-10-05","2016-10-17","2016-10-24T16:45Z","2016-11-01T21:00Z","NEON.LTR.STEI054756.20161017","NEON.LTR.STEI054756.20161017.OTH","NEON.DOC.001710vE","Other",0.03,"N",NA,"hE8YqXO7sNiNpTQ8TwLBTEwXi3KL/fpp"
"ba03390f-384c-458a-b257-47573d1f27d0","STEI_054.basePlot.ltr","D05","STEI","STEI_054","STEI_054_756","2016-11-01","2016-10-05","2016-10-17","2016-10-24T16:45Z","2016-11-01T21:00Z","NEON.LTR.STEI054756.20161017","NEON.LTR.STEI054756.20161017.TWI","NEON.DOC.001710vE","Twigs/branches",4.54,"Y",NA,"hE8YqXO7sNiNpTQ8TwLBTEwXi3KL/fpp"
"f0d04470-e4f3-4de3-a11e-588783a595bb","STEI_054.basePlot.ltr","D05","STEI","STEI_054","STEI_054_756","2016-11-01","2016-10-05","2016-10-17","2016-10-24T16:45Z","2016-11-01T21:00Z","NEON.LTR.STEI054756.20161017","NEON.LTR.STEI054756.20161017.NDL","NEON.DOC.001710vE","Needles",0.005,"N",NA,"hE8YqXO7sNiNpTQ8TwLBTEwXi3KL/fpp"
"95c5672f-3914-429b-a5fb-4766a414544c","STEI_054.basePlot.ltr","D05","STEI","STEI_054","STEI_054_756","2016-11-01","2016-10-05","2016-10-17","2016-10-24T16:45Z","2016-11-01T21:00Z","NEON.LTR.STEI054756.20161017","NEON.LTR.STEI054756.20161017.FLR","NEON.DOC.001710vE","Flowers",0,"N",NA,"hE8YqXO7sNiNpTQ8TwLBTEwXi3KL/fpp"
"1c54f17d-be02-4044-bbef-7f68eae2ecfa","STEI_054.basePlot.ltr","D05","STEI","STEI_054","STEI_054_756","2016-11-01","2016-10-05","2016-10-17","2016-10-24T16:45Z","2016-11-01T21:00Z","NEON.LTR.STEI054756.20161017","NEON.LTR.STEI054756.20161017.SDS","NEON.DOC.001710vE","Seeds",0.01,"Y",NA,"hE8YqXO7sNiNpTQ8TwLBTEwXi3KL/fpp"
"ed5ed0a0-0776-4e63-9bfd-182f31d8f321","STEI_054.basePlot.ltr","D05","STEI","STEI_054","STEI_054_756","2016-11-01","2016-10-05","2016-10-17","2016-10-24T16:45Z","2016-11-01T21:00Z","NEON.LTR.STEI054756.20161017","NEON.LTR.STEI054756.20161017.TWI","NEON.DOC.001710vE","Twigs/branches",4.54,"N",NA,"hE8YqXO7sNiNpTQ8TwLBTEwXi3KL/fpp"
"a4824200-7318-4997-8684-62f682769468","STEI_054.basePlot.ltr","D05","STEI","STEI_054","STEI_054_756","2016-11-01","2016-10-05","2016-10-17","2016-10-24T16:45Z","2016-11-01T21:00Z","NEON.LTR.STEI054756.20161017","NEON.LTR.STEI054756.20161017.SDS","NEON.DOC.001710vE","Seeds",0.01,"N",NA,"hE8YqXO7sNiNpTQ8TwLBTEwXi3KL/fpp"
"3f87fa2b-396e-45f2-b1d0-0376a493158b","STEI_054.basePlot.ltr","D05","STEI","STEI_054","STEI_054_756","2016-11-01","2016-10-05","2016-10-17","2016-10-24T16:45Z","2016-11-01T21:00Z","NEON.LTR.STEI054756.20161017","NEON.LTR.STEI054756.20161017.WDY","NEON.DOC.001710vE","Woody material",0.005,"N",NA,"hE8YqXO7sNiNpTQ8TwLBTEwXi3KL/fpp"
"f08bd49a-a747-4332-b816-5c2c6c950854","STEI_050.basePlot.ltr","D05","STEI","STEI_050","STEI_050_291","2016-10-27","2016-10-05","2016-10-17","2016-10-24T16:45Z","2016-10-27T21:00Z","NEON.LTR.STEI050291.20161017","NEON.LTR.STEI050291.20161017.LVS","NEON.DOC.001710vE","Leaves",19.06,"N",NA,"n3FTqtv1XKCIEKvil+MbndY+c5Uay6s5"
"4314ee69-4f58-4b90-8117-4bf868076d96","STEI_050.basePlot.ltr","D05","STEI","STEI_050","STEI_050_291","2016-10-27","2016-10-05","2016-10-17","2016-10-24T16:45Z","2016-10-27T21:00Z","NEON.LTR.STEI050291.20161017","NEON.LTR.STEI050291.20161017.LVS","NEON.DOC.001710vE","Leaves",19.09,"Y",NA,"n3FTqtv1XKCIEKvil+MbndY+c5Uay6s5"
"b991f009-a6b4-4a64-a533-b776dac814e8","STEI_050.basePlot.ltr","D05","STEI","STEI_050","STEI_050_291","2016-10-27","2016-10-05","2016-10-17","2016-10-24T16:45Z","2016-10-27T21:00Z","NEON.LTR.STEI050291.20161017","NEON.LTR.STEI050291.20161017.FLR","NEON.DOC.001710vE","Flowers",0,"N",NA,"n3FTqtv1XKCIEKvil+MbndY+c5Uay6s5"
"f18e61d8-5079-48b5-b255-345d869a0efc","STEI_050.basePlot.ltr","D05","STEI","STEI_050","STEI_050_291","2016-10-27","2016-10-05","2016-10-17","2016-10-24T16:45Z","2016-10-27T21:00Z","NEON.LTR.STEI050291.20161017","NEON.LTR.STEI050291.20161017.SDS","NEON.DOC.001710vE","Seeds",0.005,"N",NA,"n3FTqtv1XKCIEKvil+MbndY+c5Uay6s5"
"18ee0ca7-7a97-4907-83d7-6acb128f1727","STEI_050.basePlot.ltr","D05","STEI","STEI_050","STEI_050_291","2016-10-27","2016-10-05","2016-10-17","2016-10-24T16:45Z","2016-10-27T21:00Z","NEON.LTR.STEI050291.20161017","NEON.LTR.STEI050291.20161017.OTH","NEON.DOC.001710vE","Other",0.005,"N",NA,"n3FTqtv1XKCIEKvil+MbndY+c5Uay6s5"
"95aad603-8702-42fa-b22a-7ac5fc915d92","STEI_050.basePlot.ltr","D05","STEI","STEI_050","STEI_050_291","2016-10-27","2016-10-05","2016-10-17","2016-10-24T16:45Z","2016-10-27T21:00Z","NEON.LTR.STEI050291.20161017","NEON.LTR.STEI050291.20161017.TWI","NEON.DOC.001710vE","Twigs/branches",1.83,"N",NA,"n3FTqtv1XKCIEKvil+MbndY+c5Uay6s5"
"9b6559f1-4875-4bee-b28b-6b535dae0ba4","STEI_050.basePlot.ltr","D05","STEI","STEI_050","STEI_050_291","2016-10-27","2016-10-05","2016-10-17","2016-10-24T16:45Z","2016-10-27T21:00Z","NEON.LTR.STEI050291.20161017","NEON.LTR.STEI050291.20161017.NDL","NEON.DOC.001710vE","Needles",0.005,"N",NA,"n3FTqtv1XKCIEKvil+MbndY+c5Uay6s5"
"d888f17c-a16d-42f7-a1c2-0258bea61906","STEI_049.basePlot.ltr","D05","STEI","STEI_049","STEI_049_903","2016-10-27","2016-10-05","2016-10-17","2016-10-24T16:45Z","2016-10-27T21:00Z","NEON.LTR.STEI049903.20161017","NEON.LTR.STEI049903.20161017.OTH","NEON.DOC.001710vE","Other",0,"N",NA,"n3FTqtv1XKCIEKvil+MbndY+c5Uay6s5"
"b8266f91-7def-4fc3-8e98-bbc7d1c986fd","STEI_046.basePlot.ltr","D05","STEI","STEI_046","STEI_046_390","2016-11-01","2016-10-05","2016-10-17","2016-10-24T16:45Z","2016-11-01T21:00Z","NEON.LTR.STEI046390.20161017","NEON.LTR.STEI046390.20161017.NDL","NEON.DOC.001710vE","Needles",0.1,"Y",NA,"hE8YqXO7sNiNpTQ8TwLBTEwXi3KL/fpp"
"a0fccbbb-d843-4f06-bf8f-cd64caaf4f6f","STEI_046.basePlot.ltr","D05","STEI","STEI_046","STEI_046_390","2016-11-01","2016-10-05","2016-10-17","2016-10-24T16:45Z","2016-11-01T21:00Z","NEON.LTR.STEI046390.20161017","NEON.LTR.STEI046390.20161017.SDS","NEON.DOC.001710vE","Seeds",0.05,"N",NA,"hE8YqXO7sNiNpTQ8TwLBTEwXi3KL/fpp"
"b6b3a65c-5f00-43b8-b0ac-74b8a6f467f0","STEI_046.basePlot.ltr","D05","STEI","STEI_046","STEI_046_390","2016-11-01","2016-10-05","2016-10-17","2016-10-24T16:45Z","2016-11-01T21:00Z","NEON.LTR.STEI046390.20161017","NEON.LTR.STEI046390.20161017.WDY","NEON.DOC.001710vE","Woody material",0,"N",NA,"hE8YqXO7sNiNpTQ8TwLBTEwXi3KL/fpp"
"f69c302b-df77-4523-a3d5-f10cac78faa6","STEI_046.basePlot.ltr","D05","STEI","STEI_046","STEI_046_390","2016-11-01","2016-10-05","2016-10-17","2016-10-24T16:45Z","2016-11-01T21:00Z","NEON.LTR.STEI046390.20161017","NEON.LTR.STEI046390.20161017.OTH","NEON.DOC.001710vE","Other",0.07,"N",NA,"hE8YqXO7sNiNpTQ8TwLBTEwXi3KL/fpp"
"6487a409-b5ce-48e1-9bed-2f710a031d22","STEI_046.basePlot.ltr","D05","STEI","STEI_046","STEI_046_390","2016-11-01","2016-10-05","2016-10-17","2016-10-24T16:45Z","2016-11-01T21:00Z","NEON.LTR.STEI046390.20161017","NEON.LTR.STEI046390.20161017.LVS","NEON.DOC.001710vE","Leaves",31.74,"N",NA,"hE8YqXO7sNiNpTQ8TwLBTEwXi3KL/fpp"
"acfce2b2-3a53-4190-97fd-c8bd8e8839c5","STEI_046.basePlot.ltr","D05","STEI","STEI_046","STEI_046_390","2016-11-01","2016-10-05","2016-10-17","2016-10-24T16:45Z","2016-11-01T21:00Z","NEON.LTR.STEI046390.20161017","NEON.LTR.STEI046390.20161017.FLR","NEON.DOC.001710vE","Flowers",0,"N",NA,"hE8YqXO7sNiNpTQ8TwLBTEwXi3KL/fpp"
"ff246923-fde6-4449-b49f-491e7b9d057e","STEI_046.basePlot.ltr","D05","STEI","STEI_046","STEI_046_390","2016-11-01","2016-10-05","2016-10-17","2016-10-24T16:45Z","2016-11-01T21:00Z","NEON.LTR.STEI046390.20161017","NEON.LTR.STEI046390.20161017.TWI","NEON.DOC.001710vE","Twigs/branches",0,"N",NA,"hE8YqXO7sNiNpTQ8TwLBTEwXi3KL/fpp"
"a1fb66ef-809a-417a-ba5e-6002b498531c","STEI_051.basePlot.ltr","D05","STEI","STEI_051","STEI_051_076","2016-10-27","2016-10-05","2016-10-17","2016-10-24T16:45Z","2016-10-27T21:00Z","NEON.LTR.STEI051076.20161017","NEON.LTR.STEI051076.20161017.LVS","NEON.DOC.001710vE","Leaves",30.14,"N",NA,"n3FTqtv1XKCIEKvil+MbndY+c5Uay6s5"
"5c073d66-6e65-47da-91ca-40f47ddb737c","STEI_051.basePlot.ltr","D05","STEI","STEI_051","STEI_051_885","2016-11-01","2016-10-05","2016-10-17","2016-10-24T16:45Z","2016-11-01T21:00Z","NEON.LTR.STEI051885.20161017","NEON.LTR.STEI051885.20161017.LVS","NEON.DOC.001710vE","Leaves",23.44,"N",NA,"hE8YqXO7sNiNpTQ8TwLBTEwXi3KL/fpp"
"c6143063-c5c1-4003-9438-5bc3ba5ac6f2","STEI_051.basePlot.ltr","D05","STEI","STEI_051","STEI_051_076","2016-10-27","2016-10-05","2016-10-17","2016-10-24T16:45Z","2016-10-27T21:00Z","NEON.LTR.STEI051076.20161017","NEON.LTR.STEI051076.20161017.FLR","NEON.DOC.001710vE","Flowers",0,"N",NA,"n3FTqtv1XKCIEKvil+MbndY+c5Uay6s5"
"ccb19098-8142-4c1f-8cff-a7d27eddb9f9","STEI_051.basePlot.ltr","D05","STEI","STEI_051","STEI_051_885","2016-11-01","2016-10-05","2016-10-17","2016-10-24T16:45Z","2016-11-01T21:00Z","NEON.LTR.STEI051885.20161017","NEON.LTR.STEI051885.20161017.OTH","NEON.DOC.001710vE","Other",0.05,"N",NA,"hE8YqXO7sNiNpTQ8TwLBTEwXi3KL/fpp"
"3e6afd8d-e9cb-47de-888f-5017b94c054d","STEI_051.basePlot.ltr","D05","STEI","STEI_051","STEI_051_076","2016-10-27","2016-10-05","2016-10-17","2016-10-24T16:45Z","2016-10-27T21:00Z","NEON.LTR.STEI051076.20161017","NEON.LTR.STEI051076.20161017.OTH","NEON.DOC.001710vE","Other",0.08,"N",NA,"n3FTqtv1XKCIEKvil+MbndY+c5Uay6s5"
"e9bfa417-7ef4-4c07-9d69-c66bc869735f","STEI_051.basePlot.ltr","D05","STEI","STEI_051","STEI_051_076","2016-10-27","2016-10-05","2016-10-17","2016-10-24T16:45Z","2016-10-27T21:00Z","NEON.LTR.STEI051076.20161017","NEON.LTR.STEI051076.20161017.WDY","NEON.DOC.001710vE","Woody material",0,"N",NA,"n3FTqtv1XKCIEKvil+MbndY+c5Uay6s5"
"07d4cf88-f15c-4691-a802-fe4b3f4a7540","STEI_051.basePlot.ltr","D05","STEI","STEI_051","STEI_051_885","2016-11-01","2016-10-05","2016-10-17","2016-10-24T16:45Z","2016-11-01T21:00Z","NEON.LTR.STEI051885.20161017","NEON.LTR.STEI051885.20161017.TWI","NEON.DOC.001710vE","Twigs/branches",0.03,"N",NA,"hE8YqXO7sNiNpTQ8TwLBTEwXi3KL/fpp"
"979a97ac-deb3-445f-a813-5f78a0160ec5","STEI_051.basePlot.ltr","D05","STEI","STEI_051","STEI_051_885","2016-11-01","2016-10-05","2016-10-17","2016-10-24T16:45Z","2016-11-01T21:00Z","NEON.LTR.STEI051885.20161017","NEON.LTR.STEI051885.20161017.FLR","NEON.DOC.001710vE","Flowers",0,"N",NA,"hE8YqXO7sNiNpTQ8TwLBTEwXi3KL/fpp"
"ddd7c6c2-0731-43d3-ae8b-7d529d055718","STEI_051.basePlot.ltr","D05","STEI","STEI_051","STEI_051_885","2016-11-01","2016-10-05","2016-10-17","2016-10-24T16:45Z","2016-11-01T21:00Z","NEON.LTR.STEI051885.20161017","NEON.LTR.STEI051885.20161017.SDS","NEON.DOC.001710vE","Seeds",0,"N",NA,"hE8YqXO7sNiNpTQ8TwLBTEwXi3KL/fpp"
"6d8af0d0-5e14-4c96-93bf-6639536d498b","STEI_051.basePlot.ltr","D05","STEI","STEI_051","STEI_051_885","2016-11-01","2016-10-05","2016-10-17","2016-10-24T16:45Z","2016-11-01T21:00Z","NEON.LTR.STEI051885.20161017","NEON.LTR.STEI051885.20161017.WDY","NEON.DOC.001710vE","Woody material",0.04,"N",NA,"hE8YqXO7sNiNpTQ8TwLBTEwXi3KL/fpp"
"7c378bc2-8ee2-4ba5-bf73-97a7720355a6","STEI_051.basePlot.ltr","D05","STEI","STEI_051","STEI_051_076","2016-10-27","2016-10-05","2016-10-17","2016-10-24T16:45Z","2016-10-27T21:00Z","NEON.LTR.STEI051076.20161017","NEON.LTR.STEI051076.20161017.NDL","NEON.DOC.001710vE","Needles",0.005,"N",NA,"n3FTqtv1XKCIEKvil+MbndY+c5Uay6s5"
"e8855687-1f14-4f63-b8e5-d3296df9de7e","STEI_051.basePlot.ltr","D05","STEI","STEI_051","STEI_051_076","2016-10-27","2016-10-05","2016-10-17","2016-10-24T16:45Z","2016-10-27T21:00Z","NEON.LTR.STEI051076.20161017","NEON.LTR.STEI051076.20161017.TWI","NEON.DOC.001710vE","Twigs/branches",0.46,"N",NA,"n3FTqtv1XKCIEKvil+MbndY+c5Uay6s5"
"372c1a12-0c88-4814-b045-efc03e0b6405","STEI_051.basePlot.ltr","D05","STEI","STEI_051","STEI_051_076","2016-10-27","2016-10-05","2016-10-17","2016-10-24T16:45Z","2016-10-27T21:00Z","NEON.LTR.STEI051076.20161017","NEON.LTR.STEI051076.20161017.SDS","NEON.DOC.001710vE","Seeds",0,"N",NA,"n3FTqtv1XKCIEKvil+MbndY+c5Uay6s5"
"3b29d215-8a40-46c9-9cba-a06bcac7c9f7","STEI_051.basePlot.ltr","D05","STEI","STEI_051","STEI_051_885","2016-11-01","2016-10-05","2016-10-17","2016-10-24T16:45Z","2016-11-01T21:00Z","NEON.LTR.STEI051885.20161017","NEON.LTR.STEI051885.20161017.NDL","NEON.DOC.001710vE","Needles",0.005,"N",NA,"hE8YqXO7sNiNpTQ8TwLBTEwXi3KL/fpp"
"8be556ed-b5d7-4538-810d-60dbcf3ab317","STEI_046.basePlot.ltr","D05","STEI","STEI_046","STEI_046_390","2016-11-01","2016-10-05","2016-10-17","2016-10-24T16:45Z","2016-11-01T21:00Z","NEON.LTR.STEI046390.20161017","NEON.LTR.STEI046390.20161017.NDL","NEON.DOC.001710vE","Needles",0.11,"N",NA,"hE8YqXO7sNiNpTQ8TwLBTEwXi3KL/fpp"
"23fae816-e155-488e-8015-1d468a7da626","STEI_053.basePlot.ltr","D05","STEI","STEI_053","STEI_053_597","2016-10-27","2016-10-05","2016-10-17","2016-10-24T16:45Z","2016-10-27T21:00Z","NEON.LTR.STEI053597.20161017","NEON.LTR.STEI053597.20161017.OTH","NEON.DOC.001710vE","Other",0,"N",NA,"n3FTqtv1XKCIEKvil+MbndY+c5Uay6s5"
"e32ed872-37ab-4f98-8e25-3467778bc904","STEI_056.basePlot.ltr","D05","STEI","STEI_056","STEI_056_808","2016-10-27","2016-10-05","2016-10-17","2016-10-24T16:45Z","2016-10-27T21:00Z","NEON.LTR.STEI056808.20161017","NEON.LTR.STEI056808.20161017.TWI","NEON.DOC.001710vE","Twigs/branches",3.29,"N",NA,"n3FTqtv1XKCIEKvil+MbndY+c5Uay6s5"
"098f453f-75be-45c4-a598-7ae6ba1dfe64","STEI_053.basePlot.ltr","D05","STEI","STEI_053","STEI_053_597","2016-10-27","2016-10-05","2016-10-17","2016-10-24T16:45Z","2016-10-27T21:00Z","NEON.LTR.STEI053597.20161017","NEON.LTR.STEI053597.20161017.WDY","NEON.DOC.001710vE","Woody material",0,"N",NA,"n3FTqtv1XKCIEKvil+MbndY+c5Uay6s5"
"15b6f75a-4add-44e1-b126-9ebdd154dc6e","STEI_053.basePlot.ltr","D05","STEI","STEI_053","STEI_053_597","2016-10-27","2016-10-05","2016-10-17","2016-10-24T16:45Z","2016-10-27T21:00Z","NEON.LTR.STEI053597.20161017","NEON.LTR.STEI053597.20161017.TWI","NEON.DOC.001710vE","Twigs/branches",12.71,"N",NA,"n3FTqtv1XKCIEKvil+MbndY+c5Uay6s5"
"5952ea75-e35d-4ba7-9456-d8be558f22d7","STEI_056.basePlot.ltr","D05","STEI","STEI_056","STEI_056_297","2016-10-27","2016-10-05","2016-10-17","2016-10-24T16:45Z","2016-10-27T21:00Z","NEON.LTR.STEI056297.20161017","NEON.LTR.STEI056297.20161017.SDS","NEON.DOC.001710vE","Seeds",0.005,"N",NA,"n3FTqtv1XKCIEKvil+MbndY+c5Uay6s5"
"78464afc-625e-4357-aa7c-ae69c763b0db","STEI_053.basePlot.ltr","D05","STEI","STEI_053","STEI_053_597","2016-10-27","2016-10-05","2016-10-17","2016-10-24T16:45Z","2016-10-27T21:00Z","NEON.LTR.STEI053597.20161017","NEON.LTR.STEI053597.20161017.FLR","NEON.DOC.001710vE","Flowers",0,"N",NA,"n3FTqtv1XKCIEKvil+MbndY+c5Uay6s5"
"584085e8-e8d0-4669-a48d-391a5661cbd1","STEI_056.basePlot.ltr","D05","STEI","STEI_056","STEI_056_808","2016-10-27","2016-10-05","2016-10-17","2016-10-24T16:45Z","2016-10-27T21:00Z","NEON.LTR.STEI056808.20161017","NEON.LTR.STEI056808.20161017.FLR","NEON.DOC.001710vE","Flowers",0,"N",NA,"n3FTqtv1XKCIEKvil+MbndY+c5Uay6s5"
"aa2ff065-ba6a-414c-84e0-110fbabd1001","STEI_056.basePlot.ltr","D05","STEI","STEI_056","STEI_056_297","2016-10-27","2016-10-05","2016-10-17","2016-10-24T16:45Z","2016-10-27T21:00Z","NEON.LTR.STEI056297.20161017","NEON.LTR.STEI056297.20161017.OTH","NEON.DOC.001710vE","Other",0.01,"N",NA,"n3FTqtv1XKCIEKvil+MbndY+c5Uay6s5"
"284b0654-8810-45ba-b98e-5f9c164de025","STEI_056.basePlot.ltr","D05","STEI","STEI_056","STEI_056_297","2016-10-27","2016-10-05","2016-10-17","2016-10-24T16:45Z","2016-10-27T21:00Z","NEON.LTR.STEI056297.20161017","NEON.LTR.STEI056297.20161017.WDY","NEON.DOC.001710vE","Woody material",0.005,"N",NA,"n3FTqtv1XKCIEKvil+MbndY+c5Uay6s5"
"227dfa07-50dc-4504-9f12-fa73328c6bd2","STEI_056.basePlot.ltr","D05","STEI","STEI_056","STEI_056_808","2016-10-27","2016-10-05","2016-10-17","2016-10-24T16:45Z","2016-10-27T21:00Z","NEON.LTR.STEI056808.20161017","NEON.LTR.STEI056808.20161017.OTH","NEON.DOC.001710vE","Other",0.005,"N",NA,"n3FTqtv1XKCIEKvil+MbndY+c5Uay6s5"
"48fefaac-ec46-4ef3-b118-b0436058d96c","STEI_056.basePlot.ltr","D05","STEI","STEI_056","STEI_056_297","2016-10-27","2016-10-05","2016-10-17","2016-10-24T16:45Z","2016-10-27T21:00Z","NEON.LTR.STEI056297.20161017","NEON.LTR.STEI056297.20161017.TWI","NEON.DOC.001710vE","Twigs/branches",1.53,"N",NA,"n3FTqtv1XKCIEKvil+MbndY+c5Uay6s5"
"bc56091b-cdbf-4416-a166-4971b8f4f50c","STEI_056.basePlot.ltr","D05","STEI","STEI_056","STEI_056_297","2016-10-27","2016-10-05","2016-10-17","2016-10-24T16:45Z","2016-10-27T21:00Z","NEON.LTR.STEI056297.20161017","NEON.LTR.STEI056297.20161017.FLR","NEON.DOC.001710vE","Flowers",0,"N",NA,"n3FTqtv1XKCIEKvil+MbndY+c5Uay6s5"
"da97b8a5-8c9c-4142-a056-f9baa2cfe9f0","STEI_056.basePlot.ltr","D05","STEI","STEI_056","STEI_056_808","2016-10-27","2016-10-05","2016-10-17","2016-10-24T16:45Z","2016-10-27T21:00Z","NEON.LTR.STEI056808.20161017","NEON.LTR.STEI056808.20161017.LVS","NEON.DOC.001710vE","Leaves",15.63,"N",NA,"n3FTqtv1XKCIEKvil+MbndY+c5Uay6s5"
"c2db05e9-302e-4d38-99be-bc080b46559a","STEI_056.basePlot.ltr","D05","STEI","STEI_056","STEI_056_808","2016-10-27","2016-10-05","2016-10-17","2016-10-24T16:45Z","2016-10-27T21:00Z","NEON.LTR.STEI056808.20161017","NEON.LTR.STEI056808.20161017.SDS","NEON.DOC.001710vE","Seeds",0,"N",NA,"n3FTqtv1XKCIEKvil+MbndY+c5Uay6s5"
"c087bf8a-5375-4b4b-ab9f-508495aacd3b","STEI_056.basePlot.ltr","D05","STEI","STEI_056","STEI_056_297","2016-10-27","2016-10-05","2016-10-17","2016-10-24T16:45Z","2016-10-27T21:00Z","NEON.LTR.STEI056297.20161017","NEON.LTR.STEI056297.20161017.LVS","NEON.DOC.001710vE","Leaves",14.48,"N",NA,"n3FTqtv1XKCIEKvil+MbndY+c5Uay6s5"
"ec528be1-e441-4ec1-8f7a-1e81372d5a73","STEI_056.basePlot.ltr","D05","STEI","STEI_056","STEI_056_297","2016-10-27","2016-10-05","2016-10-17","2016-10-24T16:45Z","2016-10-27T21:00Z","NEON.LTR.STEI056297.20161017","NEON.LTR.STEI056297.20161017.NDL","NEON.DOC.001710vE","Needles",0.005,"N",NA,"n3FTqtv1XKCIEKvil+MbndY+c5Uay6s5"
"32d70ee6-515b-4070-8bbe-fe09c818642e","STEI_056.basePlot.ltr","D05","STEI","STEI_056","STEI_056_808","2016-10-27","2016-10-05","2016-10-17","2016-10-24T16:45Z","2016-10-27T21:00Z","NEON.LTR.STEI056808.20161017","NEON.LTR.STEI056808.20161017.WDY","NEON.DOC.001710vE","Woody material",0,"N",NA,"n3FTqtv1XKCIEKvil+MbndY+c5Uay6s5"
"56320b0a-2036-4e06-94ec-8dff219cf81a","STEI_056.basePlot.ltr","D05","STEI","STEI_056","STEI_056_808","2016-10-27","2016-10-05","2016-10-17","2016-10-24T16:45Z","2016-10-27T21:00Z","NEON.LTR.STEI056808.20161017","NEON.LTR.STEI056808.20161017.NDL","NEON.DOC.001710vE","Needles",0.005,"N",NA,"n3FTqtv1XKCIEKvil+MbndY+c5Uay6s5"
"be14df28-0daa-4f5d-ac82-4aabedecf438","STEI_053.basePlot.ltr","D05","STEI","STEI_053","STEI_053_296","2016-10-27","2016-10-05","2016-10-17","2016-10-24T16:45Z","2016-10-27T21:00Z","NEON.LTR.STEI053296.20161017","NEON.LTR.STEI053296.20161017.WDY","NEON.DOC.001710vE","Woody material",0,"N",NA,"n3FTqtv1XKCIEKvil+MbndY+c5Uay6s5"
"e86e669b-d367-4ec6-a83a-68109ed5e0a6","STEI_053.basePlot.ltr","D05","STEI","STEI_053","STEI_053_597","2016-10-27","2016-10-05","2016-10-17","2016-10-24T16:45Z","2016-10-27T21:00Z","NEON.LTR.STEI053597.20161017","NEON.LTR.STEI053597.20161017.LVS","NEON.DOC.001710vE","Leaves",34.88,"N",NA,"n3FTqtv1XKCIEKvil+MbndY+c5Uay6s5"
"de200e98-4363-443b-ab84-aaed0271d991","STEI_053.basePlot.ltr","D05","STEI","STEI_053","STEI_053_597","2016-10-27","2016-10-05","2016-10-17","2016-10-24T16:45Z","2016-10-27T21:00Z","NEON.LTR.STEI053597.20161017","NEON.LTR.STEI053597.20161017.NDL","NEON.DOC.001710vE","Needles",0.02,"N",NA,"n3FTqtv1XKCIEKvil+MbndY+c5Uay6s5"
"2120623d-420f-48e4-b083-d4b4471db4ee","STEI_053.basePlot.ltr","D05","STEI","STEI_053","STEI_053_597","2016-10-27","2016-10-05","2016-10-17","2016-10-24T16:45Z","2016-10-27T21:00Z","NEON.LTR.STEI053597.20161017","NEON.LTR.STEI053597.20161017.SDS","NEON.DOC.001710vE","Seeds",0.16,"N",NA,"n3FTqtv1XKCIEKvil+MbndY+c5Uay6s5"
"46d3b1e0-66e2-469d-9769-edccd3368f6d","STEI_059.basePlot.ltr","D05","STEI","STEI_059","STEI_059_139","2016-10-27","2016-10-05","2016-10-17","2016-10-24T16:45Z","2016-10-27T21:00Z","NEON.LTR.STEI059139.20161017","NEON.LTR.STEI059139.20161017.OTH","NEON.DOC.001710vE","Other",0,"N",NA,"n3FTqtv1XKCIEKvil+MbndY+c5Uay6s5"
"3b7791f3-3c28-46f2-9a12-5eb6e3d4bed5","STEI_059.basePlot.ltr","D05","STEI","STEI_059","STEI_059_139","2016-10-27","2016-10-05","2016-10-17","2016-10-24T16:45Z","2016-10-27T21:00Z","NEON.LTR.STEI059139.20161017","NEON.LTR.STEI059139.20161017.TWI","NEON.DOC.001710vE","Twigs/branches",0.42,"Y",NA,"n3FTqtv1XKCIEKvil+MbndY+c5Uay6s5"
"2ccf7943-e3b4-4b7f-a673-17a96d1a5f62","STEI_059.basePlot.ltr","D05","STEI","STEI_059","STEI_059_139","2016-10-27","2016-10-05","2016-10-17","2016-10-24T16:45Z","2016-10-27T21:00Z","NEON.LTR.STEI059139.20161017","NEON.LTR.STEI059139.20161017.SDS","NEON.DOC.001710vE","Seeds",0,"N",NA,"n3FTqtv1XKCIEKvil+MbndY+c5Uay6s5"
"17d01381-ed25-46a8-a212-f816f1b640ba","STEI_059.basePlot.ltr","D05","STEI","STEI_059","STEI_059_139","2016-10-27","2016-10-05","2016-10-17","2016-10-24T16:45Z","2016-10-27T21:00Z","NEON.LTR.STEI059139.20161017","NEON.LTR.STEI059139.20161017.NDL","NEON.DOC.001710vE","Needles",0.005,"Y",NA,"n3FTqtv1XKCIEKvil+MbndY+c5Uay6s5"
"8666f0b7-a698-43f7-b063-3fd016258f69","STEI_059.basePlot.ltr","D05","STEI","STEI_059","STEI_059_139","2016-10-27","2016-10-05","2016-10-17","2016-10-24T16:45Z","2016-10-27T21:00Z","NEON.LTR.STEI059139.20161017","NEON.LTR.STEI059139.20161017.WDY","NEON.DOC.001710vE","Woody material",0,"N",NA,"n3FTqtv1XKCIEKvil+MbndY+c5Uay6s5"
"67e3ef40-9c7a-497e-abe4-817de47990e6","STEI_059.basePlot.ltr","D05","STEI","STEI_059","STEI_059_139","2016-10-27","2016-10-05","2016-10-17","2016-10-24T16:45Z","2016-10-27T21:00Z","NEON.LTR.STEI059139.20161017","NEON.LTR.STEI059139.20161017.TWI","NEON.DOC.001710vE","Twigs/branches",0.43,"N",NA,"n3FTqtv1XKCIEKvil+MbndY+c5Uay6s5"
"23f4a959-a397-47be-b845-76033df38b52","STEI_059.basePlot.ltr","D05","STEI","STEI_059","STEI_059_139","2016-10-27","2016-10-05","2016-10-17","2016-10-24T16:45Z","2016-10-27T21:00Z","NEON.LTR.STEI059139.20161017","NEON.LTR.STEI059139.20161017.LVS","NEON.DOC.001710vE","Leaves",21.59,"N",NA,"n3FTqtv1XKCIEKvil+MbndY+c5Uay6s5"
"12ab6a06-2773-4eb2-b20d-a06cddb3b948","STEI_059.basePlot.ltr","D05","STEI","STEI_059","STEI_059_139","2016-10-27","2016-10-05","2016-10-17","2016-10-24T16:45Z","2016-10-27T21:00Z","NEON.LTR.STEI059139.20161017","NEON.LTR.STEI059139.20161017.NDL","NEON.DOC.001710vE","Needles",0.005,"N",NA,"n3FTqtv1XKCIEKvil+MbndY+c5Uay6s5"
"cd354fd3-6e01-48f6-b06a-2a2190dcd811","STEI_059.basePlot.ltr","D05","STEI","STEI_059","STEI_059_139","2016-10-27","2016-10-05","2016-10-17","2016-10-24T16:45Z","2016-10-27T21:00Z","NEON.LTR.STEI059139.20161017","NEON.LTR.STEI059139.20161017.FLR","NEON.DOC.001710vE","Flowers",0,"N",NA,"n3FTqtv1XKCIEKvil+MbndY+c5Uay6s5"
"8c96fe5f-4045-4e7f-a5d4-782625fb23ad","STEI_054.basePlot.ltr","D05","STEI","STEI_054","STEI_054_372","2016-10-27","2016-10-05","2016-10-17","2016-10-24T16:45Z","2016-10-27T21:00Z","NEON.LTR.STEI054372.20161017","NEON.LTR.STEI054372.20161017.LVS","NEON.DOC.001710vE","Leaves",58.72,"N",NA,"n3FTqtv1XKCIEKvil+MbndY+c5Uay6s5"
"d14dae9d-ee58-43f4-830c-b2904ff029ec","STEI_054.basePlot.ltr","D05","STEI","STEI_054","STEI_054_372","2016-10-27","2016-10-05","2016-10-17","2016-10-24T16:45Z","2016-10-27T21:00Z","NEON.LTR.STEI054372.20161017","NEON.LTR.STEI054372.20161017.WDY","NEON.DOC.001710vE","Woody material",0,"N",NA,"n3FTqtv1XKCIEKvil+MbndY+c5Uay6s5"
"c426979d-887c-45db-b10f-9a1e1bdeaa05","STEI_054.basePlot.ltr","D05","STEI","STEI_054","STEI_054_372","2016-10-27","2016-10-05","2016-10-17","2016-10-24T16:45Z","2016-10-27T21:00Z","NEON.LTR.STEI054372.20161017","NEON.LTR.STEI054372.20161017.TWI","NEON.DOC.001710vE","Twigs/branches",2.99,"N",NA,"n3FTqtv1XKCIEKvil+MbndY+c5Uay6s5"
"4eb3f030-df11-40c0-a1f4-9395d9aa7e14","STEI_054.basePlot.ltr","D05","STEI","STEI_054","STEI_054_372","2016-10-27","2016-10-05","2016-10-17","2016-10-24T16:45Z","2016-10-27T21:00Z","NEON.LTR.STEI054372.20161017","NEON.LTR.STEI054372.20161017.SDS","NEON.DOC.001710vE","Seeds",0,"N",NA,"n3FTqtv1XKCIEKvil+MbndY+c5Uay6s5"
"4bfc3998-a96a-46a8-ab63-c90b4beed1f0","STEI_054.basePlot.ltr","D05","STEI","STEI_054","STEI_054_372","2016-10-27","2016-10-05","2016-10-17","2016-10-24T16:45Z","2016-10-27T21:00Z","NEON.LTR.STEI054372.20161017","NEON.LTR.STEI054372.20161017.NDL","NEON.DOC.001710vE","Needles",0,"N",NA,"n3FTqtv1XKCIEKvil+MbndY+c5Uay6s5"
"1b6153aa-f3e9-40df-ae9a-fec361b61ebf","STEI_054.basePlot.ltr","D05","STEI","STEI_054","STEI_054_372","2016-10-27","2016-10-05","2016-10-17","2016-10-24T16:45Z","2016-10-27T21:00Z","NEON.LTR.STEI054372.20161017","NEON.LTR.STEI054372.20161017.FLR","NEON.DOC.001710vE","Flowers",0,"N",NA,"n3FTqtv1XKCIEKvil+MbndY+c5Uay6s5"
"54e5e40e-76fc-410d-a9f1-76765d67f18f","STEI_062.basePlot.ltr","D05","STEI","STEI_062","STEI_062_139","2016-10-27","2016-10-05","2016-10-17","2016-10-24T16:45Z","2016-10-27T21:00Z","NEON.LTR.STEI062139.20161017","NEON.LTR.STEI062139.20161017.WDY","NEON.DOC.001710vE","Woody material",0.06,"N",NA,"n3FTqtv1XKCIEKvil+MbndY+c5Uay6s5"
"8543a645-be8d-462d-a038-770316f46dd8","STEI_062.basePlot.ltr","D05","STEI","STEI_062","STEI_062_139","2016-10-27","2016-10-05","2016-10-17","2016-10-24T16:45Z","2016-10-27T21:00Z","NEON.LTR.STEI062139.20161017","NEON.LTR.STEI062139.20161017.FLR","NEON.DOC.001710vE","Flowers",0.005,"N",NA,"n3FTqtv1XKCIEKvil+MbndY+c5Uay6s5"
"2ef8d269-fb03-40ca-85a1-9c08ef341f50","STEI_062.basePlot.ltr","D05","STEI","STEI_062","STEI_062_139","2016-10-27","2016-10-05","2016-10-17","2016-10-24T16:45Z","2016-10-27T21:00Z","NEON.LTR.STEI062139.20161017","NEON.LTR.STEI062139.20161017.SDS","NEON.DOC.001710vE","Seeds",0.07,"N",NA,"n3FTqtv1XKCIEKvil+MbndY+c5Uay6s5"
"dff91584-5f0a-4d01-9f0f-33affb0e6926","STEI_062.basePlot.ltr","D05","STEI","STEI_062","STEI_062_139","2016-10-27","2016-10-05","2016-10-17","2016-10-24T16:45Z","2016-10-27T21:00Z","NEON.LTR.STEI062139.20161017","NEON.LTR.STEI062139.20161017.TWI","NEON.DOC.001710vE","Twigs/branches",1.84,"N",NA,"n3FTqtv1XKCIEKvil+MbndY+c5Uay6s5"
"648d4ec8-23cb-4b48-85b1-8621b4bfc270","STEI_062.basePlot.ltr","D05","STEI","STEI_062","STEI_062_139","2016-10-27","2016-10-05","2016-10-17","2016-10-24T16:45Z","2016-10-27T21:00Z","NEON.LTR.STEI062139.20161017","NEON.LTR.STEI062139.20161017.NDL","NEON.DOC.001710vE","Needles",0.29,"N",NA,"n3FTqtv1XKCIEKvil+MbndY+c5Uay6s5"
"a9dae252-e5f4-4127-beeb-562504dcb7a0","STEI_054.basePlot.ltr","D05","STEI","STEI_054","STEI_054_372","2016-11-13","2016-10-17","2016-11-07","2016-11-09T21:15Z","2016-11-13T22:00Z","NEON.LTR.STEI054372.20161107","NEON.LTR.STEI054372.20161107.NDL","NEON.DOC.001710vE","Needles",0,"N",NA,"P9hftDyV5NLbHB2gcoQF666NEvwuiXGq"
"dc700d83-8ad6-4342-9a0d-45d823e8910e","STEI_054.basePlot.ltr","D05","STEI","STEI_054","STEI_054_372","2016-11-13","2016-10-17","2016-11-07","2016-11-09T21:15Z","2016-11-13T22:00Z","NEON.LTR.STEI054372.20161107","NEON.LTR.STEI054372.20161107.OTH","NEON.DOC.001710vE","Other",0.08,"N",NA,"P9hftDyV5NLbHB2gcoQF666NEvwuiXGq"
"dbaa9810-0af6-426d-b9e4-bc651df61923","STEI_054.basePlot.ltr","D05","STEI","STEI_054","STEI_054_372","2016-11-13","2016-10-17","2016-11-07","2016-11-09T21:15Z","2016-11-13T22:00Z","NEON.LTR.STEI054372.20161107","NEON.LTR.STEI054372.20161107.LVS","NEON.DOC.001710vE","Leaves",6.32,"N",NA,"P9hftDyV5NLbHB2gcoQF666NEvwuiXGq"
"91b43e4e-dcb7-4fb4-a1c9-933e6698ac37","STEI_054.basePlot.ltr","D05","STEI","STEI_054","STEI_054_372","2016-11-13","2016-10-17","2016-11-07","2016-11-09T21:15Z","2016-11-13T22:00Z","NEON.LTR.STEI054372.20161107","NEON.LTR.STEI054372.20161107.FLR","NEON.DOC.001710vE","Flowers",0,"N",NA,"P9hftDyV5NLbHB2gcoQF666NEvwuiXGq"
"f94a9db6-7d6d-4dbf-8da6-67271367e09c","STEI_054.basePlot.ltr","D05","STEI","STEI_054","STEI_054_372","2016-11-13","2016-10-17","2016-11-07","2016-11-09T21:15Z","2016-11-13T22:00Z","NEON.LTR.STEI054372.20161107","NEON.LTR.STEI054372.20161107.WDY","NEON.DOC.001710vE","Woody material",0,"N",NA,"P9hftDyV5NLbHB2gcoQF666NEvwuiXGq"
"b47d934c-2c73-4438-bf4a-9ac2a9ebf240","STEI_054.basePlot.ltr","D05","STEI","STEI_054","STEI_054_372","2016-11-13","2016-10-17","2016-11-07","2016-11-09T21:15Z","2016-11-13T22:00Z","NEON.LTR.STEI054372.20161107","NEON.LTR.STEI054372.20161107.SDS","NEON.DOC.001710vE","Seeds",0,"N",NA,"P9hftDyV5NLbHB2gcoQF666NEvwuiXGq"
"36c49fdb-d5eb-41e0-8459-38ca19aead14","STEI_054.basePlot.ltr","D05","STEI","STEI_054","STEI_054_372","2016-11-13","2016-10-17","2016-11-07","2016-11-09T21:15Z","2016-11-13T22:00Z","NEON.LTR.STEI054372.20161107","NEON.LTR.STEI054372.20161107.TWI","NEON.DOC.001710vE","Twigs/branches",1.06,"N",NA,"P9hftDyV5NLbHB2gcoQF666NEvwuiXGq"
"84914841-de76-453c-9d27-e5e58e9226c8","STEI_060.basePlot.ltr","D05","STEI","STEI_060","STEI_060_901","2016-11-13","2016-10-17","2016-11-07","2016-11-09T21:15Z","2016-11-13T22:00Z","NEON.LTR.STEI060901.20161107","NEON.LTR.STEI060901.20161107.OTH","NEON.DOC.001710vE","Other",0,"N",NA,"P9hftDyV5NLbHB2gcoQF666NEvwuiXGq"
"69b4c815-dbe1-44ce-8284-bbfe20ce3d09","STEI_060.basePlot.ltr","D05","STEI","STEI_060","STEI_060_901","2016-11-13","2016-10-17","2016-11-07","2016-11-09T21:15Z","2016-11-13T22:00Z","NEON.LTR.STEI060901.20161107","NEON.LTR.STEI060901.20161107.NDL","NEON.DOC.001710vE","Needles",0.13,"N",NA,"P9hftDyV5NLbHB2gcoQF666NEvwuiXGq"
"fb3e3e2f-cbb8-4b93-8ac1-6ea5301dbcb1","STEI_060.basePlot.ltr","D05","STEI","STEI_060","STEI_060_901","2016-11-13","2016-10-17","2016-11-07","2016-11-09T21:15Z","2016-11-13T22:00Z","NEON.LTR.STEI060901.20161107","NEON.LTR.STEI060901.20161107.FLR","NEON.DOC.001710vE","Flowers",0.005,"N",NA,"P9hftDyV5NLbHB2gcoQF666NEvwuiXGq"
"041f3284-6b5f-4180-8721-0eeeb29add24","STEI_060.basePlot.ltr","D05","STEI","STEI_060","STEI_060_901","2016-11-13","2016-10-17","2016-11-07","2016-11-09T21:15Z","2016-11-13T22:00Z","NEON.LTR.STEI060901.20161107","NEON.LTR.STEI060901.20161107.LVS","NEON.DOC.001710vE","Leaves",1.29,"N",NA,"P9hftDyV5NLbHB2gcoQF666NEvwuiXGq"
"0c283b98-812a-411c-b0cd-46a9dc9083da","STEI_060.basePlot.ltr","D05","STEI","STEI_060","STEI_060_901","2016-11-13","2016-10-17","2016-11-07","2016-11-09T21:15Z","2016-11-13T22:00Z","NEON.LTR.STEI060901.20161107","NEON.LTR.STEI060901.20161107.SDS","NEON.DOC.001710vE","Seeds",0.005,"N",NA,"P9hftDyV5NLbHB2gcoQF666NEvwuiXGq"
"b66c46f4-1001-4dd9-aeed-31a3253b8dfc","STEI_060.basePlot.ltr","D05","STEI","STEI_060","STEI_060_901","2016-11-13","2016-10-17","2016-11-07","2016-11-09T21:15Z","2016-11-13T22:00Z","NEON.LTR.STEI060901.20161107","NEON.LTR.STEI060901.20161107.WDY","NEON.DOC.001710vE","Woody material",0.005,"N",NA,"P9hftDyV5NLbHB2gcoQF666NEvwuiXGq"
"af4ec943-0634-472f-8601-315a774ee544","STEI_060.basePlot.ltr","D05","STEI","STEI_060","STEI_060_901","2016-11-13","2016-10-17","2016-11-07","2016-11-09T21:15Z","2016-11-13T22:00Z","NEON.LTR.STEI060901.20161107","NEON.LTR.STEI060901.20161107.TWI","NEON.DOC.001710vE","Twigs/branches",1.07,"N",NA,"P9hftDyV5NLbHB2gcoQF666NEvwuiXGq"
"6e44df13-5fbd-4a79-b3a8-849eaf8082f2","STEI_057.basePlot.ltr","D05","STEI","STEI_057","STEI_057_901","2016-11-13","2016-10-17","2016-11-07","2016-11-09T21:15Z","2016-11-13T22:00Z","NEON.LTR.STEI057901.20161107","NEON.LTR.STEI057901.20161107.SDS","NEON.DOC.001710vE","Seeds",0.005,"N",NA,"P9hftDyV5NLbHB2gcoQF666NEvwuiXGq"
"7c8e6329-9790-4b64-b94c-b2a5b1894044","STEI_057.basePlot.ltr","D05","STEI","STEI_057","STEI_057_901","2016-11-13","2016-10-17","2016-11-07","2016-11-09T21:15Z","2016-11-13T22:00Z","NEON.LTR.STEI057901.20161107","NEON.LTR.STEI057901.20161107.FLR","NEON.DOC.001710vE","Flowers",0.005,"N",NA,"P9hftDyV5NLbHB2gcoQF666NEvwuiXGq"
"b0d6c479-1961-4d7b-af59-2ff0c43b2f98","STEI_057.basePlot.ltr","D05","STEI","STEI_057","STEI_057_901","2016-11-13","2016-10-17","2016-11-07","2016-11-09T21:15Z","2016-11-13T22:00Z","NEON.LTR.STEI057901.20161107","NEON.LTR.STEI057901.20161107.TWI","NEON.DOC.001710vE","Twigs/branches",0.21,"N",NA,"P9hftDyV5NLbHB2gcoQF666NEvwuiXGq"
"00b2d48f-e2cb-4f9c-972b-05fad664da79","STEI_057.basePlot.ltr","D05","STEI","STEI_057","STEI_057_901","2016-11-13","2016-10-17","2016-11-07","2016-11-09T21:15Z","2016-11-13T22:00Z","NEON.LTR.STEI057901.20161107","NEON.LTR.STEI057901.20161107.OTH","NEON.DOC.001710vE","Other",0.005,"N",NA,"P9hftDyV5NLbHB2gcoQF666NEvwuiXGq"
"c04ee0e3-978e-4b97-8fa8-f4ccbc77499f","STEI_057.basePlot.ltr","D05","STEI","STEI_057","STEI_057_901","2016-11-13","2016-10-17","2016-11-07","2016-11-09T21:15Z","2016-11-13T22:00Z","NEON.LTR.STEI057901.20161107","NEON.LTR.STEI057901.20161107.NDL","NEON.DOC.001710vE","Needles",0.005,"N",NA,"P9hftDyV5NLbHB2gcoQF666NEvwuiXGq"
"f7cb6e86-99aa-4ffd-9102-38e85c2ba6f3","STEI_057.basePlot.ltr","D05","STEI","STEI_057","STEI_057_901","2016-11-13","2016-10-17","2016-11-07","2016-11-09T21:15Z","2016-11-13T22:00Z","NEON.LTR.STEI057901.20161107","NEON.LTR.STEI057901.20161107.WDY","NEON.DOC.001710vE","Woody material",0,"N",NA,"P9hftDyV5NLbHB2gcoQF666NEvwuiXGq"
"b0f2e88d-a22c-4acd-92cb-389bdba6451a","STEI_057.basePlot.ltr","D05","STEI","STEI_057","STEI_057_901","2016-11-13","2016-10-17","2016-11-07","2016-11-09T21:15Z","2016-11-13T22:00Z","NEON.LTR.STEI057901.20161107","NEON.LTR.STEI057901.20161107.LVS","NEON.DOC.001710vE","Leaves",0.58,"N",NA,"P9hftDyV5NLbHB2gcoQF666NEvwuiXGq"
"86da89f3-fcfa-48e8-a1a3-6bd3e89507b8","STEI_048.basePlot.ltr","D05","STEI","STEI_048","STEI_048_076","2016-11-13","2016-10-17","2016-11-07","2016-11-09T21:15Z","2016-11-13T22:00Z","NEON.LTR.STEI048076.20161107","NEON.LTR.STEI048076.20161107.FLR","NEON.DOC.001710vE","Flowers",0,"N",NA,"P9hftDyV5NLbHB2gcoQF666NEvwuiXGq"
"1d75b38d-f43c-4c26-9a60-fae62c257a18","STEI_048.basePlot.ltr","D05","STEI","STEI_048","STEI_048_076","2016-11-13","2016-10-17","2016-11-07","2016-11-09T21:15Z","2016-11-13T22:00Z","NEON.LTR.STEI048076.20161107","NEON.LTR.STEI048076.20161107.TWI","NEON.DOC.001710vE","Twigs/branches",0,"N",NA,"P9hftDyV5NLbHB2gcoQF666NEvwuiXGq"
"2081468f-f28e-4029-b525-a8021d14eded","STEI_048.basePlot.ltr","D05","STEI","STEI_048","STEI_048_076","2016-11-13","2016-10-17","2016-11-07","2016-11-09T21:15Z","2016-11-13T22:00Z","NEON.LTR.STEI048076.20161107","NEON.LTR.STEI048076.20161107.SDS","NEON.DOC.001710vE","Seeds",0.005,"N",NA,"P9hftDyV5NLbHB2gcoQF666NEvwuiXGq"
"53928b2c-e04c-4118-b681-0f58fe88a8ed","STEI_048.basePlot.ltr","D05","STEI","STEI_048","STEI_048_076","2016-11-13","2016-10-17","2016-11-07","2016-11-09T21:15Z","2016-11-13T22:00Z","NEON.LTR.STEI048076.20161107","NEON.LTR.STEI048076.20161107.WDY","NEON.DOC.001710vE","Woody material",0.005,"N",NA,"P9hftDyV5NLbHB2gcoQF666NEvwuiXGq"
"05a94f78-c998-4f1f-88b1-aa132dfa9a33","STEI_048.basePlot.ltr","D05","STEI","STEI_048","STEI_048_076","2016-11-13","2016-10-17","2016-11-07","2016-11-09T21:15Z","2016-11-13T22:00Z","NEON.LTR.STEI048076.20161107","NEON.LTR.STEI048076.20161107.LVS","NEON.DOC.001710vE","Leaves",0.75,"N",NA,"P9hftDyV5NLbHB2gcoQF666NEvwuiXGq"
"b8a87c2e-644a-43d6-8b87-501bb77a9a23","STEI_048.basePlot.ltr","D05","STEI","STEI_048","STEI_048_076","2016-11-13","2016-10-17","2016-11-07","2016-11-09T21:15Z","2016-11-13T22:00Z","NEON.LTR.STEI048076.20161107","NEON.LTR.STEI048076.20161107.OTH","NEON.DOC.001710vE","Other",0.005,"N",NA,"P9hftDyV5NLbHB2gcoQF666NEvwuiXGq"
"e52e75a0-65de-4f1b-8ab3-4a1c8dad6a40","STEI_048.basePlot.ltr","D05","STEI","STEI_048","STEI_048_076","2016-11-13","2016-10-17","2016-11-07","2016-11-09T21:15Z","2016-11-13T22:00Z","NEON.LTR.STEI048076.20161107","NEON.LTR.STEI048076.20161107.LVS","NEON.DOC.001710vE","Leaves",0.74,"Y",NA,"P9hftDyV5NLbHB2gcoQF666NEvwuiXGq"
"ca3f6344-9e40-4419-9ff5-6a5a854b07ae","STEI_048.basePlot.ltr","D05","STEI","STEI_048","STEI_048_076","2016-11-13","2016-10-17","2016-11-07","2016-11-09T21:15Z","2016-11-13T22:00Z","NEON.LTR.STEI048076.20161107","NEON.LTR.STEI048076.20161107.NDL","NEON.DOC.001710vE","Needles",1.46,"N",NA,"P9hftDyV5NLbHB2gcoQF666NEvwuiXGq"
"0071edb3-d628-471c-a803-ff2a7db358b5","STEI_054.basePlot.ltr","D05","STEI","STEI_054","STEI_054_756","2016-11-13","2016-10-17","2016-11-07","2016-11-09T21:15Z","2016-11-13T22:00Z","NEON.LTR.STEI054756.20161107","NEON.LTR.STEI054756.20161107.NDL","NEON.DOC.001710vE","Needles",0.005,"N",NA,"P9hftDyV5NLbHB2gcoQF666NEvwuiXGq"
"16ae94ac-8840-432f-beff-b972916fe8ad","STEI_054.basePlot.ltr","D05","STEI","STEI_054","STEI_054_756","2016-11-13","2016-10-17","2016-11-07","2016-11-09T21:15Z","2016-11-13T22:00Z","NEON.LTR.STEI054756.20161107","NEON.LTR.STEI054756.20161107.WDY","NEON.DOC.001710vE","Woody material",0,"N",NA,"P9hftDyV5NLbHB2gcoQF666NEvwuiXGq"
"e70656ec-72b1-43af-94d3-20daa2b9b459","STEI_054.basePlot.ltr","D05","STEI","STEI_054","STEI_054_756","2016-11-13","2016-10-17","2016-11-07","2016-11-09T21:15Z","2016-11-13T22:00Z","NEON.LTR.STEI054756.20161107","NEON.LTR.STEI054756.20161107.TWI","NEON.DOC.001710vE","Twigs/branches",0.83,"N",NA,"P9hftDyV5NLbHB2gcoQF666NEvwuiXGq"
"d8840307-e167-4358-b724-28b989447aba","STEI_054.basePlot.ltr","D05","STEI","STEI_054","STEI_054_756","2016-11-13","2016-10-17","2016-11-07","2016-11-09T21:15Z","2016-11-13T22:00Z","NEON.LTR.STEI054756.20161107","NEON.LTR.STEI054756.20161107.LVS","NEON.DOC.001710vE","Leaves",3.78,"N",NA,"P9hftDyV5NLbHB2gcoQF666NEvwuiXGq"
"af0effff-4dcb-499d-939c-699c34a66763","STEI_054.basePlot.ltr","D05","STEI","STEI_054","STEI_054_756","2016-11-13","2016-10-17","2016-11-07","2016-11-09T21:15Z","2016-11-13T22:00Z","NEON.LTR.STEI054756.20161107","NEON.LTR.STEI054756.20161107.FLR","NEON.DOC.001710vE","Flowers",0,"N",NA,"P9hftDyV5NLbHB2gcoQF666NEvwuiXGq"
"1193cf3a-3731-44e5-9be8-ce6cc0105771","STEI_054.basePlot.ltr","D05","STEI","STEI_054","STEI_054_756","2016-11-13","2016-10-17","2016-11-07","2016-11-09T21:15Z","2016-11-13T22:00Z","NEON.LTR.STEI054756.20161107","NEON.LTR.STEI054756.20161107.SDS","NEON.DOC.001710vE","Seeds",0.01,"N",NA,"P9hftDyV5NLbHB2gcoQF666NEvwuiXGq"
"f67abc41-e3be-404f-980f-692cdb937f39","STEI_054.basePlot.ltr","D05","STEI","STEI_054","STEI_054_756","2016-11-13","2016-10-17","2016-11-07","2016-11-09T21:15Z","2016-11-13T22:00Z","NEON.LTR.STEI054756.20161107","NEON.LTR.STEI054756.20161107.OTH","NEON.DOC.001710vE","Other",0.005,"N",NA,"P9hftDyV5NLbHB2gcoQF666NEvwuiXGq"
"d36f539c-f2df-4d40-8905-f16b7ebd6850","STEI_053.basePlot.ltr","D05","STEI","STEI_053","STEI_053_597","2016-11-13","2016-10-17","2016-11-07","2016-11-09T21:15Z","2016-11-13T22:00Z","NEON.LTR.STEI053597.20161107","NEON.LTR.STEI053597.20161107.SDS","NEON.DOC.001710vE","Seeds",0.17,"N",NA,"P9hftDyV5NLbHB2gcoQF666NEvwuiXGq"
"3dc9f761-c3e0-4125-a314-5063e307ce7d","STEI_053.basePlot.ltr","D05","STEI","STEI_053","STEI_053_597","2016-11-13","2016-10-17","2016-11-07","2016-11-09T21:15Z","2016-11-13T22:00Z","NEON.LTR.STEI053597.20161107","NEON.LTR.STEI053597.20161107.LVS","NEON.DOC.001710vE","Leaves",2.52,"N",NA,"P9hftDyV5NLbHB2gcoQF666NEvwuiXGq"
"7492c951-f2e2-41fc-a75f-424626317f14","STEI_053.basePlot.ltr","D05","STEI","STEI_053","STEI_053_597","2016-11-13","2016-10-17","2016-11-07","2016-11-09T21:15Z","2016-11-13T22:00Z","NEON.LTR.STEI053597.20161107","NEON.LTR.STEI053597.20161107.TWI","NEON.DOC.001710vE","Twigs/branches",0.22,"N",NA,"P9hftDyV5NLbHB2gcoQF666NEvwuiXGq"
"2ecf8425-4277-4328-b4b6-68bae5004ee0","STEI_053.basePlot.ltr","D05","STEI","STEI_053","STEI_053_597","2016-11-13","2016-10-17","2016-11-07","2016-11-09T21:15Z","2016-11-13T22:00Z","NEON.LTR.STEI053597.20161107","NEON.LTR.STEI053597.20161107.FLR","NEON.DOC.001710vE","Flowers",0,"N",NA,"P9hftDyV5NLbHB2gcoQF666NEvwuiXGq"
"29389767-c56a-4b44-8526-ef791bcd458d","STEI_053.basePlot.ltr","D05","STEI","STEI_053","STEI_053_597","2016-11-13","2016-10-17","2016-11-07","2016-11-09T21:15Z","2016-11-13T22:00Z","NEON.LTR.STEI053597.20161107","NEON.LTR.STEI053597.20161107.WDY","NEON.DOC.001710vE","Woody material",0.005,"N",NA,"P9hftDyV5NLbHB2gcoQF666NEvwuiXGq"
"f065add9-14fd-40a3-b5b3-71976c8ebf4a","STEI_053.basePlot.ltr","D05","STEI","STEI_053","STEI_053_597","2016-11-13","2016-10-17","2016-11-07","2016-11-09T21:15Z","2016-11-13T22:00Z","NEON.LTR.STEI053597.20161107","NEON.LTR.STEI053597.20161107.NDL","NEON.DOC.001710vE","Needles",0.03,"N",NA,"P9hftDyV5NLbHB2gcoQF666NEvwuiXGq"
"4790b200-6ad4-43ba-97eb-fb36d19e8df1","STEI_047.basePlot.ltr","D05","STEI","STEI_047","STEI_047_185","2016-11-13","2016-10-17","2016-11-07","2016-11-09T21:15Z","2016-11-13T22:00Z","NEON.LTR.STEI047185.20161107","NEON.LTR.STEI047185.20161107.FLR","NEON.DOC.001710vE","Flowers",0,"N",NA,"P9hftDyV5NLbHB2gcoQF666NEvwuiXGq"
"72b09c8b-1fd4-4a0f-b0fa-cb6d69ad7d6b","STEI_047.basePlot.ltr","D05","STEI","STEI_047","STEI_047_185","2016-11-13","2016-10-17","2016-11-07","2016-11-09T21:15Z","2016-11-13T22:00Z","NEON.LTR.STEI047185.20161107","NEON.LTR.STEI047185.20161107.OTH","NEON.DOC.001710vE","Other",0.17,"N",NA,"P9hftDyV5NLbHB2gcoQF666NEvwuiXGq"
"bb89ef1c-788f-4bbd-aca7-cf0b5c44741c","STEI_053.basePlot.ltr","D05","STEI","STEI_053","STEI_053_597","2016-11-13","2016-10-17","2016-11-07","2016-11-09T21:15Z","2016-11-13T22:00Z","NEON.LTR.STEI053597.20161107","NEON.LTR.STEI053597.20161107.OTH","NEON.DOC.001710vE","Other",0.06,"N",NA,"P9hftDyV5NLbHB2gcoQF666NEvwuiXGq"
"61045c5a-cd01-426d-8fc3-9193b2e0e2ac","STEI_047.basePlot.ltr","D05","STEI","STEI_047","STEI_047_185","2016-11-13","2016-10-17","2016-11-07","2016-11-09T21:15Z","2016-11-13T22:00Z","NEON.LTR.STEI047185.20161107","NEON.LTR.STEI047185.20161107.NDL","NEON.DOC.001710vE","Needles",1.11,"N",NA,"P9hftDyV5NLbHB2gcoQF666NEvwuiXGq"
"d86ce1b2-8a81-4119-893e-ce8720e32e82","STEI_047.basePlot.ltr","D05","STEI","STEI_047","STEI_047_185","2016-11-13","2016-10-17","2016-11-07","2016-11-09T21:15Z","2016-11-13T22:00Z","NEON.LTR.STEI047185.20161107","NEON.LTR.STEI047185.20161107.LVS","NEON.DOC.001710vE","Leaves",4.59,"N",NA,"P9hftDyV5NLbHB2gcoQF666NEvwuiXGq"
"cc29a7b2-5eff-40e3-b2c5-ea8dc21a18ce","STEI_047.basePlot.ltr","D05","STEI","STEI_047","STEI_047_185","2016-11-13","2016-10-17","2016-11-07","2016-11-09T21:15Z","2016-11-13T22:00Z","NEON.LTR.STEI047185.20161107","NEON.LTR.STEI047185.20161107.WDY","NEON.DOC.001710vE","Woody material",0,"N",NA,"P9hftDyV5NLbHB2gcoQF666NEvwuiXGq"
"b1d21395-a327-49cd-873e-2364f8190f10","STEI_047.basePlot.ltr","D05","STEI","STEI_047","STEI_047_185","2016-11-13","2016-10-17","2016-11-07","2016-11-09T21:15Z","2016-11-13T22:00Z","NEON.LTR.STEI047185.20161107","NEON.LTR.STEI047185.20161107.SDS","NEON.DOC.001710vE","Seeds",0.03,"N",NA,"P9hftDyV5NLbHB2gcoQF666NEvwuiXGq"
"678cc16a-2a9b-40cf-b231-1cfce02db9a6","STEI_047.basePlot.ltr","D05","STEI","STEI_047","STEI_047_185","2016-11-13","2016-10-17","2016-11-07","2016-11-09T21:15Z","2016-11-13T22:00Z","NEON.LTR.STEI047185.20161107","NEON.LTR.STEI047185.20161107.TWI","NEON.DOC.001710vE","Twigs/branches",0,"N",NA,"P9hftDyV5NLbHB2gcoQF666NEvwuiXGq"
"a832b8a9-46ce-48a4-b2a2-5ac9a347057b","STEI_051.basePlot.ltr","D05","STEI","STEI_051","STEI_051_076","2016-11-13","2016-10-17","2016-11-07","2016-11-09T21:15Z","2016-11-13T22:00Z","NEON.LTR.STEI051076.20161107","NEON.LTR.STEI051076.20161107.WDY","NEON.DOC.001710vE","Woody material",0,"N",NA,"P9hftDyV5NLbHB2gcoQF666NEvwuiXGq"
"a67a07d4-0fc2-4ba4-b8bc-03704d8118b4","STEI_051.basePlot.ltr","D05","STEI","STEI_051","STEI_051_076","2016-11-13","2016-10-17","2016-11-07","2016-11-09T21:15Z","2016-11-13T22:00Z","NEON.LTR.STEI051076.20161107","NEON.LTR.STEI051076.20161107.NDL","NEON.DOC.001710vE","Needles",1,"N",NA,"P9hftDyV5NLbHB2gcoQF666NEvwuiXGq"
"1c88cf1a-c01b-4b1f-8764-838dd86b0ee5","STEI_051.basePlot.ltr","D05","STEI","STEI_051","STEI_051_076","2016-11-13","2016-10-17","2016-11-07","2016-11-09T21:15Z","2016-11-13T22:00Z","NEON.LTR.STEI051076.20161107","NEON.LTR.STEI051076.20161107.LVS","NEON.DOC.001710vE","Leaves",2.82,"N",NA,"P9hftDyV5NLbHB2gcoQF666NEvwuiXGq"
"7eda32d9-ea11-4017-acc9-3cd1f863668f","STEI_051.basePlot.ltr","D05","STEI","STEI_051","STEI_051_076","2016-11-13","2016-10-17","2016-11-07","2016-11-09T21:15Z","2016-11-13T22:00Z","NEON.LTR.STEI051076.20161107","NEON.LTR.STEI051076.20161107.FLR","NEON.DOC.001710vE","Flowers",0,"N",NA,"P9hftDyV5NLbHB2gcoQF666NEvwuiXGq"
"10754c90-ea03-491b-bf11-5dd112d3b0a5","STEI_051.basePlot.ltr","D05","STEI","STEI_051","STEI_051_076","2016-11-13","2016-10-17","2016-11-07","2016-11-09T21:15Z","2016-11-13T22:00Z","NEON.LTR.STEI051076.20161107","NEON.LTR.STEI051076.20161107.NDL","NEON.DOC.001710vE","Needles",0.01,"Y",NA,"P9hftDyV5NLbHB2gcoQF666NEvwuiXGq"
"62368e5a-76b1-4b93-b63e-f7cc570b18cd","STEI_051.basePlot.ltr","D05","STEI","STEI_051","STEI_051_076","2016-11-13","2016-10-17","2016-11-07","2016-11-09T21:15Z","2016-11-13T22:00Z","NEON.LTR.STEI051076.20161107","NEON.LTR.STEI051076.20161107.LVS","NEON.DOC.001710vE","Leaves",2.81,"Y",NA,"P9hftDyV5NLbHB2gcoQF666NEvwuiXGq"
"3b1e0152-f5ef-456c-befa-232f984098d2","STEI_051.basePlot.ltr","D05","STEI","STEI_051","STEI_051_076","2016-11-13","2016-10-17","2016-11-07","2016-11-09T21:15Z","2016-11-13T22:00Z","NEON.LTR.STEI051076.20161107","NEON.LTR.STEI051076.20161107.TWI","NEON.DOC.001710vE","Twigs/branches",0,"N",NA,"P9hftDyV5NLbHB2gcoQF666NEvwuiXGq"
"0d1ed65d-2c5a-402c-9df6-e70fa5ca75ba","STEI_051.basePlot.ltr","D05","STEI","STEI_051","STEI_051_076","2016-11-13","2016-10-17","2016-11-07","2016-11-09T21:15Z","2016-11-13T22:00Z","NEON.LTR.STEI051076.20161107","NEON.LTR.STEI051076.20161107.OTH","NEON.DOC.001710vE","Other",0.05,"N",NA,"P9hftDyV5NLbHB2gcoQF666NEvwuiXGq"
"89648772-ff3a-4691-9229-46bb79e96bae","STEI_055.basePlot.ltr","D05","STEI","STEI_055","STEI_055_833","2016-11-13","2016-10-17","2016-11-07","2016-11-09T21:15Z","2016-11-13T22:00Z","NEON.LTR.STEI055833.20161107","NEON.LTR.STEI055833.20161107.LVS","NEON.DOC.001710vE","Leaves",1.19,"N",NA,"P9hftDyV5NLbHB2gcoQF666NEvwuiXGq"
"6259a944-555a-444b-ae2a-b72c6dbc5fff","STEI_055.basePlot.ltr","D05","STEI","STEI_055","STEI_055_833","2016-11-13","2016-10-17","2016-11-07","2016-11-09T21:15Z","2016-11-13T22:00Z","NEON.LTR.STEI055833.20161107","NEON.LTR.STEI055833.20161107.FLR","NEON.DOC.001710vE","Flowers",0,"N",NA,"P9hftDyV5NLbHB2gcoQF666NEvwuiXGq"
"83c143ef-6649-4d76-90bf-ef207766e906","STEI_051.basePlot.ltr","D05","STEI","STEI_051","STEI_051_076","2016-11-13","2016-10-17","2016-11-07","2016-11-09T21:15Z","2016-11-13T22:00Z","NEON.LTR.STEI051076.20161107","NEON.LTR.STEI051076.20161107.SDS","NEON.DOC.001710vE","Seeds",0,"N",NA,"P9hftDyV5NLbHB2gcoQF666NEvwuiXGq"
"7cdf4058-e12d-4735-b747-37ea1c747e57","STEI_055.basePlot.ltr","D05","STEI","STEI_055","STEI_055_833","2016-11-13","2016-10-17","2016-11-07","2016-11-09T21:15Z","2016-11-13T22:00Z","NEON.LTR.STEI055833.20161107","NEON.LTR.STEI055833.20161107.OTH","NEON.DOC.001710vE","Other",0.005,"N",NA,"P9hftDyV5NLbHB2gcoQF666NEvwuiXGq"
"f86968d4-eb2d-4531-8d46-ffab58c2ad88","STEI_055.basePlot.ltr","D05","STEI","STEI_055","STEI_055_833","2016-11-13","2016-10-17","2016-11-07","2016-11-09T21:15Z","2016-11-13T22:00Z","NEON.LTR.STEI055833.20161107","NEON.LTR.STEI055833.20161107.TWI","NEON.DOC.001710vE","Twigs/branches",0.005,"N",NA,"P9hftDyV5NLbHB2gcoQF666NEvwuiXGq"
"4e060df7-368b-46b5-872b-8b899768ff32","STEI_055.basePlot.ltr","D05","STEI","STEI_055","STEI_055_833","2016-11-13","2016-10-17","2016-11-07","2016-11-09T21:15Z","2016-11-13T22:00Z","NEON.LTR.STEI055833.20161107","NEON.LTR.STEI055833.20161107.WDY","NEON.DOC.001710vE","Woody material",0.005,"N",NA,"P9hftDyV5NLbHB2gcoQF666NEvwuiXGq"
"2396b665-4905-45cd-998a-ab6a6c4a00d7","STEI_055.basePlot.ltr","D05","STEI","STEI_055","STEI_055_833","2016-11-13","2016-10-17","2016-11-07","2016-11-09T21:15Z","2016-11-13T22:00Z","NEON.LTR.STEI055833.20161107","NEON.LTR.STEI055833.20161107.SDS","NEON.DOC.001710vE","Seeds",0.005,"N",NA,"P9hftDyV5NLbHB2gcoQF666NEvwuiXGq"
"4e69903e-b7e3-4636-ac9d-9e7bbdd67fb8","STEI_055.basePlot.ltr","D05","STEI","STEI_055","STEI_055_833","2016-11-13","2016-10-17","2016-11-07","2016-11-09T21:15Z","2016-11-13T22:00Z","NEON.LTR.STEI055833.20161107","NEON.LTR.STEI055833.20161107.NDL","NEON.DOC.001710vE","Needles",0.005,"N",NA,"P9hftDyV5NLbHB2gcoQF666NEvwuiXGq"
"5565f6ab-93f5-46a8-b8d6-d2f8d1b61918","STEI_062.basePlot.ltr","D05","STEI","STEI_062","STEI_062_139","2016-11-13","2016-10-17","2016-11-07","2016-11-09T21:15Z","2016-11-13T22:00Z","NEON.LTR.STEI062139.20161107","NEON.LTR.STEI062139.20161107.TWI","NEON.DOC.001710vE","Twigs/branches",0.21,"N",NA,"P9hftDyV5NLbHB2gcoQF666NEvwuiXGq"
"1691eb75-8c1a-45cd-b3fb-edf29c1744ba","STEI_062.basePlot.ltr","D05","STEI","STEI_062","STEI_062_139","2016-11-13","2016-10-17","2016-11-07","2016-11-09T21:15Z","2016-11-13T22:00Z","NEON.LTR.STEI062139.20161107","NEON.LTR.STEI062139.20161107.WDY","NEON.DOC.001710vE","Woody material",0.08,"N",NA,"P9hftDyV5NLbHB2gcoQF666NEvwuiXGq"
"41495dbf-98c6-4fb3-87e2-dfd7bb63cca5","STEI_052.basePlot.ltr","D05","STEI","STEI_052","STEI_052_607","2016-11-13","2016-10-17","2016-11-07","2016-11-09T21:15Z","2016-11-13T22:00Z","NEON.LTR.STEI052607.20161107","NEON.LTR.STEI052607.20161107.OTH","NEON.DOC.001710vE","Other",0.01,"N",NA,"P9hftDyV5NLbHB2gcoQF666NEvwuiXGq"
"07863430-de1e-4a22-91d1-651b65f59d63","STEI_052.basePlot.ltr","D05","STEI","STEI_052","STEI_052_607","2016-11-13","2016-10-17","2016-11-07","2016-11-09T21:15Z","2016-11-13T22:00Z","NEON.LTR.STEI052607.20161107","NEON.LTR.STEI052607.20161107.LVS","NEON.DOC.001710vE","Leaves",0.82,"N",NA,"P9hftDyV5NLbHB2gcoQF666NEvwuiXGq"
"d340d0a6-0c61-4f92-a131-aa8f1ceb92f8","STEI_052.basePlot.ltr","D05","STEI","STEI_052","STEI_052_607","2016-11-13","2016-10-17","2016-11-07","2016-11-09T21:15Z","2016-11-13T22:00Z","NEON.LTR.STEI052607.20161107","NEON.LTR.STEI052607.20161107.TWI","NEON.DOC.001710vE","Twigs/branches",0,"N",NA,"P9hftDyV5NLbHB2gcoQF666NEvwuiXGq"
"ecd341a3-cd2c-420d-b416-e294b86d15c7","STEI_052.basePlot.ltr","D05","STEI","STEI_052","STEI_052_607","2016-11-13","2016-10-17","2016-11-07","2016-11-09T21:15Z","2016-11-13T22:00Z","NEON.LTR.STEI052607.20161107","NEON.LTR.STEI052607.20161107.NDL","NEON.DOC.001710vE","Needles",0,"N",NA,"P9hftDyV5NLbHB2gcoQF666NEvwuiXGq"
"ae3b2e55-8d2b-4317-b629-5615648bd437","STEI_052.basePlot.ltr","D05","STEI","STEI_052","STEI_052_607","2016-11-13","2016-10-17","2016-11-07","2016-11-09T21:15Z","2016-11-13T22:00Z","NEON.LTR.STEI052607.20161107","NEON.LTR.STEI052607.20161107.FLR","NEON.DOC.001710vE","Flowers",0,"N",NA,"P9hftDyV5NLbHB2gcoQF666NEvwuiXGq"
"245a9bf0-8614-4df0-b6bb-9ba529882050","STEI_052.basePlot.ltr","D05","STEI","STEI_052","STEI_052_607","2016-11-13","2016-10-17","2016-11-07","2016-11-09T21:15Z","2016-11-13T22:00Z","NEON.LTR.STEI052607.20161107","NEON.LTR.STEI052607.20161107.WDY","NEON.DOC.001710vE","Woody material",0,"N",NA,"P9hftDyV5NLbHB2gcoQF666NEvwuiXGq"
"50be3d10-486b-42be-8158-ed9751cb86ca","STEI_052.basePlot.ltr","D05","STEI","STEI_052","STEI_052_607","2016-11-13","2016-10-17","2016-11-07","2016-11-09T21:15Z","2016-11-13T22:00Z","NEON.LTR.STEI052607.20161107","NEON.LTR.STEI052607.20161107.SDS","NEON.DOC.001710vE","Seeds",0.07,"N",NA,"P9hftDyV5NLbHB2gcoQF666NEvwuiXGq"
"79831d27-3591-40eb-bd2c-eef813a5524c","STEI_062.basePlot.ltr","D05","STEI","STEI_062","STEI_062_139","2016-11-13","2016-10-17","2016-11-07","2016-11-09T21:15Z","2016-11-13T22:00Z","NEON.LTR.STEI062139.20161107","NEON.LTR.STEI062139.20161107.FLR","NEON.DOC.001710vE","Flowers",0,"N",NA,"P9hftDyV5NLbHB2gcoQF666NEvwuiXGq"
"ff7bfa25-279f-4174-ab96-eb3c46f440d5","STEI_062.basePlot.ltr","D05","STEI","STEI_062","STEI_062_139","2016-11-13","2016-10-17","2016-11-07","2016-11-09T21:15Z","2016-11-13T22:00Z","NEON.LTR.STEI062139.20161107","NEON.LTR.STEI062139.20161107.SDS","NEON.DOC.001710vE","Seeds",0,"N",NA,"P9hftDyV5NLbHB2gcoQF666NEvwuiXGq"
"fadc9d48-2123-40a3-8b1c-bf9c9a6993ac","STEI_062.basePlot.ltr","D05","STEI","STEI_062","STEI_062_139","2016-11-13","2016-10-17","2016-11-07","2016-11-09T21:15Z","2016-11-13T22:00Z","NEON.LTR.STEI062139.20161107","NEON.LTR.STEI062139.20161107.OTH","NEON.DOC.001710vE","Other",0.09,"Y",NA,"P9hftDyV5NLbHB2gcoQF666NEvwuiXGq"
"95e25690-c4aa-40cb-8bf7-e782ca7a39ee","STEI_062.basePlot.ltr","D05","STEI","STEI_062","STEI_062_139","2016-11-13","2016-10-17","2016-11-07","2016-11-09T21:15Z","2016-11-13T22:00Z","NEON.LTR.STEI062139.20161107","NEON.LTR.STEI062139.20161107.NDL","NEON.DOC.001710vE","Needles",0.04,"Y",NA,"P9hftDyV5NLbHB2gcoQF666NEvwuiXGq"
"2ac06317-e88e-4c0f-ad8c-b6930ed5e53e","STEI_062.basePlot.ltr","D05","STEI","STEI_062","STEI_062_139","2016-11-13","2016-10-17","2016-11-07","2016-11-09T21:15Z","2016-11-13T22:00Z","NEON.LTR.STEI062139.20161107","NEON.LTR.STEI062139.20161107.LVS","NEON.DOC.001710vE","Leaves",1.34,"N",NA,"P9hftDyV5NLbHB2gcoQF666NEvwuiXGq"
"bbf84a4b-d23a-43dd-9acd-5fbc9b6930e1","STEI_062.basePlot.ltr","D05","STEI","STEI_062","STEI_062_139","2016-11-13","2016-10-17","2016-11-07","2016-11-09T21:15Z","2016-11-13T22:00Z","NEON.LTR.STEI062139.20161107","NEON.LTR.STEI062139.20161107.OTH","NEON.DOC.001710vE","Other",0.09,"N",NA,"P9hftDyV5NLbHB2gcoQF666NEvwuiXGq"
"8164d1f7-9598-4cb7-a61a-976e20276d55","STEI_062.basePlot.ltr","D05","STEI","STEI_062","STEI_062_139","2016-11-13","2016-10-17","2016-11-07","2016-11-09T21:15Z","2016-11-13T22:00Z","NEON.LTR.STEI062139.20161107","NEON.LTR.STEI062139.20161107.NDL","NEON.DOC.001710vE","Needles",0.06,"N",NA,"P9hftDyV5NLbHB2gcoQF666NEvwuiXGq"
"02be9b7f-caea-448d-a832-966aeb6693ab","STEI_051.basePlot.ltr","D05","STEI","STEI_051","STEI_051_885","2016-11-13","2016-10-17","2016-11-07","2016-11-09T21:15Z","2016-11-13T22:00Z","NEON.LTR.STEI051885.20161107","NEON.LTR.STEI051885.20161107.LVS","NEON.DOC.001710vE","Leaves",10.6,"Y",NA,"P9hftDyV5NLbHB2gcoQF666NEvwuiXGq"
"bb74d11e-9dea-483a-b24b-29da487d4e2d","STEI_051.basePlot.ltr","D05","STEI","STEI_051","STEI_051_885","2016-11-13","2016-10-17","2016-11-07","2016-11-09T21:15Z","2016-11-13T22:00Z","NEON.LTR.STEI051885.20161107","NEON.LTR.STEI051885.20161107.TWI","NEON.DOC.001710vE","Twigs/branches",0.16,"N",NA,"P9hftDyV5NLbHB2gcoQF666NEvwuiXGq"
"b161c6f4-c1c5-436f-8eb4-9aaf257033be","STEI_051.basePlot.ltr","D05","STEI","STEI_051","STEI_051_885","2016-11-13","2016-10-17","2016-11-07","2016-11-09T21:15Z","2016-11-13T22:00Z","NEON.LTR.STEI051885.20161107","NEON.LTR.STEI051885.20161107.NDL","NEON.DOC.001710vE","Needles",0.01,"N",NA,"P9hftDyV5NLbHB2gcoQF666NEvwuiXGq"
"8918f4fe-7c7a-48e8-8029-80b7532b7077","STEI_051.basePlot.ltr","D05","STEI","STEI_051","STEI_051_885","2016-11-13","2016-10-17","2016-11-07","2016-11-09T21:15Z","2016-11-13T22:00Z","NEON.LTR.STEI051885.20161107","NEON.LTR.STEI051885.20161107.LVS","NEON.DOC.001710vE","Leaves",10.64,"N",NA,"P9hftDyV5NLbHB2gcoQF666NEvwuiXGq"
"1fd8568d-3b8f-46e4-8f9c-85b74ec8c88d","STEI_051.basePlot.ltr","D05","STEI","STEI_051","STEI_051_885","2016-11-13","2016-10-17","2016-11-07","2016-11-09T21:15Z","2016-11-13T22:00Z","NEON.LTR.STEI051885.20161107","NEON.LTR.STEI051885.20161107.SDS","NEON.DOC.001710vE","Seeds",0.005,"N",NA,"P9hftDyV5NLbHB2gcoQF666NEvwuiXGq"
"f464abea-9b98-4136-b9e5-fe01ee2378b4","STEI_051.basePlot.ltr","D05","STEI","STEI_051","STEI_051_885","2016-11-13","2016-10-17","2016-11-07","2016-11-09T21:15Z","2016-11-13T22:00Z","NEON.LTR.STEI051885.20161107","NEON.LTR.STEI051885.20161107.WDY","NEON.DOC.001710vE","Woody material",0,"N",NA,"P9hftDyV5NLbHB2gcoQF666NEvwuiXGq"
"af462736-887d-464b-af84-9562874cdf3c","STEI_051.basePlot.ltr","D05","STEI","STEI_051","STEI_051_885","2016-11-13","2016-10-17","2016-11-07","2016-11-09T21:15Z","2016-11-13T22:00Z","NEON.LTR.STEI051885.20161107","NEON.LTR.STEI051885.20161107.OTH","NEON.DOC.001710vE","Other",0.07,"N",NA,"P9hftDyV5NLbHB2gcoQF666NEvwuiXGq"
"4f25b8ac-eafd-4114-b3a0-8d825b19affc","STEI_049.basePlot.ltr","D05","STEI","STEI_049","STEI_049_607","2016-11-13","2016-10-17","2016-11-07","2016-11-09T21:15Z","2016-11-13T22:00Z","NEON.LTR.STEI049607.20161107","NEON.LTR.STEI049607.20161107.OTH","NEON.DOC.001710vE","Other",0.01,"N",NA,"P9hftDyV5NLbHB2gcoQF666NEvwuiXGq"
"5401465d-d1be-480a-9b60-af61c199d8a9","STEI_049.basePlot.ltr","D05","STEI","STEI_049","STEI_049_607","2016-11-13","2016-10-17","2016-11-07","2016-11-09T21:15Z","2016-11-13T22:00Z","NEON.LTR.STEI049607.20161107","NEON.LTR.STEI049607.20161107.SDS","NEON.DOC.001710vE","Seeds",0.005,"N",NA,"P9hftDyV5NLbHB2gcoQF666NEvwuiXGq"
"f44b11fe-b9c7-4250-9b71-d088c53eb0ed","STEI_051.basePlot.ltr","D05","STEI","STEI_051","STEI_051_885","2016-11-13","2016-10-17","2016-11-07","2016-11-09T21:15Z","2016-11-13T22:00Z","NEON.LTR.STEI051885.20161107","NEON.LTR.STEI051885.20161107.FLR","NEON.DOC.001710vE","Flowers",0,"N",NA,"P9hftDyV5NLbHB2gcoQF666NEvwuiXGq"
"b25cde5f-2f96-433c-8c9c-fb4fee473b76","STEI_049.basePlot.ltr","D05","STEI","STEI_049","STEI_049_607","2016-11-13","2016-10-17","2016-11-07","2016-11-09T21:15Z","2016-11-13T22:00Z","NEON.LTR.STEI049607.20161107","NEON.LTR.STEI049607.20161107.TWI","NEON.DOC.001710vE","Twigs/branches",0.31,"N",NA,"P9hftDyV5NLbHB2gcoQF666NEvwuiXGq"
"42f1b167-0c5a-4116-bfd1-6efcce38fbad","STEI_049.basePlot.ltr","D05","STEI","STEI_049","STEI_049_607","2016-11-13","2016-10-17","2016-11-07","2016-11-09T21:15Z","2016-11-13T22:00Z","NEON.LTR.STEI049607.20161107","NEON.LTR.STEI049607.20161107.LVS","NEON.DOC.001710vE","Leaves",1.81,"N",NA,"P9hftDyV5NLbHB2gcoQF666NEvwuiXGq"
"5ad1ea47-bac5-4635-b0e1-601f10aca8e5","STEI_049.basePlot.ltr","D05","STEI","STEI_049","STEI_049_607","2016-11-13","2016-10-17","2016-11-07","2016-11-09T21:15Z","2016-11-13T22:00Z","NEON.LTR.STEI049607.20161107","NEON.LTR.STEI049607.20161107.FLR","NEON.DOC.001710vE","Flowers",0,"N",NA,"P9hftDyV5NLbHB2gcoQF666NEvwuiXGq"
"d7df7eed-c71e-48df-b4c1-885e1de29b7a","STEI_049.basePlot.ltr","D05","STEI","STEI_049","STEI_049_607","2016-11-13","2016-10-17","2016-11-07","2016-11-09T21:15Z","2016-11-13T22:00Z","NEON.LTR.STEI049607.20161107","NEON.LTR.STEI049607.20161107.WDY","NEON.DOC.001710vE","Woody material",0.005,"N",NA,"P9hftDyV5NLbHB2gcoQF666NEvwuiXGq"
"ab845cee-2b8f-43d5-a10f-a978b3051422","STEI_049.basePlot.ltr","D05","STEI","STEI_049","STEI_049_607","2016-11-13","2016-10-17","2016-11-07","2016-11-09T21:15Z","2016-11-13T22:00Z","NEON.LTR.STEI049607.20161107","NEON.LTR.STEI049607.20161107.NDL","NEON.DOC.001710vE","Needles",0.005,"N",NA,"P9hftDyV5NLbHB2gcoQF666NEvwuiXGq"
"63d2b015-9749-4864-b17a-46d634d88c16","STEI_061.basePlot.ltr","D05","STEI","STEI_061","STEI_061_862","2016-11-13","2016-10-17","2016-11-07","2016-11-09T21:15Z","2016-11-13T22:00Z","NEON.LTR.STEI061862.20161107","NEON.LTR.STEI061862.20161107.SDS","NEON.DOC.001710vE","Seeds",0.2,"N",NA,"P9hftDyV5NLbHB2gcoQF666NEvwuiXGq"
"d212c5e4-fa5a-41aa-9a4e-b7a74f1eab92","STEI_061.basePlot.ltr","D05","STEI","STEI_061","STEI_061_862","2016-11-13","2016-10-17","2016-11-07","2016-11-09T21:15Z","2016-11-13T22:00Z","NEON.LTR.STEI061862.20161107","NEON.LTR.STEI061862.20161107.NDL","NEON.DOC.001710vE","Needles",2.29,"Y",NA,"P9hftDyV5NLbHB2gcoQF666NEvwuiXGq"
"62eb0a0d-5d98-42b6-ad35-4547f3a4073f","STEI_061.basePlot.ltr","D05","STEI","STEI_061","STEI_061_862","2016-11-13","2016-10-17","2016-11-07","2016-11-09T21:15Z","2016-11-13T22:00Z","NEON.LTR.STEI061862.20161107","NEON.LTR.STEI061862.20161107.NDL","NEON.DOC.001710vE","Needles",2.3,"N",NA,"P9hftDyV5NLbHB2gcoQF666NEvwuiXGq"
"3e5bca5f-edd8-4b48-afc0-cb20e29694fb","STEI_061.basePlot.ltr","D05","STEI","STEI_061","STEI_061_862","2016-11-13","2016-10-17","2016-11-07","2016-11-09T21:15Z","2016-11-13T22:00Z","NEON.LTR.STEI061862.20161107","NEON.LTR.STEI061862.20161107.LVS","NEON.DOC.001710vE","Leaves",0.2,"N",NA,"P9hftDyV5NLbHB2gcoQF666NEvwuiXGq"
"73668f77-7ce5-420f-9748-5ed0a15fef2d","STEI_061.basePlot.ltr","D05","STEI","STEI_061","STEI_061_862","2016-11-13","2016-10-17","2016-11-07","2016-11-09T21:15Z","2016-11-13T22:00Z","NEON.LTR.STEI061862.20161107","NEON.LTR.STEI061862.20161107.WDY","NEON.DOC.001710vE","Woody material",0.11,"N",NA,"P9hftDyV5NLbHB2gcoQF666NEvwuiXGq"
"03598e46-c6d6-4245-9a90-bfa5a7478d62","STEI_061.basePlot.ltr","D05","STEI","STEI_061","STEI_061_862","2016-11-13","2016-10-17","2016-11-07","2016-11-09T21:15Z","2016-11-13T22:00Z","NEON.LTR.STEI061862.20161107","NEON.LTR.STEI061862.20161107.TWI","NEON.DOC.001710vE","Twigs/branches",0.07,"N",NA,"P9hftDyV5NLbHB2gcoQF666NEvwuiXGq"
"40ab8331-225c-4beb-a366-69e32d788a7a","STEI_061.basePlot.ltr","D05","STEI","STEI_061","STEI_061_862","2016-11-13","2016-10-17","2016-11-07","2016-11-09T21:15Z","2016-11-13T22:00Z","NEON.LTR.STEI061862.20161107","NEON.LTR.STEI061862.20161107.OTH","NEON.DOC.001710vE","Other",0.005,"N",NA,"P9hftDyV5NLbHB2gcoQF666NEvwuiXGq"
"7ccaeee5-04fe-4bfc-8a05-3a5570317b4f","STEI_061.basePlot.ltr","D05","STEI","STEI_061","STEI_061_862","2016-11-13","2016-10-17","2016-11-07","2016-11-09T21:15Z","2016-11-13T22:00Z","NEON.LTR.STEI061862.20161107","NEON.LTR.STEI061862.20161107.FLR","NEON.DOC.001710vE","Flowers",0.09,"N",NA,"P9hftDyV5NLbHB2gcoQF666NEvwuiXGq"
"d7f15d69-28a5-40ab-ac5c-975cb5ce1ee7","STEI_050.basePlot.ltr","D05","STEI","STEI_050","STEI_050_291","2016-11-13","2016-10-17","2016-11-07","2016-11-09T21:15Z","2016-11-13T22:00Z","NEON.LTR.STEI050291.20161107","NEON.LTR.STEI050291.20161107.FLR","NEON.DOC.001710vE","Flowers",0,"N",NA,"P9hftDyV5NLbHB2gcoQF666NEvwuiXGq"
"8fa1d673-e406-40e3-b9be-a15a73482c54","STEI_050.basePlot.ltr","D05","STEI","STEI_050","STEI_050_291","2016-11-13","2016-10-17","2016-11-07","2016-11-09T21:15Z","2016-11-13T22:00Z","NEON.LTR.STEI050291.20161107","NEON.LTR.STEI050291.20161107.LVS","NEON.DOC.001710vE","Leaves",4.22,"Y",NA,"P9hftDyV5NLbHB2gcoQF666NEvwuiXGq"
"d28b6c9f-a731-4d58-85e3-1f62012505ce","STEI_050.basePlot.ltr","D05","STEI","STEI_050","STEI_050_291","2016-11-13","2016-10-17","2016-11-07","2016-11-09T21:15Z","2016-11-13T22:00Z","NEON.LTR.STEI050291.20161107","NEON.LTR.STEI050291.20161107.LVS","NEON.DOC.001710vE","Leaves",4.25,"N",NA,"P9hftDyV5NLbHB2gcoQF666NEvwuiXGq"
"216e2cbf-abec-4483-8912-870a82abccb0","STEI_050.basePlot.ltr","D05","STEI","STEI_050","STEI_050_291","2016-11-13","2016-10-17","2016-11-07","2016-11-09T21:15Z","2016-11-13T22:00Z","NEON.LTR.STEI050291.20161107","NEON.LTR.STEI050291.20161107.TWI","NEON.DOC.001710vE","Twigs/branches",0.29,"N",NA,"P9hftDyV5NLbHB2gcoQF666NEvwuiXGq"
"68a0b19b-0dd6-46ff-81fc-c9fa00c6541a","STEI_050.basePlot.ltr","D05","STEI","STEI_050","STEI_050_291","2016-11-13","2016-10-17","2016-11-07","2016-11-09T21:15Z","2016-11-13T22:00Z","NEON.LTR.STEI050291.20161107","NEON.LTR.STEI050291.20161107.NDL","NEON.DOC.001710vE","Needles",0,"N",NA,"P9hftDyV5NLbHB2gcoQF666NEvwuiXGq"
"1aa8d4e2-98a1-4362-a734-4b535698ac7c","STEI_050.basePlot.ltr","D05","STEI","STEI_050","STEI_050_291","2016-11-13","2016-10-17","2016-11-07","2016-11-09T21:15Z","2016-11-13T22:00Z","NEON.LTR.STEI050291.20161107","NEON.LTR.STEI050291.20161107.WDY","NEON.DOC.001710vE","Woody material",0.005,"N",NA,"P9hftDyV5NLbHB2gcoQF666NEvwuiXGq"
"737e6dc7-58c1-4f91-92b7-1678eb5d3311","STEI_050.basePlot.ltr","D05","STEI","STEI_050","STEI_050_291","2016-11-13","2016-10-17","2016-11-07","2016-11-09T21:15Z","2016-11-13T22:00Z","NEON.LTR.STEI050291.20161107","NEON.LTR.STEI050291.20161107.SDS","NEON.DOC.001710vE","Seeds",0.01,"N",NA,"P9hftDyV5NLbHB2gcoQF666NEvwuiXGq"
"7da881a5-dcca-4280-9e0c-f7280391eaf1","STEI_050.basePlot.ltr","D05","STEI","STEI_050","STEI_050_291","2016-11-13","2016-10-17","2016-11-07","2016-11-09T21:15Z","2016-11-13T22:00Z","NEON.LTR.STEI050291.20161107","NEON.LTR.STEI050291.20161107.OTH","NEON.DOC.001710vE","Other",0.04,"N",NA,"P9hftDyV5NLbHB2gcoQF666NEvwuiXGq"
"5bf07910-c5fe-46f7-952d-f32bce60d868","STEI_059.basePlot.ltr","D05","STEI","STEI_059","STEI_059_452","2016-11-13","2016-10-17","2016-11-07","2016-11-09T21:15Z","2016-11-13T22:00Z","NEON.LTR.STEI059452.20161107","NEON.LTR.STEI059452.20161107.NDL","NEON.DOC.001710vE","Needles",0.005,"N",NA,"P9hftDyV5NLbHB2gcoQF666NEvwuiXGq"
"d2fc2887-d294-4d48-ae4e-8aa15e542ebd","STEI_059.basePlot.ltr","D05","STEI","STEI_059","STEI_059_452","2016-11-13","2016-10-17","2016-11-07","2016-11-09T21:15Z","2016-11-13T22:00Z","NEON.LTR.STEI059452.20161107","NEON.LTR.STEI059452.20161107.LVS","NEON.DOC.001710vE","Leaves",3.72,"N",NA,"P9hftDyV5NLbHB2gcoQF666NEvwuiXGq"
"0aff0cce-ccf0-46e1-9e48-a3b65a3217da","STEI_059.basePlot.ltr","D05","STEI","STEI_059","STEI_059_452","2016-11-13","2016-10-17","2016-11-07","2016-11-09T21:15Z","2016-11-13T22:00Z","NEON.LTR.STEI059452.20161107","NEON.LTR.STEI059452.20161107.FLR","NEON.DOC.001710vE","Flowers",0,"N",NA,"P9hftDyV5NLbHB2gcoQF666NEvwuiXGq"
"fc522306-b8d3-419d-9628-88a5459903b1","STEI_059.basePlot.ltr","D05","STEI","STEI_059","STEI_059_452","2016-11-13","2016-10-17","2016-11-07","2016-11-09T21:15Z","2016-11-13T22:00Z","NEON.LTR.STEI059452.20161107","NEON.LTR.STEI059452.20161107.TWI","NEON.DOC.001710vE","Twigs/branches",0.5,"N",NA,"P9hftDyV5NLbHB2gcoQF666NEvwuiXGq"
"7a1d9918-a82e-45e5-8eed-5474e7a91b7d","STEI_059.basePlot.ltr","D05","STEI","STEI_059","STEI_059_452","2016-11-13","2016-10-17","2016-11-07","2016-11-09T21:15Z","2016-11-13T22:00Z","NEON.LTR.STEI059452.20161107","NEON.LTR.STEI059452.20161107.OTH","NEON.DOC.001710vE","Other",0.005,"N",NA,"P9hftDyV5NLbHB2gcoQF666NEvwuiXGq"
"8acbf5df-45a2-490f-b470-1af06829e7fe","STEI_059.basePlot.ltr","D05","STEI","STEI_059","STEI_059_452","2016-11-13","2016-10-17","2016-11-07","2016-11-09T21:15Z","2016-11-13T22:00Z","NEON.LTR.STEI059452.20161107","NEON.LTR.STEI059452.20161107.TWI","NEON.DOC.001710vE","Twigs/branches",0.49,"Y",NA,"P9hftDyV5NLbHB2gcoQF666NEvwuiXGq"
"2170ef4b-20af-4456-86d5-6c9e8ac5cda5","STEI_059.basePlot.ltr","D05","STEI","STEI_059","STEI_059_452","2016-11-13","2016-10-17","2016-11-07","2016-11-09T21:15Z","2016-11-13T22:00Z","NEON.LTR.STEI059452.20161107","NEON.LTR.STEI059452.20161107.WDY","NEON.DOC.001710vE","Woody material",0,"N",NA,"P9hftDyV5NLbHB2gcoQF666NEvwuiXGq"
"9bc867d8-27ee-4ce0-9db0-d5773dcc5944","STEI_059.basePlot.ltr","D05","STEI","STEI_059","STEI_059_452","2016-11-13","2016-10-17","2016-11-07","2016-11-09T21:15Z","2016-11-13T22:00Z","NEON.LTR.STEI059452.20161107","NEON.LTR.STEI059452.20161107.SDS","NEON.DOC.001710vE","Seeds",0.005,"N",NA,"P9hftDyV5NLbHB2gcoQF666NEvwuiXGq"
"752a5087-01e3-4dab-a989-fca3e6464199","STEI_048.basePlot.ltr","D05","STEI","STEI_048","STEI_048_885","2016-11-13","2016-10-17","2016-11-07","2016-11-09T21:15Z","2016-11-13T22:00Z","NEON.LTR.STEI048885.20161107","NEON.LTR.STEI048885.20161107.OTH","NEON.DOC.001710vE","Other",0.05,"N",NA,"P9hftDyV5NLbHB2gcoQF666NEvwuiXGq"
"643375c5-5a68-4c67-90d0-ff4da5314a07","STEI_048.basePlot.ltr","D05","STEI","STEI_048","STEI_048_885","2016-11-13","2016-10-17","2016-11-07","2016-11-09T21:15Z","2016-11-13T22:00Z","NEON.LTR.STEI048885.20161107","NEON.LTR.STEI048885.20161107.LVS","NEON.DOC.001710vE","Leaves",5.58,"N",NA,"P9hftDyV5NLbHB2gcoQF666NEvwuiXGq"
"f16ad674-88fa-41ce-8d78-36e3681b38af","STEI_048.basePlot.ltr","D05","STEI","STEI_048","STEI_048_885","2016-11-13","2016-10-17","2016-11-07","2016-11-09T21:15Z","2016-11-13T22:00Z","NEON.LTR.STEI048885.20161107","NEON.LTR.STEI048885.20161107.TWI","NEON.DOC.001710vE","Twigs/branches",0.98,"N",NA,"P9hftDyV5NLbHB2gcoQF666NEvwuiXGq"
"c4466198-4cf6-4c67-80de-2ae5c3e3ef08","STEI_048.basePlot.ltr","D05","STEI","STEI_048","STEI_048_885","2016-11-13","2016-10-17","2016-11-07","2016-11-09T21:15Z","2016-11-13T22:00Z","NEON.LTR.STEI048885.20161107","NEON.LTR.STEI048885.20161107.FLR","NEON.DOC.001710vE","Flowers",0,"N",NA,"P9hftDyV5NLbHB2gcoQF666NEvwuiXGq"
"6b0b374f-1f1b-4f46-b99f-aae2fc7700b4","STEI_048.basePlot.ltr","D05","STEI","STEI_048","STEI_048_885","2016-11-13","2016-10-17","2016-11-07","2016-11-09T21:15Z","2016-11-13T22:00Z","NEON.LTR.STEI048885.20161107","NEON.LTR.STEI048885.20161107.NDL","NEON.DOC.001710vE","Needles",0.17,"N",NA,"P9hftDyV5NLbHB2gcoQF666NEvwuiXGq"
"5ac33572-f2ff-4327-9d30-0e3a90352459","STEI_059.basePlot.ltr","D05","STEI","STEI_059","STEI_059_139","2016-11-13","2016-10-17","2016-11-07","2016-11-09T21:15Z","2016-11-13T22:00Z","NEON.LTR.STEI059139.20161107","NEON.LTR.STEI059139.20161107.WDY","NEON.DOC.001710vE","Woody material",0,"N",NA,"P9hftDyV5NLbHB2gcoQF666NEvwuiXGq"
"50969cdd-b674-4fe7-927c-e43112a6820a","STEI_048.basePlot.ltr","D05","STEI","STEI_048","STEI_048_885","2016-11-13","2016-10-17","2016-11-07","2016-11-09T21:15Z","2016-11-13T22:00Z","NEON.LTR.STEI048885.20161107","NEON.LTR.STEI048885.20161107.SDS","NEON.DOC.001710vE","Seeds",0.005,"N",NA,"P9hftDyV5NLbHB2gcoQF666NEvwuiXGq"
"3110a448-61a0-4058-83f2-35e7b76788e9","STEI_048.basePlot.ltr","D05","STEI","STEI_048","STEI_048_885","2016-11-13","2016-10-17","2016-11-07","2016-11-09T21:15Z","2016-11-13T22:00Z","NEON.LTR.STEI048885.20161107","NEON.LTR.STEI048885.20161107.WDY","NEON.DOC.001710vE","Woody material",0.005,"N",NA,"P9hftDyV5NLbHB2gcoQF666NEvwuiXGq"
"8ad76639-ef05-40f3-84b9-8f56ff3500ef","STEI_059.basePlot.ltr","D05","STEI","STEI_059","STEI_059_139","2016-11-13","2016-10-17","2016-11-07","2016-11-09T21:15Z","2016-11-13T22:00Z","NEON.LTR.STEI059139.20161107","NEON.LTR.STEI059139.20161107.FLR","NEON.DOC.001710vE","Flowers",0,"N",NA,"P9hftDyV5NLbHB2gcoQF666NEvwuiXGq"
"7aa6c970-0015-4667-b1ce-4a6384ed3f2b","STEI_059.basePlot.ltr","D05","STEI","STEI_059","STEI_059_139","2016-11-13","2016-10-17","2016-11-07","2016-11-09T21:15Z","2016-11-13T22:00Z","NEON.LTR.STEI059139.20161107","NEON.LTR.STEI059139.20161107.SDS","NEON.DOC.001710vE","Seeds",0.005,"N",NA,"P9hftDyV5NLbHB2gcoQF666NEvwuiXGq"
"af4d8251-c94a-446d-ad06-3d3f6d1e364d","STEI_059.basePlot.ltr","D05","STEI","STEI_059","STEI_059_139","2016-11-13","2016-10-17","2016-11-07","2016-11-09T21:15Z","2016-11-13T22:00Z","NEON.LTR.STEI059139.20161107","NEON.LTR.STEI059139.20161107.LVS","NEON.DOC.001710vE","Leaves",0.2,"N",NA,"P9hftDyV5NLbHB2gcoQF666NEvwuiXGq"
"6c75bd90-8394-4eb2-9664-5b92ca803b57","STEI_059.basePlot.ltr","D05","STEI","STEI_059","STEI_059_139","2016-11-13","2016-10-17","2016-11-07","2016-11-09T21:15Z","2016-11-13T22:00Z","NEON.LTR.STEI059139.20161107","NEON.LTR.STEI059139.20161107.SDS","NEON.DOC.001710vE","Seeds",0.005,"Y",NA,"P9hftDyV5NLbHB2gcoQF666NEvwuiXGq"
"754c2f76-a67e-475c-a0a0-fd2ed92633d0","STEI_059.basePlot.ltr","D05","STEI","STEI_059","STEI_059_139","2016-11-13","2016-10-17","2016-11-07","2016-11-09T21:15Z","2016-11-13T22:00Z","NEON.LTR.STEI059139.20161107","NEON.LTR.STEI059139.20161107.TWI","NEON.DOC.001710vE","Twigs/branches",0,"N",NA,"P9hftDyV5NLbHB2gcoQF666NEvwuiXGq"
"5396f202-08a9-424b-9271-b33624509f57","STEI_059.basePlot.ltr","D05","STEI","STEI_059","STEI_059_139","2016-11-13","2016-10-17","2016-11-07","2016-11-09T21:15Z","2016-11-13T22:00Z","NEON.LTR.STEI059139.20161107","NEON.LTR.STEI059139.20161107.NDL","NEON.DOC.001710vE","Needles",0.005,"N",NA,"P9hftDyV5NLbHB2gcoQF666NEvwuiXGq"
"f5f8eeec-a6f5-4b96-93a6-3b0b927885ae","STEI_059.basePlot.ltr","D05","STEI","STEI_059","STEI_059_139","2016-11-13","2016-10-17","2016-11-07","2016-11-09T21:15Z","2016-11-13T22:00Z","NEON.LTR.STEI059139.20161107","NEON.LTR.STEI059139.20161107.OTH","NEON.DOC.001710vE","Other",0.005,"N",NA,"P9hftDyV5NLbHB2gcoQF666NEvwuiXGq"
"6ea530f1-8d5a-4a10-b26e-93e4e82ee096","STEI_058.basePlot.ltr","D05","STEI","STEI_058","STEI_058_702","2016-11-13","2016-10-17","2016-11-07","2016-11-09T21:15Z","2016-11-13T22:00Z","NEON.LTR.STEI058702.20161107","NEON.LTR.STEI058702.20161107.SDS","NEON.DOC.001710vE","Seeds",0.12,"N",NA,"P9hftDyV5NLbHB2gcoQF666NEvwuiXGq"
"75e64361-7ff4-420e-bf61-639d4206ba1f","STEI_058.basePlot.ltr","D05","STEI","STEI_058","STEI_058_702","2016-11-13","2016-10-17","2016-11-07","2016-11-09T21:15Z","2016-11-13T22:00Z","NEON.LTR.STEI058702.20161107","NEON.LTR.STEI058702.20161107.NDL","NEON.DOC.001710vE","Needles",0.005,"N",NA,"P9hftDyV5NLbHB2gcoQF666NEvwuiXGq"
"8976f271-c6a0-44f4-914e-0e685b9c01e8","STEI_058.basePlot.ltr","D05","STEI","STEI_058","STEI_058_702","2016-11-13","2016-10-17","2016-11-07","2016-11-09T21:15Z","2016-11-13T22:00Z","NEON.LTR.STEI058702.20161107","NEON.LTR.STEI058702.20161107.OTH","NEON.DOC.001710vE","Other",0.005,"N",NA,"P9hftDyV5NLbHB2gcoQF666NEvwuiXGq"
"9131a6b1-e959-4cd3-bf0f-fbb47898eee6","STEI_058.basePlot.ltr","D05","STEI","STEI_058","STEI_058_702","2016-11-13","2016-10-17","2016-11-07","2016-11-09T21:15Z","2016-11-13T22:00Z","NEON.LTR.STEI058702.20161107","NEON.LTR.STEI058702.20161107.LVS","NEON.DOC.001710vE","Leaves",0.62,"N",NA,"P9hftDyV5NLbHB2gcoQF666NEvwuiXGq"
"fb522eea-e7f9-450b-a2ff-81cf120b52f8","STEI_058.basePlot.ltr","D05","STEI","STEI_058","STEI_058_702","2016-11-13","2016-10-17","2016-11-07","2016-11-09T21:15Z","2016-11-13T22:00Z","NEON.LTR.STEI058702.20161107","NEON.LTR.STEI058702.20161107.TWI","NEON.DOC.001710vE","Twigs/branches",0,"N",NA,"P9hftDyV5NLbHB2gcoQF666NEvwuiXGq"
"18605623-fdbd-4317-b3f8-75284c10d580","STEI_058.basePlot.ltr","D05","STEI","STEI_058","STEI_058_702","2016-11-13","2016-10-17","2016-11-07","2016-11-09T21:15Z","2016-11-13T22:00Z","NEON.LTR.STEI058702.20161107","NEON.LTR.STEI058702.20161107.FLR","NEON.DOC.001710vE","Flowers",0.005,"N",NA,"P9hftDyV5NLbHB2gcoQF666NEvwuiXGq"
"e9bbfca4-ccc0-4f76-bd28-28f68ddcdfb7","STEI_058.basePlot.ltr","D05","STEI","STEI_058","STEI_058_702","2016-11-13","2016-10-17","2016-11-07","2016-11-09T21:15Z","2016-11-13T22:00Z","NEON.LTR.STEI058702.20161107","NEON.LTR.STEI058702.20161107.WDY","NEON.DOC.001710vE","Woody material",0.005,"N",NA,"P9hftDyV5NLbHB2gcoQF666NEvwuiXGq"
"787c585e-a94b-4d7c-bfdf-8c6a1a843190","STEI_050.basePlot.ltr","D05","STEI","STEI_050","STEI_050_185","2016-11-13","2016-10-17","2016-11-07","2016-11-09T21:15Z","2016-11-13T22:00Z","NEON.LTR.STEI050185.20161107","NEON.LTR.STEI050185.20161107.TWI","NEON.DOC.001710vE","Twigs/branches",0.12,"N",NA,"P9hftDyV5NLbHB2gcoQF666NEvwuiXGq"
"edcafac8-2b0d-40d6-a213-d90849b48b05","STEI_050.basePlot.ltr","D05","STEI","STEI_050","STEI_050_185","2016-11-13","2016-10-17","2016-11-07","2016-11-09T21:15Z","2016-11-13T22:00Z","NEON.LTR.STEI050185.20161107","NEON.LTR.STEI050185.20161107.WDY","NEON.DOC.001710vE","Woody material",0,"N",NA,"P9hftDyV5NLbHB2gcoQF666NEvwuiXGq"
"1f31d9f3-7845-43d9-9b4c-a7a3bf3ccf4a","STEI_050.basePlot.ltr","D05","STEI","STEI_050","STEI_050_185","2016-11-13","2016-10-17","2016-11-07","2016-11-09T21:15Z","2016-11-13T22:00Z","NEON.LTR.STEI050185.20161107","NEON.LTR.STEI050185.20161107.TWI","NEON.DOC.001710vE","Twigs/branches",0.1,"N",NA,"P9hftDyV5NLbHB2gcoQF666NEvwuiXGq"
"f0981445-bd8f-486e-bce4-27453e6e298a","STEI_057.basePlot.ltr","D05","STEI","STEI_057","STEI_057_061","2016-11-13","2016-10-17","2016-11-07","2016-11-09T21:15Z","2016-11-13T22:00Z","NEON.LTR.STEI057061.20161107","NEON.LTR.STEI057061.20161107.FLR","NEON.DOC.001710vE","Flowers",0,"N",NA,"P9hftDyV5NLbHB2gcoQF666NEvwuiXGq"
"fdcad281-6fe3-4bc1-a44a-9c3119a411ee","STEI_057.basePlot.ltr","D05","STEI","STEI_057","STEI_057_061","2016-11-13","2016-10-17","2016-11-07","2016-11-09T21:15Z","2016-11-13T22:00Z","NEON.LTR.STEI057061.20161107","NEON.LTR.STEI057061.20161107.WDY","NEON.DOC.001710vE","Woody material",0.005,"N",NA,"P9hftDyV5NLbHB2gcoQF666NEvwuiXGq"
"dfa63021-4636-48b3-a617-e82c07adda82","STEI_057.basePlot.ltr","D05","STEI","STEI_057","STEI_057_061","2016-11-13","2016-10-17","2016-11-07","2016-11-09T21:15Z","2016-11-13T22:00Z","NEON.LTR.STEI057061.20161107","NEON.LTR.STEI057061.20161107.SDS","NEON.DOC.001710vE","Seeds",0,"N",NA,"P9hftDyV5NLbHB2gcoQF666NEvwuiXGq"
"7a8cb8ac-7adc-46d6-97e7-b6ec47e9eaf6","STEI_057.basePlot.ltr","D05","STEI","STEI_057","STEI_057_061","2016-11-13","2016-10-17","2016-11-07","2016-11-09T21:15Z","2016-11-13T22:00Z","NEON.LTR.STEI057061.20161107","NEON.LTR.STEI057061.20161107.OTH","NEON.DOC.001710vE","Other",0.005,"N",NA,"P9hftDyV5NLbHB2gcoQF666NEvwuiXGq"
"f717563f-2eb0-4883-9a89-be550634d46e","STEI_057.basePlot.ltr","D05","STEI","STEI_057","STEI_057_061","2016-11-13","2016-10-17","2016-11-07","2016-11-09T21:15Z","2016-11-13T22:00Z","NEON.LTR.STEI057061.20161107","NEON.LTR.STEI057061.20161107.TWI","NEON.DOC.001710vE","Twigs/branches",0.54,"N",NA,"P9hftDyV5NLbHB2gcoQF666NEvwuiXGq"
"9806aac3-9ea6-45de-83cf-b4539f5fa76b","STEI_050.basePlot.ltr","D05","STEI","STEI_050","STEI_050_185","2016-11-13","2016-10-17","2016-11-07","2016-11-09T21:15Z","2016-11-13T22:00Z","NEON.LTR.STEI050185.20161107","NEON.LTR.STEI050185.20161107.LVS","NEON.DOC.001710vE","Leaves",0.35,"N",NA,"P9hftDyV5NLbHB2gcoQF666NEvwuiXGq"
"1f7828ee-58ef-4473-bcc2-f9ae786bc864","STEI_050.basePlot.ltr","D05","STEI","STEI_050","STEI_050_185","2016-11-13","2016-10-17","2016-11-07","2016-11-09T21:15Z","2016-11-13T22:00Z","NEON.LTR.STEI050185.20161107","NEON.LTR.STEI050185.20161107.FLR","NEON.DOC.001710vE","Flowers",0,"N",NA,"P9hftDyV5NLbHB2gcoQF666NEvwuiXGq"
"a776f839-3db8-4a8a-bab8-7965216b66fd","STEI_050.basePlot.ltr","D05","STEI","STEI_050","STEI_050_185","2016-11-13","2016-10-17","2016-11-07","2016-11-09T21:15Z","2016-11-13T22:00Z","NEON.LTR.STEI050185.20161107","NEON.LTR.STEI050185.20161107.OTH","NEON.DOC.001710vE","Other",0.06,"N",NA,"P9hftDyV5NLbHB2gcoQF666NEvwuiXGq"
"2aa32239-5b5d-43ee-a056-fb166cd8d49a","STEI_050.basePlot.ltr","D05","STEI","STEI_050","STEI_050_185","2016-11-13","2016-10-17","2016-11-07","2016-11-09T21:15Z","2016-11-13T22:00Z","NEON.LTR.STEI050185.20161107","NEON.LTR.STEI050185.20161107.NDL","NEON.DOC.001710vE","Needles",0,"N",NA,"P9hftDyV5NLbHB2gcoQF666NEvwuiXGq"
"0addcc02-6e02-4872-8c58-f15bb2e32064","STEI_050.basePlot.ltr","D05","STEI","STEI_050","STEI_050_185","2016-11-13","2016-10-17","2016-11-07","2016-11-09T21:15Z","2016-11-13T22:00Z","NEON.LTR.STEI050185.20161107","NEON.LTR.STEI050185.20161107.SDS","NEON.DOC.001710vE","Seeds",0,"N",NA,"P9hftDyV5NLbHB2gcoQF666NEvwuiXGq"
"d29465d1-661c-4dbb-9562-facefb978fbd","STEI_046.basePlot.ltr","D05","STEI","STEI_046","STEI_046_390","2016-11-13","2016-10-17","2016-11-07","2016-11-09T21:15Z","2016-11-13T22:00Z","NEON.LTR.STEI046390.20161107","NEON.LTR.STEI046390.20161107.WDY","NEON.DOC.001710vE","Woody material",0,"N",NA,"P9hftDyV5NLbHB2gcoQF666NEvwuiXGq"
"586c402c-40e5-401e-ad1c-22f013d3ddc3","STEI_057.basePlot.ltr","D05","STEI","STEI_057","STEI_057_061","2016-11-13","2016-10-17","2016-11-07","2016-11-09T21:15Z","2016-11-13T22:00Z","NEON.LTR.STEI057061.20161107","NEON.LTR.STEI057061.20161107.NDL","NEON.DOC.001710vE","Needles",0.005,"N",NA,"P9hftDyV5NLbHB2gcoQF666NEvwuiXGq"
"30cd5cda-b3fe-48ed-adb1-c5c032ead2f7","STEI_057.basePlot.ltr","D05","STEI","STEI_057","STEI_057_061","2016-11-13","2016-10-17","2016-11-07","2016-11-09T21:15Z","2016-11-13T22:00Z","NEON.LTR.STEI057061.20161107","NEON.LTR.STEI057061.20161107.LVS","NEON.DOC.001710vE","Leaves",0.36,"N",NA,"P9hftDyV5NLbHB2gcoQF666NEvwuiXGq"
"5d24db1d-f316-448b-918e-fe0ba8f613b6","STEI_046.basePlot.ltr","D05","STEI","STEI_046","STEI_046_390","2016-11-13","2016-10-17","2016-11-07","2016-11-09T21:15Z","2016-11-13T22:00Z","NEON.LTR.STEI046390.20161107","NEON.LTR.STEI046390.20161107.SDS","NEON.DOC.001710vE","Seeds",0,"N",NA,"P9hftDyV5NLbHB2gcoQF666NEvwuiXGq"
"40dc2150-fbc9-4d83-8ab0-52a4befa82dc","STEI_046.basePlot.ltr","D05","STEI","STEI_046","STEI_046_390","2016-11-13","2016-10-17","2016-11-07","2016-11-09T21:15Z","2016-11-13T22:00Z","NEON.LTR.STEI046390.20161107","NEON.LTR.STEI046390.20161107.TWI","NEON.DOC.001710vE","Twigs/branches",0.04,"N",NA,"P9hftDyV5NLbHB2gcoQF666NEvwuiXGq"
"68806c2c-3de8-493f-ac37-6b5ebe6720bd","STEI_046.basePlot.ltr","D05","STEI","STEI_046","STEI_046_390","2016-11-13","2016-10-17","2016-11-07","2016-11-09T21:15Z","2016-11-13T22:00Z","NEON.LTR.STEI046390.20161107","NEON.LTR.STEI046390.20161107.OTH","NEON.DOC.001710vE","Other",0.16,"N",NA,"P9hftDyV5NLbHB2gcoQF666NEvwuiXGq"
"28e55ce3-e016-4b61-9916-e1903d91ceb6","STEI_046.basePlot.ltr","D05","STEI","STEI_046","STEI_046_390","2016-11-13","2016-10-17","2016-11-07","2016-11-09T21:15Z","2016-11-13T22:00Z","NEON.LTR.STEI046390.20161107","NEON.LTR.STEI046390.20161107.NDL","NEON.DOC.001710vE","Needles",0.05,"N",NA,"P9hftDyV5NLbHB2gcoQF666NEvwuiXGq"
"50a3ea58-0979-44a8-9e7f-59dbadb15f18","STEI_046.basePlot.ltr","D05","STEI","STEI_046","STEI_046_390","2016-11-13","2016-10-17","2016-11-07","2016-11-09T21:15Z","2016-11-13T22:00Z","NEON.LTR.STEI046390.20161107","NEON.LTR.STEI046390.20161107.FLR","NEON.DOC.001710vE","Flowers",0.005,"N",NA,"P9hftDyV5NLbHB2gcoQF666NEvwuiXGq"
"21b98759-62b7-4242-a5a3-355b0347fba2","STEI_046.basePlot.ltr","D05","STEI","STEI_046","STEI_046_390","2016-11-13","2016-10-17","2016-11-07","2016-11-09T21:15Z","2016-11-13T22:00Z","NEON.LTR.STEI046390.20161107","NEON.LTR.STEI046390.20161107.LVS","NEON.DOC.001710vE","Leaves",4.77,"N",NA,"P9hftDyV5NLbHB2gcoQF666NEvwuiXGq"
"43378b96-9e99-41a4-a43a-58c37a574f45","STEI_053.basePlot.ltr","D05","STEI","STEI_053","STEI_053_296","2016-11-13","2016-10-17","2016-11-07","2016-11-09T21:15Z","2016-11-13T22:00Z","NEON.LTR.STEI053296.20161107","NEON.LTR.STEI053296.20161107.FLR","NEON.DOC.001710vE","Flowers",0,"N",NA,"P9hftDyV5NLbHB2gcoQF666NEvwuiXGq"
"5c2b9c16-4b87-410f-93cc-7cee410178fa","STEI_053.basePlot.ltr","D05","STEI","STEI_053","STEI_053_296","2016-11-13","2016-10-17","2016-11-07","2016-11-09T21:15Z","2016-11-13T22:00Z","NEON.LTR.STEI053296.20161107","NEON.LTR.STEI053296.20161107.TWI","NEON.DOC.001710vE","Twigs/branches",0.19,"N",NA,"P9hftDyV5NLbHB2gcoQF666NEvwuiXGq"
"ff07fc86-11c5-45da-9596-c95104a7ace5","STEI_053.basePlot.ltr","D05","STEI","STEI_053","STEI_053_296","2016-11-13","2016-10-17","2016-11-07","2016-11-09T21:15Z","2016-11-13T22:00Z","NEON.LTR.STEI053296.20161107","NEON.LTR.STEI053296.20161107.WDY","NEON.DOC.001710vE","Woody material",0.005,"N",NA,"P9hftDyV5NLbHB2gcoQF666NEvwuiXGq"
"7a14a2ce-04a4-4095-8ae3-7c32f089b0ee","STEI_053.basePlot.ltr","D05","STEI","STEI_053","STEI_053_296","2016-11-13","2016-10-17","2016-11-07","2016-11-09T21:15Z","2016-11-13T22:00Z","NEON.LTR.STEI053296.20161107","NEON.LTR.STEI053296.20161107.LVS","NEON.DOC.001710vE","Leaves",5.97,"Y",NA,"P9hftDyV5NLbHB2gcoQF666NEvwuiXGq"
"add905a4-b48e-47e9-bc3a-d98608295a70","STEI_053.basePlot.ltr","D05","STEI","STEI_053","STEI_053_296","2016-11-13","2016-10-17","2016-11-07","2016-11-09T21:15Z","2016-11-13T22:00Z","NEON.LTR.STEI053296.20161107","NEON.LTR.STEI053296.20161107.LVS","NEON.DOC.001710vE","Leaves",5.98,"N",NA,"P9hftDyV5NLbHB2gcoQF666NEvwuiXGq"
"828c0744-05a8-4d19-a400-dca0fff9c488","STEI_053.basePlot.ltr","D05","STEI","STEI_053","STEI_053_296","2016-11-13","2016-10-17","2016-11-07","2016-11-09T21:15Z","2016-11-13T22:00Z","NEON.LTR.STEI053296.20161107","NEON.LTR.STEI053296.20161107.OTH","NEON.DOC.001710vE","Other",0.04,"N",NA,"P9hftDyV5NLbHB2gcoQF666NEvwuiXGq"
"a83267ff-9ecd-4f37-a122-d5eb8c80048f","STEI_053.basePlot.ltr","D05","STEI","STEI_053","STEI_053_296","2016-11-13","2016-10-17","2016-11-07","2016-11-09T21:15Z","2016-11-13T22:00Z","NEON.LTR.STEI053296.20161107","NEON.LTR.STEI053296.20161107.SDS","NEON.DOC.001710vE","Seeds",0.02,"N",NA,"P9hftDyV5NLbHB2gcoQF666NEvwuiXGq"
"3c10eb4b-193e-4fad-8134-3826200b491d","STEI_053.basePlot.ltr","D05","STEI","STEI_053","STEI_053_296","2016-11-13","2016-10-17","2016-11-07","2016-11-09T21:15Z","2016-11-13T22:00Z","NEON.LTR.STEI053296.20161107","NEON.LTR.STEI053296.20161107.NDL","NEON.DOC.001710vE","Needles",0.005,"N",NA,"P9hftDyV5NLbHB2gcoQF666NEvwuiXGq"
"82aa2bd8-b2b6-480f-a973-8ead91818f63","STEI_055.basePlot.ltr","D05","STEI","STEI_055","STEI_055_642","2016-11-13","2016-10-17","2016-11-07","2016-11-09T21:15Z","2016-11-13T22:00Z","NEON.LTR.STEI055642.20161107","NEON.LTR.STEI055642.20161107.TWI","NEON.DOC.001710vE","Twigs/branches",0.26,"N",NA,"P9hftDyV5NLbHB2gcoQF666NEvwuiXGq"
"04cbfaaf-c947-4355-9cbf-915df44dd3f1","STEI_055.basePlot.ltr","D05","STEI","STEI_055","STEI_055_642","2016-11-13","2016-10-17","2016-11-07","2016-11-09T21:15Z","2016-11-13T22:00Z","NEON.LTR.STEI055642.20161107","NEON.LTR.STEI055642.20161107.OTH","NEON.DOC.001710vE","Other",0.02,"N",NA,"P9hftDyV5NLbHB2gcoQF666NEvwuiXGq"
"7113d030-7833-4c95-847e-1067f860840c","STEI_055.basePlot.ltr","D05","STEI","STEI_055","STEI_055_642","2016-11-13","2016-10-17","2016-11-07","2016-11-09T21:15Z","2016-11-13T22:00Z","NEON.LTR.STEI055642.20161107","NEON.LTR.STEI055642.20161107.NDL","NEON.DOC.001710vE","Needles",0.07,"N",NA,"P9hftDyV5NLbHB2gcoQF666NEvwuiXGq"
"419ba717-023b-47ed-beaf-f814eb1802b4","STEI_055.basePlot.ltr","D05","STEI","STEI_055","STEI_055_642","2016-11-13","2016-10-17","2016-11-07","2016-11-09T21:15Z","2016-11-13T22:00Z","NEON.LTR.STEI055642.20161107","NEON.LTR.STEI055642.20161107.LVS","NEON.DOC.001710vE","Leaves",1.6,"N",NA,"P9hftDyV5NLbHB2gcoQF666NEvwuiXGq"
"adaec82d-958d-4ce3-bfb1-dc256910e11b","STEI_055.basePlot.ltr","D05","STEI","STEI_055","STEI_055_642","2016-11-13","2016-10-17","2016-11-07","2016-11-09T21:15Z","2016-11-13T22:00Z","NEON.LTR.STEI055642.20161107","NEON.LTR.STEI055642.20161107.WDY","NEON.DOC.001710vE","Woody material",0.005,"N",NA,"P9hftDyV5NLbHB2gcoQF666NEvwuiXGq"
"b05b5101-3868-4882-a693-b3654df3a897","STEI_055.basePlot.ltr","D05","STEI","STEI_055","STEI_055_642","2016-11-13","2016-10-17","2016-11-07","2016-11-09T21:15Z","2016-11-13T22:00Z","NEON.LTR.STEI055642.20161107","NEON.LTR.STEI055642.20161107.FLR","NEON.DOC.001710vE","Flowers",0.005,"N",NA,"P9hftDyV5NLbHB2gcoQF666NEvwuiXGq"
"4950f924-af60-474c-8af5-d14d25ed8057","STEI_055.basePlot.ltr","D05","STEI","STEI_055","STEI_055_642","2016-11-13","2016-10-17","2016-11-07","2016-11-09T21:15Z","2016-11-13T22:00Z","NEON.LTR.STEI055642.20161107","NEON.LTR.STEI055642.20161107.SDS","NEON.DOC.001710vE","Seeds",0.005,"N",NA,"P9hftDyV5NLbHB2gcoQF666NEvwuiXGq"
"139f0998-9035-43e7-bf4c-8ecac06c717d","STEI_062.basePlot.ltr","D05","STEI","STEI_062","STEI_062_452","2016-11-13","2016-10-17","2016-11-07","2016-11-09T21:15Z","2016-11-13T22:00Z","NEON.LTR.STEI062452.20161107","NEON.LTR.STEI062452.20161107.LVS","NEON.DOC.001710vE","Leaves",0.12,"N",NA,"P9hftDyV5NLbHB2gcoQF666NEvwuiXGq"
"a23c337d-0efe-4240-a1df-64affe31a6de","STEI_062.basePlot.ltr","D05","STEI","STEI_062","STEI_062_452","2016-11-13","2016-10-17","2016-11-07","2016-11-09T21:15Z","2016-11-13T22:00Z","NEON.LTR.STEI062452.20161107","NEON.LTR.STEI062452.20161107.WDY","NEON.DOC.001710vE","Woody material",0,"N",NA,"P9hftDyV5NLbHB2gcoQF666NEvwuiXGq"
"009a3544-7b01-4172-a857-34a20c29b52e","STEI_062.basePlot.ltr","D05","STEI","STEI_062","STEI_062_452","2016-11-13","2016-10-17","2016-11-07","2016-11-09T21:15Z","2016-11-13T22:00Z","NEON.LTR.STEI062452.20161107","NEON.LTR.STEI062452.20161107.TWI","NEON.DOC.001710vE","Twigs/branches",0.15,"N",NA,"P9hftDyV5NLbHB2gcoQF666NEvwuiXGq"
"4b469905-4ba6-4e77-b1a1-2f6717e94e78","STEI_062.basePlot.ltr","D05","STEI","STEI_062","STEI_062_452","2016-11-13","2016-10-17","2016-11-07","2016-11-09T21:15Z","2016-11-13T22:00Z","NEON.LTR.STEI062452.20161107","NEON.LTR.STEI062452.20161107.NDL","NEON.DOC.001710vE","Needles",0.03,"N",NA,"P9hftDyV5NLbHB2gcoQF666NEvwuiXGq"
"1dd2de50-931b-4e14-8a27-4302a690fb7b","STEI_062.basePlot.ltr","D05","STEI","STEI_062","STEI_062_452","2016-11-13","2016-10-17","2016-11-07","2016-11-09T21:15Z","2016-11-13T22:00Z","NEON.LTR.STEI062452.20161107","NEON.LTR.STEI062452.20161107.TWI","NEON.DOC.001710vE","Twigs/branches",0.15,"Y",NA,"P9hftDyV5NLbHB2gcoQF666NEvwuiXGq"
"3ebc87fc-16f8-46ea-8f58-728378ab79b8","STEI_062.basePlot.ltr","D05","STEI","STEI_062","STEI_062_452","2016-11-13","2016-10-17","2016-11-07","2016-11-09T21:15Z","2016-11-13T22:00Z","NEON.LTR.STEI062452.20161107","NEON.LTR.STEI062452.20161107.FLR","NEON.DOC.001710vE","Flowers",0,"N",NA,"P9hftDyV5NLbHB2gcoQF666NEvwuiXGq"
"5983b199-599c-41a1-be92-fba2c62cc261","STEI_062.basePlot.ltr","D05","STEI","STEI_062","STEI_062_452","2016-11-13","2016-10-17","2016-11-07","2016-11-09T21:15Z","2016-11-13T22:00Z","NEON.LTR.STEI062452.20161107","NEON.LTR.STEI062452.20161107.OTH","NEON.DOC.001710vE","Other",0,"N",NA,"P9hftDyV5NLbHB2gcoQF666NEvwuiXGq"
"6b40b30d-c0cf-4d9c-9734-95753d3a907f","STEI_062.basePlot.ltr","D05","STEI","STEI_062","STEI_062_452","2016-11-13","2016-10-17","2016-11-07","2016-11-09T21:15Z","2016-11-13T22:00Z","NEON.LTR.STEI062452.20161107","NEON.LTR.STEI062452.20161107.SDS","NEON.DOC.001710vE","Seeds",0,"N",NA,"P9hftDyV5NLbHB2gcoQF666NEvwuiXGq"
"44e1ff1d-0e17-491a-87a6-e0b92eecca05","STEI_062.basePlot.ltr","D05","STEI","STEI_062","STEI_062_452","2016-11-13","2016-10-17","2016-11-07","2016-11-09T21:15Z","2016-11-13T22:00Z","NEON.LTR.STEI062452.20161107","NEON.LTR.STEI062452.20161107.LVS","NEON.DOC.001710vE","Leaves",0.12,"N",NA,"P9hftDyV5NLbHB2gcoQF666NEvwuiXGq"
"5a4601b6-6a70-4938-af6e-b039b5f63796","STEI_061.basePlot.ltr","D05","STEI","STEI_061","STEI_061_507","2016-11-13","2016-10-17","2016-11-07","2016-11-09T21:15Z","2016-11-13T22:00Z","NEON.LTR.STEI061507.20161107","NEON.LTR.STEI061507.20161107.LVS","NEON.DOC.001710vE","Leaves",7.65,"N",NA,"P9hftDyV5NLbHB2gcoQF666NEvwuiXGq"
"93bb1249-5c92-4f36-849a-0ec2bb0efeaa","STEI_061.basePlot.ltr","D05","STEI","STEI_061","STEI_061_507","2016-11-13","2016-10-17","2016-11-07","2016-11-09T21:15Z","2016-11-13T22:00Z","NEON.LTR.STEI061507.20161107","NEON.LTR.STEI061507.20161107.WDY","NEON.DOC.001710vE","Woody material",0.5,"N",NA,"P9hftDyV5NLbHB2gcoQF666NEvwuiXGq"
"640e39d9-287d-499c-9599-10cfb720fb54","STEI_061.basePlot.ltr","D05","STEI","STEI_061","STEI_061_507","2016-11-13","2016-10-17","2016-11-07","2016-11-09T21:15Z","2016-11-13T22:00Z","NEON.LTR.STEI061507.20161107","NEON.LTR.STEI061507.20161107.FLR","NEON.DOC.001710vE","Flowers",0.005,"N",NA,"P9hftDyV5NLbHB2gcoQF666NEvwuiXGq"
"8baa029f-2379-4b1f-95d8-0ae146ff64f5","STEI_061.basePlot.ltr","D05","STEI","STEI_061","STEI_061_507","2016-11-13","2016-10-17","2016-11-07","2016-11-09T21:15Z","2016-11-13T22:00Z","NEON.LTR.STEI061507.20161107","NEON.LTR.STEI061507.20161107.TWI","NEON.DOC.001710vE","Twigs/branches",0.31,"N",NA,"P9hftDyV5NLbHB2gcoQF666NEvwuiXGq"
"b5147bfb-693d-4568-b64d-1213b38fc5c3","STEI_061.basePlot.ltr","D05","STEI","STEI_061","STEI_061_507","2016-11-13","2016-10-17","2016-11-07","2016-11-09T21:15Z","2016-11-13T22:00Z","NEON.LTR.STEI061507.20161107","NEON.LTR.STEI061507.20161107.OTH","NEON.DOC.001710vE","Other",0.19,"N",NA,"P9hftDyV5NLbHB2gcoQF666NEvwuiXGq"
"e4f39f0d-efc0-44e0-8b9c-423f46bc1641","STEI_061.basePlot.ltr","D05","STEI","STEI_061","STEI_061_507","2016-11-13","2016-10-17","2016-11-07","2016-11-09T21:15Z","2016-11-13T22:00Z","NEON.LTR.STEI061507.20161107","NEON.LTR.STEI061507.20161107.NDL","NEON.DOC.001710vE","Needles",0.05,"N",NA,"P9hftDyV5NLbHB2gcoQF666NEvwuiXGq"
"6f7e3041-8074-44c8-aab4-7d73dfbfa7f2","STEI_061.basePlot.ltr","D05","STEI","STEI_061","STEI_061_507","2016-11-13","2016-10-17","2016-11-07","2016-11-09T21:15Z","2016-11-13T22:00Z","NEON.LTR.STEI061507.20161107","NEON.LTR.STEI061507.20161107.SDS","NEON.DOC.001710vE","Seeds",0.16,"N",NA,"P9hftDyV5NLbHB2gcoQF666NEvwuiXGq"
"fadbde11-1a51-4679-a3bd-6f989a899cc5","STEI_047.basePlot.ltr","D05","STEI","STEI_047","STEI_047_291","2016-11-13","2016-10-17","2016-11-07","2016-11-09T21:15Z","2016-11-13T22:00Z","NEON.LTR.STEI047291.20161107","NEON.LTR.STEI047291.20161107.OTH","NEON.DOC.001710vE","Other",0.09,"N",NA,"P9hftDyV5NLbHB2gcoQF666NEvwuiXGq"
"5185683f-cf0d-47d8-9d0a-b6c2e8732566","STEI_047.basePlot.ltr","D05","STEI","STEI_047","STEI_047_291","2016-11-13","2016-10-17","2016-11-07","2016-11-09T21:15Z","2016-11-13T22:00Z","NEON.LTR.STEI047291.20161107","NEON.LTR.STEI047291.20161107.NDL","NEON.DOC.001710vE","Needles",0.75,"N",NA,"P9hftDyV5NLbHB2gcoQF666NEvwuiXGq"
"bc261472-6583-4c4c-b5e5-e0823b20398f","STEI_047.basePlot.ltr","D05","STEI","STEI_047","STEI_047_291","2016-11-13","2016-10-17","2016-11-07","2016-11-09T21:15Z","2016-11-13T22:00Z","NEON.LTR.STEI047291.20161107","NEON.LTR.STEI047291.20161107.TWI","NEON.DOC.001710vE","Twigs/branches",0.22,"N",NA,"P9hftDyV5NLbHB2gcoQF666NEvwuiXGq"
"41c9d975-9f2b-45c7-94cc-12b42e0c4609","STEI_047.basePlot.ltr","D05","STEI","STEI_047","STEI_047_291","2016-11-13","2016-10-17","2016-11-07","2016-11-09T21:15Z","2016-11-13T22:00Z","NEON.LTR.STEI047291.20161107","NEON.LTR.STEI047291.20161107.SDS","NEON.DOC.001710vE","Seeds",0,"N",NA,"P9hftDyV5NLbHB2gcoQF666NEvwuiXGq"
"4dfae1a7-3f48-4137-a154-f8e920e9e488","STEI_047.basePlot.ltr","D05","STEI","STEI_047","STEI_047_291","2016-11-13","2016-10-17","2016-11-07","2016-11-09T21:15Z","2016-11-13T22:00Z","NEON.LTR.STEI047291.20161107","NEON.LTR.STEI047291.20161107.WDY","NEON.DOC.001710vE","Woody material",0.04,"N",NA,"P9hftDyV5NLbHB2gcoQF666NEvwuiXGq"
"73095b55-a83a-41b3-ac80-7476ceb2ea0f","STEI_047.basePlot.ltr","D05","STEI","STEI_047","STEI_047_291","2016-11-13","2016-10-17","2016-11-07","2016-11-09T21:15Z","2016-11-13T22:00Z","NEON.LTR.STEI047291.20161107","NEON.LTR.STEI047291.20161107.FLR","NEON.DOC.001710vE","Flowers",0,"N",NA,"P9hftDyV5NLbHB2gcoQF666NEvwuiXGq"
"77265509-3dca-48b3-bad6-03f5880899c8","STEI_047.basePlot.ltr","D05","STEI","STEI_047","STEI_047_291","2016-11-13","2016-10-17","2016-11-07","2016-11-09T21:15Z","2016-11-13T22:00Z","NEON.LTR.STEI047291.20161107","NEON.LTR.STEI047291.20161107.LVS","NEON.DOC.001710vE","Leaves",1.89,"N",NA,"P9hftDyV5NLbHB2gcoQF666NEvwuiXGq"
"8b82d51a-b579-4758-96bb-76c1603c850f","STEI_056.basePlot.ltr","D05","STEI","STEI_056","STEI_056_808","2016-11-13","2016-10-17","2016-11-07","2016-11-09T21:15Z","2016-11-13T22:00Z","NEON.LTR.STEI056808.20161107","NEON.LTR.STEI056808.20161107.FLR","NEON.DOC.001710vE","Flowers",0,"N",NA,"P9hftDyV5NLbHB2gcoQF666NEvwuiXGq"
"90ab1ba1-22ac-4499-8b69-c980a578f727","STEI_056.basePlot.ltr","D05","STEI","STEI_056","STEI_056_808","2016-11-13","2016-10-17","2016-11-07","2016-11-09T21:15Z","2016-11-13T22:00Z","NEON.LTR.STEI056808.20161107","NEON.LTR.STEI056808.20161107.OTH","NEON.DOC.001710vE","Other",0,"N",NA,"P9hftDyV5NLbHB2gcoQF666NEvwuiXGq"
"956c03e4-ecde-4356-922e-0974b8f8a36f","STEI_049.basePlot.ltr","D05","STEI","STEI_049","STEI_049_903","2016-11-13","2016-10-17","2016-11-07","2016-11-09T21:15Z","2016-11-13T22:00Z","NEON.LTR.STEI049903.20161107","NEON.LTR.STEI049903.20161107.TWI","NEON.DOC.001710vE","Twigs/branches",0.03,"N",NA,"P9hftDyV5NLbHB2gcoQF666NEvwuiXGq"
"c6248379-ee03-4405-8690-165d7622b6a4","STEI_049.basePlot.ltr","D05","STEI","STEI_049","STEI_049_903","2016-11-13","2016-10-17","2016-11-07","2016-11-09T21:15Z","2016-11-13T22:00Z","NEON.LTR.STEI049903.20161107","NEON.LTR.STEI049903.20161107.WDY","NEON.DOC.001710vE","Woody material",0.02,"N",NA,"P9hftDyV5NLbHB2gcoQF666NEvwuiXGq"
"204c95b1-fa87-4b69-a90c-1d930008b759","STEI_049.basePlot.ltr","D05","STEI","STEI_049","STEI_049_903","2016-11-13","2016-10-17","2016-11-07","2016-11-09T21:15Z","2016-11-13T22:00Z","NEON.LTR.STEI049903.20161107","NEON.LTR.STEI049903.20161107.SDS","NEON.DOC.001710vE","Seeds",0.01,"N",NA,"P9hftDyV5NLbHB2gcoQF666NEvwuiXGq"
"2e8d39a3-97b5-4496-87e0-cf5805ac1832","STEI_049.basePlot.ltr","D05","STEI","STEI_049","STEI_049_903","2016-11-13","2016-10-17","2016-11-07","2016-11-09T21:15Z","2016-11-13T22:00Z","NEON.LTR.STEI049903.20161107","NEON.LTR.STEI049903.20161107.LVS","NEON.DOC.001710vE","Leaves",2.28,"N",NA,"P9hftDyV5NLbHB2gcoQF666NEvwuiXGq"
"65a217bf-8c87-431e-8b8b-c1a9fc3f284e","STEI_049.basePlot.ltr","D05","STEI","STEI_049","STEI_049_903","2016-11-13","2016-10-17","2016-11-07","2016-11-09T21:15Z","2016-11-13T22:00Z","NEON.LTR.STEI049903.20161107","NEON.LTR.STEI049903.20161107.NDL","NEON.DOC.001710vE","Needles",0.25,"N",NA,"P9hftDyV5NLbHB2gcoQF666NEvwuiXGq"
"73d6fabb-d33a-4f4d-8e8c-dda7d0291d3b","STEI_049.basePlot.ltr","D05","STEI","STEI_049","STEI_049_903","2016-11-13","2016-10-17","2016-11-07","2016-11-09T21:15Z","2016-11-13T22:00Z","NEON.LTR.STEI049903.20161107","NEON.LTR.STEI049903.20161107.OTH","NEON.DOC.001710vE","Other",0.005,"N",NA,"P9hftDyV5NLbHB2gcoQF666NEvwuiXGq"
"49a32961-f929-43ea-bcf6-0317e323d3ca","STEI_056.basePlot.ltr","D05","STEI","STEI_056","STEI_056_808","2016-11-13","2016-10-17","2016-11-07","2016-11-09T21:15Z","2016-11-13T22:00Z","NEON.LTR.STEI056808.20161107","NEON.LTR.STEI056808.20161107.TWI","NEON.DOC.001710vE","Twigs/branches",2.11,"N",NA,"P9hftDyV5NLbHB2gcoQF666NEvwuiXGq"
"deb3b9ed-eb03-46f3-9964-5c9c4690d440","STEI_049.basePlot.ltr","D05","STEI","STEI_049","STEI_049_903","2016-11-13","2016-10-17","2016-11-07","2016-11-09T21:15Z","2016-11-13T22:00Z","NEON.LTR.STEI049903.20161107","NEON.LTR.STEI049903.20161107.FLR","NEON.DOC.001710vE","Flowers",0.005,"N",NA,"P9hftDyV5NLbHB2gcoQF666NEvwuiXGq"
"e395eb70-ad32-43df-8e4c-cdda4edf470a","STEI_056.basePlot.ltr","D05","STEI","STEI_056","STEI_056_808","2016-11-13","2016-10-17","2016-11-07","2016-11-09T21:15Z","2016-11-13T22:00Z","NEON.LTR.STEI056808.20161107","NEON.LTR.STEI056808.20161107.LVS","NEON.DOC.001710vE","Leaves",6.83,"N",NA,"P9hftDyV5NLbHB2gcoQF666NEvwuiXGq"
"3f964950-c932-41c8-97e0-6103f24eea46","STEI_056.basePlot.ltr","D05","STEI","STEI_056","STEI_056_808","2016-11-13","2016-10-17","2016-11-07","2016-11-09T21:15Z","2016-11-13T22:00Z","NEON.LTR.STEI056808.20161107","NEON.LTR.STEI056808.20161107.NDL","NEON.DOC.001710vE","Needles",0,"N",NA,"P9hftDyV5NLbHB2gcoQF666NEvwuiXGq"
"b63ccbd9-f4f7-4444-ba54-af5d3bd4647c","STEI_056.basePlot.ltr","D05","STEI","STEI_056","STEI_056_808","2016-11-13","2016-10-17","2016-11-07","2016-11-09T21:15Z","2016-11-13T22:00Z","NEON.LTR.STEI056808.20161107","NEON.LTR.STEI056808.20161107.WDY","NEON.DOC.001710vE","Woody material",0,"N",NA,"P9hftDyV5NLbHB2gcoQF666NEvwuiXGq"
"2c096497-719a-4562-8807-2c16930479a1","STEI_056.basePlot.ltr","D05","STEI","STEI_056","STEI_056_808","2016-11-13","2016-10-17","2016-11-07","2016-11-09T21:15Z","2016-11-13T22:00Z","NEON.LTR.STEI056808.20161107","NEON.LTR.STEI056808.20161107.SDS","NEON.DOC.001710vE","Seeds",0,"N",NA,"P9hftDyV5NLbHB2gcoQF666NEvwuiXGq"
"f5d59b61-1972-4e72-a5e9-7df10a349305","STEI_052.basePlot.ltr","D05","STEI","STEI_052","STEI_052_903","2016-11-13","2016-10-17","2016-11-07","2016-11-09T21:15Z","2016-11-13T22:00Z","NEON.LTR.STEI052903.20161107","NEON.LTR.STEI052903.20161107.WDY","NEON.DOC.001710vE","Woody material",0,"N",NA,"P9hftDyV5NLbHB2gcoQF666NEvwuiXGq"
"c6994872-36a8-42c9-943d-f14f024c5fce","STEI_052.basePlot.ltr","D05","STEI","STEI_052","STEI_052_903","2016-11-13","2016-10-17","2016-11-07","2016-11-09T21:15Z","2016-11-13T22:00Z","NEON.LTR.STEI052903.20161107","NEON.LTR.STEI052903.20161107.LVS","NEON.DOC.001710vE","Leaves",0.09,"N",NA,"P9hftDyV5NLbHB2gcoQF666NEvwuiXGq"
"11d16e7b-bb61-4754-b9e4-85a50e7774c9","STEI_052.basePlot.ltr","D05","STEI","STEI_052","STEI_052_903","2016-11-13","2016-10-17","2016-11-07","2016-11-09T21:15Z","2016-11-13T22:00Z","NEON.LTR.STEI052903.20161107","NEON.LTR.STEI052903.20161107.FLR","NEON.DOC.001710vE","Flowers",0.005,"N",NA,"P9hftDyV5NLbHB2gcoQF666NEvwuiXGq"
"c9e68446-d875-4735-98ed-c6fea47e94bb","STEI_052.basePlot.ltr","D05","STEI","STEI_052","STEI_052_903","2016-11-13","2016-10-17","2016-11-07","2016-11-09T21:15Z","2016-11-13T22:00Z","NEON.LTR.STEI052903.20161107","NEON.LTR.STEI052903.20161107.OTH","NEON.DOC.001710vE","Other",0.005,"N",NA,"P9hftDyV5NLbHB2gcoQF666NEvwuiXGq"
"fb72f9c6-a49e-4adf-81d6-f09b3dbc6685","STEI_052.basePlot.ltr","D05","STEI","STEI_052","STEI_052_903","2016-11-13","2016-10-17","2016-11-07","2016-11-09T21:15Z","2016-11-13T22:00Z","NEON.LTR.STEI052903.20161107","NEON.LTR.STEI052903.20161107.TWI","NEON.DOC.001710vE","Twigs/branches",0,"N",NA,"P9hftDyV5NLbHB2gcoQF666NEvwuiXGq"
"e147ff3f-fbd5-4ac7-aea1-b0cc4a07d2cc","STEI_052.basePlot.ltr","D05","STEI","STEI_052","STEI_052_903","2016-11-13","2016-10-17","2016-11-07","2016-11-09T21:15Z","2016-11-13T22:00Z","NEON.LTR.STEI052903.20161107","NEON.LTR.STEI052903.20161107.NDL","NEON.DOC.001710vE","Needles",0,"N",NA,"P9hftDyV5NLbHB2gcoQF666NEvwuiXGq"
"85ec4169-6a18-4656-8204-dab6eab161e1","STEI_052.basePlot.ltr","D05","STEI","STEI_052","STEI_052_903","2016-11-13","2016-10-17","2016-11-07","2016-11-09T21:15Z","2016-11-13T22:00Z","NEON.LTR.STEI052903.20161107","NEON.LTR.STEI052903.20161107.SDS","NEON.DOC.001710vE","Seeds",0.005,"N",NA,"P9hftDyV5NLbHB2gcoQF666NEvwuiXGq"
"31c0e75d-b050-472f-b250-d808fdf71e50","STEI_058.basePlot.ltr","D05","STEI","STEI_058","STEI_058_862","2016-11-13","2016-10-17","2016-11-07","2016-11-09T21:15Z","2016-11-13T22:00Z","NEON.LTR.STEI058862.20161107","NEON.LTR.STEI058862.20161107.SDS","NEON.DOC.001710vE","Seeds",0,"N",NA,"P9hftDyV5NLbHB2gcoQF666NEvwuiXGq"
"6b35c680-df65-4c2e-b41b-a3060480ead6","STEI_058.basePlot.ltr","D05","STEI","STEI_058","STEI_058_862","2016-11-13","2016-10-17","2016-11-07","2016-11-09T21:15Z","2016-11-13T22:00Z","NEON.LTR.STEI058862.20161107","NEON.LTR.STEI058862.20161107.TWI","NEON.DOC.001710vE","Twigs/branches",0.5,"Y",NA,"P9hftDyV5NLbHB2gcoQF666NEvwuiXGq"
"b5dd5b79-cfc0-4c9a-94f8-731cc228a5f8","STEI_058.basePlot.ltr","D05","STEI","STEI_058","STEI_058_862","2016-11-13","2016-10-17","2016-11-07","2016-11-09T21:15Z","2016-11-13T22:00Z","NEON.LTR.STEI058862.20161107","NEON.LTR.STEI058862.20161107.TWI","NEON.DOC.001710vE","Twigs/branches",0.5,"N",NA,"P9hftDyV5NLbHB2gcoQF666NEvwuiXGq"
"732611ee-be5e-4901-be1f-cfeca5eb4442","STEI_058.basePlot.ltr","D05","STEI","STEI_058","STEI_058_862","2016-11-13","2016-10-17","2016-11-07","2016-11-09T21:15Z","2016-11-13T22:00Z","NEON.LTR.STEI058862.20161107","NEON.LTR.STEI058862.20161107.WDY","NEON.DOC.001710vE","Woody material",0,"N",NA,"P9hftDyV5NLbHB2gcoQF666NEvwuiXGq"
"ffc33fd1-e294-4d04-a975-f378af2e6899","STEI_058.basePlot.ltr","D05","STEI","STEI_058","STEI_058_862","2016-11-13","2016-10-17","2016-11-07","2016-11-09T21:15Z","2016-11-13T22:00Z","NEON.LTR.STEI058862.20161107","NEON.LTR.STEI058862.20161107.LVS","NEON.DOC.001710vE","Leaves",1.19,"N",NA,"P9hftDyV5NLbHB2gcoQF666NEvwuiXGq"
"125ea319-74b7-46fe-8ed0-02f31cb8ce76","STEI_058.basePlot.ltr","D05","STEI","STEI_058","STEI_058_862","2016-11-13","2016-10-17","2016-11-07","2016-11-09T21:15Z","2016-11-13T22:00Z","NEON.LTR.STEI058862.20161107","NEON.LTR.STEI058862.20161107.NDL","NEON.DOC.001710vE","Needles",0.06,"N",NA,"P9hftDyV5NLbHB2gcoQF666NEvwuiXGq"
"43d31e36-f928-467e-9786-8d955b644e97","STEI_058.basePlot.ltr","D05","STEI","STEI_058","STEI_058_862","2016-11-13","2016-10-17","2016-11-07","2016-11-09T21:15Z","2016-11-13T22:00Z","NEON.LTR.STEI058862.20161107","NEON.LTR.STEI058862.20161107.OTH","NEON.DOC.001710vE","Other",0.05,"Y",NA,"P9hftDyV5NLbHB2gcoQF666NEvwuiXGq"
"ffce64c5-5071-407e-8efb-1b160f23ff87","STEI_058.basePlot.ltr","D05","STEI","STEI_058","STEI_058_862","2016-11-13","2016-10-17","2016-11-07","2016-11-09T21:15Z","2016-11-13T22:00Z","NEON.LTR.STEI058862.20161107","NEON.LTR.STEI058862.20161107.OTH","NEON.DOC.001710vE","Other",0.06,"N",NA,"P9hftDyV5NLbHB2gcoQF666NEvwuiXGq"
"f9fc27cf-0b0f-42a2-9dde-2d2776724641","STEI_058.basePlot.ltr","D05","STEI","STEI_058","STEI_058_862","2016-11-13","2016-10-17","2016-11-07","2016-11-09T21:15Z","2016-11-13T22:00Z","NEON.LTR.STEI058862.20161107","NEON.LTR.STEI058862.20161107.FLR","NEON.DOC.001710vE","Flowers",0.005,"N",NA,"P9hftDyV5NLbHB2gcoQF666NEvwuiXGq"
"8bdfb97f-3a62-419f-96cf-ff2ad9d98077","STEI_056.basePlot.ltr","D05","STEI","STEI_056","STEI_056_297","2016-11-13","2016-10-17","2016-11-07","2016-11-09T21:15Z","2016-11-13T22:00Z","NEON.LTR.STEI056297.20161107","NEON.LTR.STEI056297.20161107.FLR","NEON.DOC.001710vE","Flowers",0,"N",NA,"P9hftDyV5NLbHB2gcoQF666NEvwuiXGq"
"68baa2e0-bd97-4673-984f-e87241354e31","STEI_056.basePlot.ltr","D05","STEI","STEI_056","STEI_056_297","2016-11-13","2016-10-17","2016-11-07","2016-11-09T21:15Z","2016-11-13T22:00Z","NEON.LTR.STEI056297.20161107","NEON.LTR.STEI056297.20161107.LVS","NEON.DOC.001710vE","Leaves",6.94,"N",NA,"P9hftDyV5NLbHB2gcoQF666NEvwuiXGq"
"377cebfb-bce9-4ec6-8b98-46c47d4010f0","STEI_056.basePlot.ltr","D05","STEI","STEI_056","STEI_056_297","2016-11-13","2016-10-17","2016-11-07","2016-11-09T21:15Z","2016-11-13T22:00Z","NEON.LTR.STEI056297.20161107","NEON.LTR.STEI056297.20161107.LVS","NEON.DOC.001710vE","Leaves",6.9,"Y",NA,"P9hftDyV5NLbHB2gcoQF666NEvwuiXGq"
"dd3b35af-abfc-46e3-a095-421b9bc40661","STEI_056.basePlot.ltr","D05","STEI","STEI_056","STEI_056_297","2016-11-13","2016-10-17","2016-11-07","2016-11-09T21:15Z","2016-11-13T22:00Z","NEON.LTR.STEI056297.20161107","NEON.LTR.STEI056297.20161107.TWI","NEON.DOC.001710vE","Twigs/branches",1.63,"N",NA,"P9hftDyV5NLbHB2gcoQF666NEvwuiXGq"
"459fa2b3-1c2a-4312-832e-193fd6e6f2d9","STEI_056.basePlot.ltr","D05","STEI","STEI_056","STEI_056_297","2016-11-13","2016-10-17","2016-11-07","2016-11-09T21:15Z","2016-11-13T22:00Z","NEON.LTR.STEI056297.20161107","NEON.LTR.STEI056297.20161107.WDY","NEON.DOC.001710vE","Woody material",0.005,"N",NA,"P9hftDyV5NLbHB2gcoQF666NEvwuiXGq"
"d8385210-4e84-4186-a8bf-23460814dcdc","STEI_056.basePlot.ltr","D05","STEI","STEI_056","STEI_056_297","2016-11-13","2016-10-17","2016-11-07","2016-11-09T21:15Z","2016-11-13T22:00Z","NEON.LTR.STEI056297.20161107","NEON.LTR.STEI056297.20161107.OTH","NEON.DOC.001710vE","Other",0.01,"N",NA,"P9hftDyV5NLbHB2gcoQF666NEvwuiXGq"
"45aeec4e-9ccd-4ce0-8c84-f87be9a574a3","STEI_056.basePlot.ltr","D05","STEI","STEI_056","STEI_056_297","2016-11-13","2016-10-17","2016-11-07","2016-11-09T21:15Z","2016-11-13T22:00Z","NEON.LTR.STEI056297.20161107","NEON.LTR.STEI056297.20161107.NDL","NEON.DOC.001710vE","Needles",0.005,"N",NA,"P9hftDyV5NLbHB2gcoQF666NEvwuiXGq"
"416cb32b-dc95-4e15-9fb3-84ae65440670","STEI_056.basePlot.ltr","D05","STEI","STEI_056","STEI_056_297","2016-11-13","2016-10-17","2016-11-07","2016-11-09T21:15Z","2016-11-13T22:00Z","NEON.LTR.STEI056297.20161107","NEON.LTR.STEI056297.20161107.SDS","NEON.DOC.001710vE","Seeds",0.005,"N",NA,"P9hftDyV5NLbHB2gcoQF666NEvwuiXGq"
"7da9ccc3-d310-4689-ac0c-580076ff6b27","TREE_048.basePlot.ltr","D05","TREE","TREE_048","TREE_048_960","2016-06-10","2015-07-27","2016-05-31","2016-06-03T19:00Z","2016-06-10T17:00Z","NEON.LTR.TREE048960.20160531","NEON.LTR.TREE048960.20160531.OTH","NEON.DOC.001710vE","Other",0,"N","","54nw0cJRsXcS9GYlUA0UqRY6swQAbXHE"
"4f3098d3-b468-41b4-8279-688315e83198","TREE_025.basePlot.ltr","D05","TREE","TREE_025","TREE_025_197","2016-06-10","2015-07-27","2016-05-31","2016-06-03T19:00Z","2016-06-10T17:00Z","NEON.LTR.TREE025197.20160531","NEON.LTR.TREE025197.20160531.OTH","NEON.DOC.001710vE","Other",0,"N","","54nw0cJRsXcS9GYlUA0UqRY6swQAbXHE"
"f94517e7-765f-45a9-b609-50f81793eb09","TREE_044.basePlot.ltr","D05","TREE","TREE_044","TREE_044_715","2016-06-10","2015-07-27","2016-05-31","2016-06-03T19:00Z","2016-06-10T17:00Z","NEON.LTR.TREE044715.20160531","NEON.LTR.TREE044715.20160531.LVS","NEON.DOC.001710vE","Leaves",0,"N","","54nw0cJRsXcS9GYlUA0UqRY6swQAbXHE"
"014838eb-5a95-45bb-86a2-d239e5a85a24","TREE_044.basePlot.ltr","D05","TREE","TREE_044","TREE_044_715","2016-06-10","2015-07-27","2016-05-31","2016-06-03T19:00Z","2016-06-10T17:00Z","NEON.LTR.TREE044715.20160531","NEON.LTR.TREE044715.20160531.TWI","NEON.DOC.001710vE","Twigs/branches",82.1,"N","","54nw0cJRsXcS9GYlUA0UqRY6swQAbXHE"
"391023e3-331d-4da8-901d-810bd5e30ea3","TREE_043.basePlot.ltr","D05","TREE","TREE_043","TREE_043_759","2016-06-10","2015-07-27","2016-05-31","2016-06-03T19:00Z","2016-06-10T17:00Z","NEON.LTR.TREE043759.20160531","NEON.LTR.TREE043759.20160531.TWI","NEON.DOC.001710vE","Twigs/branches",4.31,"Y","","54nw0cJRsXcS9GYlUA0UqRY6swQAbXHE"
"38c37f34-daf9-47da-a951-5bc126c65842","TREE_043.basePlot.ltr","D05","TREE","TREE_043","TREE_043_759","2016-06-10","2015-07-27","2016-05-31","2016-06-03T19:00Z","2016-06-10T17:00Z","NEON.LTR.TREE043759.20160531","NEON.LTR.TREE043759.20160531.TWI","NEON.DOC.001710vE","Twigs/branches",4.3,"N","","54nw0cJRsXcS9GYlUA0UqRY6swQAbXHE"
"0a702277-4ebf-4050-844b-7abbd592e418","TREE_043.basePlot.ltr","D05","TREE","TREE_043","TREE_043_759","2016-06-10","2015-07-27","2016-05-31","2016-06-03T19:00Z","2016-06-10T17:00Z","NEON.LTR.TREE043759.20160531","NEON.LTR.TREE043759.20160531.OTH","NEON.DOC.001710vE","Other",0,"N","","54nw0cJRsXcS9GYlUA0UqRY6swQAbXHE"
"a5d46f02-7dd5-4c4b-85cc-ff893046705a","TREE_048.basePlot.ltr","D05","TREE","TREE_048","TREE_048_960","2016-06-10","2015-07-27","2016-05-31","2016-06-03T19:00Z","2016-06-10T17:00Z","NEON.LTR.TREE048960.20160531","NEON.LTR.TREE048960.20160531.TWI","NEON.DOC.001710vE","Twigs/branches",6.82,"N","","54nw0cJRsXcS9GYlUA0UqRY6swQAbXHE"
"108dac49-dbd0-4fc6-a7f9-09462412132b","TREE_048.basePlot.ltr","D05","TREE","TREE_048","TREE_048_960","2016-06-10","2015-07-27","2016-05-31","2016-06-03T19:00Z","2016-06-10T17:00Z","NEON.LTR.TREE048960.20160531","NEON.LTR.TREE048960.20160531.LVS","NEON.DOC.001710vE","Leaves",0,"N","","54nw0cJRsXcS9GYlUA0UqRY6swQAbXHE"
"7de05556-07a7-4369-99ff-26c19c1b4b53","TREE_025.basePlot.ltr","D05","TREE","TREE_025","TREE_025_382","2016-06-10","2015-07-27","2016-05-31","2016-06-03T19:00Z","2016-06-10T17:00Z","NEON.LTR.TREE025382.20160531","NEON.LTR.TREE025382.20160531.TWI","NEON.DOC.001710vE","Twigs/branches",10.99,"N","","54nw0cJRsXcS9GYlUA0UqRY6swQAbXHE"
"d45aeb81-239d-412d-b63a-5c4aac3d7d34","TREE_043.basePlot.ltr","D05","TREE","TREE_043","TREE_043_759","2016-06-10","2015-07-27","2016-05-31","2016-06-03T19:00Z","2016-06-10T17:00Z","NEON.LTR.TREE043759.20160531","NEON.LTR.TREE043759.20160531.LVS","NEON.DOC.001710vE","Leaves",0,"N","","54nw0cJRsXcS9GYlUA0UqRY6swQAbXHE"
"c7351310-e4cf-4277-ad3b-5aa8f29ed8e4","TREE_025.basePlot.ltr","D05","TREE","TREE_025","TREE_025_382","2016-06-10","2015-07-27","2016-05-31","2016-06-03T19:00Z","2016-06-10T17:00Z","NEON.LTR.TREE025382.20160531","NEON.LTR.TREE025382.20160531.LVS","NEON.DOC.001710vE","Leaves",0,"N","","54nw0cJRsXcS9GYlUA0UqRY6swQAbXHE"
"a40c80fe-0ba3-437b-b8c5-1dea7234c369","TREE_025.basePlot.ltr","D05","TREE","TREE_025","TREE_025_382","2016-06-10","2015-07-27","2016-05-31","2016-06-03T19:00Z","2016-06-10T17:00Z","NEON.LTR.TREE025382.20160531","NEON.LTR.TREE025382.20160531.OTH","NEON.DOC.001710vE","Other",0,"N","","54nw0cJRsXcS9GYlUA0UqRY6swQAbXHE"
"3f738e87-8340-4880-bca6-a2960a0d2f4e","TREE_025.basePlot.ltr","D05","TREE","TREE_025","TREE_025_197","2016-06-10","2015-07-27","2016-05-31","2016-06-03T19:00Z","2016-06-10T17:00Z","NEON.LTR.TREE025197.20160531","NEON.LTR.TREE025197.20160531.TWI","NEON.DOC.001710vE","Twigs/branches",6.17,"N","","54nw0cJRsXcS9GYlUA0UqRY6swQAbXHE"
"befeefea-bb21-417d-8ccf-0a5d4c3252aa","TREE_025.basePlot.ltr","D05","TREE","TREE_025","TREE_025_197","2016-06-10","2015-07-27","2016-05-31","2016-06-03T19:00Z","2016-06-10T17:00Z","NEON.LTR.TREE025197.20160531","NEON.LTR.TREE025197.20160531.LVS","NEON.DOC.001710vE","Leaves",0,"N","","54nw0cJRsXcS9GYlUA0UqRY6swQAbXHE"
"d45677f8-d9a3-47f0-adf6-65d71e891906","TREE_044.basePlot.ltr","D05","TREE","TREE_044","TREE_044_715","2016-06-10","2015-07-27","2016-05-31","2016-06-03T19:00Z","2016-06-10T17:00Z","NEON.LTR.TREE044715.20160531","NEON.LTR.TREE044715.20160531.OTH","NEON.DOC.001710vE","Other",0,"N","","54nw0cJRsXcS9GYlUA0UqRY6swQAbXHE"
"39d79c64-e82d-4dfe-bc02-d1fca0037022","TREE_050.basePlot.ltr","D05","TREE","TREE_050","TREE_050_763","2016-06-10","2015-07-28","2016-05-31","2016-06-03T19:00Z","2016-06-10T17:00Z","NEON.LTR.TREE050763.20160531","NEON.LTR.TREE050763.20160531.LVS","NEON.DOC.001710vE","Leaves",0,"N","","54nw0cJRsXcS9GYlUA0UqRY6swQAbXHE"
"989f769e-2bed-4e5b-ae06-30fb276f39ce","TREE_050.basePlot.ltr","D05","TREE","TREE_050","TREE_050_763","2016-06-10","2015-07-28","2016-05-31","2016-06-03T19:00Z","2016-06-10T17:00Z","NEON.LTR.TREE050763.20160531","NEON.LTR.TREE050763.20160531.TWI","NEON.DOC.001710vE","Twigs/branches",38.79,"Y","","54nw0cJRsXcS9GYlUA0UqRY6swQAbXHE"
"7239823b-5420-4c35-9140-e4699984cd83","TREE_050.basePlot.ltr","D05","TREE","TREE_050","TREE_050_763","2016-06-10","2015-07-28","2016-05-31","2016-06-03T19:00Z","2016-06-10T17:00Z","NEON.LTR.TREE050763.20160531","NEON.LTR.TREE050763.20160531.OTH","NEON.DOC.001710vE","Other",0,"N","","54nw0cJRsXcS9GYlUA0UqRY6swQAbXHE"
"a5830067-bb73-4efd-a773-ce31ca8924fd","TREE_050.basePlot.ltr","D05","TREE","TREE_050","TREE_050_763","2016-06-10","2015-07-28","2016-05-31","2016-06-03T19:00Z","2016-06-10T17:00Z","NEON.LTR.TREE050763.20160531","NEON.LTR.TREE050763.20160531.TWI","NEON.DOC.001710vE","Twigs/branches",38.78,"N","","54nw0cJRsXcS9GYlUA0UqRY6swQAbXHE"
"ba2be81c-d893-4383-b2e9-4f7fc0bc831c","TREE_049.basePlot.ltr","D05","TREE","TREE_049","TREE_049_440","2016-06-10","2015-07-28","2016-05-31","2016-06-03T19:00Z","2016-06-10T17:00Z","NEON.LTR.TREE049440.20160531","NEON.LTR.TREE049440.20160531.TWI","NEON.DOC.001710vE","Twigs/branches",146.44,"N","","54nw0cJRsXcS9GYlUA0UqRY6swQAbXHE"
"3d2fceb4-851c-48b3-8eae-fcffc9181983","TREE_049.basePlot.ltr","D05","TREE","TREE_049","TREE_049_440","2016-06-10","2015-07-28","2016-05-31","2016-06-03T19:00Z","2016-06-10T17:00Z","NEON.LTR.TREE049440.20160531","NEON.LTR.TREE049440.20160531.TWI","NEON.DOC.001710vE","Twigs/branches",146.34,"Y","","54nw0cJRsXcS9GYlUA0UqRY6swQAbXHE"
"fa39406c-58ef-477d-93fa-fa13b5ff61a8","TREE_049.basePlot.ltr","D05","TREE","TREE_049","TREE_049_440","2016-06-10","2015-07-28","2016-05-31","2016-06-03T19:00Z","2016-06-10T17:00Z","NEON.LTR.TREE049440.20160531","NEON.LTR.TREE049440.20160531.OTH","NEON.DOC.001710vE","Other",0,"N","","54nw0cJRsXcS9GYlUA0UqRY6swQAbXHE"
"641fee2d-d126-4359-bdda-91d14046943d","TREE_049.basePlot.ltr","D05","TREE","TREE_049","TREE_049_440","2016-06-10","2015-07-28","2016-05-31","2016-06-03T19:00Z","2016-06-10T17:00Z","NEON.LTR.TREE049440.20160531","NEON.LTR.TREE049440.20160531.LVS","NEON.DOC.001710vE","Leaves",0,"N","","54nw0cJRsXcS9GYlUA0UqRY6swQAbXHE"
"86065c72-04c0-4eae-aa2a-a956d53ee381","TREE_050.basePlot.ltr","D05","TREE","TREE_050","TREE_050_554","2016-06-10","2015-07-28","2016-05-31","2016-06-03T19:00Z","2016-06-10T17:00Z","NEON.LTR.TREE050554.20160531","NEON.LTR.TREE050554.20160531.TWI","NEON.DOC.001710vE","Twigs/branches",27.29,"N","","54nw0cJRsXcS9GYlUA0UqRY6swQAbXHE"
"b946afc4-14d0-40b6-9bfb-ec41ecf5c07f","TREE_050.basePlot.ltr","D05","TREE","TREE_050","TREE_050_554","2016-06-10","2015-07-28","2016-05-31","2016-06-03T19:00Z","2016-06-10T17:00Z","NEON.LTR.TREE050554.20160531","NEON.LTR.TREE050554.20160531.OTH","NEON.DOC.001710vE","Other",0,"N","","54nw0cJRsXcS9GYlUA0UqRY6swQAbXHE"
"ff4caef0-54d7-42b4-ab5f-4657d81e1a5e","TREE_041.basePlot.ltr","D05","TREE","TREE_041","TREE_041_009","2016-06-10","2015-07-28","2016-05-31","2016-06-03T19:00Z","2016-06-10T17:00Z","NEON.LTR.TREE041009.20160531","NEON.LTR.TREE041009.20160531.TWI","NEON.DOC.001710vE","Twigs/branches",89.84,"Y","","54nw0cJRsXcS9GYlUA0UqRY6swQAbXHE"
"d45e617d-8643-4e71-8bff-17dd3e923054","TREE_041.basePlot.ltr","D05","TREE","TREE_041","TREE_041_009","2016-06-10","2015-07-28","2016-05-31","2016-06-03T19:00Z","2016-06-10T17:00Z","NEON.LTR.TREE041009.20160531","NEON.LTR.TREE041009.20160531.TWI","NEON.DOC.001710vE","Twigs/branches",89.96,"N","","54nw0cJRsXcS9GYlUA0UqRY6swQAbXHE"
"38ee79a4-1f9e-4134-a503-2a0ee8a4d36c","TREE_041.basePlot.ltr","D05","TREE","TREE_041","TREE_041_009","2016-06-10","2015-07-28","2016-05-31","2016-06-03T19:00Z","2016-06-10T17:00Z","NEON.LTR.TREE041009.20160531","NEON.LTR.TREE041009.20160531.OTH","NEON.DOC.001710vE","Other",0,"N","","54nw0cJRsXcS9GYlUA0UqRY6swQAbXHE"
"c243fe8b-3ddc-4d7c-b986-aaaa6f4dc7f6","TREE_041.basePlot.ltr","D05","TREE","TREE_041","TREE_041_009","2016-06-10","2015-07-28","2016-05-31","2016-06-03T19:00Z","2016-06-10T17:00Z","NEON.LTR.TREE041009.20160531","NEON.LTR.TREE041009.20160531.LVS","NEON.DOC.001710vE","Leaves",0,"N","","54nw0cJRsXcS9GYlUA0UqRY6swQAbXHE"
"41f35cbd-1ba3-4c8b-ab09-c5907fa47d18","TREE_051.basePlot.ltr","D05","TREE","TREE_051","TREE_051_644","2016-06-10","2015-07-28","2016-05-31","2016-06-03T19:00Z","2016-06-10T17:00Z","NEON.LTR.TREE051644.20160531","NEON.LTR.TREE051644.20160531.TWI","NEON.DOC.001710vE","Twigs/branches",7.57,"N","","54nw0cJRsXcS9GYlUA0UqRY6swQAbXHE"
"407ed5c8-eb31-498d-965f-c53525102fdb","TREE_051.basePlot.ltr","D05","TREE","TREE_051","TREE_051_644","2016-06-10","2015-07-28","2016-05-31","2016-06-03T19:00Z","2016-06-10T17:00Z","NEON.LTR.TREE051644.20160531","NEON.LTR.TREE051644.20160531.LVS","NEON.DOC.001710vE","Leaves",0,"N","","54nw0cJRsXcS9GYlUA0UqRY6swQAbXHE"
"60fa2dc9-2312-4e8f-a71e-fe8436208b46","TREE_051.basePlot.ltr","D05","TREE","TREE_051","TREE_051_644","2016-06-10","2015-07-28","2016-05-31","2016-06-03T19:00Z","2016-06-10T17:00Z","NEON.LTR.TREE051644.20160531","NEON.LTR.TREE051644.20160531.OTH","NEON.DOC.001710vE","Other",0,"N","","54nw0cJRsXcS9GYlUA0UqRY6swQAbXHE"
"45b294a9-aa36-4a6d-8a18-1edd2811fd70","TREE_042.basePlot.ltr","D05","TREE","TREE_042","TREE_042_954","2016-06-10","2015-07-28","2016-05-31","2016-06-03T19:00Z","2016-06-10T17:00Z","NEON.LTR.TREE042954.20160531","NEON.LTR.TREE042954.20160531.LVS","NEON.DOC.001710vE","Leaves",0.01,"N","Seems weird since leaves are supposed to be 50cm","6T8aEJZt4bvLJIKKdxgf+H8G9oKe2YfP"
"21bc31c5-c8b9-4224-85a8-bb4e756d73aa","TREE_042.basePlot.ltr","D05","TREE","TREE_042","TREE_042_954","2016-06-10","2015-07-28","2016-05-31","2016-06-03T19:00Z","2016-06-10T17:00Z","NEON.LTR.TREE042954.20160531","NEON.LTR.TREE042954.20160531.TWI","NEON.DOC.001710vE","Twigs/branches",9.56,"N","","6T8aEJZt4bvLJIKKdxgf+H8G9oKe2YfP"
"036d9946-a32b-451c-a853-ce9d3c687907","TREE_042.basePlot.ltr","D05","TREE","TREE_042","TREE_042_954","2016-06-10","2015-07-28","2016-05-31","2016-06-03T19:00Z","2016-06-10T17:00Z","NEON.LTR.TREE042954.20160531","NEON.LTR.TREE042954.20160531.OTH","NEON.DOC.001710vE","Other",0,"N","","6T8aEJZt4bvLJIKKdxgf+H8G9oKe2YfP"
"26a2202b-f4ee-43e0-9f69-ee88f8fb40e8","TREE_050.basePlot.ltr","D05","TREE","TREE_050","TREE_050_554","2016-06-10","2015-07-28","2016-05-31","2016-06-03T19:00Z","2016-06-10T17:00Z","NEON.LTR.TREE050554.20160531","NEON.LTR.TREE050554.20160531.LVS","NEON.DOC.001710vE","Leaves",0,"N","","54nw0cJRsXcS9GYlUA0UqRY6swQAbXHE"
"14b784e2-c118-4803-bd19-6128e8ab5c5c","TREE_047.basePlot.ltr","D05","TREE","TREE_047","TREE_047_763","2016-06-10","2015-07-29","2016-05-31","2016-06-03T19:00Z","2016-06-10T17:00Z","NEON.LTR.TREE047763.20160531","NEON.LTR.TREE047763.20160531.TWI","NEON.DOC.001710vE","Twigs/branches",34.24,"N","","54nw0cJRsXcS9GYlUA0UqRY6swQAbXHE"
"d5a9e22d-a1ba-45a4-8229-0ecae68fc90d","TREE_047.basePlot.ltr","D05","TREE","TREE_047","TREE_047_763","2016-06-10","2015-07-29","2016-05-31","2016-06-03T19:00Z","2016-06-10T17:00Z","NEON.LTR.TREE047763.20160531","NEON.LTR.TREE047763.20160531.LVS","NEON.DOC.001710vE","Leaves",0,"N","","54nw0cJRsXcS9GYlUA0UqRY6swQAbXHE"
"09f664f1-70f2-470e-b6dd-3abe7eab6155","TREE_045.basePlot.ltr","D05","TREE","TREE_045","TREE_045_618","2016-06-10","2015-07-29","2016-05-31","2016-06-03T19:00Z","2016-06-10T17:00Z","NEON.LTR.TREE045618.20160531","NEON.LTR.TREE045618.20160531.OTH","NEON.DOC.001710vE","Other",0.46,"N","","54nw0cJRsXcS9GYlUA0UqRY6swQAbXHE"
"51fa1a6b-e825-4e24-a3f6-f6290f0eca93","TREE_045.basePlot.ltr","D05","TREE","TREE_045","TREE_045_618","2016-06-10","2015-07-29","2016-05-31","2016-06-03T19:00Z","2016-06-10T17:00Z","NEON.LTR.TREE045618.20160531","NEON.LTR.TREE045618.20160531.LVS","NEON.DOC.001710vE","Leaves",0,"N","","54nw0cJRsXcS9GYlUA0UqRY6swQAbXHE"
"44db7a61-ba78-412c-912c-49f416204f7b","TREE_045.basePlot.ltr","D05","TREE","TREE_045","TREE_045_618","2016-06-10","2015-07-29","2016-05-31","2016-06-03T19:00Z","2016-06-10T17:00Z","NEON.LTR.TREE045618.20160531","NEON.LTR.TREE045618.20160531.TWI","NEON.DOC.001710vE","Twigs/branches",31.61,"Y","","54nw0cJRsXcS9GYlUA0UqRY6swQAbXHE"
"c2e674dc-0264-4835-bdf5-e1441f2dd021","TREE_045.basePlot.ltr","D05","TREE","TREE_045","TREE_045_618","2016-06-10","2015-07-29","2016-05-31","2016-06-03T19:00Z","2016-06-10T17:00Z","NEON.LTR.TREE045618.20160531","NEON.LTR.TREE045618.20160531.TWI","NEON.DOC.001710vE","Twigs/branches",31.69,"N","","54nw0cJRsXcS9GYlUA0UqRY6swQAbXHE"
"840c1b52-db9d-4af8-9938-3e1685bfabfb","TREE_047.basePlot.ltr","D05","TREE","TREE_047","TREE_047_763","2016-06-10","2015-07-29","2016-05-31","2016-06-03T19:00Z","2016-06-10T17:00Z","NEON.LTR.TREE047763.20160531","NEON.LTR.TREE047763.20160531.OTH","NEON.DOC.001710vE","Other",0,"N","","54nw0cJRsXcS9GYlUA0UqRY6swQAbXHE"
"01094ed2-1c41-43bc-8e03-65d1d227a282","TREE_054.basePlot.ltr","D05","TREE","TREE_054","TREE_054_051","2016-06-10","2015-07-29","2016-05-31","2016-06-03T19:00Z","2016-06-10T17:00Z","NEON.LTR.TREE054051.20160531","NEON.LTR.TREE054051.20160531.TWI","NEON.DOC.001710vE","Twigs/branches",8.58,"N","","54nw0cJRsXcS9GYlUA0UqRY6swQAbXHE"
"d3ec0265-1e13-4e46-ac5d-91e60e06886b","TREE_054.basePlot.ltr","D05","TREE","TREE_054","TREE_054_051","2016-06-10","2015-07-29","2016-05-31","2016-06-03T19:00Z","2016-06-10T17:00Z","NEON.LTR.TREE054051.20160531","NEON.LTR.TREE054051.20160531.LVS","NEON.DOC.001710vE","Leaves",0,"N","","54nw0cJRsXcS9GYlUA0UqRY6swQAbXHE"
"b9aafd15-589f-4671-abe1-d92138039745","TREE_054.basePlot.ltr","D05","TREE","TREE_054","TREE_054_051","2016-06-10","2015-07-29","2016-05-31","2016-06-03T19:00Z","2016-06-10T17:00Z","NEON.LTR.TREE054051.20160531","NEON.LTR.TREE054051.20160531.TWI","NEON.DOC.001710vE","Twigs/branches",8.6,"Y","","54nw0cJRsXcS9GYlUA0UqRY6swQAbXHE"
"1295f12c-17e2-4710-83e2-95d1f7ba82c2","TREE_054.basePlot.ltr","D05","TREE","TREE_054","TREE_054_918","2016-06-10","2015-07-29","2016-05-31","2016-06-03T19:00Z","2016-06-10T17:00Z","NEON.LTR.TREE054918.20160531","NEON.LTR.TREE054918.20160531.OTH","NEON.DOC.001710vE","Other",0,"N","","54nw0cJRsXcS9GYlUA0UqRY6swQAbXHE"
"0b8cd01c-148f-4410-9c57-1d631ad5ea8d","TREE_054.basePlot.ltr","D05","TREE","TREE_054","TREE_054_918","2016-06-10","2015-07-29","2016-05-31","2016-06-03T19:00Z","2016-06-10T17:00Z","NEON.LTR.TREE054918.20160531","NEON.LTR.TREE054918.20160531.LVS","NEON.DOC.001710vE","Leaves",0,"N","","54nw0cJRsXcS9GYlUA0UqRY6swQAbXHE"
"64f5ad97-f3cd-4bde-bec4-14da5419477e","TREE_054.basePlot.ltr","D05","TREE","TREE_054","TREE_054_918","2016-06-10","2015-07-29","2016-05-31","2016-06-03T19:00Z","2016-06-10T17:00Z","NEON.LTR.TREE054918.20160531","NEON.LTR.TREE054918.20160531.TWI","NEON.DOC.001710vE","Twigs/branches",13.88,"N","","54nw0cJRsXcS9GYlUA0UqRY6swQAbXHE"
"b1396e29-581a-4d98-a4f5-78c2b085435b","TREE_054.basePlot.ltr","D05","TREE","TREE_054","TREE_054_051","2016-06-10","2015-07-29","2016-05-31","2016-06-03T19:00Z","2016-06-10T17:00Z","NEON.LTR.TREE054051.20160531","NEON.LTR.TREE054051.20160531.OTH","NEON.DOC.001710vE","Other",0,"N","","54nw0cJRsXcS9GYlUA0UqRY6swQAbXHE"
"4c0bbfe1-c2b8-42e8-bf6b-2edc70d5495f","TREE_043.basePlot.ltr","D05","TREE","TREE_043","TREE_043_804","2016-06-10","2015-10-20","2016-05-19","2016-06-03T19:00Z","2016-06-10T17:00Z","NEON.LTR.TREE043804.20160519","NEON.LTR.TREE043804.20160519.TWI","NEON.DOC.001710vE","Twigs/branches",7.61,"N","","yK8OKO7i1xqEPAI8O44BvyFgRN6LSHQ9"
"b0c8f20d-4acb-4882-bad6-4cd1292060f0","TREE_043.basePlot.ltr","D05","TREE","TREE_043","TREE_043_804","2016-06-10","2015-10-20","2016-05-19","2016-06-03T19:00Z","2016-06-10T17:00Z","NEON.LTR.TREE043804.20160519","NEON.LTR.TREE043804.20160519.FLR","NEON.DOC.001710vE","Flowers",0.01,"N","","yK8OKO7i1xqEPAI8O44BvyFgRN6LSHQ9"
"16a0f575-309a-4ca1-8102-ec8ca35af2c4","TREE_043.basePlot.ltr","D05","TREE","TREE_043","TREE_043_804","2016-06-10","2015-10-20","2016-05-19","2016-06-03T19:00Z","2016-06-10T17:00Z","NEON.LTR.TREE043804.20160519","NEON.LTR.TREE043804.20160519.NDL","NEON.DOC.001710vE","Needles",79.89,"Y","","yK8OKO7i1xqEPAI8O44BvyFgRN6LSHQ9"
"bcd88fdf-63b2-41d3-9b72-307fc4d08f6d","TREE_043.basePlot.ltr","D05","TREE","TREE_043","TREE_043_804","2016-06-10","2015-10-20","2016-05-19","2016-06-03T19:00Z","2016-06-10T17:00Z","NEON.LTR.TREE043804.20160519","NEON.LTR.TREE043804.20160519.NDL","NEON.DOC.001710vE","Needles",80.2,"N","","yK8OKO7i1xqEPAI8O44BvyFgRN6LSHQ9"
"675fcdd5-36cc-4349-a75e-db3dfe4b0272","TREE_043.basePlot.ltr","D05","TREE","TREE_043","TREE_043_804","2016-06-10","2015-10-20","2016-05-19","2016-06-03T19:00Z","2016-06-10T17:00Z","NEON.LTR.TREE043804.20160519","NEON.LTR.TREE043804.20160519.WDY","NEON.DOC.001710vE","Woody material",43.66,"N","","yK8OKO7i1xqEPAI8O44BvyFgRN6LSHQ9"
"bc1f6633-d5a0-41bb-94f9-249ba9c302ae","TREE_043.basePlot.ltr","D05","TREE","TREE_043","TREE_043_804","2016-06-10","2015-10-20","2016-05-19","2016-06-03T19:00Z","2016-06-10T17:00Z","NEON.LTR.TREE043804.20160519","NEON.LTR.TREE043804.20160519.SDS","NEON.DOC.001710vE","Seeds",0.26,"N","","yK8OKO7i1xqEPAI8O44BvyFgRN6LSHQ9"
"32e61c7a-de4e-41b1-a880-1c091cd97c67","TREE_043.basePlot.ltr","D05","TREE","TREE_043","TREE_043_804","2016-06-10","2015-10-20","2016-05-19","2016-06-03T19:00Z","2016-06-10T17:00Z","NEON.LTR.TREE043804.20160519","NEON.LTR.TREE043804.20160519.OTH","NEON.DOC.001710vE","Other",0.2,"N","","yK8OKO7i1xqEPAI8O44BvyFgRN6LSHQ9"
"f36fbb13-f1c9-4a12-9026-fe632993c032","TREE_043.basePlot.ltr","D05","TREE","TREE_043","TREE_043_804","2016-06-10","2015-10-20","2016-05-19","2016-06-03T19:00Z","2016-06-10T17:00Z","NEON.LTR.TREE043804.20160519","NEON.LTR.TREE043804.20160519.LVS","NEON.DOC.001710vE","Leaves",0.06,"N","","yK8OKO7i1xqEPAI8O44BvyFgRN6LSHQ9"
"485102ef-d98f-46aa-a658-c8691423c471","TREE_048.basePlot.ltr","D05","TREE","TREE_048","TREE_048_578","2016-06-10","2015-10-20","2016-05-19","2016-06-03T19:00Z","2016-06-10T17:00Z","NEON.LTR.TREE048578.20160519","NEON.LTR.TREE048578.20160519.TWI","NEON.DOC.001710vE","Twigs/branches",3.62,"N","","yK8OKO7i1xqEPAI8O44BvyFgRN6LSHQ9"
"c755bfef-d515-4060-bd43-bf60c44c40aa","TREE_048.basePlot.ltr","D05","TREE","TREE_048","TREE_048_578","2016-06-10","2015-10-20","2016-05-19","2016-06-03T19:00Z","2016-06-10T17:00Z","NEON.LTR.TREE048578.20160519","NEON.LTR.TREE048578.20160519.SDS","NEON.DOC.001710vE","Seeds",0.07,"N","","yK8OKO7i1xqEPAI8O44BvyFgRN6LSHQ9"
"463fa13e-e27e-44da-864d-d7a8f73d5fc2","TREE_048.basePlot.ltr","D05","TREE","TREE_048","TREE_048_578","2016-06-10","2015-10-20","2016-05-19","2016-06-03T19:00Z","2016-06-10T17:00Z","NEON.LTR.TREE048578.20160519","NEON.LTR.TREE048578.20160519.OTH","NEON.DOC.001710vE","Other",0.04,"N","","yK8OKO7i1xqEPAI8O44BvyFgRN6LSHQ9"
"ee9ebb1f-9f0a-49f8-876f-6a10ec58b361","TREE_048.basePlot.ltr","D05","TREE","TREE_048","TREE_048_578","2016-06-10","2015-10-20","2016-05-19","2016-06-03T19:00Z","2016-06-10T17:00Z","NEON.LTR.TREE048578.20160519","NEON.LTR.TREE048578.20160519.WDY","NEON.DOC.001710vE","Woody material",2,"N","","yK8OKO7i1xqEPAI8O44BvyFgRN6LSHQ9"
"56a1d8f1-0b2c-4c24-acae-d18c315cafa4","TREE_048.basePlot.ltr","D05","TREE","TREE_048","TREE_048_578","2016-06-10","2015-10-20","2016-05-19","2016-06-03T19:00Z","2016-06-10T17:00Z","NEON.LTR.TREE048578.20160519","NEON.LTR.TREE048578.20160519.LVS","NEON.DOC.001710vE","Leaves",0.23,"N","","yK8OKO7i1xqEPAI8O44BvyFgRN6LSHQ9"
"0408d8cf-a804-4441-aa39-fd60bf1b4df0","TREE_048.basePlot.ltr","D05","TREE","TREE_048","TREE_048_578","2016-06-10","2015-10-20","2016-05-19","2016-06-03T19:00Z","2016-06-10T17:00Z","NEON.LTR.TREE048578.20160519","NEON.LTR.TREE048578.20160519.NDL","NEON.DOC.001710vE","Needles",14.6,"N","","yK8OKO7i1xqEPAI8O44BvyFgRN6LSHQ9"
"6869986a-71ac-4b7b-b739-79cfca5b671d","TREE_048.basePlot.ltr","D05","TREE","TREE_048","TREE_048_578","2016-06-10","2015-10-20","2016-05-19","2016-06-03T19:00Z","2016-06-10T17:00Z","NEON.LTR.TREE048578.20160519","NEON.LTR.TREE048578.20160519.FLR","NEON.DOC.001710vE","Flowers",0,"N","","yK8OKO7i1xqEPAI8O44BvyFgRN6LSHQ9"
"8ab71d4e-7a13-431c-84ac-ffd7eff1546d","TREE_043.basePlot.ltr","D05","TREE","TREE_043","TREE_043_613","2016-06-10","2015-10-20","2016-05-19","2016-06-03T19:00Z","2016-06-10T17:00Z","NEON.LTR.TREE043613.20160519","NEON.LTR.TREE043613.20160519.WDY","NEON.DOC.001710vE","Woody material",5.66,"Y","","yK8OKO7i1xqEPAI8O44BvyFgRN6LSHQ9"
"149dd9d7-059c-4b49-9853-8f82082a8907","TREE_043.basePlot.ltr","D05","TREE","TREE_043","TREE_043_613","2016-06-10","2015-10-20","2016-05-19","2016-06-03T19:00Z","2016-06-10T17:00Z","NEON.LTR.TREE043613.20160519","NEON.LTR.TREE043613.20160519.WDY","NEON.DOC.001710vE","Woody material",5.7,"N","","yK8OKO7i1xqEPAI8O44BvyFgRN6LSHQ9"
"815592bc-1123-468b-a289-2faacd6b82ce","TREE_043.basePlot.ltr","D05","TREE","TREE_043","TREE_043_613","2016-06-10","2015-10-20","2016-05-19","2016-06-03T19:00Z","2016-06-10T17:00Z","NEON.LTR.TREE043613.20160519","NEON.LTR.TREE043613.20160519.TWI","NEON.DOC.001710vE","Twigs/branches",6.51,"N","","yK8OKO7i1xqEPAI8O44BvyFgRN6LSHQ9"
"616ca79b-76a4-4c92-8ea9-ef9c40c84a2d","TREE_043.basePlot.ltr","D05","TREE","TREE_043","TREE_043_613","2016-06-10","2015-10-20","2016-05-19","2016-06-03T19:00Z","2016-06-10T17:00Z","NEON.LTR.TREE043613.20160519","NEON.LTR.TREE043613.20160519.OTH","NEON.DOC.001710vE","Other",0.13,"N","","yK8OKO7i1xqEPAI8O44BvyFgRN6LSHQ9"
"f9c7dd73-3dee-4088-969a-3114de2629ea","TREE_043.basePlot.ltr","D05","TREE","TREE_043","TREE_043_613","2016-06-10","2015-10-20","2016-05-19","2016-06-03T19:00Z","2016-06-10T17:00Z","NEON.LTR.TREE043613.20160519","NEON.LTR.TREE043613.20160519.LVS","NEON.DOC.001710vE","Leaves",0.09,"N","","yK8OKO7i1xqEPAI8O44BvyFgRN6LSHQ9"
"ff3f340b-aa1b-4250-bc5b-6ad0e54c78a9","TREE_043.basePlot.ltr","D05","TREE","TREE_043","TREE_043_613","2016-06-10","2015-10-20","2016-05-19","2016-06-03T19:00Z","2016-06-10T17:00Z","NEON.LTR.TREE043613.20160519","NEON.LTR.TREE043613.20160519.NDL","NEON.DOC.001710vE","Needles",54.7,"N","","yK8OKO7i1xqEPAI8O44BvyFgRN6LSHQ9"
"6d1f8054-a8bf-49a9-b51d-0983e3c41bef","TREE_043.basePlot.ltr","D05","TREE","TREE_043","TREE_043_613","2016-06-10","2015-10-20","2016-05-19","2016-06-03T19:00Z","2016-06-10T17:00Z","NEON.LTR.TREE043613.20160519","NEON.LTR.TREE043613.20160519.FLR","NEON.DOC.001710vE","Flowers",0.06,"N","","yK8OKO7i1xqEPAI8O44BvyFgRN6LSHQ9"
"19a5fe92-5b42-422b-af1d-d4db8096d66f","TREE_043.basePlot.ltr","D05","TREE","TREE_043","TREE_043_613","2016-06-10","2015-10-20","2016-05-19","2016-06-03T19:00Z","2016-06-10T17:00Z","NEON.LTR.TREE043613.20160519","NEON.LTR.TREE043613.20160519.SDS","NEON.DOC.001710vE","Seeds",0.07,"N","","yK8OKO7i1xqEPAI8O44BvyFgRN6LSHQ9"
"3e1a49e9-0178-484d-831a-a0c1dd7fe382","TREE_048.basePlot.ltr","D05","TREE","TREE_048","TREE_048_810","2016-06-10","2015-10-20","2016-05-19","2016-06-03T19:00Z","2016-06-10T17:00Z","NEON.LTR.TREE048810.20160519","NEON.LTR.TREE048810.20160519.OTH","NEON.DOC.001710vE","Other",11.5,"N","","yK8OKO7i1xqEPAI8O44BvyFgRN6LSHQ9"
"0d2b0ca4-4c9d-4e0d-95c2-3db9c7e2773d","TREE_048.basePlot.ltr","D05","TREE","TREE_048","TREE_048_810","2016-06-10","2015-10-20","2016-05-19","2016-06-03T19:00Z","2016-06-10T17:00Z","NEON.LTR.TREE048810.20160519","NEON.LTR.TREE048810.20160519.SDS","NEON.DOC.001710vE","Seeds",0,"N","","yK8OKO7i1xqEPAI8O44BvyFgRN6LSHQ9"
"7d169a6b-3f9c-486d-9248-9ad278fe23d7","TREE_048.basePlot.ltr","D05","TREE","TREE_048","TREE_048_810","2016-06-10","2015-10-20","2016-05-19","2016-06-03T19:00Z","2016-06-10T17:00Z","NEON.LTR.TREE048810.20160519","NEON.LTR.TREE048810.20160519.TWI","NEON.DOC.001710vE","Twigs/branches",13.15,"N","","yK8OKO7i1xqEPAI8O44BvyFgRN6LSHQ9"
"9d7acdac-e4ae-4f64-9aeb-69dc11dcfa2b","TREE_048.basePlot.ltr","D05","TREE","TREE_048","TREE_048_810","2016-06-10","2015-10-20","2016-05-19","2016-06-03T19:00Z","2016-06-10T17:00Z","NEON.LTR.TREE048810.20160519","NEON.LTR.TREE048810.20160519.NDL","NEON.DOC.001710vE","Needles",7.11,"N","","yK8OKO7i1xqEPAI8O44BvyFgRN6LSHQ9"
"cc115bfd-508a-4980-a787-c69c6d2f5069","TREE_048.basePlot.ltr","D05","TREE","TREE_048","TREE_048_810","2016-06-10","2015-10-20","2016-05-19","2016-06-03T19:00Z","2016-06-10T17:00Z","NEON.LTR.TREE048810.20160519","NEON.LTR.TREE048810.20160519.FLR","NEON.DOC.001710vE","Flowers",0,"N","","yK8OKO7i1xqEPAI8O44BvyFgRN6LSHQ9"
"9905d111-4f62-465b-aafb-e7c78eb1bcfa","TREE_048.basePlot.ltr","D05","TREE","TREE_048","TREE_048_810","2016-06-10","2015-10-20","2016-05-19","2016-06-03T19:00Z","2016-06-10T17:00Z","NEON.LTR.TREE048810.20160519","NEON.LTR.TREE048810.20160519.WDY","NEON.DOC.001710vE","Woody material",12.54,"N","","yK8OKO7i1xqEPAI8O44BvyFgRN6LSHQ9"
"2c77987d-044d-4fdd-9002-efcb63d9d068","TREE_048.basePlot.ltr","D05","TREE","TREE_048","TREE_048_810","2016-06-10","2015-10-20","2016-05-19","2016-06-03T19:00Z","2016-06-10T17:00Z","NEON.LTR.TREE048810.20160519","NEON.LTR.TREE048810.20160519.LVS","NEON.DOC.001710vE","Leaves",0.26,"N","","yK8OKO7i1xqEPAI8O44BvyFgRN6LSHQ9"
"a71018ec-4df1-4509-bef5-5f27e804727b","TREE_048.basePlot.ltr","D05","TREE","TREE_048","TREE_048_810","2016-06-10","2015-10-20","2016-05-19","2016-06-03T19:00Z","2016-06-10T17:00Z","NEON.LTR.TREE048810.20160519","NEON.LTR.TREE048810.20160519.OTH","NEON.DOC.001710vE","Other",11.48,"Y","","yK8OKO7i1xqEPAI8O44BvyFgRN6LSHQ9"
"861210be-7e5c-403c-9484-45cb2cd15974","TREE_042.basePlot.ltr","D05","TREE","TREE_042","TREE_042_891","2016-06-10","2015-10-20","2016-05-31","2016-06-03T19:00Z","2016-06-10T17:00Z","NEON.LTR.TREE042891.20160531","NEON.LTR.TREE042891.20160531.WDY","NEON.DOC.001710vE","Woody material",1.78,"N","","6T8aEJZt4bvLJIKKdxgf+H8G9oKe2YfP"
"3f0426f5-25ba-4597-81d2-36568df2a4d9","TREE_042.basePlot.ltr","D05","TREE","TREE_042","TREE_042_891","2016-06-10","2015-10-20","2016-05-31","2016-06-03T19:00Z","2016-06-10T17:00Z","NEON.LTR.TREE042891.20160531","NEON.LTR.TREE042891.20160531.LVS","NEON.DOC.001710vE","Leaves",1.77,"N","","6T8aEJZt4bvLJIKKdxgf+H8G9oKe2YfP"
"ea1013d6-01ef-4995-a2dc-59e0e61516b0","TREE_042.basePlot.ltr","D05","TREE","TREE_042","TREE_042_891","2016-06-10","2015-10-20","2016-05-31","2016-06-03T19:00Z","2016-06-10T17:00Z","NEON.LTR.TREE042891.20160531","NEON.LTR.TREE042891.20160531.SDS","NEON.DOC.001710vE","Seeds",0.79,"N","","6T8aEJZt4bvLJIKKdxgf+H8G9oKe2YfP"
"f14335a0-6279-4a6a-b228-f55d696bd2e6","TREE_042.basePlot.ltr","D05","TREE","TREE_042","TREE_042_891","2016-06-10","2015-10-20","2016-05-31","2016-06-03T19:00Z","2016-06-10T17:00Z","NEON.LTR.TREE042891.20160531","NEON.LTR.TREE042891.20160531.OTH","NEON.DOC.001710vE","Other",6.38,"N","","6T8aEJZt4bvLJIKKdxgf+H8G9oKe2YfP"
"3e93f41a-4903-48eb-ba38-b41a2dcdcbd7","TREE_042.basePlot.ltr","D05","TREE","TREE_042","TREE_042_891","2016-06-10","2015-10-20","2016-05-31","2016-06-03T19:00Z","2016-06-10T17:00Z","NEON.LTR.TREE042891.20160531","NEON.LTR.TREE042891.20160531.TWI","NEON.DOC.001710vE","Twigs/branches",4.17,"N","","6T8aEJZt4bvLJIKKdxgf+H8G9oKe2YfP"
"07a24f99-7e58-4c3b-99eb-ae3315d5b428","TREE_042.basePlot.ltr","D05","TREE","TREE_042","TREE_042_891","2016-06-10","2015-10-20","2016-05-31","2016-06-03T19:00Z","2016-06-10T17:00Z","NEON.LTR.TREE042891.20160531","NEON.LTR.TREE042891.20160531.FLR","NEON.DOC.001710vE","Flowers",4.03,"N","","6T8aEJZt4bvLJIKKdxgf+H8G9oKe2YfP"
"3c91b65d-86bf-4ada-b490-4b7f7a309705","TREE_042.basePlot.ltr","D05","TREE","TREE_042","TREE_042_891","2016-06-10","2015-10-20","2016-05-31","2016-06-03T19:00Z","2016-06-10T17:00Z","NEON.LTR.TREE042891.20160531","NEON.LTR.TREE042891.20160531.NDL","NEON.DOC.001710vE","Needles",1.27,"N","","6T8aEJZt4bvLJIKKdxgf+H8G9oKe2YfP"
"af45a541-c527-4b6d-94c6-776057f6b1f4","TREE_057.basePlot.ltr","D05","TREE","TREE_057","TREE_057_577","2016-06-10","2015-10-20","2016-05-31","2016-06-03T19:00Z","2016-06-10T17:00Z","NEON.LTR.TREE057577.20160531","NEON.LTR.TREE057577.20160531.WDY","NEON.DOC.001710vE","Woody material",1.58,"N","","6T8aEJZt4bvLJIKKdxgf+H8G9oKe2YfP"
"0e516df6-1da2-4ce8-b920-80890e66373d","TREE_057.basePlot.ltr","D05","TREE","TREE_057","TREE_057_577","2016-06-10","2015-10-20","2016-05-31","2016-06-03T19:00Z","2016-06-10T17:00Z","NEON.LTR.TREE057577.20160531","NEON.LTR.TREE057577.20160531.TWI","NEON.DOC.001710vE","Twigs/branches",1.38,"N","","6T8aEJZt4bvLJIKKdxgf+H8G9oKe2YfP"
"56571d90-ac69-4acf-8573-f48e501c0ffa","TREE_057.basePlot.ltr","D05","TREE","TREE_057","TREE_057_577","2016-06-10","2015-10-20","2016-05-31","2016-06-03T19:00Z","2016-06-10T17:00Z","NEON.LTR.TREE057577.20160531","NEON.LTR.TREE057577.20160531.FLR","NEON.DOC.001710vE","Flowers",2.04,"N","","6T8aEJZt4bvLJIKKdxgf+H8G9oKe2YfP"
"bae14326-548f-4d00-8b7c-9a88f2daddb2","TREE_057.basePlot.ltr","D05","TREE","TREE_057","TREE_057_577","2016-06-10","2015-10-20","2016-05-31","2016-06-03T19:00Z","2016-06-10T17:00Z","NEON.LTR.TREE057577.20160531","NEON.LTR.TREE057577.20160531.NDL","NEON.DOC.001710vE","Needles",4.44,"N","","6T8aEJZt4bvLJIKKdxgf+H8G9oKe2YfP"
"cd5cf04b-c566-41a0-922c-3b2ca497e577","TREE_057.basePlot.ltr","D05","TREE","TREE_057","TREE_057_577","2016-06-10","2015-10-20","2016-05-31","2016-06-03T19:00Z","2017-01-04T18:00Z","NEON.LTR.TREE057577.20160531","NEON.LTR.TREE057577.20160531.OTH","NEON.DOC.001710vE","Other",4.3,"N","","6T8aEJZt4bvLJIKKdxgf+H8G9oKe2YfP"
"049126a0-d1ac-4ec2-aa59-cfec167e905c","TREE_057.basePlot.ltr","D05","TREE","TREE_057","TREE_057_577","2016-06-10","2015-10-20","2016-05-31","2016-06-03T19:00Z","2016-06-10T17:00Z","NEON.LTR.TREE057577.20160531","NEON.LTR.TREE057577.20160531.LVS","NEON.DOC.001710vE","Leaves",0.47,"N","","6T8aEJZt4bvLJIKKdxgf+H8G9oKe2YfP"
"19e9ff21-b7ef-40a5-8374-f15c16f21529","TREE_057.basePlot.ltr","D05","TREE","TREE_057","TREE_057_577","2016-06-10","2015-10-20","2016-05-31","2016-06-03T19:00Z","2016-06-10T17:00Z","NEON.LTR.TREE057577.20160531","NEON.LTR.TREE057577.20160531.SDS","NEON.DOC.001710vE","Seeds",0.53,"N","","6T8aEJZt4bvLJIKKdxgf+H8G9oKe2YfP"
"8670e1f1-387b-4aa4-b3ae-9acf1a5190a0","TREE_025.basePlot.ltr","D05","TREE","TREE_025","TREE_025_043","2016-06-10","2015-10-20","2016-05-31","2016-06-03T19:00Z","2016-06-10T17:00Z","NEON.LTR.TREE025043.20160531","NEON.LTR.TREE025043.20160531.WDY","NEON.DOC.001710vE","Woody material",0.23,"N","","6T8aEJZt4bvLJIKKdxgf+H8G9oKe2YfP"
"c596fbde-c270-49f9-b450-ac02c139459a","TREE_025.basePlot.ltr","D05","TREE","TREE_025","TREE_025_043","2016-06-10","2015-10-20","2016-05-31","2016-06-03T19:00Z","2016-06-10T17:00Z","NEON.LTR.TREE025043.20160531","NEON.LTR.TREE025043.20160531.LVS","NEON.DOC.001710vE","Leaves",0.51,"Y","","6T8aEJZt4bvLJIKKdxgf+H8G9oKe2YfP"
"194eda63-a27b-4856-b7d0-565601893cff","TREE_025.basePlot.ltr","D05","TREE","TREE_025","TREE_025_043","2016-06-10","2015-10-20","2016-05-31","2016-06-03T19:00Z","2016-06-10T17:00Z","NEON.LTR.TREE025043.20160531","NEON.LTR.TREE025043.20160531.FLR","NEON.DOC.001710vE","Flowers",0.3,"N","","6T8aEJZt4bvLJIKKdxgf+H8G9oKe2YfP"
"06a0b7e5-73f4-4a4e-a85f-993f400c4a8a","TREE_025.basePlot.ltr","D05","TREE","TREE_025","TREE_025_043","2016-06-10","2015-10-20","2016-05-31","2016-06-03T19:00Z","2016-06-10T17:00Z","NEON.LTR.TREE025043.20160531","NEON.LTR.TREE025043.20160531.TWI","NEON.DOC.001710vE","Twigs/branches",9.73,"N","","6T8aEJZt4bvLJIKKdxgf+H8G9oKe2YfP"
"4c80c933-bc6d-4188-bd9f-df74bb723faf","TREE_025.basePlot.ltr","D05","TREE","TREE_025","TREE_025_043","2016-06-10","2015-10-20","2016-05-31","2016-06-03T19:00Z","2016-06-10T17:00Z","NEON.LTR.TREE025043.20160531","NEON.LTR.TREE025043.20160531.NDL","NEON.DOC.001710vE","Needles",1.1,"N","","6T8aEJZt4bvLJIKKdxgf+H8G9oKe2YfP"
"a4ff3703-941a-4784-a636-00842f9f57f5","TREE_025.basePlot.ltr","D05","TREE","TREE_025","TREE_025_043","2016-06-10","2015-10-20","2016-05-31","2016-06-03T19:00Z","2016-06-10T17:00Z","NEON.LTR.TREE025043.20160531","NEON.LTR.TREE025043.20160531.SDS","NEON.DOC.001710vE","Seeds",0.64,"N","","6T8aEJZt4bvLJIKKdxgf+H8G9oKe2YfP"
"bbd224ea-b4b7-4d66-8c00-97f4ab7e9102","TREE_025.basePlot.ltr","D05","TREE","TREE_025","TREE_025_043","2016-06-10","2015-10-20","2016-05-31","2016-06-03T19:00Z","2016-06-10T17:00Z","NEON.LTR.TREE025043.20160531","NEON.LTR.TREE025043.20160531.LVS","NEON.DOC.001710vE","Leaves",0.52,"N","","6T8aEJZt4bvLJIKKdxgf+H8G9oKe2YfP"
"200c6c26-6f90-46c7-a259-a4777ec72263","TREE_025.basePlot.ltr","D05","TREE","TREE_025","TREE_025_043","2016-06-10","2015-10-20","2016-05-31","2016-06-03T19:00Z","2016-06-10T17:00Z","NEON.LTR.TREE025043.20160531","NEON.LTR.TREE025043.20160531.OTH","NEON.DOC.001710vE","Other",3.31,"N","","6T8aEJZt4bvLJIKKdxgf+H8G9oKe2YfP"
"e8aeee1d-b5b5-4a0f-beb0-2f7e49f04a71","TREE_054.basePlot.ltr","D05","TREE","TREE_054","TREE_054_034","2016-06-10","2015-10-20","2016-05-31","2016-06-03T19:00Z","2016-06-10T17:00Z","NEON.LTR.TREE054034.20160531","NEON.LTR.TREE054034.20160531.WDY","NEON.DOC.001710vE","Woody material",5.89,"N","","yK8OKO7i1xqEPAI8O44BvyFgRN6LSHQ9"
"bfe12f57-3b29-4e33-b260-a13b032a718a","TREE_054.basePlot.ltr","D05","TREE","TREE_054","TREE_054_034","2016-06-10","2015-10-20","2016-05-31","2016-06-03T19:00Z","2016-06-10T17:00Z","NEON.LTR.TREE054034.20160531","NEON.LTR.TREE054034.20160531.NDL","NEON.DOC.001710vE","Needles",56.22,"Y","","yK8OKO7i1xqEPAI8O44BvyFgRN6LSHQ9"
"b59f138a-7a4b-43a4-800f-c08c3140026e","TREE_054.basePlot.ltr","D05","TREE","TREE_054","TREE_054_034","2016-06-10","2015-10-20","2016-05-31","2016-06-03T19:00Z","2016-06-10T17:00Z","NEON.LTR.TREE054034.20160531","NEON.LTR.TREE054034.20160531.NDL","NEON.DOC.001710vE","Needles",56.59,"N","","yK8OKO7i1xqEPAI8O44BvyFgRN6LSHQ9"
"599dfc1d-e7a8-4080-b9f0-f651eae7dca6","TREE_025.basePlot.ltr","D05","TREE","TREE_025","TREE_025_307","2016-06-10","2015-10-20","2016-05-31","2016-06-03T19:00Z","2016-06-10T17:00Z","NEON.LTR.TREE025307.20160531","NEON.LTR.TREE025307.20160531.SDS","NEON.DOC.001710vE","Seeds",1.15,"N","","yK8OKO7i1xqEPAI8O44BvyFgRN6LSHQ9"
"4817a089-b46c-48eb-990e-8de3200db19c","TREE_025.basePlot.ltr","D05","TREE","TREE_025","TREE_025_307","2016-06-10","2015-10-20","2016-05-31","2016-06-03T19:00Z","2016-06-10T17:00Z","NEON.LTR.TREE025307.20160531","NEON.LTR.TREE025307.20160531.WDY","NEON.DOC.001710vE","Woody material",0.29,"N","","yK8OKO7i1xqEPAI8O44BvyFgRN6LSHQ9"
"dc2df53d-1ba8-4832-8beb-ba2b0927ee8c","TREE_025.basePlot.ltr","D05","TREE","TREE_025","TREE_025_307","2016-06-10","2015-10-20","2016-05-31","2016-06-03T19:00Z","2016-06-10T17:00Z","NEON.LTR.TREE025307.20160531","NEON.LTR.TREE025307.20160531.FLR","NEON.DOC.001710vE","Flowers",3.53,"N","","yK8OKO7i1xqEPAI8O44BvyFgRN6LSHQ9"
"70c9c707-0dc7-4f75-abcf-b1294e04dcb5","TREE_025.basePlot.ltr","D05","TREE","TREE_025","TREE_025_307","2016-06-10","2015-10-20","2016-05-31","2016-06-03T19:00Z","2016-06-10T17:00Z","NEON.LTR.TREE025307.20160531","NEON.LTR.TREE025307.20160531.TWI","NEON.DOC.001710vE","Twigs/branches",0.99,"N","","yK8OKO7i1xqEPAI8O44BvyFgRN6LSHQ9"
"b03b6927-6adb-4d72-93f0-96698eb781c1","TREE_025.basePlot.ltr","D05","TREE","TREE_025","TREE_025_307","2016-06-10","2015-10-20","2016-05-31","2016-06-03T19:00Z","2016-06-10T17:00Z","NEON.LTR.TREE025307.20160531","NEON.LTR.TREE025307.20160531.NDL","NEON.DOC.001710vE","Needles",1.13,"N","","yK8OKO7i1xqEPAI8O44BvyFgRN6LSHQ9"
"8ed7aae5-8e45-418c-ad2b-e456f8eddd79","TREE_025.basePlot.ltr","D05","TREE","TREE_025","TREE_025_307","2016-06-10","2015-10-20","2016-05-31","2016-06-03T19:00Z","2016-06-10T17:00Z","NEON.LTR.TREE025307.20160531","NEON.LTR.TREE025307.20160531.OTH","NEON.DOC.001710vE","Other",6.04,"N","","yK8OKO7i1xqEPAI8O44BvyFgRN6LSHQ9"
"346c5dd2-59b4-4406-aab7-63e1da3e4f1a","TREE_025.basePlot.ltr","D05","TREE","TREE_025","TREE_025_307","2016-06-10","2015-10-20","2016-05-31","2016-06-03T19:00Z","2016-06-10T17:00Z","NEON.LTR.TREE025307.20160531","NEON.LTR.TREE025307.20160531.LVS","NEON.DOC.001710vE","Leaves",0.44,"N","","yK8OKO7i1xqEPAI8O44BvyFgRN6LSHQ9"
"4d9d201a-c862-4dce-8207-0f4356acef70","TREE_041.basePlot.ltr","D05","TREE","TREE_041","TREE_041_106","2016-06-10","2015-10-20","2016-05-31","2016-06-03T19:00Z","2016-06-10T17:00Z","NEON.LTR.TREE041106.20160531","NEON.LTR.TREE041106.20160531.LVS","NEON.DOC.001710vE","Leaves",0.06,"N","","yK8OKO7i1xqEPAI8O44BvyFgRN6LSHQ9"
"e047f92a-fe6f-4d20-8606-36afe1011a1e","TREE_041.basePlot.ltr","D05","TREE","TREE_041","TREE_041_106","2016-06-10","2015-10-20","2016-05-31","2016-06-03T19:00Z","2016-06-10T17:00Z","NEON.LTR.TREE041106.20160531","NEON.LTR.TREE041106.20160531.NDL","NEON.DOC.001710vE","Needles",0,"N","","yK8OKO7i1xqEPAI8O44BvyFgRN6LSHQ9"
"d562003b-3f4e-4fec-beaa-0561df2ce00d","TREE_041.basePlot.ltr","D05","TREE","TREE_041","TREE_041_106","2016-06-10","2015-10-20","2016-05-31","2016-06-03T19:00Z","2016-06-10T17:00Z","NEON.LTR.TREE041106.20160531","NEON.LTR.TREE041106.20160531.SDS","NEON.DOC.001710vE","Seeds",3.07,"N","","yK8OKO7i1xqEPAI8O44BvyFgRN6LSHQ9"
"a20169b8-e38b-48e4-aabc-989c332dbe7f","TREE_041.basePlot.ltr","D05","TREE","TREE_041","TREE_041_106","2016-06-10","2015-10-20","2016-05-31","2016-06-03T19:00Z","2016-06-10T17:00Z","NEON.LTR.TREE041106.20160531","NEON.LTR.TREE041106.20160531.SDS","NEON.DOC.001710vE","Seeds",3.06,"Y","","yK8OKO7i1xqEPAI8O44BvyFgRN6LSHQ9"
"3b4eba58-7696-4226-9b2c-54b1e7ca14ae","TREE_041.basePlot.ltr","D05","TREE","TREE_041","TREE_041_106","2016-06-10","2015-10-20","2016-05-31","2016-06-03T19:00Z","2016-06-10T17:00Z","NEON.LTR.TREE041106.20160531","NEON.LTR.TREE041106.20160531.OTH","NEON.DOC.001710vE","Other",0.03,"N","","yK8OKO7i1xqEPAI8O44BvyFgRN6LSHQ9"
"8b60232e-1302-4d6f-8028-49b02fef834f","TREE_041.basePlot.ltr","D05","TREE","TREE_041","TREE_041_106","2016-06-10","2015-10-20","2016-05-31","2016-06-03T19:00Z","2016-06-10T17:00Z","NEON.LTR.TREE041106.20160531","NEON.LTR.TREE041106.20160531.TWI","NEON.DOC.001710vE","Twigs/branches",0.07,"N","","yK8OKO7i1xqEPAI8O44BvyFgRN6LSHQ9"
"b045ae18-b7d1-41b1-84f2-e9c786552a23","TREE_041.basePlot.ltr","D05","TREE","TREE_041","TREE_041_106","2016-06-10","2015-10-20","2016-05-31","2016-06-03T19:00Z","2016-06-10T17:00Z","NEON.LTR.TREE041106.20160531","NEON.LTR.TREE041106.20160531.WDY","NEON.DOC.001710vE","Woody material",0.14,"N","","yK8OKO7i1xqEPAI8O44BvyFgRN6LSHQ9"
"c23aaf1d-efed-4144-b8a8-df34e6f4dc63","TREE_041.basePlot.ltr","D05","TREE","TREE_041","TREE_041_106","2016-06-10","2015-10-20","2016-05-31","2016-06-03T19:00Z","2016-06-10T17:00Z","NEON.LTR.TREE041106.20160531","NEON.LTR.TREE041106.20160531.FLR","NEON.DOC.001710vE","Flowers",5.3,"N","","yK8OKO7i1xqEPAI8O44BvyFgRN6LSHQ9"
"7be8e154-6c28-4f93-b995-14af247592a3","TREE_046.basePlot.ltr","D05","TREE","TREE_046","TREE_046_268","2016-06-10","2015-10-20","2016-05-31","2016-06-03T19:00Z","2016-06-10T17:00Z","NEON.LTR.TREE046268.20160531","NEON.LTR.TREE046268.20160531.SDS","NEON.DOC.001710vE","Seeds",1.24,"N","","yK8OKO7i1xqEPAI8O44BvyFgRN6LSHQ9"
"defb62e4-6f1b-4104-b00e-980c9fa0f2c9","TREE_046.basePlot.ltr","D05","TREE","TREE_046","TREE_046_268","2016-06-10","2015-10-20","2016-05-31","2016-06-03T19:00Z","2016-06-10T17:00Z","NEON.LTR.TREE046268.20160531","NEON.LTR.TREE046268.20160531.WDY","NEON.DOC.001710vE","Woody material",3.39,"N","","yK8OKO7i1xqEPAI8O44BvyFgRN6LSHQ9"
"2b6d38be-4c1e-41c9-863a-0e52c20014d2","TREE_046.basePlot.ltr","D05","TREE","TREE_046","TREE_046_268","2016-06-10","2015-10-20","2016-05-31","2016-06-03T19:00Z","2016-06-10T17:00Z","NEON.LTR.TREE046268.20160531","NEON.LTR.TREE046268.20160531.OTH","NEON.DOC.001710vE","Other",7.38,"N","","yK8OKO7i1xqEPAI8O44BvyFgRN6LSHQ9"
"12471f3c-4fb8-4713-bec3-3ca6a7e64cbc","TREE_046.basePlot.ltr","D05","TREE","TREE_046","TREE_046_268","2016-06-10","2015-10-20","2016-05-31","2016-06-03T19:00Z","2016-06-10T17:00Z","NEON.LTR.TREE046268.20160531","NEON.LTR.TREE046268.20160531.WDY","NEON.DOC.001710vE","Woody material",3.37,"Y","","yK8OKO7i1xqEPAI8O44BvyFgRN6LSHQ9"
"93d713fe-df52-4c1d-91ae-262fa109afb5","TREE_046.basePlot.ltr","D05","TREE","TREE_046","TREE_046_268","2016-06-10","2015-10-20","2016-05-31","2016-06-03T19:00Z","2016-06-10T17:00Z","NEON.LTR.TREE046268.20160531","NEON.LTR.TREE046268.20160531.NDL","NEON.DOC.001710vE","Needles",0.1,"N","","yK8OKO7i1xqEPAI8O44BvyFgRN6LSHQ9"
"dae63a4f-a67c-4a33-a5f5-75b393804ac5","TREE_046.basePlot.ltr","D05","TREE","TREE_046","TREE_046_268","2016-06-10","2015-10-20","2016-05-31","2016-06-03T19:00Z","2016-06-10T17:00Z","NEON.LTR.TREE046268.20160531","NEON.LTR.TREE046268.20160531.FLR","NEON.DOC.001710vE","Flowers",6.99,"N","","yK8OKO7i1xqEPAI8O44BvyFgRN6LSHQ9"
"3e2be2e8-4d3a-4691-b612-5d850342c2a1","TREE_046.basePlot.ltr","D05","TREE","TREE_046","TREE_046_268","2016-06-10","2015-10-20","2016-05-31","2016-06-03T19:00Z","2016-06-10T17:00Z","NEON.LTR.TREE046268.20160531","NEON.LTR.TREE046268.20160531.TWI","NEON.DOC.001710vE","Twigs/branches",1.5,"N","","yK8OKO7i1xqEPAI8O44BvyFgRN6LSHQ9"
"784a3d0d-f5f4-4491-9809-8808f196e848","TREE_046.basePlot.ltr","D05","TREE","TREE_046","TREE_046_268","2016-06-10","2015-10-20","2016-05-31","2016-06-03T19:00Z","2016-06-10T17:00Z","NEON.LTR.TREE046268.20160531","NEON.LTR.TREE046268.20160531.LVS","NEON.DOC.001710vE","Leaves",0.25,"N","","yK8OKO7i1xqEPAI8O44BvyFgRN6LSHQ9"
"1cf2df8d-63d0-474d-84da-0565ea817ed8","TREE_055.basePlot.ltr","D05","TREE","TREE_055","TREE_055_595","2016-06-10","2015-10-20","2016-05-31","2016-06-03T19:00Z","2016-06-10T17:00Z","NEON.LTR.TREE055595.20160531","NEON.LTR.TREE055595.20160531.TWI","NEON.DOC.001710vE","Twigs/branches",4.29,"N","","yK8OKO7i1xqEPAI8O44BvyFgRN6LSHQ9"
"d81e1f5c-89af-4943-a733-c58b298bccac","TREE_040.basePlot.ltr","D05","TREE","TREE_040","TREE_040_405","2016-06-10","2015-10-20","2016-05-31","2016-06-03T19:00Z","2016-06-10T17:00Z","NEON.LTR.TREE040405.20160531","NEON.LTR.TREE040405.20160531.FLR","NEON.DOC.001710vE","Flowers",0.26,"N","","yK8OKO7i1xqEPAI8O44BvyFgRN6LSHQ9"
"36e0dda3-938d-4c13-8df4-e5e1828e3a3f","TREE_040.basePlot.ltr","D05","TREE","TREE_040","TREE_040_405","2016-06-10","2015-10-20","2016-05-31","2016-06-03T19:00Z","2016-06-10T17:00Z","NEON.LTR.TREE040405.20160531","NEON.LTR.TREE040405.20160531.SDS","NEON.DOC.001710vE","Seeds",0.53,"N","","yK8OKO7i1xqEPAI8O44BvyFgRN6LSHQ9"
"c6a9a951-f20f-4421-82e8-16df2daa334d","TREE_040.basePlot.ltr","D05","TREE","TREE_040","TREE_040_405","2016-06-10","2015-10-20","2016-05-31","2016-06-03T19:00Z","2016-06-10T17:00Z","NEON.LTR.TREE040405.20160531","NEON.LTR.TREE040405.20160531.OTH","NEON.DOC.001710vE","Other",6.02,"N","","yK8OKO7i1xqEPAI8O44BvyFgRN6LSHQ9"
"3c171546-9cf8-41ae-a56f-499bf6f21adf","TREE_040.basePlot.ltr","D05","TREE","TREE_040","TREE_040_405","2016-06-10","2015-10-20","2016-05-31","2016-06-03T19:00Z","2016-06-10T17:00Z","NEON.LTR.TREE040405.20160531","NEON.LTR.TREE040405.20160531.NDL","NEON.DOC.001710vE","Needles",8.47,"N","","yK8OKO7i1xqEPAI8O44BvyFgRN6LSHQ9"
"b6e5284f-8d0f-418b-938e-17744cd7bfda","TREE_040.basePlot.ltr","D05","TREE","TREE_040","TREE_040_405","2016-06-10","2015-10-20","2016-05-31","2016-06-03T19:00Z","2016-06-10T17:00Z","NEON.LTR.TREE040405.20160531","NEON.LTR.TREE040405.20160531.LVS","NEON.DOC.001710vE","Leaves",1.93,"Y","","yK8OKO7i1xqEPAI8O44BvyFgRN6LSHQ9"
"e3033103-5aee-402a-ac17-667b7b165c6a","TREE_040.basePlot.ltr","D05","TREE","TREE_040","TREE_040_405","2016-06-10","2015-10-20","2016-05-31","2016-06-03T19:00Z","2016-06-10T17:00Z","NEON.LTR.TREE040405.20160531","NEON.LTR.TREE040405.20160531.WDY","NEON.DOC.001710vE","Woody material",0.11,"N","","yK8OKO7i1xqEPAI8O44BvyFgRN6LSHQ9"
"7f25127e-5d31-492c-82e6-b86372a265c8","TREE_040.basePlot.ltr","D05","TREE","TREE_040","TREE_040_405","2016-06-10","2015-10-20","2016-05-31","2016-06-03T19:00Z","2016-06-10T17:00Z","NEON.LTR.TREE040405.20160531","NEON.LTR.TREE040405.20160531.LVS","NEON.DOC.001710vE","Leaves",1.94,"N","","yK8OKO7i1xqEPAI8O44BvyFgRN6LSHQ9"
"192784cb-4c6f-415b-b763-2ebd30ae8889","TREE_040.basePlot.ltr","D05","TREE","TREE_040","TREE_040_405","2016-06-10","2015-10-20","2016-05-31","2016-06-03T19:00Z","2016-06-10T17:00Z","NEON.LTR.TREE040405.20160531","NEON.LTR.TREE040405.20160531.TWI","NEON.DOC.001710vE","Twigs/branches",0.31,"N","","yK8OKO7i1xqEPAI8O44BvyFgRN6LSHQ9"
"245b88ae-5c45-4186-9dc8-39d326b1fc31","TREE_055.basePlot.ltr","D05","TREE","TREE_055","TREE_055_595","2016-06-10","2015-10-20","2016-05-31","2016-06-03T19:00Z","2016-06-10T17:00Z","NEON.LTR.TREE055595.20160531","NEON.LTR.TREE055595.20160531.NDL","NEON.DOC.001710vE","Needles",0.84,"Y","","yK8OKO7i1xqEPAI8O44BvyFgRN6LSHQ9"
"4282c249-dbac-4fd9-9dd9-676066931a29","TREE_055.basePlot.ltr","D05","TREE","TREE_055","TREE_055_595","2016-06-10","2015-10-20","2016-05-31","2016-06-03T19:00Z","2016-06-10T17:00Z","NEON.LTR.TREE055595.20160531","NEON.LTR.TREE055595.20160531.FLR","NEON.DOC.001710vE","Flowers",1.73,"N","","yK8OKO7i1xqEPAI8O44BvyFgRN6LSHQ9"
"74800f30-68d9-4eaf-ac9f-3cf84c7fa5b1","TREE_055.basePlot.ltr","D05","TREE","TREE_055","TREE_055_595","2016-06-10","2015-10-20","2016-05-31","2016-06-03T19:00Z","2016-06-10T17:00Z","NEON.LTR.TREE055595.20160531","NEON.LTR.TREE055595.20160531.LVS","NEON.DOC.001710vE","Leaves",0.63,"N","","yK8OKO7i1xqEPAI8O44BvyFgRN6LSHQ9"
"f3b49008-a0d5-4830-a0dc-a415085396e4","TREE_055.basePlot.ltr","D05","TREE","TREE_055","TREE_055_595","2016-06-10","2015-10-20","2016-05-31","2016-06-03T19:00Z","2016-06-10T17:00Z","NEON.LTR.TREE055595.20160531","NEON.LTR.TREE055595.20160531.WDY","NEON.DOC.001710vE","Woody material",0.43,"N","","yK8OKO7i1xqEPAI8O44BvyFgRN6LSHQ9"
"c8fe3911-0164-41ea-b38a-e3f3402c88b8","TREE_055.basePlot.ltr","D05","TREE","TREE_055","TREE_055_595","2016-06-10","2015-10-20","2016-05-31","2016-06-03T19:00Z","2016-06-10T17:00Z","NEON.LTR.TREE055595.20160531","NEON.LTR.TREE055595.20160531.SDS","NEON.DOC.001710vE","Seeds",1.95,"N","","yK8OKO7i1xqEPAI8O44BvyFgRN6LSHQ9"
"e3b13d78-a0f9-4654-a40d-2cc78ecabff5","TREE_055.basePlot.ltr","D05","TREE","TREE_055","TREE_055_595","2016-06-10","2015-10-20","2016-05-31","2016-06-03T19:00Z","2016-06-10T17:00Z","NEON.LTR.TREE055595.20160531","NEON.LTR.TREE055595.20160531.OTH","NEON.DOC.001710vE","Other",3.58,"N","","yK8OKO7i1xqEPAI8O44BvyFgRN6LSHQ9"
"8323a4c7-5085-402a-b262-8b37dd31a32c","TREE_055.basePlot.ltr","D05","TREE","TREE_055","TREE_055_595","2016-06-10","2015-10-20","2016-05-31","2016-06-03T19:00Z","2016-06-10T17:00Z","NEON.LTR.TREE055595.20160531","NEON.LTR.TREE055595.20160531.NDL","NEON.DOC.001710vE","Needles",0.84,"N","","yK8OKO7i1xqEPAI8O44BvyFgRN6LSHQ9"
"547e5d47-e285-434b-98b0-cb255a651e67","TREE_054.basePlot.ltr","D05","TREE","TREE_054","TREE_054_762","2016-06-10","2015-10-20","2016-05-31","2016-06-03T19:00Z","2016-06-10T17:00Z","NEON.LTR.TREE054762.20160531","NEON.LTR.TREE054762.20160531.LVS","NEON.DOC.001710vE","Leaves",1.16,"N","","yK8OKO7i1xqEPAI8O44BvyFgRN6LSHQ9"
"f0901b64-cff0-43c2-b498-850b1f2d7f10","TREE_054.basePlot.ltr","D05","TREE","TREE_054","TREE_054_762","2016-06-10","2015-10-20","2016-05-31","2016-06-03T19:00Z","2016-06-10T17:00Z","NEON.LTR.TREE054762.20160531","NEON.LTR.TREE054762.20160531.SDS","NEON.DOC.001710vE","Seeds",0.89,"N","","yK8OKO7i1xqEPAI8O44BvyFgRN6LSHQ9"
"40a40599-14f7-4ab6-ada5-8da6ed0276b8","TREE_054.basePlot.ltr","D05","TREE","TREE_054","TREE_054_762","2016-06-10","2015-10-20","2016-05-31","2016-06-03T19:00Z","2016-06-10T17:00Z","NEON.LTR.TREE054762.20160531","NEON.LTR.TREE054762.20160531.TWI","NEON.DOC.001710vE","Twigs/branches",0.27,"N","","yK8OKO7i1xqEPAI8O44BvyFgRN6LSHQ9"
"aac0c902-5b37-4482-ad80-d2eb9eb09767","TREE_054.basePlot.ltr","D05","TREE","TREE_054","TREE_054_762","2016-06-10","2015-10-20","2016-05-31","2016-06-03T19:00Z","2016-06-10T17:00Z","NEON.LTR.TREE054762.20160531","NEON.LTR.TREE054762.20160531.FLR","NEON.DOC.001710vE","Flowers",0.35,"N","","yK8OKO7i1xqEPAI8O44BvyFgRN6LSHQ9"
"e9bab651-fecd-446a-b110-607f6e0ebe5a","TREE_054.basePlot.ltr","D05","TREE","TREE_054","TREE_054_762","2016-06-10","2015-10-20","2016-05-31","2016-06-03T19:00Z","2016-06-10T17:00Z","NEON.LTR.TREE054762.20160531","NEON.LTR.TREE054762.20160531.NDL","NEON.DOC.001710vE","Needles",8.98,"N","","yK8OKO7i1xqEPAI8O44BvyFgRN6LSHQ9"
"1f3f85e9-e1fc-49a4-a23e-bb758d8c30df","TREE_054.basePlot.ltr","D05","TREE","TREE_054","TREE_054_762","2016-06-10","2015-10-20","2016-05-31","2016-06-03T19:00Z","2016-06-10T17:00Z","NEON.LTR.TREE054762.20160531","NEON.LTR.TREE054762.20160531.OTH","NEON.DOC.001710vE","Other",0.21,"N","","yK8OKO7i1xqEPAI8O44BvyFgRN6LSHQ9"
"4c28c849-75d2-441a-8902-e3d267ea0955","TREE_054.basePlot.ltr","D05","TREE","TREE_054","TREE_054_762","2016-06-10","2015-10-20","2016-05-31","2016-06-03T19:00Z","2016-06-10T17:00Z","NEON.LTR.TREE054762.20160531","NEON.LTR.TREE054762.20160531.WDY","NEON.DOC.001710vE","Woody material",0.25,"N","","yK8OKO7i1xqEPAI8O44BvyFgRN6LSHQ9"
"c363d50a-dd95-448b-8970-1422ae99cef6","TREE_049.basePlot.ltr","D05","TREE","TREE_049","TREE_049_313","2016-06-10","2015-10-20","2016-05-31","2016-06-03T19:00Z","2016-06-10T17:00Z","NEON.LTR.TREE049313.20160531","NEON.LTR.TREE049313.20160531.WDY","NEON.DOC.001710vE","Woody material",0.9,"N","","6T8aEJZt4bvLJIKKdxgf+H8G9oKe2YfP"
"494e4edc-8f91-42a1-86ed-430773ecc414","TREE_049.basePlot.ltr","D05","TREE","TREE_049","TREE_049_313","2016-06-10","2015-10-20","2016-05-31","2016-06-03T19:00Z","2016-06-10T17:00Z","NEON.LTR.TREE049313.20160531","NEON.LTR.TREE049313.20160531.FLR","NEON.DOC.001710vE","Flowers",5.73,"N","","6T8aEJZt4bvLJIKKdxgf+H8G9oKe2YfP"
"f4df289c-4f12-4d7a-a064-5d4bb0db74b5","TREE_049.basePlot.ltr","D05","TREE","TREE_049","TREE_049_313","2016-06-10","2015-10-20","2016-05-31","2016-06-03T19:00Z","2016-06-10T17:00Z","NEON.LTR.TREE049313.20160531","NEON.LTR.TREE049313.20160531.LVS","NEON.DOC.001710vE","Leaves",1.07,"N","","6T8aEJZt4bvLJIKKdxgf+H8G9oKe2YfP"
"cf6b5240-5964-464a-9465-dd8cb2f53f6f","TREE_049.basePlot.ltr","D05","TREE","TREE_049","TREE_049_313","2016-06-10","2015-10-20","2016-05-31","2016-06-03T19:00Z","2016-06-10T17:00Z","NEON.LTR.TREE049313.20160531","NEON.LTR.TREE049313.20160531.NDL","NEON.DOC.001710vE","Needles",0,"N","","6T8aEJZt4bvLJIKKdxgf+H8G9oKe2YfP"
"8162e909-1f10-419c-ad3f-360f075b3dc4","TREE_049.basePlot.ltr","D05","TREE","TREE_049","TREE_049_313","2016-06-10","2015-10-20","2016-05-31","2016-06-03T19:00Z","2016-06-10T17:00Z","NEON.LTR.TREE049313.20160531","NEON.LTR.TREE049313.20160531.TWI","NEON.DOC.001710vE","Twigs/branches",0.31,"N","","6T8aEJZt4bvLJIKKdxgf+H8G9oKe2YfP"
"236d1bbb-8c24-43e6-9510-3f5c77eae384","TREE_049.basePlot.ltr","D05","TREE","TREE_049","TREE_049_313","2016-06-10","2015-10-20","2016-05-31","2016-06-03T19:00Z","2016-06-10T17:00Z","NEON.LTR.TREE049313.20160531","NEON.LTR.TREE049313.20160531.SDS","NEON.DOC.001710vE","Seeds",1.02,"N","","6T8aEJZt4bvLJIKKdxgf+H8G9oKe2YfP"
"bceeed49-031b-43d4-9ec7-ea4f42d37121","TREE_049.basePlot.ltr","D05","TREE","TREE_049","TREE_049_313","2016-06-10","2015-10-20","2016-05-31","2016-06-03T19:00Z","2016-06-10T17:00Z","NEON.LTR.TREE049313.20160531","NEON.LTR.TREE049313.20160531.OTH","NEON.DOC.001710vE","Other",0.04,"N","","6T8aEJZt4bvLJIKKdxgf+H8G9oKe2YfP"
"e4fe3d74-1e93-45e9-8a1f-3763f33f4298","TREE_052.basePlot.ltr","D05","TREE","TREE_052","TREE_052_066","2016-06-10","2015-10-20","2016-05-31","2016-06-03T19:00Z","2016-06-10T17:00Z","NEON.LTR.TREE052066.20160531","NEON.LTR.TREE052066.20160531.LVS","NEON.DOC.001710vE","Leaves",2.7,"N","","6T8aEJZt4bvLJIKKdxgf+H8G9oKe2YfP"
"b9a473f9-5867-4b83-a74f-90ecff9ee4e6","TREE_052.basePlot.ltr","D05","TREE","TREE_052","TREE_052_066","2016-06-10","2015-10-20","2016-05-31","2016-06-03T19:00Z","2016-06-10T17:00Z","NEON.LTR.TREE052066.20160531","NEON.LTR.TREE052066.20160531.SDS","NEON.DOC.001710vE","Seeds",0.56,"Y","","6T8aEJZt4bvLJIKKdxgf+H8G9oKe2YfP"
"16d064df-22d9-445f-99a6-58139f468607","TREE_052.basePlot.ltr","D05","TREE","TREE_052","TREE_052_066","2016-06-10","2015-10-20","2016-05-31","2016-06-03T19:00Z","2016-06-10T17:00Z","NEON.LTR.TREE052066.20160531","NEON.LTR.TREE052066.20160531.FLR","NEON.DOC.001710vE","Flowers",0.26,"N","","6T8aEJZt4bvLJIKKdxgf+H8G9oKe2YfP"
"d33c6537-bc15-4a24-b103-c11a35d88924","TREE_052.basePlot.ltr","D05","TREE","TREE_052","TREE_052_066","2016-06-10","2015-10-20","2016-05-31","2016-06-03T19:00Z","2016-06-10T17:00Z","NEON.LTR.TREE052066.20160531","NEON.LTR.TREE052066.20160531.SDS","NEON.DOC.001710vE","Seeds",0.55,"N","","6T8aEJZt4bvLJIKKdxgf+H8G9oKe2YfP"
"34d35176-33f0-467d-a056-bbd6f4fd54e5","TREE_052.basePlot.ltr","D05","TREE","TREE_052","TREE_052_066","2016-06-10","2015-10-20","2016-05-31","2016-06-03T19:00Z","2016-06-10T17:00Z","NEON.LTR.TREE052066.20160531","NEON.LTR.TREE052066.20160531.OTH","NEON.DOC.001710vE","Other",3.45,"N","","6T8aEJZt4bvLJIKKdxgf+H8G9oKe2YfP"
"17723c19-af74-4c40-886b-9bb5a79877c0","TREE_052.basePlot.ltr","D05","TREE","TREE_052","TREE_052_066","2016-06-10","2015-10-20","2016-05-31","2016-06-03T19:00Z","2016-06-10T17:00Z","NEON.LTR.TREE052066.20160531","NEON.LTR.TREE052066.20160531.TWI","NEON.DOC.001710vE","Twigs/branches",1.43,"N","","6T8aEJZt4bvLJIKKdxgf+H8G9oKe2YfP"
"e5c934fe-1f71-496d-bf14-622a730fb9d4","TREE_052.basePlot.ltr","D05","TREE","TREE_052","TREE_052_066","2016-06-10","2015-10-20","2016-05-31","2016-06-03T19:00Z","2016-06-10T17:00Z","NEON.LTR.TREE052066.20160531","NEON.LTR.TREE052066.20160531.NDL","NEON.DOC.001710vE","Needles",0.33,"N","","6T8aEJZt4bvLJIKKdxgf+H8G9oKe2YfP"
"153f8921-4140-4e23-8615-2a081ae6ea30","TREE_052.basePlot.ltr","D05","TREE","TREE_052","TREE_052_066","2016-06-10","2015-10-20","2016-05-31","2016-06-03T19:00Z","2016-06-10T17:00Z","NEON.LTR.TREE052066.20160531","NEON.LTR.TREE052066.20160531.WDY","NEON.DOC.001710vE","Woody material",0,"N","","6T8aEJZt4bvLJIKKdxgf+H8G9oKe2YfP"
"3d49398a-1875-4e79-9692-1cf988d72474","TREE_049.basePlot.ltr","D05","TREE","TREE_049","TREE_049_066","2016-06-10","2015-10-20","2016-05-31","2016-06-03T19:00Z","2016-06-10T17:00Z","NEON.LTR.TREE049066.20160531","NEON.LTR.TREE049066.20160531.NDL","NEON.DOC.001710vE","Needles",0,"N","","6T8aEJZt4bvLJIKKdxgf+H8G9oKe2YfP"
"0e965d02-3300-4421-b79d-5f438ec64dd3","TREE_049.basePlot.ltr","D05","TREE","TREE_049","TREE_049_066","2016-06-10","2015-10-20","2016-05-31","2016-06-03T19:00Z","2016-06-10T17:00Z","NEON.LTR.TREE049066.20160531","NEON.LTR.TREE049066.20160531.SDS","NEON.DOC.001710vE","Seeds",0.8,"N","","6T8aEJZt4bvLJIKKdxgf+H8G9oKe2YfP"
"7a12d976-e702-4208-be6d-dd576864e370","TREE_049.basePlot.ltr","D05","TREE","TREE_049","TREE_049_066","2016-06-10","2015-10-20","2016-05-31","2016-06-03T19:00Z","2016-06-10T17:00Z","NEON.LTR.TREE049066.20160531","NEON.LTR.TREE049066.20160531.FLR","NEON.DOC.001710vE","Flowers",3.36,"Y","","6T8aEJZt4bvLJIKKdxgf+H8G9oKe2YfP"
"2243c29e-ed71-4da7-b6d3-7e6cafe0bb38","TREE_050.basePlot.ltr","D05","TREE","TREE_050","TREE_050_523","2016-06-10","2015-10-20","2016-05-31","2016-06-03T19:00Z","2016-06-10T17:00Z","NEON.LTR.TREE050523.20160531","NEON.LTR.TREE050523.20160531.TWI","NEON.DOC.001710vE","Twigs/branches",0.18,"N","","yK8OKO7i1xqEPAI8O44BvyFgRN6LSHQ9"
"f95055d2-fa04-400f-a82e-a7980999c189","TREE_050.basePlot.ltr","D05","TREE","TREE_050","TREE_050_523","2016-06-10","2015-10-20","2016-05-31","2016-06-03T19:00Z","2016-06-10T17:00Z","NEON.LTR.TREE050523.20160531","NEON.LTR.TREE050523.20160531.WDY","NEON.DOC.001710vE","Woody material",2.76,"N","","yK8OKO7i1xqEPAI8O44BvyFgRN6LSHQ9"
"d62a25f5-b922-48bc-9492-36c46825e45c","TREE_050.basePlot.ltr","D05","TREE","TREE_050","TREE_050_523","2016-06-10","2015-10-20","2016-05-31","2016-06-03T19:00Z","2016-06-10T17:00Z","NEON.LTR.TREE050523.20160531","NEON.LTR.TREE050523.20160531.OTH","NEON.DOC.001710vE","Other",0.3,"N","","yK8OKO7i1xqEPAI8O44BvyFgRN6LSHQ9"
"9173b0bb-66a8-4500-8568-f3b297d0670b","TREE_050.basePlot.ltr","D05","TREE","TREE_050","TREE_050_523","2016-06-10","2015-10-20","2016-05-31","2016-06-03T19:00Z","2016-06-10T17:00Z","NEON.LTR.TREE050523.20160531","NEON.LTR.TREE050523.20160531.NDL","NEON.DOC.001710vE","Needles",34.34,"N","","yK8OKO7i1xqEPAI8O44BvyFgRN6LSHQ9"
"d9931f69-3c17-4380-984f-24f9971a4931","TREE_053.basePlot.ltr","D05","TREE","TREE_053","TREE_053_790","2016-06-10","2015-10-20","2016-05-31","2016-06-03T19:00Z","2016-06-10T17:00Z","NEON.LTR.TREE053790.20160531","NEON.LTR.TREE053790.20160531.TWI","NEON.DOC.001710vE","Twigs/branches",0.17,"N","","6T8aEJZt4bvLJIKKdxgf+H8G9oKe2YfP"
"3b4b8d5f-c3f2-40d2-967c-6aae6aa85b93","TREE_053.basePlot.ltr","D05","TREE","TREE_053","TREE_053_790","2016-06-10","2015-10-20","2016-05-31","2016-06-03T19:00Z","2016-06-10T17:00Z","NEON.LTR.TREE053790.20160531","NEON.LTR.TREE053790.20160531.SDS","NEON.DOC.001710vE","Seeds",2.57,"N","","6T8aEJZt4bvLJIKKdxgf+H8G9oKe2YfP"
"6d607413-7d8d-45bf-8753-2def2cc31bc5","TREE_053.basePlot.ltr","D05","TREE","TREE_053","TREE_053_790","2016-06-10","2015-10-20","2016-05-31","2016-06-03T19:00Z","2016-06-10T17:00Z","NEON.LTR.TREE053790.20160531","NEON.LTR.TREE053790.20160531.NDL","NEON.DOC.001710vE","Needles",0.01,"N","","6T8aEJZt4bvLJIKKdxgf+H8G9oKe2YfP"
"7919aacb-ce3b-47ef-9a8d-105ecc8e1ce2","TREE_053.basePlot.ltr","D05","TREE","TREE_053","TREE_053_790","2016-06-10","2015-10-20","2016-05-31","2016-06-03T19:00Z","2016-06-10T17:00Z","NEON.LTR.TREE053790.20160531","NEON.LTR.TREE053790.20160531.OTH","NEON.DOC.001710vE","Other",8.52,"N","","6T8aEJZt4bvLJIKKdxgf+H8G9oKe2YfP"
"24a0b066-cdf8-4091-8bc6-50f3e935e76b","TREE_053.basePlot.ltr","D05","TREE","TREE_053","TREE_053_790","2016-06-10","2015-10-20","2016-05-31","2016-06-03T19:00Z","2016-06-10T17:00Z","NEON.LTR.TREE053790.20160531","NEON.LTR.TREE053790.20160531.LVS","NEON.DOC.001710vE","Leaves",0.17,"N","","6T8aEJZt4bvLJIKKdxgf+H8G9oKe2YfP"
"151012b4-b53b-4964-b6d2-fdc830c4cd73","TREE_053.basePlot.ltr","D05","TREE","TREE_053","TREE_053_790","2016-06-10","2015-10-20","2016-05-31","2016-06-03T19:00Z","2016-06-10T17:00Z","NEON.LTR.TREE053790.20160531","NEON.LTR.TREE053790.20160531.OTH","NEON.DOC.001710vE","Other",8.32,"N","","6T8aEJZt4bvLJIKKdxgf+H8G9oKe2YfP"
"5f74e925-9c7e-4685-b95e-7175a670a99a","TREE_053.basePlot.ltr","D05","TREE","TREE_053","TREE_053_790","2016-06-10","2015-10-20","2016-05-31","2016-06-03T19:00Z","2016-06-10T17:00Z","NEON.LTR.TREE053790.20160531","NEON.LTR.TREE053790.20160531.WDY","NEON.DOC.001710vE","Woody material",0.19,"N","","6T8aEJZt4bvLJIKKdxgf+H8G9oKe2YfP"
"812c11b9-476c-47bf-9181-603b0e05154d","TREE_053.basePlot.ltr","D05","TREE","TREE_053","TREE_053_790","2016-06-10","2015-10-20","2016-05-31","2016-06-03T19:00Z","2016-06-10T17:00Z","NEON.LTR.TREE053790.20160531","NEON.LTR.TREE053790.20160531.FLR","NEON.DOC.001710vE","Flowers",0.25,"N","","6T8aEJZt4bvLJIKKdxgf+H8G9oKe2YfP"
"0e4a949d-9df3-4b08-9a40-a5a9b3ba8460","TREE_050.basePlot.ltr","D05","TREE","TREE_050","TREE_050_523","2016-06-10","2015-10-20","2016-05-31","2016-06-03T19:00Z","2016-06-10T17:00Z","NEON.LTR.TREE050523.20160531","NEON.LTR.TREE050523.20160531.FLR","NEON.DOC.001710vE","Flowers",0.37,"N","","yK8OKO7i1xqEPAI8O44BvyFgRN6LSHQ9"
"004e71ed-dacb-4125-92da-d4c7422f4ce9","TREE_050.basePlot.ltr","D05","TREE","TREE_050","TREE_050_523","2016-06-10","2015-10-20","2016-05-31","2016-06-03T19:00Z","2016-06-10T17:00Z","NEON.LTR.TREE050523.20160531","NEON.LTR.TREE050523.20160531.LVS","NEON.DOC.001710vE","Leaves",0.81,"N","","yK8OKO7i1xqEPAI8O44BvyFgRN6LSHQ9"
"f5a47b9b-200d-4775-b84d-c1bb4c1ec434","TREE_047.basePlot.ltr","D05","TREE","TREE_047","TREE_047_938","2016-06-10","2015-10-20","2016-05-31","2016-06-03T19:00Z","2016-06-10T17:00Z","NEON.LTR.TREE047938.20160531","NEON.LTR.TREE047938.20160531.TWI","NEON.DOC.001710vE","Twigs/branches",1.91,"N","","yK8OKO7i1xqEPAI8O44BvyFgRN6LSHQ9"
"87371c4d-a7ea-4e84-aa47-ac8f35a0f6e4","TREE_047.basePlot.ltr","D05","TREE","TREE_047","TREE_047_938","2016-06-10","2015-10-20","2016-05-31","2016-06-03T19:00Z","2016-06-10T17:00Z","NEON.LTR.TREE047938.20160531","NEON.LTR.TREE047938.20160531.WDY","NEON.DOC.001710vE","Woody material",1.32,"N","","yK8OKO7i1xqEPAI8O44BvyFgRN6LSHQ9"
"67ffc007-aacd-47e9-817f-a3a0f318d52c","TREE_047.basePlot.ltr","D05","TREE","TREE_047","TREE_047_938","2016-06-10","2015-10-20","2016-05-31","2016-06-03T19:00Z","2016-06-10T17:00Z","NEON.LTR.TREE047938.20160531","NEON.LTR.TREE047938.20160531.SDS","NEON.DOC.001710vE","Seeds",0.64,"N","","yK8OKO7i1xqEPAI8O44BvyFgRN6LSHQ9"
"daf7f0be-95fa-4bf8-a25f-bc5fb5594259","TREE_050.basePlot.ltr","D05","TREE","TREE_050","TREE_050_523","2016-06-10","2015-10-20","2016-05-31","2016-06-03T19:00Z","2016-06-10T17:00Z","NEON.LTR.TREE050523.20160531","NEON.LTR.TREE050523.20160531.SDS","NEON.DOC.001710vE","Seeds",0.02,"N","","yK8OKO7i1xqEPAI8O44BvyFgRN6LSHQ9"
"fd5f5ca2-7fb5-4b7a-a5a2-926892f2bf47","TREE_047.basePlot.ltr","D05","TREE","TREE_047","TREE_047_938","2016-06-10","2015-10-20","2016-05-31","2016-06-03T19:00Z","2016-06-10T17:00Z","NEON.LTR.TREE047938.20160531","NEON.LTR.TREE047938.20160531.WDY","NEON.DOC.001710vE","Woody material",1.3,"Y","","yK8OKO7i1xqEPAI8O44BvyFgRN6LSHQ9"
"11c7e58b-0755-469d-871d-bd70e2b074e8","TREE_056.basePlot.ltr","D05","TREE","TREE_056","TREE_056_168","2016-06-10","2015-10-20","2016-05-31","2016-06-03T19:00Z","2016-06-10T17:00Z","NEON.LTR.TREE056168.20160531","NEON.LTR.TREE056168.20160531.WDY","NEON.DOC.001710vE","Woody material",0.05,"N","","yK8OKO7i1xqEPAI8O44BvyFgRN6LSHQ9"
"bf3f3312-241b-4873-b151-9e8d90923429","TREE_056.basePlot.ltr","D05","TREE","TREE_056","TREE_056_168","2016-06-10","2015-10-20","2016-05-31","2016-06-03T19:00Z","2016-06-10T17:00Z","NEON.LTR.TREE056168.20160531","NEON.LTR.TREE056168.20160531.LVS","NEON.DOC.001710vE","Leaves",0.23,"N","","yK8OKO7i1xqEPAI8O44BvyFgRN6LSHQ9"
"2a6d599e-df27-4cb4-9249-fd554b734efa","TREE_056.basePlot.ltr","D05","TREE","TREE_056","TREE_056_168","2016-06-10","2015-10-20","2016-05-31","2016-06-03T19:00Z","2016-06-10T17:00Z","NEON.LTR.TREE056168.20160531","NEON.LTR.TREE056168.20160531.TWI","NEON.DOC.001710vE","Twigs/branches",0.22,"N","","yK8OKO7i1xqEPAI8O44BvyFgRN6LSHQ9"
"c06d3571-9b27-42e0-afa4-41d5ed83937e","TREE_056.basePlot.ltr","D05","TREE","TREE_056","TREE_056_168","2016-06-10","2015-10-20","2016-05-31","2016-06-03T19:00Z","2016-06-10T17:00Z","NEON.LTR.TREE056168.20160531","NEON.LTR.TREE056168.20160531.FLR","NEON.DOC.001710vE","Flowers",3.7,"Y","","yK8OKO7i1xqEPAI8O44BvyFgRN6LSHQ9"
"0a152fa7-7985-4486-b711-4d4369e93e17","TREE_056.basePlot.ltr","D05","TREE","TREE_056","TREE_056_168","2016-06-10","2015-10-20","2016-05-31","2016-06-03T19:00Z","2016-06-10T17:00Z","NEON.LTR.TREE056168.20160531","NEON.LTR.TREE056168.20160531.SDS","NEON.DOC.001710vE","Seeds",1.1,"N","","yK8OKO7i1xqEPAI8O44BvyFgRN6LSHQ9"
"67c220a3-6244-4b97-8d0c-b736ed696fa6","TREE_056.basePlot.ltr","D05","TREE","TREE_056","TREE_056_168","2016-06-10","2015-10-20","2016-05-31","2016-06-03T19:00Z","2016-06-10T17:00Z","NEON.LTR.TREE056168.20160531","NEON.LTR.TREE056168.20160531.NDL","NEON.DOC.001710vE","Needles",0.005,"N","","yK8OKO7i1xqEPAI8O44BvyFgRN6LSHQ9"
"90483497-4755-48c9-80fc-bc1f5f4cbfd7","TREE_056.basePlot.ltr","D05","TREE","TREE_056","TREE_056_168","2016-06-10","2015-10-20","2016-05-31","2016-06-03T19:00Z","2016-06-10T17:00Z","NEON.LTR.TREE056168.20160531","NEON.LTR.TREE056168.20160531.FLR","NEON.DOC.001710vE","Flowers",3.74,"N","","yK8OKO7i1xqEPAI8O44BvyFgRN6LSHQ9"
"760160ab-c3ca-4c82-9e05-f72c2c98ba3f","TREE_056.basePlot.ltr","D05","TREE","TREE_056","TREE_056_168","2016-06-10","2015-10-20","2016-05-31","2016-06-03T19:00Z","2016-06-10T17:00Z","NEON.LTR.TREE056168.20160531","NEON.LTR.TREE056168.20160531.OTH","NEON.DOC.001710vE","Other",0.43,"N","","yK8OKO7i1xqEPAI8O44BvyFgRN6LSHQ9"
"437d6a81-fc0e-4337-b9e5-20aed8545e36","TREE_047.basePlot.ltr","D05","TREE","TREE_047","TREE_047_938","2016-06-10","2015-10-20","2016-05-31","2016-06-03T19:00Z","2016-06-10T17:00Z","NEON.LTR.TREE047938.20160531","NEON.LTR.TREE047938.20160531.OTH","NEON.DOC.001710vE","Other",4.78,"N","","yK8OKO7i1xqEPAI8O44BvyFgRN6LSHQ9"
"b93cc775-7b95-4173-b67c-bf7b7de175bf","TREE_047.basePlot.ltr","D05","TREE","TREE_047","TREE_047_938","2016-06-10","2015-10-20","2016-05-31","2016-06-03T19:00Z","2016-06-10T17:00Z","NEON.LTR.TREE047938.20160531","NEON.LTR.TREE047938.20160531.FLR","NEON.DOC.001710vE","Flowers",0.27,"N","","yK8OKO7i1xqEPAI8O44BvyFgRN6LSHQ9"
"d828def2-da58-495f-b398-160359cdc2ef","TREE_047.basePlot.ltr","D05","TREE","TREE_047","TREE_047_938","2016-06-10","2015-10-20","2016-05-31","2016-06-03T19:00Z","2016-06-10T17:00Z","NEON.LTR.TREE047938.20160531","NEON.LTR.TREE047938.20160531.LVS","NEON.DOC.001710vE","Leaves",0.61,"N","","yK8OKO7i1xqEPAI8O44BvyFgRN6LSHQ9"
"ef83e904-7ae8-4ff4-83be-ad546a3d1980","TREE_047.basePlot.ltr","D05","TREE","TREE_047","TREE_047_938","2016-06-10","2015-10-20","2016-05-31","2016-06-03T19:00Z","2016-06-10T17:00Z","NEON.LTR.TREE047938.20160531","NEON.LTR.TREE047938.20160531.NDL","NEON.DOC.001710vE","Needles",0.68,"N","","yK8OKO7i1xqEPAI8O44BvyFgRN6LSHQ9"
"005f8382-fec2-4c9a-9cd3-b4177e07a628","TREE_042.basePlot.ltr","D05","TREE","TREE_042","TREE_042_362","2016-06-10","2015-10-20","2016-05-31","2016-06-03T19:00Z","2016-06-10T17:00Z","NEON.LTR.TREE042362.20160531","NEON.LTR.TREE042362.20160531.WDY","NEON.DOC.001710vE","Woody material",1.86,"N","","yK8OKO7i1xqEPAI8O44BvyFgRN6LSHQ9"
"666f487d-113a-4ea4-b145-c92f04259de3","TREE_042.basePlot.ltr","D05","TREE","TREE_042","TREE_042_362","2016-06-10","2015-10-20","2016-05-31","2016-06-03T19:00Z","2016-06-10T17:00Z","NEON.LTR.TREE042362.20160531","NEON.LTR.TREE042362.20160531.OTH","NEON.DOC.001710vE","Other",0.11,"N","","yK8OKO7i1xqEPAI8O44BvyFgRN6LSHQ9"
"2b554c24-a19b-43ef-bcc7-97a8493c0035","TREE_042.basePlot.ltr","D05","TREE","TREE_042","TREE_042_362","2016-06-10","2015-10-20","2016-05-31","2016-06-03T19:00Z","2016-06-10T17:00Z","NEON.LTR.TREE042362.20160531","NEON.LTR.TREE042362.20160531.LVS","NEON.DOC.001710vE","Leaves",0.65,"N","","yK8OKO7i1xqEPAI8O44BvyFgRN6LSHQ9"
"58dfc533-815b-4675-aee9-cad8c61cf501","TREE_042.basePlot.ltr","D05","TREE","TREE_042","TREE_042_362","2016-06-10","2015-10-20","2016-05-31","2016-06-03T19:00Z","2016-06-10T17:00Z","NEON.LTR.TREE042362.20160531","NEON.LTR.TREE042362.20160531.TWI","NEON.DOC.001710vE","Twigs/branches",2.86,"N","","yK8OKO7i1xqEPAI8O44BvyFgRN6LSHQ9"
"11ff2da7-4bd6-484e-9fdb-6a4232649420","TREE_042.basePlot.ltr","D05","TREE","TREE_042","TREE_042_362","2016-06-10","2015-10-20","2016-05-31","2016-06-03T19:00Z","2016-06-10T17:00Z","NEON.LTR.TREE042362.20160531","NEON.LTR.TREE042362.20160531.FLR","NEON.DOC.001710vE","Flowers",10.8,"N","","yK8OKO7i1xqEPAI8O44BvyFgRN6LSHQ9"
"8685d8cb-0283-4327-8a57-ec0a58d60a6b","TREE_042.basePlot.ltr","D05","TREE","TREE_042","TREE_042_362","2016-06-10","2015-10-20","2016-05-31","2016-06-03T19:00Z","2016-06-10T17:00Z","NEON.LTR.TREE042362.20160531","NEON.LTR.TREE042362.20160531.SDS","NEON.DOC.001710vE","Seeds",1.05,"N","","yK8OKO7i1xqEPAI8O44BvyFgRN6LSHQ9"
"51bd82ec-c6d8-4e54-a810-a570e333caf8","TREE_042.basePlot.ltr","D05","TREE","TREE_042","TREE_042_362","2016-06-10","2015-10-20","2016-05-31","2016-06-03T19:00Z","2016-06-10T17:00Z","NEON.LTR.TREE042362.20160531","NEON.LTR.TREE042362.20160531.TWI","NEON.DOC.001710vE","Twigs/branches",2.85,"Y","","yK8OKO7i1xqEPAI8O44BvyFgRN6LSHQ9"
"bd2e704a-4c55-4294-891a-1c6e51f34b98","TREE_042.basePlot.ltr","D05","TREE","TREE_042","TREE_042_362","2016-06-10","2015-10-20","2016-05-31","2016-06-03T19:00Z","2016-06-10T17:00Z","NEON.LTR.TREE042362.20160531","NEON.LTR.TREE042362.20160531.NDL","NEON.DOC.001710vE","Needles",0,"N","","yK8OKO7i1xqEPAI8O44BvyFgRN6LSHQ9"
"8b44496d-b645-42c0-8ca5-854f219fb33a","TREE_056.basePlot.ltr","D05","TREE","TREE_056","TREE_056_792","2016-06-10","2015-10-20","2016-05-31","2016-06-03T19:00Z","2016-06-10T17:00Z","NEON.LTR.TREE056792.20160531","NEON.LTR.TREE056792.20160531.FLR","NEON.DOC.001710vE","Flowers",6.12,"N","","6T8aEJZt4bvLJIKKdxgf+H8G9oKe2YfP"
"32f40b9f-1b9d-448b-8823-1b8bd08711ac","TREE_056.basePlot.ltr","D05","TREE","TREE_056","TREE_056_792","2016-06-10","2015-10-20","2016-05-31","2016-06-03T19:00Z","2016-06-10T17:00Z","NEON.LTR.TREE056792.20160531","NEON.LTR.TREE056792.20160531.LVS","NEON.DOC.001710vE","Leaves",0.35,"N","","6T8aEJZt4bvLJIKKdxgf+H8G9oKe2YfP"
"575d695e-7d25-447c-86b8-0a343914b1ff","TREE_056.basePlot.ltr","D05","TREE","TREE_056","TREE_056_792","2016-06-10","2015-10-20","2016-05-31","2016-06-03T19:00Z","2016-06-10T17:00Z","NEON.LTR.TREE056792.20160531","NEON.LTR.TREE056792.20160531.TWI","NEON.DOC.001710vE","Twigs/branches",3.53,"N","","6T8aEJZt4bvLJIKKdxgf+H8G9oKe2YfP"
"db2dad09-7703-4f87-8767-f34d94cecd01","TREE_056.basePlot.ltr","D05","TREE","TREE_056","TREE_056_792","2016-06-10","2015-10-20","2016-05-31","2016-06-03T19:00Z","2016-06-10T17:00Z","NEON.LTR.TREE056792.20160531","NEON.LTR.TREE056792.20160531.SDS","NEON.DOC.001710vE","Seeds",1.52,"N","","6T8aEJZt4bvLJIKKdxgf+H8G9oKe2YfP"
"430e768b-8057-45c9-a0ce-ce1be2606867","TREE_056.basePlot.ltr","D05","TREE","TREE_056","TREE_056_792","2016-06-10","2015-10-20","2016-05-31","2016-06-03T19:00Z","2016-06-10T17:00Z","NEON.LTR.TREE056792.20160531","NEON.LTR.TREE056792.20160531.OTH","NEON.DOC.001710vE","Other",0.02,"N","","6T8aEJZt4bvLJIKKdxgf+H8G9oKe2YfP"
"7483f04c-4c4c-4627-a4a9-dca9a4329b67","TREE_056.basePlot.ltr","D05","TREE","TREE_056","TREE_056_792","2016-06-10","2015-10-20","2016-05-31","2016-06-03T19:00Z","2016-06-10T17:00Z","NEON.LTR.TREE056792.20160531","NEON.LTR.TREE056792.20160531.NDL","NEON.DOC.001710vE","Needles",0.87,"N","","6T8aEJZt4bvLJIKKdxgf+H8G9oKe2YfP"
"17bc78a8-6b22-4155-b41d-2e5f65286386","TREE_056.basePlot.ltr","D05","TREE","TREE_056","TREE_056_792","2016-06-10","2015-10-20","2016-05-31","2016-06-03T19:00Z","2016-06-10T17:00Z","NEON.LTR.TREE056792.20160531","NEON.LTR.TREE056792.20160531.WDY","NEON.DOC.001710vE","Woody material",0.39,"N","","6T8aEJZt4bvLJIKKdxgf+H8G9oKe2YfP"
"8c994e66-bba0-4360-8d0e-759cfe89ee5d","TREE_057.basePlot.ltr","D05","TREE","TREE_057","TREE_057_415","2016-06-10","2015-10-20","2016-05-31","2016-06-03T19:00Z","2016-06-10T17:00Z","NEON.LTR.TREE057415.20160531","NEON.LTR.TREE057415.20160531.TWI","NEON.DOC.001710vE","Twigs/branches",4.6,"N","","6T8aEJZt4bvLJIKKdxgf+H8G9oKe2YfP"
"be9442b5-7db5-41d2-9e62-ea6c57bab0b5","TREE_057.basePlot.ltr","D05","TREE","TREE_057","TREE_057_415","2016-06-10","2015-10-20","2016-05-31","2016-06-03T19:00Z","2016-06-10T17:00Z","NEON.LTR.TREE057415.20160531","NEON.LTR.TREE057415.20160531.WDY","NEON.DOC.001710vE","Woody material",0.15,"N","","6T8aEJZt4bvLJIKKdxgf+H8G9oKe2YfP"
"6ba4907a-df1b-4674-acb3-882b677cbe44","TREE_057.basePlot.ltr","D05","TREE","TREE_057","TREE_057_415","2016-06-10","2015-10-20","2016-05-31","2016-06-03T19:00Z","2016-06-10T17:00Z","NEON.LTR.TREE057415.20160531","NEON.LTR.TREE057415.20160531.WDY","NEON.DOC.001710vE","Woody material",0.14,"N","","6T8aEJZt4bvLJIKKdxgf+H8G9oKe2YfP"
"41b4594e-bec4-4193-836a-cd67511a63c0","TREE_057.basePlot.ltr","D05","TREE","TREE_057","TREE_057_415","2016-06-10","2015-10-20","2016-05-31","2016-06-03T19:00Z","2016-06-10T17:00Z","NEON.LTR.TREE057415.20160531","NEON.LTR.TREE057415.20160531.FLR","NEON.DOC.001710vE","Flowers",2.59,"Y","","6T8aEJZt4bvLJIKKdxgf+H8G9oKe2YfP"
"5b14a97f-37a8-4054-a8c0-931d70cac211","TREE_057.basePlot.ltr","D05","TREE","TREE_057","TREE_057_415","2016-06-10","2015-10-20","2016-05-31","2016-06-03T19:00Z","2016-06-10T17:00Z","NEON.LTR.TREE057415.20160531","NEON.LTR.TREE057415.20160531.OTH","NEON.DOC.001710vE","Other",7.26,"N","","6T8aEJZt4bvLJIKKdxgf+H8G9oKe2YfP"
"76340d63-54d3-4834-87e4-9c8f15f33b2b","TREE_057.basePlot.ltr","D05","TREE","TREE_057","TREE_057_415","2016-06-10","2015-10-20","2016-05-31","2016-06-03T19:00Z","2016-06-10T17:00Z","NEON.LTR.TREE057415.20160531","NEON.LTR.TREE057415.20160531.SDS","NEON.DOC.001710vE","Seeds",0.45,"N","","6T8aEJZt4bvLJIKKdxgf+H8G9oKe2YfP"
"6e7763aa-0116-4597-b7de-acaaa505a38d","TREE_057.basePlot.ltr","D05","TREE","TREE_057","TREE_057_415","2016-06-10","2015-10-20","2016-05-31","2016-06-03T19:00Z","2016-06-10T17:00Z","NEON.LTR.TREE057415.20160531","NEON.LTR.TREE057415.20160531.FLR","NEON.DOC.001710vE","Flowers",2.59,"N","","6T8aEJZt4bvLJIKKdxgf+H8G9oKe2YfP"
"a38f9672-ba36-4b32-9050-29c537197b0c","TREE_057.basePlot.ltr","D05","TREE","TREE_057","TREE_057_415","2016-06-10","2015-10-20","2016-05-31","2016-06-03T19:00Z","2016-06-10T17:00Z","NEON.LTR.TREE057415.20160531","NEON.LTR.TREE057415.20160531.TWI","NEON.DOC.001710vE","Twigs/branches",4.58,"N","","6T8aEJZt4bvLJIKKdxgf+H8G9oKe2YfP"
"b8c39133-2ce3-4a14-80db-0cacc0e3166d","TREE_057.basePlot.ltr","D05","TREE","TREE_057","TREE_057_415","2016-06-10","2015-10-20","2016-05-31","2016-06-03T19:00Z","2016-06-10T17:00Z","NEON.LTR.TREE057415.20160531","NEON.LTR.TREE057415.20160531.LVS","NEON.DOC.001710vE","Leaves",6.51,"N","","6T8aEJZt4bvLJIKKdxgf+H8G9oKe2YfP"
"615d0293-8e8d-43e6-b1af-d7402e7f41d7","TREE_057.basePlot.ltr","D05","TREE","TREE_057","TREE_057_415","2016-06-10","2015-10-20","2016-05-31","2016-06-03T19:00Z","2016-06-10T17:00Z","NEON.LTR.TREE057415.20160531","NEON.LTR.TREE057415.20160531.NDL","NEON.DOC.001710vE","Needles",4.61,"N","","6T8aEJZt4bvLJIKKdxgf+H8G9oKe2YfP"
"cb9eb70b-1f11-49b3-90cd-700e45e1cb12","TREE_054.basePlot.ltr","D05","TREE","TREE_054","TREE_054_034","2016-06-10","2015-10-20","2016-05-31","2016-06-03T19:00Z","2016-06-10T17:00Z","NEON.LTR.TREE054034.20160531","NEON.LTR.TREE054034.20160531.LVS","NEON.DOC.001710vE","Leaves",5.02,"N","","yK8OKO7i1xqEPAI8O44BvyFgRN6LSHQ9"
"5493ca14-5261-43f5-b180-f71a1dac90f2","TREE_054.basePlot.ltr","D05","TREE","TREE_054","TREE_054_034","2016-06-10","2015-10-20","2016-05-31","2016-06-03T19:00Z","2016-06-10T17:00Z","NEON.LTR.TREE054034.20160531","NEON.LTR.TREE054034.20160531.FLR","NEON.DOC.001710vE","Flowers",0.13,"N","","yK8OKO7i1xqEPAI8O44BvyFgRN6LSHQ9"
"639bc1eb-ff8c-4479-86fc-4177fef65102","TREE_054.basePlot.ltr","D05","TREE","TREE_054","TREE_054_034","2016-06-10","2015-10-20","2016-05-31","2016-06-03T19:00Z","2016-06-10T17:00Z","NEON.LTR.TREE054034.20160531","NEON.LTR.TREE054034.20160531.SDS","NEON.DOC.001710vE","Seeds",0.94,"N","","yK8OKO7i1xqEPAI8O44BvyFgRN6LSHQ9"
"0fdfd2dc-00ad-466b-983e-c26d5ee89bbb","TREE_054.basePlot.ltr","D05","TREE","TREE_054","TREE_054_034","2016-06-10","2015-10-20","2016-05-31","2016-06-03T19:00Z","2016-06-10T17:00Z","NEON.LTR.TREE054034.20160531","NEON.LTR.TREE054034.20160531.TWI","NEON.DOC.001710vE","Twigs/branches",1.57,"N","","yK8OKO7i1xqEPAI8O44BvyFgRN6LSHQ9"
"9a03a47c-2c3e-4edb-9ecc-c37a61246276","TREE_054.basePlot.ltr","D05","TREE","TREE_054","TREE_054_034","2016-06-10","2015-10-20","2016-05-31","2016-06-03T19:00Z","2016-06-10T17:00Z","NEON.LTR.TREE054034.20160531","NEON.LTR.TREE054034.20160531.OTH","NEON.DOC.001710vE","Other",0.17,"N","","yK8OKO7i1xqEPAI8O44BvyFgRN6LSHQ9"
"3fe94c9c-9619-4ddc-b85d-06064a834ab3","TREE_039.basePlot.ltr","D05","TREE","TREE_039","TREE_039_379","2016-06-10","2015-10-20","2016-05-31","2016-06-03T19:00Z","2016-06-10T17:00Z","NEON.LTR.TREE039379.20160531","NEON.LTR.TREE039379.20160531.WDY","NEON.DOC.001710vE","Woody material",0.14,"N","","yK8OKO7i1xqEPAI8O44BvyFgRN6LSHQ9"
"6724afd2-4970-4db5-aabe-4776dc38ea44","TREE_039.basePlot.ltr","D05","TREE","TREE_039","TREE_039_379","2016-06-10","2015-10-20","2016-05-31","2016-06-03T19:00Z","2016-06-10T17:00Z","NEON.LTR.TREE039379.20160531","NEON.LTR.TREE039379.20160531.FLR","NEON.DOC.001710vE","Flowers",3.37,"N","","yK8OKO7i1xqEPAI8O44BvyFgRN6LSHQ9"
"fe73ba80-52c7-4dd8-8454-b8fe225a1737","TREE_039.basePlot.ltr","D05","TREE","TREE_039","TREE_039_379","2016-06-10","2015-10-20","2016-05-31","2016-06-03T19:00Z","2016-06-10T17:00Z","NEON.LTR.TREE039379.20160531","NEON.LTR.TREE039379.20160531.NDL","NEON.DOC.001710vE","Needles",0.02,"N","","yK8OKO7i1xqEPAI8O44BvyFgRN6LSHQ9"
"b73fbbae-246d-4201-b77e-7a725af931b5","TREE_039.basePlot.ltr","D05","TREE","TREE_039","TREE_039_379","2016-06-10","2015-10-20","2016-05-31","2016-06-03T19:00Z","2016-06-10T17:00Z","NEON.LTR.TREE039379.20160531","NEON.LTR.TREE039379.20160531.TWI","NEON.DOC.001710vE","Twigs/branches",2.94,"N","","yK8OKO7i1xqEPAI8O44BvyFgRN6LSHQ9"
"a30046da-7151-4147-b8f1-c35d3b5ac707","TREE_039.basePlot.ltr","D05","TREE","TREE_039","TREE_039_379","2016-06-10","2015-10-20","2016-05-31","2016-06-03T19:00Z","2016-06-10T17:00Z","NEON.LTR.TREE039379.20160531","NEON.LTR.TREE039379.20160531.SDS","NEON.DOC.001710vE","Seeds",3.83,"N","","yK8OKO7i1xqEPAI8O44BvyFgRN6LSHQ9"
"748ac724-a0cc-43fa-a879-44dacd63b68a","TREE_039.basePlot.ltr","D05","TREE","TREE_039","TREE_039_379","2016-06-10","2015-10-20","2016-05-31","2016-06-03T19:00Z","2016-06-10T17:00Z","NEON.LTR.TREE039379.20160531","NEON.LTR.TREE039379.20160531.LVS","NEON.DOC.001710vE","Leaves",0.46,"N","","yK8OKO7i1xqEPAI8O44BvyFgRN6LSHQ9"
"ae4adfc9-cd1b-4417-b41c-5acd56b536ae","TREE_039.basePlot.ltr","D05","TREE","TREE_039","TREE_039_379","2016-06-10","2015-10-20","2016-05-31","2016-06-03T19:00Z","2016-06-10T17:00Z","NEON.LTR.TREE039379.20160531","NEON.LTR.TREE039379.20160531.OTH","NEON.DOC.001710vE","Other",3.34,"N","","yK8OKO7i1xqEPAI8O44BvyFgRN6LSHQ9"
"1537eeee-c6f7-4153-9249-133e42969f2c","TREE_046.basePlot.ltr","D05","TREE","TREE_046","TREE_046_663","2016-06-10","2015-10-20","2016-05-31","2016-06-03T19:00Z","2016-06-10T17:00Z","NEON.LTR.TREE046663.20160531","NEON.LTR.TREE046663.20160531.WDY","NEON.DOC.001710vE","Woody material",0.13,"N","","yK8OKO7i1xqEPAI8O44BvyFgRN6LSHQ9"
"f8ae4480-df24-4f57-ac1d-15bdf47dc59a","TREE_046.basePlot.ltr","D05","TREE","TREE_046","TREE_046_663","2016-06-10","2015-10-20","2016-05-31","2016-06-03T19:00Z","2016-06-10T17:00Z","NEON.LTR.TREE046663.20160531","NEON.LTR.TREE046663.20160531.LVS","NEON.DOC.001710vE","Leaves",5.66,"N","","yK8OKO7i1xqEPAI8O44BvyFgRN6LSHQ9"
"f9eda846-cdf0-425c-a7a2-30782c1f331a","TREE_046.basePlot.ltr","D05","TREE","TREE_046","TREE_046_663","2016-06-10","2015-10-20","2016-05-31","2016-06-03T19:00Z","2016-06-10T17:00Z","NEON.LTR.TREE046663.20160531","NEON.LTR.TREE046663.20160531.NDL","NEON.DOC.001710vE","Needles",0,"N","","yK8OKO7i1xqEPAI8O44BvyFgRN6LSHQ9"
"22bfce0e-8f65-4474-a160-e60c08063728","TREE_046.basePlot.ltr","D05","TREE","TREE_046","TREE_046_663","2016-06-10","2015-10-20","2016-05-31","2016-06-03T19:00Z","2016-06-10T17:00Z","NEON.LTR.TREE046663.20160531","NEON.LTR.TREE046663.20160531.TWI","NEON.DOC.001710vE","Twigs/branches",0.77,"N","","yK8OKO7i1xqEPAI8O44BvyFgRN6LSHQ9"
"f821f12c-c981-4665-a1eb-7e66eb4aa4b3","TREE_046.basePlot.ltr","D05","TREE","TREE_046","TREE_046_663","2016-06-10","2015-10-20","2016-05-31","2016-06-03T19:00Z","2016-06-10T17:00Z","NEON.LTR.TREE046663.20160531","NEON.LTR.TREE046663.20160531.FLR","NEON.DOC.001710vE","Flowers",2.76,"N","","yK8OKO7i1xqEPAI8O44BvyFgRN6LSHQ9"
"aa03352c-96c9-4822-b439-6ce3ca397582","TREE_046.basePlot.ltr","D05","TREE","TREE_046","TREE_046_663","2016-06-10","2015-10-20","2016-05-31","2016-06-03T19:00Z","2016-06-10T17:00Z","NEON.LTR.TREE046663.20160531","NEON.LTR.TREE046663.20160531.OTH","NEON.DOC.001710vE","Other",3.48,"N","","yK8OKO7i1xqEPAI8O44BvyFgRN6LSHQ9"
"fd2334fb-241b-4986-8804-ae906b2b99ac","TREE_046.basePlot.ltr","D05","TREE","TREE_046","TREE_046_663","2016-06-10","2015-10-20","2016-05-31","2016-06-03T19:00Z","2016-06-10T17:00Z","NEON.LTR.TREE046663.20160531","NEON.LTR.TREE046663.20160531.SDS","NEON.DOC.001710vE","Seeds",0.41,"N","","yK8OKO7i1xqEPAI8O44BvyFgRN6LSHQ9"
"8ab33302-1637-405e-b61d-5be7e0b82eed","TREE_046.basePlot.ltr","D05","TREE","TREE_046","TREE_046_663","2016-06-10","2015-10-20","2016-05-31","2016-06-03T19:00Z","2016-06-10T17:00Z","NEON.LTR.TREE046663.20160531","NEON.LTR.TREE046663.20160531.OTH","NEON.DOC.001710vE","Other",3.49,"Y","","yK8OKO7i1xqEPAI8O44BvyFgRN6LSHQ9"
"d5d8984e-b232-4479-a85a-42a84a7f3ce9","TREE_051.basePlot.ltr","D05","TREE","TREE_051","TREE_051_810","2016-06-10","2015-10-20","2016-05-31","2016-06-03T19:00Z","2016-06-10T17:00Z","NEON.LTR.TREE051810.20160531","NEON.LTR.TREE051810.20160531.TWI","NEON.DOC.001710vE","Twigs/branches",0.11,"N","","6T8aEJZt4bvLJIKKdxgf+H8G9oKe2YfP"
"14fbbc58-7366-44f8-8510-433fb4749f99","TREE_051.basePlot.ltr","D05","TREE","TREE_051","TREE_051_810","2016-06-10","2015-10-20","2016-05-31","2016-06-03T19:00Z","2016-06-10T17:00Z","NEON.LTR.TREE051810.20160531","NEON.LTR.TREE051810.20160531.OTH","NEON.DOC.001710vE","Other",0.19,"N","","6T8aEJZt4bvLJIKKdxgf+H8G9oKe2YfP"
"98163781-daca-4bb9-92ab-5a225b7a6e41","TREE_051.basePlot.ltr","D05","TREE","TREE_051","TREE_051_810","2016-06-10","2015-10-20","2016-05-31","2016-06-03T19:00Z","2016-06-10T17:00Z","NEON.LTR.TREE051810.20160531","NEON.LTR.TREE051810.20160531.WDY","NEON.DOC.001710vE","Woody material",0.36,"N","","6T8aEJZt4bvLJIKKdxgf+H8G9oKe2YfP"
"78b8a196-abde-45bf-ba35-8e6b29310999","TREE_051.basePlot.ltr","D05","TREE","TREE_051","TREE_051_810","2016-06-10","2015-10-20","2016-05-31","2016-06-03T19:00Z","2016-06-10T17:00Z","NEON.LTR.TREE051810.20160531","NEON.LTR.TREE051810.20160531.SDS","NEON.DOC.001710vE","Seeds",0.66,"N","","6T8aEJZt4bvLJIKKdxgf+H8G9oKe2YfP"
"166e02b4-5c48-4607-ac3b-55b73e977e5b","TREE_051.basePlot.ltr","D05","TREE","TREE_051","TREE_051_810","2016-06-10","2015-10-20","2016-05-31","2016-06-03T19:00Z","2016-06-10T17:00Z","NEON.LTR.TREE051810.20160531","NEON.LTR.TREE051810.20160531.FLR","NEON.DOC.001710vE","Flowers",3.43,"N","","6T8aEJZt4bvLJIKKdxgf+H8G9oKe2YfP"
"8478b463-8c51-48bc-a111-ca6be35f772d","TREE_051.basePlot.ltr","D05","TREE","TREE_051","TREE_051_810","2016-06-10","2015-10-20","2016-05-31","2016-06-03T19:00Z","2016-06-10T17:00Z","NEON.LTR.TREE051810.20160531","NEON.LTR.TREE051810.20160531.LVS","NEON.DOC.001710vE","Leaves",0.77,"N","","6T8aEJZt4bvLJIKKdxgf+H8G9oKe2YfP"
"95ea7115-0040-43d8-9184-1a022e2e1343","TREE_051.basePlot.ltr","D05","TREE","TREE_051","TREE_051_810","2016-06-10","2015-10-20","2016-05-31","2016-06-03T19:00Z","2016-06-10T17:00Z","NEON.LTR.TREE051810.20160531","NEON.LTR.TREE051810.20160531.NDL","NEON.DOC.001710vE","Needles",0,"N","","6T8aEJZt4bvLJIKKdxgf+H8G9oKe2YfP"
"ad31f945-e267-4ea4-8a22-21f9dc82a21a","TREE_051.basePlot.ltr","D05","TREE","TREE_051","TREE_051_810","2016-06-10","2015-10-20","2016-05-31","2016-06-03T19:00Z","2016-06-10T17:00Z","NEON.LTR.TREE051810.20160531","NEON.LTR.TREE051810.20160531.SDS","NEON.DOC.001710vE","Seeds",0.66,"Y","","6T8aEJZt4bvLJIKKdxgf+H8G9oKe2YfP"
"a4e03b9f-6e81-4e3d-8312-4e28e94528e8","TREE_040.basePlot.ltr","D05","TREE","TREE_040","TREE_040_914","2016-06-10","2015-10-20","2016-05-31","2016-06-03T19:00Z","2016-06-10T17:00Z","NEON.LTR.TREE040914.20160531","NEON.LTR.TREE040914.20160531.FLR","NEON.DOC.001710vE","Flowers",2.6,"N","","yK8OKO7i1xqEPAI8O44BvyFgRN6LSHQ9"
"5dcc5e56-66e4-45b9-9f89-67b99b689fd9","TREE_040.basePlot.ltr","D05","TREE","TREE_040","TREE_040_914","2016-06-10","2015-10-20","2016-05-31","2016-06-03T19:00Z","2016-06-10T17:00Z","NEON.LTR.TREE040914.20160531","NEON.LTR.TREE040914.20160531.NDL","NEON.DOC.001710vE","Needles",0.36,"N","","yK8OKO7i1xqEPAI8O44BvyFgRN6LSHQ9"
"d44d6aa0-4aa9-4a93-86bc-e36219df3606","TREE_040.basePlot.ltr","D05","TREE","TREE_040","TREE_040_914","2016-06-10","2015-10-20","2016-05-31","2016-06-03T19:00Z","2016-06-10T17:00Z","NEON.LTR.TREE040914.20160531","NEON.LTR.TREE040914.20160531.LVS","NEON.DOC.001710vE","Leaves",1.36,"N","","yK8OKO7i1xqEPAI8O44BvyFgRN6LSHQ9"
"2fe19e17-2cfd-4b7c-9e58-7817c2f871ba","TREE_040.basePlot.ltr","D05","TREE","TREE_040","TREE_040_914","2016-06-10","2015-10-20","2016-05-31","2016-06-03T19:00Z","2016-06-10T17:00Z","NEON.LTR.TREE040914.20160531","NEON.LTR.TREE040914.20160531.TWI","NEON.DOC.001710vE","Twigs/branches",1.34,"N","","yK8OKO7i1xqEPAI8O44BvyFgRN6LSHQ9"
"8c98b706-f31e-4392-92fb-4986aa5c8244","TREE_040.basePlot.ltr","D05","TREE","TREE_040","TREE_040_914","2016-06-10","2015-10-20","2016-05-31","2016-06-03T19:00Z","2016-06-10T17:00Z","NEON.LTR.TREE040914.20160531","NEON.LTR.TREE040914.20160531.SDS","NEON.DOC.001710vE","Seeds",0.18,"N","","yK8OKO7i1xqEPAI8O44BvyFgRN6LSHQ9"
"73284d82-7f29-4d50-9727-4c2c6fe81ed1","TREE_040.basePlot.ltr","D05","TREE","TREE_040","TREE_040_914","2016-06-10","2015-10-20","2016-05-31","2016-06-03T19:00Z","2016-06-10T17:00Z","NEON.LTR.TREE040914.20160531","NEON.LTR.TREE040914.20160531.WDY","NEON.DOC.001710vE","Woody material",0.19,"N","","yK8OKO7i1xqEPAI8O44BvyFgRN6LSHQ9"
"23f7d954-10b9-4d74-94ff-e20fee7cc821","TREE_040.basePlot.ltr","D05","TREE","TREE_040","TREE_040_914","2016-06-10","2015-10-20","2016-05-31","2016-06-03T19:00Z","2016-06-10T17:00Z","NEON.LTR.TREE040914.20160531","NEON.LTR.TREE040914.20160531.OTH","NEON.DOC.001710vE","Other",2.28,"N","","yK8OKO7i1xqEPAI8O44BvyFgRN6LSHQ9"
"21ba1941-9ef6-4b0c-9b3c-e69bdce3c8dc","TREE_055.basePlot.ltr","D05","TREE","TREE_055","TREE_055_864","2016-06-10","2015-10-20","2016-05-31","2016-06-03T19:00Z","2016-06-10T17:00Z","NEON.LTR.TREE055864.20160531","NEON.LTR.TREE055864.20160531.NDL","NEON.DOC.001710vE","Needles",0,"N","","yK8OKO7i1xqEPAI8O44BvyFgRN6LSHQ9"
"1bc21b13-a1f3-4106-915d-5f20eeb25d44","TREE_055.basePlot.ltr","D05","TREE","TREE_055","TREE_055_864","2016-06-10","2015-10-20","2016-05-31","2016-06-03T19:00Z","2016-06-10T17:00Z","NEON.LTR.TREE055864.20160531","NEON.LTR.TREE055864.20160531.FLR","NEON.DOC.001710vE","Flowers",6.62,"N","","yK8OKO7i1xqEPAI8O44BvyFgRN6LSHQ9"
"5db376e5-b8f0-42eb-8025-d1e3598fac4f","TREE_055.basePlot.ltr","D05","TREE","TREE_055","TREE_055_864","2016-06-10","2015-10-20","2016-05-31","2016-06-03T19:00Z","2016-06-10T17:00Z","NEON.LTR.TREE055864.20160531","NEON.LTR.TREE055864.20160531.TWI","NEON.DOC.001710vE","Twigs/branches",0.87,"N","","yK8OKO7i1xqEPAI8O44BvyFgRN6LSHQ9"
"f24b913a-3f4d-4b94-b6e9-0e87028730b0","TREE_055.basePlot.ltr","D05","TREE","TREE_055","TREE_055_864","2016-06-10","2015-10-20","2016-05-31","2016-06-03T19:00Z","2016-06-10T17:00Z","NEON.LTR.TREE055864.20160531","NEON.LTR.TREE055864.20160531.OTH","NEON.DOC.001710vE","Other",0.06,"N","","yK8OKO7i1xqEPAI8O44BvyFgRN6LSHQ9"
"c6a2a082-aabd-472d-8bae-6fcfc9403d64","TREE_055.basePlot.ltr","D05","TREE","TREE_055","TREE_055_864","2016-06-10","2015-10-20","2016-05-31","2016-06-03T19:00Z","2016-06-10T17:00Z","NEON.LTR.TREE055864.20160531","NEON.LTR.TREE055864.20160531.WDY","NEON.DOC.001710vE","Woody material",0.93,"N","","yK8OKO7i1xqEPAI8O44BvyFgRN6LSHQ9"
"5afd06c8-849e-4606-b7c6-65bab66d5da5","TREE_055.basePlot.ltr","D05","TREE","TREE_055","TREE_055_864","2016-06-10","2015-10-20","2016-05-31","2016-06-03T19:00Z","2016-06-10T17:00Z","NEON.LTR.TREE055864.20160531","NEON.LTR.TREE055864.20160531.LVS","NEON.DOC.001710vE","Leaves",0.29,"N","","yK8OKO7i1xqEPAI8O44BvyFgRN6LSHQ9"
"8471f7c8-4f34-4717-af7c-fb854eff37e4","TREE_055.basePlot.ltr","D05","TREE","TREE_055","TREE_055_864","2016-06-10","2015-10-20","2016-05-31","2016-06-03T19:00Z","2016-06-10T17:00Z","NEON.LTR.TREE055864.20160531","NEON.LTR.TREE055864.20160531.SDS","NEON.DOC.001710vE","Seeds",1.4,"N","","yK8OKO7i1xqEPAI8O44BvyFgRN6LSHQ9"
"76381e3a-7b5a-473c-8897-2a4258439276","TREE_051.basePlot.ltr","D05","TREE","TREE_051","TREE_051_578","2016-06-10","2015-10-20","2016-05-31","2016-06-03T19:00Z","2016-06-10T17:00Z","NEON.LTR.TREE051578.20160531","NEON.LTR.TREE051578.20160531.SDS","NEON.DOC.001710vE","Seeds",0.76,"N","","yK8OKO7i1xqEPAI8O44BvyFgRN6LSHQ9"
"5d4f90a3-773b-44a4-bf09-39d88d97b715","TREE_051.basePlot.ltr","D05","TREE","TREE_051","TREE_051_578","2016-06-10","2015-10-20","2016-05-31","2016-06-03T19:00Z","2016-06-10T17:00Z","NEON.LTR.TREE051578.20160531","NEON.LTR.TREE051578.20160531.TWI","NEON.DOC.001710vE","Twigs/branches",0.67,"N","","yK8OKO7i1xqEPAI8O44BvyFgRN6LSHQ9"
"a743b376-19d9-4311-969e-94cf16711e26","TREE_051.basePlot.ltr","D05","TREE","TREE_051","TREE_051_578","2016-06-10","2015-10-20","2016-05-31","2016-06-03T19:00Z","2016-06-10T17:00Z","NEON.LTR.TREE051578.20160531","NEON.LTR.TREE051578.20160531.WDY","NEON.DOC.001710vE","Woody material",0.07,"N","","yK8OKO7i1xqEPAI8O44BvyFgRN6LSHQ9"
"4eea5c9e-3bab-439d-b55f-b7480c11812b","TREE_052.basePlot.ltr","D05","TREE","TREE_052","TREE_052_313","2016-06-10","2015-10-20","2016-05-31","2016-06-03T19:00Z","2016-06-10T17:00Z","NEON.LTR.TREE052313.20160531","NEON.LTR.TREE052313.20160531.OTH","NEON.DOC.001710vE","Other",0.04,"N","","yK8OKO7i1xqEPAI8O44BvyFgRN6LSHQ9"
"3c162378-35b6-4c81-abe0-aa9548ae20b1","TREE_052.basePlot.ltr","D05","TREE","TREE_052","TREE_052_313","2016-06-10","2015-10-20","2016-05-31","2016-06-03T19:00Z","2016-06-10T17:00Z","NEON.LTR.TREE052313.20160531","NEON.LTR.TREE052313.20160531.SDS","NEON.DOC.001710vE","Seeds",0.48,"N","","yK8OKO7i1xqEPAI8O44BvyFgRN6LSHQ9"
"04af3765-3f55-4e0f-afe1-ab2e069b27c6","TREE_051.basePlot.ltr","D05","TREE","TREE_051","TREE_051_578","2016-06-10","2015-10-20","2016-05-31","2016-06-03T19:00Z","2016-06-10T17:00Z","NEON.LTR.TREE051578.20160531","NEON.LTR.TREE051578.20160531.LVS","NEON.DOC.001710vE","Leaves",0.57,"Y","","yK8OKO7i1xqEPAI8O44BvyFgRN6LSHQ9"
"6aec2b61-9d7f-4e79-9f57-0a9340f3aa5c","TREE_052.basePlot.ltr","D05","TREE","TREE_052","TREE_052_313","2016-06-10","2015-10-20","2016-05-31","2016-06-03T19:00Z","2016-06-10T17:00Z","NEON.LTR.TREE052313.20160531","NEON.LTR.TREE052313.20160531.WDY","NEON.DOC.001710vE","Woody material",1.6,"N","","yK8OKO7i1xqEPAI8O44BvyFgRN6LSHQ9"
"62b106e6-e7d6-4e40-9cba-70309701e69e","TREE_052.basePlot.ltr","D05","TREE","TREE_052","TREE_052_313","2016-06-10","2015-10-20","2016-05-31","2016-06-03T19:00Z","2016-06-10T17:00Z","NEON.LTR.TREE052313.20160531","NEON.LTR.TREE052313.20160531.TWI","NEON.DOC.001710vE","Twigs/branches",2.28,"N","","yK8OKO7i1xqEPAI8O44BvyFgRN6LSHQ9"
"f981816b-ecb5-4741-8bb9-bcb8d8cd0869","TREE_052.basePlot.ltr","D05","TREE","TREE_052","TREE_052_313","2016-06-10","2015-10-20","2016-05-31","2016-06-03T19:00Z","2016-06-10T17:00Z","NEON.LTR.TREE052313.20160531","NEON.LTR.TREE052313.20160531.LVS","NEON.DOC.001710vE","Leaves",5.4,"N","","yK8OKO7i1xqEPAI8O44BvyFgRN6LSHQ9"
"97482f0e-7b83-48cb-acda-e4756940fc57","TREE_052.basePlot.ltr","D05","TREE","TREE_052","TREE_052_313","2016-06-10","2015-10-20","2016-05-31","2016-06-03T19:00Z","2016-06-10T17:00Z","NEON.LTR.TREE052313.20160531","NEON.LTR.TREE052313.20160531.FLR","NEON.DOC.001710vE","Flowers",0.15,"N","","yK8OKO7i1xqEPAI8O44BvyFgRN6LSHQ9"
"d63460b5-9f89-4f04-8501-fcfa0a1ee784","TREE_052.basePlot.ltr","D05","TREE","TREE_052","TREE_052_313","2016-06-10","2015-10-20","2016-05-31","2016-06-03T19:00Z","2016-06-10T17:00Z","NEON.LTR.TREE052313.20160531","NEON.LTR.TREE052313.20160531.NDL","NEON.DOC.001710vE","Needles",60.47,"N","","yK8OKO7i1xqEPAI8O44BvyFgRN6LSHQ9"
"f6eeb8dd-079f-47cb-bc8a-b08978a3f029","TREE_045.basePlot.ltr","D05","TREE","TREE_045","TREE_045_349","2016-06-10","2015-10-20","2016-05-31","2016-06-03T19:00Z","2016-06-10T17:00Z","NEON.LTR.TREE045349.20160531","NEON.LTR.TREE045349.20160531.OTH","NEON.DOC.001710vE","Other",7.36,"N","","yK8OKO7i1xqEPAI8O44BvyFgRN6LSHQ9"
"b23ef49b-db0a-4f6b-ac8c-6262f44fa0fc","TREE_045.basePlot.ltr","D05","TREE","TREE_045","TREE_045_349","2016-06-10","2015-10-20","2016-05-31","2016-06-03T19:00Z","2016-06-10T17:00Z","NEON.LTR.TREE045349.20160531","NEON.LTR.TREE045349.20160531.TWI","NEON.DOC.001710vE","Twigs/branches",11.34,"N","","yK8OKO7i1xqEPAI8O44BvyFgRN6LSHQ9"
"7b4bf343-99c1-4ea0-8391-defb4fc6815d","TREE_045.basePlot.ltr","D05","TREE","TREE_045","TREE_045_349","2016-06-10","2015-10-20","2016-05-31","2016-06-03T19:00Z","2016-06-10T17:00Z","NEON.LTR.TREE045349.20160531","NEON.LTR.TREE045349.20160531.FLR","NEON.DOC.001710vE","Flowers",0.88,"N","","yK8OKO7i1xqEPAI8O44BvyFgRN6LSHQ9"
"ebb00486-2b8a-4b14-bc1e-748539186cc9","TREE_045.basePlot.ltr","D05","TREE","TREE_045","TREE_045_349","2016-06-10","2015-10-20","2016-05-31","2016-06-03T19:00Z","2016-06-10T17:00Z","NEON.LTR.TREE045349.20160531","NEON.LTR.TREE045349.20160531.SDS","NEON.DOC.001710vE","Seeds",2.51,"N","","yK8OKO7i1xqEPAI8O44BvyFgRN6LSHQ9"
"a6cfead9-71e3-4a6d-b216-c9603a7f71f4","TREE_045.basePlot.ltr","D05","TREE","TREE_045","TREE_045_349","2016-06-10","2015-10-20","2016-05-31","2016-06-03T19:00Z","2016-06-10T17:00Z","NEON.LTR.TREE045349.20160531","NEON.LTR.TREE045349.20160531.LVS","NEON.DOC.001710vE","Leaves",0.51,"N","","yK8OKO7i1xqEPAI8O44BvyFgRN6LSHQ9"
"6dff6f1a-870a-4147-aa72-5e92cb0c7840","TREE_045.basePlot.ltr","D05","TREE","TREE_045","TREE_045_349","2016-06-10","2015-10-20","2016-05-31","2016-06-03T19:00Z","2016-06-10T17:00Z","NEON.LTR.TREE045349.20160531","NEON.LTR.TREE045349.20160531.WDY","NEON.DOC.001710vE","Woody material",0.46,"N","","yK8OKO7i1xqEPAI8O44BvyFgRN6LSHQ9"
"b479a7f5-8860-4314-84dc-2056238774fe","TREE_045.basePlot.ltr","D05","TREE","TREE_045","TREE_045_349","2016-06-10","2015-10-20","2016-05-31","2016-06-03T19:00Z","2016-06-10T17:00Z","NEON.LTR.TREE045349.20160531","NEON.LTR.TREE045349.20160531.NDL","NEON.DOC.001710vE","Needles",1.85,"N","","yK8OKO7i1xqEPAI8O44BvyFgRN6LSHQ9"
"ea1a7904-7787-484b-bace-73692ddedc02","TREE_051.basePlot.ltr","D05","TREE","TREE_051","TREE_051_578","2016-06-10","2015-10-20","2016-05-31","2016-06-03T19:00Z","2016-06-10T17:00Z","NEON.LTR.TREE051578.20160531","NEON.LTR.TREE051578.20160531.LVS","NEON.DOC.001710vE","Leaves",0.57,"N","","yK8OKO7i1xqEPAI8O44BvyFgRN6LSHQ9"
"049a8276-f33a-4e8c-9e06-0057a8046a86","TREE_051.basePlot.ltr","D05","TREE","TREE_051","TREE_051_578","2016-06-10","2015-10-20","2016-05-31","2016-06-03T19:00Z","2016-06-10T17:00Z","NEON.LTR.TREE051578.20160531","NEON.LTR.TREE051578.20160531.OTH","NEON.DOC.001710vE","Other",2.1,"N","","yK8OKO7i1xqEPAI8O44BvyFgRN6LSHQ9"
"a78c906c-0dac-4ced-845c-430fcfa87f6e","TREE_051.basePlot.ltr","D05","TREE","TREE_051","TREE_051_578","2016-06-10","2015-10-20","2016-05-31","2016-06-03T19:00Z","2016-06-10T17:00Z","NEON.LTR.TREE051578.20160531","NEON.LTR.TREE051578.20160531.NDL","NEON.DOC.001710vE","Needles",3.19,"N","","yK8OKO7i1xqEPAI8O44BvyFgRN6LSHQ9"
"662d04f8-9c91-4b21-9649-e4ab1180690b","TREE_051.basePlot.ltr","D05","TREE","TREE_051","TREE_051_578","2016-06-10","2015-10-20","2016-05-31","2016-06-03T19:00Z","2016-06-10T17:00Z","NEON.LTR.TREE051578.20160531","NEON.LTR.TREE051578.20160531.FLR","NEON.DOC.001710vE","Flowers",1.27,"N","","yK8OKO7i1xqEPAI8O44BvyFgRN6LSHQ9"
"962d1458-b414-4a2e-8e3e-c82d8618852b","TREE_049.basePlot.ltr","D05","TREE","TREE_049","TREE_049_066","2016-06-10","2015-10-20","2016-05-31","2016-06-03T19:00Z","2016-06-10T17:00Z","NEON.LTR.TREE049066.20160531","NEON.LTR.TREE049066.20160531.TWI","NEON.DOC.001710vE","Twigs/branches",0.62,"N","","6T8aEJZt4bvLJIKKdxgf+H8G9oKe2YfP"
"67d9eadf-54c4-44e4-83ad-ee19412e2f1f","TREE_049.basePlot.ltr","D05","TREE","TREE_049","TREE_049_066","2016-06-10","2015-10-20","2016-05-31","2016-06-03T19:00Z","2016-06-10T17:00Z","NEON.LTR.TREE049066.20160531","NEON.LTR.TREE049066.20160531.FLR","NEON.DOC.001710vE","Flowers",3.37,"N","","6T8aEJZt4bvLJIKKdxgf+H8G9oKe2YfP"
"99b3ece8-7537-4fc0-b131-487a6e0343f2","TREE_049.basePlot.ltr","D05","TREE","TREE_049","TREE_049_066","2016-06-10","2015-10-20","2016-05-31","2016-06-03T19:00Z","2016-06-10T17:00Z","NEON.LTR.TREE049066.20160531","NEON.LTR.TREE049066.20160531.WDY","NEON.DOC.001710vE","Woody material",0,"N","","6T8aEJZt4bvLJIKKdxgf+H8G9oKe2YfP"
"9035a7e6-7c37-4892-806a-09ff5ad3abf1","TREE_049.basePlot.ltr","D05","TREE","TREE_049","TREE_049_066","2016-06-10","2015-10-20","2016-05-31","2016-06-03T19:00Z","2016-06-10T17:00Z","NEON.LTR.TREE049066.20160531","NEON.LTR.TREE049066.20160531.LVS","NEON.DOC.001710vE","Leaves",0.53,"N","","6T8aEJZt4bvLJIKKdxgf+H8G9oKe2YfP"
"80cfd912-73e8-4e3a-8edd-b321470893ea","TREE_049.basePlot.ltr","D05","TREE","TREE_049","TREE_049_066","2016-06-10","2015-10-20","2016-05-31","2016-06-03T19:00Z","2016-06-10T17:00Z","NEON.LTR.TREE049066.20160531","NEON.LTR.TREE049066.20160531.OTH","NEON.DOC.001710vE","Other",1.47,"N","","6T8aEJZt4bvLJIKKdxgf+H8G9oKe2YfP"
"2d37b6d3-c87a-43e4-93aa-694f5433bc8b","TREE_057.basePlot.ltr","D05","TREE","TREE_057","TREE_057_693","2016-06-10","2015-12-20","2016-05-31","2016-06-03T19:00Z","2016-06-10T17:00Z","NEON.LTR.TREE057693.20160531","NEON.LTR.TREE057693.20160531.LVS","NEON.DOC.001710vE","Leaves",0,"N","","54nw0cJRsXcS9GYlUA0UqRY6swQAbXHE"
"27de02b1-bdbe-460e-aca4-3bfd479d8b69","TREE_057.basePlot.ltr","D05","TREE","TREE_057","TREE_057_693","2016-06-10","2015-12-20","2016-05-31","2016-06-03T19:00Z","2016-06-10T17:00Z","NEON.LTR.TREE057693.20160531","NEON.LTR.TREE057693.20160531.TWI","NEON.DOC.001710vE","Twigs/branches",8.52,"N","","54nw0cJRsXcS9GYlUA0UqRY6swQAbXHE"
"a33128fb-689a-462f-a641-c4c2a591a06e","TREE_057.basePlot.ltr","D05","TREE","TREE_057","TREE_057_693","2016-06-10","2015-12-20","2016-05-31","2016-06-03T19:00Z","2016-06-10T17:00Z","NEON.LTR.TREE057693.20160531","NEON.LTR.TREE057693.20160531.OTH","NEON.DOC.001710vE","Other",0,"N","","54nw0cJRsXcS9GYlUA0UqRY6swQAbXHE"
"a1657496-b641-43e2-819a-de36bccefed7","TREE_048.basePlot.ltr","D05","TREE","TREE_048","TREE_048_810","2016-09-26","2016-05-19","2016-09-19","2016-09-20T20:30Z","2016-09-26T20:00Z","NEON.LTR.TREE048810.20160919","NEON.LTR.TREE048810.20160919.OTH","NEON.DOC.001710vE","Other",10.6,"N",NA,"Pd5j4AVdzcPF8RQ6ax8zRncRZcCp3EHYE5i1sRn6Vb8="
"473f5f5b-5b7c-45aa-ac4c-d1b6708f3a95","TREE_048.basePlot.ltr","D05","TREE","TREE_048","TREE_048_578","2016-09-26","2016-05-19","2016-09-19","2016-09-20T20:30Z","2016-09-26T20:00Z","NEON.LTR.TREE048578.20160919","NEON.LTR.TREE048578.20160919.FLR","NEON.DOC.001710vE","Flowers",1.53,"N",NA,"Pd5j4AVdzcPF8RQ6ax8zRncRZcCp3EHYE5i1sRn6Vb8="
"432a9e4a-63d0-4624-a215-18a5b201385e","TREE_048.basePlot.ltr","D05","TREE","TREE_048","TREE_048_578","2016-09-26","2016-05-19","2016-09-19","2016-09-20T20:30Z","2016-09-26T20:00Z","NEON.LTR.TREE048578.20160919","NEON.LTR.TREE048578.20160919.NDL","NEON.DOC.001710vE","Needles",5.63,"Y",NA,"Pd5j4AVdzcPF8RQ6ax8zRncRZcCp3EHYE5i1sRn6Vb8="
"2a0ecfbf-77c2-436d-a29e-863d6f1cdf10","TREE_048.basePlot.ltr","D05","TREE","TREE_048","TREE_048_578","2016-09-26","2016-05-19","2016-09-19","2016-09-20T20:30Z","2016-09-26T20:00Z","NEON.LTR.TREE048578.20160919","NEON.LTR.TREE048578.20160919.TWI","NEON.DOC.001710vE","Twigs/branches",22.5,"N",NA,"Pd5j4AVdzcPF8RQ6ax8zRncRZcCp3EHYE5i1sRn6Vb8="
"95e8d5e4-9b46-4de2-8303-fb0b6490efd4","TREE_048.basePlot.ltr","D05","TREE","TREE_048","TREE_048_810","2016-09-26","2016-05-19","2016-09-19","2016-09-20T20:30Z","2016-09-26T20:00Z","NEON.LTR.TREE048810.20160919","NEON.LTR.TREE048810.20160919.WDY","NEON.DOC.001710vE","Woody material",20.6,"N",NA,"Pd5j4AVdzcPF8RQ6ax8zRncRZcCp3EHYE5i1sRn6Vb8="
"8d5040c1-b9dc-4ca1-90e5-ae25af2a9592","TREE_048.basePlot.ltr","D05","TREE","TREE_048","TREE_048_810","2016-09-26","2016-05-19","2016-09-19","2016-09-20T20:30Z","2016-09-26T20:00Z","NEON.LTR.TREE048810.20160919","NEON.LTR.TREE048810.20160919.FLR","NEON.DOC.001710vE","Flowers",0.95,"N",NA,"Pd5j4AVdzcPF8RQ6ax8zRncRZcCp3EHYE5i1sRn6Vb8="
"5049b837-821a-4374-b161-b86fdd998511","TREE_048.basePlot.ltr","D05","TREE","TREE_048","TREE_048_810","2016-09-26","2016-05-19","2016-09-19","2016-09-20T20:30Z","2016-09-26T20:00Z","NEON.LTR.TREE048810.20160919","NEON.LTR.TREE048810.20160919.NDL","NEON.DOC.001710vE","Needles",11.32,"N",NA,"Pd5j4AVdzcPF8RQ6ax8zRncRZcCp3EHYE5i1sRn6Vb8="
"d5439840-aa73-4c63-bad1-8101efe218a5","TREE_048.basePlot.ltr","D05","TREE","TREE_048","TREE_048_810","2016-09-26","2016-05-19","2016-09-19","2016-09-20T20:30Z","2016-09-26T20:00Z","NEON.LTR.TREE048810.20160919","NEON.LTR.TREE048810.20160919.TWI","NEON.DOC.001710vE","Twigs/branches",16.34,"Y",NA,"Pd5j4AVdzcPF8RQ6ax8zRncRZcCp3EHYE5i1sRn6Vb8="
"1837faf5-4890-4c2d-be2f-38985f6fdd34","TREE_048.basePlot.ltr","D05","TREE","TREE_048","TREE_048_810","2016-09-26","2016-05-19","2016-09-19","2016-09-20T20:30Z","2016-09-26T20:00Z","NEON.LTR.TREE048810.20160919","NEON.LTR.TREE048810.20160919.LVS","NEON.DOC.001710vE","Leaves",2.39,"N",NA,"Pd5j4AVdzcPF8RQ6ax8zRncRZcCp3EHYE5i1sRn6Vb8="
"2d048707-ae91-4d9a-a55f-80184fcc27c3","TREE_048.basePlot.ltr","D05","TREE","TREE_048","TREE_048_578","2016-09-26","2016-05-19","2016-09-19","2016-09-20T20:30Z","2016-09-26T20:00Z","NEON.LTR.TREE048578.20160919","NEON.LTR.TREE048578.20160919.OTH","NEON.DOC.001710vE","Other",0.17,"N",NA,"Pd5j4AVdzcPF8RQ6ax8zRncRZcCp3EHYE5i1sRn6Vb8="
"fcd00e99-bf88-4184-945a-977bc276f913","TREE_048.basePlot.ltr","D05","TREE","TREE_048","TREE_048_810","2016-09-26","2016-05-19","2016-09-19","2016-09-20T20:30Z","2016-09-26T20:00Z","NEON.LTR.TREE048810.20160919","NEON.LTR.TREE048810.20160919.SDS","NEON.DOC.001710vE","Seeds",0.22,"N",NA,"Pd5j4AVdzcPF8RQ6ax8zRncRZcCp3EHYE5i1sRn6Vb8="
"d5c9fe8e-c882-49ab-aa79-c13b83beccc7","TREE_048.basePlot.ltr","D05","TREE","TREE_048","TREE_048_578","2016-09-26","2016-05-19","2016-09-19","2016-09-20T20:30Z","2016-09-26T20:00Z","NEON.LTR.TREE048578.20160919","NEON.LTR.TREE048578.20160919.WDY","NEON.DOC.001710vE","Woody material",75.24,"N",NA,"Pd5j4AVdzcPF8RQ6ax8zRncRZcCp3EHYE5i1sRn6Vb8="
"9ab11643-2bfe-43cf-ba19-9efee495a5a0","TREE_048.basePlot.ltr","D05","TREE","TREE_048","TREE_048_578","2016-09-26","2016-05-19","2016-09-19","2016-09-20T20:30Z","2016-09-26T20:00Z","NEON.LTR.TREE048578.20160919","NEON.LTR.TREE048578.20160919.LVS","NEON.DOC.001710vE","Leaves",8.76,"N",NA,"Pd5j4AVdzcPF8RQ6ax8zRncRZcCp3EHYE5i1sRn6Vb8="
"1d92fe62-27f2-4552-aa48-a26364a0a557","TREE_048.basePlot.ltr","D05","TREE","TREE_048","TREE_048_578","2016-09-26","2016-05-19","2016-09-19","2016-09-20T20:30Z","2016-09-26T20:00Z","NEON.LTR.TREE048578.20160919","NEON.LTR.TREE048578.20160919.SDS","NEON.DOC.001710vE","Seeds",0.62,"Y",NA,"Pd5j4AVdzcPF8RQ6ax8zRncRZcCp3EHYE5i1sRn6Vb8="
"c1deffef-b0b0-432b-ba16-080a1001aebd","TREE_046.basePlot.ltr","D05","TREE","TREE_046","TREE_046_663","2016-09-26","2016-05-31","2016-09-19","2016-09-20T20:30Z","2016-09-26T20:00Z","NEON.LTR.TREE046663.20160919","NEON.LTR.TREE046663.20160919.SDS","NEON.DOC.001710vE","Seeds",0.64,"N",NA,"Pd5j4AVdzcPF8RQ6ax8zRncRZcCp3EHYE5i1sRn6Vb8="
"54e95988-983f-49c7-98dc-c9b9444f40f1","TREE_046.basePlot.ltr","D05","TREE","TREE_046","TREE_046_663","2016-09-26","2016-05-31","2016-09-19","2016-09-20T20:30Z","2016-09-26T20:00Z","NEON.LTR.TREE046663.20160919","NEON.LTR.TREE046663.20160919.LVS","NEON.DOC.001710vE","Leaves",4.82,"N",NA,"Pd5j4AVdzcPF8RQ6ax8zRncRZcCp3EHYE5i1sRn6Vb8="
"260be392-bda7-4d51-b305-99fb57a8114e","TREE_046.basePlot.ltr","D05","TREE","TREE_046","TREE_046_663","2016-09-26","2016-05-31","2016-09-19","2016-09-20T20:30Z","2016-09-26T20:00Z","NEON.LTR.TREE046663.20160919","NEON.LTR.TREE046663.20160919.OTH","NEON.DOC.001710vE","Other",1.82,"N",NA,"Pd5j4AVdzcPF8RQ6ax8zRncRZcCp3EHYE5i1sRn6Vb8="
"54ba4970-966b-48ff-a838-fb8c9fd6e429","TREE_046.basePlot.ltr","D05","TREE","TREE_046","TREE_046_663","2016-09-26","2016-05-31","2016-09-19","2016-09-20T20:30Z","2016-09-26T20:00Z","NEON.LTR.TREE046663.20160919","NEON.LTR.TREE046663.20160919.FLR","NEON.DOC.001710vE","Flowers",0.1,"N",NA,"Pd5j4AVdzcPF8RQ6ax8zRncRZcCp3EHYE5i1sRn6Vb8="
"38ba5bc7-cf57-40db-98c4-bc261a1c634e","TREE_046.basePlot.ltr","D05","TREE","TREE_046","TREE_046_663","2016-09-26","2016-05-31","2016-09-19","2016-09-20T20:30Z","2016-09-26T20:00Z","NEON.LTR.TREE046663.20160919","NEON.LTR.TREE046663.20160919.NDL","NEON.DOC.001710vE","Needles",0,"N",NA,"Pd5j4AVdzcPF8RQ6ax8zRncRZcCp3EHYE5i1sRn6Vb8="
"76421a4a-c0de-434a-8731-54dd2f3b88ee","TREE_046.basePlot.ltr","D05","TREE","TREE_046","TREE_046_663","2016-09-26","2016-05-31","2016-09-19","2016-09-20T20:30Z","2016-09-26T20:00Z","NEON.LTR.TREE046663.20160919","NEON.LTR.TREE046663.20160919.TWI","NEON.DOC.001710vE","Twigs/branches",4.31,"Y",NA,"Pd5j4AVdzcPF8RQ6ax8zRncRZcCp3EHYE5i1sRn6Vb8="
"f6b0aef5-0fb9-4d8b-ade4-2ddaf22e1751","TREE_055.basePlot.ltr","D05","TREE","TREE_055","TREE_055_595","2016-09-26","2016-05-31","2016-09-19","2016-09-20T20:30Z","2016-09-26T20:00Z","NEON.LTR.TREE055595.20160919","NEON.LTR.TREE055595.20160919.NDL","NEON.DOC.001710vE","Needles",0,"N",NA,"Pd5j4AVdzcPF8RQ6ax8zRncRZcCp3EHYE5i1sRn6Vb8="
"afcfe533-e0fc-46cd-bbec-a75c4f367b61","TREE_055.basePlot.ltr","D05","TREE","TREE_055","TREE_055_595","2016-09-26","2016-05-31","2016-09-19","2016-09-20T20:30Z","2016-09-26T20:00Z","NEON.LTR.TREE055595.20160919","NEON.LTR.TREE055595.20160919.WDY","NEON.DOC.001710vE","Woody material",0.28,"N",NA,"Pd5j4AVdzcPF8RQ6ax8zRncRZcCp3EHYE5i1sRn6Vb8="
"756c973a-e153-4299-9e55-2e8478414eae","TREE_040.basePlot.ltr","D05","TREE","TREE_040","TREE_040_405","2016-09-26","2016-05-31","2016-09-19","2016-09-20T20:30Z","2016-09-26T20:00Z","NEON.LTR.TREE040405.20160919","NEON.LTR.TREE040405.20160919.LVS","NEON.DOC.001710vE","Leaves",4.85,"N",NA,"Pd5j4AVdzcPF8RQ6ax8zRncRZcCp3EHYE5i1sRn6Vb8="
"4aac46f1-add4-4e76-8a37-3b62aa98fa40","TREE_040.basePlot.ltr","D05","TREE","TREE_040","TREE_040_405","2016-09-26","2016-05-31","2016-09-19","2016-09-20T20:30Z","2016-09-26T20:00Z","NEON.LTR.TREE040405.20160919","NEON.LTR.TREE040405.20160919.WDY","NEON.DOC.001710vE","Woody material",2.39,"N",NA,"Pd5j4AVdzcPF8RQ6ax8zRncRZcCp3EHYE5i1sRn6Vb8="
"cacadb6f-14f6-47f6-80c8-0fbe38383dbd","TREE_040.basePlot.ltr","D05","TREE","TREE_040","TREE_040_405","2016-09-26","2016-05-31","2016-09-19","2016-09-20T20:30Z","2016-09-26T20:00Z","NEON.LTR.TREE040405.20160919","NEON.LTR.TREE040405.20160919.SDS","NEON.DOC.001710vE","Seeds",1.11,"N",NA,"Pd5j4AVdzcPF8RQ6ax8zRncRZcCp3EHYE5i1sRn6Vb8="
"ff4dc6bf-2588-43af-8785-0ee10d3237ad","TREE_040.basePlot.ltr","D05","TREE","TREE_040","TREE_040_405","2016-09-26","2016-05-31","2016-09-19","2016-09-20T20:30Z","2016-09-26T20:00Z","NEON.LTR.TREE040405.20160919","NEON.LTR.TREE040405.20160919.FLR","NEON.DOC.001710vE","Flowers",0.12,"N",NA,"Pd5j4AVdzcPF8RQ6ax8zRncRZcCp3EHYE5i1sRn6Vb8="
"9b61888a-fe45-4686-a9cb-5bd61fb6eb12","TREE_040.basePlot.ltr","D05","TREE","TREE_040","TREE_040_405","2016-09-26","2016-05-31","2016-09-19","2016-09-20T20:30Z","2016-09-26T20:00Z","NEON.LTR.TREE040405.20160919","NEON.LTR.TREE040405.20160919.NDL","NEON.DOC.001710vE","Needles",3.12,"N",NA,"Pd5j4AVdzcPF8RQ6ax8zRncRZcCp3EHYE5i1sRn6Vb8="
"dc574fd1-bafd-45cf-bf69-8c638ffc9c42","TREE_040.basePlot.ltr","D05","TREE","TREE_040","TREE_040_405","2016-09-26","2016-05-31","2016-09-19","2016-09-20T20:30Z","2016-09-26T20:00Z","NEON.LTR.TREE040405.20160919","NEON.LTR.TREE040405.20160919.OTH","NEON.DOC.001710vE","Other",0,"N",NA,"Pd5j4AVdzcPF8RQ6ax8zRncRZcCp3EHYE5i1sRn6Vb8="
"84a1f8d8-46ce-4030-8351-73ba735ca488","TREE_040.basePlot.ltr","D05","TREE","TREE_040","TREE_040_405","2016-09-26","2016-05-31","2016-09-19","2016-09-20T20:30Z","2016-09-26T20:00Z","NEON.LTR.TREE040405.20160919","NEON.LTR.TREE040405.20160919.TWI","NEON.DOC.001710vE","Twigs/branches",2.54,"Y",NA,"Pd5j4AVdzcPF8RQ6ax8zRncRZcCp3EHYE5i1sRn6Vb8="
"e715c9ab-5af9-469f-a54f-b5020bf04207","TREE_055.basePlot.ltr","D05","TREE","TREE_055","TREE_055_595","2016-09-26","2016-05-31","2016-09-19","2016-09-20T20:30Z","2016-09-26T20:00Z","NEON.LTR.TREE055595.20160919","NEON.LTR.TREE055595.20160919.OTH","NEON.DOC.001710vE","Other",1.51,"Y",NA,"Pd5j4AVdzcPF8RQ6ax8zRncRZcCp3EHYE5i1sRn6Vb8="
"03366ed8-80fd-404f-848c-099c6a7c6aeb","TREE_055.basePlot.ltr","D05","TREE","TREE_055","TREE_055_595","2016-09-26","2016-05-31","2016-09-19","2016-09-20T20:30Z","2016-09-26T20:00Z","NEON.LTR.TREE055595.20160919","NEON.LTR.TREE055595.20160919.LVS","NEON.DOC.001710vE","Leaves",6.54,"N",NA,"Pd5j4AVdzcPF8RQ6ax8zRncRZcCp3EHYE5i1sRn6Vb8="
"a5703a60-a2d6-4238-85b9-d2bdc7f35612","TREE_055.basePlot.ltr","D05","TREE","TREE_055","TREE_055_595","2016-09-26","2016-05-31","2016-09-19","2016-09-20T20:30Z","2016-09-26T20:00Z","NEON.LTR.TREE055595.20160919","NEON.LTR.TREE055595.20160919.TWI","NEON.DOC.001710vE","Twigs/branches",2.02,"N",NA,"Pd5j4AVdzcPF8RQ6ax8zRncRZcCp3EHYE5i1sRn6Vb8="
"e3a89ae0-e098-4b5f-b442-ee5e13dd89e1","TREE_055.basePlot.ltr","D05","TREE","TREE_055","TREE_055_595","2016-09-26","2016-05-31","2016-09-19","2016-09-20T20:30Z","2016-09-26T20:00Z","NEON.LTR.TREE055595.20160919","NEON.LTR.TREE055595.20160919.FLR","NEON.DOC.001710vE","Flowers",0.28,"Y",NA,"Pd5j4AVdzcPF8RQ6ax8zRncRZcCp3EHYE5i1sRn6Vb8="
"63da773e-3b5d-453d-8dbe-0995817ce3c1","TREE_055.basePlot.ltr","D05","TREE","TREE_055","TREE_055_595","2016-09-26","2016-05-31","2016-09-19","2016-09-20T20:30Z","2016-09-26T20:00Z","NEON.LTR.TREE055595.20160919","NEON.LTR.TREE055595.20160919.SDS","NEON.DOC.001710vE","Seeds",1.81,"N",NA,"Pd5j4AVdzcPF8RQ6ax8zRncRZcCp3EHYE5i1sRn6Vb8="
"8a44e2cf-980a-4fbb-a92c-622cbaa88893","TREE_054.basePlot.ltr","D05","TREE","TREE_054","TREE_054_034","2016-09-26","2016-05-31","2016-09-19","2016-09-20T20:30Z","2016-09-26T20:00Z","NEON.LTR.TREE054034.20160919","NEON.LTR.TREE054034.20160919.FLR","NEON.DOC.001710vE","Flowers",0.23,"N",NA,"Pd5j4AVdzcPF8RQ6ax8zRncRZcCp3EHYE5i1sRn6Vb8="
"e52668bb-2fca-4685-a795-c2fbb2752582","TREE_054.basePlot.ltr","D05","TREE","TREE_054","TREE_054_034","2016-09-26","2016-05-31","2016-09-19","2016-09-20T20:30Z","2016-09-26T20:00Z","NEON.LTR.TREE054034.20160919","NEON.LTR.TREE054034.20160919.NDL","NEON.DOC.001710vE","Needles",9.45,"N",NA,"Pd5j4AVdzcPF8RQ6ax8zRncRZcCp3EHYE5i1sRn6Vb8="
"720f521d-108a-438f-8b7a-718a17c90fe0","TREE_054.basePlot.ltr","D05","TREE","TREE_054","TREE_054_762","2016-09-26","2016-05-31","2016-09-19","2016-09-20T20:30Z","2016-09-26T20:00Z","NEON.LTR.TREE054762.20160919","NEON.LTR.TREE054762.20160919.FLR","NEON.DOC.001710vE","Flowers",0,"N",NA,"Pd5j4AVdzcPF8RQ6ax8zRncRZcCp3EHYE5i1sRn6Vb8="
"5426c9c0-2c1b-4abe-b8f6-0931e90da670","TREE_054.basePlot.ltr","D05","TREE","TREE_054","TREE_054_762","2016-09-26","2016-05-31","2016-09-19","2016-09-20T20:30Z","2016-09-26T20:00Z","NEON.LTR.TREE054762.20160919","NEON.LTR.TREE054762.20160919.LVS","NEON.DOC.001710vE","Leaves",1.39,"Y",NA,"Pd5j4AVdzcPF8RQ6ax8zRncRZcCp3EHYE5i1sRn6Vb8="
"96d23d28-3cf3-41aa-854c-56d7b2f3d55e","TREE_054.basePlot.ltr","D05","TREE","TREE_054","TREE_054_034","2016-09-26","2016-05-31","2016-09-19","2016-09-20T20:30Z","2016-09-26T20:00Z","NEON.LTR.TREE054034.20160919","NEON.LTR.TREE054034.20160919.OTH","NEON.DOC.001710vE","Other",0,"N",NA,"Pd5j4AVdzcPF8RQ6ax8zRncRZcCp3EHYE5i1sRn6Vb8="
"c3f4bfc0-a293-4be6-af72-15ea83c2ee7c","TREE_054.basePlot.ltr","D05","TREE","TREE_054","TREE_054_762","2016-09-26","2016-05-31","2016-09-19","2016-09-20T20:30Z","2016-09-26T20:00Z","NEON.LTR.TREE054762.20160919","NEON.LTR.TREE054762.20160919.WDY","NEON.DOC.001710vE","Woody material",1.07,"Y",NA,"Pd5j4AVdzcPF8RQ6ax8zRncRZcCp3EHYE5i1sRn6Vb8="
"eaf7351d-553e-49de-b871-4b9f58a8b472","TREE_054.basePlot.ltr","D05","TREE","TREE_054","TREE_054_034","2016-09-26","2016-05-31","2016-09-19","2016-09-20T20:30Z","2016-09-26T20:00Z","NEON.LTR.TREE054034.20160919","NEON.LTR.TREE054034.20160919.LVS","NEON.DOC.001710vE","Leaves",3.2,"N",NA,"Pd5j4AVdzcPF8RQ6ax8zRncRZcCp3EHYE5i1sRn6Vb8="
"01e006e2-cb54-44d9-b34d-93308b22432f","TREE_054.basePlot.ltr","D05","TREE","TREE_054","TREE_054_762","2016-09-26","2016-05-31","2016-09-19","2016-09-20T20:30Z","2016-09-26T20:00Z","NEON.LTR.TREE054762.20160919","NEON.LTR.TREE054762.20160919.OTH","NEON.DOC.001710vE","Other",1.46,"N",NA,"Pd5j4AVdzcPF8RQ6ax8zRncRZcCp3EHYE5i1sRn6Vb8="
"d85fb244-72d4-4297-bb02-e563763e37ed","TREE_054.basePlot.ltr","D05","TREE","TREE_054","TREE_054_034","2016-09-26","2016-05-31","2016-09-19","2016-09-20T20:30Z","2016-09-26T20:00Z","NEON.LTR.TREE054034.20160919","NEON.LTR.TREE054034.20160919.SDS","NEON.DOC.001710vE","Seeds",1.09,"N",NA,"Pd5j4AVdzcPF8RQ6ax8zRncRZcCp3EHYE5i1sRn6Vb8="
"850787cf-318b-462f-a232-55125a4346bd","TREE_054.basePlot.ltr","D05","TREE","TREE_054","TREE_054_762","2016-09-26","2016-05-31","2016-09-19","2016-09-20T20:30Z","2016-09-26T20:00Z","NEON.LTR.TREE054762.20160919","NEON.LTR.TREE054762.20160919.NDL","NEON.DOC.001710vE","Needles",1.96,"N",NA,"Pd5j4AVdzcPF8RQ6ax8zRncRZcCp3EHYE5i1sRn6Vb8="
"6c939c71-9efa-4e5b-81ea-a59ec9c18888","TREE_054.basePlot.ltr","D05","TREE","TREE_054","TREE_054_762","2016-09-26","2016-05-31","2016-09-19","2016-09-20T20:30Z","2016-09-26T20:00Z","NEON.LTR.TREE054762.20160919","NEON.LTR.TREE054762.20160919.SDS","NEON.DOC.001710vE","Seeds",0.36,"N",NA,"Pd5j4AVdzcPF8RQ6ax8zRncRZcCp3EHYE5i1sRn6Vb8="
"216ee3aa-ddbf-4cd9-a26c-754cef43760f","TREE_054.basePlot.ltr","D05","TREE","TREE_054","TREE_054_034","2016-09-26","2016-05-31","2016-09-19","2016-09-20T20:30Z","2016-09-26T20:00Z","NEON.LTR.TREE054034.20160919","NEON.LTR.TREE054034.20160919.TWI","NEON.DOC.001710vE","Twigs/branches",0.58,"N",NA,"Pd5j4AVdzcPF8RQ6ax8zRncRZcCp3EHYE5i1sRn6Vb8="
"97c0c8a0-65ca-4e9c-8e10-57bf4000a2e7","TREE_054.basePlot.ltr","D05","TREE","TREE_054","TREE_054_762","2016-09-26","2016-05-31","2016-09-19","2016-09-20T20:30Z","2016-09-26T20:00Z","NEON.LTR.TREE054762.20160919","NEON.LTR.TREE054762.20160919.TWI","NEON.DOC.001710vE","Twigs/branches",0.88,"N",NA,"Pd5j4AVdzcPF8RQ6ax8zRncRZcCp3EHYE5i1sRn6Vb8="
"ac8d70a3-c28c-4eca-b27b-8de8f48c3faf","TREE_054.basePlot.ltr","D05","TREE","TREE_054","TREE_054_034","2016-09-26","2016-05-31","2016-09-19","2016-09-20T20:30Z","2016-09-26T20:00Z","NEON.LTR.TREE054034.20160919","NEON.LTR.TREE054034.20160919.WDY","NEON.DOC.001710vE","Woody material",0.2,"N",NA,"Pd5j4AVdzcPF8RQ6ax8zRncRZcCp3EHYE5i1sRn6Vb8="
"be5dddae-7d75-4ece-9159-7a8aff970702","TREE_053.basePlot.ltr","D05","TREE","TREE_053","TREE_053_790","2016-09-26","2016-05-31","2016-09-19","2016-09-20T20:30Z","2016-09-26T20:00Z","NEON.LTR.TREE053790.20160919","NEON.LTR.TREE053790.20160919.WDY","NEON.DOC.001710vE","Woody material",0.11,"N",NA,"Pd5j4AVdzcPF8RQ6ax8zRncRZcCp3EHYE5i1sRn6Vb8="
"6fd82a14-13fb-4a62-aaba-468bb36e470c","TREE_053.basePlot.ltr","D05","TREE","TREE_053","TREE_053_790","2016-09-26","2016-05-31","2016-09-19","2016-09-20T20:30Z","2016-09-26T20:00Z","NEON.LTR.TREE053790.20160919","NEON.LTR.TREE053790.20160919.NDL","NEON.DOC.001710vE","Needles",0,"N",NA,"Pd5j4AVdzcPF8RQ6ax8zRncRZcCp3EHYE5i1sRn6Vb8="
"71dec82b-79ae-48b9-8544-20f4b6f6feb5","TREE_053.basePlot.ltr","D05","TREE","TREE_053","TREE_053_790","2016-09-26","2016-05-31","2016-09-19","2016-09-20T20:30Z","2016-09-26T20:00Z","NEON.LTR.TREE053790.20160919","NEON.LTR.TREE053790.20160919.FLR","NEON.DOC.001710vE","Flowers",0.07,"N",NA,"Pd5j4AVdzcPF8RQ6ax8zRncRZcCp3EHYE5i1sRn6Vb8="
"7af79cdf-f70c-473f-a273-e03b9b6a488b","TREE_053.basePlot.ltr","D05","TREE","TREE_053","TREE_053_790","2016-09-26","2016-05-31","2016-09-19","2016-09-20T20:30Z","2016-09-26T20:00Z","NEON.LTR.TREE053790.20160919","NEON.LTR.TREE053790.20160919.TWI","NEON.DOC.001710vE","Twigs/branches",0.36,"N",NA,"Pd5j4AVdzcPF8RQ6ax8zRncRZcCp3EHYE5i1sRn6Vb8="
"4a5c8585-338e-429f-8db1-32802fbf5f98","TREE_053.basePlot.ltr","D05","TREE","TREE_053","TREE_053_790","2016-09-26","2016-05-31","2016-09-19","2016-09-20T20:30Z","2016-09-26T20:00Z","NEON.LTR.TREE053790.20160919","NEON.LTR.TREE053790.20160919.OTH","NEON.DOC.001710vE","Other",0.7,"N",NA,"Pd5j4AVdzcPF8RQ6ax8zRncRZcCp3EHYE5i1sRn6Vb8="
"e5e6d7a7-e8f8-4db7-b0ce-e57c7e53b272","TREE_053.basePlot.ltr","D05","TREE","TREE_053","TREE_053_790","2016-09-26","2016-05-31","2016-09-19","2016-09-20T20:30Z","2016-09-26T20:00Z","NEON.LTR.TREE053790.20160919","NEON.LTR.TREE053790.20160919.SDS","NEON.DOC.001710vE","Seeds",1.27,"N",NA,"Pd5j4AVdzcPF8RQ6ax8zRncRZcCp3EHYE5i1sRn6Vb8="
"db1c3a89-47ae-461a-b536-ab042f959caf","TREE_053.basePlot.ltr","D05","TREE","TREE_053","TREE_053_790","2016-09-26","2016-05-31","2016-09-19","2016-09-20T20:30Z","2016-09-26T20:00Z","NEON.LTR.TREE053790.20160919","NEON.LTR.TREE053790.20160919.LVS","NEON.DOC.001710vE","Leaves",4.26,"N",NA,"Pd5j4AVdzcPF8RQ6ax8zRncRZcCp3EHYE5i1sRn6Vb8="
"fae52c9c-9b81-454a-ab5b-dfbe236fdc37","TREE_039.basePlot.ltr","D05","TREE","TREE_039","TREE_039_891","2016-09-26","2016-05-31","2016-09-19","2016-09-20T20:30Z","2016-09-26T20:00Z","NEON.LTR.TREE039891.20160919","NEON.LTR.TREE039891.20160919.NDL","NEON.DOC.001710vE","Needles",12.85,"N",NA,"Pd5j4AVdzcPF8RQ6ax8zRncRZcCp3EHYE5i1sRn6Vb8="
"9ad03c98-7458-4e98-bdb0-38ce579ef3e7","TREE_039.basePlot.ltr","D05","TREE","TREE_039","TREE_039_891","2016-09-26","2016-05-31","2016-09-19","2016-09-20T20:30Z","2016-09-26T20:00Z","NEON.LTR.TREE039891.20160919","NEON.LTR.TREE039891.20160919.TWI","NEON.DOC.001710vE","Twigs/branches",1.15,"N",NA,"Pd5j4AVdzcPF8RQ6ax8zRncRZcCp3EHYE5i1sRn6Vb8="
"b4fdb869-b2c0-40b1-b1e0-8989af349a75","TREE_025.basePlot.ltr","D05","TREE","TREE_025","TREE_025_043","2016-09-26","2016-05-31","2016-09-19","2016-09-20T20:30Z","2016-09-26T20:00Z","NEON.LTR.TREE025043.20160919","NEON.LTR.TREE025043.20160919.SDS","NEON.DOC.001710vE","Seeds",0.4,"N",NA,"Pd5j4AVdzcPF8RQ6ax8zRncRZcCp3EHYE5i1sRn6Vb8="
"80f4e2b5-4e81-40cd-a1a9-34f95490e842","TREE_025.basePlot.ltr","D05","TREE","TREE_025","TREE_025_043","2016-09-26","2016-05-31","2016-09-19","2016-09-20T20:30Z","2016-09-26T20:00Z","NEON.LTR.TREE025043.20160919","NEON.LTR.TREE025043.20160919.OTH","NEON.DOC.001710vE","Other",19.85,"N",NA,"Pd5j4AVdzcPF8RQ6ax8zRncRZcCp3EHYE5i1sRn6Vb8="
"253733f3-cec6-4d07-a98b-50128cc537dc","TREE_039.basePlot.ltr","D05","TREE","TREE_039","TREE_039_891","2016-09-26","2016-05-31","2016-09-19","2016-09-20T20:30Z","2016-09-26T20:00Z","NEON.LTR.TREE039891.20160919","NEON.LTR.TREE039891.20160919.WDY","NEON.DOC.001710vE","Woody material",3.64,"N",NA,"Pd5j4AVdzcPF8RQ6ax8zRncRZcCp3EHYE5i1sRn6Vb8="
"17c00682-6565-4003-8e0c-e22a9feca3d2","TREE_025.basePlot.ltr","D05","TREE","TREE_025","TREE_025_043","2016-09-26","2016-05-31","2016-09-19","2016-09-20T20:30Z","2016-09-26T20:00Z","NEON.LTR.TREE025043.20160919","NEON.LTR.TREE025043.20160919.WDY","NEON.DOC.001710vE","Woody material",2.13,"N",NA,"Pd5j4AVdzcPF8RQ6ax8zRncRZcCp3EHYE5i1sRn6Vb8="
"a43149af-0216-423a-91a5-f56b76ca025b","TREE_025.basePlot.ltr","D05","TREE","TREE_025","TREE_025_043","2016-09-26","2016-05-31","2016-09-19","2016-09-20T20:30Z","2016-09-26T20:00Z","NEON.LTR.TREE025043.20160919","NEON.LTR.TREE025043.20160919.NDL","NEON.DOC.001710vE","Needles",3.15,"N",NA,"Pd5j4AVdzcPF8RQ6ax8zRncRZcCp3EHYE5i1sRn6Vb8="
"834fc060-7020-4d6b-b6d0-aa5ad9d963fd","TREE_025.basePlot.ltr","D05","TREE","TREE_025","TREE_025_043","2016-09-26","2016-05-31","2016-09-19","2016-09-20T20:30Z","2016-09-26T20:00Z","NEON.LTR.TREE025043.20160919","NEON.LTR.TREE025043.20160919.FLR","NEON.DOC.001710vE","Flowers",0.04,"N",NA,"Pd5j4AVdzcPF8RQ6ax8zRncRZcCp3EHYE5i1sRn6Vb8="
"3bd0d92b-ee99-4c5c-9e74-15183e2aebc2","TREE_025.basePlot.ltr","D05","TREE","TREE_025","TREE_025_043","2016-09-26","2016-05-31","2016-09-19","2016-09-20T20:30Z","2016-09-26T20:00Z","NEON.LTR.TREE025043.20160919","NEON.LTR.TREE025043.20160919.LVS","NEON.DOC.001710vE","Leaves",12.56,"N",NA,"Pd5j4AVdzcPF8RQ6ax8zRncRZcCp3EHYE5i1sRn6Vb8="
"cad6a98d-2078-4a0a-877f-982a3e4ecec7","TREE_025.basePlot.ltr","D05","TREE","TREE_025","TREE_025_043","2016-09-26","2016-05-31","2016-09-19","2016-09-20T20:30Z","2016-09-26T20:00Z","NEON.LTR.TREE025043.20160919","NEON.LTR.TREE025043.20160919.TWI","NEON.DOC.001710vE","Twigs/branches",2.82,"N",NA,"Pd5j4AVdzcPF8RQ6ax8zRncRZcCp3EHYE5i1sRn6Vb8="
"a00ce11d-4806-4348-bdbc-279385c7449f","TREE_039.basePlot.ltr","D05","TREE","TREE_039","TREE_039_379","2016-09-26","2016-05-31","2016-09-19","2016-09-20T20:30Z","2016-09-26T20:00Z","NEON.LTR.TREE039379.20160919","NEON.LTR.TREE039379.20160919.TWI","NEON.DOC.001710vE","Twigs/branches",1.64,"N",NA,"Pd5j4AVdzcPF8RQ6ax8zRncRZcCp3EHYE5i1sRn6Vb8="
"4db7e246-ee4f-48c9-ace4-dc76d7f66e1a","TREE_039.basePlot.ltr","D05","TREE","TREE_039","TREE_039_379","2016-09-26","2016-05-31","2016-09-19","2016-09-20T20:30Z","2016-09-26T20:00Z","NEON.LTR.TREE039379.20160919","NEON.LTR.TREE039379.20160919.OTH","NEON.DOC.001710vE","Other",1.52,"N",NA,"Pd5j4AVdzcPF8RQ6ax8zRncRZcCp3EHYE5i1sRn6Vb8="
"f6869281-c37a-4913-81df-6c7f0a6aec62","TREE_039.basePlot.ltr","D05","TREE","TREE_039","TREE_039_379","2016-09-26","2016-05-31","2016-09-19","2016-09-20T20:30Z","2016-09-26T20:00Z","NEON.LTR.TREE039379.20160919","NEON.LTR.TREE039379.20160919.WDY","NEON.DOC.001710vE","Woody material",2.02,"N",NA,"Pd5j4AVdzcPF8RQ6ax8zRncRZcCp3EHYE5i1sRn6Vb8="
"1873ebc5-ae2b-4be3-82ee-2be07ea72837","TREE_039.basePlot.ltr","D05","TREE","TREE_039","TREE_039_891","2016-09-26","2016-05-31","2016-09-19","2016-09-20T20:30Z","2016-09-26T20:00Z","NEON.LTR.TREE039891.20160919","NEON.LTR.TREE039891.20160919.FLR","NEON.DOC.001710vE","Flowers",0.71,"N",NA,"Pd5j4AVdzcPF8RQ6ax8zRncRZcCp3EHYE5i1sRn6Vb8="
"de123f36-c156-427e-aade-dd4273e33d43","TREE_039.basePlot.ltr","D05","TREE","TREE_039","TREE_039_891","2016-09-26","2016-05-31","2016-09-19","2016-09-20T20:30Z","2016-09-26T20:00Z","NEON.LTR.TREE039891.20160919","NEON.LTR.TREE039891.20160919.LVS","NEON.DOC.001710vE","Leaves",2.44,"N",NA,"Pd5j4AVdzcPF8RQ6ax8zRncRZcCp3EHYE5i1sRn6Vb8="
"9b2cb051-7453-4077-80a2-4518a4172625","TREE_039.basePlot.ltr","D05","TREE","TREE_039","TREE_039_379","2016-09-26","2016-05-31","2016-09-19","2016-09-20T20:30Z","2016-09-26T20:00Z","NEON.LTR.TREE039379.20160919","NEON.LTR.TREE039379.20160919.NDL","NEON.DOC.001710vE","Needles",0.06,"N",NA,"Pd5j4AVdzcPF8RQ6ax8zRncRZcCp3EHYE5i1sRn6Vb8="
"9391ea4c-fab1-4a99-bb5f-9cd808a912ca","TREE_039.basePlot.ltr","D05","TREE","TREE_039","TREE_039_891","2016-09-26","2016-05-31","2016-09-19","2016-09-20T20:30Z","2016-09-26T20:00Z","NEON.LTR.TREE039891.20160919","NEON.LTR.TREE039891.20160919.SDS","NEON.DOC.001710vE","Seeds",5.25,"N",NA,"Pd5j4AVdzcPF8RQ6ax8zRncRZcCp3EHYE5i1sRn6Vb8="
"6a98f07c-7e67-4dab-b7f4-990e9e58e022","TREE_039.basePlot.ltr","D05","TREE","TREE_039","TREE_039_891","2016-09-26","2016-05-31","2016-09-19","2016-09-20T20:30Z","2016-09-26T20:00Z","NEON.LTR.TREE039891.20160919","NEON.LTR.TREE039891.20160919.OTH","NEON.DOC.001710vE","Other",0.08,"N",NA,"Pd5j4AVdzcPF8RQ6ax8zRncRZcCp3EHYE5i1sRn6Vb8="
"4b4a101e-7f67-440d-b0c7-247b1bbfc8a1","TREE_039.basePlot.ltr","D05","TREE","TREE_039","TREE_039_379","2016-09-26","2016-05-31","2016-09-19","2016-09-20T20:30Z","2016-09-26T20:00Z","NEON.LTR.TREE039379.20160919","NEON.LTR.TREE039379.20160919.FLR","NEON.DOC.001710vE","Flowers",2,"N",NA,"Pd5j4AVdzcPF8RQ6ax8zRncRZcCp3EHYE5i1sRn6Vb8="
"b1b223d3-bfd0-4d21-acb2-d3225b63e629","TREE_039.basePlot.ltr","D05","TREE","TREE_039","TREE_039_379","2016-09-26","2016-05-31","2016-09-19","2016-09-20T20:30Z","2016-09-26T20:00Z","NEON.LTR.TREE039379.20160919","NEON.LTR.TREE039379.20160919.SDS","NEON.DOC.001710vE","Seeds",6.02,"N",NA,"Pd5j4AVdzcPF8RQ6ax8zRncRZcCp3EHYE5i1sRn6Vb8="
"b5862a83-7e21-4e60-9e88-65a338a6aae1","TREE_039.basePlot.ltr","D05","TREE","TREE_039","TREE_039_379","2016-09-26","2016-05-31","2016-09-19","2016-09-20T20:30Z","2016-09-26T20:00Z","NEON.LTR.TREE039379.20160919","NEON.LTR.TREE039379.20160919.LVS","NEON.DOC.001710vE","Leaves",1.92,"N",NA,"Pd5j4AVdzcPF8RQ6ax8zRncRZcCp3EHYE5i1sRn6Vb8="
"a8e340f7-dbfb-4e1a-9a75-1b99a865421e","TREE_040.basePlot.ltr","D05","TREE","TREE_040","TREE_040_914","2016-09-26","2016-05-31","2016-09-19","2016-09-20T20:30Z","2016-09-26T20:00Z","NEON.LTR.TREE040914.20160919","NEON.LTR.TREE040914.20160919.SDS","NEON.DOC.001710vE","Seeds",0.35,"N",NA,"Pd5j4AVdzcPF8RQ6ax8zRncRZcCp3EHYE5i1sRn6Vb8="
"63cc5df7-c2ab-4a4b-933c-b0959d9658ea","TREE_040.basePlot.ltr","D05","TREE","TREE_040","TREE_040_914","2016-09-26","2016-05-31","2016-09-19","2016-09-20T20:30Z","2016-09-26T20:00Z","NEON.LTR.TREE040914.20160919","NEON.LTR.TREE040914.20160919.NDL","NEON.DOC.001710vE","Needles",3.06,"N",NA,"Pd5j4AVdzcPF8RQ6ax8zRncRZcCp3EHYE5i1sRn6Vb8="
"3a4d41de-9341-4d4c-ad04-d0a5d20cd3c8","TREE_040.basePlot.ltr","D05","TREE","TREE_040","TREE_040_914","2016-09-26","2016-05-31","2016-09-19","2016-09-20T20:30Z","2016-09-26T20:00Z","NEON.LTR.TREE040914.20160919","NEON.LTR.TREE040914.20160919.LVS","NEON.DOC.001710vE","Leaves",47.53,"N",NA,"Pd5j4AVdzcPF8RQ6ax8zRncRZcCp3EHYE5i1sRn6Vb8="
"909e26e3-9194-4559-a74c-cd75f6111cb1","TREE_040.basePlot.ltr","D05","TREE","TREE_040","TREE_040_914","2016-09-26","2016-05-31","2016-09-19","2016-09-20T20:30Z","2016-09-26T20:00Z","NEON.LTR.TREE040914.20160919","NEON.LTR.TREE040914.20160919.WDY","NEON.DOC.001710vE","Woody material",0,"N",NA,"Pd5j4AVdzcPF8RQ6ax8zRncRZcCp3EHYE5i1sRn6Vb8="
"700c5f1b-db41-472a-a247-29da2227f6cf","TREE_040.basePlot.ltr","D05","TREE","TREE_040","TREE_040_914","2016-09-26","2016-05-31","2016-09-19","2016-09-20T20:30Z","2016-09-26T20:00Z","NEON.LTR.TREE040914.20160919","NEON.LTR.TREE040914.20160919.OTH","NEON.DOC.001710vE","Other",0,"N",NA,"Pd5j4AVdzcPF8RQ6ax8zRncRZcCp3EHYE5i1sRn6Vb8="
"89fbedb9-4063-44e7-93f8-3a23c32d8c25","TREE_040.basePlot.ltr","D05","TREE","TREE_040","TREE_040_914","2016-09-26","2016-05-31","2016-09-19","2016-09-20T20:30Z","2016-09-26T20:00Z","NEON.LTR.TREE040914.20160919","NEON.LTR.TREE040914.20160919.FLR","NEON.DOC.001710vE","Flowers",0.05,"N",NA,"Pd5j4AVdzcPF8RQ6ax8zRncRZcCp3EHYE5i1sRn6Vb8="
"a2ddf9c5-f354-4064-b499-b81d8d2fcbda","TREE_040.basePlot.ltr","D05","TREE","TREE_040","TREE_040_914","2016-09-26","2016-05-31","2016-09-19","2016-09-20T20:30Z","2016-09-26T20:00Z","NEON.LTR.TREE040914.20160919","NEON.LTR.TREE040914.20160919.TWI","NEON.DOC.001710vE","Twigs/branches",1.11,"N",NA,"Pd5j4AVdzcPF8RQ6ax8zRncRZcCp3EHYE5i1sRn6Vb8="
"abaa017b-bd63-4d65-bfd5-505b8bfe7f68","TREE_047.basePlot.ltr","D05","TREE","TREE_047","TREE_047_523","2016-09-26","2016-05-31","2016-09-19","2016-09-20T20:30Z","2016-09-26T18:30Z","NEON.LTR.TREE047523.20160919","NEON.LTR.TREE047523.20160919.TWI","NEON.DOC.001710vE","Twigs/branches",0.76,"N",NA,"B/1XguR/VImkpiciTImn0yyrFfzGHeqw"
"72bd0ab7-f60f-44d0-84f1-6d9bd9b2f343","TREE_047.basePlot.ltr","D05","TREE","TREE_047","TREE_047_523","2016-09-26","2016-05-31","2016-09-19","2016-09-20T20:30Z","2016-09-26T18:30Z","NEON.LTR.TREE047523.20160919","NEON.LTR.TREE047523.20160919.NDL","NEON.DOC.001710vE","Needles",0.56,"N",NA,"B/1XguR/VImkpiciTImn0yyrFfzGHeqw"
"ee7f92b3-d5e9-42a8-932e-35d0c82539de","TREE_047.basePlot.ltr","D05","TREE","TREE_047","TREE_047_523","2016-09-26","2016-05-31","2016-09-19","2016-09-20T20:30Z","2016-09-26T18:30Z","NEON.LTR.TREE047523.20160919","NEON.LTR.TREE047523.20160919.WDY","NEON.DOC.001710vE","Woody material",2.8,"N",NA,"B/1XguR/VImkpiciTImn0yyrFfzGHeqw"
"74059d14-366b-4965-a4bc-abd65e0af293","TREE_047.basePlot.ltr","D05","TREE","TREE_047","TREE_047_523","2016-09-26","2016-05-31","2016-09-19","2016-09-20T20:30Z","2016-09-26T18:30Z","NEON.LTR.TREE047523.20160919","NEON.LTR.TREE047523.20160919.SDS","NEON.DOC.001710vE","Seeds",0.45,"N",NA,"B/1XguR/VImkpiciTImn0yyrFfzGHeqw"
"00bc352d-fe28-49f7-b2b9-d0986bc295ce","TREE_047.basePlot.ltr","D05","TREE","TREE_047","TREE_047_523","2016-09-26","2016-05-31","2016-09-19","2016-09-20T20:30Z","2016-09-26T18:30Z","NEON.LTR.TREE047523.20160919","NEON.LTR.TREE047523.20160919.OTH","NEON.DOC.001710vE","Other",1.65,"N",NA,"B/1XguR/VImkpiciTImn0yyrFfzGHeqw"
"cd84f090-803e-48a8-8b35-7ca4493a1a84","TREE_047.basePlot.ltr","D05","TREE","TREE_047","TREE_047_523","2016-09-26","2016-05-31","2016-09-19","2016-09-20T20:30Z","2017-01-04T19:16Z","NEON.LTR.TREE047523.20160919","NEON.LTR.TREE047523.20160919.FLR","NEON.DOC.001710vE","Flowers",0.28,"N",NA,"B/1XguR/VImkpiciTImn0yyrFfzGHeqw"
"4aa99f65-c80d-4d6a-9f95-1eca39e26b31","TREE_047.basePlot.ltr","D05","TREE","TREE_047","TREE_047_523","2016-09-26","2016-05-31","2016-09-19","2016-09-20T20:30Z","2016-09-26T18:30Z","NEON.LTR.TREE047523.20160919","NEON.LTR.TREE047523.20160919.LVS","NEON.DOC.001710vE","Leaves",4,"N",NA,"B/1XguR/VImkpiciTImn0yyrFfzGHeqw"
"2fe00f21-5359-416e-a790-5be5534b6d38","TREE_047.basePlot.ltr","D05","TREE","TREE_047","TREE_047_523","2016-09-26","2016-05-31","2016-09-19","2016-09-20T20:30Z","2016-09-26T18:30Z","NEON.LTR.TREE047523.20160919","NEON.LTR.TREE047523.20160919.TWI","NEON.DOC.001710vE","Twigs/branches",0.75,"Y",NA,"B/1XguR/VImkpiciTImn0yyrFfzGHeqw"
"b96ee46b-68d5-4f12-ad91-56d8d7595b4b","TREE_041.basePlot.ltr","D05","TREE","TREE_041","TREE_041_797","2016-09-26","2016-05-31","2016-09-19","2016-09-20T20:30Z","2016-09-26T20:00Z","NEON.LTR.TREE041797.20160919","NEON.LTR.TREE041797.20160919.WDY","NEON.DOC.001710vE","Woody material",0.01,"N",NA,"Pd5j4AVdzcPF8RQ6ax8zRncRZcCp3EHYE5i1sRn6Vb8="
"25a138e2-bf52-4573-84e2-8206dda8954a","TREE_041.basePlot.ltr","D05","TREE","TREE_041","TREE_041_106","2016-09-26","2016-05-31","2016-09-19","2016-09-20T20:30Z","2016-09-26T18:30Z","NEON.LTR.TREE041106.20160919","NEON.LTR.TREE041106.20160919.LVS","NEON.DOC.001710vE","Leaves",4.84,"N",NA,"B/1XguR/VImkpiciTImn0yyrFfzGHeqw"
"fcac82de-d0e7-44b0-8ebc-857ebcd7a25e","TREE_041.basePlot.ltr","D05","TREE","TREE_041","TREE_041_797","2016-09-26","2016-05-31","2016-09-19","2016-09-20T20:30Z","2016-09-26T20:00Z","NEON.LTR.TREE041797.20160919","NEON.LTR.TREE041797.20160919.TWI","NEON.DOC.001710vE","Twigs/branches",0.94,"N",NA,"Pd5j4AVdzcPF8RQ6ax8zRncRZcCp3EHYE5i1sRn6Vb8="
"e6738185-9350-415c-b75f-38dd100a4a50","TREE_041.basePlot.ltr","D05","TREE","TREE_041","TREE_041_797","2016-09-26","2016-05-31","2016-09-19","2016-09-20T20:30Z","2016-09-26T20:00Z","NEON.LTR.TREE041797.20160919","NEON.LTR.TREE041797.20160919.LVS","NEON.DOC.001710vE","Leaves",4.33,"N",NA,"Pd5j4AVdzcPF8RQ6ax8zRncRZcCp3EHYE5i1sRn6Vb8="
"cb17d492-0f25-4d8c-b87d-871e322d9c46","TREE_041.basePlot.ltr","D05","TREE","TREE_041","TREE_041_797","2016-09-26","2016-05-31","2016-09-19","2016-09-20T20:30Z","2016-09-26T20:00Z","NEON.LTR.TREE041797.20160919","NEON.LTR.TREE041797.20160919.OTH","NEON.DOC.001710vE","Other",0.4,"N",NA,"Pd5j4AVdzcPF8RQ6ax8zRncRZcCp3EHYE5i1sRn6Vb8="
"302d737f-1209-4240-aeb0-62df29f20d51","TREE_041.basePlot.ltr","D05","TREE","TREE_041","TREE_041_797","2016-09-26","2016-05-31","2016-09-19","2016-09-20T20:30Z","2016-09-26T20:00Z","NEON.LTR.TREE041797.20160919","NEON.LTR.TREE041797.20160919.SDS","NEON.DOC.001710vE","Seeds",3.15,"N",NA,"Pd5j4AVdzcPF8RQ6ax8zRncRZcCp3EHYE5i1sRn6Vb8="
"5eab7eeb-9c8d-4dd2-a13c-03ee31612fea","TREE_041.basePlot.ltr","D05","TREE","TREE_041","TREE_041_797","2016-09-26","2016-05-31","2016-09-19","2016-09-20T20:30Z","2016-09-26T20:00Z","NEON.LTR.TREE041797.20160919","NEON.LTR.TREE041797.20160919.FLR","NEON.DOC.001710vE","Flowers",0.86,"N",NA,"Pd5j4AVdzcPF8RQ6ax8zRncRZcCp3EHYE5i1sRn6Vb8="
"4dd89441-8478-4701-9473-2d4295538324","TREE_041.basePlot.ltr","D05","TREE","TREE_041","TREE_041_106","2016-09-26","2016-05-31","2016-09-19","2016-09-20T20:30Z","2016-09-26T18:30Z","NEON.LTR.TREE041106.20160919","NEON.LTR.TREE041106.20160919.WDY","NEON.DOC.001710vE","Woody material",0,"N",NA,"B/1XguR/VImkpiciTImn0yyrFfzGHeqw"
"983857a7-e4fa-42d5-a460-9311debe4098","TREE_041.basePlot.ltr","D05","TREE","TREE_041","TREE_041_106","2016-09-26","2016-05-31","2016-09-19","2016-09-20T20:30Z","2016-09-26T18:30Z","NEON.LTR.TREE041106.20160919","NEON.LTR.TREE041106.20160919.SDS","NEON.DOC.001710vE","Seeds",1.54,"N",NA,"B/1XguR/VImkpiciTImn0yyrFfzGHeqw"
"c9892df0-3521-4b24-8b7d-6b7cee3b0978","TREE_041.basePlot.ltr","D05","TREE","TREE_041","TREE_041_106","2016-09-26","2016-05-31","2016-09-19","2016-09-20T20:30Z","2016-09-26T18:30Z","NEON.LTR.TREE041106.20160919","NEON.LTR.TREE041106.20160919.NDL","NEON.DOC.001710vE","Needles",0,"N",NA,"B/1XguR/VImkpiciTImn0yyrFfzGHeqw"
"d1b27fa3-d17c-40d0-89fe-2f59aedb2f53","TREE_041.basePlot.ltr","D05","TREE","TREE_041","TREE_041_106","2016-09-26","2016-05-31","2016-09-19","2016-09-20T20:30Z","2016-09-26T18:30Z","NEON.LTR.TREE041106.20160919","NEON.LTR.TREE041106.20160919.OTH","NEON.DOC.001710vE","Other",1.01,"N",NA,"B/1XguR/VImkpiciTImn0yyrFfzGHeqw"
"884af2e7-d0a5-4947-ac88-395524c8ecc8","TREE_041.basePlot.ltr","D05","TREE","TREE_041","TREE_041_106","2016-09-26","2016-05-31","2016-09-19","2016-09-20T20:30Z","2016-09-26T18:30Z","NEON.LTR.TREE041106.20160919","NEON.LTR.TREE041106.20160919.FLR","NEON.DOC.001710vE","Flowers",0.71,"N",NA,"B/1XguR/VImkpiciTImn0yyrFfzGHeqw"
"572e3d4c-9d3d-4f2b-b113-2df223b19b4e","TREE_041.basePlot.ltr","D05","TREE","TREE_041","TREE_041_106","2016-09-26","2016-05-31","2016-09-19","2016-09-20T20:30Z","2016-09-26T18:30Z","NEON.LTR.TREE041106.20160919","NEON.LTR.TREE041106.20160919.TWI","NEON.DOC.001710vE","Twigs/branches",0.93,"N",NA,"B/1XguR/VImkpiciTImn0yyrFfzGHeqw"
"f0491a32-0ff4-4e4e-8e43-3deaa044fc64","TREE_041.basePlot.ltr","D05","TREE","TREE_041","TREE_041_797","2016-09-26","2016-05-31","2016-09-19","2016-09-20T20:30Z","2016-09-26T20:00Z","NEON.LTR.TREE041797.20160919","NEON.LTR.TREE041797.20160919.NDL","NEON.DOC.001710vE","Needles",0,"N",NA,"Pd5j4AVdzcPF8RQ6ax8zRncRZcCp3EHYE5i1sRn6Vb8="
"d94cd35c-764c-48ae-9f6d-6d3cbb02c003","TREE_042.basePlot.ltr","D05","TREE","TREE_042","TREE_042_891","2016-09-26","2016-05-31","2016-09-19","2016-09-20T20:30Z","2016-09-26T20:00Z","NEON.LTR.TREE042891.20160919","NEON.LTR.TREE042891.20160919.WDY","NEON.DOC.001710vE","Woody material",0.07,"N",NA,"Pd5j4AVdzcPF8RQ6ax8zRncRZcCp3EHYE5i1sRn6Vb8="
"dca45c73-3639-4131-9e93-23cec8a5f898","TREE_042.basePlot.ltr","D05","TREE","TREE_042","TREE_042_891","2016-09-26","2016-05-31","2016-09-19","2016-09-20T20:30Z","2016-09-26T20:00Z","NEON.LTR.TREE042891.20160919","NEON.LTR.TREE042891.20160919.TWI","NEON.DOC.001710vE","Twigs/branches",0.86,"N",NA,"Pd5j4AVdzcPF8RQ6ax8zRncRZcCp3EHYE5i1sRn6Vb8="
"3e390b43-2a02-4a07-ae31-15a36fbf09b7","TREE_042.basePlot.ltr","D05","TREE","TREE_042","TREE_042_891","2016-09-26","2016-05-31","2016-09-19","2016-09-20T20:30Z","2016-09-26T20:00Z","NEON.LTR.TREE042891.20160919","NEON.LTR.TREE042891.20160919.OTH","NEON.DOC.001710vE","Other",5.25,"N",NA,"Pd5j4AVdzcPF8RQ6ax8zRncRZcCp3EHYE5i1sRn6Vb8="
"bd57bc62-38d8-456d-bfe1-541542e8da12","TREE_042.basePlot.ltr","D05","TREE","TREE_042","TREE_042_891","2016-09-26","2016-05-31","2016-09-19","2016-09-20T20:30Z","2016-09-26T20:00Z","NEON.LTR.TREE042891.20160919","NEON.LTR.TREE042891.20160919.FLR","NEON.DOC.001710vE","Flowers",0.22,"N",NA,"Pd5j4AVdzcPF8RQ6ax8zRncRZcCp3EHYE5i1sRn6Vb8="
"77a02571-94ce-4a27-9b3c-c5c83e85b6ec","TREE_042.basePlot.ltr","D05","TREE","TREE_042","TREE_042_891","2016-09-26","2016-05-31","2016-09-19","2016-09-20T20:30Z","2016-09-26T20:00Z","NEON.LTR.TREE042891.20160919","NEON.LTR.TREE042891.20160919.LVS","NEON.DOC.001710vE","Leaves",6.42,"Y",NA,"Pd5j4AVdzcPF8RQ6ax8zRncRZcCp3EHYE5i1sRn6Vb8="
"43725f50-1575-420e-9e7d-9726a5aaf55c","TREE_042.basePlot.ltr","D05","TREE","TREE_042","TREE_042_891","2016-09-26","2016-05-31","2016-09-19","2016-09-20T20:30Z","2016-09-26T20:00Z","NEON.LTR.TREE042891.20160919","NEON.LTR.TREE042891.20160919.SDS","NEON.DOC.001710vE","Seeds",3.92,"N",NA,"Pd5j4AVdzcPF8RQ6ax8zRncRZcCp3EHYE5i1sRn6Vb8="
"4ef413a8-87bf-482c-8716-b0437fa283df","TREE_042.basePlot.ltr","D05","TREE","TREE_042","TREE_042_891","2016-09-26","2016-05-31","2016-09-19","2016-09-20T20:30Z","2016-09-26T20:00Z","NEON.LTR.TREE042891.20160919","NEON.LTR.TREE042891.20160919.NDL","NEON.DOC.001710vE","Needles",0.005,"N",NA,"Pd5j4AVdzcPF8RQ6ax8zRncRZcCp3EHYE5i1sRn6Vb8="
"4c3723fd-99f9-4283-9b18-ed272b99c4a0","TREE_057.basePlot.ltr","D05","TREE","TREE_057","TREE_057_577","2016-09-26","2016-05-31","2016-09-19","2016-09-20T20:30Z","2016-09-26T20:00Z","NEON.LTR.TREE057577.20160919","NEON.LTR.TREE057577.20160919.OTH","NEON.DOC.001710vE","Other",0,"N",NA,"Pd5j4AVdzcPF8RQ6ax8zRncRZcCp3EHYE5i1sRn6Vb8="
"5eb04b1c-ca65-4438-8577-e16d6e84a2ab","TREE_057.basePlot.ltr","D05","TREE","TREE_057","TREE_057_577","2016-09-26","2016-05-31","2016-09-19","2016-09-20T20:30Z","2016-09-26T20:00Z","NEON.LTR.TREE057577.20160919","NEON.LTR.TREE057577.20160919.FLR","NEON.DOC.001710vE","Flowers",12.01,"N",NA,"Pd5j4AVdzcPF8RQ6ax8zRncRZcCp3EHYE5i1sRn6Vb8="
"1bbf7c41-5671-4be9-994c-5c592b66a8f6","TREE_057.basePlot.ltr","D05","TREE","TREE_057","TREE_057_577","2016-09-26","2016-05-31","2016-09-19","2016-09-20T20:30Z","2016-09-26T20:00Z","NEON.LTR.TREE057577.20160919","NEON.LTR.TREE057577.20160919.NDL","NEON.DOC.001710vE","Needles",2.95,"N",NA,"Pd5j4AVdzcPF8RQ6ax8zRncRZcCp3EHYE5i1sRn6Vb8="
"de1845ea-bdd4-4c56-9f50-a849f6edeef1","TREE_057.basePlot.ltr","D05","TREE","TREE_057","TREE_057_577","2016-09-26","2016-05-31","2016-09-19","2016-09-20T20:30Z","2016-09-26T20:00Z","NEON.LTR.TREE057577.20160919","NEON.LTR.TREE057577.20160919.SDS","NEON.DOC.001710vE","Seeds",1.42,"N",NA,"Pd5j4AVdzcPF8RQ6ax8zRncRZcCp3EHYE5i1sRn6Vb8="
"59e54696-cf5a-4271-809c-de3d6e39dd39","TREE_057.basePlot.ltr","D05","TREE","TREE_057","TREE_057_577","2016-09-26","2016-05-31","2016-09-19","2016-09-20T20:30Z","2016-09-26T20:00Z","NEON.LTR.TREE057577.20160919","NEON.LTR.TREE057577.20160919.TWI","NEON.DOC.001710vE","Twigs/branches",2.36,"Y",NA,"Pd5j4AVdzcPF8RQ6ax8zRncRZcCp3EHYE5i1sRn6Vb8="
"4861f0b5-1893-4c7f-b923-726849ea2093","TREE_057.basePlot.ltr","D05","TREE","TREE_057","TREE_057_577","2016-09-26","2016-05-31","2016-09-19","2016-09-20T20:30Z","2016-09-26T20:00Z","NEON.LTR.TREE057577.20160919","NEON.LTR.TREE057577.20160919.LVS","NEON.DOC.001710vE","Leaves",5.63,"N",NA,"Pd5j4AVdzcPF8RQ6ax8zRncRZcCp3EHYE5i1sRn6Vb8="
"ca2b5264-678f-4945-b63d-ad510f5e3abf","TREE_057.basePlot.ltr","D05","TREE","TREE_057","TREE_057_577","2016-09-26","2016-05-31","2016-09-19","2016-09-20T20:30Z","2016-09-26T20:00Z","NEON.LTR.TREE057577.20160919","NEON.LTR.TREE057577.20160919.WDY","NEON.DOC.001710vE","Woody material",0.92,"N",NA,"Pd5j4AVdzcPF8RQ6ax8zRncRZcCp3EHYE5i1sRn6Vb8="
"d3f60f04-49cd-42a3-b992-7def94f848d2","TREE_045.basePlot.ltr","D05","TREE","TREE_045","TREE_045_349","2016-09-26","2016-05-31","2016-09-19","2016-09-20T20:30Z","2016-09-26T20:00Z","NEON.LTR.TREE045349.20160919","NEON.LTR.TREE045349.20160919.WDY","NEON.DOC.001710vE","Woody material",0.005,"N",NA,"Pd5j4AVdzcPF8RQ6ax8zRncRZcCp3EHYE5i1sRn6Vb8="
"0eb7e76a-cf92-47d9-adfe-8ac764e728b4","TREE_045.basePlot.ltr","D05","TREE","TREE_045","TREE_045_349","2016-09-26","2016-05-31","2016-09-19","2016-09-20T20:30Z","2016-09-26T20:00Z","NEON.LTR.TREE045349.20160919","NEON.LTR.TREE045349.20160919.OTH","NEON.DOC.001710vE","Other",0.38,"N",NA,"Pd5j4AVdzcPF8RQ6ax8zRncRZcCp3EHYE5i1sRn6Vb8="
"9b8798fb-805a-400f-94fb-06c4d4757298","TREE_045.basePlot.ltr","D05","TREE","TREE_045","TREE_045_349","2016-09-26","2016-05-31","2016-09-19","2016-09-20T20:30Z","2016-09-26T20:00Z","NEON.LTR.TREE045349.20160919","NEON.LTR.TREE045349.20160919.FLR","NEON.DOC.001710vE","Flowers",0.54,"N",NA,"Pd5j4AVdzcPF8RQ6ax8zRncRZcCp3EHYE5i1sRn6Vb8="
"2754708f-29ac-4b50-8e9e-a657c8b536e0","TREE_045.basePlot.ltr","D05","TREE","TREE_045","TREE_045_349","2016-09-26","2016-05-31","2016-09-19","2016-09-20T20:30Z","2016-09-26T20:00Z","NEON.LTR.TREE045349.20160919","NEON.LTR.TREE045349.20160919.NDL","NEON.DOC.001710vE","Needles",0.22,"N",NA,"Pd5j4AVdzcPF8RQ6ax8zRncRZcCp3EHYE5i1sRn6Vb8="
"4f0a0add-4487-4349-827b-6fc4252fed40","TREE_045.basePlot.ltr","D05","TREE","TREE_045","TREE_045_349","2016-09-26","2016-05-31","2016-09-19","2016-09-20T20:30Z","2016-09-26T20:00Z","NEON.LTR.TREE045349.20160919","NEON.LTR.TREE045349.20160919.SDS","NEON.DOC.001710vE","Seeds",1.12,"N",NA,"Pd5j4AVdzcPF8RQ6ax8zRncRZcCp3EHYE5i1sRn6Vb8="
"c895693a-8397-4f79-8bd9-6fc044022786","TREE_045.basePlot.ltr","D05","TREE","TREE_045","TREE_045_349","2016-09-26","2016-05-31","2016-09-19","2016-09-20T20:30Z","2016-09-26T20:00Z","NEON.LTR.TREE045349.20160919","NEON.LTR.TREE045349.20160919.TWI","NEON.DOC.001710vE","Twigs/branches",1.22,"N",NA,"Pd5j4AVdzcPF8RQ6ax8zRncRZcCp3EHYE5i1sRn6Vb8="
"199fecaf-8729-4761-ab8e-bfe40313af54","TREE_045.basePlot.ltr","D05","TREE","TREE_045","TREE_045_349","2016-09-26","2016-05-31","2016-09-19","2016-09-20T20:30Z","2016-09-26T20:00Z","NEON.LTR.TREE045349.20160919","NEON.LTR.TREE045349.20160919.LVS","NEON.DOC.001710vE","Leaves",9.89,"N",NA,"Pd5j4AVdzcPF8RQ6ax8zRncRZcCp3EHYE5i1sRn6Vb8="
"e2097980-8b7f-4b65-a609-5af69af91337","TREE_046.basePlot.ltr","D05","TREE","TREE_046","TREE_046_268","2016-09-26","2016-05-31","2016-09-19","2016-09-20T20:30Z","2016-09-26T18:30Z","NEON.LTR.TREE046268.20160919","NEON.LTR.TREE046268.20160919.LVS","NEON.DOC.001710vE","Leaves",6.2,"N",NA,"B/1XguR/VImkpiciTImn0yyrFfzGHeqw"
"faefee1e-035a-4682-996e-288fd338f2d5","TREE_046.basePlot.ltr","D05","TREE","TREE_046","TREE_046_268","2016-09-26","2016-05-31","2016-09-19","2016-09-20T20:30Z","2016-09-26T18:30Z","NEON.LTR.TREE046268.20160919","NEON.LTR.TREE046268.20160919.FLR","NEON.DOC.001710vE","Flowers",0.26,"N",NA,"B/1XguR/VImkpiciTImn0yyrFfzGHeqw"
"6a384d19-2ca7-473d-99a2-04802168f019","TREE_046.basePlot.ltr","D05","TREE","TREE_046","TREE_046_268","2016-09-26","2016-05-31","2016-09-19","2016-09-20T20:30Z","2016-09-26T18:30Z","NEON.LTR.TREE046268.20160919","NEON.LTR.TREE046268.20160919.TWI","NEON.DOC.001710vE","Twigs/branches",0.5,"N",NA,"B/1XguR/VImkpiciTImn0yyrFfzGHeqw"
"91f696c2-0c43-4c8e-9084-0cab0c8669ec","TREE_046.basePlot.ltr","D05","TREE","TREE_046","TREE_046_268","2016-09-26","2016-05-31","2016-09-19","2016-09-20T20:30Z","2016-09-26T18:30Z","NEON.LTR.TREE046268.20160919","NEON.LTR.TREE046268.20160919.SDS","NEON.DOC.001710vE","Seeds",0.54,"N",NA,"B/1XguR/VImkpiciTImn0yyrFfzGHeqw"
"8d4cd0af-5578-4778-add7-d27e6b902df1","TREE_046.basePlot.ltr","D05","TREE","TREE_046","TREE_046_268","2016-09-26","2016-05-31","2016-09-19","2016-09-20T20:30Z","2016-09-26T18:30Z","NEON.LTR.TREE046268.20160919","NEON.LTR.TREE046268.20160919.LVS","NEON.DOC.001710vE","Leaves",6.19,"Y",NA,"B/1XguR/VImkpiciTImn0yyrFfzGHeqw"
"450c8773-8d43-4546-84d7-d4aa85aa7332","TREE_046.basePlot.ltr","D05","TREE","TREE_046","TREE_046_268","2016-09-26","2016-05-31","2016-09-19","2016-09-20T20:30Z","2016-09-26T18:30Z","NEON.LTR.TREE046268.20160919","NEON.LTR.TREE046268.20160919.NDL","NEON.DOC.001710vE","Needles",0,"N",NA,"B/1XguR/VImkpiciTImn0yyrFfzGHeqw"
"51e09380-ca34-464b-8927-94db833dee7e","TREE_046.basePlot.ltr","D05","TREE","TREE_046","TREE_046_268","2016-09-26","2016-05-31","2016-09-19","2016-09-20T20:30Z","2016-09-26T18:30Z","NEON.LTR.TREE046268.20160919","NEON.LTR.TREE046268.20160919.OTH","NEON.DOC.001710vE","Other",0.97,"N",NA,"B/1XguR/VImkpiciTImn0yyrFfzGHeqw"
"d7ac5348-7970-4203-8427-7efe9d8853cf","TREE_055.basePlot.ltr","D05","TREE","TREE_055","TREE_055_864","2016-09-26","2016-05-31","2016-09-19","2016-09-20T20:30Z","2016-09-26T20:00Z","NEON.LTR.TREE055864.20160919","NEON.LTR.TREE055864.20160919.OTH","NEON.DOC.001710vE","Other",0.83,"N",NA,"Pd5j4AVdzcPF8RQ6ax8zRncRZcCp3EHYE5i1sRn6Vb8="
"7ed95f2d-e32b-4b26-91e1-cbf1f6d31bc7","TREE_055.basePlot.ltr","D05","TREE","TREE_055","TREE_055_864","2016-09-26","2016-05-31","2016-09-19","2016-09-20T20:30Z","2016-09-26T20:00Z","NEON.LTR.TREE055864.20160919","NEON.LTR.TREE055864.20160919.NDL","NEON.DOC.001710vE","Needles",0.005,"N",NA,"Pd5j4AVdzcPF8RQ6ax8zRncRZcCp3EHYE5i1sRn6Vb8="
"6ac1fe01-b04e-481d-b000-1bd7920daf88","TREE_046.basePlot.ltr","D05","TREE","TREE_046","TREE_046_268","2016-09-26","2016-05-31","2016-09-19","2016-09-20T20:30Z","2016-09-26T18:30Z","NEON.LTR.TREE046268.20160919","NEON.LTR.TREE046268.20160919.WDY","NEON.DOC.001710vE","Woody material",0.28,"N",NA,"B/1XguR/VImkpiciTImn0yyrFfzGHeqw"
"49253770-dcfb-4325-9cdf-308354ee1e0d","TREE_055.basePlot.ltr","D05","TREE","TREE_055","TREE_055_864","2016-09-26","2016-05-31","2016-09-19","2016-09-20T20:30Z","2016-09-26T20:00Z","NEON.LTR.TREE055864.20160919","NEON.LTR.TREE055864.20160919.TWI","NEON.DOC.001710vE","Twigs/branches",2.09,"N",NA,"Pd5j4AVdzcPF8RQ6ax8zRncRZcCp3EHYE5i1sRn6Vb8="
"14b17b81-80bc-4298-9e06-da3b41442be1","TREE_055.basePlot.ltr","D05","TREE","TREE_055","TREE_055_864","2016-09-26","2016-05-31","2016-09-19","2016-09-20T20:30Z","2016-09-26T20:00Z","NEON.LTR.TREE055864.20160919","NEON.LTR.TREE055864.20160919.SDS","NEON.DOC.001710vE","Seeds",2.01,"N",NA,"Pd5j4AVdzcPF8RQ6ax8zRncRZcCp3EHYE5i1sRn6Vb8="
"3303dff7-34f6-484d-a364-7ef7c683161b","TREE_055.basePlot.ltr","D05","TREE","TREE_055","TREE_055_864","2016-09-26","2016-05-31","2016-09-19","2016-09-20T20:30Z","2016-09-26T20:00Z","NEON.LTR.TREE055864.20160919","NEON.LTR.TREE055864.20160919.FLR","NEON.DOC.001710vE","Flowers",0.15,"N",NA,"Pd5j4AVdzcPF8RQ6ax8zRncRZcCp3EHYE5i1sRn6Vb8="
"6e4f6a56-8a73-420f-9087-4633c14fe6c0","TREE_055.basePlot.ltr","D05","TREE","TREE_055","TREE_055_864","2016-09-26","2016-05-31","2016-09-19","2016-09-20T20:30Z","2016-09-26T20:00Z","NEON.LTR.TREE055864.20160919","NEON.LTR.TREE055864.20160919.WDY","NEON.DOC.001710vE","Woody material",0.2,"N",NA,"Pd5j4AVdzcPF8RQ6ax8zRncRZcCp3EHYE5i1sRn6Vb8="
"8a757db7-89d8-4d56-8d8e-8d9abe61f536","TREE_055.basePlot.ltr","D05","TREE","TREE_055","TREE_055_864","2016-09-26","2016-05-31","2016-09-19","2016-09-20T20:30Z","2016-09-26T20:00Z","NEON.LTR.TREE055864.20160919","NEON.LTR.TREE055864.20160919.LVS","NEON.DOC.001710vE","Leaves",4.08,"N",NA,"Pd5j4AVdzcPF8RQ6ax8zRncRZcCp3EHYE5i1sRn6Vb8="
"4ed58745-aef9-47b3-81dc-006351c54965","TREE_042.basePlot.ltr","D05","TREE","TREE_042","TREE_042_362","2016-09-26","2016-05-31","2016-09-19","2016-09-20T20:30Z","2016-09-26T20:00Z","NEON.LTR.TREE042362.20160919","NEON.LTR.TREE042362.20160919.FLR","NEON.DOC.001710vE","Flowers",0.2,"N",NA,"Pd5j4AVdzcPF8RQ6ax8zRncRZcCp3EHYE5i1sRn6Vb8="
"2522f322-3ba6-42a5-b50d-fb238a29aa15","TREE_042.basePlot.ltr","D05","TREE","TREE_042","TREE_042_362","2016-09-26","2016-05-31","2016-09-19","2016-09-20T20:30Z","2016-09-26T20:00Z","NEON.LTR.TREE042362.20160919","NEON.LTR.TREE042362.20160919.SDS","NEON.DOC.001710vE","Seeds",2.87,"N",NA,"Pd5j4AVdzcPF8RQ6ax8zRncRZcCp3EHYE5i1sRn6Vb8="
"1a2e5b5d-8089-4e5d-a5c1-a0a8aec6253e","TREE_042.basePlot.ltr","D05","TREE","TREE_042","TREE_042_362","2016-09-26","2016-05-31","2016-09-19","2016-09-20T20:30Z","2016-09-26T20:00Z","NEON.LTR.TREE042362.20160919","NEON.LTR.TREE042362.20160919.NDL","NEON.DOC.001710vE","Needles",0,"N",NA,"Pd5j4AVdzcPF8RQ6ax8zRncRZcCp3EHYE5i1sRn6Vb8="
"2741f246-fc1b-49a1-bed2-0fd72f9eb848","TREE_042.basePlot.ltr","D05","TREE","TREE_042","TREE_042_362","2016-09-26","2016-05-31","2016-09-19","2016-09-20T20:30Z","2016-09-26T20:00Z","NEON.LTR.TREE042362.20160919","NEON.LTR.TREE042362.20160919.OTH","NEON.DOC.001710vE","Other",1.33,"N",NA,"Pd5j4AVdzcPF8RQ6ax8zRncRZcCp3EHYE5i1sRn6Vb8="
"8d733c2a-08b9-43f3-b1b6-a4b314943ba9","TREE_042.basePlot.ltr","D05","TREE","TREE_042","TREE_042_362","2016-09-26","2016-05-31","2016-09-19","2016-09-20T20:30Z","2016-09-26T20:00Z","NEON.LTR.TREE042362.20160919","NEON.LTR.TREE042362.20160919.TWI","NEON.DOC.001710vE","Twigs/branches",4.18,"N",NA,"Pd5j4AVdzcPF8RQ6ax8zRncRZcCp3EHYE5i1sRn6Vb8="
"e5a71a4a-234b-47b3-84df-a9531b126e15","TREE_042.basePlot.ltr","D05","TREE","TREE_042","TREE_042_362","2016-09-26","2016-05-31","2016-09-19","2016-09-20T20:30Z","2016-09-26T20:00Z","NEON.LTR.TREE042362.20160919","NEON.LTR.TREE042362.20160919.WDY","NEON.DOC.001710vE","Woody material",0.07,"N",NA,"Pd5j4AVdzcPF8RQ6ax8zRncRZcCp3EHYE5i1sRn6Vb8="
"cc0bcf43-ae0e-4032-82db-c4d3baa0d7d3","TREE_042.basePlot.ltr","D05","TREE","TREE_042","TREE_042_362","2016-09-26","2016-05-31","2016-09-19","2016-09-20T20:30Z","2016-09-26T20:00Z","NEON.LTR.TREE042362.20160919","NEON.LTR.TREE042362.20160919.LVS","NEON.DOC.001710vE","Leaves",5.6,"N",NA,"Pd5j4AVdzcPF8RQ6ax8zRncRZcCp3EHYE5i1sRn6Vb8="
"5075079b-a0ef-4870-ad24-8ce98ed12d0e","TREE_045.basePlot.ltr","D05","TREE","TREE_045","TREE_045_693","2016-09-26","2016-05-31","2016-09-19","2016-09-20T20:30Z","2016-09-26T20:00Z","NEON.LTR.TREE045693.20160919","NEON.LTR.TREE045693.20160919.SDS","NEON.DOC.001710vE","Seeds",0.48,"N",NA,"Pd5j4AVdzcPF8RQ6ax8zRncRZcCp3EHYE5i1sRn6Vb8="
"48a72514-ca44-4ed6-bc29-b4d415605a9e","TREE_045.basePlot.ltr","D05","TREE","TREE_045","TREE_045_693","2016-09-26","2016-05-31","2016-09-19","2016-09-20T20:30Z","2016-09-26T20:00Z","NEON.LTR.TREE045693.20160919","NEON.LTR.TREE045693.20160919.FLR","NEON.DOC.001710vE","Flowers",0.84,"N",NA,"Pd5j4AVdzcPF8RQ6ax8zRncRZcCp3EHYE5i1sRn6Vb8="
"e459d367-5d76-4f07-ae48-4b9244be2eb6","TREE_045.basePlot.ltr","D05","TREE","TREE_045","TREE_045_693","2016-09-26","2016-05-31","2016-09-19","2016-09-20T20:30Z","2016-09-26T20:00Z","NEON.LTR.TREE045693.20160919","NEON.LTR.TREE045693.20160919.NDL","NEON.DOC.001710vE","Needles",2.46,"N",NA,"Pd5j4AVdzcPF8RQ6ax8zRncRZcCp3EHYE5i1sRn6Vb8="
"616c751d-e80e-431b-b804-ac9a6d6c424c","TREE_045.basePlot.ltr","D05","TREE","TREE_045","TREE_045_693","2016-09-26","2016-05-31","2016-09-19","2016-09-20T20:30Z","2016-09-26T20:00Z","NEON.LTR.TREE045693.20160919","NEON.LTR.TREE045693.20160919.LVS","NEON.DOC.001710vE","Leaves",2.24,"N",NA,"Pd5j4AVdzcPF8RQ6ax8zRncRZcCp3EHYE5i1sRn6Vb8="
"2f0afccd-3ceb-4a98-96fe-9e07a8da6f71","TREE_045.basePlot.ltr","D05","TREE","TREE_045","TREE_045_693","2016-09-26","2016-05-31","2016-09-19","2016-09-20T20:30Z","2016-09-26T20:00Z","NEON.LTR.TREE045693.20160919","NEON.LTR.TREE045693.20160919.WDY","NEON.DOC.001710vE","Woody material",2.63,"N",NA,"Pd5j4AVdzcPF8RQ6ax8zRncRZcCp3EHYE5i1sRn6Vb8="
"acd07856-9755-4029-a46d-da52d918a457","TREE_045.basePlot.ltr","D05","TREE","TREE_045","TREE_045_693","2016-09-26","2016-05-31","2016-09-19","2016-09-20T20:30Z","2016-09-26T20:00Z","NEON.LTR.TREE045693.20160919","NEON.LTR.TREE045693.20160919.TWI","NEON.DOC.001710vE","Twigs/branches",1.46,"N",NA,"Pd5j4AVdzcPF8RQ6ax8zRncRZcCp3EHYE5i1sRn6Vb8="
"792be121-19a3-4779-a63b-3317981510f7","TREE_045.basePlot.ltr","D05","TREE","TREE_045","TREE_045_693","2016-09-26","2016-05-31","2016-09-19","2016-09-20T20:30Z","2016-09-26T20:00Z","NEON.LTR.TREE045693.20160919","NEON.LTR.TREE045693.20160919.OTH","NEON.DOC.001710vE","Other",37.5,"N",NA,"Pd5j4AVdzcPF8RQ6ax8zRncRZcCp3EHYE5i1sRn6Vb8="
"bd0e150d-6cf5-4dcc-bba0-0ff3f202ed8d","TREE_047.basePlot.ltr","D05","TREE","TREE_047","TREE_047_938","2016-09-26","2016-05-31","2016-09-19","2016-09-20T20:30Z","2016-09-26T20:00Z","NEON.LTR.TREE047938.20160919","NEON.LTR.TREE047938.20160919.NDL","NEON.DOC.001710vE","Needles",0.9,"N",NA,"Pd5j4AVdzcPF8RQ6ax8zRncRZcCp3EHYE5i1sRn6Vb8="
"56dcffe9-9018-4d86-a4c0-c881e45e16b0","TREE_047.basePlot.ltr","D05","TREE","TREE_047","TREE_047_938","2016-09-26","2016-05-31","2016-09-19","2016-09-20T20:30Z","2016-09-26T20:00Z","NEON.LTR.TREE047938.20160919","NEON.LTR.TREE047938.20160919.LVS","NEON.DOC.001710vE","Leaves",2.1,"N",NA,"Pd5j4AVdzcPF8RQ6ax8zRncRZcCp3EHYE5i1sRn6Vb8="
"99589f6b-9361-4f44-999f-068c0e79ee83","TREE_047.basePlot.ltr","D05","TREE","TREE_047","TREE_047_938","2016-09-26","2016-05-31","2016-09-19","2016-09-20T20:30Z","2016-09-26T20:00Z","NEON.LTR.TREE047938.20160919","NEON.LTR.TREE047938.20160919.TWI","NEON.DOC.001710vE","Twigs/branches",0.8,"N",NA,"Pd5j4AVdzcPF8RQ6ax8zRncRZcCp3EHYE5i1sRn6Vb8="
"714fbe1f-fba7-4228-b813-0a27a460c63a","TREE_047.basePlot.ltr","D05","TREE","TREE_047","TREE_047_938","2016-09-26","2016-05-31","2016-09-19","2016-09-20T20:30Z","2016-09-26T20:00Z","NEON.LTR.TREE047938.20160919","NEON.LTR.TREE047938.20160919.SDS","NEON.DOC.001710vE","Seeds",1.12,"N",NA,"Pd5j4AVdzcPF8RQ6ax8zRncRZcCp3EHYE5i1sRn6Vb8="
"b43a95ae-a799-42bf-9802-210deb5a923f","TREE_047.basePlot.ltr","D05","TREE","TREE_047","TREE_047_938","2016-09-26","2016-05-31","2016-09-19","2016-09-20T20:30Z","2016-09-26T20:00Z","NEON.LTR.TREE047938.20160919","NEON.LTR.TREE047938.20160919.FLR","NEON.DOC.001710vE","Flowers",0.61,"N",NA,"Pd5j4AVdzcPF8RQ6ax8zRncRZcCp3EHYE5i1sRn6Vb8="
"714d54fe-5a2a-4dc5-ab3a-97dfef6de66a","TREE_047.basePlot.ltr","D05","TREE","TREE_047","TREE_047_938","2016-09-26","2016-05-31","2016-09-19","2016-09-20T20:30Z","2016-09-26T20:00Z","NEON.LTR.TREE047938.20160919","NEON.LTR.TREE047938.20160919.OTH","NEON.DOC.001710vE","Other",15.38,"N",NA,"Pd5j4AVdzcPF8RQ6ax8zRncRZcCp3EHYE5i1sRn6Vb8="
"81b9e6fc-9035-47e1-9f79-0c62ce71658d","TREE_047.basePlot.ltr","D05","TREE","TREE_047","TREE_047_938","2016-09-26","2016-05-31","2016-09-19","2016-09-20T20:30Z","2016-09-26T20:00Z","NEON.LTR.TREE047938.20160919","NEON.LTR.TREE047938.20160919.WDY","NEON.DOC.001710vE","Woody material",2.57,"N",NA,"Pd5j4AVdzcPF8RQ6ax8zRncRZcCp3EHYE5i1sRn6Vb8="
"188c72c7-a9a6-4b3c-95aa-5a613ff8c390","TREE_049.basePlot.ltr","D05","TREE","TREE_049","TREE_049_066","2016-09-26","2016-05-31","2016-09-19","2016-09-20T20:30Z","2016-09-26T20:00Z","NEON.LTR.TREE049066.20160919","NEON.LTR.TREE049066.20160919.TWI","NEON.DOC.001710vE","Twigs/branches",3.26,"N",NA,"Pd5j4AVdzcPF8RQ6ax8zRncRZcCp3EHYE5i1sRn6Vb8="
"abafe046-af98-46e4-a3f4-7b160e3b6cd4","TREE_049.basePlot.ltr","D05","TREE","TREE_049","TREE_049_066","2016-09-26","2016-05-31","2016-09-19","2016-09-20T20:30Z","2016-09-26T20:00Z","NEON.LTR.TREE049066.20160919","NEON.LTR.TREE049066.20160919.LVS","NEON.DOC.001710vE","Leaves",4.4,"N",NA,"Pd5j4AVdzcPF8RQ6ax8zRncRZcCp3EHYE5i1sRn6Vb8="
"e1b6bace-bec6-44fd-b6fd-b714891ba6e1","TREE_049.basePlot.ltr","D05","TREE","TREE_049","TREE_049_066","2016-09-26","2016-05-31","2016-09-19","2016-09-20T20:30Z","2016-09-26T20:00Z","NEON.LTR.TREE049066.20160919","NEON.LTR.TREE049066.20160919.OTH","NEON.DOC.001710vE","Other",1.38,"N",NA,"Pd5j4AVdzcPF8RQ6ax8zRncRZcCp3EHYE5i1sRn6Vb8="
"631e21f0-0fbe-41dc-bdf7-be01a1370f21","TREE_049.basePlot.ltr","D05","TREE","TREE_049","TREE_049_066","2016-09-26","2016-05-31","2016-09-19","2016-09-20T20:30Z","2016-09-26T20:00Z","NEON.LTR.TREE049066.20160919","NEON.LTR.TREE049066.20160919.WDY","NEON.DOC.001710vE","Woody material",0.46,"N",NA,"Pd5j4AVdzcPF8RQ6ax8zRncRZcCp3EHYE5i1sRn6Vb8="
"7c177d1f-de15-43fa-bbd8-91a4102c8cc3","TREE_049.basePlot.ltr","D05","TREE","TREE_049","TREE_049_066","2016-09-26","2016-05-31","2016-09-19","2016-09-20T20:30Z","2016-09-26T20:00Z","NEON.LTR.TREE049066.20160919","NEON.LTR.TREE049066.20160919.NDL","NEON.DOC.001710vE","Needles",0,"N",NA,"Pd5j4AVdzcPF8RQ6ax8zRncRZcCp3EHYE5i1sRn6Vb8="
"f66417bf-1800-4a6c-a840-f121011e46a8","TREE_049.basePlot.ltr","D05","TREE","TREE_049","TREE_049_066","2016-09-26","2016-05-31","2016-09-19","2016-09-20T20:30Z","2016-09-26T20:00Z","NEON.LTR.TREE049066.20160919","NEON.LTR.TREE049066.20160919.FLR","NEON.DOC.001710vE","Flowers",0.68,"N",NA,"Pd5j4AVdzcPF8RQ6ax8zRncRZcCp3EHYE5i1sRn6Vb8="
"5e599188-a32e-418b-a256-dd2bff102971","TREE_049.basePlot.ltr","D05","TREE","TREE_049","TREE_049_066","2016-09-26","2016-05-31","2016-09-19","2016-09-20T20:30Z","2016-09-26T20:00Z","NEON.LTR.TREE049066.20160919","NEON.LTR.TREE049066.20160919.SDS","NEON.DOC.001710vE","Seeds",0.68,"N",NA,"Pd5j4AVdzcPF8RQ6ax8zRncRZcCp3EHYE5i1sRn6Vb8="
"61ed45de-c182-4bc5-8f08-d577c8dd764b","TREE_049.basePlot.ltr","D05","TREE","TREE_049","TREE_049_313","2016-09-26","2016-05-31","2016-09-19","2016-09-20T20:30Z","2016-09-26T20:00Z","NEON.LTR.TREE049313.20160919","NEON.LTR.TREE049313.20160919.NDL","NEON.DOC.001710vE","Needles",0,"N",NA,"Pd5j4AVdzcPF8RQ6ax8zRncRZcCp3EHYE5i1sRn6Vb8="
"ad7345a3-f220-4001-b852-bae106d36bdd","TREE_049.basePlot.ltr","D05","TREE","TREE_049","TREE_049_313","2016-09-26","2016-05-31","2016-09-19","2016-09-20T20:30Z","2016-09-26T20:00Z","NEON.LTR.TREE049313.20160919","NEON.LTR.TREE049313.20160919.WDY","NEON.DOC.001710vE","Woody material",0,"N",NA,"Pd5j4AVdzcPF8RQ6ax8zRncRZcCp3EHYE5i1sRn6Vb8="
"73f839bb-8f92-42b0-909a-68c1a2897501","TREE_049.basePlot.ltr","D05","TREE","TREE_049","TREE_049_313","2016-09-26","2016-05-31","2016-09-19","2016-09-20T20:30Z","2016-09-26T20:00Z","NEON.LTR.TREE049313.20160919","NEON.LTR.TREE049313.20160919.FLR","NEON.DOC.001710vE","Flowers",1.33,"N",NA,"Pd5j4AVdzcPF8RQ6ax8zRncRZcCp3EHYE5i1sRn6Vb8="
"46c1bcb2-62e0-44f0-a52c-9986fe340e8d","TREE_049.basePlot.ltr","D05","TREE","TREE_049","TREE_049_313","2016-09-26","2016-05-31","2016-09-19","2016-09-20T20:30Z","2016-09-26T20:00Z","NEON.LTR.TREE049313.20160919","NEON.LTR.TREE049313.20160919.TWI","NEON.DOC.001710vE","Twigs/branches",0.4,"N",NA,"Pd5j4AVdzcPF8RQ6ax8zRncRZcCp3EHYE5i1sRn6Vb8="
"2a0147c3-3323-49b7-a9b9-b005c66d1025","TREE_049.basePlot.ltr","D05","TREE","TREE_049","TREE_049_313","2016-09-26","2016-05-31","2016-09-19","2016-09-20T20:30Z","2016-09-26T20:00Z","NEON.LTR.TREE049313.20160919","NEON.LTR.TREE049313.20160919.LVS","NEON.DOC.001710vE","Leaves",5.21,"N",NA,"Pd5j4AVdzcPF8RQ6ax8zRncRZcCp3EHYE5i1sRn6Vb8="
"3c0838ce-334b-4cf9-a96c-4738f04d3b96","TREE_049.basePlot.ltr","D05","TREE","TREE_049","TREE_049_313","2016-09-26","2016-05-31","2016-09-19","2016-09-20T20:30Z","2016-09-26T20:00Z","NEON.LTR.TREE049313.20160919","NEON.LTR.TREE049313.20160919.OTH","NEON.DOC.001710vE","Other",0.01,"N",NA,"Pd5j4AVdzcPF8RQ6ax8zRncRZcCp3EHYE5i1sRn6Vb8="
"dab72180-2be1-4fd1-9367-c0a9fac15f8b","TREE_025.basePlot.ltr","D05","TREE","TREE_025","TREE_025_307","2016-09-26","2016-05-31","2016-09-19","2016-09-20T20:30Z","2016-09-26T20:00Z","NEON.LTR.TREE025307.20160919","NEON.LTR.TREE025307.20160919.WDY","NEON.DOC.001710vE","Woody material",0.47,"N",NA,"Pd5j4AVdzcPF8RQ6ax8zRncRZcCp3EHYE5i1sRn6Vb8="
"9917846c-e07d-4253-a51d-348d981ac10f","TREE_025.basePlot.ltr","D05","TREE","TREE_025","TREE_025_307","2016-09-26","2016-05-31","2016-09-19","2016-09-20T20:30Z","2016-09-26T20:00Z","NEON.LTR.TREE025307.20160919","NEON.LTR.TREE025307.20160919.FLR","NEON.DOC.001710vE","Flowers",1.41,"N",NA,"Pd5j4AVdzcPF8RQ6ax8zRncRZcCp3EHYE5i1sRn6Vb8="
"4acab082-f392-4eb7-a397-2c19939bdeb5","TREE_025.basePlot.ltr","D05","TREE","TREE_025","TREE_025_307","2016-09-26","2016-05-31","2016-09-19","2016-09-20T20:30Z","2016-09-26T20:00Z","NEON.LTR.TREE025307.20160919","NEON.LTR.TREE025307.20160919.LVS","NEON.DOC.001710vE","Leaves",8.4,"N",NA,"Pd5j4AVdzcPF8RQ6ax8zRncRZcCp3EHYE5i1sRn6Vb8="
"d2cebe42-d855-4a61-8fe8-57353598a5de","TREE_049.basePlot.ltr","D05","TREE","TREE_049","TREE_049_313","2016-09-26","2016-05-31","2016-09-19","2016-09-20T20:30Z","2016-09-26T20:00Z","NEON.LTR.TREE049313.20160919","NEON.LTR.TREE049313.20160919.SDS","NEON.DOC.001710vE","Seeds",1.61,"N",NA,"Pd5j4AVdzcPF8RQ6ax8zRncRZcCp3EHYE5i1sRn6Vb8="
"00fd4121-70d8-4519-ac2d-a8818a873de0","TREE_025.basePlot.ltr","D05","TREE","TREE_025","TREE_025_307","2016-09-26","2016-05-31","2016-09-19","2016-09-20T20:30Z","2016-09-26T20:00Z","NEON.LTR.TREE025307.20160919","NEON.LTR.TREE025307.20160919.NDL","NEON.DOC.001710vE","Needles",0.89,"N",NA,"Pd5j4AVdzcPF8RQ6ax8zRncRZcCp3EHYE5i1sRn6Vb8="
"fee7fed1-a23c-48ce-a61d-cae0623981f0","TREE_025.basePlot.ltr","D05","TREE","TREE_025","TREE_025_307","2016-09-26","2016-05-31","2016-09-19","2016-09-20T20:30Z","2016-09-26T20:00Z","NEON.LTR.TREE025307.20160919","NEON.LTR.TREE025307.20160919.TWI","NEON.DOC.001710vE","Twigs/branches",1.53,"N",NA,"Pd5j4AVdzcPF8RQ6ax8zRncRZcCp3EHYE5i1sRn6Vb8="
"b5f475c4-2923-4d33-9867-07266afaee0e","TREE_025.basePlot.ltr","D05","TREE","TREE_025","TREE_025_307","2016-09-26","2016-05-31","2016-09-19","2016-09-20T20:30Z","2016-09-26T20:00Z","NEON.LTR.TREE025307.20160919","NEON.LTR.TREE025307.20160919.OTH","NEON.DOC.001710vE","Other",2.92,"N",NA,"Pd5j4AVdzcPF8RQ6ax8zRncRZcCp3EHYE5i1sRn6Vb8="
"af0c67af-f16d-4330-aa10-346123bbcca1","TREE_025.basePlot.ltr","D05","TREE","TREE_025","TREE_025_307","2016-09-26","2016-05-31","2016-09-19","2016-09-20T20:30Z","2016-09-26T20:00Z","NEON.LTR.TREE025307.20160919","NEON.LTR.TREE025307.20160919.SDS","NEON.DOC.001710vE","Seeds",3.23,"N",NA,"Pd5j4AVdzcPF8RQ6ax8zRncRZcCp3EHYE5i1sRn6Vb8="
"419214aa-8a2e-4ee3-9ba7-4fb5f185e313","TREE_046.basePlot.ltr","D05","TREE","TREE_046","TREE_046_663","2016-09-26","2016-05-31","2016-09-19","2016-09-20T20:30Z","2016-09-26T20:00Z","NEON.LTR.TREE046663.20160919","NEON.LTR.TREE046663.20160919.WDY","NEON.DOC.001710vE","Woody material",0.01,"N",NA,"Pd5j4AVdzcPF8RQ6ax8zRncRZcCp3EHYE5i1sRn6Vb8="
"1c2443a3-a766-44e1-93c4-8f231b25d91f","TREE_049.basePlot.ltr","D05","TREE","TREE_049","TREE_049_313","2016-10-14","2016-09-19","2016-10-05","2016-10-06T22:00Z","2016-10-14T19:40Z","NEON.LTR.TREE049313.20161005","NEON.LTR.TREE049313.20161005.WDY","NEON.DOC.001710vE","Woody material",0,"N","","hE8YqXO7sNiNpTQ8TwLBTEwXi3KL/fpp"
"369016e3-a8db-47eb-9e47-e8ef58358850","TREE_049.basePlot.ltr","D05","TREE","TREE_049","TREE_049_313","2016-10-14","2016-09-19","2016-10-05","2016-10-06T22:00Z","2016-10-14T19:40Z","NEON.LTR.TREE049313.20161005","NEON.LTR.TREE049313.20161005.TWI","NEON.DOC.001710vE","Twigs/branches",1.09,"N","","hE8YqXO7sNiNpTQ8TwLBTEwXi3KL/fpp"
"26adff22-52db-4ac1-8687-cfa2742e2278","TREE_049.basePlot.ltr","D05","TREE","TREE_049","TREE_049_313","2016-10-14","2016-09-19","2016-10-05","2016-10-06T22:00Z","2016-10-14T19:40Z","NEON.LTR.TREE049313.20161005","NEON.LTR.TREE049313.20161005.FLR","NEON.DOC.001710vE","Flowers",0.04,"N","","hE8YqXO7sNiNpTQ8TwLBTEwXi3KL/fpp"
"44bd8584-9a47-420e-9572-85cca0477675","TREE_049.basePlot.ltr","D05","TREE","TREE_049","TREE_049_313","2016-10-14","2016-09-19","2016-10-05","2016-10-06T22:00Z","2016-10-14T19:40Z","NEON.LTR.TREE049313.20161005","NEON.LTR.TREE049313.20161005.SDS","NEON.DOC.001710vE","Seeds",0.53,"N","","hE8YqXO7sNiNpTQ8TwLBTEwXi3KL/fpp"
"d1f482b8-583e-4730-838f-80bb5da9622c","TREE_049.basePlot.ltr","D05","TREE","TREE_049","TREE_049_313","2016-10-14","2016-09-19","2016-10-05","2016-10-06T22:00Z","2016-10-14T19:40Z","NEON.LTR.TREE049313.20161005","NEON.LTR.TREE049313.20161005.NDL","NEON.DOC.001710vE","Needles",0,"N","","hE8YqXO7sNiNpTQ8TwLBTEwXi3KL/fpp"
"48d86373-1203-4bfb-bd30-ddf8654d3a70","TREE_049.basePlot.ltr","D05","TREE","TREE_049","TREE_049_313","2016-10-14","2016-09-19","2016-10-05","2016-10-06T22:00Z","2016-10-14T19:40Z","NEON.LTR.TREE049313.20161005","NEON.LTR.TREE049313.20161005.OTH","NEON.DOC.001710vE","Other",0.08,"N","","hE8YqXO7sNiNpTQ8TwLBTEwXi3KL/fpp"
"24985600-10b1-4b86-83cc-95956615581e","TREE_049.basePlot.ltr","D05","TREE","TREE_049","TREE_049_313","2016-10-14","2016-09-19","2016-10-05","2016-10-06T22:00Z","2016-10-14T19:40Z","NEON.LTR.TREE049313.20161005","NEON.LTR.TREE049313.20161005.LVS","NEON.DOC.001710vE","Leaves",32.21,"N","","hE8YqXO7sNiNpTQ8TwLBTEwXi3KL/fpp"
"0cdcf2de-d3e5-42c8-8df9-29ce3c487524","TREE_045.basePlot.ltr","D05","TREE","TREE_045","TREE_045_349","2016-10-14","2016-09-19","2016-10-05","2016-10-06T22:00Z","2016-10-14T19:40Z","NEON.LTR.TREE045349.20161005","NEON.LTR.TREE045349.20161005.FLR","NEON.DOC.001710vE","Flowers",0,"N","","hE8YqXO7sNiNpTQ8TwLBTEwXi3KL/fpp"
"88a3b29c-0472-470f-9b9d-56a442d9312b","TREE_045.basePlot.ltr","D05","TREE","TREE_045","TREE_045_349","2016-10-14","2016-09-19","2016-10-05","2016-10-06T22:00Z","2016-10-14T19:40Z","NEON.LTR.TREE045349.20161005","NEON.LTR.TREE045349.20161005.SDS","NEON.DOC.001710vE","Seeds",0,"N","","hE8YqXO7sNiNpTQ8TwLBTEwXi3KL/fpp"
"c9790ee8-e1b3-45d2-8f68-b953c0d2ccd2","TREE_045.basePlot.ltr","D05","TREE","TREE_045","TREE_045_349","2016-10-14","2016-09-19","2016-10-05","2016-10-06T22:00Z","2016-10-14T19:40Z","NEON.LTR.TREE045349.20161005","NEON.LTR.TREE045349.20161005.WDY","NEON.DOC.001710vE","Woody material",0,"N","","hE8YqXO7sNiNpTQ8TwLBTEwXi3KL/fpp"
"638f827d-6ca6-41a7-b6c7-4d2fdfad2cff","TREE_045.basePlot.ltr","D05","TREE","TREE_045","TREE_045_349","2016-10-14","2016-09-19","2016-10-05","2016-10-06T22:00Z","2016-10-14T19:40Z","NEON.LTR.TREE045349.20161005","NEON.LTR.TREE045349.20161005.TWI","NEON.DOC.001710vE","Twigs/branches",0,"N","","hE8YqXO7sNiNpTQ8TwLBTEwXi3KL/fpp"
"f0c24876-94cc-4aa1-bc90-1663680118ae","TREE_045.basePlot.ltr","D05","TREE","TREE_045","TREE_045_349","2016-10-14","2016-09-19","2016-10-05","2016-10-06T22:00Z","2016-10-14T19:40Z","NEON.LTR.TREE045349.20161005","NEON.LTR.TREE045349.20161005.OTH","NEON.DOC.001710vE","Other",0.2,"N","","hE8YqXO7sNiNpTQ8TwLBTEwXi3KL/fpp"
"7de8502d-d6c7-4d46-99c7-12aa81fbaa21","TREE_045.basePlot.ltr","D05","TREE","TREE_045","TREE_045_349","2016-10-14","2016-09-19","2016-10-05","2016-10-06T22:00Z","2016-10-14T19:40Z","NEON.LTR.TREE045349.20161005","NEON.LTR.TREE045349.20161005.LVS","NEON.DOC.001710vE","Leaves",69.47,"N","","hE8YqXO7sNiNpTQ8TwLBTEwXi3KL/fpp"
"1a6d2184-cccc-4850-9260-89747cca05b9","TREE_045.basePlot.ltr","D05","TREE","TREE_045","TREE_045_349","2016-10-14","2016-09-19","2016-10-05","2016-10-06T22:00Z","2016-10-14T19:40Z","NEON.LTR.TREE045349.20161005","NEON.LTR.TREE045349.20161005.NDL","NEON.DOC.001710vE","Needles",0.25,"Y","","hE8YqXO7sNiNpTQ8TwLBTEwXi3KL/fpp"
"f4d53b55-9b26-43a4-9cf4-9cc6a0b0ffa9","TREE_045.basePlot.ltr","D05","TREE","TREE_045","TREE_045_349","2016-10-14","2016-09-19","2016-10-05","2016-10-06T22:00Z","2016-10-14T19:40Z","NEON.LTR.TREE045349.20161005","NEON.LTR.TREE045349.20161005.NDL","NEON.DOC.001710vE","Needles",0.25,"N","","hE8YqXO7sNiNpTQ8TwLBTEwXi3KL/fpp"
"9f730f86-d3a8-455d-9310-69a4a4fa6d4a","TREE_047.basePlot.ltr","D05","TREE","TREE_047","TREE_047_938","2016-10-14","2016-09-19","2016-10-05","2016-10-06T22:00Z","2016-10-14T19:40Z","NEON.LTR.TREE047938.20161005","NEON.LTR.TREE047938.20161005.NDL","NEON.DOC.001710vE","Needles",4.1,"N","","hE8YqXO7sNiNpTQ8TwLBTEwXi3KL/fpp"
"3a73841f-6f6e-4bed-8d96-9cfc52983431","TREE_047.basePlot.ltr","D05","TREE","TREE_047","TREE_047_938","2016-10-14","2016-09-19","2016-10-05","2016-10-06T22:00Z","2016-10-14T19:40Z","NEON.LTR.TREE047938.20161005","NEON.LTR.TREE047938.20161005.TWI","NEON.DOC.001710vE","Twigs/branches",0.005,"N","","hE8YqXO7sNiNpTQ8TwLBTEwXi3KL/fpp"
"370fdc4c-06de-43c7-8fd3-1b77c05151ec","TREE_047.basePlot.ltr","D05","TREE","TREE_047","TREE_047_938","2016-10-14","2016-09-19","2016-10-05","2016-10-06T22:00Z","2016-10-14T19:40Z","NEON.LTR.TREE047938.20161005","NEON.LTR.TREE047938.20161005.OTH","NEON.DOC.001710vE","Other",0.04,"N","","hE8YqXO7sNiNpTQ8TwLBTEwXi3KL/fpp"
"d23e3d60-ddfe-4bca-a0ff-95357867ec6d","TREE_047.basePlot.ltr","D05","TREE","TREE_047","TREE_047_938","2016-10-14","2016-09-19","2016-10-05","2016-10-06T22:00Z","2016-10-14T19:40Z","NEON.LTR.TREE047938.20161005","NEON.LTR.TREE047938.20161005.LVS","NEON.DOC.001710vE","Leaves",19.21,"N","","hE8YqXO7sNiNpTQ8TwLBTEwXi3KL/fpp"
"9c11b1ee-956a-4e8a-b5c7-ea3815e139e9","TREE_047.basePlot.ltr","D05","TREE","TREE_047","TREE_047_938","2016-10-14","2016-09-19","2016-10-05","2016-10-06T22:00Z","2016-10-14T19:40Z","NEON.LTR.TREE047938.20161005","NEON.LTR.TREE047938.20161005.SDS","NEON.DOC.001710vE","Seeds",0.88,"N","","hE8YqXO7sNiNpTQ8TwLBTEwXi3KL/fpp"
"b1cdbd47-dfb8-45e0-97d3-47b51c721b9f","TREE_047.basePlot.ltr","D05","TREE","TREE_047","TREE_047_938","2016-10-14","2016-09-19","2016-10-05","2016-10-06T22:00Z","2016-10-14T19:40Z","NEON.LTR.TREE047938.20161005","NEON.LTR.TREE047938.20161005.WDY","NEON.DOC.001710vE","Woody material",0.67,"N","","hE8YqXO7sNiNpTQ8TwLBTEwXi3KL/fpp"
"f5200545-1f1d-4eee-88f6-698183ae66a1","TREE_047.basePlot.ltr","D05","TREE","TREE_047","TREE_047_938","2016-10-14","2016-09-19","2016-10-05","2016-10-06T22:00Z","2016-10-14T19:40Z","NEON.LTR.TREE047938.20161005","NEON.LTR.TREE047938.20161005.FLR","NEON.DOC.001710vE","Flowers",0.09,"N","","hE8YqXO7sNiNpTQ8TwLBTEwXi3KL/fpp"
"de093c18-50b8-4f1e-803c-7b4465fa5a51","TREE_047.basePlot.ltr","D05","TREE","TREE_047","TREE_047_938","2016-10-14","2016-09-19","2016-10-05","2016-10-06T22:00Z","2016-10-14T19:40Z","NEON.LTR.TREE047938.20161005","NEON.LTR.TREE047938.20161005.LVS","NEON.DOC.001710vE","Leaves",19.26,"N","Not sure why there are two entries.","hE8YqXO7sNiNpTQ8TwLBTEwXi3KL/fpp"
"5d31c8f5-c1f6-4690-afaf-b1ad2fe18567","TREE_046.basePlot.ltr","D05","TREE","TREE_046","TREE_046_268","2016-10-14","2016-09-19","2016-10-05","2016-10-06T22:00Z","2016-10-14T19:40Z","NEON.LTR.TREE046268.20161005","NEON.LTR.TREE046268.20161005.TWI","NEON.DOC.001710vE","Twigs/branches",0,"N","","hE8YqXO7sNiNpTQ8TwLBTEwXi3KL/fpp"
"176196a0-b740-41da-ac50-95c4a467bb4b","TREE_047.basePlot.ltr","D05","TREE","TREE_047","TREE_047_938","2016-10-14","2016-09-19","2016-10-05","2016-10-06T22:00Z","2016-10-14T19:40Z","NEON.LTR.TREE047938.20161005","NEON.LTR.TREE047938.20161005.WDY","NEON.DOC.001710vE","Woody material",0.66,"Y","","hE8YqXO7sNiNpTQ8TwLBTEwXi3KL/fpp"
"dee24de9-d2df-45f4-b0b4-b34a94bdae70","TREE_046.basePlot.ltr","D05","TREE","TREE_046","TREE_046_268","2016-10-14","2016-09-19","2016-10-05","2016-10-06T22:00Z","2016-10-14T19:40Z","NEON.LTR.TREE046268.20161005","NEON.LTR.TREE046268.20161005.FLR","NEON.DOC.001710vE","Flowers",0.005,"N","","hE8YqXO7sNiNpTQ8TwLBTEwXi3KL/fpp"
"e5c9e9b2-bfb1-42cb-b91b-cb80e319f09e","TREE_046.basePlot.ltr","D05","TREE","TREE_046","TREE_046_268","2016-10-14","2016-09-19","2016-10-05","2016-10-06T22:00Z","2016-10-14T19:40Z","NEON.LTR.TREE046268.20161005","NEON.LTR.TREE046268.20161005.LVS","NEON.DOC.001710vE","Leaves",69.83,"N","","hE8YqXO7sNiNpTQ8TwLBTEwXi3KL/fpp"
"71789df9-99bb-4f14-bfcd-6a60f8d01a85","TREE_046.basePlot.ltr","D05","TREE","TREE_046","TREE_046_268","2016-10-14","2016-09-19","2016-10-05","2016-10-06T22:00Z","2016-10-14T19:40Z","NEON.LTR.TREE046268.20161005","NEON.LTR.TREE046268.20161005.NDL","NEON.DOC.001710vE","Needles",0,"N","","hE8YqXO7sNiNpTQ8TwLBTEwXi3KL/fpp"
"bd453ea8-faf6-4fee-8b9a-e4e161851742","TREE_046.basePlot.ltr","D05","TREE","TREE_046","TREE_046_268","2016-10-14","2016-09-19","2016-10-05","2016-10-06T22:00Z","2016-10-14T19:40Z","NEON.LTR.TREE046268.20161005","NEON.LTR.TREE046268.20161005.WDY","NEON.DOC.001710vE","Woody material",0,"N","","hE8YqXO7sNiNpTQ8TwLBTEwXi3KL/fpp"
"abc9a3c8-dd35-4e04-9b15-dcbf6be0f647","TREE_046.basePlot.ltr","D05","TREE","TREE_046","TREE_046_268","2016-10-14","2016-09-19","2016-10-05","2016-10-06T22:00Z","2016-10-14T19:40Z","NEON.LTR.TREE046268.20161005","NEON.LTR.TREE046268.20161005.OTH","NEON.DOC.001710vE","Other",0.16,"N","","hE8YqXO7sNiNpTQ8TwLBTEwXi3KL/fpp"
"05ab7c6e-093d-4808-815c-da5227bbf5ca","TREE_025.basePlot.ltr","D05","TREE","TREE_025","TREE_025_307","2016-10-14","2016-09-19","2016-10-05","2016-10-06T22:00Z","2016-10-14T19:40Z","NEON.LTR.TREE025307.20161005","NEON.LTR.TREE025307.20161005.FLR","NEON.DOC.001710vE","Flowers",0,"N","","hE8YqXO7sNiNpTQ8TwLBTEwXi3KL/fpp"
"e70e675f-5721-45ae-8376-d874470916c4","TREE_025.basePlot.ltr","D05","TREE","TREE_025","TREE_025_307","2016-10-14","2016-09-19","2016-10-05","2016-10-06T22:00Z","2016-10-14T19:40Z","NEON.LTR.TREE025307.20161005","NEON.LTR.TREE025307.20161005.NDL","NEON.DOC.001710vE","Needles",0.43,"N","","hE8YqXO7sNiNpTQ8TwLBTEwXi3KL/fpp"
"59cfcfe3-0efd-4f48-aea6-da412662e029","TREE_046.basePlot.ltr","D05","TREE","TREE_046","TREE_046_268","2016-10-14","2016-09-19","2016-10-05","2016-10-06T22:00Z","2016-10-14T19:40Z","NEON.LTR.TREE046268.20161005","NEON.LTR.TREE046268.20161005.SDS","NEON.DOC.001710vE","Seeds",0.61,"N","","hE8YqXO7sNiNpTQ8TwLBTEwXi3KL/fpp"
"3b67e7b9-10ee-4f83-ae0d-126b4e95eb29","TREE_025.basePlot.ltr","D05","TREE","TREE_025","TREE_025_307","2016-10-14","2016-09-19","2016-10-05","2016-10-06T22:00Z","2016-10-14T19:40Z","NEON.LTR.TREE025307.20161005","NEON.LTR.TREE025307.20161005.TWI","NEON.DOC.001710vE","Twigs/branches",0.07,"N","","hE8YqXO7sNiNpTQ8TwLBTEwXi3KL/fpp"
"dadd82b7-83ff-4529-b27d-15cc9ef3dfc0","TREE_025.basePlot.ltr","D05","TREE","TREE_025","TREE_025_307","2016-10-14","2016-09-19","2016-10-05","2016-10-06T22:00Z","2016-10-14T19:40Z","NEON.LTR.TREE025307.20161005","NEON.LTR.TREE025307.20161005.LVS","NEON.DOC.001710vE","Leaves",71.69,"N","","hE8YqXO7sNiNpTQ8TwLBTEwXi3KL/fpp"
"dfaeb3a5-4644-478b-b2a1-82fbfd2519c9","TREE_025.basePlot.ltr","D05","TREE","TREE_025","TREE_025_307","2016-10-14","2016-09-19","2016-10-05","2016-10-06T22:00Z","2016-10-14T19:40Z","NEON.LTR.TREE025307.20161005","NEON.LTR.TREE025307.20161005.OTH","NEON.DOC.001710vE","Other",0.05,"N","","hE8YqXO7sNiNpTQ8TwLBTEwXi3KL/fpp"
"2e0fd07f-5e21-4d46-ad99-66bb48950723","TREE_025.basePlot.ltr","D05","TREE","TREE_025","TREE_025_307","2016-10-14","2016-09-19","2016-10-05","2016-10-06T22:00Z","2016-10-14T19:40Z","NEON.LTR.TREE025307.20161005","NEON.LTR.TREE025307.20161005.WDY","NEON.DOC.001710vE","Woody material",0,"N","","hE8YqXO7sNiNpTQ8TwLBTEwXi3KL/fpp"
"eb9350a9-c057-4bb3-beda-5b3885038396","TREE_025.basePlot.ltr","D05","TREE","TREE_025","TREE_025_307","2016-10-14","2016-09-19","2016-10-05","2016-10-06T22:00Z","2016-10-14T19:40Z","NEON.LTR.TREE025307.20161005","NEON.LTR.TREE025307.20161005.SDS","NEON.DOC.001710vE","Seeds",0.03,"N","","hE8YqXO7sNiNpTQ8TwLBTEwXi3KL/fpp"
"ee87041b-6f76-4389-b19c-6d4c062dbde9","TREE_041.basePlot.ltr","D05","TREE","TREE_041","TREE_041_106","2016-10-14","2016-09-19","2016-10-05","2016-10-06T22:00Z","2016-10-14T19:40Z","NEON.LTR.TREE041106.20161005","NEON.LTR.TREE041106.20161005.FLR","NEON.DOC.001710vE","Flowers",0,"N","","hE8YqXO7sNiNpTQ8TwLBTEwXi3KL/fpp"
"f4d5cf02-7406-4b3a-af1c-3a610e2f12f8","TREE_041.basePlot.ltr","D05","TREE","TREE_041","TREE_041_106","2016-10-14","2016-09-19","2016-10-05","2016-10-06T22:00Z","2016-10-14T19:40Z","NEON.LTR.TREE041106.20161005","NEON.LTR.TREE041106.20161005.SDS","NEON.DOC.001710vE","Seeds",0.58,"N","","hE8YqXO7sNiNpTQ8TwLBTEwXi3KL/fpp"
"e063fee5-e849-4b22-b35f-e630679a1d98","TREE_041.basePlot.ltr","D05","TREE","TREE_041","TREE_041_106","2016-10-14","2016-09-19","2016-10-05","2016-10-06T22:00Z","2016-10-14T19:40Z","NEON.LTR.TREE041106.20161005","NEON.LTR.TREE041106.20161005.NDL","NEON.DOC.001710vE","Needles",0,"N","","hE8YqXO7sNiNpTQ8TwLBTEwXi3KL/fpp"
"49fde37a-57d7-4167-b914-15f3ff16e414","TREE_041.basePlot.ltr","D05","TREE","TREE_041","TREE_041_106","2016-10-14","2016-09-19","2016-10-05","2016-10-06T22:00Z","2016-10-14T19:40Z","NEON.LTR.TREE041106.20161005","NEON.LTR.TREE041106.20161005.TWI","NEON.DOC.001710vE","Twigs/branches",0,"N","","hE8YqXO7sNiNpTQ8TwLBTEwXi3KL/fpp"
"b40f0d2d-8e4e-4978-9471-db75c99eb32b","TREE_041.basePlot.ltr","D05","TREE","TREE_041","TREE_041_106","2016-10-14","2016-09-19","2016-10-05","2016-10-06T22:00Z","2016-10-14T19:40Z","NEON.LTR.TREE041106.20161005","NEON.LTR.TREE041106.20161005.OTH","NEON.DOC.001710vE","Other",0.07,"N","","hE8YqXO7sNiNpTQ8TwLBTEwXi3KL/fpp"
"32d24c9f-1a07-4ac4-8e8e-1aa01f5670d3","TREE_041.basePlot.ltr","D05","TREE","TREE_041","TREE_041_106","2016-10-14","2016-09-19","2016-10-05","2016-10-06T22:00Z","2016-10-14T19:40Z","NEON.LTR.TREE041106.20161005","NEON.LTR.TREE041106.20161005.WDY","NEON.DOC.001710vE","Woody material",0,"N","","hE8YqXO7sNiNpTQ8TwLBTEwXi3KL/fpp"
"2bfe2cce-0bc9-4f9b-bc74-3206ca245a23","TREE_041.basePlot.ltr","D05","TREE","TREE_041","TREE_041_106","2016-10-14","2016-09-19","2016-10-05","2016-10-06T22:00Z","2016-10-14T19:40Z","NEON.LTR.TREE041106.20161005","NEON.LTR.TREE041106.20161005.LVS","NEON.DOC.001710vE","Leaves",21.75,"N","","hE8YqXO7sNiNpTQ8TwLBTEwXi3KL/fpp"
"553c3d2c-007a-42d1-b9f3-e13cef69ecd0","TREE_056.basePlot.ltr","D05","TREE","TREE_056","TREE_056_792","2016-10-14","2016-09-19","2016-10-05","2016-10-06T22:00Z","2016-10-14T19:40Z","NEON.LTR.TREE056792.20161005","NEON.LTR.TREE056792.20161005.OTH","NEON.DOC.001710vE","Other",0.005,"N","","hE8YqXO7sNiNpTQ8TwLBTEwXi3KL/fpp"
"41ea188a-0f9e-459b-8fb1-c8ef26df27bb","TREE_056.basePlot.ltr","D05","TREE","TREE_056","TREE_056_792","2016-10-14","2016-09-19","2016-10-05","2016-10-06T22:00Z","2016-10-14T19:40Z","NEON.LTR.TREE056792.20161005","NEON.LTR.TREE056792.20161005.SDS","NEON.DOC.001710vE","Seeds",0.13,"N","","hE8YqXO7sNiNpTQ8TwLBTEwXi3KL/fpp"
"d9945d09-e069-41bb-961e-8c2905a45b7d","TREE_056.basePlot.ltr","D05","TREE","TREE_056","TREE_056_792","2016-10-14","2016-09-19","2016-10-05","2016-10-06T22:00Z","2016-10-14T19:40Z","NEON.LTR.TREE056792.20161005","NEON.LTR.TREE056792.20161005.TWI","NEON.DOC.001710vE","Twigs/branches",0,"N","","hE8YqXO7sNiNpTQ8TwLBTEwXi3KL/fpp"
"c340e5bb-bcad-4759-8ce7-86fb8da7aaca","TREE_056.basePlot.ltr","D05","TREE","TREE_056","TREE_056_792","2016-10-14","2016-09-19","2016-10-05","2016-10-06T22:00Z","2016-10-14T19:40Z","NEON.LTR.TREE056792.20161005","NEON.LTR.TREE056792.20161005.FLR","NEON.DOC.001710vE","Flowers",0.005,"N","","hE8YqXO7sNiNpTQ8TwLBTEwXi3KL/fpp"
"989a7162-dd9e-4741-9548-b03af46a39a1","TREE_056.basePlot.ltr","D05","TREE","TREE_056","TREE_056_792","2016-10-14","2016-09-19","2016-10-05","2016-10-06T22:00Z","2016-10-14T19:40Z","NEON.LTR.TREE056792.20161005","NEON.LTR.TREE056792.20161005.NDL","NEON.DOC.001710vE","Needles",0.8,"N","","hE8YqXO7sNiNpTQ8TwLBTEwXi3KL/fpp"
"70de7eda-dd01-41fa-a691-06f9749a2c8c","TREE_056.basePlot.ltr","D05","TREE","TREE_056","TREE_056_792","2016-10-14","2016-09-19","2016-10-05","2016-10-06T22:00Z","2016-10-14T19:40Z","NEON.LTR.TREE056792.20161005","NEON.LTR.TREE056792.20161005.WDY","NEON.DOC.001710vE","Woody material",0.005,"N","","hE8YqXO7sNiNpTQ8TwLBTEwXi3KL/fpp"
"79992324-88f2-4707-931c-83f84a5dde84","TREE_045.basePlot.ltr","D05","TREE","TREE_045","TREE_045_693","2016-10-14","2016-09-19","2016-10-05","2016-10-06T22:00Z","2016-10-14T19:40Z","NEON.LTR.TREE045693.20161005","NEON.LTR.TREE045693.20161005.SDS","NEON.DOC.001710vE","Seeds",0.005,"N","","hE8YqXO7sNiNpTQ8TwLBTEwXi3KL/fpp"
"17733ab6-db03-4a8b-a722-757d6114da02","TREE_045.basePlot.ltr","D05","TREE","TREE_045","TREE_045_693","2016-10-14","2016-09-19","2016-10-05","2016-10-06T22:00Z","2016-10-14T19:40Z","NEON.LTR.TREE045693.20161005","NEON.LTR.TREE045693.20161005.LVS","NEON.DOC.001710vE","Leaves",28.3,"N","","hE8YqXO7sNiNpTQ8TwLBTEwXi3KL/fpp"
"a39b02f3-473f-4af1-9604-9861ab0609a4","TREE_056.basePlot.ltr","D05","TREE","TREE_056","TREE_056_792","2016-10-14","2016-09-19","2016-10-05","2016-10-06T22:00Z","2016-10-14T19:40Z","NEON.LTR.TREE056792.20161005","NEON.LTR.TREE056792.20161005.LVS","NEON.DOC.001710vE","Leaves",71.01,"N","","hE8YqXO7sNiNpTQ8TwLBTEwXi3KL/fpp"
"07358a89-f6d4-4917-b5f3-79ca2f843a28","TREE_045.basePlot.ltr","D05","TREE","TREE_045","TREE_045_693","2016-10-14","2016-09-19","2016-10-05","2016-10-06T22:00Z","2016-10-14T19:40Z","NEON.LTR.TREE045693.20161005","NEON.LTR.TREE045693.20161005.OTH","NEON.DOC.001710vE","Other",0.05,"N","","hE8YqXO7sNiNpTQ8TwLBTEwXi3KL/fpp"
"8b305519-8151-4ad6-9b76-ea473bc2884f","TREE_045.basePlot.ltr","D05","TREE","TREE_045","TREE_045_693","2016-10-14","2016-09-19","2016-10-05","2016-10-06T22:00Z","2016-10-14T19:40Z","NEON.LTR.TREE045693.20161005","NEON.LTR.TREE045693.20161005.TWI","NEON.DOC.001710vE","Twigs/branches",1.25,"N","","hE8YqXO7sNiNpTQ8TwLBTEwXi3KL/fpp"
"2cd4848c-72db-4936-8430-7708360c09e3","TREE_045.basePlot.ltr","D05","TREE","TREE_045","TREE_045_693","2016-10-14","2016-09-19","2016-10-05","2016-10-06T22:00Z","2016-10-14T19:40Z","NEON.LTR.TREE045693.20161005","NEON.LTR.TREE045693.20161005.NDL","NEON.DOC.001710vE","Needles",14.92,"Y","","hE8YqXO7sNiNpTQ8TwLBTEwXi3KL/fpp"
"deb1df97-8a57-454e-8bdc-e0ed58b8c5ca","TREE_045.basePlot.ltr","D05","TREE","TREE_045","TREE_045_693","2016-10-14","2016-09-19","2016-10-05","2016-10-06T22:00Z","2016-10-14T19:40Z","NEON.LTR.TREE045693.20161005","NEON.LTR.TREE045693.20161005.WDY","NEON.DOC.001710vE","Woody material",0.43,"N","","hE8YqXO7sNiNpTQ8TwLBTEwXi3KL/fpp"
"1d9c4636-372b-4d48-894b-9027ba5901cc","TREE_045.basePlot.ltr","D05","TREE","TREE_045","TREE_045_693","2016-10-14","2016-09-19","2016-10-05","2016-10-06T22:00Z","2016-10-14T19:40Z","NEON.LTR.TREE045693.20161005","NEON.LTR.TREE045693.20161005.FLR","NEON.DOC.001710vE","Flowers",0.06,"N","","hE8YqXO7sNiNpTQ8TwLBTEwXi3KL/fpp"
"eae2bbf7-ef39-4060-944e-56b6373ca4ae","TREE_045.basePlot.ltr","D05","TREE","TREE_045","TREE_045_693","2016-10-14","2016-09-19","2016-10-05","2016-10-06T22:00Z","2016-10-14T19:40Z","NEON.LTR.TREE045693.20161005","NEON.LTR.TREE045693.20161005.NDL","NEON.DOC.001710vE","Needles",14.9,"N","","hE8YqXO7sNiNpTQ8TwLBTEwXi3KL/fpp"
"b128ee0c-7a33-499f-bf1c-b95e5a00691c","TREE_045.basePlot.ltr","D05","TREE","TREE_045","TREE_045_693","2016-10-14","2016-09-19","2016-10-05","2016-10-06T22:00Z","2016-10-14T19:40Z","NEON.LTR.TREE045693.20161005","NEON.LTR.TREE045693.20161005.TWI","NEON.DOC.001710vE","Twigs/branches",1.23,"Y","","hE8YqXO7sNiNpTQ8TwLBTEwXi3KL/fpp"
"cb4cdd04-646f-43ce-b484-6c1836b17fdc","TREE_040.basePlot.ltr","D05","TREE","TREE_040","TREE_040_405","2016-10-14","2016-09-19","2016-10-05","2016-10-06T22:00Z","2016-10-14T19:40Z","NEON.LTR.TREE040405.20161005","NEON.LTR.TREE040405.20161005.NDL","NEON.DOC.001710vE","Needles",0.86,"N","","hE8YqXO7sNiNpTQ8TwLBTEwXi3KL/fpp"
"572d936d-97e9-47e3-af4d-e1d5fbd8aea3","TREE_040.basePlot.ltr","D05","TREE","TREE_040","TREE_040_405","2016-10-14","2016-09-19","2016-10-05","2016-10-06T22:00Z","2016-10-14T19:40Z","NEON.LTR.TREE040405.20161005","NEON.LTR.TREE040405.20161005.SDS","NEON.DOC.001710vE","Seeds",0.08,"N","","hE8YqXO7sNiNpTQ8TwLBTEwXi3KL/fpp"
"e114d9e8-08aa-4309-9d4c-310213d2d2a7","TREE_040.basePlot.ltr","D05","TREE","TREE_040","TREE_040_405","2016-10-14","2016-09-19","2016-10-05","2016-10-06T22:00Z","2016-10-14T19:40Z","NEON.LTR.TREE040405.20161005","NEON.LTR.TREE040405.20161005.LVS","NEON.DOC.001710vE","Leaves",34.09,"N","","hE8YqXO7sNiNpTQ8TwLBTEwXi3KL/fpp"
"fabf400b-dd2e-4059-8bf7-ba1b42a4b52f","TREE_040.basePlot.ltr","D05","TREE","TREE_040","TREE_040_405","2016-10-14","2016-09-19","2016-10-05","2016-10-06T22:00Z","2016-10-14T19:40Z","NEON.LTR.TREE040405.20161005","NEON.LTR.TREE040405.20161005.OTH","NEON.DOC.001710vE","Other",0.13,"N","","hE8YqXO7sNiNpTQ8TwLBTEwXi3KL/fpp"
"500329d1-1091-412d-bce1-443f8ceb231c","TREE_040.basePlot.ltr","D05","TREE","TREE_040","TREE_040_405","2016-10-14","2016-09-19","2016-10-05","2016-10-06T22:00Z","2016-10-14T19:40Z","NEON.LTR.TREE040405.20161005","NEON.LTR.TREE040405.20161005.WDY","NEON.DOC.001710vE","Woody material",0.05,"N","","hE8YqXO7sNiNpTQ8TwLBTEwXi3KL/fpp"
"03284bf9-0ba4-4c99-976d-2a1fd86a1a29","TREE_040.basePlot.ltr","D05","TREE","TREE_040","TREE_040_405","2016-10-14","2016-09-19","2016-10-05","2016-10-06T22:00Z","2016-10-14T19:40Z","NEON.LTR.TREE040405.20161005","NEON.LTR.TREE040405.20161005.TWI","NEON.DOC.001710vE","Twigs/branches",0,"N","","hE8YqXO7sNiNpTQ8TwLBTEwXi3KL/fpp"
"174551f9-e25e-44c8-a863-095718fb7b0f","TREE_040.basePlot.ltr","D05","TREE","TREE_040","TREE_040_405","2016-10-14","2016-09-19","2016-10-05","2016-10-06T22:00Z","2016-10-14T19:40Z","NEON.LTR.TREE040405.20161005","NEON.LTR.TREE040405.20161005.FLR","NEON.DOC.001710vE","Flowers",0.005,"N","","hE8YqXO7sNiNpTQ8TwLBTEwXi3KL/fpp"
"847a3533-c74c-4732-ae0c-06cd32b4d5ce","TREE_041.basePlot.ltr","D05","TREE","TREE_041","TREE_041_797","2016-10-14","2016-09-19","2016-10-05","2016-10-06T22:00Z","2016-10-14T19:40Z","NEON.LTR.TREE041797.20161005","NEON.LTR.TREE041797.20161005.TWI","NEON.DOC.001710vE","Twigs/branches",0,"N","","hE8YqXO7sNiNpTQ8TwLBTEwXi3KL/fpp"
"a6829734-ab7d-4f90-a136-770ffc65d5e2","TREE_041.basePlot.ltr","D05","TREE","TREE_041","TREE_041_797","2016-10-14","2016-09-19","2016-10-05","2016-10-06T22:00Z","2016-10-14T19:40Z","NEON.LTR.TREE041797.20161005","NEON.LTR.TREE041797.20161005.WDY","NEON.DOC.001710vE","Woody material",0.005,"N","","hE8YqXO7sNiNpTQ8TwLBTEwXi3KL/fpp"
"34e05873-180d-4dad-8243-b07786233e7b","TREE_042.basePlot.ltr","D05","TREE","TREE_042","TREE_042_362","2016-10-14","2016-09-19","2016-10-05","2016-10-06T22:00Z","2016-10-14T19:40Z","NEON.LTR.TREE042362.20161005","NEON.LTR.TREE042362.20161005.WDY","NEON.DOC.001710vE","Woody material",0.05,"N","","hE8YqXO7sNiNpTQ8TwLBTEwXi3KL/fpp"
"a154237e-7716-4c46-b852-55f1deb9ff7e","TREE_042.basePlot.ltr","D05","TREE","TREE_042","TREE_042_362","2016-10-14","2016-09-19","2016-10-05","2016-10-06T22:00Z","2016-10-14T19:40Z","NEON.LTR.TREE042362.20161005","NEON.LTR.TREE042362.20161005.OTH","NEON.DOC.001710vE","Other",0.07,"N","","hE8YqXO7sNiNpTQ8TwLBTEwXi3KL/fpp"
"253379ce-fb34-4527-8dab-0243bc9da15a","TREE_042.basePlot.ltr","D05","TREE","TREE_042","TREE_042_362","2016-10-14","2016-09-19","2016-10-05","2016-10-06T22:00Z","2016-10-14T19:40Z","NEON.LTR.TREE042362.20161005","NEON.LTR.TREE042362.20161005.LVS","NEON.DOC.001710vE","Leaves",73.84,"N","","hE8YqXO7sNiNpTQ8TwLBTEwXi3KL/fpp"
"47e2f0ac-47a6-41b4-87ad-9c32f2a2a10d","TREE_042.basePlot.ltr","D05","TREE","TREE_042","TREE_042_362","2016-10-14","2016-09-19","2016-10-05","2016-10-06T22:00Z","2016-10-14T19:40Z","NEON.LTR.TREE042362.20161005","NEON.LTR.TREE042362.20161005.SDS","NEON.DOC.001710vE","Seeds",0.99,"N","","hE8YqXO7sNiNpTQ8TwLBTEwXi3KL/fpp"
"92fb69c0-c7be-4a7c-bd3f-b606d8b2bca6","TREE_042.basePlot.ltr","D05","TREE","TREE_042","TREE_042_362","2016-10-14","2016-09-19","2016-10-05","2016-10-06T22:00Z","2016-10-14T19:40Z","NEON.LTR.TREE042362.20161005","NEON.LTR.TREE042362.20161005.NDL","NEON.DOC.001710vE","Needles",0.005,"N","","hE8YqXO7sNiNpTQ8TwLBTEwXi3KL/fpp"
"8c9ad776-2633-421b-a0f6-53f598cd4bdb","TREE_042.basePlot.ltr","D05","TREE","TREE_042","TREE_042_362","2016-10-14","2016-09-19","2016-10-05","2016-10-06T22:00Z","2016-10-14T19:40Z","NEON.LTR.TREE042362.20161005","NEON.LTR.TREE042362.20161005.FLR","NEON.DOC.001710vE","Flowers",0,"N","","hE8YqXO7sNiNpTQ8TwLBTEwXi3KL/fpp"
"740e6a3e-347f-4147-b218-9d1ce0c0a3b0","TREE_042.basePlot.ltr","D05","TREE","TREE_042","TREE_042_362","2016-10-14","2016-09-19","2016-10-05","2016-10-06T22:00Z","2016-10-14T19:40Z","NEON.LTR.TREE042362.20161005","NEON.LTR.TREE042362.20161005.TWI","NEON.DOC.001710vE","Twigs/branches",0,"N","","hE8YqXO7sNiNpTQ8TwLBTEwXi3KL/fpp"
"ed0895c1-dd5e-4175-8407-e5ddf0932e94","TREE_041.basePlot.ltr","D05","TREE","TREE_041","TREE_041_797","2016-10-14","2016-09-19","2016-10-05","2016-10-06T22:00Z","2016-10-14T19:40Z","NEON.LTR.TREE041797.20161005","NEON.LTR.TREE041797.20161005.NDL","NEON.DOC.001710vE","Needles",0.005,"N","","hE8YqXO7sNiNpTQ8TwLBTEwXi3KL/fpp"
"810e58f7-8572-44d8-ad93-b17b433b2ce8","TREE_041.basePlot.ltr","D05","TREE","TREE_041","TREE_041_797","2016-10-14","2016-09-19","2016-10-05","2016-10-06T22:00Z","2016-10-14T19:40Z","NEON.LTR.TREE041797.20161005","NEON.LTR.TREE041797.20161005.OTH","NEON.DOC.001710vE","Other",0.14,"N","","hE8YqXO7sNiNpTQ8TwLBTEwXi3KL/fpp"
"f323e8fe-69ab-45a8-b255-e9ac217a2289","TREE_041.basePlot.ltr","D05","TREE","TREE_041","TREE_041_797","2016-10-14","2016-09-19","2016-10-05","2016-10-06T22:00Z","2016-10-14T19:40Z","NEON.LTR.TREE041797.20161005","NEON.LTR.TREE041797.20161005.LVS","NEON.DOC.001710vE","Leaves",29.85,"N","","hE8YqXO7sNiNpTQ8TwLBTEwXi3KL/fpp"
"e140389a-5895-4f31-b1d5-3f6ed4564ba7","TREE_041.basePlot.ltr","D05","TREE","TREE_041","TREE_041_797","2016-10-14","2016-09-19","2016-10-05","2016-10-06T22:00Z","2016-10-14T19:40Z","NEON.LTR.TREE041797.20161005","NEON.LTR.TREE041797.20161005.SDS","NEON.DOC.001710vE","Seeds",0.9,"N","","hE8YqXO7sNiNpTQ8TwLBTEwXi3KL/fpp"
"05017bef-4c95-4295-8a42-53f5286b99c2","TREE_041.basePlot.ltr","D05","TREE","TREE_041","TREE_041_797","2016-10-14","2016-09-19","2016-10-05","2016-10-06T22:00Z","2016-10-14T19:40Z","NEON.LTR.TREE041797.20161005","NEON.LTR.TREE041797.20161005.FLR","NEON.DOC.001710vE","Flowers",0,"N","","hE8YqXO7sNiNpTQ8TwLBTEwXi3KL/fpp"
"740b4e63-f903-4dd2-bb4e-87747f24ed45","TREE_052.basePlot.ltr","D05","TREE","TREE_052","TREE_052_066","2016-10-14","2016-09-19","2016-10-05","2016-10-06T22:00Z","2016-10-14T19:40Z","NEON.LTR.TREE052066.20161005","NEON.LTR.TREE052066.20161005.NDL","NEON.DOC.001710vE","Needles",0.07,"N","","hE8YqXO7sNiNpTQ8TwLBTEwXi3KL/fpp"
"8aaf389c-4e5a-4d23-ae1d-7346037e3a8c","TREE_052.basePlot.ltr","D05","TREE","TREE_052","TREE_052_066","2016-10-14","2016-09-19","2016-10-05","2016-10-06T22:00Z","2016-10-14T19:40Z","NEON.LTR.TREE052066.20161005","NEON.LTR.TREE052066.20161005.WDY","NEON.DOC.001710vE","Woody material",0.01,"N","","hE8YqXO7sNiNpTQ8TwLBTEwXi3KL/fpp"
"8d208e8e-f827-4c04-85a5-1ca1bb4a78ab","TREE_052.basePlot.ltr","D05","TREE","TREE_052","TREE_052_066","2016-10-14","2016-09-19","2016-10-05","2016-10-06T22:00Z","2016-10-14T19:40Z","NEON.LTR.TREE052066.20161005","NEON.LTR.TREE052066.20161005.FLR","NEON.DOC.001710vE","Flowers",0.04,"N","","hE8YqXO7sNiNpTQ8TwLBTEwXi3KL/fpp"
"2d94ebf6-fba6-4f0a-a81e-1814b4823c01","TREE_052.basePlot.ltr","D05","TREE","TREE_052","TREE_052_066","2016-10-14","2016-09-19","2016-10-05","2016-10-06T22:00Z","2016-10-14T19:40Z","NEON.LTR.TREE052066.20161005","NEON.LTR.TREE052066.20161005.TWI","NEON.DOC.001710vE","Twigs/branches",0,"N","","hE8YqXO7sNiNpTQ8TwLBTEwXi3KL/fpp"
"3897b4ce-7681-487f-b8f5-dd21123d0b26","TREE_052.basePlot.ltr","D05","TREE","TREE_052","TREE_052_066","2016-10-14","2016-09-19","2016-10-05","2016-10-06T22:00Z","2016-10-14T19:40Z","NEON.LTR.TREE052066.20161005","NEON.LTR.TREE052066.20161005.OTH","NEON.DOC.001710vE","Other",0.07,"N","","hE8YqXO7sNiNpTQ8TwLBTEwXi3KL/fpp"
"c8e58932-4d43-4711-b2d4-90af97276832","TREE_052.basePlot.ltr","D05","TREE","TREE_052","TREE_052_066","2016-10-14","2016-09-19","2016-10-05","2016-10-06T22:00Z","2016-10-14T19:40Z","NEON.LTR.TREE052066.20161005","NEON.LTR.TREE052066.20161005.SDS","NEON.DOC.001710vE","Seeds",0.65,"Y","","hE8YqXO7sNiNpTQ8TwLBTEwXi3KL/fpp"
"a5dce259-42d3-4885-925b-1dc0d14998ab","TREE_052.basePlot.ltr","D05","TREE","TREE_052","TREE_052_066","2016-10-14","2016-09-19","2016-10-05","2016-10-06T22:00Z","2016-10-14T19:40Z","NEON.LTR.TREE052066.20161005","NEON.LTR.TREE052066.20161005.SDS","NEON.DOC.001710vE","Seeds",0.65,"N","","hE8YqXO7sNiNpTQ8TwLBTEwXi3KL/fpp"
"13d932f9-9059-4bb8-93e2-839376c2b04a","TREE_039.basePlot.ltr","D05","TREE","TREE_039","TREE_039_379","2016-10-14","2016-09-19","2016-10-05","2016-10-06T22:00Z","2016-10-14T19:40Z","NEON.LTR.TREE039379.20161005","NEON.LTR.TREE039379.20161005.NDL","NEON.DOC.001710vE","Needles",0.03,"N","","hE8YqXO7sNiNpTQ8TwLBTEwXi3KL/fpp"
"26c520ee-4b04-42e5-87ad-c9a8e7a26de5","TREE_039.basePlot.ltr","D05","TREE","TREE_039","TREE_039_379","2016-10-14","2016-09-19","2016-10-05","2016-10-06T22:00Z","2016-10-14T19:40Z","NEON.LTR.TREE039379.20161005","NEON.LTR.TREE039379.20161005.SDS","NEON.DOC.001710vE","Seeds",0.03,"N","","hE8YqXO7sNiNpTQ8TwLBTEwXi3KL/fpp"
"17920ea8-bd76-4781-a866-3f205c999b32","TREE_052.basePlot.ltr","D05","TREE","TREE_052","TREE_052_066","2016-10-14","2016-09-19","2016-10-05","2016-10-06T22:00Z","2016-10-14T19:40Z","NEON.LTR.TREE052066.20161005","NEON.LTR.TREE052066.20161005.LVS","NEON.DOC.001710vE","Leaves",17.05,"N","","hE8YqXO7sNiNpTQ8TwLBTEwXi3KL/fpp"
"ecbda29a-7343-46f3-b45d-2cd4058ef5a7","TREE_039.basePlot.ltr","D05","TREE","TREE_039","TREE_039_379","2016-10-14","2016-09-19","2016-10-05","2016-10-06T22:00Z","2016-10-14T19:40Z","NEON.LTR.TREE039379.20161005","NEON.LTR.TREE039379.20161005.OTH","NEON.DOC.001710vE","Other",0.05,"N","","hE8YqXO7sNiNpTQ8TwLBTEwXi3KL/fpp"
"1cf823c5-b450-4dc4-aa8f-aa98c7428d37","TREE_039.basePlot.ltr","D05","TREE","TREE_039","TREE_039_379","2016-10-14","2016-09-19","2016-10-05","2016-10-06T22:00Z","2016-10-14T19:40Z","NEON.LTR.TREE039379.20161005","NEON.LTR.TREE039379.20161005.TWI","NEON.DOC.001710vE","Twigs/branches",0,"N","","hE8YqXO7sNiNpTQ8TwLBTEwXi3KL/fpp"
"03053593-dbbb-43e9-9204-f4028062900b","TREE_039.basePlot.ltr","D05","TREE","TREE_039","TREE_039_379","2016-10-14","2016-09-19","2016-10-05","2016-10-06T22:00Z","2016-10-14T19:40Z","NEON.LTR.TREE039379.20161005","NEON.LTR.TREE039379.20161005.FLR","NEON.DOC.001710vE","Flowers",0,"N","","hE8YqXO7sNiNpTQ8TwLBTEwXi3KL/fpp"
"63b17cf7-e657-4b54-92cc-ff83cd2125f5","TREE_039.basePlot.ltr","D05","TREE","TREE_039","TREE_039_379","2016-10-14","2016-09-19","2016-10-05","2016-10-06T22:00Z","2016-10-14T19:40Z","NEON.LTR.TREE039379.20161005","NEON.LTR.TREE039379.20161005.WDY","NEON.DOC.001710vE","Woody material",0.16,"N","","hE8YqXO7sNiNpTQ8TwLBTEwXi3KL/fpp"
"abb1c985-1eb6-4af7-8b09-ec3f1864c2b3","TREE_039.basePlot.ltr","D05","TREE","TREE_039","TREE_039_379","2016-10-14","2016-09-19","2016-10-05","2016-10-06T22:00Z","2016-10-14T19:40Z","NEON.LTR.TREE039379.20161005","NEON.LTR.TREE039379.20161005.LVS","NEON.DOC.001710vE","Leaves",36.15,"N","","hE8YqXO7sNiNpTQ8TwLBTEwXi3KL/fpp"
"057705d1-d4a5-4bfa-9df5-e3c0dd8b4340","TREE_050.basePlot.ltr","D05","TREE","TREE_050","TREE_050_938","2016-10-14","2016-09-19","2016-10-05","2016-10-06T22:00Z","2016-10-14T19:40Z","NEON.LTR.TREE050938.20161005","NEON.LTR.TREE050938.20161005.WDY","NEON.DOC.001710vE","Woody material",0.005,"N","","hE8YqXO7sNiNpTQ8TwLBTEwXi3KL/fpp"
"274dc876-2304-4b0a-9f05-acc2394db26a","TREE_050.basePlot.ltr","D05","TREE","TREE_050","TREE_050_938","2016-10-14","2016-09-19","2016-10-05","2016-10-06T22:00Z","2016-10-14T19:40Z","NEON.LTR.TREE050938.20161005","NEON.LTR.TREE050938.20161005.NDL","NEON.DOC.001710vE","Needles",0.59,"N","","hE8YqXO7sNiNpTQ8TwLBTEwXi3KL/fpp"
"4a29c6c2-55a4-4bff-8322-38e6d6e747dd","TREE_050.basePlot.ltr","D05","TREE","TREE_050","TREE_050_938","2016-10-14","2016-09-19","2016-10-05","2016-10-06T22:00Z","2016-10-14T19:40Z","NEON.LTR.TREE050938.20161005","NEON.LTR.TREE050938.20161005.OTH","NEON.DOC.001710vE","Other",0,"N","","hE8YqXO7sNiNpTQ8TwLBTEwXi3KL/fpp"
"1281bc3e-8f53-4363-8264-1359f6a29613","TREE_050.basePlot.ltr","D05","TREE","TREE_050","TREE_050_938","2016-10-14","2016-09-19","2016-10-05","2016-10-06T22:00Z","2016-10-14T19:40Z","NEON.LTR.TREE050938.20161005","NEON.LTR.TREE050938.20161005.TWI","NEON.DOC.001710vE","Twigs/branches",0,"N","","hE8YqXO7sNiNpTQ8TwLBTEwXi3KL/fpp"
"e3bdccb4-bb67-4c9a-937e-009798a90beb","TREE_050.basePlot.ltr","D05","TREE","TREE_050","TREE_050_938","2016-10-14","2016-09-19","2016-10-05","2016-10-06T22:00Z","2016-10-14T19:40Z","NEON.LTR.TREE050938.20161005","NEON.LTR.TREE050938.20161005.LVS","NEON.DOC.001710vE","Leaves",0,"N","","hE8YqXO7sNiNpTQ8TwLBTEwXi3KL/fpp"
"02e7873a-877a-4a6f-8876-ec9c6dc25a5d","TREE_050.basePlot.ltr","D05","TREE","TREE_050","TREE_050_938","2016-10-14","2016-09-19","2016-10-05","2016-10-06T22:00Z","2016-10-14T19:40Z","NEON.LTR.TREE050938.20161005","NEON.LTR.TREE050938.20161005.SDS","NEON.DOC.001710vE","Seeds",0,"N","","hE8YqXO7sNiNpTQ8TwLBTEwXi3KL/fpp"
"9c5cc9b5-7f46-4a98-b432-cbd95094e447","TREE_050.basePlot.ltr","D05","TREE","TREE_050","TREE_050_938","2016-10-14","2016-09-19","2016-10-05","2016-10-06T22:00Z","2016-10-14T19:40Z","NEON.LTR.TREE050938.20161005","NEON.LTR.TREE050938.20161005.NDL","NEON.DOC.001710vE","Needles",0.59,"Y","","hE8YqXO7sNiNpTQ8TwLBTEwXi3KL/fpp"
"0dab79b4-b242-4d29-8fcc-14c2a6c7c7b3","TREE_050.basePlot.ltr","D05","TREE","TREE_050","TREE_050_938","2016-10-14","2016-09-19","2016-10-05","2016-10-06T22:00Z","2016-10-14T19:40Z","NEON.LTR.TREE050938.20161005","NEON.LTR.TREE050938.20161005.FLR","NEON.DOC.001710vE","Flowers",0,"N","","hE8YqXO7sNiNpTQ8TwLBTEwXi3KL/fpp"
"350d168f-4305-4613-8deb-7472abbc80a4","TREE_042.basePlot.ltr","D05","TREE","TREE_042","TREE_042_891","2016-10-14","2016-09-19","2016-10-05","2016-10-06T22:00Z","2016-10-14T19:40Z","NEON.LTR.TREE042891.20161005","NEON.LTR.TREE042891.20161005.OTH","NEON.DOC.001710vE","Other",0.29,"N","","hE8YqXO7sNiNpTQ8TwLBTEwXi3KL/fpp"
"719fb54c-d9cd-4e9f-906c-e99a6efcdee9","TREE_042.basePlot.ltr","D05","TREE","TREE_042","TREE_042_891","2016-10-14","2016-09-19","2016-10-05","2016-10-06T22:00Z","2016-10-14T19:40Z","NEON.LTR.TREE042891.20161005","NEON.LTR.TREE042891.20161005.SDS","NEON.DOC.001710vE","Seeds",3.64,"Y","","hE8YqXO7sNiNpTQ8TwLBTEwXi3KL/fpp"
"629ba3f8-d3b2-468e-9679-6d7c1ba26688","TREE_042.basePlot.ltr","D05","TREE","TREE_042","TREE_042_891","2016-10-14","2016-09-19","2016-10-05","2016-10-06T22:00Z","2016-10-14T19:40Z","NEON.LTR.TREE042891.20161005","NEON.LTR.TREE042891.20161005.TWI","NEON.DOC.001710vE","Twigs/branches",2.38,"N","","hE8YqXO7sNiNpTQ8TwLBTEwXi3KL/fpp"
"18e5765f-44c7-4005-b632-1ca5f889fcfb","TREE_042.basePlot.ltr","D05","TREE","TREE_042","TREE_042_891","2016-10-14","2016-09-19","2016-10-05","2016-10-06T22:00Z","2016-10-14T19:40Z","NEON.LTR.TREE042891.20161005","NEON.LTR.TREE042891.20161005.NDL","NEON.DOC.001710vE","Needles",0.31,"N","","hE8YqXO7sNiNpTQ8TwLBTEwXi3KL/fpp"
"79ca17ef-fe78-4ea9-a729-873d10854e88","TREE_042.basePlot.ltr","D05","TREE","TREE_042","TREE_042_891","2016-10-14","2016-09-19","2016-10-05","2016-10-06T22:00Z","2016-10-14T19:40Z","NEON.LTR.TREE042891.20161005","NEON.LTR.TREE042891.20161005.LVS","NEON.DOC.001710vE","Leaves",38.7,"N","","hE8YqXO7sNiNpTQ8TwLBTEwXi3KL/fpp"
"55bb0bb4-abbd-49dc-99e8-2bcb633a8b9e","TREE_042.basePlot.ltr","D05","TREE","TREE_042","TREE_042_891","2016-10-14","2016-09-19","2016-10-05","2016-10-06T22:00Z","2016-10-14T19:40Z","NEON.LTR.TREE042891.20161005","NEON.LTR.TREE042891.20161005.WDY","NEON.DOC.001710vE","Woody material",0.005,"N","","hE8YqXO7sNiNpTQ8TwLBTEwXi3KL/fpp"
"5ded0784-18db-4c01-a141-2065c8c527f9","TREE_042.basePlot.ltr","D05","TREE","TREE_042","TREE_042_891","2016-10-14","2016-09-19","2016-10-05","2016-10-06T22:00Z","2016-10-14T19:40Z","NEON.LTR.TREE042891.20161005","NEON.LTR.TREE042891.20161005.FLR","NEON.DOC.001710vE","Flowers",0.005,"N","","hE8YqXO7sNiNpTQ8TwLBTEwXi3KL/fpp"
"c2b764d2-881c-4fb6-af4a-fc6bef2d29d3","TREE_042.basePlot.ltr","D05","TREE","TREE_042","TREE_042_891","2016-10-14","2016-09-19","2016-10-05","2016-10-06T22:00Z","2016-10-14T19:40Z","NEON.LTR.TREE042891.20161005","NEON.LTR.TREE042891.20161005.SDS","NEON.DOC.001710vE","Seeds",3.66,"N","","hE8YqXO7sNiNpTQ8TwLBTEwXi3KL/fpp"
"96ce8d2d-0749-454b-8d34-728e24ec7bd3","TREE_056.basePlot.ltr","D05","TREE","TREE_056","TREE_056_168","2016-10-14","2016-09-19","2016-10-05","2016-10-06T22:00Z","2016-10-14T19:40Z","NEON.LTR.TREE056168.20161005","NEON.LTR.TREE056168.20161005.NDL","NEON.DOC.001710vE","Needles",0,"N","","hE8YqXO7sNiNpTQ8TwLBTEwXi3KL/fpp"
"9f3903e1-15e5-4ec4-99b1-a89b96fda367","TREE_056.basePlot.ltr","D05","TREE","TREE_056","TREE_056_168","2016-10-14","2016-09-19","2016-10-05","2016-10-06T22:00Z","2016-10-14T19:40Z","NEON.LTR.TREE056168.20161005","NEON.LTR.TREE056168.20161005.OTH","NEON.DOC.001710vE","Other",0,"N","","hE8YqXO7sNiNpTQ8TwLBTEwXi3KL/fpp"
"eae11bb2-7497-47a6-b326-cc6fc9ecf12a","TREE_056.basePlot.ltr","D05","TREE","TREE_056","TREE_056_168","2016-10-14","2016-09-19","2016-10-05","2016-10-06T22:00Z","2016-10-14T19:40Z","NEON.LTR.TREE056168.20161005","NEON.LTR.TREE056168.20161005.LVS","NEON.DOC.001710vE","Leaves",68.43,"N","","hE8YqXO7sNiNpTQ8TwLBTEwXi3KL/fpp"
"0d8f87ed-dbef-4137-98b8-020e96d47b13","TREE_056.basePlot.ltr","D05","TREE","TREE_056","TREE_056_168","2016-10-14","2016-09-19","2016-10-05","2016-10-06T22:00Z","2016-10-14T19:40Z","NEON.LTR.TREE056168.20161005","NEON.LTR.TREE056168.20161005.TWI","NEON.DOC.001710vE","Twigs/branches",0,"N","","hE8YqXO7sNiNpTQ8TwLBTEwXi3KL/fpp"
"9f0e23b1-1144-4630-a753-8ca5a42a92bf","TREE_056.basePlot.ltr","D05","TREE","TREE_056","TREE_056_168","2016-10-14","2016-09-19","2016-10-05","2016-10-06T22:00Z","2016-10-14T19:40Z","NEON.LTR.TREE056168.20161005","NEON.LTR.TREE056168.20161005.SDS","NEON.DOC.001710vE","Seeds",0.28,"N","","hE8YqXO7sNiNpTQ8TwLBTEwXi3KL/fpp"
"503c6bd2-6bd8-4b11-b24b-acaf1a0b58f6","TREE_056.basePlot.ltr","D05","TREE","TREE_056","TREE_056_168","2016-10-14","2016-09-19","2016-10-05","2016-10-06T22:00Z","2016-10-14T19:40Z","NEON.LTR.TREE056168.20161005","NEON.LTR.TREE056168.20161005.SDS","NEON.DOC.001710vE","Seeds",0.29,"Y","","hE8YqXO7sNiNpTQ8TwLBTEwXi3KL/fpp"
"fb3ea909-4775-4314-b022-35ba16215cca","TREE_056.basePlot.ltr","D05","TREE","TREE_056","TREE_056_168","2016-10-14","2016-09-19","2016-10-05","2016-10-06T22:00Z","2016-10-14T19:40Z","NEON.LTR.TREE056168.20161005","NEON.LTR.TREE056168.20161005.FLR","NEON.DOC.001710vE","Flowers",0.005,"N","","hE8YqXO7sNiNpTQ8TwLBTEwXi3KL/fpp"
"192eaae1-dae9-4bee-a2ee-a853e9127454","TREE_056.basePlot.ltr","D05","TREE","TREE_056","TREE_056_168","2016-10-14","2016-09-19","2016-10-05","2016-10-06T22:00Z","2016-10-14T19:40Z","NEON.LTR.TREE056168.20161005","NEON.LTR.TREE056168.20161005.WDY","NEON.DOC.001710vE","Woody material",0,"N","","hE8YqXO7sNiNpTQ8TwLBTEwXi3KL/fpp"
"6f4bc0fd-802c-4d5c-b702-141a1423b6d2","TREE_052.basePlot.ltr","D05","TREE","TREE_052","TREE_052_313","2016-10-14","2016-09-19","2016-10-05","2016-10-06T22:00Z","2016-10-14T19:40Z","NEON.LTR.TREE052313.20161005","NEON.LTR.TREE052313.20161005.LVS","NEON.DOC.001710vE","Leaves",26.09,"N","","hE8YqXO7sNiNpTQ8TwLBTEwXi3KL/fpp"
"bc76e76d-c248-4d4d-9ff2-fd6127aef0dd","TREE_052.basePlot.ltr","D05","TREE","TREE_052","TREE_052_313","2016-10-14","2016-09-19","2016-10-05","2016-10-06T22:00Z","2016-10-14T19:40Z","NEON.LTR.TREE052313.20161005","NEON.LTR.TREE052313.20161005.OTH","NEON.DOC.001710vE","Other",0,"N","","hE8YqXO7sNiNpTQ8TwLBTEwXi3KL/fpp"
"c183ade4-b122-4915-a5d3-37ea16759a4e","TREE_052.basePlot.ltr","D05","TREE","TREE_052","TREE_052_313","2016-10-14","2016-09-19","2016-10-05","2016-10-06T22:00Z","2016-10-14T19:40Z","NEON.LTR.TREE052313.20161005","NEON.LTR.TREE052313.20161005.LVS","NEON.DOC.001710vE","Leaves",25.95,"Y","","hE8YqXO7sNiNpTQ8TwLBTEwXi3KL/fpp"
"b065aef5-9edd-4d93-b7e1-e9604b43b229","TREE_052.basePlot.ltr","D05","TREE","TREE_052","TREE_052_313","2016-10-14","2016-09-19","2016-10-05","2016-10-06T22:00Z","2016-10-14T19:40Z","NEON.LTR.TREE052313.20161005","NEON.LTR.TREE052313.20161005.FLR","NEON.DOC.001710vE","Flowers",0,"N","","hE8YqXO7sNiNpTQ8TwLBTEwXi3KL/fpp"
"6ebb245c-850f-477f-8d52-3cbc42493652","TREE_052.basePlot.ltr","D05","TREE","TREE_052","TREE_052_313","2016-10-14","2016-09-19","2016-10-05","2016-10-06T22:00Z","2016-10-14T19:40Z","NEON.LTR.TREE052313.20161005","NEON.LTR.TREE052313.20161005.SDS","NEON.DOC.001710vE","Seeds",0.33,"N","","hE8YqXO7sNiNpTQ8TwLBTEwXi3KL/fpp"
"c07e332c-21cd-4342-b404-087962d48bcf","TREE_052.basePlot.ltr","D05","TREE","TREE_052","TREE_052_313","2016-10-14","2016-09-19","2016-10-05","2016-10-06T22:00Z","2016-10-14T19:40Z","NEON.LTR.TREE052313.20161005","NEON.LTR.TREE052313.20161005.WDY","NEON.DOC.001710vE","Woody material",0,"N","","hE8YqXO7sNiNpTQ8TwLBTEwXi3KL/fpp"
"d919f19c-59cc-4408-868e-5c3b850e9d22","TREE_052.basePlot.ltr","D05","TREE","TREE_052","TREE_052_313","2016-10-14","2016-09-19","2016-10-05","2016-10-06T22:00Z","2016-10-14T19:40Z","NEON.LTR.TREE052313.20161005","NEON.LTR.TREE052313.20161005.NDL","NEON.DOC.001710vE","Needles",4.38,"N","","hE8YqXO7sNiNpTQ8TwLBTEwXi3KL/fpp"
"b1fac9be-f40f-4cb3-b186-8c295e9574a1","TREE_052.basePlot.ltr","D05","TREE","TREE_052","TREE_052_313","2016-10-14","2016-09-19","2016-10-05","2016-10-06T22:00Z","2016-10-14T19:40Z","NEON.LTR.TREE052313.20161005","NEON.LTR.TREE052313.20161005.TWI","NEON.DOC.001710vE","Twigs/branches",0.07,"N","","hE8YqXO7sNiNpTQ8TwLBTEwXi3KL/fpp"
"d68069fb-93b5-4682-ba1e-dd69dd3cea7f","TREE_051.basePlot.ltr","D05","TREE","TREE_051","TREE_051_810","2016-10-14","2016-09-19","2016-10-05","2016-10-06T22:00Z","2016-10-14T19:40Z","NEON.LTR.TREE051810.20161005","NEON.LTR.TREE051810.20161005.LVS","NEON.DOC.001710vE","Leaves",64.72,"N","","hE8YqXO7sNiNpTQ8TwLBTEwXi3KL/fpp"
"d6bf87f1-cbaf-4717-a17c-19c8c7c02a1b","TREE_051.basePlot.ltr","D05","TREE","TREE_051","TREE_051_810","2016-10-14","2016-09-19","2016-10-05","2016-10-06T22:00Z","2016-10-14T19:40Z","NEON.LTR.TREE051810.20161005","NEON.LTR.TREE051810.20161005.TWI","NEON.DOC.001710vE","Twigs/branches",0.44,"N","","hE8YqXO7sNiNpTQ8TwLBTEwXi3KL/fpp"
"18339da5-0e16-48fb-b1f6-9c1cc0182cb2","TREE_051.basePlot.ltr","D05","TREE","TREE_051","TREE_051_810","2016-10-14","2016-09-19","2016-10-05","2016-10-06T22:00Z","2016-10-14T19:40Z","NEON.LTR.TREE051810.20161005","NEON.LTR.TREE051810.20161005.WDY","NEON.DOC.001710vE","Woody material",0,"N","","hE8YqXO7sNiNpTQ8TwLBTEwXi3KL/fpp"
"e82735db-42f1-4031-9ff9-15afce89cd39","TREE_051.basePlot.ltr","D05","TREE","TREE_051","TREE_051_810","2016-10-14","2016-09-19","2016-10-05","2016-10-06T22:00Z","2016-10-14T19:40Z","NEON.LTR.TREE051810.20161005","NEON.LTR.TREE051810.20161005.NDL","NEON.DOC.001710vE","Needles",0.005,"N","","hE8YqXO7sNiNpTQ8TwLBTEwXi3KL/fpp"
"eecb4f4c-f9f6-48d5-a8a2-9ac62241d271","TREE_051.basePlot.ltr","D05","TREE","TREE_051","TREE_051_810","2016-10-14","2016-09-19","2016-10-05","2016-10-06T22:00Z","2016-10-14T19:40Z","NEON.LTR.TREE051810.20161005","NEON.LTR.TREE051810.20161005.OTH","NEON.DOC.001710vE","Other",0.06,"N","","hE8YqXO7sNiNpTQ8TwLBTEwXi3KL/fpp"
"eea26236-5e1a-4141-9b41-88275163bf55","TREE_050.basePlot.ltr","D05","TREE","TREE_050","TREE_050_523","2016-10-14","2016-09-19","2016-10-05","2016-10-06T22:00Z","2016-10-14T19:40Z","NEON.LTR.TREE050523.20161005","NEON.LTR.TREE050523.20161005.NDL","NEON.DOC.001710vE","Needles",12.94,"N","","hE8YqXO7sNiNpTQ8TwLBTEwXi3KL/fpp"
"fd34074d-5103-4cc9-a05c-f6d6de14ca86","TREE_051.basePlot.ltr","D05","TREE","TREE_051","TREE_051_810","2016-10-14","2016-09-19","2016-10-05","2016-10-06T22:00Z","2016-10-14T19:40Z","NEON.LTR.TREE051810.20161005","NEON.LTR.TREE051810.20161005.FLR","NEON.DOC.001710vE","Flowers",0,"N","","hE8YqXO7sNiNpTQ8TwLBTEwXi3KL/fpp"
"e1ecedbb-bc94-46c2-8810-8dabae6c39c9","TREE_051.basePlot.ltr","D05","TREE","TREE_051","TREE_051_810","2016-10-14","2016-09-19","2016-10-05","2016-10-06T22:00Z","2016-10-14T19:40Z","NEON.LTR.TREE051810.20161005","NEON.LTR.TREE051810.20161005.SDS","NEON.DOC.001710vE","Seeds",0.5,"N","","hE8YqXO7sNiNpTQ8TwLBTEwXi3KL/fpp"
"2f85bce2-9eaf-4959-922d-8986a063a4b0","TREE_050.basePlot.ltr","D05","TREE","TREE_050","TREE_050_523","2016-10-14","2016-09-19","2016-10-05","2016-10-06T22:00Z","2016-10-14T19:40Z","NEON.LTR.TREE050523.20161005","NEON.LTR.TREE050523.20161005.SDS","NEON.DOC.001710vE","Seeds",0.005,"N","","hE8YqXO7sNiNpTQ8TwLBTEwXi3KL/fpp"
"b97f11ac-b0aa-49a2-90f6-d52848a5b0de","TREE_050.basePlot.ltr","D05","TREE","TREE_050","TREE_050_523","2016-10-14","2016-09-19","2016-10-05","2016-10-06T22:00Z","2016-10-14T19:40Z","NEON.LTR.TREE050523.20161005","NEON.LTR.TREE050523.20161005.LVS","NEON.DOC.001710vE","Leaves",0.94,"N","","hE8YqXO7sNiNpTQ8TwLBTEwXi3KL/fpp"
"2593c5af-9159-4565-9ff3-b5ba90a9413d","TREE_050.basePlot.ltr","D05","TREE","TREE_050","TREE_050_523","2016-10-14","2016-09-19","2016-10-05","2016-10-06T22:00Z","2016-10-14T19:40Z","NEON.LTR.TREE050523.20161005","NEON.LTR.TREE050523.20161005.TWI","NEON.DOC.001710vE","Twigs/branches",1.55,"N","","hE8YqXO7sNiNpTQ8TwLBTEwXi3KL/fpp"
"a49a446f-a737-4414-a789-23b7a514b24c","TREE_050.basePlot.ltr","D05","TREE","TREE_050","TREE_050_523","2016-10-14","2016-09-19","2016-10-05","2016-10-06T22:00Z","2016-10-14T19:40Z","NEON.LTR.TREE050523.20161005","NEON.LTR.TREE050523.20161005.OTH","NEON.DOC.001710vE","Other",0.16,"Y","","hE8YqXO7sNiNpTQ8TwLBTEwXi3KL/fpp"
"da988206-29b3-4f55-bf95-3c93da6c8b84","TREE_050.basePlot.ltr","D05","TREE","TREE_050","TREE_050_523","2016-10-14","2016-09-19","2016-10-05","2016-10-06T22:00Z","2016-10-14T19:40Z","NEON.LTR.TREE050523.20161005","NEON.LTR.TREE050523.20161005.FLR","NEON.DOC.001710vE","Flowers",0.11,"N","","hE8YqXO7sNiNpTQ8TwLBTEwXi3KL/fpp"
"d3c0b53e-d605-4c79-90f9-a2bc6141ab13","TREE_053.basePlot.ltr","D05","TREE","TREE_053","TREE_053_419","2016-10-14","2016-09-19","2016-10-05","2016-10-06T22:00Z","2016-10-14T19:40Z","NEON.LTR.TREE053419.20161005","NEON.LTR.TREE053419.20161005.NDL","NEON.DOC.001710vE","Needles",0,"N","","hE8YqXO7sNiNpTQ8TwLBTEwXi3KL/fpp"
"7acba23d-33d2-422e-a54b-2e0ca8513cf7","TREE_050.basePlot.ltr","D05","TREE","TREE_050","TREE_050_523","2016-10-14","2016-09-19","2016-10-05","2016-10-06T22:00Z","2016-10-14T19:40Z","NEON.LTR.TREE050523.20161005","NEON.LTR.TREE050523.20161005.WDY","NEON.DOC.001710vE","Woody material",0.4,"N","","hE8YqXO7sNiNpTQ8TwLBTEwXi3KL/fpp"
"a462ec3c-68da-41ef-ad36-af53deb3eb23","TREE_050.basePlot.ltr","D05","TREE","TREE_050","TREE_050_523","2016-10-14","2016-09-19","2016-10-05","2016-10-06T22:00Z","2016-10-14T19:40Z","NEON.LTR.TREE050523.20161005","NEON.LTR.TREE050523.20161005.OTH","NEON.DOC.001710vE","Other",0.17,"N","","hE8YqXO7sNiNpTQ8TwLBTEwXi3KL/fpp"
"cba8d24b-5f5b-4790-9f6c-ba2f83d16d3b","TREE_053.basePlot.ltr","D05","TREE","TREE_053","TREE_053_419","2016-10-14","2016-09-19","2016-10-05","2016-10-06T22:00Z","2016-10-14T19:40Z","NEON.LTR.TREE053419.20161005","NEON.LTR.TREE053419.20161005.TWI","NEON.DOC.001710vE","Twigs/branches",0.07,"N","","hE8YqXO7sNiNpTQ8TwLBTEwXi3KL/fpp"
"c17d49fc-2a8c-46d9-9918-bde54039d44d","TREE_053.basePlot.ltr","D05","TREE","TREE_053","TREE_053_419","2016-10-14","2016-09-19","2016-10-05","2016-10-06T22:00Z","2016-10-14T19:40Z","NEON.LTR.TREE053419.20161005","NEON.LTR.TREE053419.20161005.OTH","NEON.DOC.001710vE","Other",0.005,"N","","hE8YqXO7sNiNpTQ8TwLBTEwXi3KL/fpp"
"18787eb1-c55c-4e8f-9f98-fe154bac4dad","TREE_053.basePlot.ltr","D05","TREE","TREE_053","TREE_053_419","2016-10-14","2016-09-19","2016-10-05","2016-10-06T22:00Z","2016-10-14T19:40Z","NEON.LTR.TREE053419.20161005","NEON.LTR.TREE053419.20161005.WDY","NEON.DOC.001710vE","Woody material",0,"N","","hE8YqXO7sNiNpTQ8TwLBTEwXi3KL/fpp"
"cf916b89-ac78-4a46-946f-801de73969ca","TREE_053.basePlot.ltr","D05","TREE","TREE_053","TREE_053_419","2016-10-14","2016-09-19","2016-10-05","2016-10-06T22:00Z","2016-10-14T19:40Z","NEON.LTR.TREE053419.20161005","NEON.LTR.TREE053419.20161005.FLR","NEON.DOC.001710vE","Flowers",0,"N","","hE8YqXO7sNiNpTQ8TwLBTEwXi3KL/fpp"
"548f2a24-85d5-4204-a3f3-fbe84c4161a7","TREE_053.basePlot.ltr","D05","TREE","TREE_053","TREE_053_419","2016-10-14","2016-09-19","2016-10-05","2016-10-06T22:00Z","2016-10-14T19:40Z","NEON.LTR.TREE053419.20161005","NEON.LTR.TREE053419.20161005.LVS","NEON.DOC.001710vE","Leaves",51.66,"N","","hE8YqXO7sNiNpTQ8TwLBTEwXi3KL/fpp"
"39ec4a8a-c851-42e9-84db-6b7f1302ed02","TREE_053.basePlot.ltr","D05","TREE","TREE_053","TREE_053_790","2016-10-14","2016-09-19","2016-10-05","2016-10-06T22:00Z","2016-10-14T19:40Z","NEON.LTR.TREE053790.20161005","NEON.LTR.TREE053790.20161005.LVS","NEON.DOC.001710vE","Leaves",48.25,"N","","hE8YqXO7sNiNpTQ8TwLBTEwXi3KL/fpp"
"3ecb09c5-f0e6-483f-8d71-3a7d98580358","TREE_053.basePlot.ltr","D05","TREE","TREE_053","TREE_053_419","2016-10-14","2016-09-19","2016-10-05","2016-10-06T22:00Z","2016-10-14T19:40Z","NEON.LTR.TREE053419.20161005","NEON.LTR.TREE053419.20161005.SDS","NEON.DOC.001710vE","Seeds",0.52,"N","","hE8YqXO7sNiNpTQ8TwLBTEwXi3KL/fpp"
"88012fbf-1cb8-465d-a5de-946187e3d827","TREE_053.basePlot.ltr","D05","TREE","TREE_053","TREE_053_790","2016-10-14","2016-09-19","2016-10-05","2016-10-06T22:00Z","2016-10-14T19:40Z","NEON.LTR.TREE053790.20161005","NEON.LTR.TREE053790.20161005.OTH","NEON.DOC.001710vE","Other",0.11,"Y","","hE8YqXO7sNiNpTQ8TwLBTEwXi3KL/fpp"
"c4845b80-4489-4505-8776-54233a057b8d","TREE_053.basePlot.ltr","D05","TREE","TREE_053","TREE_053_790","2016-10-14","2016-09-19","2016-10-05","2016-10-06T22:00Z","2016-10-14T19:40Z","NEON.LTR.TREE053790.20161005","NEON.LTR.TREE053790.20161005.SDS","NEON.DOC.001710vE","Seeds",0.27,"N","","hE8YqXO7sNiNpTQ8TwLBTEwXi3KL/fpp"
"6f5942eb-da25-4c73-9e88-8d62ac77ec49","TREE_053.basePlot.ltr","D05","TREE","TREE_053","TREE_053_790","2016-10-14","2016-09-19","2016-10-05","2016-10-06T22:00Z","2016-10-14T19:40Z","NEON.LTR.TREE053790.20161005","NEON.LTR.TREE053790.20161005.WDY","NEON.DOC.001710vE","Woody material",0,"N","","hE8YqXO7sNiNpTQ8TwLBTEwXi3KL/fpp"
"fe543bec-b603-4588-ad24-3f751133d46b","TREE_053.basePlot.ltr","D05","TREE","TREE_053","TREE_053_790","2016-10-14","2016-09-19","2016-10-05","2016-10-06T22:00Z","2016-10-14T19:40Z","NEON.LTR.TREE053790.20161005","NEON.LTR.TREE053790.20161005.TWI","NEON.DOC.001710vE","Twigs/branches",0,"N","","hE8YqXO7sNiNpTQ8TwLBTEwXi3KL/fpp"
"b4380412-ae02-4c9c-9a0e-7c5da2ef839b","TREE_053.basePlot.ltr","D05","TREE","TREE_053","TREE_053_790","2016-10-14","2016-09-19","2016-10-05","2016-10-06T22:00Z","2016-10-14T19:40Z","NEON.LTR.TREE053790.20161005","NEON.LTR.TREE053790.20161005.FLR","NEON.DOC.001710vE","Flowers",0,"N","","hE8YqXO7sNiNpTQ8TwLBTEwXi3KL/fpp"
"90edf866-8741-40fb-900e-23fdf028d1f6","TREE_053.basePlot.ltr","D05","TREE","TREE_053","TREE_053_790","2016-10-14","2016-09-19","2016-10-05","2016-10-06T22:00Z","2016-10-14T19:40Z","NEON.LTR.TREE053790.20161005","NEON.LTR.TREE053790.20161005.OTH","NEON.DOC.001710vE","Other",0.1,"N","","hE8YqXO7sNiNpTQ8TwLBTEwXi3KL/fpp"
"6a92a68c-0a6b-4a3e-bf5a-2289d5eb4e9e","TREE_053.basePlot.ltr","D05","TREE","TREE_053","TREE_053_790","2016-10-14","2016-09-19","2016-10-05","2016-10-06T22:00Z","2016-10-14T19:40Z","NEON.LTR.TREE053790.20161005","NEON.LTR.TREE053790.20161005.NDL","NEON.DOC.001710vE","Needles",0,"N","","hE8YqXO7sNiNpTQ8TwLBTEwXi3KL/fpp"
"040bf1c4-6224-49f6-8433-b1a61088fe22","TREE_046.basePlot.ltr","D05","TREE","TREE_046","TREE_046_663","2016-10-14","2016-09-19","2016-10-05","2016-10-06T22:00Z","2016-10-14T19:40Z","NEON.LTR.TREE046663.20161005","NEON.LTR.TREE046663.20161005.LVS","NEON.DOC.001710vE","Leaves",32.24,"N","","hE8YqXO7sNiNpTQ8TwLBTEwXi3KL/fpp"
"47ebe9cd-3ee9-458b-90d5-003bcc42595e","TREE_046.basePlot.ltr","D05","TREE","TREE_046","TREE_046_663","2016-10-14","2016-09-19","2016-10-05","2016-10-06T22:00Z","2016-10-14T19:40Z","NEON.LTR.TREE046663.20161005","NEON.LTR.TREE046663.20161005.TWI","NEON.DOC.001710vE","Twigs/branches",0.07,"N","","hE8YqXO7sNiNpTQ8TwLBTEwXi3KL/fpp"
"49d7464f-c284-48d6-890b-8e078b5f1fa8","TREE_046.basePlot.ltr","D05","TREE","TREE_046","TREE_046_663","2016-10-14","2016-09-19","2016-10-05","2016-10-06T22:00Z","2016-10-14T19:40Z","NEON.LTR.TREE046663.20161005","NEON.LTR.TREE046663.20161005.WDY","NEON.DOC.001710vE","Woody material",0.06,"N","","hE8YqXO7sNiNpTQ8TwLBTEwXi3KL/fpp"
"99a44f23-6030-4820-aaca-476b4671ae64","TREE_046.basePlot.ltr","D05","TREE","TREE_046","TREE_046_663","2016-10-14","2016-09-19","2016-10-05","2016-10-06T22:00Z","2016-10-14T19:40Z","NEON.LTR.TREE046663.20161005","NEON.LTR.TREE046663.20161005.SDS","NEON.DOC.001710vE","Seeds",0.38,"N","","hE8YqXO7sNiNpTQ8TwLBTEwXi3KL/fpp"
"f530f2dc-1305-4a1e-a845-01e82e9fe9a4","TREE_046.basePlot.ltr","D05","TREE","TREE_046","TREE_046_663","2016-10-14","2016-09-19","2016-10-05","2016-10-06T22:00Z","2016-10-14T19:40Z","NEON.LTR.TREE046663.20161005","NEON.LTR.TREE046663.20161005.FLR","NEON.DOC.001710vE","Flowers",0,"N","","hE8YqXO7sNiNpTQ8TwLBTEwXi3KL/fpp"
"7fc27e43-bd82-43c4-877f-11e420a56ad9","TREE_046.basePlot.ltr","D05","TREE","TREE_046","TREE_046_663","2016-10-14","2016-09-19","2016-10-05","2016-10-06T22:00Z","2016-10-14T19:40Z","NEON.LTR.TREE046663.20161005","NEON.LTR.TREE046663.20161005.NDL","NEON.DOC.001710vE","Needles",0,"N","","hE8YqXO7sNiNpTQ8TwLBTEwXi3KL/fpp"
"7b188997-f9af-4e2b-8b6b-e4dd6c816d60","TREE_046.basePlot.ltr","D05","TREE","TREE_046","TREE_046_663","2016-10-14","2016-09-19","2016-10-05","2016-10-06T22:00Z","2016-10-14T19:40Z","NEON.LTR.TREE046663.20161005","NEON.LTR.TREE046663.20161005.OTH","NEON.DOC.001710vE","Other",0.11,"N","","hE8YqXO7sNiNpTQ8TwLBTEwXi3KL/fpp"
"441599a6-fd58-42c7-a92b-f5256f2fa97b","TREE_054.basePlot.ltr","D05","TREE","TREE_054","TREE_054_762","2016-10-14","2016-09-19","2016-10-05","2016-10-06T22:00Z","2016-10-14T19:40Z","NEON.LTR.TREE054762.20161005","NEON.LTR.TREE054762.20161005.NDL","NEON.DOC.001710vE","Needles",1.57,"N","","hE8YqXO7sNiNpTQ8TwLBTEwXi3KL/fpp"
"c5ba4d1a-e3d8-408d-8c55-094dadeafb71","TREE_054.basePlot.ltr","D05","TREE","TREE_054","TREE_054_034","2016-10-14","2016-09-19","2016-10-05","2016-10-06T22:00Z","2016-10-14T19:40Z","NEON.LTR.TREE054034.20161005","NEON.LTR.TREE054034.20161005.LVS","NEON.DOC.001710vE","Leaves",12.3,"N","","hE8YqXO7sNiNpTQ8TwLBTEwXi3KL/fpp"
"eaee839e-c06f-4865-a62e-d0e4190d16c6","TREE_054.basePlot.ltr","D05","TREE","TREE_054","TREE_054_762","2016-10-14","2016-09-19","2016-10-05","2016-10-06T22:00Z","2016-10-14T19:40Z","NEON.LTR.TREE054762.20161005","NEON.LTR.TREE054762.20161005.TWI","NEON.DOC.001710vE","Twigs/branches",0,"N","","hE8YqXO7sNiNpTQ8TwLBTEwXi3KL/fpp"
"f23f59ae-06cf-4ceb-819f-56839d0aef42","TREE_054.basePlot.ltr","D05","TREE","TREE_054","TREE_054_762","2016-10-14","2016-09-19","2016-10-05","2016-10-06T22:00Z","2016-10-14T19:40Z","NEON.LTR.TREE054762.20161005","NEON.LTR.TREE054762.20161005.WDY","NEON.DOC.001710vE","Woody material",0,"N","","hE8YqXO7sNiNpTQ8TwLBTEwXi3KL/fpp"
"97bcd890-69c0-454b-9996-67980b441b23","TREE_054.basePlot.ltr","D05","TREE","TREE_054","TREE_054_762","2016-10-14","2016-09-19","2016-10-05","2016-10-06T22:00Z","2016-10-14T19:40Z","NEON.LTR.TREE054762.20161005","NEON.LTR.TREE054762.20161005.OTH","NEON.DOC.001710vE","Other",0,"N","","hE8YqXO7sNiNpTQ8TwLBTEwXi3KL/fpp"
"36484611-5d12-4efa-a6a1-edfee7fd56d6","TREE_054.basePlot.ltr","D05","TREE","TREE_054","TREE_054_034","2016-10-14","2016-09-19","2016-10-05","2016-10-06T22:00Z","2016-10-14T19:40Z","NEON.LTR.TREE054034.20161005","NEON.LTR.TREE054034.20161005.NDL","NEON.DOC.001710vE","Needles",0.95,"N","","hE8YqXO7sNiNpTQ8TwLBTEwXi3KL/fpp"
"d4cc84e5-d165-46e5-a614-259a9bda0452","TREE_054.basePlot.ltr","D05","TREE","TREE_054","TREE_054_034","2016-10-14","2016-09-19","2016-10-05","2016-10-06T22:00Z","2016-10-14T19:40Z","NEON.LTR.TREE054034.20161005","NEON.LTR.TREE054034.20161005.OTH","NEON.DOC.001710vE","Other",0.21,"N","","hE8YqXO7sNiNpTQ8TwLBTEwXi3KL/fpp"
"2dd6a788-5e44-4012-b48e-557e0aebce89","TREE_054.basePlot.ltr","D05","TREE","TREE_054","TREE_054_034","2016-10-14","2016-09-19","2016-10-05","2016-10-06T22:00Z","2016-10-14T19:40Z","NEON.LTR.TREE054034.20161005","NEON.LTR.TREE054034.20161005.SDS","NEON.DOC.001710vE","Seeds",3.6,"N","","hE8YqXO7sNiNpTQ8TwLBTEwXi3KL/fpp"
"e9808673-6451-4214-bf4b-8d44d09ab3c2","TREE_054.basePlot.ltr","D05","TREE","TREE_054","TREE_054_034","2016-10-14","2016-09-19","2016-10-05","2016-10-06T22:00Z","2016-10-14T19:40Z","NEON.LTR.TREE054034.20161005","NEON.LTR.TREE054034.20161005.WDY","NEON.DOC.001710vE","Woody material",0.36,"N","","hE8YqXO7sNiNpTQ8TwLBTEwXi3KL/fpp"
"3b5ee783-307d-4b99-9fb7-f516e689dc7f","TREE_054.basePlot.ltr","D05","TREE","TREE_054","TREE_054_762","2016-10-14","2016-09-19","2016-10-05","2016-10-06T22:00Z","2016-10-14T19:40Z","NEON.LTR.TREE054762.20161005","NEON.LTR.TREE054762.20161005.LVS","NEON.DOC.001710vE","Leaves",16.06,"N","","hE8YqXO7sNiNpTQ8TwLBTEwXi3KL/fpp"
"e9417626-920c-438f-8b6a-5d5d1c7d31c7","TREE_054.basePlot.ltr","D05","TREE","TREE_054","TREE_054_034","2016-10-14","2016-09-19","2016-10-05","2016-10-06T22:00Z","2016-10-14T19:40Z","NEON.LTR.TREE054034.20161005","NEON.LTR.TREE054034.20161005.FLR","NEON.DOC.001710vE","Flowers",0.02,"N","","hE8YqXO7sNiNpTQ8TwLBTEwXi3KL/fpp"
"1f6e2393-4372-4d94-923e-2d3be5b186cb","TREE_054.basePlot.ltr","D05","TREE","TREE_054","TREE_054_762","2016-10-14","2016-09-19","2016-10-05","2016-10-06T22:00Z","2016-10-14T19:40Z","NEON.LTR.TREE054762.20161005","NEON.LTR.TREE054762.20161005.FLR","NEON.DOC.001710vE","Flowers",0,"N","","hE8YqXO7sNiNpTQ8TwLBTEwXi3KL/fpp"
"1a0e00d1-53d0-4fcb-a9c4-29e49918e3e3","TREE_054.basePlot.ltr","D05","TREE","TREE_054","TREE_054_034","2016-10-14","2016-09-19","2016-10-05","2016-10-06T22:00Z","2016-10-14T19:40Z","NEON.LTR.TREE054034.20161005","NEON.LTR.TREE054034.20161005.TWI","NEON.DOC.001710vE","Twigs/branches",0.28,"N","","hE8YqXO7sNiNpTQ8TwLBTEwXi3KL/fpp"
"2ff5f597-6f55-4a3c-92fe-e935da44dfc0","TREE_054.basePlot.ltr","D05","TREE","TREE_054","TREE_054_762","2016-10-14","2016-09-19","2016-10-05","2016-10-06T22:00Z","2016-10-14T19:40Z","NEON.LTR.TREE054762.20161005","NEON.LTR.TREE054762.20161005.SDS","NEON.DOC.001710vE","Seeds",0.02,"N","","hE8YqXO7sNiNpTQ8TwLBTEwXi3KL/fpp"
"2ca33747-26c4-4337-8f67-b3bea7af4b13","TREE_047.basePlot.ltr","D05","TREE","TREE_047","TREE_047_523","2016-10-14","2016-09-19","2016-10-05","2016-10-06T22:00Z","2016-10-14T19:40Z","NEON.LTR.TREE047523.20161005","NEON.LTR.TREE047523.20161005.TWI","NEON.DOC.001710vE","Twigs/branches",0.13,"N","","hE8YqXO7sNiNpTQ8TwLBTEwXi3KL/fpp"
"2863da44-b22e-4eba-88d0-343238eab237","TREE_047.basePlot.ltr","D05","TREE","TREE_047","TREE_047_523","2016-10-14","2016-09-19","2016-10-05","2016-10-06T22:00Z","2016-10-14T19:40Z","NEON.LTR.TREE047523.20161005","NEON.LTR.TREE047523.20161005.NDL","NEON.DOC.001710vE","Needles",0.12,"N","","hE8YqXO7sNiNpTQ8TwLBTEwXi3KL/fpp"
"161cc1bf-6ff9-4893-8d37-e253db62be1e","TREE_047.basePlot.ltr","D05","TREE","TREE_047","TREE_047_523","2016-10-14","2016-09-19","2016-10-05","2016-10-06T22:00Z","2016-10-14T19:40Z","NEON.LTR.TREE047523.20161005","NEON.LTR.TREE047523.20161005.FLR","NEON.DOC.001710vE","Flowers",0,"N","","hE8YqXO7sNiNpTQ8TwLBTEwXi3KL/fpp"
"fc0a3c10-42d1-4630-bf29-e0701a99de04","TREE_047.basePlot.ltr","D05","TREE","TREE_047","TREE_047_523","2016-10-14","2016-09-19","2016-10-05","2016-10-06T22:00Z","2016-10-14T19:40Z","NEON.LTR.TREE047523.20161005","NEON.LTR.TREE047523.20161005.WDY","NEON.DOC.001710vE","Woody material",0,"N","","hE8YqXO7sNiNpTQ8TwLBTEwXi3KL/fpp"
"09b4ae4b-ea5a-4332-a86a-37fc8452cb19","TREE_047.basePlot.ltr","D05","TREE","TREE_047","TREE_047_523","2016-10-14","2016-09-19","2016-10-05","2016-10-06T22:00Z","2016-10-14T19:40Z","NEON.LTR.TREE047523.20161005","NEON.LTR.TREE047523.20161005.SDS","NEON.DOC.001710vE","Seeds",1.51,"Y","","hE8YqXO7sNiNpTQ8TwLBTEwXi3KL/fpp"
"8f81053f-5611-4d08-9f61-f8ca36665fb7","TREE_047.basePlot.ltr","D05","TREE","TREE_047","TREE_047_523","2016-10-14","2016-09-19","2016-10-05","2016-10-06T22:00Z","2016-10-14T19:40Z","NEON.LTR.TREE047523.20161005","NEON.LTR.TREE047523.20161005.OTH","NEON.DOC.001710vE","Other",0.1,"N","","hE8YqXO7sNiNpTQ8TwLBTEwXi3KL/fpp"
"25428343-5015-486c-9424-97d0f1819d02","TREE_047.basePlot.ltr","D05","TREE","TREE_047","TREE_047_523","2016-10-14","2016-09-19","2016-10-05","2016-10-06T22:00Z","2016-10-14T19:40Z","NEON.LTR.TREE047523.20161005","NEON.LTR.TREE047523.20161005.LVS","NEON.DOC.001710vE","Leaves",17,"N","","hE8YqXO7sNiNpTQ8TwLBTEwXi3KL/fpp"
"0ad26a15-1d52-4a01-b6ed-ff2f44b536f6","TREE_047.basePlot.ltr","D05","TREE","TREE_047","TREE_047_523","2016-10-14","2016-09-19","2016-10-05","2016-10-06T22:00Z","2016-10-14T19:40Z","NEON.LTR.TREE047523.20161005","NEON.LTR.TREE047523.20161005.SDS","NEON.DOC.001710vE","Seeds",1.51,"N","","hE8YqXO7sNiNpTQ8TwLBTEwXi3KL/fpp"
"9aab6149-c2f2-4e90-8b5c-65f0193516da","TREE_055.basePlot.ltr","D05","TREE","TREE_055","TREE_055_595","2016-10-14","2016-09-19","2016-10-05","2016-10-06T22:00Z","2016-10-14T19:40Z","NEON.LTR.TREE055595.20161005","NEON.LTR.TREE055595.20161005.NDL","NEON.DOC.001710vE","Needles",0,"N","","hE8YqXO7sNiNpTQ8TwLBTEwXi3KL/fpp"
"973967a5-b9c3-4a0c-94b2-f9f56039c204","TREE_055.basePlot.ltr","D05","TREE","TREE_055","TREE_055_595","2016-10-14","2016-09-19","2016-10-05","2016-10-06T22:00Z","2016-10-14T19:40Z","NEON.LTR.TREE055595.20161005","NEON.LTR.TREE055595.20161005.WDY","NEON.DOC.001710vE","Woody material",0.005,"N","","hE8YqXO7sNiNpTQ8TwLBTEwXi3KL/fpp"
"737e952e-83c6-4290-91ab-ec68d57413ea","TREE_055.basePlot.ltr","D05","TREE","TREE_055","TREE_055_595","2016-10-14","2016-09-19","2016-10-05","2016-10-06T22:00Z","2016-10-14T19:40Z","NEON.LTR.TREE055595.20161005","NEON.LTR.TREE055595.20161005.SDS","NEON.DOC.001710vE","Seeds",2.83,"N","","hE8YqXO7sNiNpTQ8TwLBTEwXi3KL/fpp"
"563fbf7b-93a9-48fe-baa8-4065d3096ee8","TREE_055.basePlot.ltr","D05","TREE","TREE_055","TREE_055_595","2016-10-14","2016-09-19","2016-10-05","2016-10-06T22:00Z","2016-10-14T19:40Z","NEON.LTR.TREE055595.20161005","NEON.LTR.TREE055595.20161005.LVS","NEON.DOC.001710vE","Leaves",59.25,"N","","hE8YqXO7sNiNpTQ8TwLBTEwXi3KL/fpp"
"3d950d2b-ed9c-4c6c-9fc0-cd6c981e3287","TREE_055.basePlot.ltr","D05","TREE","TREE_055","TREE_055_595","2016-10-14","2016-09-19","2016-10-05","2016-10-06T22:00Z","2016-10-14T19:40Z","NEON.LTR.TREE055595.20161005","NEON.LTR.TREE055595.20161005.SDS","NEON.DOC.001710vE","Seeds",2.83,"Y","","hE8YqXO7sNiNpTQ8TwLBTEwXi3KL/fpp"
"b64dcbd2-34db-4f87-8e1c-857b2c479a54","TREE_055.basePlot.ltr","D05","TREE","TREE_055","TREE_055_595","2016-10-14","2016-09-19","2016-10-05","2016-10-06T22:00Z","2016-10-14T19:40Z","NEON.LTR.TREE055595.20161005","NEON.LTR.TREE055595.20161005.FLR","NEON.DOC.001710vE","Flowers",0.005,"N","","hE8YqXO7sNiNpTQ8TwLBTEwXi3KL/fpp"
"7b5633d5-ba8f-4393-85eb-13b609801deb","TREE_055.basePlot.ltr","D05","TREE","TREE_055","TREE_055_595","2016-10-14","2016-09-19","2016-10-05","2016-10-06T22:00Z","2016-10-14T19:40Z","NEON.LTR.TREE055595.20161005","NEON.LTR.TREE055595.20161005.OTH","NEON.DOC.001710vE","Other",0.16,"N","","hE8YqXO7sNiNpTQ8TwLBTEwXi3KL/fpp"
"94830046-cf72-4b8d-9bf5-c60cefe532a1","TREE_055.basePlot.ltr","D05","TREE","TREE_055","TREE_055_595","2016-10-14","2016-09-19","2016-10-05","2016-10-06T22:00Z","2016-10-14T19:40Z","NEON.LTR.TREE055595.20161005","NEON.LTR.TREE055595.20161005.TWI","NEON.DOC.001710vE","Twigs/branches",1.64,"N","","hE8YqXO7sNiNpTQ8TwLBTEwXi3KL/fpp"
"52ae47eb-38dd-42c3-9a7d-74d940c4fea5","TREE_025.basePlot.ltr","D05","TREE","TREE_025","TREE_025_043","2016-10-14","2016-09-19","2016-10-05","2016-10-06T22:00Z","2016-10-14T19:40Z","NEON.LTR.TREE025043.20161005","NEON.LTR.TREE025043.20161005.FLR","NEON.DOC.001710vE","Flowers",0.88,"N","","hE8YqXO7sNiNpTQ8TwLBTEwXi3KL/fpp"
"39ce040f-4e1e-4a55-93c4-26605a6f6a60","TREE_025.basePlot.ltr","D05","TREE","TREE_025","TREE_025_043","2016-10-14","2016-09-19","2016-10-05","2016-10-06T22:00Z","2016-10-14T19:40Z","NEON.LTR.TREE025043.20161005","NEON.LTR.TREE025043.20161005.TWI","NEON.DOC.001710vE","Twigs/branches",0.28,"N","","hE8YqXO7sNiNpTQ8TwLBTEwXi3KL/fpp"
"4274bee5-093a-4a7a-bae3-82ee349e83e3","TREE_025.basePlot.ltr","D05","TREE","TREE_025","TREE_025_043","2016-10-14","2016-09-19","2016-10-05","2016-10-06T22:00Z","2016-10-14T19:40Z","NEON.LTR.TREE025043.20161005","NEON.LTR.TREE025043.20161005.WDY","NEON.DOC.001710vE","Woody material",3.61,"N","","hE8YqXO7sNiNpTQ8TwLBTEwXi3KL/fpp"
"28546cf2-b867-4403-b1bd-c876b81a3a73","TREE_025.basePlot.ltr","D05","TREE","TREE_025","TREE_025_043","2016-10-14","2016-09-19","2016-10-05","2016-10-06T22:00Z","2016-10-14T19:40Z","NEON.LTR.TREE025043.20161005","NEON.LTR.TREE025043.20161005.LVS","NEON.DOC.001710vE","Leaves",22.1,"N","","hE8YqXO7sNiNpTQ8TwLBTEwXi3KL/fpp"
"603a8bc6-361e-4fcf-8113-987776bc3934","TREE_025.basePlot.ltr","D05","TREE","TREE_025","TREE_025_043","2016-10-14","2016-09-19","2016-10-05","2016-10-06T22:00Z","2016-10-14T19:40Z","NEON.LTR.TREE025043.20161005","NEON.LTR.TREE025043.20161005.OTH","NEON.DOC.001710vE","Other",0.04,"N","","hE8YqXO7sNiNpTQ8TwLBTEwXi3KL/fpp"
"3db6cc39-e556-49af-922f-f70d3670bbcb","TREE_043.basePlot.ltr","D05","TREE","TREE_043","TREE_043_804","2016-10-14","2016-09-19","2016-10-05","2016-10-06T22:00Z","2016-10-14T19:40Z","NEON.LTR.TREE043804.20161005","NEON.LTR.TREE043804.20161005.TWI","NEON.DOC.001710vE","Twigs/branches",0,"N","","hE8YqXO7sNiNpTQ8TwLBTEwXi3KL/fpp"
"bd3c6be1-689a-486d-afac-1f4200b80ddb","TREE_025.basePlot.ltr","D05","TREE","TREE_025","TREE_025_043","2016-10-14","2016-09-19","2016-10-05","2016-10-06T22:00Z","2016-10-14T19:40Z","NEON.LTR.TREE025043.20161005","NEON.LTR.TREE025043.20161005.SDS","NEON.DOC.001710vE","Seeds",0.11,"N","","hE8YqXO7sNiNpTQ8TwLBTEwXi3KL/fpp"
"6b05927c-a3ab-4910-a632-436b42413873","TREE_025.basePlot.ltr","D05","TREE","TREE_025","TREE_025_043","2016-10-14","2016-09-19","2016-10-05","2016-10-06T22:00Z","2016-10-14T19:40Z","NEON.LTR.TREE025043.20161005","NEON.LTR.TREE025043.20161005.NDL","NEON.DOC.001710vE","Needles",4.46,"N","","hE8YqXO7sNiNpTQ8TwLBTEwXi3KL/fpp"
"e22616b1-7771-4f48-98b7-9154d985d074","TREE_043.basePlot.ltr","D05","TREE","TREE_043","TREE_043_804","2016-10-14","2016-09-19","2016-10-05","2016-10-06T22:00Z","2016-10-14T19:40Z","NEON.LTR.TREE043804.20161005","NEON.LTR.TREE043804.20161005.OTH","NEON.DOC.001710vE","Other",0.005,"N","","hE8YqXO7sNiNpTQ8TwLBTEwXi3KL/fpp"
"65b3dc55-6383-4f4e-974c-a8d302244688","TREE_043.basePlot.ltr","D05","TREE","TREE_043","TREE_043_804","2016-10-14","2016-09-19","2016-10-05","2016-10-06T22:00Z","2016-10-14T19:40Z","NEON.LTR.TREE043804.20161005","NEON.LTR.TREE043804.20161005.WDY","NEON.DOC.001710vE","Woody material",0.13,"N","","hE8YqXO7sNiNpTQ8TwLBTEwXi3KL/fpp"
"ac995afa-22b7-463b-9028-e74182be5bff","TREE_043.basePlot.ltr","D05","TREE","TREE_043","TREE_043_804","2016-10-14","2016-09-19","2016-10-05","2016-10-06T22:00Z","2016-10-14T19:40Z","NEON.LTR.TREE043804.20161005","NEON.LTR.TREE043804.20161005.LVS","NEON.DOC.001710vE","Leaves",0.005,"N","","hE8YqXO7sNiNpTQ8TwLBTEwXi3KL/fpp"
"b8542228-1e24-4f17-9a5d-f1b083d2ae7b","TREE_043.basePlot.ltr","D05","TREE","TREE_043","TREE_043_804","2016-10-14","2016-09-19","2016-10-05","2016-10-06T22:00Z","2016-10-14T19:40Z","NEON.LTR.TREE043804.20161005","NEON.LTR.TREE043804.20161005.NDL","NEON.DOC.001710vE","Needles",1.76,"N","","hE8YqXO7sNiNpTQ8TwLBTEwXi3KL/fpp"
"f99017d5-fbaf-467e-a8a8-2dbfcd113eeb","TREE_043.basePlot.ltr","D05","TREE","TREE_043","TREE_043_804","2016-10-14","2016-09-19","2016-10-05","2016-10-06T22:00Z","2016-10-14T19:40Z","NEON.LTR.TREE043804.20161005","NEON.LTR.TREE043804.20161005.SDS","NEON.DOC.001710vE","Seeds",0.005,"N","","hE8YqXO7sNiNpTQ8TwLBTEwXi3KL/fpp"
"d1a8de55-d35c-4402-b869-a0f600c298e6","TREE_043.basePlot.ltr","D05","TREE","TREE_043","TREE_043_804","2016-10-14","2016-09-19","2016-10-05","2016-10-06T22:00Z","2016-10-14T19:40Z","NEON.LTR.TREE043804.20161005","NEON.LTR.TREE043804.20161005.FLR","NEON.DOC.001710vE","Flowers",0,"N","","hE8YqXO7sNiNpTQ8TwLBTEwXi3KL/fpp"
"7addebcf-a276-4795-8e22-b8b7149010b2","TREE_051.basePlot.ltr","D05","TREE","TREE_051","TREE_051_578","2016-10-14","2016-09-19","2016-10-05","2016-10-06T22:00Z","2016-10-14T19:40Z","NEON.LTR.TREE051578.20161005","NEON.LTR.TREE051578.20161005.FLR","NEON.DOC.001710vE","Flowers",0.04,"N","","hE8YqXO7sNiNpTQ8TwLBTEwXi3KL/fpp"
"2d597c14-6422-4832-a7f8-e2a1cfb47c09","TREE_051.basePlot.ltr","D05","TREE","TREE_051","TREE_051_578","2016-10-14","2016-09-19","2016-10-05","2016-10-06T22:00Z","2016-10-14T19:40Z","NEON.LTR.TREE051578.20161005","NEON.LTR.TREE051578.20161005.LVS","NEON.DOC.001710vE","Leaves",56.5,"N","","hE8YqXO7sNiNpTQ8TwLBTEwXi3KL/fpp"
"180e4b36-44a7-43cc-8e67-53db112ce702","TREE_051.basePlot.ltr","D05","TREE","TREE_051","TREE_051_578","2016-10-14","2016-09-19","2016-10-05","2016-10-06T22:00Z","2016-10-14T19:40Z","NEON.LTR.TREE051578.20161005","NEON.LTR.TREE051578.20161005.WDY","NEON.DOC.001710vE","Woody material",0.05,"N","","hE8YqXO7sNiNpTQ8TwLBTEwXi3KL/fpp"
"34efa716-47c0-4103-889f-e88d761d8bfe","TREE_051.basePlot.ltr","D05","TREE","TREE_051","TREE_051_578","2016-10-14","2016-09-19","2016-10-05","2016-10-06T22:00Z","2016-10-14T19:40Z","NEON.LTR.TREE051578.20161005","NEON.LTR.TREE051578.20161005.NDL","NEON.DOC.001710vE","Needles",0.15,"N","","hE8YqXO7sNiNpTQ8TwLBTEwXi3KL/fpp"
"a329cfbe-882a-4568-a40b-05d46641edfd","TREE_051.basePlot.ltr","D05","TREE","TREE_051","TREE_051_578","2016-10-14","2016-09-19","2016-10-05","2016-10-06T22:00Z","2016-10-14T19:40Z","NEON.LTR.TREE051578.20161005","NEON.LTR.TREE051578.20161005.TWI","NEON.DOC.001710vE","Twigs/branches",0.07,"N","","hE8YqXO7sNiNpTQ8TwLBTEwXi3KL/fpp"
"6a7f2433-ef0b-4c4e-8803-87f2000006d1","TREE_051.basePlot.ltr","D05","TREE","TREE_051","TREE_051_578","2016-10-14","2016-09-19","2016-10-05","2016-10-06T22:00Z","2016-10-14T19:40Z","NEON.LTR.TREE051578.20161005","NEON.LTR.TREE051578.20161005.SDS","NEON.DOC.001710vE","Seeds",2.63,"N","","hE8YqXO7sNiNpTQ8TwLBTEwXi3KL/fpp"
"1f96f965-bb20-4c70-8339-2b7bd6dda07c","TREE_051.basePlot.ltr","D05","TREE","TREE_051","TREE_051_578","2016-10-14","2016-09-19","2016-10-05","2016-10-06T22:00Z","2016-10-14T19:40Z","NEON.LTR.TREE051578.20161005","NEON.LTR.TREE051578.20161005.OTH","NEON.DOC.001710vE","Other",0.49,"N","","hE8YqXO7sNiNpTQ8TwLBTEwXi3KL/fpp"
"bd28efbb-32b1-48e8-88bb-b49b02943708","TREE_055.basePlot.ltr","D05","TREE","TREE_055","TREE_055_864","2016-10-14","2016-09-19","2016-10-05","2016-10-06T22:00Z","2016-10-14T19:40Z","NEON.LTR.TREE055864.20161005","NEON.LTR.TREE055864.20161005.LVS","NEON.DOC.001710vE","Leaves",73.55,"N","","hE8YqXO7sNiNpTQ8TwLBTEwXi3KL/fpp"
"c6c47c38-e265-4da2-823d-d2d0de0e6947","TREE_055.basePlot.ltr","D05","TREE","TREE_055","TREE_055_864","2016-10-14","2016-09-19","2016-10-05","2016-10-06T22:00Z","2016-10-14T19:40Z","NEON.LTR.TREE055864.20161005","NEON.LTR.TREE055864.20161005.WDY","NEON.DOC.001710vE","Woody material",0,"N","","hE8YqXO7sNiNpTQ8TwLBTEwXi3KL/fpp"
"e902eee4-4f69-4b8f-8540-6b4c0a16fe37","TREE_055.basePlot.ltr","D05","TREE","TREE_055","TREE_055_864","2016-10-14","2016-09-19","2016-10-05","2016-10-06T22:00Z","2016-10-14T19:40Z","NEON.LTR.TREE055864.20161005","NEON.LTR.TREE055864.20161005.FLR","NEON.DOC.001710vE","Flowers",0,"N","","hE8YqXO7sNiNpTQ8TwLBTEwXi3KL/fpp"
"7b9a3ff5-054e-4bc4-b21f-fb0febe0bfe4","TREE_055.basePlot.ltr","D05","TREE","TREE_055","TREE_055_864","2016-10-14","2016-09-19","2016-10-05","2016-10-06T22:00Z","2016-10-14T19:40Z","NEON.LTR.TREE055864.20161005","NEON.LTR.TREE055864.20161005.NDL","NEON.DOC.001710vE","Needles",0,"N","","hE8YqXO7sNiNpTQ8TwLBTEwXi3KL/fpp"
"cdef7939-627d-4de2-a0be-cf53bf9c8229","TREE_055.basePlot.ltr","D05","TREE","TREE_055","TREE_055_864","2016-10-14","2016-09-19","2016-10-05","2016-10-06T22:00Z","2016-10-14T19:40Z","NEON.LTR.TREE055864.20161005","NEON.LTR.TREE055864.20161005.SDS","NEON.DOC.001710vE","Seeds",2.13,"N","","hE8YqXO7sNiNpTQ8TwLBTEwXi3KL/fpp"
"fe1ee65f-96a7-4b71-a1a9-04577b79deda","TREE_055.basePlot.ltr","D05","TREE","TREE_055","TREE_055_864","2016-10-14","2016-09-19","2016-10-05","2016-10-06T22:00Z","2016-10-14T19:40Z","NEON.LTR.TREE055864.20161005","NEON.LTR.TREE055864.20161005.TWI","NEON.DOC.001710vE","Twigs/branches",0.22,"N","","hE8YqXO7sNiNpTQ8TwLBTEwXi3KL/fpp"
"f3153eb7-5a0a-4e2b-978e-780d322478f5","TREE_055.basePlot.ltr","D05","TREE","TREE_055","TREE_055_864","2016-10-14","2016-09-19","2016-10-05","2016-10-06T22:00Z","2016-10-14T19:40Z","NEON.LTR.TREE055864.20161005","NEON.LTR.TREE055864.20161005.OTH","NEON.DOC.001710vE","Other",0.1,"N","","hE8YqXO7sNiNpTQ8TwLBTEwXi3KL/fpp"
"a1d6a0cb-9e5f-49a3-9f5f-3e5f3332ccd1","TREE_049.basePlot.ltr","D05","TREE","TREE_049","TREE_049_066","2016-10-14","2016-09-19","2016-10-05","2016-10-06T22:00Z","2016-10-14T19:40Z","NEON.LTR.TREE049066.20161005","NEON.LTR.TREE049066.20161005.SDS","NEON.DOC.001710vE","Seeds",1.08,"N","","hE8YqXO7sNiNpTQ8TwLBTEwXi3KL/fpp"
"84fbb371-ed1c-4008-864b-63086b8ae8fe","TREE_049.basePlot.ltr","D05","TREE","TREE_049","TREE_049_066","2016-10-14","2016-09-19","2016-10-05","2016-10-06T22:00Z","2016-10-14T19:40Z","NEON.LTR.TREE049066.20161005","NEON.LTR.TREE049066.20161005.NDL","NEON.DOC.001710vE","Needles",0,"N","","hE8YqXO7sNiNpTQ8TwLBTEwXi3KL/fpp"
"ecf20d3c-f13c-41b6-940b-b23c40bc2375","TREE_049.basePlot.ltr","D05","TREE","TREE_049","TREE_049_066","2016-10-14","2016-09-19","2016-10-05","2016-10-06T22:00Z","2016-10-14T19:40Z","NEON.LTR.TREE049066.20161005","NEON.LTR.TREE049066.20161005.WDY","NEON.DOC.001710vE","Woody material",0,"N","","hE8YqXO7sNiNpTQ8TwLBTEwXi3KL/fpp"
"a502ea07-d6e5-43a4-9299-a91227640fcc","TREE_049.basePlot.ltr","D05","TREE","TREE_049","TREE_049_066","2016-10-14","2016-09-19","2016-10-05","2016-10-06T22:00Z","2016-10-14T19:40Z","NEON.LTR.TREE049066.20161005","NEON.LTR.TREE049066.20161005.LVS","NEON.DOC.001710vE","Leaves",27.69,"Y","","hE8YqXO7sNiNpTQ8TwLBTEwXi3KL/fpp"
"ddc1348c-e1ae-4162-8f63-93e7d62d8a2d","TREE_049.basePlot.ltr","D05","TREE","TREE_049","TREE_049_066","2016-10-14","2016-09-19","2016-10-05","2016-10-06T22:00Z","2016-10-14T19:40Z","NEON.LTR.TREE049066.20161005","NEON.LTR.TREE049066.20161005.TWI","NEON.DOC.001710vE","Twigs/branches",0.03,"N","","hE8YqXO7sNiNpTQ8TwLBTEwXi3KL/fpp"
"72f8c13e-c032-4d84-8fe8-fb5562ba1054","TREE_049.basePlot.ltr","D05","TREE","TREE_049","TREE_049_066","2016-10-14","2016-09-19","2016-10-05","2016-10-06T22:00Z","2016-10-14T19:40Z","NEON.LTR.TREE049066.20161005","NEON.LTR.TREE049066.20161005.LVS","NEON.DOC.001710vE","Leaves",27.11,"N","","hE8YqXO7sNiNpTQ8TwLBTEwXi3KL/fpp"
"9d9718c6-93ff-4688-81fe-80a6886855a9","TREE_049.basePlot.ltr","D05","TREE","TREE_049","TREE_049_066","2016-10-14","2016-09-19","2016-10-05","2016-10-06T22:00Z","2016-10-14T19:40Z","NEON.LTR.TREE049066.20161005","NEON.LTR.TREE049066.20161005.OTH","NEON.DOC.001710vE","Other",0.05,"N","","hE8YqXO7sNiNpTQ8TwLBTEwXi3KL/fpp"
"c3332235-31ba-44bd-9e2e-4d945bf00e86","TREE_049.basePlot.ltr","D05","TREE","TREE_049","TREE_049_066","2016-10-14","2016-09-19","2016-10-05","2016-10-06T22:00Z","2016-10-14T19:40Z","NEON.LTR.TREE049066.20161005","NEON.LTR.TREE049066.20161005.FLR","NEON.DOC.001710vE","Flowers",0,"N","","hE8YqXO7sNiNpTQ8TwLBTEwXi3KL/fpp"
"5ba5c243-35fa-46fb-90dd-4f2dde7a0260","TREE_040.basePlot.ltr","D05","TREE","TREE_040","TREE_040_914","2016-10-14","2016-09-19","2016-10-05","2016-10-06T22:00Z","2016-10-14T19:40Z","NEON.LTR.TREE040914.20161005","NEON.LTR.TREE040914.20161005.FLR","NEON.DOC.001710vE","Flowers",0.005,"N","","hE8YqXO7sNiNpTQ8TwLBTEwXi3KL/fpp"
"472bffa1-711c-4a93-90b8-da923eaf7d04","TREE_040.basePlot.ltr","D05","TREE","TREE_040","TREE_040_914","2016-10-14","2016-09-19","2016-10-05","2016-10-06T22:00Z","2016-10-14T19:40Z","NEON.LTR.TREE040914.20161005","NEON.LTR.TREE040914.20161005.SDS","NEON.DOC.001710vE","Seeds",0.11,"N","","hE8YqXO7sNiNpTQ8TwLBTEwXi3KL/fpp"
"2bb93349-83f1-4569-908f-b75c96498d8c","TREE_040.basePlot.ltr","D05","TREE","TREE_040","TREE_040_914","2016-10-14","2016-09-19","2016-10-05","2016-10-06T22:00Z","2016-10-14T19:40Z","NEON.LTR.TREE040914.20161005","NEON.LTR.TREE040914.20161005.TWI","NEON.DOC.001710vE","Twigs/branches",0.02,"N","","hE8YqXO7sNiNpTQ8TwLBTEwXi3KL/fpp"
"0153dd64-5e44-4097-ac65-b7a28df2b610","TREE_040.basePlot.ltr","D05","TREE","TREE_040","TREE_040_914","2016-10-14","2016-09-19","2016-10-05","2016-10-06T22:00Z","2016-10-14T19:40Z","NEON.LTR.TREE040914.20161005","NEON.LTR.TREE040914.20161005.LVS","NEON.DOC.001710vE","Leaves",14.26,"N","","hE8YqXO7sNiNpTQ8TwLBTEwXi3KL/fpp"
"c73baf9d-2b9b-4c15-9c24-cd3032d40d73","TREE_040.basePlot.ltr","D05","TREE","TREE_040","TREE_040_914","2016-10-14","2016-09-19","2016-10-05","2016-10-06T22:00Z","2016-10-14T19:40Z","NEON.LTR.TREE040914.20161005","NEON.LTR.TREE040914.20161005.NDL","NEON.DOC.001710vE","Needles",2.95,"N","","hE8YqXO7sNiNpTQ8TwLBTEwXi3KL/fpp"
"f2e5714e-f6d6-4773-9b85-86d5a6a6c392","TREE_040.basePlot.ltr","D05","TREE","TREE_040","TREE_040_914","2016-10-14","2016-09-19","2016-10-05","2016-10-06T22:00Z","2016-10-14T19:40Z","NEON.LTR.TREE040914.20161005","NEON.LTR.TREE040914.20161005.OTH","NEON.DOC.001710vE","Other",0,"N","","hE8YqXO7sNiNpTQ8TwLBTEwXi3KL/fpp"
"fe449d1e-5b7f-4d0e-bacc-c42bee4c5cc9","TREE_040.basePlot.ltr","D05","TREE","TREE_040","TREE_040_914","2016-10-14","2016-09-19","2016-10-05","2016-10-06T22:00Z","2016-10-14T19:40Z","NEON.LTR.TREE040914.20161005","NEON.LTR.TREE040914.20161005.WDY","NEON.DOC.001710vE","Woody material",0,"N","","hE8YqXO7sNiNpTQ8TwLBTEwXi3KL/fpp"
"978469d0-ba0c-4c35-9a50-3c2e7e73bc18","TREE_039.basePlot.ltr","D05","TREE","TREE_039","TREE_039_891","2016-10-14","2016-09-19","2016-10-05","2016-10-06T22:00Z","2016-10-14T19:40Z","NEON.LTR.TREE039891.20161005","NEON.LTR.TREE039891.20161005.WDY","NEON.DOC.001710vE","Woody material",0,"N","","hE8YqXO7sNiNpTQ8TwLBTEwXi3KL/fpp"
"2a1393c1-1e9c-408f-ac1f-4915e84c3501","TREE_039.basePlot.ltr","D05","TREE","TREE_039","TREE_039_891","2016-10-14","2016-09-19","2016-10-05","2016-10-06T22:00Z","2016-10-14T19:40Z","NEON.LTR.TREE039891.20161005","NEON.LTR.TREE039891.20161005.OTH","NEON.DOC.001710vE","Other",0,"N","","hE8YqXO7sNiNpTQ8TwLBTEwXi3KL/fpp"
"0b2a3a81-e004-4129-be94-e48a72ae095f","TREE_039.basePlot.ltr","D05","TREE","TREE_039","TREE_039_891","2016-10-14","2016-09-19","2016-10-05","2016-10-06T22:00Z","2016-10-14T19:40Z","NEON.LTR.TREE039891.20161005","NEON.LTR.TREE039891.20161005.FLR","NEON.DOC.001710vE","Flowers",0,"N","","hE8YqXO7sNiNpTQ8TwLBTEwXi3KL/fpp"
"ef52a70a-cce9-4f75-abf2-5a37794a40c4","TREE_039.basePlot.ltr","D05","TREE","TREE_039","TREE_039_891","2016-10-14","2016-09-19","2016-10-05","2016-10-06T22:00Z","2016-10-14T19:40Z","NEON.LTR.TREE039891.20161005","NEON.LTR.TREE039891.20161005.NDL","NEON.DOC.001710vE","Needles",6.76,"N","","hE8YqXO7sNiNpTQ8TwLBTEwXi3KL/fpp"
"41f2103c-1fda-44d1-8dfe-9ec2c2f26d3d","TREE_039.basePlot.ltr","D05","TREE","TREE_039","TREE_039_891","2016-10-14","2016-09-19","2016-10-05","2016-10-06T22:00Z","2016-10-14T19:40Z","NEON.LTR.TREE039891.20161005","NEON.LTR.TREE039891.20161005.LVS","NEON.DOC.001710vE","Leaves",31.06,"N","","hE8YqXO7sNiNpTQ8TwLBTEwXi3KL/fpp"
"e557c2f8-2a38-4f2b-8502-594ddd7fe995","TREE_039.basePlot.ltr","D05","TREE","TREE_039","TREE_039_891","2016-10-14","2016-09-19","2016-10-05","2016-10-06T22:00Z","2016-10-14T19:40Z","NEON.LTR.TREE039891.20161005","NEON.LTR.TREE039891.20161005.TWI","NEON.DOC.001710vE","Twigs/branches",0.15,"N","","hE8YqXO7sNiNpTQ8TwLBTEwXi3KL/fpp"
"85725170-d7af-4ca9-9cd7-7e8dc133c62d","TREE_039.basePlot.ltr","D05","TREE","TREE_039","TREE_039_891","2016-10-14","2016-09-19","2016-10-05","2016-10-06T22:00Z","2016-10-14T19:40Z","NEON.LTR.TREE039891.20161005","NEON.LTR.TREE039891.20161005.SDS","NEON.DOC.001710vE","Seeds",0.04,"N","","hE8YqXO7sNiNpTQ8TwLBTEwXi3KL/fpp"
"a2ca78e2-62e2-4f4c-bcd2-13bb28da8259","TREE_044.basePlot.ltr","D05","TREE","TREE_044","TREE_044_601","2016-10-14","2016-09-19","2016-10-05","2016-10-06T22:00Z","2016-10-14T19:40Z","NEON.LTR.TREE044601.20161005","NEON.LTR.TREE044601.20161005.OTH","NEON.DOC.001710vE","Other",0,"N","","hE8YqXO7sNiNpTQ8TwLBTEwXi3KL/fpp"
"1edd854c-4e68-4248-9b1e-e0791da3f9df","TREE_044.basePlot.ltr","D05","TREE","TREE_044","TREE_044_764","2016-10-14","2016-09-19","2016-10-05","2016-10-06T22:00Z","2016-10-14T19:40Z","NEON.LTR.TREE044764.20161005","NEON.LTR.TREE044764.20161005.FLR","NEON.DOC.001710vE","Flowers",0,"N","","hE8YqXO7sNiNpTQ8TwLBTEwXi3KL/fpp"
"d69ab90c-9f72-415f-ac67-9dd5d49d1f3a","TREE_044.basePlot.ltr","D05","TREE","TREE_044","TREE_044_764","2016-10-14","2016-09-19","2016-10-05","2016-10-06T22:00Z","2016-10-14T19:40Z","NEON.LTR.TREE044764.20161005","NEON.LTR.TREE044764.20161005.OTH","NEON.DOC.001710vE","Other",0,"N","","hE8YqXO7sNiNpTQ8TwLBTEwXi3KL/fpp"
"566334d8-1b0c-4b30-9183-d1bad1f2dc8d","TREE_044.basePlot.ltr","D05","TREE","TREE_044","TREE_044_764","2016-10-14","2016-09-19","2016-10-05","2016-10-06T22:00Z","2016-10-14T19:40Z","NEON.LTR.TREE044764.20161005","NEON.LTR.TREE044764.20161005.TWI","NEON.DOC.001710vE","Twigs/branches",1.95,"N","","hE8YqXO7sNiNpTQ8TwLBTEwXi3KL/fpp"
"040cad68-aff2-42cf-b340-fe86b435f8fd","TREE_044.basePlot.ltr","D05","TREE","TREE_044","TREE_044_601","2016-10-14","2016-09-19","2016-10-05","2016-10-06T22:00Z","2016-10-14T19:40Z","NEON.LTR.TREE044601.20161005","NEON.LTR.TREE044601.20161005.LVS","NEON.DOC.001710vE","Leaves",51.31,"N","","hE8YqXO7sNiNpTQ8TwLBTEwXi3KL/fpp"
"145410bc-923e-4621-b164-de9d6d678617","TREE_044.basePlot.ltr","D05","TREE","TREE_044","TREE_044_764","2016-10-14","2016-09-19","2016-10-05","2016-10-06T22:00Z","2016-10-14T19:40Z","NEON.LTR.TREE044764.20161005","NEON.LTR.TREE044764.20161005.WDY","NEON.DOC.001710vE","Woody material",0,"N","","hE8YqXO7sNiNpTQ8TwLBTEwXi3KL/fpp"
"35220ec1-8d8d-4e9a-be1c-d3ae06b137bf","TREE_044.basePlot.ltr","D05","TREE","TREE_044","TREE_044_601","2016-10-14","2016-09-19","2016-10-05","2016-10-06T22:00Z","2016-10-14T19:40Z","NEON.LTR.TREE044601.20161005","NEON.LTR.TREE044601.20161005.TWI","NEON.DOC.001710vE","Twigs/branches",2.61,"Y","","hE8YqXO7sNiNpTQ8TwLBTEwXi3KL/fpp"
"b4ac16e8-b43a-4331-b26b-50fde6438d91","TREE_044.basePlot.ltr","D05","TREE","TREE_044","TREE_044_764","2016-10-14","2016-09-19","2016-10-05","2016-10-06T22:00Z","2016-10-14T19:40Z","NEON.LTR.TREE044764.20161005","NEON.LTR.TREE044764.20161005.NDL","NEON.DOC.001710vE","Needles",0.005,"N","","hE8YqXO7sNiNpTQ8TwLBTEwXi3KL/fpp"
"cabfeebb-365b-4264-a752-714be6964b91","TREE_044.basePlot.ltr","D05","TREE","TREE_044","TREE_044_764","2016-10-14","2016-09-19","2016-10-05","2016-10-06T22:00Z","2016-10-14T19:40Z","NEON.LTR.TREE044764.20161005","NEON.LTR.TREE044764.20161005.SDS","NEON.DOC.001710vE","Seeds",0,"N","","hE8YqXO7sNiNpTQ8TwLBTEwXi3KL/fpp"
"cc47481c-c0f5-42b4-a197-8618ead46533","TREE_044.basePlot.ltr","D05","TREE","TREE_044","TREE_044_601","2016-10-14","2016-09-19","2016-10-05","2016-10-06T22:00Z","2016-10-14T19:40Z","NEON.LTR.TREE044601.20161005","NEON.LTR.TREE044601.20161005.TWI","NEON.DOC.001710vE","Twigs/branches",2.63,"N","","hE8YqXO7sNiNpTQ8TwLBTEwXi3KL/fpp"
"8818afcf-1ced-4c9c-ac2a-63d340b7d3d5","TREE_044.basePlot.ltr","D05","TREE","TREE_044","TREE_044_764","2016-10-14","2016-09-19","2016-10-05","2016-10-06T22:00Z","2016-10-14T19:40Z","NEON.LTR.TREE044764.20161005","NEON.LTR.TREE044764.20161005.LVS","NEON.DOC.001710vE","Leaves",49.64,"N","","hE8YqXO7sNiNpTQ8TwLBTEwXi3KL/fpp"
"45de10c2-e6cd-4f5f-b0ae-de1d9b539d46","TREE_044.basePlot.ltr","D05","TREE","TREE_044","TREE_044_601","2016-10-14","2016-09-19","2016-10-05","2016-10-06T22:00Z","2016-10-14T19:40Z","NEON.LTR.TREE044601.20161005","NEON.LTR.TREE044601.20161005.NDL","NEON.DOC.001710vE","Needles",0,"N","","hE8YqXO7sNiNpTQ8TwLBTEwXi3KL/fpp"
"23ec3ee2-6647-448a-98d8-98dd5ca79029","TREE_044.basePlot.ltr","D05","TREE","TREE_044","TREE_044_601","2016-10-14","2016-09-19","2016-10-05","2016-10-06T22:00Z","2016-10-14T19:40Z","NEON.LTR.TREE044601.20161005","NEON.LTR.TREE044601.20161005.SDS","NEON.DOC.001710vE","Seeds",0.005,"N","","hE8YqXO7sNiNpTQ8TwLBTEwXi3KL/fpp"
"6406ca12-c3e7-4a14-b478-7d13c75de153","TREE_044.basePlot.ltr","D05","TREE","TREE_044","TREE_044_601","2016-10-14","2016-09-19","2016-10-05","2016-10-06T22:00Z","2016-10-14T19:40Z","NEON.LTR.TREE044601.20161005","NEON.LTR.TREE044601.20161005.LVS","NEON.DOC.001710vE","Leaves",51.48,"Y","","hE8YqXO7sNiNpTQ8TwLBTEwXi3KL/fpp"
"661d7431-f158-4b3e-be51-45d16ed878ca","TREE_044.basePlot.ltr","D05","TREE","TREE_044","TREE_044_601","2016-10-14","2016-09-19","2016-10-05","2016-10-06T22:00Z","2016-10-14T19:40Z","NEON.LTR.TREE044601.20161005","NEON.LTR.TREE044601.20161005.WDY","NEON.DOC.001710vE","Woody material",0.02,"N","","hE8YqXO7sNiNpTQ8TwLBTEwXi3KL/fpp"
"38b79211-3064-4fdc-bc86-9b7b71793913","TREE_044.basePlot.ltr","D05","TREE","TREE_044","TREE_044_601","2016-10-14","2016-09-19","2016-10-05","2016-10-06T22:00Z","2016-10-14T19:40Z","NEON.LTR.TREE044601.20161005","NEON.LTR.TREE044601.20161005.FLR","NEON.DOC.001710vE","Flowers",0.005,"N","","hE8YqXO7sNiNpTQ8TwLBTEwXi3KL/fpp"
"7cb54eca-8218-418a-adbd-30eedba91419","TREE_048.basePlot.ltr","D05","TREE","TREE_048","TREE_048_578","2016-10-14","2016-09-19","2016-10-05","2016-10-06T22:00Z","2016-10-14T19:40Z","NEON.LTR.TREE048578.20161005","NEON.LTR.TREE048578.20161005.TWI","NEON.DOC.001710vE","Twigs/branches",0.58,"N","","hE8YqXO7sNiNpTQ8TwLBTEwXi3KL/fpp"
"ad21f7d4-8fb9-4627-b01f-9b72302826bf","TREE_048.basePlot.ltr","D05","TREE","TREE_048","TREE_048_578","2016-10-14","2016-09-19","2016-10-05","2016-10-06T22:00Z","2016-10-14T19:40Z","NEON.LTR.TREE048578.20161005","NEON.LTR.TREE048578.20161005.SDS","NEON.DOC.001710vE","Seeds",0.005,"N","","hE8YqXO7sNiNpTQ8TwLBTEwXi3KL/fpp"
"6e042156-31ee-4c0f-bf0d-95ef00213d27","TREE_048.basePlot.ltr","D05","TREE","TREE_048","TREE_048_578","2016-10-14","2016-09-19","2016-10-05","2016-10-06T22:00Z","2016-10-14T19:40Z","NEON.LTR.TREE048578.20161005","NEON.LTR.TREE048578.20161005.WDY","NEON.DOC.001710vE","Woody material",14.33,"N","","hE8YqXO7sNiNpTQ8TwLBTEwXi3KL/fpp"
"73d524ed-be3a-48c1-9487-04f13166daf9","TREE_048.basePlot.ltr","D05","TREE","TREE_048","TREE_048_578","2016-10-14","2016-09-19","2016-10-05","2016-10-06T22:00Z","2016-10-14T19:40Z","NEON.LTR.TREE048578.20161005","NEON.LTR.TREE048578.20161005.FLR","NEON.DOC.001710vE","Flowers",0.005,"N","","hE8YqXO7sNiNpTQ8TwLBTEwXi3KL/fpp"
"4f6ee3a5-b4e5-42e2-8db8-ae2d1d8a67b4","TREE_048.basePlot.ltr","D05","TREE","TREE_048","TREE_048_578","2016-10-14","2016-09-19","2016-10-05","2016-10-06T22:00Z","2016-10-14T19:40Z","NEON.LTR.TREE048578.20161005","NEON.LTR.TREE048578.20161005.LVS","NEON.DOC.001710vE","Leaves",14.72,"N","","hE8YqXO7sNiNpTQ8TwLBTEwXi3KL/fpp"
"6db80ac5-7dc8-402f-9b44-a10cef33ccbf","TREE_048.basePlot.ltr","D05","TREE","TREE_048","TREE_048_578","2016-10-14","2016-09-19","2016-10-05","2016-10-06T22:00Z","2016-10-14T19:40Z","NEON.LTR.TREE048578.20161005","NEON.LTR.TREE048578.20161005.OTH","NEON.DOC.001710vE","Other",0,"N","","hE8YqXO7sNiNpTQ8TwLBTEwXi3KL/fpp"
"b9569946-9a91-4e8f-974b-f5a1fe8f5785","TREE_048.basePlot.ltr","D05","TREE","TREE_048","TREE_048_578","2016-10-14","2016-09-19","2016-10-05","2016-10-06T22:00Z","2016-10-14T19:40Z","NEON.LTR.TREE048578.20161005","NEON.LTR.TREE048578.20161005.NDL","NEON.DOC.001710vE","Needles",9.76,"N","","hE8YqXO7sNiNpTQ8TwLBTEwXi3KL/fpp"
"e23fcb36-b202-4b92-b080-1b477414a652","TREE_043.basePlot.ltr","D05","TREE","TREE_043","TREE_043_613","2016-10-14","2016-09-19","2016-10-05","2016-10-06T22:00Z","2016-10-14T19:40Z","NEON.LTR.TREE043613.20161005","NEON.LTR.TREE043613.20161005.OTH","NEON.DOC.001710vE","Other",0,"N","","hE8YqXO7sNiNpTQ8TwLBTEwXi3KL/fpp"
"aa1df702-fc9a-4b49-9c32-d0c10e079d9a","TREE_043.basePlot.ltr","D05","TREE","TREE_043","TREE_043_613","2016-10-14","2016-09-19","2016-10-05","2016-10-06T22:00Z","2016-10-14T19:40Z","NEON.LTR.TREE043613.20161005","NEON.LTR.TREE043613.20161005.TWI","NEON.DOC.001710vE","Twigs/branches",0.31,"N","","hE8YqXO7sNiNpTQ8TwLBTEwXi3KL/fpp"
"dd660d71-c22f-4621-8fa5-cff4047dd409","TREE_043.basePlot.ltr","D05","TREE","TREE_043","TREE_043_613","2016-10-14","2016-09-19","2016-10-05","2016-10-06T22:00Z","2016-10-14T19:40Z","NEON.LTR.TREE043613.20161005","NEON.LTR.TREE043613.20161005.WDY","NEON.DOC.001710vE","Woody material",0.1,"Y","","hE8YqXO7sNiNpTQ8TwLBTEwXi3KL/fpp"
"b78cc0a5-dc06-49f0-8537-3f2ff072103e","TREE_043.basePlot.ltr","D05","TREE","TREE_043","TREE_043_613","2016-10-14","2016-09-19","2016-10-05","2016-10-06T22:00Z","2016-10-14T19:40Z","NEON.LTR.TREE043613.20161005","NEON.LTR.TREE043613.20161005.FLR","NEON.DOC.001710vE","Flowers",0,"N","","hE8YqXO7sNiNpTQ8TwLBTEwXi3KL/fpp"
"b8a7796a-545f-4200-8177-4b88c5360d29","TREE_043.basePlot.ltr","D05","TREE","TREE_043","TREE_043_613","2016-10-14","2016-09-19","2016-10-05","2016-10-06T22:00Z","2016-10-14T19:40Z","NEON.LTR.TREE043613.20161005","NEON.LTR.TREE043613.20161005.NDL","NEON.DOC.001710vE","Needles",1.07,"N","","hE8YqXO7sNiNpTQ8TwLBTEwXi3KL/fpp"
"7e483765-7099-49a3-8ae1-614161e9137b","TREE_043.basePlot.ltr","D05","TREE","TREE_043","TREE_043_613","2016-10-14","2016-09-19","2016-10-05","2016-10-06T22:00Z","2016-10-14T19:40Z","NEON.LTR.TREE043613.20161005","NEON.LTR.TREE043613.20161005.SDS","NEON.DOC.001710vE","Seeds",0,"N","","hE8YqXO7sNiNpTQ8TwLBTEwXi3KL/fpp"
"66c85a96-1e18-4039-9cde-613a4cff35ed","TREE_043.basePlot.ltr","D05","TREE","TREE_043","TREE_043_613","2016-10-14","2016-09-19","2016-10-05","2016-10-06T22:00Z","2016-10-14T19:40Z","NEON.LTR.TREE043613.20161005","NEON.LTR.TREE043613.20161005.WDY","NEON.DOC.001710vE","Woody material",0.1,"N","","hE8YqXO7sNiNpTQ8TwLBTEwXi3KL/fpp"
"c0491620-4606-4ac5-b31f-fd0535974ea7","TREE_043.basePlot.ltr","D05","TREE","TREE_043","TREE_043_613","2016-10-14","2016-09-19","2016-10-05","2016-10-06T22:00Z","2016-10-14T19:40Z","NEON.LTR.TREE043613.20161005","NEON.LTR.TREE043613.20161005.LVS","NEON.DOC.001710vE","Leaves",3.28,"N","","hE8YqXO7sNiNpTQ8TwLBTEwXi3KL/fpp"
"831b2b86-1511-46d7-b1f2-9756129e212c","TREE_048.basePlot.ltr","D05","TREE","TREE_048","TREE_048_810","2016-10-14","2016-09-19","2016-10-05","2016-10-06T22:00Z","2016-10-14T19:40Z","NEON.LTR.TREE048810.20161005","NEON.LTR.TREE048810.20161005.OTH","NEON.DOC.001710vE","Other",0,"N","","hE8YqXO7sNiNpTQ8TwLBTEwXi3KL/fpp"
"894af6db-3983-4d27-a354-668d8365d4d1","TREE_048.basePlot.ltr","D05","TREE","TREE_048","TREE_048_810","2016-10-14","2016-09-19","2016-10-05","2016-10-06T22:00Z","2016-10-14T19:40Z","NEON.LTR.TREE048810.20161005","NEON.LTR.TREE048810.20161005.TWI","NEON.DOC.001710vE","Twigs/branches",0.84,"N","","hE8YqXO7sNiNpTQ8TwLBTEwXi3KL/fpp"
"c722f42c-d8e4-43fb-af6e-bf7ee0ba0bd6","TREE_048.basePlot.ltr","D05","TREE","TREE_048","TREE_048_810","2016-10-14","2016-09-19","2016-10-05","2016-10-06T22:00Z","2016-10-14T19:40Z","NEON.LTR.TREE048810.20161005","NEON.LTR.TREE048810.20161005.SDS","NEON.DOC.001710vE","Seeds",0.005,"N","","hE8YqXO7sNiNpTQ8TwLBTEwXi3KL/fpp"
"14d41e88-d50a-4f2b-bb3d-c39623bf37a2","TREE_048.basePlot.ltr","D05","TREE","TREE_048","TREE_048_810","2016-10-14","2016-09-19","2016-10-05","2016-10-06T22:00Z","2016-10-14T19:40Z","NEON.LTR.TREE048810.20161005","NEON.LTR.TREE048810.20161005.LVS","NEON.DOC.001710vE","Leaves",2.81,"N","","hE8YqXO7sNiNpTQ8TwLBTEwXi3KL/fpp"
"5e76acfc-f320-4e11-8848-9324eb522f7a","TREE_048.basePlot.ltr","D05","TREE","TREE_048","TREE_048_810","2016-10-14","2016-09-19","2016-10-05","2016-10-06T22:00Z","2016-10-14T19:40Z","NEON.LTR.TREE048810.20161005","NEON.LTR.TREE048810.20161005.NDL","NEON.DOC.001710vE","Needles",11.47,"Y","","hE8YqXO7sNiNpTQ8TwLBTEwXi3KL/fpp"
"77628ca9-09ca-4d1c-854d-e679a88183e7","TREE_048.basePlot.ltr","D05","TREE","TREE_048","TREE_048_810","2016-10-14","2016-09-19","2016-10-05","2016-10-06T22:00Z","2016-10-14T19:40Z","NEON.LTR.TREE048810.20161005","NEON.LTR.TREE048810.20161005.NDL","NEON.DOC.001710vE","Needles",11.48,"N","","hE8YqXO7sNiNpTQ8TwLBTEwXi3KL/fpp"
"07eca742-2c1c-4e18-9037-a36482b72c36","TREE_048.basePlot.ltr","D05","TREE","TREE_048","TREE_048_810","2016-10-14","2016-09-19","2016-10-05","2016-10-06T22:00Z","2016-10-14T19:40Z","NEON.LTR.TREE048810.20161005","NEON.LTR.TREE048810.20161005.FLR","NEON.DOC.001710vE","Flowers",0.005,"N","","hE8YqXO7sNiNpTQ8TwLBTEwXi3KL/fpp"
"0ceebe97-9090-4372-b592-ece4c03efb86","TREE_048.basePlot.ltr","D05","TREE","TREE_048","TREE_048_810","2016-10-14","2016-09-19","2016-10-05","2016-10-06T22:00Z","2016-10-14T19:40Z","NEON.LTR.TREE048810.20161005","NEON.LTR.TREE048810.20161005.WDY","NEON.DOC.001710vE","Woody material",2.58,"N","","hE8YqXO7sNiNpTQ8TwLBTEwXi3KL/fpp"
"45b49cc6-8dd9-4dfd-91b7-489e005a1875","TREE_045.basePlot.ltr","D05","TREE","TREE_045","TREE_045_693","2016-11-04","2016-10-05","2016-10-17","2016-10-24T16:45Z","2016-11-04T21:00Z","NEON.LTR.TREE045693.20161017","NEON.LTR.TREE045693.20161017.LVS","NEON.DOC.001710vE","Leaves",26.47,"N","","P9hftDyV5NLbHB2gcoQF666NEvwuiXGq"
"79dc0659-b8e6-4060-906c-3a079fb037e7","TREE_045.basePlot.ltr","D05","TREE","TREE_045","TREE_045_693","2016-11-04","2016-10-05","2016-10-17","2016-10-24T16:45Z","2016-11-04T21:00Z","NEON.LTR.TREE045693.20161017","NEON.LTR.TREE045693.20161017.FLR","NEON.DOC.001710vE","Flowers",0,"N","","P9hftDyV5NLbHB2gcoQF666NEvwuiXGq"
"f9590fa8-a4c6-49bc-a6ce-50a72eb158a8","TREE_045.basePlot.ltr","D05","TREE","TREE_045","TREE_045_693","2016-11-04","2016-10-05","2016-10-17","2016-10-24T16:45Z","2016-11-04T21:00Z","NEON.LTR.TREE045693.20161017","NEON.LTR.TREE045693.20161017.SDS","NEON.DOC.001710vE","Seeds",0.01,"N","","P9hftDyV5NLbHB2gcoQF666NEvwuiXGq"
"8f2e93c2-62cb-4984-b932-7d23d9cf0cd6","TREE_045.basePlot.ltr","D05","TREE","TREE_045","TREE_045_693","2016-11-04","2016-10-05","2016-10-17","2016-10-24T16:45Z","2016-11-04T21:00Z","NEON.LTR.TREE045693.20161017","NEON.LTR.TREE045693.20161017.OTH","NEON.DOC.001710vE","Other",0,"N","","P9hftDyV5NLbHB2gcoQF666NEvwuiXGq"
"99aac160-209f-4051-8a1f-89f41d55f656","TREE_045.basePlot.ltr","D05","TREE","TREE_045","TREE_045_693","2016-11-04","2016-10-05","2016-10-17","2016-10-24T16:45Z","2016-11-04T21:00Z","NEON.LTR.TREE045693.20161017","NEON.LTR.TREE045693.20161017.NDL","NEON.DOC.001710vE","Needles",27.92,"Y","","P9hftDyV5NLbHB2gcoQF666NEvwuiXGq"
"653236ac-6dfe-4325-a431-21a08bf5ce09","TREE_045.basePlot.ltr","D05","TREE","TREE_045","TREE_045_693","2016-11-04","2016-10-05","2016-10-17","2016-10-24T16:45Z","2016-11-04T21:00Z","NEON.LTR.TREE045693.20161017","NEON.LTR.TREE045693.20161017.TWI","NEON.DOC.001710vE","Twigs/branches",0.58,"N","","P9hftDyV5NLbHB2gcoQF666NEvwuiXGq"
"12d0b562-5d60-4b40-bd30-ca82919bab26","TREE_045.basePlot.ltr","D05","TREE","TREE_045","TREE_045_693","2016-11-04","2016-10-05","2016-10-17","2016-10-24T16:45Z","2016-11-04T21:00Z","NEON.LTR.TREE045693.20161017","NEON.LTR.TREE045693.20161017.NDL","NEON.DOC.001710vE","Needles",27.88,"N","","P9hftDyV5NLbHB2gcoQF666NEvwuiXGq"
"4be3de75-eca3-40de-889e-fc98c5a14346","TREE_052.basePlot.ltr","D05","TREE","TREE_052","TREE_052_313","2016-11-04","2016-10-05","2016-10-17","2016-10-24T16:45Z","2016-11-04T21:00Z","NEON.LTR.TREE052313.20161017","NEON.LTR.TREE052313.20161017.OTH","NEON.DOC.001710vE","Other",0.07,"Y","","P9hftDyV5NLbHB2gcoQF666NEvwuiXGq"
"797b3c4f-8c8c-4c4d-863e-6067f738b741","TREE_052.basePlot.ltr","D05","TREE","TREE_052","TREE_052_313","2016-11-04","2016-10-05","2016-10-17","2016-10-24T16:45Z","2016-11-04T21:00Z","NEON.LTR.TREE052313.20161017","NEON.LTR.TREE052313.20161017.TWI","NEON.DOC.001710vE","Twigs/branches",0.11,"N","","P9hftDyV5NLbHB2gcoQF666NEvwuiXGq"
"f3e7a0c9-6f5f-49f4-8a2c-8ef806a73421","TREE_052.basePlot.ltr","D05","TREE","TREE_052","TREE_052_313","2016-11-04","2016-10-05","2016-10-17","2016-10-24T16:45Z","2016-11-04T21:00Z","NEON.LTR.TREE052313.20161017","NEON.LTR.TREE052313.20161017.WDY","NEON.DOC.001710vE","Woody material",0,"N","","P9hftDyV5NLbHB2gcoQF666NEvwuiXGq"
"c91dbab5-bd34-44ca-9470-77116cdfaaaf","TREE_052.basePlot.ltr","D05","TREE","TREE_052","TREE_052_313","2016-11-04","2016-10-05","2016-10-17","2016-10-24T16:45Z","2016-11-04T21:00Z","NEON.LTR.TREE052313.20161017","NEON.LTR.TREE052313.20161017.SDS","NEON.DOC.001710vE","Seeds",0.25,"N","","P9hftDyV5NLbHB2gcoQF666NEvwuiXGq"
"9a6d481a-4d34-417e-b9cd-cf4d2399245d","TREE_052.basePlot.ltr","D05","TREE","TREE_052","TREE_052_313","2016-11-04","2016-10-05","2016-10-17","2016-10-24T16:45Z","2016-11-04T21:00Z","NEON.LTR.TREE052313.20161017","NEON.LTR.TREE052313.20161017.OTH","NEON.DOC.001710vE","Other",0.07,"N","","P9hftDyV5NLbHB2gcoQF666NEvwuiXGq"
"6a112966-bacc-4a59-a1ac-91af630550e7","TREE_052.basePlot.ltr","D05","TREE","TREE_052","TREE_052_313","2016-11-04","2016-10-05","2016-10-17","2016-10-24T16:45Z","2016-11-04T21:00Z","NEON.LTR.TREE052313.20161017","NEON.LTR.TREE052313.20161017.LVS","NEON.DOC.001710vE","Leaves",18.71,"N","","P9hftDyV5NLbHB2gcoQF666NEvwuiXGq"
"5ae08fc4-7b65-4a95-a68b-3ff1c54f2828","TREE_052.basePlot.ltr","D05","TREE","TREE_052","TREE_052_313","2016-11-04","2016-10-05","2016-10-17","2016-10-24T16:45Z","2016-11-04T21:00Z","NEON.LTR.TREE052313.20161017","NEON.LTR.TREE052313.20161017.NDL","NEON.DOC.001710vE","Needles",15.48,"N","","P9hftDyV5NLbHB2gcoQF666NEvwuiXGq"
"007245fb-3c3c-40f1-8b92-a66f09e00a99","TREE_052.basePlot.ltr","D05","TREE","TREE_052","TREE_052_313","2016-11-04","2016-10-05","2016-10-17","2016-10-24T16:45Z","2016-11-04T21:00Z","NEON.LTR.TREE052313.20161017","NEON.LTR.TREE052313.20161017.FLR","NEON.DOC.001710vE","Flowers",0,"N","","P9hftDyV5NLbHB2gcoQF666NEvwuiXGq"
"735d6b67-15df-4afc-83a2-bbfa7e6f9465","TREE_046.basePlot.ltr","D05","TREE","TREE_046","TREE_046_663","2016-11-04","2016-10-05","2016-10-17","2016-10-24T16:45Z","2016-11-04T21:00Z","NEON.LTR.TREE046663.20161017","NEON.LTR.TREE046663.20161017.WDY","NEON.DOC.001710vE","Woody material",0.005,"N","","P9hftDyV5NLbHB2gcoQF666NEvwuiXGq"
"ec84c233-13c7-48f3-9e8b-22842362bcb8","TREE_046.basePlot.ltr","D05","TREE","TREE_046","TREE_046_663","2016-11-04","2016-10-05","2016-10-17","2016-10-24T16:45Z","2016-11-04T21:00Z","NEON.LTR.TREE046663.20161017","NEON.LTR.TREE046663.20161017.NDL","NEON.DOC.001710vE","Needles",0,"N","","P9hftDyV5NLbHB2gcoQF666NEvwuiXGq"
"1f871ca1-0d6b-4d4d-aba1-4849f54282f8","TREE_046.basePlot.ltr","D05","TREE","TREE_046","TREE_046_663","2016-11-04","2016-10-05","2016-10-17","2016-10-24T16:45Z","2016-11-04T21:00Z","NEON.LTR.TREE046663.20161017","NEON.LTR.TREE046663.20161017.LVS","NEON.DOC.001710vE","Leaves",89.04,"N","","P9hftDyV5NLbHB2gcoQF666NEvwuiXGq"
"e4e33ac9-f01f-4cde-b918-fc2a80ece80e","TREE_046.basePlot.ltr","D05","TREE","TREE_046","TREE_046_663","2016-11-04","2016-10-05","2016-10-17","2016-10-24T16:45Z","2016-11-04T21:00Z","NEON.LTR.TREE046663.20161017","NEON.LTR.TREE046663.20161017.TWI","NEON.DOC.001710vE","Twigs/branches",0.18,"N","","P9hftDyV5NLbHB2gcoQF666NEvwuiXGq"
"9a4cec2a-a700-4c35-802b-f693bf2075c3","TREE_046.basePlot.ltr","D05","TREE","TREE_046","TREE_046_663","2016-11-04","2016-10-05","2016-10-17","2016-10-24T16:45Z","2016-11-04T21:00Z","NEON.LTR.TREE046663.20161017","NEON.LTR.TREE046663.20161017.FLR","NEON.DOC.001710vE","Flowers",0.03,"N","","P9hftDyV5NLbHB2gcoQF666NEvwuiXGq"
"2b75aa77-dad9-4f2f-a1f4-220ad233e37a","TREE_046.basePlot.ltr","D05","TREE","TREE_046","TREE_046_663","2016-11-04","2016-10-05","2016-10-17","2016-10-24T16:45Z","2016-11-04T21:00Z","NEON.LTR.TREE046663.20161017","NEON.LTR.TREE046663.20161017.SDS","NEON.DOC.001710vE","Seeds",1.11,"N","","P9hftDyV5NLbHB2gcoQF666NEvwuiXGq"
"1e2f4938-887c-4eed-9613-2736d5e2e207","TREE_046.basePlot.ltr","D05","TREE","TREE_046","TREE_046_663","2016-11-04","2016-10-05","2016-10-17","2016-10-24T16:45Z","2016-11-04T21:00Z","NEON.LTR.TREE046663.20161017","NEON.LTR.TREE046663.20161017.OTH","NEON.DOC.001710vE","Other",0.16,"N","","P9hftDyV5NLbHB2gcoQF666NEvwuiXGq"
"590d8b4f-c951-430a-81a1-828a208750a1","TREE_046.basePlot.ltr","D05","TREE","TREE_046","TREE_046_663","2016-11-04","2016-10-05","2016-10-17","2016-10-24T16:45Z","2016-11-04T21:00Z","NEON.LTR.TREE046663.20161017","NEON.LTR.TREE046663.20161017.TWI","NEON.DOC.001710vE","Twigs/branches",0.19,"Y","","P9hftDyV5NLbHB2gcoQF666NEvwuiXGq"
"5c6ab47b-89ff-4cd2-a44e-e391397288c3","TREE_056.basePlot.ltr","D05","TREE","TREE_056","TREE_056_168","2016-11-04","2016-10-05","2016-10-17","2016-10-24T16:45Z","2016-11-04T21:00Z","NEON.LTR.TREE056168.20161017","NEON.LTR.TREE056168.20161017.WDY","NEON.DOC.001710vE","Woody material",0,"N","","P9hftDyV5NLbHB2gcoQF666NEvwuiXGq"
"f019391d-bd48-46f8-ac05-97416ea4dea4","TREE_056.basePlot.ltr","D05","TREE","TREE_056","TREE_056_168","2016-11-04","2016-10-05","2016-10-17","2016-10-24T16:45Z","2016-11-04T21:00Z","NEON.LTR.TREE056168.20161017","NEON.LTR.TREE056168.20161017.NDL","NEON.DOC.001710vE","Needles",0.005,"N","","P9hftDyV5NLbHB2gcoQF666NEvwuiXGq"
"32036060-3eec-4765-bb2f-d42e380d4123","TREE_056.basePlot.ltr","D05","TREE","TREE_056","TREE_056_168","2016-11-04","2016-10-05","2016-10-17","2016-10-24T16:45Z","2016-11-04T21:00Z","NEON.LTR.TREE056168.20161017","NEON.LTR.TREE056168.20161017.SDS","NEON.DOC.001710vE","Seeds",1.94,"N","","P9hftDyV5NLbHB2gcoQF666NEvwuiXGq"
"2fca31e4-c37b-4d1f-81a1-4a527f663ef9","TREE_056.basePlot.ltr","D05","TREE","TREE_056","TREE_056_168","2016-11-04","2016-10-05","2016-10-17","2016-10-24T16:45Z","2016-11-04T21:00Z","NEON.LTR.TREE056168.20161017","NEON.LTR.TREE056168.20161017.FLR","NEON.DOC.001710vE","Flowers",0,"N","","P9hftDyV5NLbHB2gcoQF666NEvwuiXGq"
"9ee4c8a9-c822-40a6-a4fc-c95011c696f5","TREE_056.basePlot.ltr","D05","TREE","TREE_056","TREE_056_168","2016-11-04","2016-10-05","2016-10-17","2016-10-24T16:45Z","2016-11-04T21:00Z","NEON.LTR.TREE056168.20161017","NEON.LTR.TREE056168.20161017.LVS","NEON.DOC.001710vE","Leaves",34.99,"N","","P9hftDyV5NLbHB2gcoQF666NEvwuiXGq"
"1e461cce-e04c-43ed-8c26-f1abb1190157","TREE_056.basePlot.ltr","D05","TREE","TREE_056","TREE_056_168","2016-11-04","2016-10-05","2016-10-17","2016-10-24T16:45Z","2016-11-04T21:00Z","NEON.LTR.TREE056168.20161017","NEON.LTR.TREE056168.20161017.OTH","NEON.DOC.001710vE","Other",0.05,"N","","P9hftDyV5NLbHB2gcoQF666NEvwuiXGq"
"cffcb2ef-bb08-488f-b72f-0c209e5cf65b","TREE_056.basePlot.ltr","D05","TREE","TREE_056","TREE_056_168","2016-11-04","2016-10-05","2016-10-17","2016-10-24T16:45Z","2016-11-04T21:00Z","NEON.LTR.TREE056168.20161017","NEON.LTR.TREE056168.20161017.TWI","NEON.DOC.001710vE","Twigs/branches",0,"N","","P9hftDyV5NLbHB2gcoQF666NEvwuiXGq"
"a38c6b81-391d-44eb-ac0b-e5782786df21","TREE_051.basePlot.ltr","D05","TREE","TREE_051","TREE_051_810","2016-11-04","2016-10-05","2016-10-17","2016-10-24T16:45Z","2016-11-04T21:00Z","NEON.LTR.TREE051810.20161017","NEON.LTR.TREE051810.20161017.WDY","NEON.DOC.001710vE","Woody material",0,"N","","P9hftDyV5NLbHB2gcoQF666NEvwuiXGq"
"bed8ee36-51b8-4aea-b7cc-73681ae5db15","TREE_051.basePlot.ltr","D05","TREE","TREE_051","TREE_051_810","2016-11-04","2016-10-05","2016-10-17","2016-10-24T16:45Z","2016-11-04T21:00Z","NEON.LTR.TREE051810.20161017","NEON.LTR.TREE051810.20161017.LVS","NEON.DOC.001710vE","Leaves",34.63,"Y","","P9hftDyV5NLbHB2gcoQF666NEvwuiXGq"
"eb6ce69c-bdbb-4761-9af1-dc60a39685dc","TREE_051.basePlot.ltr","D05","TREE","TREE_051","TREE_051_810","2016-11-04","2016-10-05","2016-10-17","2016-10-24T16:45Z","2016-11-04T21:00Z","NEON.LTR.TREE051810.20161017","NEON.LTR.TREE051810.20161017.TWI","NEON.DOC.001710vE","Twigs/branches",0.38,"N","","P9hftDyV5NLbHB2gcoQF666NEvwuiXGq"
"68dd487c-a7dd-45e6-a191-0cdadad85a98","TREE_051.basePlot.ltr","D05","TREE","TREE_051","TREE_051_810","2016-11-04","2016-10-05","2016-10-17","2016-10-24T16:45Z","2016-11-04T21:00Z","NEON.LTR.TREE051810.20161017","NEON.LTR.TREE051810.20161017.SDS","NEON.DOC.001710vE","Seeds",1.69,"N","","P9hftDyV5NLbHB2gcoQF666NEvwuiXGq"
"e74bafc2-d248-421e-83b4-1c1afae7480b","TREE_051.basePlot.ltr","D05","TREE","TREE_051","TREE_051_810","2016-11-04","2016-10-05","2016-10-17","2016-10-24T16:45Z","2016-11-04T21:00Z","NEON.LTR.TREE051810.20161017","NEON.LTR.TREE051810.20161017.FLR","NEON.DOC.001710vE","Flowers",0,"N","","P9hftDyV5NLbHB2gcoQF666NEvwuiXGq"
"b1710c9e-96f4-436d-b067-2c575c272fc2","TREE_051.basePlot.ltr","D05","TREE","TREE_051","TREE_051_810","2016-11-04","2016-10-05","2016-10-17","2016-10-24T16:45Z","2016-11-04T21:00Z","NEON.LTR.TREE051810.20161017","NEON.LTR.TREE051810.20161017.OTH","NEON.DOC.001710vE","Other",0.17,"N","","P9hftDyV5NLbHB2gcoQF666NEvwuiXGq"
"835ec8b7-edc7-40c8-a34f-8e5adb446688","TREE_051.basePlot.ltr","D05","TREE","TREE_051","TREE_051_810","2016-11-04","2016-10-05","2016-10-17","2016-10-24T16:45Z","2016-11-04T21:00Z","NEON.LTR.TREE051810.20161017","NEON.LTR.TREE051810.20161017.LVS","NEON.DOC.001710vE","Leaves",34.65,"N","","P9hftDyV5NLbHB2gcoQF666NEvwuiXGq"
"ce3e326f-da1f-4719-9ebc-27494bdb9b69","TREE_051.basePlot.ltr","D05","TREE","TREE_051","TREE_051_810","2016-11-04","2016-10-05","2016-10-17","2016-10-24T16:45Z","2016-11-04T21:00Z","NEON.LTR.TREE051810.20161017","NEON.LTR.TREE051810.20161017.NDL","NEON.DOC.001710vE","Needles",0.4,"N","","P9hftDyV5NLbHB2gcoQF666NEvwuiXGq"
"525ded3b-df4c-4080-806c-3fec45717345","TREE_045.basePlot.ltr","D05","TREE","TREE_045","TREE_045_349","2016-10-27","2016-10-05","2016-10-17","2016-10-20T23:00Z","2016-10-27T21:00Z","NEON.LTR.TREE045349.20161017","NEON.LTR.TREE045349.20161017.TWI","NEON.DOC.001710vE","Twigs/branches",0,"N","","n3FTqtv1XKCIEKvil+MbndY+c5Uay6s5"
"39b96380-1ac9-4394-8d9d-3fd483ce8eab","TREE_045.basePlot.ltr","D05","TREE","TREE_045","TREE_045_349","2016-10-27","2016-10-05","2016-10-17","2016-10-20T23:00Z","2016-10-27T21:00Z","NEON.LTR.TREE045349.20161017","NEON.LTR.TREE045349.20161017.SDS","NEON.DOC.001710vE","Seeds",0.13,"N","","n3FTqtv1XKCIEKvil+MbndY+c5Uay6s5"
"ae8ecae6-4e70-4056-83ee-2ee856cba4ee","TREE_045.basePlot.ltr","D05","TREE","TREE_045","TREE_045_349","2016-10-27","2016-10-05","2016-10-17","2016-10-20T23:00Z","2016-10-27T21:00Z","NEON.LTR.TREE045349.20161017","NEON.LTR.TREE045349.20161017.OTH","NEON.DOC.001710vE","Other",0.06,"N","","n3FTqtv1XKCIEKvil+MbndY+c5Uay6s5"
"656c5489-77b4-4462-8529-48400e50d762","TREE_045.basePlot.ltr","D05","TREE","TREE_045","TREE_045_349","2016-10-27","2016-10-05","2016-10-17","2016-10-20T23:00Z","2016-10-27T21:00Z","NEON.LTR.TREE045349.20161017","NEON.LTR.TREE045349.20161017.NDL","NEON.DOC.001710vE","Needles",0.2,"N","","n3FTqtv1XKCIEKvil+MbndY+c5Uay6s5"
"9afe6559-89bb-4a42-bd54-9d761b11b4bc","TREE_045.basePlot.ltr","D05","TREE","TREE_045","TREE_045_349","2016-10-27","2016-10-05","2016-10-17","2016-10-20T23:00Z","2016-10-27T21:00Z","NEON.LTR.TREE045349.20161017","NEON.LTR.TREE045349.20161017.WDY","NEON.DOC.001710vE","Woody material",0,"N","","n3FTqtv1XKCIEKvil+MbndY+c5Uay6s5"
"6ba0e3c5-ab1b-45e6-90d7-c01cb86ed93a","TREE_045.basePlot.ltr","D05","TREE","TREE_045","TREE_045_349","2016-10-27","2016-10-05","2016-10-17","2016-10-20T23:00Z","2016-10-27T21:00Z","NEON.LTR.TREE045349.20161017","NEON.LTR.TREE045349.20161017.LVS","NEON.DOC.001710vE","Leaves",24.7,"N","","n3FTqtv1XKCIEKvil+MbndY+c5Uay6s5"
"244b3e28-6088-4c25-a4a7-ff676ddfba58","TREE_042.basePlot.ltr","D05","TREE","TREE_042","TREE_042_362","2016-11-04","2016-10-05","2016-10-17","2016-10-24T16:45Z","2016-11-04T21:00Z","NEON.LTR.TREE042362.20161017","NEON.LTR.TREE042362.20161017.WDY","NEON.DOC.001710vE","Woody material",0,"N","","P9hftDyV5NLbHB2gcoQF666NEvwuiXGq"
"eb3ef3c9-6f85-494e-85f6-eb23682ac6c2","TREE_042.basePlot.ltr","D05","TREE","TREE_042","TREE_042_362","2016-11-04","2016-10-05","2016-10-17","2016-10-24T16:45Z","2016-11-04T21:00Z","NEON.LTR.TREE042362.20161017","NEON.LTR.TREE042362.20161017.TWI","NEON.DOC.001710vE","Twigs/branches",0.08,"N","","P9hftDyV5NLbHB2gcoQF666NEvwuiXGq"
"ebc31d99-e366-41a4-bcf2-3f034f6b306a","TREE_042.basePlot.ltr","D05","TREE","TREE_042","TREE_042_362","2016-11-04","2016-10-05","2016-10-17","2016-10-24T16:45Z","2016-11-04T21:00Z","NEON.LTR.TREE042362.20161017","NEON.LTR.TREE042362.20161017.LVS","NEON.DOC.001710vE","Leaves",87.85,"N","","P9hftDyV5NLbHB2gcoQF666NEvwuiXGq"
"7f5292ae-d831-49c1-8b66-4af9de095e62","TREE_042.basePlot.ltr","D05","TREE","TREE_042","TREE_042_362","2016-11-04","2016-10-05","2016-10-17","2016-10-24T16:45Z","2016-11-04T21:00Z","NEON.LTR.TREE042362.20161017","NEON.LTR.TREE042362.20161017.OTH","NEON.DOC.001710vE","Other",0.13,"N","","P9hftDyV5NLbHB2gcoQF666NEvwuiXGq"
"a61e99f5-9774-48b8-a5f0-c9304fe3920c","TREE_042.basePlot.ltr","D05","TREE","TREE_042","TREE_042_362","2016-11-04","2016-10-05","2016-10-17","2016-10-24T16:45Z","2016-11-04T21:00Z","NEON.LTR.TREE042362.20161017","NEON.LTR.TREE042362.20161017.FLR","NEON.DOC.001710vE","Flowers",0,"N","","P9hftDyV5NLbHB2gcoQF666NEvwuiXGq"
"93aa4de4-a47a-453b-8feb-3964e7cf1dc3","TREE_042.basePlot.ltr","D05","TREE","TREE_042","TREE_042_362","2016-11-04","2016-10-05","2016-10-17","2016-10-24T16:45Z","2016-11-04T21:00Z","NEON.LTR.TREE042362.20161017","NEON.LTR.TREE042362.20161017.SDS","NEON.DOC.001710vE","Seeds",0.98,"N","","P9hftDyV5NLbHB2gcoQF666NEvwuiXGq"
"583449f5-b697-443b-9d9f-6c82fd9fc4a9","TREE_042.basePlot.ltr","D05","TREE","TREE_042","TREE_042_362","2016-11-04","2016-10-05","2016-10-17","2016-10-24T16:45Z","2016-11-04T21:00Z","NEON.LTR.TREE042362.20161017","NEON.LTR.TREE042362.20161017.NDL","NEON.DOC.001710vE","Needles",0.005,"N","","P9hftDyV5NLbHB2gcoQF666NEvwuiXGq"
"9a38917a-282e-487d-a4ab-cfe99bc43933","TREE_039.basePlot.ltr","D05","TREE","TREE_039","TREE_039_891","2016-11-04","2016-10-05","2016-10-17","2016-10-24T16:45Z","2016-11-04T21:00Z","NEON.LTR.TREE039891.20161017","NEON.LTR.TREE039891.20161017.SDS","NEON.DOC.001710vE","Seeds",0.04,"N","","P9hftDyV5NLbHB2gcoQF666NEvwuiXGq"
"52a737c6-4a47-4a0a-abeb-ea0744ab9e00","TREE_039.basePlot.ltr","D05","TREE","TREE_039","TREE_039_891","2016-11-04","2016-10-05","2016-10-17","2016-10-24T16:45Z","2016-11-04T21:00Z","NEON.LTR.TREE039891.20161017","NEON.LTR.TREE039891.20161017.LVS","NEON.DOC.001710vE","Leaves",30.85,"N","","P9hftDyV5NLbHB2gcoQF666NEvwuiXGq"
"3a290c97-1c89-4f8b-a7f6-12279f2dd69d","TREE_039.basePlot.ltr","D05","TREE","TREE_039","TREE_039_891","2016-11-04","2016-10-05","2016-10-17","2016-10-24T16:45Z","2016-11-04T21:00Z","NEON.LTR.TREE039891.20161017","NEON.LTR.TREE039891.20161017.WDY","NEON.DOC.001710vE","Woody material",0.005,"N","","P9hftDyV5NLbHB2gcoQF666NEvwuiXGq"
"16d5d8e9-88b4-4498-82f4-013742b4a62b","TREE_039.basePlot.ltr","D05","TREE","TREE_039","TREE_039_891","2016-11-04","2016-10-05","2016-10-17","2016-10-24T16:45Z","2016-11-04T21:00Z","NEON.LTR.TREE039891.20161017","NEON.LTR.TREE039891.20161017.TWI","NEON.DOC.001710vE","Twigs/branches",0.08,"N","","P9hftDyV5NLbHB2gcoQF666NEvwuiXGq"
"9671e7ad-9fc1-4b58-8b3e-378a082da1bd","TREE_039.basePlot.ltr","D05","TREE","TREE_039","TREE_039_891","2016-11-04","2016-10-05","2016-10-17","2016-10-24T16:45Z","2016-11-04T21:00Z","NEON.LTR.TREE039891.20161017","NEON.LTR.TREE039891.20161017.NDL","NEON.DOC.001710vE","Needles",5.45,"N","","P9hftDyV5NLbHB2gcoQF666NEvwuiXGq"
"589e517e-fd18-46e1-a0c9-a03daf73edd7","TREE_039.basePlot.ltr","D05","TREE","TREE_039","TREE_039_891","2016-11-04","2016-10-05","2016-10-17","2016-10-24T16:45Z","2016-11-04T21:00Z","NEON.LTR.TREE039891.20161017","NEON.LTR.TREE039891.20161017.FLR","NEON.DOC.001710vE","Flowers",0.02,"N","","P9hftDyV5NLbHB2gcoQF666NEvwuiXGq"
"3bf9752c-d900-4f1f-9440-e6b6f0aaed12","TREE_039.basePlot.ltr","D05","TREE","TREE_039","TREE_039_891","2016-11-04","2016-10-05","2016-10-17","2016-10-24T16:45Z","2016-11-04T21:00Z","NEON.LTR.TREE039891.20161017","NEON.LTR.TREE039891.20161017.OTH","NEON.DOC.001710vE","Other",0.07,"N","","P9hftDyV5NLbHB2gcoQF666NEvwuiXGq"
"f22ebaa9-3544-4b9d-9eac-f23a58c57c09","TREE_044.basePlot.ltr","D05","TREE","TREE_044","TREE_044_601","2016-11-04","2016-10-05","2016-10-17","2016-10-24T16:45Z","2016-11-04T21:00Z","NEON.LTR.TREE044601.20161017","NEON.LTR.TREE044601.20161017.OTH","NEON.DOC.001710vE","Other",0,"N","","P9hftDyV5NLbHB2gcoQF666NEvwuiXGq"
"adc9be38-44dc-4dc1-922b-4fa944a0dabf","TREE_044.basePlot.ltr","D05","TREE","TREE_044","TREE_044_601","2016-11-04","2016-10-05","2016-10-17","2016-10-24T16:45Z","2016-11-04T21:00Z","NEON.LTR.TREE044601.20161017","NEON.LTR.TREE044601.20161017.TWI","NEON.DOC.001710vE","Twigs/branches",3.75,"N","","P9hftDyV5NLbHB2gcoQF666NEvwuiXGq"
"f72d9fa1-039e-4ff6-8811-25a087715dee","TREE_044.basePlot.ltr","D05","TREE","TREE_044","TREE_044_601","2016-11-04","2016-10-05","2016-10-17","2016-10-24T16:45Z","2016-11-04T21:00Z","NEON.LTR.TREE044601.20161017","NEON.LTR.TREE044601.20161017.TWI","NEON.DOC.001710vE","Twigs/branches",3.75,"Y","","P9hftDyV5NLbHB2gcoQF666NEvwuiXGq"
"1b028fde-57c5-46a5-9cb3-72ed28eba7eb","TREE_044.basePlot.ltr","D05","TREE","TREE_044","TREE_044_601","2016-11-04","2016-10-05","2016-10-17","2016-10-24T16:45Z","2016-11-04T21:00Z","NEON.LTR.TREE044601.20161017","NEON.LTR.TREE044601.20161017.NDL","NEON.DOC.001710vE","Needles",0.02,"N","","P9hftDyV5NLbHB2gcoQF666NEvwuiXGq"
"4269083d-a130-4116-b55c-0c14b47010bc","TREE_044.basePlot.ltr","D05","TREE","TREE_044","TREE_044_601","2016-11-04","2016-10-05","2016-10-17","2016-10-24T16:45Z","2016-11-04T21:00Z","NEON.LTR.TREE044601.20161017","NEON.LTR.TREE044601.20161017.SDS","NEON.DOC.001710vE","Seeds",0,"N","","P9hftDyV5NLbHB2gcoQF666NEvwuiXGq"
"befc3610-b766-4cb1-bfd6-ad6d4d567a80","TREE_044.basePlot.ltr","D05","TREE","TREE_044","TREE_044_601","2016-11-04","2016-10-05","2016-10-17","2016-10-24T16:45Z","2016-11-04T21:00Z","NEON.LTR.TREE044601.20161017","NEON.LTR.TREE044601.20161017.FLR","NEON.DOC.001710vE","Flowers",0,"N","","P9hftDyV5NLbHB2gcoQF666NEvwuiXGq"
"2c176bbe-1e11-4858-8cf9-ab45fe7bc80a","TREE_044.basePlot.ltr","D05","TREE","TREE_044","TREE_044_601","2016-11-04","2016-10-05","2016-10-17","2016-10-24T16:45Z","2016-11-04T21:00Z","NEON.LTR.TREE044601.20161017","NEON.LTR.TREE044601.20161017.LVS","NEON.DOC.001710vE","Leaves",32.57,"N","","P9hftDyV5NLbHB2gcoQF666NEvwuiXGq"
"0730cee7-84e7-4bbb-9168-e011d076e3ce","TREE_044.basePlot.ltr","D05","TREE","TREE_044","TREE_044_601","2016-11-04","2016-10-05","2016-10-17","2016-10-24T16:45Z","2016-11-04T21:00Z","NEON.LTR.TREE044601.20161017","NEON.LTR.TREE044601.20161017.WDY","NEON.DOC.001710vE","Woody material",0.01,"N","","P9hftDyV5NLbHB2gcoQF666NEvwuiXGq"
"01fb670d-56f3-444d-9836-1c66a9f0e020","TREE_044.basePlot.ltr","D05","TREE","TREE_044","TREE_044_601","2016-11-04","2016-10-05","2016-10-17","2016-10-24T16:45Z","2016-11-04T21:00Z","NEON.LTR.TREE044601.20161017","NEON.LTR.TREE044601.20161017.NDL","NEON.DOC.001710vE","Needles",0.02,"Y","","P9hftDyV5NLbHB2gcoQF666NEvwuiXGq"
"198df404-4cb4-4f60-8536-80085a6d6d47","TREE_025.basePlot.ltr","D05","TREE","TREE_025","TREE_025_043","2016-10-27","2016-10-05","2016-10-17","2016-10-20T23:00Z","2016-10-27T21:00Z","NEON.LTR.TREE025043.20161017","NEON.LTR.TREE025043.20161017.SDS","NEON.DOC.001710vE","Seeds",0.11,"N","","n3FTqtv1XKCIEKvil+MbndY+c5Uay6s5"
"581281e4-f8e0-434c-9a9b-e62ad8835450","TREE_025.basePlot.ltr","D05","TREE","TREE_025","TREE_025_043","2016-10-27","2016-10-05","2016-10-17","2016-10-20T23:00Z","2016-10-27T21:00Z","NEON.LTR.TREE025043.20161017","NEON.LTR.TREE025043.20161017.OTH","NEON.DOC.001710vE","Other",0,"N","","n3FTqtv1XKCIEKvil+MbndY+c5Uay6s5"
"0cfcadfc-c5db-4b34-a28e-ce96659bbc3c","TREE_025.basePlot.ltr","D05","TREE","TREE_025","TREE_025_043","2016-10-27","2016-10-05","2016-10-17","2016-10-20T23:00Z","2016-10-27T21:00Z","NEON.LTR.TREE025043.20161017","NEON.LTR.TREE025043.20161017.FLR","NEON.DOC.001710vE","Flowers",0.03,"N","","n3FTqtv1XKCIEKvil+MbndY+c5Uay6s5"
"d81f0a97-ac8c-498c-9541-50fa1987aba9","TREE_025.basePlot.ltr","D05","TREE","TREE_025","TREE_025_043","2016-10-27","2016-10-05","2016-10-17","2016-10-20T23:00Z","2016-10-27T21:00Z","NEON.LTR.TREE025043.20161017","NEON.LTR.TREE025043.20161017.NDL","NEON.DOC.001710vE","Needles",5.31,"N","","n3FTqtv1XKCIEKvil+MbndY+c5Uay6s5"
"3fbb5fce-24e4-4957-954c-d0b24889377e","TREE_025.basePlot.ltr","D05","TREE","TREE_025","TREE_025_043","2016-10-27","2016-10-05","2016-10-17","2016-10-20T23:00Z","2016-10-27T21:00Z","NEON.LTR.TREE025043.20161017","NEON.LTR.TREE025043.20161017.LVS","NEON.DOC.001710vE","Leaves",21.19,"N","","n3FTqtv1XKCIEKvil+MbndY+c5Uay6s5"
"013f0d45-90cb-4f42-a770-cc9c756d79b4","TREE_025.basePlot.ltr","D05","TREE","TREE_025","TREE_025_043","2016-10-27","2016-10-05","2016-10-17","2016-10-20T23:00Z","2016-10-27T21:00Z","NEON.LTR.TREE025043.20161017","NEON.LTR.TREE025043.20161017.TWI","NEON.DOC.001710vE","Twigs/branches",0.21,"N","","n3FTqtv1XKCIEKvil+MbndY+c5Uay6s5"
"2aa23cdc-c63d-4519-91f7-e5d9f08ef270","TREE_025.basePlot.ltr","D05","TREE","TREE_025","TREE_025_043","2016-10-27","2016-10-05","2016-10-17","2016-10-20T23:00Z","2016-10-27T21:00Z","NEON.LTR.TREE025043.20161017","NEON.LTR.TREE025043.20161017.WDY","NEON.DOC.001710vE","Woody material",1.95,"N","","n3FTqtv1XKCIEKvil+MbndY+c5Uay6s5"
"28c2adff-de9b-4f70-a104-e2e11035dd80","TREE_025.basePlot.ltr","D05","TREE","TREE_025","TREE_025_043","2016-10-27","2016-10-05","2016-10-17","2016-10-20T23:00Z","2016-10-27T21:00Z","NEON.LTR.TREE025043.20161017","NEON.LTR.TREE025043.20161017.NDL","NEON.DOC.001710vE","Needles",5.33,"Y","","n3FTqtv1XKCIEKvil+MbndY+c5Uay6s5"
"affab203-afb6-4ebd-8eb1-0c81aeea5727","TREE_043.basePlot.ltr","D05","TREE","TREE_043","TREE_043_613","2016-10-27","2016-10-05","2016-10-17","2016-10-20T23:00Z","2016-10-27T21:00Z","NEON.LTR.TREE043613.20161017","NEON.LTR.TREE043613.20161017.FLR","NEON.DOC.001710vE","Flowers",0.06,"N","","n3FTqtv1XKCIEKvil+MbndY+c5Uay6s5"
"46d2afc6-e132-421f-bf96-1cb65088cae4","TREE_043.basePlot.ltr","D05","TREE","TREE_043","TREE_043_613","2016-10-27","2016-10-05","2016-10-17","2016-10-20T23:00Z","2016-10-27T21:00Z","NEON.LTR.TREE043613.20161017","NEON.LTR.TREE043613.20161017.WDY","NEON.DOC.001710vE","Woody material",0.005,"N","","n3FTqtv1XKCIEKvil+MbndY+c5Uay6s5"
"e03f5c4e-537a-477e-9daa-8fe442b2b0f4","TREE_043.basePlot.ltr","D05","TREE","TREE_043","TREE_043_613","2016-10-27","2016-10-05","2016-10-17","2016-10-20T23:00Z","2016-10-27T21:00Z","NEON.LTR.TREE043613.20161017","NEON.LTR.TREE043613.20161017.LVS","NEON.DOC.001710vE","Leaves",2.04,"N","","n3FTqtv1XKCIEKvil+MbndY+c5Uay6s5"
"be750b3e-be98-42fd-a613-97164d293b28","TREE_043.basePlot.ltr","D05","TREE","TREE_043","TREE_043_613","2016-10-27","2016-10-05","2016-10-17","2016-10-20T23:00Z","2016-10-27T21:00Z","NEON.LTR.TREE043613.20161017","NEON.LTR.TREE043613.20161017.OTH","NEON.DOC.001710vE","Other",0,"N","","n3FTqtv1XKCIEKvil+MbndY+c5Uay6s5"
"c16a9477-a35d-4396-bdfe-811bd0a60e78","TREE_043.basePlot.ltr","D05","TREE","TREE_043","TREE_043_613","2016-10-27","2016-10-05","2016-10-17","2016-10-20T23:00Z","2016-10-27T21:00Z","NEON.LTR.TREE043613.20161017","NEON.LTR.TREE043613.20161017.SDS","NEON.DOC.001710vE","Seeds",0.005,"N","","n3FTqtv1XKCIEKvil+MbndY+c5Uay6s5"
"e4572611-7f8d-4cce-962d-ee0c6abd5b00","TREE_043.basePlot.ltr","D05","TREE","TREE_043","TREE_043_613","2016-10-27","2016-10-05","2016-10-17","2016-10-20T23:00Z","2016-10-27T21:00Z","NEON.LTR.TREE043613.20161017","NEON.LTR.TREE043613.20161017.NDL","NEON.DOC.001710vE","Needles",4.87,"Y","","n3FTqtv1XKCIEKvil+MbndY+c5Uay6s5"
"2fe56f53-3f72-42f4-9e16-5851e42605f2","TREE_043.basePlot.ltr","D05","TREE","TREE_043","TREE_043_613","2016-10-27","2016-10-05","2016-10-17","2016-10-20T23:00Z","2016-10-27T21:00Z","NEON.LTR.TREE043613.20161017","NEON.LTR.TREE043613.20161017.TWI","NEON.DOC.001710vE","Twigs/branches",0,"N","","n3FTqtv1XKCIEKvil+MbndY+c5Uay6s5"
"dd8ae804-b867-4358-91ae-3918c56eb5e0","TREE_043.basePlot.ltr","D05","TREE","TREE_043","TREE_043_613","2016-10-27","2016-10-05","2016-10-17","2016-10-20T23:00Z","2016-10-27T21:00Z","NEON.LTR.TREE043613.20161017","NEON.LTR.TREE043613.20161017.NDL","NEON.DOC.001710vE","Needles",4.88,"N","","n3FTqtv1XKCIEKvil+MbndY+c5Uay6s5"
"7dfc4ae5-0130-45fa-b768-a8e2edd5fb1f","TREE_057.basePlot.ltr","D05","TREE","TREE_057","TREE_057_577","2016-11-04","2016-10-05","2016-10-17","2016-10-24T16:45Z","2016-11-04T21:00Z","NEON.LTR.TREE057577.20161017","NEON.LTR.TREE057577.20161017.SDS","NEON.DOC.001710vE","Seeds",0.005,"N","","P9hftDyV5NLbHB2gcoQF666NEvwuiXGq"
"0d6e56b4-2c72-4435-b524-998a2e6e4261","TREE_057.basePlot.ltr","D05","TREE","TREE_057","TREE_057_577","2016-11-04","2016-10-05","2016-10-17","2016-10-24T16:45Z","2016-11-04T21:00Z","NEON.LTR.TREE057577.20161017","NEON.LTR.TREE057577.20161017.FLR","NEON.DOC.001710vE","Flowers",0,"N","","P9hftDyV5NLbHB2gcoQF666NEvwuiXGq"
"4acbb8c5-d992-49b5-bfba-c014676a392a","TREE_057.basePlot.ltr","D05","TREE","TREE_057","TREE_057_577","2016-11-04","2016-10-05","2016-10-17","2016-10-24T16:45Z","2016-11-04T21:00Z","NEON.LTR.TREE057577.20161017","NEON.LTR.TREE057577.20161017.TWI","NEON.DOC.001710vE","Twigs/branches",2.08,"Y","","P9hftDyV5NLbHB2gcoQF666NEvwuiXGq"
"11523be2-5aa5-4c13-b1a5-8b2533795cfb","TREE_057.basePlot.ltr","D05","TREE","TREE_057","TREE_057_577","2016-11-04","2016-10-05","2016-10-17","2016-10-24T16:45Z","2016-11-04T21:00Z","NEON.LTR.TREE057577.20161017","NEON.LTR.TREE057577.20161017.TWI","NEON.DOC.001710vE","Twigs/branches",2.08,"N","","P9hftDyV5NLbHB2gcoQF666NEvwuiXGq"
"df2e55ee-2be3-4a2f-b4c5-b67c1bd81e24","TREE_057.basePlot.ltr","D05","TREE","TREE_057","TREE_057_577","2016-11-04","2016-10-05","2016-10-17","2016-10-24T16:45Z","2016-11-04T21:00Z","NEON.LTR.TREE057577.20161017","NEON.LTR.TREE057577.20161017.LVS","NEON.DOC.001710vE","Leaves",41.86,"N","","P9hftDyV5NLbHB2gcoQF666NEvwuiXGq"
"c3dc4904-bae5-4f87-9f73-7335b85975c2","TREE_057.basePlot.ltr","D05","TREE","TREE_057","TREE_057_577","2016-11-04","2016-10-05","2016-10-17","2016-10-24T16:45Z","2016-11-04T21:00Z","NEON.LTR.TREE057577.20161017","NEON.LTR.TREE057577.20161017.NDL","NEON.DOC.001710vE","Needles",18.62,"N","","P9hftDyV5NLbHB2gcoQF666NEvwuiXGq"
"fd88ec23-411d-4e7f-a362-e1cf81a988e0","TREE_057.basePlot.ltr","D05","TREE","TREE_057","TREE_057_577","2016-11-04","2016-10-05","2016-10-17","2016-10-24T16:45Z","2016-11-04T21:00Z","NEON.LTR.TREE057577.20161017","NEON.LTR.TREE057577.20161017.OTH","NEON.DOC.001710vE","Other",0.54,"N","","P9hftDyV5NLbHB2gcoQF666NEvwuiXGq"
"2d7327b7-0a16-4506-b17e-1ad40c44dc3e","TREE_057.basePlot.ltr","D05","TREE","TREE_057","TREE_057_577","2016-11-04","2016-10-05","2016-10-17","2016-10-24T16:45Z","2016-11-04T21:00Z","NEON.LTR.TREE057577.20161017","NEON.LTR.TREE057577.20161017.WDY","NEON.DOC.001710vE","Woody material",0.005,"N","","P9hftDyV5NLbHB2gcoQF666NEvwuiXGq"
"07d2789e-94e6-437b-b5db-8039757c646a","TREE_048.basePlot.ltr","D05","TREE","TREE_048","TREE_048_810","2016-10-27","2016-10-05","2016-10-17","2016-10-20T23:00Z","2016-10-27T21:00Z","NEON.LTR.TREE048810.20161017","NEON.LTR.TREE048810.20161017.SDS","NEON.DOC.001710vE","Seeds",0.005,"N","","n3FTqtv1XKCIEKvil+MbndY+c5Uay6s5"
"e5e5baca-5745-488b-bd44-e11915628154","TREE_048.basePlot.ltr","D05","TREE","TREE_048","TREE_048_810","2016-10-27","2016-10-05","2016-10-17","2016-10-20T23:00Z","2016-10-27T21:00Z","NEON.LTR.TREE048810.20161017","NEON.LTR.TREE048810.20161017.NDL","NEON.DOC.001710vE","Needles",12.12,"N","","n3FTqtv1XKCIEKvil+MbndY+c5Uay6s5"
"c2fc84d8-dbbb-40c1-8466-2e6a697a6856","TREE_048.basePlot.ltr","D05","TREE","TREE_048","TREE_048_810","2016-10-27","2016-10-05","2016-10-17","2016-10-20T23:00Z","2016-10-27T21:00Z","NEON.LTR.TREE048810.20161017","NEON.LTR.TREE048810.20161017.LVS","NEON.DOC.001710vE","Leaves",1.19,"N","","n3FTqtv1XKCIEKvil+MbndY+c5Uay6s5"
"ed70ff9f-378b-41aa-a9d0-92f1b301d759","TREE_048.basePlot.ltr","D05","TREE","TREE_048","TREE_048_810","2016-10-27","2016-10-05","2016-10-17","2016-10-20T23:00Z","2016-10-27T21:00Z","NEON.LTR.TREE048810.20161017","NEON.LTR.TREE048810.20161017.WDY","NEON.DOC.001710vE","Woody material",2.81,"N","","n3FTqtv1XKCIEKvil+MbndY+c5Uay6s5"
"0bba0a0b-4ded-48e2-8021-1604116ab7dc","TREE_048.basePlot.ltr","D05","TREE","TREE_048","TREE_048_810","2016-10-27","2016-10-05","2016-10-17","2016-10-20T23:00Z","2016-10-27T21:00Z","NEON.LTR.TREE048810.20161017","NEON.LTR.TREE048810.20161017.FLR","NEON.DOC.001710vE","Flowers",0.04,"N","","n3FTqtv1XKCIEKvil+MbndY+c5Uay6s5"
"c3715d00-5ea1-406e-9b28-67da6e403893","TREE_048.basePlot.ltr","D05","TREE","TREE_048","TREE_048_810","2016-10-27","2016-10-05","2016-10-17","2016-10-20T23:00Z","2016-10-27T21:00Z","NEON.LTR.TREE048810.20161017","NEON.LTR.TREE048810.20161017.FLR","NEON.DOC.001710vE","Flowers",0.04,"Y","","n3FTqtv1XKCIEKvil+MbndY+c5Uay6s5"
"4182db10-b48b-4eb9-86df-06bbc80a6e28","TREE_048.basePlot.ltr","D05","TREE","TREE_048","TREE_048_810","2016-10-27","2016-10-05","2016-10-17","2016-10-20T23:00Z","2016-10-27T21:00Z","NEON.LTR.TREE048810.20161017","NEON.LTR.TREE048810.20161017.OTH","NEON.DOC.001710vE","Other",0,"N","","n3FTqtv1XKCIEKvil+MbndY+c5Uay6s5"
"ab0479bb-0b99-4ea1-be14-d0a5a6aa235b","TREE_048.basePlot.ltr","D05","TREE","TREE_048","TREE_048_810","2016-10-27","2016-10-05","2016-10-17","2016-10-20T23:00Z","2016-10-27T21:00Z","NEON.LTR.TREE048810.20161017","NEON.LTR.TREE048810.20161017.TWI","NEON.DOC.001710vE","Twigs/branches",1.01,"N","","n3FTqtv1XKCIEKvil+MbndY+c5Uay6s5"
"5d9416c3-8b2d-4052-959b-de7b922f4a8d","TREE_048.basePlot.ltr","D05","TREE","TREE_048","TREE_048_810","2016-10-27","2016-10-05","2016-10-17","2016-10-20T23:00Z","2016-10-27T21:00Z","NEON.LTR.TREE048810.20161017","NEON.LTR.TREE048810.20161017.WDY","NEON.DOC.001710vE","Woody material",2.8,"N","","n3FTqtv1XKCIEKvil+MbndY+c5Uay6s5"
"4fa014af-5fb8-4a01-9e3d-ee782586dec5","TREE_045.basePlot.ltr","D05","TREE","TREE_045","TREE_045_693","2016-11-04","2016-10-05","2016-10-17","2016-10-24T16:45Z","2016-11-04T21:00Z","NEON.LTR.TREE045693.20161017","NEON.LTR.TREE045693.20161017.SDS","NEON.DOC.001710vE","Seeds",0.01,"Y","","P9hftDyV5NLbHB2gcoQF666NEvwuiXGq"
"b0b4291a-7bb5-4115-8338-ae921d23ed74","TREE_045.basePlot.ltr","D05","TREE","TREE_045","TREE_045_693","2016-11-04","2016-10-05","2016-10-17","2016-10-24T16:45Z","2016-11-04T21:00Z","NEON.LTR.TREE045693.20161017","NEON.LTR.TREE045693.20161017.WDY","NEON.DOC.001710vE","Woody material",0.9,"N","","P9hftDyV5NLbHB2gcoQF666NEvwuiXGq"
"199415fe-1668-4ab8-85a5-1f4c24804ff6","TREE_055.basePlot.ltr","D05","TREE","TREE_055","TREE_055_595","2016-11-04","2016-10-05","2016-10-17","2016-10-24T16:45Z","2016-11-04T21:00Z","NEON.LTR.TREE055595.20161017","NEON.LTR.TREE055595.20161017.OTH","NEON.DOC.001710vE","Other",0.09,"N","","P9hftDyV5NLbHB2gcoQF666NEvwuiXGq"
"5526dcdd-a9b9-4211-b2ad-397c4e2fda9d","TREE_055.basePlot.ltr","D05","TREE","TREE_055","TREE_055_595","2016-11-04","2016-10-05","2016-10-17","2016-10-24T16:45Z","2016-11-04T21:00Z","NEON.LTR.TREE055595.20161017","NEON.LTR.TREE055595.20161017.TWI","NEON.DOC.001710vE","Twigs/branches",0.24,"N","","P9hftDyV5NLbHB2gcoQF666NEvwuiXGq"
"73743269-f54a-4c05-8650-ee1f5696a1a3","TREE_055.basePlot.ltr","D05","TREE","TREE_055","TREE_055_595","2016-11-04","2016-10-05","2016-10-17","2016-10-24T16:45Z","2016-11-04T21:00Z","NEON.LTR.TREE055595.20161017","NEON.LTR.TREE055595.20161017.WDY","NEON.DOC.001710vE","Woody material",0.1,"N","","P9hftDyV5NLbHB2gcoQF666NEvwuiXGq"
"14f6b215-5253-4319-8d02-7df7ba63dfed","TREE_055.basePlot.ltr","D05","TREE","TREE_055","TREE_055_595","2016-11-04","2016-10-05","2016-10-17","2016-10-24T16:45Z","2016-11-04T21:00Z","NEON.LTR.TREE055595.20161017","NEON.LTR.TREE055595.20161017.LVS","NEON.DOC.001710vE","Leaves",88.78,"N","","P9hftDyV5NLbHB2gcoQF666NEvwuiXGq"
"67b36f8f-d4c7-42b4-9e60-c69e3fbaf202","TREE_055.basePlot.ltr","D05","TREE","TREE_055","TREE_055_595","2016-11-04","2016-10-05","2016-10-17","2016-10-24T16:45Z","2016-11-04T21:00Z","NEON.LTR.TREE055595.20161017","NEON.LTR.TREE055595.20161017.SDS","NEON.DOC.001710vE","Seeds",0.75,"N","","P9hftDyV5NLbHB2gcoQF666NEvwuiXGq"
"dcaa3a97-0007-428c-8dc8-a199f2c49a0c","TREE_055.basePlot.ltr","D05","TREE","TREE_055","TREE_055_595","2016-11-04","2016-10-05","2016-10-17","2016-10-24T16:45Z","2016-11-04T21:00Z","NEON.LTR.TREE055595.20161017","NEON.LTR.TREE055595.20161017.NDL","NEON.DOC.001710vE","Needles",0,"N","","P9hftDyV5NLbHB2gcoQF666NEvwuiXGq"
"26b2785a-7c3e-40e5-9291-2d9a1e156ef4","TREE_047.basePlot.ltr","D05","TREE","TREE_047","TREE_047_938","2016-11-04","2016-10-05","2016-10-17","2016-10-24T16:45Z","2016-11-04T21:00Z","NEON.LTR.TREE047938.20161017","NEON.LTR.TREE047938.20161017.TWI","NEON.DOC.001710vE","Twigs/branches",2.45,"N","","P9hftDyV5NLbHB2gcoQF666NEvwuiXGq"
"12979cd7-43d2-4e77-95c4-098c963a586b","TREE_047.basePlot.ltr","D05","TREE","TREE_047","TREE_047_938","2016-11-04","2016-10-05","2016-10-17","2016-10-24T16:45Z","2016-11-04T21:00Z","NEON.LTR.TREE047938.20161017","NEON.LTR.TREE047938.20161017.LVS","NEON.DOC.001710vE","Leaves",70.22,"N","","P9hftDyV5NLbHB2gcoQF666NEvwuiXGq"
"bf77bbd9-3d11-45ad-abeb-e04324c976a1","TREE_047.basePlot.ltr","D05","TREE","TREE_047","TREE_047_938","2016-11-04","2016-10-05","2016-10-17","2016-10-24T16:45Z","2016-11-04T21:00Z","NEON.LTR.TREE047938.20161017","NEON.LTR.TREE047938.20161017.OTH","NEON.DOC.001710vE","Other",0.01,"N","","P9hftDyV5NLbHB2gcoQF666NEvwuiXGq"
"f8db47f5-9c4f-41ca-9428-f11c0bb85be0","TREE_047.basePlot.ltr","D05","TREE","TREE_047","TREE_047_938","2016-11-04","2016-10-05","2016-10-17","2016-10-24T16:45Z","2016-11-04T21:00Z","NEON.LTR.TREE047938.20161017","NEON.LTR.TREE047938.20161017.SDS","NEON.DOC.001710vE","Seeds",2.59,"N","","P9hftDyV5NLbHB2gcoQF666NEvwuiXGq"
"62021f02-53e9-4f23-86ca-fdc4a9f6674b","TREE_047.basePlot.ltr","D05","TREE","TREE_047","TREE_047_938","2016-11-04","2016-10-05","2016-10-17","2016-10-24T16:45Z","2016-11-04T21:00Z","NEON.LTR.TREE047938.20161017","NEON.LTR.TREE047938.20161017.WDY","NEON.DOC.001710vE","Woody material",1.64,"N","","P9hftDyV5NLbHB2gcoQF666NEvwuiXGq"
"139f6fb0-0a96-44e7-be33-e496adcdd89d","TREE_047.basePlot.ltr","D05","TREE","TREE_047","TREE_047_938","2016-11-04","2016-10-05","2016-10-17","2016-10-24T16:45Z","2016-11-04T21:00Z","NEON.LTR.TREE047938.20161017","NEON.LTR.TREE047938.20161017.NDL","NEON.DOC.001710vE","Needles",2.92,"N","","P9hftDyV5NLbHB2gcoQF666NEvwuiXGq"
"6f70a6e1-4bb9-4d13-aa23-1340fa293868","TREE_047.basePlot.ltr","D05","TREE","TREE_047","TREE_047_938","2016-11-04","2016-10-05","2016-10-17","2016-10-24T16:45Z","2016-11-04T21:00Z","NEON.LTR.TREE047938.20161017","NEON.LTR.TREE047938.20161017.FLR","NEON.DOC.001710vE","Flowers",0.16,"N","","P9hftDyV5NLbHB2gcoQF666NEvwuiXGq"
"32f070e2-77b0-4039-bcf7-065701283966","TREE_050.basePlot.ltr","D05","TREE","TREE_050","TREE_050_938","2016-10-27","2016-10-05","2016-10-17","2016-10-20T23:00Z","2016-10-27T21:00Z","NEON.LTR.TREE050938.20161017","NEON.LTR.TREE050938.20161017.OTH","NEON.DOC.001710vE","Other",0,"N","","n3FTqtv1XKCIEKvil+MbndY+c5Uay6s5"
"51bde8f4-2d6a-4ece-8722-cd4458842a35","TREE_050.basePlot.ltr","D05","TREE","TREE_050","TREE_050_938","2016-10-27","2016-10-05","2016-10-17","2016-10-20T23:00Z","2016-10-27T21:00Z","NEON.LTR.TREE050938.20161017","NEON.LTR.TREE050938.20161017.LVS","NEON.DOC.001710vE","Leaves",0,"N","","n3FTqtv1XKCIEKvil+MbndY+c5Uay6s5"
"43803b26-32bb-4d77-b1a8-09368985e654","TREE_050.basePlot.ltr","D05","TREE","TREE_050","TREE_050_938","2016-10-27","2016-10-05","2016-10-17","2016-10-20T23:00Z","2016-10-27T21:00Z","NEON.LTR.TREE050938.20161017","NEON.LTR.TREE050938.20161017.WDY","NEON.DOC.001710vE","Woody material",0.01,"N","","n3FTqtv1XKCIEKvil+MbndY+c5Uay6s5"
"a98ae83d-1228-41ff-9741-5ab0323d5a6e","TREE_050.basePlot.ltr","D05","TREE","TREE_050","TREE_050_938","2016-10-27","2016-10-05","2016-10-17","2016-10-20T23:00Z","2016-10-27T21:00Z","NEON.LTR.TREE050938.20161017","NEON.LTR.TREE050938.20161017.SDS","NEON.DOC.001710vE","Seeds",0,"N","","n3FTqtv1XKCIEKvil+MbndY+c5Uay6s5"
"ad8899c2-dc2f-46ef-a996-66f13cd43df3","TREE_050.basePlot.ltr","D05","TREE","TREE_050","TREE_050_938","2016-10-27","2016-10-05","2016-10-17","2016-10-20T23:00Z","2016-10-27T21:00Z","NEON.LTR.TREE050938.20161017","NEON.LTR.TREE050938.20161017.TWI","NEON.DOC.001710vE","Twigs/branches",0,"N","","n3FTqtv1XKCIEKvil+MbndY+c5Uay6s5"
"c91ba06e-3b8d-4b13-aa08-e3b1c5cb4331","TREE_050.basePlot.ltr","D05","TREE","TREE_050","TREE_050_938","2016-10-27","2016-10-05","2016-10-17","2016-10-20T23:00Z","2016-10-27T21:00Z","NEON.LTR.TREE050938.20161017","NEON.LTR.TREE050938.20161017.FLR","NEON.DOC.001710vE","Flowers",0,"N","","n3FTqtv1XKCIEKvil+MbndY+c5Uay6s5"
"71e212dc-9fd7-4a7b-8664-6f2b33b5e5a0","TREE_050.basePlot.ltr","D05","TREE","TREE_050","TREE_050_938","2016-10-27","2016-10-05","2016-10-17","2016-10-20T23:00Z","2016-10-27T21:00Z","NEON.LTR.TREE050938.20161017","NEON.LTR.TREE050938.20161017.NDL","NEON.DOC.001710vE","Needles",0.11,"N","","n3FTqtv1XKCIEKvil+MbndY+c5Uay6s5"
"3fcb8b33-7e47-4015-ae15-cf8eb7f1db74","TREE_039.basePlot.ltr","D05","TREE","TREE_039","TREE_039_379","2016-11-04","2016-10-05","2016-10-17","2016-10-24T16:45Z","2016-11-04T21:00Z","NEON.LTR.TREE039379.20161017","NEON.LTR.TREE039379.20161017.FLR","NEON.DOC.001710vE","Flowers",0,"N","","P9hftDyV5NLbHB2gcoQF666NEvwuiXGq"
"485cb1a2-1c16-4217-bcc3-add1cd5b4859","TREE_039.basePlot.ltr","D05","TREE","TREE_039","TREE_039_379","2016-11-04","2016-10-05","2016-10-17","2016-10-24T16:45Z","2016-11-04T21:00Z","NEON.LTR.TREE039379.20161017","NEON.LTR.TREE039379.20161017.NDL","NEON.DOC.001710vE","Needles",0.12,"N","","P9hftDyV5NLbHB2gcoQF666NEvwuiXGq"
"83381969-8875-4e8a-970a-387fd06dbd56","TREE_039.basePlot.ltr","D05","TREE","TREE_039","TREE_039_379","2016-11-04","2016-10-05","2016-10-17","2016-10-24T16:45Z","2016-11-04T21:00Z","NEON.LTR.TREE039379.20161017","NEON.LTR.TREE039379.20161017.OTH","NEON.DOC.001710vE","Other",0.1,"N","","P9hftDyV5NLbHB2gcoQF666NEvwuiXGq"
"7a67320a-6127-4289-b17d-2d79f5564948","TREE_039.basePlot.ltr","D05","TREE","TREE_039","TREE_039_379","2016-11-04","2016-10-05","2016-10-17","2016-10-24T16:45Z","2016-11-04T21:00Z","NEON.LTR.TREE039379.20161017","NEON.LTR.TREE039379.20161017.LVS","NEON.DOC.001710vE","Leaves",82.84,"N","","P9hftDyV5NLbHB2gcoQF666NEvwuiXGq"
"cfbaf5a2-e159-4f33-a21f-d3917aa68a01","TREE_039.basePlot.ltr","D05","TREE","TREE_039","TREE_039_379","2016-11-04","2016-10-05","2016-10-17","2016-10-24T16:45Z","2016-11-04T21:00Z","NEON.LTR.TREE039379.20161017","NEON.LTR.TREE039379.20161017.WDY","NEON.DOC.001710vE","Woody material",0,"N","","P9hftDyV5NLbHB2gcoQF666NEvwuiXGq"
"f406b306-c212-4e22-a0e6-eac0c0cba24d","TREE_039.basePlot.ltr","D05","TREE","TREE_039","TREE_039_379","2016-11-04","2016-10-05","2016-10-17","2016-10-24T16:45Z","2016-11-04T21:00Z","NEON.LTR.TREE039379.20161017","NEON.LTR.TREE039379.20161017.TWI","NEON.DOC.001710vE","Twigs/branches",0,"N","","P9hftDyV5NLbHB2gcoQF666NEvwuiXGq"
"879eebb4-2191-4943-b1b7-bcc05093848d","TREE_049.basePlot.ltr","D05","TREE","TREE_049","TREE_049_313","2016-11-04","2016-10-05","2016-10-17","2016-10-24T16:45Z","2016-11-04T21:00Z","NEON.LTR.TREE049313.20161017","NEON.LTR.TREE049313.20161017.NDL","NEON.DOC.001710vE","Needles",0,"N","","P9hftDyV5NLbHB2gcoQF666NEvwuiXGq"
"ce39f91a-e14b-4405-add0-84e93bdc196f","TREE_049.basePlot.ltr","D05","TREE","TREE_049","TREE_049_313","2016-11-04","2016-10-05","2016-10-17","2016-10-24T16:45Z","2016-11-04T21:00Z","NEON.LTR.TREE049313.20161017","NEON.LTR.TREE049313.20161017.LVS","NEON.DOC.001710vE","Leaves",103.38,"N","","P9hftDyV5NLbHB2gcoQF666NEvwuiXGq"
"27f4d044-c0e7-4340-b67d-6472d096160a","TREE_049.basePlot.ltr","D05","TREE","TREE_049","TREE_049_313","2016-11-04","2016-10-05","2016-10-17","2016-10-24T16:45Z","2016-11-04T21:00Z","NEON.LTR.TREE049313.20161017","NEON.LTR.TREE049313.20161017.OTH","NEON.DOC.001710vE","Other",0.14,"N","","P9hftDyV5NLbHB2gcoQF666NEvwuiXGq"
"67bffe35-97e5-4df3-a5e4-230b14df50c2","TREE_049.basePlot.ltr","D05","TREE","TREE_049","TREE_049_313","2016-11-04","2016-10-05","2016-10-17","2016-10-24T16:45Z","2016-11-04T21:00Z","NEON.LTR.TREE049313.20161017","NEON.LTR.TREE049313.20161017.SDS","NEON.DOC.001710vE","Seeds",0.97,"N","","P9hftDyV5NLbHB2gcoQF666NEvwuiXGq"
"69a3f303-b226-48fc-836a-22095ac55ad1","TREE_049.basePlot.ltr","D05","TREE","TREE_049","TREE_049_313","2016-11-04","2016-10-05","2016-10-17","2016-10-24T16:45Z","2016-11-04T21:00Z","NEON.LTR.TREE049313.20161017","NEON.LTR.TREE049313.20161017.TWI","NEON.DOC.001710vE","Twigs/branches",0,"N","","P9hftDyV5NLbHB2gcoQF666NEvwuiXGq"
"f448a9d8-fa04-43fa-a20b-0a0538ccac4c","TREE_049.basePlot.ltr","D05","TREE","TREE_049","TREE_049_313","2016-11-04","2016-10-05","2016-10-17","2016-10-24T16:45Z","2016-11-04T21:00Z","NEON.LTR.TREE049313.20161017","NEON.LTR.TREE049313.20161017.WDY","NEON.DOC.001710vE","Woody material",0,"N","","P9hftDyV5NLbHB2gcoQF666NEvwuiXGq"
"843f7f35-7f33-412a-811f-9a7fdccbb82e","TREE_049.basePlot.ltr","D05","TREE","TREE_049","TREE_049_313","2016-11-04","2016-10-05","2016-10-17","2016-10-24T16:45Z","2016-11-04T21:00Z","NEON.LTR.TREE049313.20161017","NEON.LTR.TREE049313.20161017.FLR","NEON.DOC.001710vE","Flowers",0,"N","","P9hftDyV5NLbHB2gcoQF666NEvwuiXGq"
"f6e3e948-8bda-4124-9c60-13eb6df1022a","TREE_039.basePlot.ltr","D05","TREE","TREE_039","TREE_039_379","2016-11-04","2016-10-05","2016-10-17","2016-10-24T16:45Z","2016-11-04T21:00Z","NEON.LTR.TREE039379.20161017","NEON.LTR.TREE039379.20161017.OTH","NEON.DOC.001710vE","Other",0.1,"N","","P9hftDyV5NLbHB2gcoQF666NEvwuiXGq"
"23dc16ce-f040-4d9c-bfad-4f678d5e4d57","TREE_039.basePlot.ltr","D05","TREE","TREE_039","TREE_039_379","2016-11-04","2016-10-05","2016-10-17","2016-10-24T16:45Z","2016-11-04T21:00Z","NEON.LTR.TREE039379.20161017","NEON.LTR.TREE039379.20161017.SDS","NEON.DOC.001710vE","Seeds",0.005,"N","","P9hftDyV5NLbHB2gcoQF666NEvwuiXGq"
"b16cd2e2-d2ed-48cf-9a7c-2479f67b3cf6","TREE_044.basePlot.ltr","D05","TREE","TREE_044","TREE_044_764","2016-11-04","2016-10-05","2016-10-17","2016-10-24T16:45Z","2016-11-04T21:00Z","NEON.LTR.TREE044764.20161017","NEON.LTR.TREE044764.20161017.WDY","NEON.DOC.001710vE","Woody material",0,"N","","P9hftDyV5NLbHB2gcoQF666NEvwuiXGq"
"bee2463e-3f6d-4a48-a6fa-221cafe7793b","TREE_044.basePlot.ltr","D05","TREE","TREE_044","TREE_044_764","2016-11-04","2016-10-05","2016-10-17","2016-10-24T16:45Z","2016-11-04T21:00Z","NEON.LTR.TREE044764.20161017","NEON.LTR.TREE044764.20161017.OTH","NEON.DOC.001710vE","Other",0,"N","","P9hftDyV5NLbHB2gcoQF666NEvwuiXGq"
"a0aa28ae-b041-44bf-b38b-7790ce47f1ea","TREE_044.basePlot.ltr","D05","TREE","TREE_044","TREE_044_764","2016-11-04","2016-10-05","2016-10-17","2016-10-24T16:45Z","2016-11-04T21:00Z","NEON.LTR.TREE044764.20161017","NEON.LTR.TREE044764.20161017.NDL","NEON.DOC.001710vE","Needles",0.03,"N","","P9hftDyV5NLbHB2gcoQF666NEvwuiXGq"
"7b19c21c-eda2-4220-a0db-25bc0dc40648","TREE_044.basePlot.ltr","D05","TREE","TREE_044","TREE_044_764","2016-11-04","2016-10-05","2016-10-17","2016-10-24T16:45Z","2016-11-04T21:00Z","NEON.LTR.TREE044764.20161017","NEON.LTR.TREE044764.20161017.FLR","NEON.DOC.001710vE","Flowers",0,"N","","P9hftDyV5NLbHB2gcoQF666NEvwuiXGq"
"551d48a5-841c-441d-88d9-d78d29c2f9bf","TREE_044.basePlot.ltr","D05","TREE","TREE_044","TREE_044_764","2016-11-04","2016-10-05","2016-10-17","2016-10-24T16:45Z","2016-11-04T21:00Z","NEON.LTR.TREE044764.20161017","NEON.LTR.TREE044764.20161017.TWI","NEON.DOC.001710vE","Twigs/branches",0.94,"N","","P9hftDyV5NLbHB2gcoQF666NEvwuiXGq"
"e14ec777-97f1-42ec-b3a4-d368e639ce1e","TREE_044.basePlot.ltr","D05","TREE","TREE_044","TREE_044_764","2016-11-04","2016-10-05","2016-10-17","2016-10-24T16:45Z","2016-11-04T21:00Z","NEON.LTR.TREE044764.20161017","NEON.LTR.TREE044764.20161017.LVS","NEON.DOC.001710vE","Leaves",17.99,"N","","P9hftDyV5NLbHB2gcoQF666NEvwuiXGq"
"12ce0685-75c8-4797-9b09-8d1d41ca414f","TREE_044.basePlot.ltr","D05","TREE","TREE_044","TREE_044_764","2016-11-04","2016-10-05","2016-10-17","2016-10-24T16:45Z","2016-11-04T21:00Z","NEON.LTR.TREE044764.20161017","NEON.LTR.TREE044764.20161017.SDS","NEON.DOC.001710vE","Seeds",0.005,"N","","P9hftDyV5NLbHB2gcoQF666NEvwuiXGq"
"60a2a599-49d9-40dd-af48-336e27a6cd71","TREE_053.basePlot.ltr","D05","TREE","TREE_053","TREE_053_790","2016-10-27","2016-10-05","2016-10-17","2016-10-20T23:00Z","2016-10-27T21:00Z","NEON.LTR.TREE053790.20161017","NEON.LTR.TREE053790.20161017.FLR","NEON.DOC.001710vE","Flowers",0,"N","","n3FTqtv1XKCIEKvil+MbndY+c5Uay6s5"
"b743c521-d96f-4fb6-8581-36b88b12411d","TREE_053.basePlot.ltr","D05","TREE","TREE_053","TREE_053_790","2016-10-27","2016-10-05","2016-10-17","2016-10-20T23:00Z","2016-10-27T21:00Z","NEON.LTR.TREE053790.20161017","NEON.LTR.TREE053790.20161017.NDL","NEON.DOC.001710vE","Needles",0,"N","","n3FTqtv1XKCIEKvil+MbndY+c5Uay6s5"
"515f0123-514d-498f-a3f6-041abe3f776f","TREE_053.basePlot.ltr","D05","TREE","TREE_053","TREE_053_790","2016-10-27","2016-10-05","2016-10-17","2016-10-20T23:00Z","2016-10-27T21:00Z","NEON.LTR.TREE053790.20161017","NEON.LTR.TREE053790.20161017.LVS","NEON.DOC.001710vE","Leaves",74.02,"N","","n3FTqtv1XKCIEKvil+MbndY+c5Uay6s5"
"f5410298-0cd1-403b-8bba-ab93c9f2f993","TREE_053.basePlot.ltr","D05","TREE","TREE_053","TREE_053_790","2016-10-27","2016-10-05","2016-10-17","2016-10-20T23:00Z","2016-10-27T21:00Z","NEON.LTR.TREE053790.20161017","NEON.LTR.TREE053790.20161017.SDS","NEON.DOC.001710vE","Seeds",0.73,"N","","n3FTqtv1XKCIEKvil+MbndY+c5Uay6s5"
"4a839384-275f-4645-90c4-5c42c6b04909","TREE_053.basePlot.ltr","D05","TREE","TREE_053","TREE_053_790","2016-10-27","2016-10-05","2016-10-17","2016-10-20T23:00Z","2016-10-27T21:00Z","NEON.LTR.TREE053790.20161017","NEON.LTR.TREE053790.20161017.WDY","NEON.DOC.001710vE","Woody material",0,"N","","n3FTqtv1XKCIEKvil+MbndY+c5Uay6s5"
"1a50759a-b70a-45a4-b54b-1fc3d930d9e9","TREE_053.basePlot.ltr","D05","TREE","TREE_053","TREE_053_790","2016-10-27","2016-10-05","2016-10-17","2016-10-20T23:00Z","2016-10-27T21:00Z","NEON.LTR.TREE053790.20161017","NEON.LTR.TREE053790.20161017.OTH","NEON.DOC.001710vE","Other",0.1,"N","","n3FTqtv1XKCIEKvil+MbndY+c5Uay6s5"
"3767389e-d93a-4ea4-9523-af1314b74603","TREE_053.basePlot.ltr","D05","TREE","TREE_053","TREE_053_790","2016-10-27","2016-10-05","2016-10-17","2016-10-20T23:00Z","2016-10-27T21:00Z","NEON.LTR.TREE053790.20161017","NEON.LTR.TREE053790.20161017.TWI","NEON.DOC.001710vE","Twigs/branches",0.005,"N","","n3FTqtv1XKCIEKvil+MbndY+c5Uay6s5"
"e334197d-f082-4ae0-aed3-64ad8313d0d2","TREE_048.basePlot.ltr","D05","TREE","TREE_048","TREE_048_578","2016-10-27","2016-10-05","2016-10-17","2016-10-20T23:00Z","2016-10-27T21:00Z","NEON.LTR.TREE048578.20161017","NEON.LTR.TREE048578.20161017.NDL","NEON.DOC.001710vE","Needles",5.33,"N","","n3FTqtv1XKCIEKvil+MbndY+c5Uay6s5"
"f2064bcb-66b0-4b80-8aa6-1cf5afe49548","TREE_048.basePlot.ltr","D05","TREE","TREE_048","TREE_048_578","2016-10-27","2016-10-05","2016-10-17","2016-10-20T23:00Z","2016-10-27T21:00Z","NEON.LTR.TREE048578.20161017","NEON.LTR.TREE048578.20161017.FLR","NEON.DOC.001710vE","Flowers",0.02,"N","","n3FTqtv1XKCIEKvil+MbndY+c5Uay6s5"
"173868a1-7355-472c-8fd0-d1fb742cd2e5","TREE_048.basePlot.ltr","D05","TREE","TREE_048","TREE_048_578","2016-10-27","2016-10-05","2016-10-17","2016-10-20T23:00Z","2016-10-27T21:00Z","NEON.LTR.TREE048578.20161017","NEON.LTR.TREE048578.20161017.SDS","NEON.DOC.001710vE","Seeds",0.02,"N","","n3FTqtv1XKCIEKvil+MbndY+c5Uay6s5"
"125cc520-8cfd-4b21-9393-8eb6849a51c4","TREE_048.basePlot.ltr","D05","TREE","TREE_048","TREE_048_578","2016-10-27","2016-10-05","2016-10-17","2016-10-20T23:00Z","2016-10-27T21:00Z","NEON.LTR.TREE048578.20161017","NEON.LTR.TREE048578.20161017.LVS","NEON.DOC.001710vE","Leaves",7.23,"N","","n3FTqtv1XKCIEKvil+MbndY+c5Uay6s5"
"1e2fb027-ce1a-4c3b-a20c-fe1949b81944","TREE_048.basePlot.ltr","D05","TREE","TREE_048","TREE_048_578","2016-10-27","2016-10-05","2016-10-17","2016-10-20T23:00Z","2016-10-27T21:00Z","NEON.LTR.TREE048578.20161017","NEON.LTR.TREE048578.20161017.TWI","NEON.DOC.001710vE","Twigs/branches",1.28,"N","","n3FTqtv1XKCIEKvil+MbndY+c5Uay6s5"
"bbcfd245-b277-48ac-a47a-ba9928dbb27f","TREE_048.basePlot.ltr","D05","TREE","TREE_048","TREE_048_578","2016-10-27","2016-10-05","2016-10-17","2016-10-20T23:00Z","2016-10-27T21:00Z","NEON.LTR.TREE048578.20161017","NEON.LTR.TREE048578.20161017.OTH","NEON.DOC.001710vE","Other",0,"N","","n3FTqtv1XKCIEKvil+MbndY+c5Uay6s5"
"c7e603fc-41fe-4c98-bb2d-a0176604cdaa","TREE_048.basePlot.ltr","D05","TREE","TREE_048","TREE_048_578","2016-10-27","2016-10-05","2016-10-17","2016-10-20T23:00Z","2016-10-27T21:00Z","NEON.LTR.TREE048578.20161017","NEON.LTR.TREE048578.20161017.WDY","NEON.DOC.001710vE","Woody material",0.06,"N","","n3FTqtv1XKCIEKvil+MbndY+c5Uay6s5"
"d4807899-f3e6-43ce-8fc1-212be76be620","TREE_041.basePlot.ltr","D05","TREE","TREE_041","TREE_041_106","2016-11-04","2016-10-05","2016-10-17","2016-10-24T16:45Z","2016-11-04T21:00Z","NEON.LTR.TREE041106.20161017","NEON.LTR.TREE041106.20161017.OTH","NEON.DOC.001710vE","Other",0.14,"N","","P9hftDyV5NLbHB2gcoQF666NEvwuiXGq"
"66b55bfb-0498-490d-a60f-0fc173e6a227","TREE_041.basePlot.ltr","D05","TREE","TREE_041","TREE_041_106","2016-11-04","2016-10-05","2016-10-17","2016-10-24T16:45Z","2016-11-04T21:00Z","NEON.LTR.TREE041106.20161017","NEON.LTR.TREE041106.20161017.TWI","NEON.DOC.001710vE","Twigs/branches",0,"N","","P9hftDyV5NLbHB2gcoQF666NEvwuiXGq"
"277ca4d6-2950-4a54-85c1-e51d0150e40f","TREE_041.basePlot.ltr","D05","TREE","TREE_041","TREE_041_106","2016-11-04","2016-10-05","2016-10-17","2016-10-24T16:45Z","2016-11-04T21:00Z","NEON.LTR.TREE041106.20161017","NEON.LTR.TREE041106.20161017.WDY","NEON.DOC.001710vE","Woody material",0.005,"N","","P9hftDyV5NLbHB2gcoQF666NEvwuiXGq"
"bfad3c6c-a4a8-47dc-b3cc-399c083e4807","TREE_041.basePlot.ltr","D05","TREE","TREE_041","TREE_041_106","2016-11-04","2016-10-05","2016-10-17","2016-10-24T16:45Z","2016-11-04T21:00Z","NEON.LTR.TREE041106.20161017","NEON.LTR.TREE041106.20161017.FLR","NEON.DOC.001710vE","Flowers",0,"N","","P9hftDyV5NLbHB2gcoQF666NEvwuiXGq"
"ed8f4e70-e662-495a-9496-320874259c21","TREE_041.basePlot.ltr","D05","TREE","TREE_041","TREE_041_106","2016-11-04","2016-10-05","2016-10-17","2016-10-24T16:45Z","2016-11-04T21:00Z","NEON.LTR.TREE041106.20161017","NEON.LTR.TREE041106.20161017.NDL","NEON.DOC.001710vE","Needles",0,"N","","P9hftDyV5NLbHB2gcoQF666NEvwuiXGq"
"20154ac6-1d83-43a4-b85d-2895bc2aa9a6","TREE_041.basePlot.ltr","D05","TREE","TREE_041","TREE_041_106","2016-11-04","2016-10-05","2016-10-17","2016-10-24T16:45Z","2016-11-04T21:00Z","NEON.LTR.TREE041106.20161017","NEON.LTR.TREE041106.20161017.SDS","NEON.DOC.001710vE","Seeds",0.41,"N","","P9hftDyV5NLbHB2gcoQF666NEvwuiXGq"
"fc18fec1-5f21-4975-927a-0954e2fa7fb1","TREE_041.basePlot.ltr","D05","TREE","TREE_041","TREE_041_106","2016-11-04","2016-10-05","2016-10-17","2016-10-24T16:45Z","2016-11-04T21:00Z","NEON.LTR.TREE041106.20161017","NEON.LTR.TREE041106.20161017.LVS","NEON.DOC.001710vE","Leaves",93.36,"N","","P9hftDyV5NLbHB2gcoQF666NEvwuiXGq"
"4c6f134b-3f07-4527-9cee-2ad5bf33350c","TREE_045.basePlot.ltr","D05","TREE","TREE_045","TREE_045_349","2016-10-27","2016-10-05","2016-10-17","2016-10-20T23:00Z","2016-10-27T21:00Z","NEON.LTR.TREE045349.20161017","NEON.LTR.TREE045349.20161017.FLR","NEON.DOC.001710vE","Flowers",0,"N","","n3FTqtv1XKCIEKvil+MbndY+c5Uay6s5"
"e2d50d3c-c6cd-4235-915a-05b3b505e550","TREE_046.basePlot.ltr","D05","TREE","TREE_046","TREE_046_268","2016-11-04","2016-10-05","2016-10-17","2016-10-24T16:45Z","2016-11-04T21:00Z","NEON.LTR.TREE046268.20161017","NEON.LTR.TREE046268.20161017.WDY","NEON.DOC.001710vE","Woody material",0.005,"N","","P9hftDyV5NLbHB2gcoQF666NEvwuiXGq"
"bfa5f53a-19cf-409e-9cba-ed562873ed44","TREE_046.basePlot.ltr","D05","TREE","TREE_046","TREE_046_268","2016-11-04","2016-10-05","2016-10-17","2016-10-24T16:45Z","2016-11-04T21:00Z","NEON.LTR.TREE046268.20161017","NEON.LTR.TREE046268.20161017.OTH","NEON.DOC.001710vE","Other",0.08,"N","","P9hftDyV5NLbHB2gcoQF666NEvwuiXGq"
"d04a4b30-55af-4e2b-a2fe-02b1a783b8f3","TREE_046.basePlot.ltr","D05","TREE","TREE_046","TREE_046_268","2016-11-04","2016-10-05","2016-10-17","2016-10-24T16:45Z","2016-11-04T21:00Z","NEON.LTR.TREE046268.20161017","NEON.LTR.TREE046268.20161017.FLR","NEON.DOC.001710vE","Flowers",0,"N","","P9hftDyV5NLbHB2gcoQF666NEvwuiXGq"
"27e2be4d-efc2-4664-96b1-5ed0ce5e7328","TREE_042.basePlot.ltr","D05","TREE","TREE_042","TREE_042_891","2016-11-04","2016-10-05","2016-10-17","2016-10-24T16:45Z","2016-11-04T21:00Z","NEON.LTR.TREE042891.20161017","NEON.LTR.TREE042891.20161017.SDS","NEON.DOC.001710vE","Seeds",4.37,"N","","P9hftDyV5NLbHB2gcoQF666NEvwuiXGq"
"8a7a56b1-306e-4e57-ac58-fa7ec5212901","TREE_046.basePlot.ltr","D05","TREE","TREE_046","TREE_046_268","2016-11-04","2016-10-05","2016-10-17","2016-10-24T16:45Z","2016-11-04T21:00Z","NEON.LTR.TREE046268.20161017","NEON.LTR.TREE046268.20161017.TWI","NEON.DOC.001710vE","Twigs/branches",0.03,"N","","P9hftDyV5NLbHB2gcoQF666NEvwuiXGq"
"2f2cc5f7-19b8-4d20-93fc-7644afc1f9fa","TREE_046.basePlot.ltr","D05","TREE","TREE_046","TREE_046_268","2016-11-04","2016-10-05","2016-10-17","2016-10-24T16:45Z","2016-11-04T21:00Z","NEON.LTR.TREE046268.20161017","NEON.LTR.TREE046268.20161017.SDS","NEON.DOC.001710vE","Seeds",1.23,"N","","P9hftDyV5NLbHB2gcoQF666NEvwuiXGq"
"3ffd9613-4089-43a2-9b43-a3caac76475c","TREE_042.basePlot.ltr","D05","TREE","TREE_042","TREE_042_891","2016-11-04","2016-10-05","2016-10-17","2016-10-24T16:45Z","2016-11-04T21:00Z","NEON.LTR.TREE042891.20161017","NEON.LTR.TREE042891.20161017.FLR","NEON.DOC.001710vE","Flowers",0,"N","","P9hftDyV5NLbHB2gcoQF666NEvwuiXGq"
"7a943713-44a0-46a1-965a-2efc37c73df8","TREE_042.basePlot.ltr","D05","TREE","TREE_042","TREE_042_891","2016-11-04","2016-10-05","2016-10-17","2016-10-24T16:45Z","2016-11-04T21:00Z","NEON.LTR.TREE042891.20161017","NEON.LTR.TREE042891.20161017.WDY","NEON.DOC.001710vE","Woody material",0.29,"N","","P9hftDyV5NLbHB2gcoQF666NEvwuiXGq"
"226d36a4-2109-496a-b334-2b2d248c4a1e","TREE_042.basePlot.ltr","D05","TREE","TREE_042","TREE_042_891","2016-11-04","2016-10-05","2016-10-17","2016-10-24T16:45Z","2016-11-04T21:00Z","NEON.LTR.TREE042891.20161017","NEON.LTR.TREE042891.20161017.OTH","NEON.DOC.001710vE","Other",0.33,"N","","P9hftDyV5NLbHB2gcoQF666NEvwuiXGq"
"aa86b559-dc18-4251-8f8c-d5c1bd5bcddc","TREE_042.basePlot.ltr","D05","TREE","TREE_042","TREE_042_891","2016-11-04","2016-10-05","2016-10-17","2016-10-24T16:45Z","2016-11-04T21:00Z","NEON.LTR.TREE042891.20161017","NEON.LTR.TREE042891.20161017.LVS","NEON.DOC.001710vE","Leaves",69.8,"N","","P9hftDyV5NLbHB2gcoQF666NEvwuiXGq"
"2ca0af29-2679-4f01-940d-c2cb4698cba1","TREE_042.basePlot.ltr","D05","TREE","TREE_042","TREE_042_891","2016-11-04","2016-10-05","2016-10-17","2016-10-24T16:45Z","2016-11-04T21:00Z","NEON.LTR.TREE042891.20161017","NEON.LTR.TREE042891.20161017.NDL","NEON.DOC.001710vE","Needles",2.53,"N","","P9hftDyV5NLbHB2gcoQF666NEvwuiXGq"
"510e3469-33da-47be-bb4f-77fc7847b407","TREE_054.basePlot.ltr","D05","TREE","TREE_054","TREE_054_762","2016-11-04","2016-10-05","2016-10-17","2016-10-24T16:45Z","2016-11-04T21:00Z","NEON.LTR.TREE054762.20161017","NEON.LTR.TREE054762.20161017.NDL","NEON.DOC.001710vE","Needles",7.69,"N","","P9hftDyV5NLbHB2gcoQF666NEvwuiXGq"
"6794dd96-5be0-466c-ac85-74172f6e245c","TREE_054.basePlot.ltr","D05","TREE","TREE_054","TREE_054_762","2016-11-04","2016-10-05","2016-10-17","2016-10-24T16:45Z","2016-11-04T21:00Z","NEON.LTR.TREE054762.20161017","NEON.LTR.TREE054762.20161017.LVS","NEON.DOC.001710vE","Leaves",57.84,"N","","P9hftDyV5NLbHB2gcoQF666NEvwuiXGq"
"5bef16cd-3b6c-4f55-a52d-e99dd591b5af","TREE_054.basePlot.ltr","D05","TREE","TREE_054","TREE_054_762","2016-11-04","2016-10-05","2016-10-17","2016-10-24T16:45Z","2016-11-04T21:00Z","NEON.LTR.TREE054762.20161017","NEON.LTR.TREE054762.20161017.WDY","NEON.DOC.001710vE","Woody material",0,"N","","P9hftDyV5NLbHB2gcoQF666NEvwuiXGq"
"f4ac7f93-c569-4cd8-a3be-89a5f61e9efd","TREE_054.basePlot.ltr","D05","TREE","TREE_054","TREE_054_762","2016-11-04","2016-10-05","2016-10-17","2016-10-24T16:45Z","2016-11-04T21:00Z","NEON.LTR.TREE054762.20161017","NEON.LTR.TREE054762.20161017.TWI","NEON.DOC.001710vE","Twigs/branches",0,"N","","P9hftDyV5NLbHB2gcoQF666NEvwuiXGq"
"6d999bb7-10b7-4641-a1c0-dd6a76575465","TREE_054.basePlot.ltr","D05","TREE","TREE_054","TREE_054_762","2016-11-04","2016-10-05","2016-10-17","2016-10-24T16:45Z","2016-11-04T21:00Z","NEON.LTR.TREE054762.20161017","NEON.LTR.TREE054762.20161017.OTH","NEON.DOC.001710vE","Other",0.1,"N","","P9hftDyV5NLbHB2gcoQF666NEvwuiXGq"
"552f987b-9e28-4de4-91bf-c7dcf46507f1","TREE_054.basePlot.ltr","D05","TREE","TREE_054","TREE_054_762","2016-11-04","2016-10-05","2016-10-17","2016-10-24T16:45Z","2016-11-04T21:00Z","NEON.LTR.TREE054762.20161017","NEON.LTR.TREE054762.20161017.FLR","NEON.DOC.001710vE","Flowers",0,"N","","P9hftDyV5NLbHB2gcoQF666NEvwuiXGq"
"79c045d1-a3d0-455a-a0a1-2f0747d9d58d","TREE_054.basePlot.ltr","D05","TREE","TREE_054","TREE_054_762","2016-11-04","2016-10-05","2016-10-17","2016-10-24T16:45Z","2016-11-04T21:00Z","NEON.LTR.TREE054762.20161017","NEON.LTR.TREE054762.20161017.SDS","NEON.DOC.001710vE","Seeds",0.12,"N","","P9hftDyV5NLbHB2gcoQF666NEvwuiXGq"
"9689b647-4b9f-4fae-bdd9-2a91225060a9","TREE_053.basePlot.ltr","D05","TREE","TREE_053","TREE_053_419","2016-11-04","2016-10-05","2016-10-17","2016-10-24T16:45Z","2016-11-04T21:00Z","NEON.LTR.TREE053419.20161017","NEON.LTR.TREE053419.20161017.TWI","NEON.DOC.001710vE","Twigs/branches",0,"N","","P9hftDyV5NLbHB2gcoQF666NEvwuiXGq"
"3e62cd2c-d52a-487a-80b5-72172a201d4f","TREE_053.basePlot.ltr","D05","TREE","TREE_053","TREE_053_419","2016-11-04","2016-10-05","2016-10-17","2016-10-24T16:45Z","2016-11-04T21:00Z","NEON.LTR.TREE053419.20161017","NEON.LTR.TREE053419.20161017.SDS","NEON.DOC.001710vE","Seeds",0.78,"N","","P9hftDyV5NLbHB2gcoQF666NEvwuiXGq"
"c2f1fc1b-e155-48a2-80dc-8d9b40c48b0e","TREE_053.basePlot.ltr","D05","TREE","TREE_053","TREE_053_419","2016-11-04","2016-10-05","2016-10-17","2016-10-24T16:45Z","2016-11-04T21:00Z","NEON.LTR.TREE053419.20161017","NEON.LTR.TREE053419.20161017.WDY","NEON.DOC.001710vE","Woody material",0,"N","","P9hftDyV5NLbHB2gcoQF666NEvwuiXGq"
"cfb64dee-9c3a-46fd-981b-d415c5c0abb1","TREE_053.basePlot.ltr","D05","TREE","TREE_053","TREE_053_419","2016-11-04","2016-10-05","2016-10-17","2016-10-24T16:45Z","2016-11-04T21:00Z","NEON.LTR.TREE053419.20161017","NEON.LTR.TREE053419.20161017.NDL","NEON.DOC.001710vE","Needles",0,"N","","P9hftDyV5NLbHB2gcoQF666NEvwuiXGq"
"88361157-0dad-4aeb-b079-7e4f8857b840","TREE_053.basePlot.ltr","D05","TREE","TREE_053","TREE_053_419","2016-11-04","2016-10-05","2016-10-17","2016-10-24T16:45Z","2016-11-04T21:00Z","NEON.LTR.TREE053419.20161017","NEON.LTR.TREE053419.20161017.FLR","NEON.DOC.001710vE","Flowers",0,"N","","P9hftDyV5NLbHB2gcoQF666NEvwuiXGq"
"cc33e0c9-6b51-4924-92c8-512c3f40828e","TREE_053.basePlot.ltr","D05","TREE","TREE_053","TREE_053_419","2016-11-04","2016-10-05","2016-10-17","2016-10-24T16:45Z","2016-11-04T21:00Z","NEON.LTR.TREE053419.20161017","NEON.LTR.TREE053419.20161017.LVS","NEON.DOC.001710vE","Leaves",93.87,"N","","P9hftDyV5NLbHB2gcoQF666NEvwuiXGq"
"a240c4a3-a919-407a-852a-a9e57a27d714","TREE_053.basePlot.ltr","D05","TREE","TREE_053","TREE_053_419","2016-11-04","2016-10-05","2016-10-17","2016-10-24T16:45Z","2016-11-04T21:00Z","NEON.LTR.TREE053419.20161017","NEON.LTR.TREE053419.20161017.LVS","NEON.DOC.001710vE","Leaves",93.92,"Y","","P9hftDyV5NLbHB2gcoQF666NEvwuiXGq"
"9fab3709-38d2-4bd9-82ed-d19d02e9cefd","TREE_053.basePlot.ltr","D05","TREE","TREE_053","TREE_053_419","2016-11-04","2016-10-05","2016-10-17","2016-10-24T16:45Z","2016-11-04T21:00Z","NEON.LTR.TREE053419.20161017","NEON.LTR.TREE053419.20161017.OTH","NEON.DOC.001710vE","Other",0.16,"N","","P9hftDyV5NLbHB2gcoQF666NEvwuiXGq"
"a631e25f-21d8-4de2-aea4-b535966379c3","TREE_047.basePlot.ltr","D05","TREE","TREE_047","TREE_047_523","2016-10-27","2016-10-05","2016-10-17","2016-10-20T23:00Z","2016-10-27T21:00Z","NEON.LTR.TREE047523.20161017","NEON.LTR.TREE047523.20161017.WDY","NEON.DOC.001710vE","Woody material",0,"N","","n3FTqtv1XKCIEKvil+MbndY+c5Uay6s5"
"fd892db4-341b-4a81-8f43-0b42274e3374","TREE_047.basePlot.ltr","D05","TREE","TREE_047","TREE_047_523","2016-10-27","2016-10-05","2016-10-17","2016-10-20T23:00Z","2016-10-27T21:00Z","NEON.LTR.TREE047523.20161017","NEON.LTR.TREE047523.20161017.LVS","NEON.DOC.001710vE","Leaves",61.92,"N","","n3FTqtv1XKCIEKvil+MbndY+c5Uay6s5"
"f3bb8f3f-d97c-4869-859f-6b9218d8a58e","TREE_047.basePlot.ltr","D05","TREE","TREE_047","TREE_047_523","2016-10-27","2016-10-05","2016-10-17","2016-10-20T23:00Z","2016-10-27T21:00Z","NEON.LTR.TREE047523.20161017","NEON.LTR.TREE047523.20161017.SDS","NEON.DOC.001710vE","Seeds",0.4,"N","","n3FTqtv1XKCIEKvil+MbndY+c5Uay6s5"
"e03a9e51-886a-4e92-b4f3-e877d501c9e8","TREE_047.basePlot.ltr","D05","TREE","TREE_047","TREE_047_523","2016-10-27","2016-10-05","2016-10-17","2016-10-20T23:00Z","2016-10-27T21:00Z","NEON.LTR.TREE047523.20161017","NEON.LTR.TREE047523.20161017.FLR","NEON.DOC.001710vE","Flowers",0,"N","","n3FTqtv1XKCIEKvil+MbndY+c5Uay6s5"
"3c4c4e2d-cacc-4e11-a4cd-2b1abdcbb9db","TREE_047.basePlot.ltr","D05","TREE","TREE_047","TREE_047_523","2016-10-27","2016-10-05","2016-10-17","2016-10-20T23:00Z","2016-10-27T21:00Z","NEON.LTR.TREE047523.20161017","NEON.LTR.TREE047523.20161017.OTH","NEON.DOC.001710vE","Other",0.06,"N","","n3FTqtv1XKCIEKvil+MbndY+c5Uay6s5"
"302914d2-33c5-49f2-9d0b-fbb87e268bb6","TREE_047.basePlot.ltr","D05","TREE","TREE_047","TREE_047_523","2016-10-27","2016-10-05","2016-10-17","2016-10-20T23:00Z","2016-10-27T21:00Z","NEON.LTR.TREE047523.20161017","NEON.LTR.TREE047523.20161017.TWI","NEON.DOC.001710vE","Twigs/branches",0.22,"N","","n3FTqtv1XKCIEKvil+MbndY+c5Uay6s5"
"43ed8bc5-4d75-45c3-8801-cb1c431b0c79","TREE_047.basePlot.ltr","D05","TREE","TREE_047","TREE_047_523","2016-10-27","2016-10-05","2016-10-17","2016-10-20T23:00Z","2016-10-27T21:00Z","NEON.LTR.TREE047523.20161017","NEON.LTR.TREE047523.20161017.NDL","NEON.DOC.001710vE","Needles",1.36,"N","","n3FTqtv1XKCIEKvil+MbndY+c5Uay6s5"
"7985ea69-8649-49bd-ab77-8cc66726f0d9","TREE_043.basePlot.ltr","D05","TREE","TREE_043","TREE_043_804","2016-11-04","2016-10-05","2016-10-17","2016-10-24T16:45Z","2016-11-04T21:00Z","NEON.LTR.TREE043804.20161017","NEON.LTR.TREE043804.20161017.FLR","NEON.DOC.001710vE","Flowers",0.02,"N","","P9hftDyV5NLbHB2gcoQF666NEvwuiXGq"
"ee5ed7e6-11e5-4669-a233-59841498feb1","TREE_043.basePlot.ltr","D05","TREE","TREE_043","TREE_043_804","2016-11-04","2016-10-05","2016-10-17","2016-10-24T16:45Z","2016-11-04T21:00Z","NEON.LTR.TREE043804.20161017","NEON.LTR.TREE043804.20161017.OTH","NEON.DOC.001710vE","Other",0.04,"N","","P9hftDyV5NLbHB2gcoQF666NEvwuiXGq"
"4477a773-970d-472f-98b2-13615dd4210d","TREE_043.basePlot.ltr","D05","TREE","TREE_043","TREE_043_804","2016-11-04","2016-10-05","2016-10-17","2016-10-24T16:45Z","2016-11-04T21:00Z","NEON.LTR.TREE043804.20161017","NEON.LTR.TREE043804.20161017.WDY","NEON.DOC.001710vE","Woody material",0.1,"N","","P9hftDyV5NLbHB2gcoQF666NEvwuiXGq"
"cf017f8b-70a6-4332-a236-322fc67cc7c5","TREE_043.basePlot.ltr","D05","TREE","TREE_043","TREE_043_804","2016-11-04","2016-10-05","2016-10-17","2016-10-24T16:45Z","2016-11-04T21:00Z","NEON.LTR.TREE043804.20161017","NEON.LTR.TREE043804.20161017.NDL","NEON.DOC.001710vE","Needles",8.6,"N","","P9hftDyV5NLbHB2gcoQF666NEvwuiXGq"
"2e2557d8-da8d-4970-86c4-607972897947","TREE_043.basePlot.ltr","D05","TREE","TREE_043","TREE_043_804","2016-11-04","2016-10-05","2016-10-17","2016-10-24T16:45Z","2016-11-04T21:00Z","NEON.LTR.TREE043804.20161017","NEON.LTR.TREE043804.20161017.TWI","NEON.DOC.001710vE","Twigs/branches",0.2,"N","","P9hftDyV5NLbHB2gcoQF666NEvwuiXGq"
"f673486f-8509-4668-affb-e0e42065296d","TREE_043.basePlot.ltr","D05","TREE","TREE_043","TREE_043_804","2016-11-04","2016-10-05","2016-10-17","2016-10-24T16:45Z","2016-11-04T21:00Z","NEON.LTR.TREE043804.20161017","NEON.LTR.TREE043804.20161017.LVS","NEON.DOC.001710vE","Leaves",1.12,"N","It seems like there should be data from this trap but its not here","P9hftDyV5NLbHB2gcoQF666NEvwuiXGq"
"4b8afc17-d089-4a27-9690-f08b2892a38c","TREE_043.basePlot.ltr","D05","TREE","TREE_043","TREE_043_804","2016-11-04","2016-10-05","2016-10-17","2016-10-24T16:45Z","2016-11-04T21:00Z","NEON.LTR.TREE043804.20161017","NEON.LTR.TREE043804.20161017.SDS","NEON.DOC.001710vE","Seeds",0.005,"N","","P9hftDyV5NLbHB2gcoQF666NEvwuiXGq"
"0ad2eb76-530a-44f6-9a3a-bd14980d73b9","TREE_054.basePlot.ltr","D05","TREE","TREE_054","TREE_054_034","2016-10-27","2016-10-05","2016-10-17","2016-10-20T23:00Z","2016-10-27T21:00Z","NEON.LTR.TREE054034.20161017","NEON.LTR.TREE054034.20161017.WDY","NEON.DOC.001710vE","Woody material",0.03,"N","","n3FTqtv1XKCIEKvil+MbndY+c5Uay6s5"
"697d5f45-5afb-489c-80d8-85dc406f1fb5","TREE_054.basePlot.ltr","D05","TREE","TREE_054","TREE_054_034","2016-10-27","2016-10-05","2016-10-17","2016-10-20T23:00Z","2016-10-27T21:00Z","NEON.LTR.TREE054034.20161017","NEON.LTR.TREE054034.20161017.TWI","NEON.DOC.001710vE","Twigs/branches",0.08,"N","","n3FTqtv1XKCIEKvil+MbndY+c5Uay6s5"
"8494e2b3-5eac-4a54-9e97-b96ed364a71c","TREE_054.basePlot.ltr","D05","TREE","TREE_054","TREE_054_034","2016-10-27","2016-10-05","2016-10-17","2016-10-20T23:00Z","2016-10-27T21:00Z","NEON.LTR.TREE054034.20161017","NEON.LTR.TREE054034.20161017.FLR","NEON.DOC.001710vE","Flowers",0,"N","","n3FTqtv1XKCIEKvil+MbndY+c5Uay6s5"
"2f204638-9e1c-40bd-942b-0eed89cdf887","TREE_054.basePlot.ltr","D05","TREE","TREE_054","TREE_054_034","2016-10-27","2016-10-05","2016-10-17","2016-10-20T23:00Z","2016-10-27T21:00Z","NEON.LTR.TREE054034.20161017","NEON.LTR.TREE054034.20161017.NDL","NEON.DOC.001710vE","Needles",4.69,"N","","n3FTqtv1XKCIEKvil+MbndY+c5Uay6s5"
"43049d06-f873-4cc5-a073-fdef905baae6","TREE_054.basePlot.ltr","D05","TREE","TREE_054","TREE_054_034","2016-10-27","2016-10-05","2016-10-17","2016-10-20T23:00Z","2016-10-27T21:00Z","NEON.LTR.TREE054034.20161017","NEON.LTR.TREE054034.20161017.LVS","NEON.DOC.001710vE","Leaves",21.01,"N","","n3FTqtv1XKCIEKvil+MbndY+c5Uay6s5"
"1aae1b44-ad94-4487-982f-619d25e9c93f","TREE_054.basePlot.ltr","D05","TREE","TREE_054","TREE_054_034","2016-10-27","2016-10-05","2016-10-17","2016-10-20T23:00Z","2016-10-27T21:00Z","NEON.LTR.TREE054034.20161017","NEON.LTR.TREE054034.20161017.OTH","NEON.DOC.001710vE","Other",0.12,"N","","n3FTqtv1XKCIEKvil+MbndY+c5Uay6s5"
"364937d5-1d9b-48d0-9d8a-28924aaf56a8","TREE_054.basePlot.ltr","D05","TREE","TREE_054","TREE_054_034","2016-10-27","2016-10-05","2016-10-17","2016-10-20T23:00Z","2016-10-27T21:00Z","NEON.LTR.TREE054034.20161017","NEON.LTR.TREE054034.20161017.SDS","NEON.DOC.001710vE","Seeds",0.11,"N","","n3FTqtv1XKCIEKvil+MbndY+c5Uay6s5"
"3adac793-0914-4ce1-8239-4f7f56a86335","TREE_055.basePlot.ltr","D05","TREE","TREE_055","TREE_055_864","2016-11-04","2016-10-05","2016-10-17","2016-10-24T16:45Z","2016-11-04T21:00Z","NEON.LTR.TREE055864.20161017","NEON.LTR.TREE055864.20161017.TWI","NEON.DOC.001710vE","Twigs/branches",0.01,"N","","P9hftDyV5NLbHB2gcoQF666NEvwuiXGq"
"92303ff1-9301-4476-9214-eb96c5ac17e9","TREE_055.basePlot.ltr","D05","TREE","TREE_055","TREE_055_864","2016-11-04","2016-10-05","2016-10-17","2016-10-24T16:45Z","2016-11-04T21:00Z","NEON.LTR.TREE055864.20161017","NEON.LTR.TREE055864.20161017.WDY","NEON.DOC.001710vE","Woody material",0.005,"N","","P9hftDyV5NLbHB2gcoQF666NEvwuiXGq"
"ba795a21-7094-4af0-a16b-5bbcf4cec8a7","TREE_055.basePlot.ltr","D05","TREE","TREE_055","TREE_055_864","2016-11-04","2016-10-05","2016-10-17","2016-10-24T16:45Z","2016-11-04T21:00Z","NEON.LTR.TREE055864.20161017","NEON.LTR.TREE055864.20161017.FLR","NEON.DOC.001710vE","Flowers",0,"N","","P9hftDyV5NLbHB2gcoQF666NEvwuiXGq"
"625730e2-260b-4d3c-aa19-c1ed573e4f4b","TREE_055.basePlot.ltr","D05","TREE","TREE_055","TREE_055_864","2016-11-04","2016-10-05","2016-10-17","2016-10-24T16:45Z","2016-11-04T21:00Z","NEON.LTR.TREE055864.20161017","NEON.LTR.TREE055864.20161017.LVS","NEON.DOC.001710vE","Leaves",48.67,"N","","P9hftDyV5NLbHB2gcoQF666NEvwuiXGq"
"6b3ff00d-ec53-4739-b02b-126f734ddb4b","TREE_055.basePlot.ltr","D05","TREE","TREE_055","TREE_055_864","2016-11-04","2016-10-05","2016-10-17","2016-10-24T16:45Z","2016-11-04T21:00Z","NEON.LTR.TREE055864.20161017","NEON.LTR.TREE055864.20161017.OTH","NEON.DOC.001710vE","Other",0.09,"N","","P9hftDyV5NLbHB2gcoQF666NEvwuiXGq"
"50fa3dd6-9241-4ce2-b14a-496fca6e12e4","TREE_055.basePlot.ltr","D05","TREE","TREE_055","TREE_055_864","2016-11-04","2016-10-05","2016-10-17","2016-10-24T16:45Z","2016-11-04T21:00Z","NEON.LTR.TREE055864.20161017","NEON.LTR.TREE055864.20161017.NDL","NEON.DOC.001710vE","Needles",0.005,"N","","P9hftDyV5NLbHB2gcoQF666NEvwuiXGq"
"962ffc71-3145-49dd-b53b-78314ee9655e","TREE_056.basePlot.ltr","D05","TREE","TREE_056","TREE_056_792","2016-10-27","2016-10-05","2016-10-17","2016-10-20T23:00Z","2016-10-27T21:00Z","NEON.LTR.TREE056792.20161017","NEON.LTR.TREE056792.20161017.OTH","NEON.DOC.001710vE","Other",0.04,"N","","n3FTqtv1XKCIEKvil+MbndY+c5Uay6s5"
"2d29daab-fb00-4594-92d1-97c404fd55ea","TREE_056.basePlot.ltr","D05","TREE","TREE_056","TREE_056_792","2016-10-27","2016-10-05","2016-10-17","2016-10-20T23:00Z","2016-10-27T21:00Z","NEON.LTR.TREE056792.20161017","NEON.LTR.TREE056792.20161017.WDY","NEON.DOC.001710vE","Woody material",0,"N","","n3FTqtv1XKCIEKvil+MbndY+c5Uay6s5"
"7b500c20-394e-4fd4-b891-2033f92be207","TREE_055.basePlot.ltr","D05","TREE","TREE_055","TREE_055_864","2016-11-04","2016-10-05","2016-10-17","2016-10-24T16:45Z","2016-11-04T21:00Z","NEON.LTR.TREE055864.20161017","NEON.LTR.TREE055864.20161017.SDS","NEON.DOC.001710vE","Seeds",1.26,"N","","P9hftDyV5NLbHB2gcoQF666NEvwuiXGq"
"160d76e9-3756-41fc-970e-bd1ca7538399","TREE_056.basePlot.ltr","D05","TREE","TREE_056","TREE_056_792","2016-10-27","2016-10-05","2016-10-17","2016-10-20T23:00Z","2016-10-27T21:00Z","NEON.LTR.TREE056792.20161017","NEON.LTR.TREE056792.20161017.LVS","NEON.DOC.001710vE","Leaves",36.68,"N","","n3FTqtv1XKCIEKvil+MbndY+c5Uay6s5"
"0b5eea47-9d79-475a-9bc6-6aed6bc9b2a4","TREE_056.basePlot.ltr","D05","TREE","TREE_056","TREE_056_792","2016-10-27","2016-10-05","2016-10-17","2016-10-20T23:00Z","2016-10-27T21:00Z","NEON.LTR.TREE056792.20161017","NEON.LTR.TREE056792.20161017.TWI","NEON.DOC.001710vE","Twigs/branches",0.12,"Y","","n3FTqtv1XKCIEKvil+MbndY+c5Uay6s5"
"2e1fc409-04af-4c1a-891c-3c9f76c88f44","TREE_056.basePlot.ltr","D05","TREE","TREE_056","TREE_056_792","2016-10-27","2016-10-05","2016-10-17","2016-10-20T23:00Z","2016-10-27T21:00Z","NEON.LTR.TREE056792.20161017","NEON.LTR.TREE056792.20161017.TWI","NEON.DOC.001710vE","Twigs/branches",0.11,"N","","n3FTqtv1XKCIEKvil+MbndY+c5Uay6s5"
"18b530eb-0797-486c-bf0e-910166a78c37","TREE_056.basePlot.ltr","D05","TREE","TREE_056","TREE_056_792","2016-10-27","2016-10-05","2016-10-17","2016-10-20T23:00Z","2016-10-27T21:00Z","NEON.LTR.TREE056792.20161017","NEON.LTR.TREE056792.20161017.FLR","NEON.DOC.001710vE","Flowers",0,"N","","n3FTqtv1XKCIEKvil+MbndY+c5Uay6s5"
"dddf0919-8648-4ec2-a617-f33120902c24","TREE_056.basePlot.ltr","D05","TREE","TREE_056","TREE_056_792","2016-10-27","2016-10-05","2016-10-17","2016-10-20T23:00Z","2016-10-27T21:00Z","NEON.LTR.TREE056792.20161017","NEON.LTR.TREE056792.20161017.SDS","NEON.DOC.001710vE","Seeds",0.57,"N","","n3FTqtv1XKCIEKvil+MbndY+c5Uay6s5"
"742bfb03-e66c-4f70-ba49-b9234c7742ad","TREE_056.basePlot.ltr","D05","TREE","TREE_056","TREE_056_792","2016-10-27","2016-10-05","2016-10-17","2016-10-20T23:00Z","2016-10-27T21:00Z","NEON.LTR.TREE056792.20161017","NEON.LTR.TREE056792.20161017.NDL","NEON.DOC.001710vE","Needles",1.04,"N","","n3FTqtv1XKCIEKvil+MbndY+c5Uay6s5"
"87d699de-eaa3-4d14-a6a2-0e9ce40b3dc4","TREE_056.basePlot.ltr","D05","TREE","TREE_056","TREE_056_792","2016-10-27","2016-10-05","2016-10-17","2016-10-20T23:00Z","2016-10-27T21:00Z","NEON.LTR.TREE056792.20161017","NEON.LTR.TREE056792.20161017.LVS","NEON.DOC.001710vE","Leaves",36.53,"Y","","n3FTqtv1XKCIEKvil+MbndY+c5Uay6s5"
"68b9a362-9121-4d43-944e-eefdffc6ba54","TREE_055.basePlot.ltr","D05","TREE","TREE_055","TREE_055_595","2016-11-04","2016-10-05","2016-10-17","2016-10-24T16:45Z","2016-11-04T21:00Z","NEON.LTR.TREE055595.20161017","NEON.LTR.TREE055595.20161017.FLR","NEON.DOC.001710vE","Flowers",0,"N","","P9hftDyV5NLbHB2gcoQF666NEvwuiXGq"
"0864d09c-0a2c-4f31-83aa-83404d2cb6b5","TREE_041.basePlot.ltr","D05","TREE","TREE_041","TREE_041_797","2016-10-27","2016-10-05","2016-10-17","2016-10-20T23:00Z","2016-10-27T21:00Z","NEON.LTR.TREE041797.20161017","NEON.LTR.TREE041797.20161017.SDS","NEON.DOC.001710vE","Seeds",0.5,"N","","n3FTqtv1XKCIEKvil+MbndY+c5Uay6s5"
"bfa89a36-bdb7-4cae-8ab6-cf7840573f5a","TREE_041.basePlot.ltr","D05","TREE","TREE_041","TREE_041_797","2016-10-27","2016-10-05","2016-10-17","2016-10-20T23:00Z","2016-10-27T21:00Z","NEON.LTR.TREE041797.20161017","NEON.LTR.TREE041797.20161017.LVS","NEON.DOC.001710vE","Leaves",121.93,"N","","n3FTqtv1XKCIEKvil+MbndY+c5Uay6s5"
"4e72171e-8a08-407b-940d-858814bede5d","TREE_041.basePlot.ltr","D05","TREE","TREE_041","TREE_041_797","2016-10-27","2016-10-05","2016-10-17","2016-10-20T23:00Z","2016-10-27T21:00Z","NEON.LTR.TREE041797.20161017","NEON.LTR.TREE041797.20161017.TWI","NEON.DOC.001710vE","Twigs/branches",0,"N","","n3FTqtv1XKCIEKvil+MbndY+c5Uay6s5"
"168ef173-200d-44ee-b746-8c7b6d1a2e0f","TREE_041.basePlot.ltr","D05","TREE","TREE_041","TREE_041_797","2016-10-27","2016-10-05","2016-10-17","2016-10-20T23:00Z","2016-10-27T21:00Z","NEON.LTR.TREE041797.20161017","NEON.LTR.TREE041797.20161017.OTH","NEON.DOC.001710vE","Other",0.08,"N","","n3FTqtv1XKCIEKvil+MbndY+c5Uay6s5"
"76123e0a-d2a0-419b-a94f-5a4b8615f4e1","TREE_041.basePlot.ltr","D05","TREE","TREE_041","TREE_041_797","2016-10-27","2016-10-05","2016-10-17","2016-10-20T23:00Z","2016-10-27T21:00Z","NEON.LTR.TREE041797.20161017","NEON.LTR.TREE041797.20161017.FLR","NEON.DOC.001710vE","Flowers",0,"N","","n3FTqtv1XKCIEKvil+MbndY+c5Uay6s5"
"3c1553dd-6476-409f-abdb-271e9a0e45af","TREE_041.basePlot.ltr","D05","TREE","TREE_041","TREE_041_797","2016-10-27","2016-10-05","2016-10-17","2016-10-20T23:00Z","2016-10-27T21:00Z","NEON.LTR.TREE041797.20161017","NEON.LTR.TREE041797.20161017.NDL","NEON.DOC.001710vE","Needles",0,"N","","n3FTqtv1XKCIEKvil+MbndY+c5Uay6s5"
"35f7d368-fd99-431e-a1cc-799e1c9234cf","TREE_057.basePlot.ltr","D05","TREE","TREE_057","TREE_057_415","2016-11-04","2016-10-05","2016-10-17","2016-10-24T16:45Z","2016-11-04T21:00Z","NEON.LTR.TREE057415.20161017","NEON.LTR.TREE057415.20161017.NDL","NEON.DOC.001710vE","Needles",16.28,"N","","P9hftDyV5NLbHB2gcoQF666NEvwuiXGq"
"6365b294-2377-4b0e-8bdc-94d1de473b7a","TREE_057.basePlot.ltr","D05","TREE","TREE_057","TREE_057_415","2016-11-04","2016-10-05","2016-10-17","2016-10-24T16:45Z","2016-11-04T21:00Z","NEON.LTR.TREE057415.20161017","NEON.LTR.TREE057415.20161017.FLR","NEON.DOC.001710vE","Flowers",0.07,"N","","P9hftDyV5NLbHB2gcoQF666NEvwuiXGq"
"7ebd93fa-8612-4650-abc6-f981c28b0ebe","TREE_057.basePlot.ltr","D05","TREE","TREE_057","TREE_057_415","2016-11-04","2016-10-05","2016-10-17","2016-10-24T16:45Z","2016-11-04T21:00Z","NEON.LTR.TREE057415.20161017","NEON.LTR.TREE057415.20161017.TWI","NEON.DOC.001710vE","Twigs/branches",0.34,"N","","P9hftDyV5NLbHB2gcoQF666NEvwuiXGq"
"ba1aa758-3b3d-455c-a6af-e7af4a6f96bb","TREE_041.basePlot.ltr","D05","TREE","TREE_041","TREE_041_797","2016-10-27","2016-10-05","2016-10-17","2016-10-20T23:00Z","2016-10-27T21:00Z","NEON.LTR.TREE041797.20161017","NEON.LTR.TREE041797.20161017.WDY","NEON.DOC.001710vE","Woody material",0,"N","","n3FTqtv1XKCIEKvil+MbndY+c5Uay6s5"
"3c61f6bd-8ff3-4eb2-a86c-858b3a00004d","TREE_057.basePlot.ltr","D05","TREE","TREE_057","TREE_057_415","2016-11-04","2016-10-05","2016-10-17","2016-10-24T16:45Z","2016-11-04T21:00Z","NEON.LTR.TREE057415.20161017","NEON.LTR.TREE057415.20161017.SDS","NEON.DOC.001710vE","Seeds",0.005,"N","","P9hftDyV5NLbHB2gcoQF666NEvwuiXGq"
"25ae6cbe-6425-4361-8cdf-9ae301f8c69c","TREE_057.basePlot.ltr","D05","TREE","TREE_057","TREE_057_415","2016-11-04","2016-10-05","2016-10-17","2016-10-24T16:45Z","2016-11-04T21:00Z","NEON.LTR.TREE057415.20161017","NEON.LTR.TREE057415.20161017.WDY","NEON.DOC.001710vE","Woody material",0.005,"N","","P9hftDyV5NLbHB2gcoQF666NEvwuiXGq"
"3228ae2f-c96a-445e-b486-16732008cc90","TREE_057.basePlot.ltr","D05","TREE","TREE_057","TREE_057_415","2016-11-04","2016-10-05","2016-10-17","2016-10-24T16:45Z","2016-11-04T21:00Z","NEON.LTR.TREE057415.20161017","NEON.LTR.TREE057415.20161017.LVS","NEON.DOC.001710vE","Leaves",60.49,"N","","P9hftDyV5NLbHB2gcoQF666NEvwuiXGq"
"fdae04e7-4d9d-479b-8021-b1df7a8c111b","TREE_057.basePlot.ltr","D05","TREE","TREE_057","TREE_057_415","2016-11-04","2016-10-05","2016-10-17","2016-10-24T16:45Z","2016-11-04T21:00Z","NEON.LTR.TREE057415.20161017","NEON.LTR.TREE057415.20161017.OTH","NEON.DOC.001710vE","Other",0.07,"N","","P9hftDyV5NLbHB2gcoQF666NEvwuiXGq"
"4abf3a17-1872-4f3d-8e15-05049f725fbc","TREE_052.basePlot.ltr","D05","TREE","TREE_052","TREE_052_066","2016-11-04","2016-10-05","2016-10-17","2016-10-24T16:45Z","2016-11-04T21:00Z","NEON.LTR.TREE052066.20161017","NEON.LTR.TREE052066.20161017.OTH","NEON.DOC.001710vE","Other",0.04,"N","","P9hftDyV5NLbHB2gcoQF666NEvwuiXGq"
"35189292-bf53-4982-95ec-30a2078d5db9","TREE_052.basePlot.ltr","D05","TREE","TREE_052","TREE_052_066","2016-11-04","2016-10-05","2016-10-17","2016-10-24T16:45Z","2016-11-04T21:00Z","NEON.LTR.TREE052066.20161017","NEON.LTR.TREE052066.20161017.WDY","NEON.DOC.001710vE","Woody material",0.4,"N","","P9hftDyV5NLbHB2gcoQF666NEvwuiXGq"
"b1c10f09-3136-4a87-b82e-4313ffa9209a","TREE_052.basePlot.ltr","D05","TREE","TREE_052","TREE_052_066","2016-11-04","2016-10-05","2016-10-17","2016-10-24T16:45Z","2016-11-04T21:00Z","NEON.LTR.TREE052066.20161017","NEON.LTR.TREE052066.20161017.SDS","NEON.DOC.001710vE","Seeds",0.59,"N","","P9hftDyV5NLbHB2gcoQF666NEvwuiXGq"
"fe4b446a-b4da-43a1-92cb-d61f8130fb8f","TREE_052.basePlot.ltr","D05","TREE","TREE_052","TREE_052_066","2016-11-04","2016-10-05","2016-10-17","2016-10-24T16:45Z","2016-11-04T21:00Z","NEON.LTR.TREE052066.20161017","NEON.LTR.TREE052066.20161017.LVS","NEON.DOC.001710vE","Leaves",10.46,"N","","P9hftDyV5NLbHB2gcoQF666NEvwuiXGq"
"61e03588-3a5e-4354-a4bf-c66f35730eff","TREE_052.basePlot.ltr","D05","TREE","TREE_052","TREE_052_066","2016-11-04","2016-10-05","2016-10-17","2016-10-24T16:45Z","2016-11-04T21:00Z","NEON.LTR.TREE052066.20161017","NEON.LTR.TREE052066.20161017.FLR","NEON.DOC.001710vE","Flowers",0.12,"N","","P9hftDyV5NLbHB2gcoQF666NEvwuiXGq"
"0a31df0b-2cc1-48e7-8e0d-995660ac6ea5","TREE_052.basePlot.ltr","D05","TREE","TREE_052","TREE_052_066","2016-11-04","2016-10-05","2016-10-17","2016-10-24T16:45Z","2016-11-04T21:00Z","NEON.LTR.TREE052066.20161017","NEON.LTR.TREE052066.20161017.NDL","NEON.DOC.001710vE","Needles",0.5,"N","","P9hftDyV5NLbHB2gcoQF666NEvwuiXGq"
"57de53a1-ec3e-41cc-8692-960bb64177d6","TREE_049.basePlot.ltr","D05","TREE","TREE_049","TREE_049_066","2016-11-04","2016-10-05","2016-10-17","2016-10-24T16:45Z","2016-11-04T21:00Z","NEON.LTR.TREE049066.20161017","NEON.LTR.TREE049066.20161017.OTH","NEON.DOC.001710vE","Other",0.32,"N","","P9hftDyV5NLbHB2gcoQF666NEvwuiXGq"
"b7c45fa9-3af7-454e-98f4-a17122a9cee9","TREE_049.basePlot.ltr","D05","TREE","TREE_049","TREE_049_066","2016-11-04","2016-10-05","2016-10-17","2016-10-24T16:45Z","2016-11-04T21:00Z","NEON.LTR.TREE049066.20161017","NEON.LTR.TREE049066.20161017.SDS","NEON.DOC.001710vE","Seeds",7.44,"N","","P9hftDyV5NLbHB2gcoQF666NEvwuiXGq"
"b61efb49-5ae0-44d3-b1b1-cf3b315b862a","TREE_049.basePlot.ltr","D05","TREE","TREE_049","TREE_049_066","2016-11-04","2016-10-05","2016-10-17","2016-10-24T16:45Z","2016-11-04T21:00Z","NEON.LTR.TREE049066.20161017","NEON.LTR.TREE049066.20161017.NDL","NEON.DOC.001710vE","Needles",0,"N","","P9hftDyV5NLbHB2gcoQF666NEvwuiXGq"
"b14a4597-b1e0-4a04-8de6-96a32ed890b6","TREE_052.basePlot.ltr","D05","TREE","TREE_052","TREE_052_066","2016-11-04","2016-10-05","2016-10-17","2016-10-24T16:45Z","2016-11-04T21:00Z","NEON.LTR.TREE052066.20161017","NEON.LTR.TREE052066.20161017.TWI","NEON.DOC.001710vE","Twigs/branches",0.1,"N","","P9hftDyV5NLbHB2gcoQF666NEvwuiXGq"
"c54408d6-514d-475d-a2d8-b25c525c8f0a","TREE_049.basePlot.ltr","D05","TREE","TREE_049","TREE_049_066","2016-11-04","2016-10-05","2016-10-17","2016-10-24T16:45Z","2016-11-04T21:00Z","NEON.LTR.TREE049066.20161017","NEON.LTR.TREE049066.20161017.LVS","NEON.DOC.001710vE","Leaves",109.17,"N","","P9hftDyV5NLbHB2gcoQF666NEvwuiXGq"
"c9467113-2449-4ccc-abc1-9277dc317541","TREE_049.basePlot.ltr","D05","TREE","TREE_049","TREE_049_066","2016-11-04","2016-10-05","2016-10-17","2016-10-24T16:45Z","2016-11-04T21:00Z","NEON.LTR.TREE049066.20161017","NEON.LTR.TREE049066.20161017.FLR","NEON.DOC.001710vE","Flowers",0.005,"N","","P9hftDyV5NLbHB2gcoQF666NEvwuiXGq"
"564eda7f-a87b-4860-88f7-3c244abc0ee9","TREE_049.basePlot.ltr","D05","TREE","TREE_049","TREE_049_066","2016-11-04","2016-10-05","2016-10-17","2016-10-24T16:45Z","2016-11-04T21:00Z","NEON.LTR.TREE049066.20161017","NEON.LTR.TREE049066.20161017.TWI","NEON.DOC.001710vE","Twigs/branches",0.2,"N","","P9hftDyV5NLbHB2gcoQF666NEvwuiXGq"
"5b629af3-f50d-46d1-810f-70fb0f808f67","TREE_049.basePlot.ltr","D05","TREE","TREE_049","TREE_049_066","2016-11-04","2016-10-05","2016-10-17","2016-10-24T16:45Z","2016-11-04T21:00Z","NEON.LTR.TREE049066.20161017","NEON.LTR.TREE049066.20161017.WDY","NEON.DOC.001710vE","Woody material",0,"N","","P9hftDyV5NLbHB2gcoQF666NEvwuiXGq"
"dc8ed354-986f-47e2-826f-ba6ab346623c","TREE_040.basePlot.ltr","D05","TREE","TREE_040","TREE_040_405","2016-10-27","2016-10-05","2016-10-17","2016-10-20T23:00Z","2016-10-27T21:00Z","NEON.LTR.TREE040405.20161017","NEON.LTR.TREE040405.20161017.NDL","NEON.DOC.001710vE","Needles",3.42,"N","","n3FTqtv1XKCIEKvil+MbndY+c5Uay6s5"
"8473591b-5f53-429e-8d2b-89f7c5c45d03","TREE_040.basePlot.ltr","D05","TREE","TREE_040","TREE_040_405","2016-10-27","2016-10-05","2016-10-17","2016-10-20T23:00Z","2016-10-27T21:00Z","NEON.LTR.TREE040405.20161017","NEON.LTR.TREE040405.20161017.LVS","NEON.DOC.001710vE","Leaves",5.24,"N","","n3FTqtv1XKCIEKvil+MbndY+c5Uay6s5"
"753e6bc0-ba6f-47ef-86ee-0cca5a6a961c","TREE_040.basePlot.ltr","D05","TREE","TREE_040","TREE_040_405","2016-10-27","2016-10-05","2016-10-17","2016-10-20T23:00Z","2016-10-27T21:00Z","NEON.LTR.TREE040405.20161017","NEON.LTR.TREE040405.20161017.FLR","NEON.DOC.001710vE","Flowers",0.08,"N","","n3FTqtv1XKCIEKvil+MbndY+c5Uay6s5"
"56836377-a054-443e-9085-ac809452f460","TREE_040.basePlot.ltr","D05","TREE","TREE_040","TREE_040_405","2016-10-27","2016-10-05","2016-10-17","2016-10-20T23:00Z","2016-10-27T21:00Z","NEON.LTR.TREE040405.20161017","NEON.LTR.TREE040405.20161017.TWI","NEON.DOC.001710vE","Twigs/branches",0.005,"N","","n3FTqtv1XKCIEKvil+MbndY+c5Uay6s5"
"a4644b69-526c-49fc-8a7f-fd9efac28fa8","TREE_040.basePlot.ltr","D05","TREE","TREE_040","TREE_040_405","2016-10-27","2016-10-05","2016-10-17","2016-10-20T23:00Z","2016-10-27T21:00Z","NEON.LTR.TREE040405.20161017","NEON.LTR.TREE040405.20161017.SDS","NEON.DOC.001710vE","Seeds",0.35,"N","","n3FTqtv1XKCIEKvil+MbndY+c5Uay6s5"
"45e78543-5634-4c06-a4b4-4207d67053d3","TREE_040.basePlot.ltr","D05","TREE","TREE_040","TREE_040_405","2016-10-27","2016-10-05","2016-10-17","2016-10-20T23:00Z","2016-10-27T21:00Z","NEON.LTR.TREE040405.20161017","NEON.LTR.TREE040405.20161017.WDY","NEON.DOC.001710vE","Woody material",0,"N","","n3FTqtv1XKCIEKvil+MbndY+c5Uay6s5"
"f552cf1e-0ac7-4054-b689-6b94cefddaf3","TREE_040.basePlot.ltr","D05","TREE","TREE_040","TREE_040_405","2016-10-27","2016-10-05","2016-10-17","2016-10-20T23:00Z","2016-10-27T21:00Z","NEON.LTR.TREE040405.20161017","NEON.LTR.TREE040405.20161017.OTH","NEON.DOC.001710vE","Other",0.005,"N","","n3FTqtv1XKCIEKvil+MbndY+c5Uay6s5"
"06e7a42d-509e-4bae-9184-5eadd7cd2e92","TREE_025.basePlot.ltr","D05","TREE","TREE_025","TREE_025_307","2016-11-04","2016-10-05","2016-10-17","2016-10-24T16:45Z","2016-11-04T21:00Z","NEON.LTR.TREE025307.20161017","NEON.LTR.TREE025307.20161017.NDL","NEON.DOC.001710vE","Needles",7.04,"N","","P9hftDyV5NLbHB2gcoQF666NEvwuiXGq"
"4c5afb4e-068e-4a04-a8e1-1142251ff93a","TREE_025.basePlot.ltr","D05","TREE","TREE_025","TREE_025_307","2016-11-04","2016-10-05","2016-10-17","2016-10-24T16:45Z","2016-11-04T21:00Z","NEON.LTR.TREE025307.20161017","NEON.LTR.TREE025307.20161017.SDS","NEON.DOC.001710vE","Seeds",0.18,"N","","P9hftDyV5NLbHB2gcoQF666NEvwuiXGq"
"ab30744f-e5fa-46cf-99da-fdd60e85850e","TREE_025.basePlot.ltr","D05","TREE","TREE_025","TREE_025_307","2016-11-04","2016-10-05","2016-10-17","2016-10-24T16:45Z","2016-11-04T21:00Z","NEON.LTR.TREE025307.20161017","NEON.LTR.TREE025307.20161017.WDY","NEON.DOC.001710vE","Woody material",0.04,"N","","P9hftDyV5NLbHB2gcoQF666NEvwuiXGq"
"a9a55a7a-861f-4ccc-85eb-8ce863ac4c90","TREE_025.basePlot.ltr","D05","TREE","TREE_025","TREE_025_307","2016-11-04","2016-10-05","2016-10-17","2016-10-24T16:45Z","2016-11-04T21:00Z","NEON.LTR.TREE025307.20161017","NEON.LTR.TREE025307.20161017.LVS","NEON.DOC.001710vE","Leaves",31.47,"Y","","P9hftDyV5NLbHB2gcoQF666NEvwuiXGq"
"2fcacdc7-8473-4452-bd47-d95e780b9b97","TREE_025.basePlot.ltr","D05","TREE","TREE_025","TREE_025_307","2016-11-04","2016-10-05","2016-10-17","2016-10-24T16:45Z","2016-11-04T21:00Z","NEON.LTR.TREE025307.20161017","NEON.LTR.TREE025307.20161017.OTH","NEON.DOC.001710vE","Other",0.005,"N","","P9hftDyV5NLbHB2gcoQF666NEvwuiXGq"
"be938b64-2bf5-423c-ac69-5cd606f1b2c9","TREE_025.basePlot.ltr","D05","TREE","TREE_025","TREE_025_307","2016-11-04","2016-10-05","2016-10-17","2016-10-24T16:45Z","2016-11-04T21:00Z","NEON.LTR.TREE025307.20161017","NEON.LTR.TREE025307.20161017.LVS","NEON.DOC.001710vE","Leaves",31.51,"N","","P9hftDyV5NLbHB2gcoQF666NEvwuiXGq"
"94ba9441-70f1-410d-937b-8d9911d79c9c","TREE_025.basePlot.ltr","D05","TREE","TREE_025","TREE_025_307","2016-11-04","2016-10-05","2016-10-17","2016-10-24T16:45Z","2016-11-04T21:00Z","NEON.LTR.TREE025307.20161017","NEON.LTR.TREE025307.20161017.FLR","NEON.DOC.001710vE","Flowers",0.06,"N","","P9hftDyV5NLbHB2gcoQF666NEvwuiXGq"
"edf491e0-b315-43a1-a7d0-e70c181f703b","TREE_025.basePlot.ltr","D05","TREE","TREE_025","TREE_025_307","2016-11-04","2016-10-05","2016-10-17","2016-10-24T16:45Z","2016-11-04T21:00Z","NEON.LTR.TREE025307.20161017","NEON.LTR.TREE025307.20161017.TWI","NEON.DOC.001710vE","Twigs/branches",0,"N","","P9hftDyV5NLbHB2gcoQF666NEvwuiXGq"
"26d72568-4253-4cc7-b673-4d47048cd4de","TREE_050.basePlot.ltr","D05","TREE","TREE_050","TREE_050_523","2016-11-04","2016-10-05","2016-10-17","2016-10-24T16:45Z","2016-11-04T21:00Z","NEON.LTR.TREE050523.20161017","NEON.LTR.TREE050523.20161017.OTH","NEON.DOC.001710vE","Other",0.5,"N","","P9hftDyV5NLbHB2gcoQF666NEvwuiXGq"
"138dc53f-ae9f-4823-9d43-f15926dbe22d","TREE_050.basePlot.ltr","D05","TREE","TREE_050","TREE_050_523","2016-11-04","2016-10-05","2016-10-17","2016-10-24T16:45Z","2016-11-04T21:00Z","NEON.LTR.TREE050523.20161017","NEON.LTR.TREE050523.20161017.LVS","NEON.DOC.001710vE","Leaves",14.38,"N","","P9hftDyV5NLbHB2gcoQF666NEvwuiXGq"
"76103881-8d98-41b3-9069-8e2cdfe026d7","TREE_050.basePlot.ltr","D05","TREE","TREE_050","TREE_050_523","2016-11-04","2016-10-05","2016-10-17","2016-10-24T16:45Z","2016-11-04T21:00Z","NEON.LTR.TREE050523.20161017","NEON.LTR.TREE050523.20161017.FLR","NEON.DOC.001710vE","Flowers",0,"N","","P9hftDyV5NLbHB2gcoQF666NEvwuiXGq"
"11ecb782-dd29-428f-ab32-4bd969cfa74d","TREE_050.basePlot.ltr","D05","TREE","TREE_050","TREE_050_523","2016-11-04","2016-10-05","2016-10-17","2016-10-24T16:45Z","2016-11-04T21:00Z","NEON.LTR.TREE050523.20161017","NEON.LTR.TREE050523.20161017.SDS","NEON.DOC.001710vE","Seeds",0,"N","","P9hftDyV5NLbHB2gcoQF666NEvwuiXGq"
"7984eeb6-eba0-4f0a-962f-6f21cc1b5628","TREE_050.basePlot.ltr","D05","TREE","TREE_050","TREE_050_523","2016-11-04","2016-10-05","2016-10-17","2016-10-24T16:45Z","2016-11-04T21:00Z","NEON.LTR.TREE050523.20161017","NEON.LTR.TREE050523.20161017.NDL","NEON.DOC.001710vE","Needles",16.41,"N","","P9hftDyV5NLbHB2gcoQF666NEvwuiXGq"
"ab81f751-f170-442b-a971-d8b8be47e1ca","TREE_050.basePlot.ltr","D05","TREE","TREE_050","TREE_050_523","2016-11-04","2016-10-05","2016-10-17","2016-10-24T16:45Z","2016-11-04T21:00Z","NEON.LTR.TREE050523.20161017","NEON.LTR.TREE050523.20161017.OTH","NEON.DOC.001710vE","Other",0.51,"N","","P9hftDyV5NLbHB2gcoQF666NEvwuiXGq"
"e07cc006-b439-4e0b-a4d3-7d63c4d6aa93","TREE_050.basePlot.ltr","D05","TREE","TREE_050","TREE_050_523","2016-11-04","2016-10-05","2016-10-17","2016-10-24T16:45Z","2016-11-04T21:00Z","NEON.LTR.TREE050523.20161017","NEON.LTR.TREE050523.20161017.TWI","NEON.DOC.001710vE","Twigs/branches",0,"N","","P9hftDyV5NLbHB2gcoQF666NEvwuiXGq"
"23a65345-e290-4f09-8caf-98630c60dff6","TREE_050.basePlot.ltr","D05","TREE","TREE_050","TREE_050_523","2016-11-04","2016-10-05","2016-10-17","2016-10-24T16:45Z","2016-11-04T21:00Z","NEON.LTR.TREE050523.20161017","NEON.LTR.TREE050523.20161017.WDY","NEON.DOC.001710vE","Woody material",0,"N","","P9hftDyV5NLbHB2gcoQF666NEvwuiXGq"
"31deef88-e6c7-49d8-b3cc-638e66dc763c","TREE_051.basePlot.ltr","D05","TREE","TREE_051","TREE_051_578","2016-11-04","2016-10-05","2016-10-17","2016-10-24T16:45Z","2016-11-04T21:00Z","NEON.LTR.TREE051578.20161017","NEON.LTR.TREE051578.20161017.LVS","NEON.DOC.001710vE","Leaves",5.76,"Y","","P9hftDyV5NLbHB2gcoQF666NEvwuiXGq"
"507f9d90-27ae-4607-b8e1-30614c9861db","TREE_051.basePlot.ltr","D05","TREE","TREE_051","TREE_051_578","2016-11-04","2016-10-05","2016-10-17","2016-10-24T16:45Z","2016-11-04T21:00Z","NEON.LTR.TREE051578.20161017","NEON.LTR.TREE051578.20161017.SDS","NEON.DOC.001710vE","Seeds",1.55,"N","","P9hftDyV5NLbHB2gcoQF666NEvwuiXGq"
"b4eb6ddf-02dd-4cb0-bcb9-f896e4ce2ee7","TREE_051.basePlot.ltr","D05","TREE","TREE_051","TREE_051_578","2016-11-04","2016-10-05","2016-10-17","2016-10-24T16:45Z","2016-11-04T21:00Z","NEON.LTR.TREE051578.20161017","NEON.LTR.TREE051578.20161017.TWI","NEON.DOC.001710vE","Twigs/branches",0.04,"N","","P9hftDyV5NLbHB2gcoQF666NEvwuiXGq"
"c8672f1b-e142-4d7e-91d9-9385666565ad","TREE_051.basePlot.ltr","D05","TREE","TREE_051","TREE_051_578","2016-11-04","2016-10-05","2016-10-17","2016-10-24T16:45Z","2016-11-04T21:00Z","NEON.LTR.TREE051578.20161017","NEON.LTR.TREE051578.20161017.TWI","NEON.DOC.001710vE","Twigs/branches",0.05,"Y","","P9hftDyV5NLbHB2gcoQF666NEvwuiXGq"
"8034add2-4778-48ce-ab28-bb6740cf9eba","TREE_051.basePlot.ltr","D05","TREE","TREE_051","TREE_051_578","2016-11-04","2016-10-05","2016-10-17","2016-10-24T16:45Z","2016-11-04T21:00Z","NEON.LTR.TREE051578.20161017","NEON.LTR.TREE051578.20161017.LVS","NEON.DOC.001710vE","Leaves",5.73,"N","","P9hftDyV5NLbHB2gcoQF666NEvwuiXGq"
"629f2642-4418-4553-9c95-c5d43c532ecb","TREE_051.basePlot.ltr","D05","TREE","TREE_051","TREE_051_578","2016-11-04","2016-10-05","2016-10-17","2016-10-24T16:45Z","2016-11-04T21:00Z","NEON.LTR.TREE051578.20161017","NEON.LTR.TREE051578.20161017.NDL","NEON.DOC.001710vE","Needles",1.09,"Y","","P9hftDyV5NLbHB2gcoQF666NEvwuiXGq"
"8a7d4363-a510-4605-bfaa-d2990898e86a","TREE_051.basePlot.ltr","D05","TREE","TREE_051","TREE_051_578","2016-11-04","2016-10-05","2016-10-17","2016-10-24T16:45Z","2016-11-04T21:00Z","NEON.LTR.TREE051578.20161017","NEON.LTR.TREE051578.20161017.FLR","NEON.DOC.001710vE","Flowers",0.005,"N","","P9hftDyV5NLbHB2gcoQF666NEvwuiXGq"
"d88b7313-112a-4614-8d43-65e6000f694c","TREE_051.basePlot.ltr","D05","TREE","TREE_051","TREE_051_578","2016-11-04","2016-10-05","2016-10-17","2016-10-24T16:45Z","2016-11-04T21:00Z","NEON.LTR.TREE051578.20161017","NEON.LTR.TREE051578.20161017.WDY","NEON.DOC.001710vE","Woody material",0.05,"N","","P9hftDyV5NLbHB2gcoQF666NEvwuiXGq"
"3df11f23-c256-4783-970b-b305b353f888","TREE_051.basePlot.ltr","D05","TREE","TREE_051","TREE_051_578","2016-11-04","2016-10-05","2016-10-17","2016-10-24T16:45Z","2016-11-04T21:00Z","NEON.LTR.TREE051578.20161017","NEON.LTR.TREE051578.20161017.OTH","NEON.DOC.001710vE","Other",0.005,"N","","P9hftDyV5NLbHB2gcoQF666NEvwuiXGq"
"2394d020-bd00-4975-b25d-79ec35963858","TREE_042.basePlot.ltr","D05","TREE","TREE_042","TREE_042_891","2016-11-04","2016-10-05","2016-10-17","2016-10-24T16:45Z","2016-11-04T21:00Z","NEON.LTR.TREE042891.20161017","NEON.LTR.TREE042891.20161017.TWI","NEON.DOC.001710vE","Twigs/branches",0.17,"N","","P9hftDyV5NLbHB2gcoQF666NEvwuiXGq"
"4fec7019-3ad5-4373-8b37-b335133367d0","TREE_051.basePlot.ltr","D05","TREE","TREE_051","TREE_051_578","2016-11-04","2016-10-05","2016-10-17","2016-10-24T16:45Z","2016-11-04T21:00Z","NEON.LTR.TREE051578.20161017","NEON.LTR.TREE051578.20161017.NDL","NEON.DOC.001710vE","Needles",1.07,"N","","P9hftDyV5NLbHB2gcoQF666NEvwuiXGq"
"16d9fc3b-1ef0-4ae6-b01d-b3b7d677061c","TREE_046.basePlot.ltr","D05","TREE","TREE_046","TREE_046_268","2016-11-04","2016-10-05","2016-10-17","2016-10-24T16:45Z","2016-11-04T21:00Z","NEON.LTR.TREE046268.20161017","NEON.LTR.TREE046268.20161017.NDL","NEON.DOC.001710vE","Needles",0.005,"N","","P9hftDyV5NLbHB2gcoQF666NEvwuiXGq"
"9a7fd4f8-9d4e-42a3-8b0a-b381501362a0","TREE_046.basePlot.ltr","D05","TREE","TREE_046","TREE_046_268","2016-11-04","2016-10-05","2016-10-17","2016-10-24T16:45Z","2016-11-04T21:00Z","NEON.LTR.TREE046268.20161017","NEON.LTR.TREE046268.20161017.LVS","NEON.DOC.001710vE","Leaves",74.32,"N","","P9hftDyV5NLbHB2gcoQF666NEvwuiXGq"
"96ab29ad-b9c3-4b45-8027-0e85c03358fd","TREE_046.basePlot.ltr","D05","TREE","TREE_046","TREE_046_268","2016-11-11","2016-10-17","2016-11-07","2016-11-08T22:00Z","2016-11-11T14:30Z","NEON.LTR.TREE046268.20161107","NEON.LTR.TREE046268.20161107.OTH","NEON.DOC.001710vE","Other",0.3,"N","","hE8YqXO7sNiNpTQ8TwLBTEwXi3KL/fpp"
"918e1507-f7e9-422d-8e66-73378be40c94","TREE_046.basePlot.ltr","D05","TREE","TREE_046","TREE_046_268","2016-11-11","2016-10-17","2016-11-07","2016-11-08T22:00Z","2016-11-11T14:30Z","NEON.LTR.TREE046268.20161107","NEON.LTR.TREE046268.20161107.LVS","NEON.DOC.001710vE","Leaves",0.58,"N","","hE8YqXO7sNiNpTQ8TwLBTEwXi3KL/fpp"
"9a12a4a6-6963-439f-a6a5-d3cc1a3c1685","TREE_046.basePlot.ltr","D05","TREE","TREE_046","TREE_046_268","2016-11-11","2016-10-17","2016-11-07","2016-11-08T22:00Z","2016-11-11T14:30Z","NEON.LTR.TREE046268.20161107","NEON.LTR.TREE046268.20161107.FLR","NEON.DOC.001710vE","Flowers",0.005,"N","","hE8YqXO7sNiNpTQ8TwLBTEwXi3KL/fpp"
"ee40ed62-142b-4436-99ee-5576836308e0","TREE_046.basePlot.ltr","D05","TREE","TREE_046","TREE_046_268","2016-11-11","2016-10-17","2016-11-07","2016-11-08T22:00Z","2016-11-11T14:30Z","NEON.LTR.TREE046268.20161107","NEON.LTR.TREE046268.20161107.SDS","NEON.DOC.001710vE","Seeds",0.28,"N","","hE8YqXO7sNiNpTQ8TwLBTEwXi3KL/fpp"
"d8f02c9b-a047-44b4-9594-49c241679a33","TREE_046.basePlot.ltr","D05","TREE","TREE_046","TREE_046_268","2016-11-11","2016-10-17","2016-11-07","2016-11-08T22:00Z","2016-11-11T14:30Z","NEON.LTR.TREE046268.20161107","NEON.LTR.TREE046268.20161107.WDY","NEON.DOC.001710vE","Woody material",0.04,"N","","hE8YqXO7sNiNpTQ8TwLBTEwXi3KL/fpp"
"398532d3-1ffd-4fee-8dff-7abb77b8ae4b","TREE_046.basePlot.ltr","D05","TREE","TREE_046","TREE_046_268","2016-11-11","2016-10-17","2016-11-07","2016-11-08T22:00Z","2016-11-11T14:30Z","NEON.LTR.TREE046268.20161107","NEON.LTR.TREE046268.20161107.NDL","NEON.DOC.001710vE","Needles",0.03,"N","","hE8YqXO7sNiNpTQ8TwLBTEwXi3KL/fpp"
"4e0d7097-0a78-4299-83cd-2abbef817d32","TREE_046.basePlot.ltr","D05","TREE","TREE_046","TREE_046_268","2016-11-11","2016-10-17","2016-11-07","2016-11-08T22:00Z","2016-11-11T14:30Z","NEON.LTR.TREE046268.20161107","NEON.LTR.TREE046268.20161107.TWI","NEON.DOC.001710vE","Twigs/branches",0,"N","","hE8YqXO7sNiNpTQ8TwLBTEwXi3KL/fpp"
"0fb7c861-827b-4976-b911-639744a81978","TREE_047.basePlot.ltr","D05","TREE","TREE_047","TREE_047_938","2016-11-13","2016-10-17","2016-11-07","2016-11-08T22:00Z","2016-11-11T14:30Z","NEON.LTR.TREE047938.20161107","NEON.LTR.TREE047938.20161107.SDS","NEON.DOC.001710vE","Seeds",0.29,"N","","hE8YqXO7sNiNpTQ8TwLBTEwXi3KL/fpp"
"38dfe365-f6a8-4d7b-8b26-a8bb7c209206","TREE_047.basePlot.ltr","D05","TREE","TREE_047","TREE_047_938","2016-11-13","2016-10-17","2016-11-07","2016-11-08T22:00Z","2016-11-11T14:30Z","NEON.LTR.TREE047938.20161107","NEON.LTR.TREE047938.20161107.TWI","NEON.DOC.001710vE","Twigs/branches",0.09,"N","","hE8YqXO7sNiNpTQ8TwLBTEwXi3KL/fpp"
"25c4f777-14a7-4893-9773-20d655ca9c7b","TREE_047.basePlot.ltr","D05","TREE","TREE_047","TREE_047_938","2016-11-13","2016-10-17","2016-11-07","2016-11-08T22:00Z","2016-11-11T14:30Z","NEON.LTR.TREE047938.20161107","NEON.LTR.TREE047938.20161107.FLR","NEON.DOC.001710vE","Flowers",0.04,"N","","hE8YqXO7sNiNpTQ8TwLBTEwXi3KL/fpp"
"86fa7e54-2657-4ec4-b94b-7feaacb1a65b","TREE_047.basePlot.ltr","D05","TREE","TREE_047","TREE_047_938","2016-11-13","2016-10-17","2016-11-07","2016-11-08T22:00Z","2016-11-11T14:30Z","NEON.LTR.TREE047938.20161107","NEON.LTR.TREE047938.20161107.WDY","NEON.DOC.001710vE","Woody material",0.36,"N","","hE8YqXO7sNiNpTQ8TwLBTEwXi3KL/fpp"
"faf26fb3-39fe-421b-9e52-1bf40bdb29bd","TREE_047.basePlot.ltr","D05","TREE","TREE_047","TREE_047_938","2016-11-13","2016-10-17","2016-11-07","2016-11-08T22:00Z","2016-11-11T14:30Z","NEON.LTR.TREE047938.20161107","NEON.LTR.TREE047938.20161107.NDL","NEON.DOC.001710vE","Needles",1.07,"N","","hE8YqXO7sNiNpTQ8TwLBTEwXi3KL/fpp"
"5010f4e1-64fd-455e-92a2-c87c22c448fe","TREE_025.basePlot.ltr","D05","TREE","TREE_025","TREE_025_043","2016-11-13","2016-10-17","2016-11-07","2016-11-08T22:00Z","2016-11-11T14:30Z","NEON.LTR.TREE025043.20161107","NEON.LTR.TREE025043.20161107.SDS","NEON.DOC.001710vE","Seeds",0.49,"N","","hE8YqXO7sNiNpTQ8TwLBTEwXi3KL/fpp"
"6b043fd2-df69-4b64-8b60-0138d494656e","TREE_025.basePlot.ltr","D05","TREE","TREE_025","TREE_025_043","2016-11-13","2016-10-17","2016-11-07","2016-11-08T22:00Z","2016-11-11T14:30Z","NEON.LTR.TREE025043.20161107","NEON.LTR.TREE025043.20161107.WDY","NEON.DOC.001710vE","Woody material",2.86,"N","","hE8YqXO7sNiNpTQ8TwLBTEwXi3KL/fpp"
"51c22572-9709-4efa-9ee9-2d4b58fca691","TREE_025.basePlot.ltr","D05","TREE","TREE_025","TREE_025_043","2016-11-13","2016-10-17","2016-11-07","2016-11-08T22:00Z","2016-11-11T14:30Z","NEON.LTR.TREE025043.20161107","NEON.LTR.TREE025043.20161107.OTH","NEON.DOC.001710vE","Other",0.67,"N","","hE8YqXO7sNiNpTQ8TwLBTEwXi3KL/fpp"
"374b48a8-e479-4666-a6ae-6c2a2bc98138","TREE_025.basePlot.ltr","D05","TREE","TREE_025","TREE_025_043","2016-11-13","2016-10-17","2016-11-07","2016-11-08T22:00Z","2016-11-11T14:30Z","NEON.LTR.TREE025043.20161107","NEON.LTR.TREE025043.20161107.NDL","NEON.DOC.001710vE","Needles",1,"N","","hE8YqXO7sNiNpTQ8TwLBTEwXi3KL/fpp"
"70699a44-4351-47d3-a63f-0f169cd04408","TREE_025.basePlot.ltr","D05","TREE","TREE_025","TREE_025_043","2016-11-13","2016-10-17","2016-11-07","2016-11-08T22:00Z","2016-11-11T14:30Z","NEON.LTR.TREE025043.20161107","NEON.LTR.TREE025043.20161107.FLR","NEON.DOC.001710vE","Flowers",0.06,"N","","hE8YqXO7sNiNpTQ8TwLBTEwXi3KL/fpp"
"1fb7ca80-f87e-4abf-97c0-e27d289e1ac0","TREE_025.basePlot.ltr","D05","TREE","TREE_025","TREE_025_043","2016-11-13","2016-10-17","2016-11-07","2016-11-08T22:00Z","2016-11-11T14:30Z","NEON.LTR.TREE025043.20161107","NEON.LTR.TREE025043.20161107.TWI","NEON.DOC.001710vE","Twigs/branches",0.14,"N","","hE8YqXO7sNiNpTQ8TwLBTEwXi3KL/fpp"
"6e2988e3-21c2-4454-8b1c-cc58eddf96cb","TREE_025.basePlot.ltr","D05","TREE","TREE_025","TREE_025_043","2016-11-13","2016-10-17","2016-11-07","2016-11-08T22:00Z","2016-11-11T14:30Z","NEON.LTR.TREE025043.20161107","NEON.LTR.TREE025043.20161107.LVS","NEON.DOC.001710vE","Leaves",0.86,"N","","hE8YqXO7sNiNpTQ8TwLBTEwXi3KL/fpp"
"9fa004a7-943c-4423-b1fd-0be580259984","TREE_025.basePlot.ltr","D05","TREE","TREE_025","TREE_025_043","2016-11-13","2016-10-17","2016-11-07","2016-11-08T22:00Z","2016-11-11T14:30Z","NEON.LTR.TREE025043.20161107","NEON.LTR.TREE025043.20161107.LVS","NEON.DOC.001710vE","Leaves",0.86,"N","","hE8YqXO7sNiNpTQ8TwLBTEwXi3KL/fpp"
"a880c5d0-523f-4544-8419-86683797c64c","TREE_045.basePlot.ltr","D05","TREE","TREE_045","TREE_045_693","2016-11-13","2016-10-17","2016-11-07","2016-11-08T22:00Z","2016-11-11T14:30Z","NEON.LTR.TREE045693.20161107","NEON.LTR.TREE045693.20161107.WDY","NEON.DOC.001710vE","Woody material",1.22,"N","","hE8YqXO7sNiNpTQ8TwLBTEwXi3KL/fpp"
"7d4f669d-1379-4cd4-8633-718342335d4d","TREE_045.basePlot.ltr","D05","TREE","TREE_045","TREE_045_693","2016-11-13","2016-10-17","2016-11-07","2016-11-08T22:00Z","2016-11-11T14:30Z","NEON.LTR.TREE045693.20161107","NEON.LTR.TREE045693.20161107.TWI","NEON.DOC.001710vE","Twigs/branches",1.82,"Y","","hE8YqXO7sNiNpTQ8TwLBTEwXi3KL/fpp"
"731d87b2-2640-482c-84e1-f14b4adcaebf","TREE_045.basePlot.ltr","D05","TREE","TREE_045","TREE_045_693","2016-11-13","2016-10-17","2016-11-07","2016-11-08T22:00Z","2016-11-11T14:30Z","NEON.LTR.TREE045693.20161107","NEON.LTR.TREE045693.20161107.FLR","NEON.DOC.001710vE","Flowers",0,"N","","hE8YqXO7sNiNpTQ8TwLBTEwXi3KL/fpp"
"530c8480-1e61-4b64-b570-710dc3f1d54a","TREE_045.basePlot.ltr","D05","TREE","TREE_045","TREE_045_693","2016-11-13","2016-10-17","2016-11-07","2016-11-08T22:00Z","2016-11-11T14:30Z","NEON.LTR.TREE045693.20161107","NEON.LTR.TREE045693.20161107.TWI","NEON.DOC.001710vE","Twigs/branches",1.79,"N","","hE8YqXO7sNiNpTQ8TwLBTEwXi3KL/fpp"
"8d660e89-2769-47e4-8579-6514c1ba84be","TREE_045.basePlot.ltr","D05","TREE","TREE_045","TREE_045_693","2016-11-13","2016-10-17","2016-11-07","2016-11-08T22:00Z","2016-11-11T14:30Z","NEON.LTR.TREE045693.20161107","NEON.LTR.TREE045693.20161107.OTH","NEON.DOC.001710vE","Other",1.27,"N","","hE8YqXO7sNiNpTQ8TwLBTEwXi3KL/fpp"
"56092e3a-10d0-483a-b8e8-3e0f4920910c","TREE_045.basePlot.ltr","D05","TREE","TREE_045","TREE_045_693","2016-11-13","2016-10-17","2016-11-07","2016-11-08T22:00Z","2016-11-11T14:30Z","NEON.LTR.TREE045693.20161107","NEON.LTR.TREE045693.20161107.LVS","NEON.DOC.001710vE","Leaves",0.62,"N","","hE8YqXO7sNiNpTQ8TwLBTEwXi3KL/fpp"
"3e3885bf-f68d-41ab-ae3d-73e906aab0c7","TREE_045.basePlot.ltr","D05","TREE","TREE_045","TREE_045_693","2016-11-13","2016-10-17","2016-11-07","2016-11-08T22:00Z","2016-11-11T14:30Z","NEON.LTR.TREE045693.20161107","NEON.LTR.TREE045693.20161107.NDL","NEON.DOC.001710vE","Needles",3.17,"N","","hE8YqXO7sNiNpTQ8TwLBTEwXi3KL/fpp"
"b0134084-cd9f-4374-8f05-e9549419e00b","TREE_045.basePlot.ltr","D05","TREE","TREE_045","TREE_045_693","2016-11-13","2016-10-17","2016-11-07","2016-11-08T22:00Z","2016-11-11T14:30Z","NEON.LTR.TREE045693.20161107","NEON.LTR.TREE045693.20161107.SDS","NEON.DOC.001710vE","Seeds",0,"N","","hE8YqXO7sNiNpTQ8TwLBTEwXi3KL/fpp"
"bc879a0b-5529-4df8-99c9-3072b555ffa8","TREE_047.basePlot.ltr","D05","TREE","TREE_047","TREE_047_938","2016-11-13","2016-10-17","2016-11-07","2016-11-08T22:00Z","2016-11-11T14:30Z","NEON.LTR.TREE047938.20161107","NEON.LTR.TREE047938.20161107.LVS","NEON.DOC.001710vE","Leaves",3.95,"N","","hE8YqXO7sNiNpTQ8TwLBTEwXi3KL/fpp"
"ea03652f-29b9-4e54-a200-69fe1d0851bc","TREE_045.basePlot.ltr","D05","TREE","TREE_045","TREE_045_693","2016-11-13","2016-10-17","2016-11-07","2016-11-08T22:00Z","2016-11-11T14:30Z","NEON.LTR.TREE045693.20161107","NEON.LTR.TREE045693.20161107.NDL","NEON.DOC.001710vE","Needles",3.16,"Y","","hE8YqXO7sNiNpTQ8TwLBTEwXi3KL/fpp"
"5825ebd8-6e51-4a61-8a56-e45b22310379","TREE_047.basePlot.ltr","D05","TREE","TREE_047","TREE_047_938","2016-11-13","2016-10-17","2016-11-07","2016-11-08T22:00Z","2016-11-11T14:30Z","NEON.LTR.TREE047938.20161107","NEON.LTR.TREE047938.20161107.LVS","NEON.DOC.001710vE","Leaves",3.95,"Y","","hE8YqXO7sNiNpTQ8TwLBTEwXi3KL/fpp"
"4692d08d-1778-4c6c-aa32-1d6f97645c08","TREE_047.basePlot.ltr","D05","TREE","TREE_047","TREE_047_523","2016-11-13","2016-10-17","2016-11-07","2016-11-08T22:00Z","2016-11-11T14:30Z","NEON.LTR.TREE047523.20161107","NEON.LTR.TREE047523.20161107.SDS","NEON.DOC.001710vE","Seeds",0.14,"Y","","hE8YqXO7sNiNpTQ8TwLBTEwXi3KL/fpp"
"4de974e4-33b3-46a7-b589-096244294146","TREE_047.basePlot.ltr","D05","TREE","TREE_047","TREE_047_523","2016-11-13","2016-10-17","2016-11-07","2016-11-08T22:00Z","2016-11-11T14:30Z","NEON.LTR.TREE047523.20161107","NEON.LTR.TREE047523.20161107.OTH","NEON.DOC.001710vE","Other",0.08,"N","","hE8YqXO7sNiNpTQ8TwLBTEwXi3KL/fpp"
"cd42f679-38d4-4e92-bee4-7cd8ac5744be","TREE_047.basePlot.ltr","D05","TREE","TREE_047","TREE_047_523","2016-11-13","2016-10-17","2016-11-07","2016-11-08T22:00Z","2016-11-11T14:30Z","NEON.LTR.TREE047523.20161107","NEON.LTR.TREE047523.20161107.NDL","NEON.DOC.001710vE","Needles",3.08,"N","","hE8YqXO7sNiNpTQ8TwLBTEwXi3KL/fpp"
"6ed786ad-e844-45fb-bc4a-7f185c251136","TREE_047.basePlot.ltr","D05","TREE","TREE_047","TREE_047_523","2016-11-13","2016-10-17","2016-11-07","2016-11-08T22:00Z","2016-11-11T14:30Z","NEON.LTR.TREE047523.20161107","NEON.LTR.TREE047523.20161107.LVS","NEON.DOC.001710vE","Leaves",1.11,"N","","hE8YqXO7sNiNpTQ8TwLBTEwXi3KL/fpp"
"e4349cf7-e302-4fd5-9d55-91d68f7bb1c6","TREE_047.basePlot.ltr","D05","TREE","TREE_047","TREE_047_523","2016-11-13","2016-10-17","2016-11-07","2016-11-08T22:00Z","2016-11-11T14:30Z","NEON.LTR.TREE047523.20161107","NEON.LTR.TREE047523.20161107.SDS","NEON.DOC.001710vE","Seeds",0.15,"N","","hE8YqXO7sNiNpTQ8TwLBTEwXi3KL/fpp"
"90911eb7-4acb-4489-b28a-2f2d4767d9e2","TREE_047.basePlot.ltr","D05","TREE","TREE_047","TREE_047_523","2016-11-13","2016-10-17","2016-11-07","2016-11-08T22:00Z","2016-11-11T14:30Z","NEON.LTR.TREE047523.20161107","NEON.LTR.TREE047523.20161107.WDY","NEON.DOC.001710vE","Woody material",0,"N","","hE8YqXO7sNiNpTQ8TwLBTEwXi3KL/fpp"
"6d1662f9-7388-4185-9765-2c8fae78740d","TREE_047.basePlot.ltr","D05","TREE","TREE_047","TREE_047_523","2016-11-13","2016-10-17","2016-11-07","2016-11-08T22:00Z","2016-11-11T14:30Z","NEON.LTR.TREE047523.20161107","NEON.LTR.TREE047523.20161107.FLR","NEON.DOC.001710vE","Flowers",0,"N","","hE8YqXO7sNiNpTQ8TwLBTEwXi3KL/fpp"
"c6cde460-0904-43c7-b374-e84a30b45049","TREE_047.basePlot.ltr","D05","TREE","TREE_047","TREE_047_938","2016-11-13","2016-10-17","2016-11-07","2016-11-08T22:00Z","2016-11-11T14:30Z","NEON.LTR.TREE047938.20161107","NEON.LTR.TREE047938.20161107.OTH","NEON.DOC.001710vE","Other",0.2,"N","","hE8YqXO7sNiNpTQ8TwLBTEwXi3KL/fpp"
"fa0e57a4-3030-46a3-a701-a612a59ed165","TREE_047.basePlot.ltr","D05","TREE","TREE_047","TREE_047_523","2016-11-13","2016-10-17","2016-11-07","2016-11-08T22:00Z","2016-11-11T14:30Z","NEON.LTR.TREE047523.20161107","NEON.LTR.TREE047523.20161107.LVS","NEON.DOC.001710vE","Leaves",1.1,"Y","","hE8YqXO7sNiNpTQ8TwLBTEwXi3KL/fpp"
"93b1c611-5fac-4e71-bb97-d3270cc277f5","TREE_047.basePlot.ltr","D05","TREE","TREE_047","TREE_047_523","2016-11-13","2016-10-17","2016-11-07","2016-11-08T22:00Z","2016-11-11T14:30Z","NEON.LTR.TREE047523.20161107","NEON.LTR.TREE047523.20161107.TWI","NEON.DOC.001710vE","Twigs/branches",0.005,"N","","hE8YqXO7sNiNpTQ8TwLBTEwXi3KL/fpp"
"4c560154-7978-4c4b-9198-3f87def583aa","TREE_056.basePlot.ltr","D05","TREE","TREE_056","TREE_056_792","2016-11-13","2016-10-17","2016-11-07","2016-11-08T22:00Z","2016-11-11T14:30Z","NEON.LTR.TREE056792.20161107","NEON.LTR.TREE056792.20161107.NDL","NEON.DOC.001710vE","Needles",0.26,"Y","","hE8YqXO7sNiNpTQ8TwLBTEwXi3KL/fpp"
"5b88c3af-bd58-4c72-83ed-a81f3d293776","TREE_056.basePlot.ltr","D05","TREE","TREE_056","TREE_056_792","2016-11-13","2016-10-17","2016-11-07","2016-11-08T22:00Z","2016-11-11T14:30Z","NEON.LTR.TREE056792.20161107","NEON.LTR.TREE056792.20161107.FLR","NEON.DOC.001710vE","Flowers",0,"N","","hE8YqXO7sNiNpTQ8TwLBTEwXi3KL/fpp"
"1ae9298d-77d2-4f53-871e-fefcc109bd40","TREE_056.basePlot.ltr","D05","TREE","TREE_056","TREE_056_792","2016-11-13","2016-10-17","2016-11-07","2016-11-08T22:00Z","2016-11-11T14:30Z","NEON.LTR.TREE056792.20161107","NEON.LTR.TREE056792.20161107.TWI","NEON.DOC.001710vE","Twigs/branches",0.18,"N","","hE8YqXO7sNiNpTQ8TwLBTEwXi3KL/fpp"
"6aac4bcc-0d8c-4342-97e8-4b2ec31f9651","TREE_056.basePlot.ltr","D05","TREE","TREE_056","TREE_056_792","2016-11-13","2016-10-17","2016-11-07","2016-11-08T22:00Z","2016-11-11T14:30Z","NEON.LTR.TREE056792.20161107","NEON.LTR.TREE056792.20161107.NDL","NEON.DOC.001710vE","Needles",0.26,"N","","hE8YqXO7sNiNpTQ8TwLBTEwXi3KL/fpp"
"12b138ff-2948-4942-83ed-eb556ca7067a","TREE_056.basePlot.ltr","D05","TREE","TREE_056","TREE_056_792","2016-11-13","2016-10-17","2016-11-07","2016-11-08T22:00Z","2016-11-11T14:30Z","NEON.LTR.TREE056792.20161107","NEON.LTR.TREE056792.20161107.OTH","NEON.DOC.001710vE","Other",0.1,"N","","hE8YqXO7sNiNpTQ8TwLBTEwXi3KL/fpp"
"3b084cf0-8ab4-4219-8cb8-83ce40d76ddc","TREE_056.basePlot.ltr","D05","TREE","TREE_056","TREE_056_792","2016-11-13","2016-10-17","2016-11-07","2016-11-08T22:00Z","2016-11-11T14:30Z","NEON.LTR.TREE056792.20161107","NEON.LTR.TREE056792.20161107.LVS","NEON.DOC.001710vE","Leaves",0.4,"N","","hE8YqXO7sNiNpTQ8TwLBTEwXi3KL/fpp"
"5208970c-c39e-4c93-93d1-5e43f841a58d","TREE_043.basePlot.ltr","D05","TREE","TREE_043","TREE_043_804","2016-11-13","2016-10-17","2016-11-07","2016-11-08T22:00Z","2016-11-11T14:30Z","NEON.LTR.TREE043804.20161107","NEON.LTR.TREE043804.20161107.OTH","NEON.DOC.001710vE","Other",0.02,"N","","hE8YqXO7sNiNpTQ8TwLBTEwXi3KL/fpp"
"611c56fa-fd49-44cf-86f6-27316951b178","TREE_056.basePlot.ltr","D05","TREE","TREE_056","TREE_056_792","2016-11-13","2016-10-17","2016-11-07","2016-11-08T22:00Z","2016-11-11T14:30Z","NEON.LTR.TREE056792.20161107","NEON.LTR.TREE056792.20161107.WDY","NEON.DOC.001710vE","Woody material",0,"N","","hE8YqXO7sNiNpTQ8TwLBTEwXi3KL/fpp"
"357d9f15-c6d0-4d06-ae44-d8559ab7f6e4","TREE_043.basePlot.ltr","D05","TREE","TREE_043","TREE_043_804","2016-11-13","2016-10-17","2016-11-07","2016-11-08T22:00Z","2016-11-11T14:30Z","NEON.LTR.TREE043804.20161107","NEON.LTR.TREE043804.20161107.TWI","NEON.DOC.001710vE","Twigs/branches",0.16,"N","","hE8YqXO7sNiNpTQ8TwLBTEwXi3KL/fpp"
"bf46f1c5-1f68-4959-bbaa-9ee0723a7521","TREE_043.basePlot.ltr","D05","TREE","TREE_043","TREE_043_804","2016-11-13","2016-10-17","2016-11-07","2016-11-08T22:00Z","2016-11-11T14:30Z","NEON.LTR.TREE043804.20161107","NEON.LTR.TREE043804.20161107.FLR","NEON.DOC.001710vE","Flowers",0,"N","","hE8YqXO7sNiNpTQ8TwLBTEwXi3KL/fpp"
"f0dcbf1a-e275-4bf1-8683-43ea674f96dd","TREE_056.basePlot.ltr","D05","TREE","TREE_056","TREE_056_792","2016-11-13","2016-10-17","2016-11-07","2016-11-08T22:00Z","2016-11-11T14:30Z","NEON.LTR.TREE056792.20161107","NEON.LTR.TREE056792.20161107.SDS","NEON.DOC.001710vE","Seeds",0.1,"N","","hE8YqXO7sNiNpTQ8TwLBTEwXi3KL/fpp"
"b36c761b-89e1-4645-8792-0b1259356939","TREE_043.basePlot.ltr","D05","TREE","TREE_043","TREE_043_804","2016-11-13","2016-10-17","2016-11-07","2016-11-08T22:00Z","2016-11-11T14:30Z","NEON.LTR.TREE043804.20161107","NEON.LTR.TREE043804.20161107.SDS","NEON.DOC.001710vE","Seeds",0.005,"N","","hE8YqXO7sNiNpTQ8TwLBTEwXi3KL/fpp"
"0de4628c-0dda-42eb-add7-17f2017bdcab","TREE_043.basePlot.ltr","D05","TREE","TREE_043","TREE_043_804","2016-11-13","2016-10-17","2016-11-07","2016-11-08T22:00Z","2016-11-11T14:30Z","NEON.LTR.TREE043804.20161107","NEON.LTR.TREE043804.20161107.WDY","NEON.DOC.001710vE","Woody material",0.05,"N","","hE8YqXO7sNiNpTQ8TwLBTEwXi3KL/fpp"
"e97ce61f-87fd-4ade-b698-9c8a4bb300f3","TREE_043.basePlot.ltr","D05","TREE","TREE_043","TREE_043_804","2016-11-13","2016-10-17","2016-11-07","2016-11-08T22:00Z","2016-11-11T14:30Z","NEON.LTR.TREE043804.20161107","NEON.LTR.TREE043804.20161107.LVS","NEON.DOC.001710vE","Leaves",0,"N","","hE8YqXO7sNiNpTQ8TwLBTEwXi3KL/fpp"
"44b1b8e4-9dcd-4dfc-a866-4625de5e666e","TREE_057.basePlot.ltr","D05","TREE","TREE_057","TREE_057_577","2016-11-13","2016-10-17","2016-11-07","2016-11-08T22:00Z","2016-11-11T14:30Z","NEON.LTR.TREE057577.20161107","NEON.LTR.TREE057577.20161107.FLR","NEON.DOC.001710vE","Flowers",0.03,"N","","hE8YqXO7sNiNpTQ8TwLBTEwXi3KL/fpp"
"a38398f3-45db-4ffb-8890-66481374bf2a","TREE_057.basePlot.ltr","D05","TREE","TREE_057","TREE_057_577","2016-11-13","2016-10-17","2016-11-07","2016-11-08T22:00Z","2016-11-11T14:30Z","NEON.LTR.TREE057577.20161107","NEON.LTR.TREE057577.20161107.NDL","NEON.DOC.001710vE","Needles",2.43,"N","","hE8YqXO7sNiNpTQ8TwLBTEwXi3KL/fpp"
"e5c5cbf6-b744-49a1-9f91-4592162a0a49","TREE_057.basePlot.ltr","D05","TREE","TREE_057","TREE_057_577","2016-11-13","2016-10-17","2016-11-07","2016-11-08T22:00Z","2016-11-11T14:30Z","NEON.LTR.TREE057577.20161107","NEON.LTR.TREE057577.20161107.LVS","NEON.DOC.001710vE","Leaves",0.93,"N","","hE8YqXO7sNiNpTQ8TwLBTEwXi3KL/fpp"
"26f97ddb-a149-4fe1-a44c-f15a3259e59f","TREE_057.basePlot.ltr","D05","TREE","TREE_057","TREE_057_577","2016-11-13","2016-10-17","2016-11-07","2016-11-08T22:00Z","2016-11-11T14:30Z","NEON.LTR.TREE057577.20161107","NEON.LTR.TREE057577.20161107.OTH","NEON.DOC.001710vE","Other",0.12,"N","","hE8YqXO7sNiNpTQ8TwLBTEwXi3KL/fpp"
"641e40a9-2404-457e-8d86-94117bbcc79f","TREE_057.basePlot.ltr","D05","TREE","TREE_057","TREE_057_577","2016-11-13","2016-10-17","2016-11-07","2016-11-08T22:00Z","2016-11-11T14:30Z","NEON.LTR.TREE057577.20161107","NEON.LTR.TREE057577.20161107.SDS","NEON.DOC.001710vE","Seeds",0.005,"N","","hE8YqXO7sNiNpTQ8TwLBTEwXi3KL/fpp"
"2480d86a-1e2f-4b18-9a0d-91829a122290","TREE_057.basePlot.ltr","D05","TREE","TREE_057","TREE_057_577","2016-11-13","2016-10-17","2016-11-07","2016-11-08T22:00Z","2016-11-11T14:30Z","NEON.LTR.TREE057577.20161107","NEON.LTR.TREE057577.20161107.TWI","NEON.DOC.001710vE","Twigs/branches",0,"N","","hE8YqXO7sNiNpTQ8TwLBTEwXi3KL/fpp"
"21460cb9-e7b2-445f-b4a2-98240235b7db","TREE_057.basePlot.ltr","D05","TREE","TREE_057","TREE_057_577","2016-11-13","2016-10-17","2016-11-07","2016-11-08T22:00Z","2016-11-11T14:30Z","NEON.LTR.TREE057577.20161107","NEON.LTR.TREE057577.20161107.WDY","NEON.DOC.001710vE","Woody material",0.005,"N","","hE8YqXO7sNiNpTQ8TwLBTEwXi3KL/fpp"
"1e438e19-4f77-42a5-98a2-9bca03c18dfe","TREE_053.basePlot.ltr","D05","TREE","TREE_053","TREE_053_419","2016-11-13","2016-10-17","2016-11-07","2016-11-08T22:00Z","2016-11-11T14:30Z","NEON.LTR.TREE053419.20161107","NEON.LTR.TREE053419.20161107.LVS","NEON.DOC.001710vE","Leaves",1.76,"N","","hE8YqXO7sNiNpTQ8TwLBTEwXi3KL/fpp"
"f58d5c28-b495-4e05-bc1c-e4d3074eff98","TREE_053.basePlot.ltr","D05","TREE","TREE_053","TREE_053_419","2016-11-13","2016-10-17","2016-11-07","2016-11-08T22:00Z","2016-11-11T14:30Z","NEON.LTR.TREE053419.20161107","NEON.LTR.TREE053419.20161107.TWI","NEON.DOC.001710vE","Twigs/branches",3,"N","","hE8YqXO7sNiNpTQ8TwLBTEwXi3KL/fpp"
"695f2124-5ab6-4843-bfb4-7e1f32717441","TREE_053.basePlot.ltr","D05","TREE","TREE_053","TREE_053_419","2016-11-13","2016-10-17","2016-11-07","2016-11-08T22:00Z","2016-11-11T14:30Z","NEON.LTR.TREE053419.20161107","NEON.LTR.TREE053419.20161107.SDS","NEON.DOC.001710vE","Seeds",0.15,"N","","hE8YqXO7sNiNpTQ8TwLBTEwXi3KL/fpp"
"503189e6-0ff3-4d23-beb3-6f10e1d2dd5e","TREE_053.basePlot.ltr","D05","TREE","TREE_053","TREE_053_419","2016-11-13","2016-10-17","2016-11-07","2016-11-08T22:00Z","2016-11-11T14:30Z","NEON.LTR.TREE053419.20161107","NEON.LTR.TREE053419.20161107.SDS","NEON.DOC.001710vE","Seeds",0.14,"Y","","hE8YqXO7sNiNpTQ8TwLBTEwXi3KL/fpp"
"d170ff44-54dc-4c20-bc95-a7f413db9235","TREE_053.basePlot.ltr","D05","TREE","TREE_053","TREE_053_419","2016-11-13","2016-10-17","2016-11-07","2016-11-08T22:00Z","2016-11-11T14:30Z","NEON.LTR.TREE053419.20161107","NEON.LTR.TREE053419.20161107.NDL","NEON.DOC.001710vE","Needles",0,"N","","hE8YqXO7sNiNpTQ8TwLBTEwXi3KL/fpp"
"5981a267-70c5-43a8-bf24-7bfe6adc9c1c","TREE_053.basePlot.ltr","D05","TREE","TREE_053","TREE_053_419","2016-11-13","2016-10-17","2016-11-07","2016-11-08T22:00Z","2016-11-11T14:30Z","NEON.LTR.TREE053419.20161107","NEON.LTR.TREE053419.20161107.FLR","NEON.DOC.001710vE","Flowers",0,"N","","hE8YqXO7sNiNpTQ8TwLBTEwXi3KL/fpp"
"4d7234a8-74e4-448f-bbab-75d40f145b68","TREE_053.basePlot.ltr","D05","TREE","TREE_053","TREE_053_419","2016-11-13","2016-10-17","2016-11-07","2016-11-08T22:00Z","2016-11-11T14:30Z","NEON.LTR.TREE053419.20161107","NEON.LTR.TREE053419.20161107.OTH","NEON.DOC.001710vE","Other",0.11,"N","","hE8YqXO7sNiNpTQ8TwLBTEwXi3KL/fpp"
"6eafad50-0cbd-44a6-940e-a38c17f8e0e0","TREE_053.basePlot.ltr","D05","TREE","TREE_053","TREE_053_419","2016-11-13","2016-10-17","2016-11-07","2016-11-08T22:00Z","2016-11-11T14:30Z","NEON.LTR.TREE053419.20161107","NEON.LTR.TREE053419.20161107.WDY","NEON.DOC.001710vE","Woody material",0.08,"N","","hE8YqXO7sNiNpTQ8TwLBTEwXi3KL/fpp"
"be3ca7ce-b7d4-4bda-9dcf-8a0968bbbc3b","TREE_043.basePlot.ltr","D05","TREE","TREE_043","TREE_043_804","2016-11-13","2016-10-17","2016-11-07","2016-11-08T22:00Z","2016-11-11T14:30Z","NEON.LTR.TREE043804.20161107","NEON.LTR.TREE043804.20161107.NDL","NEON.DOC.001710vE","Needles",14.24,"N","","hE8YqXO7sNiNpTQ8TwLBTEwXi3KL/fpp"
"f81b199d-9f85-44c1-a8d3-327464488651","TREE_052.basePlot.ltr","D05","TREE","TREE_052","TREE_052_313","2016-11-13","2016-10-17","2016-11-07","2016-11-08T22:00Z","2016-11-11T14:30Z","NEON.LTR.TREE052313.20161107","NEON.LTR.TREE052313.20161107.LVS","NEON.DOC.001710vE","Leaves",1.71,"N","","hE8YqXO7sNiNpTQ8TwLBTEwXi3KL/fpp"
"958cfc1e-88d9-4009-b915-abeb468c40f3","TREE_052.basePlot.ltr","D05","TREE","TREE_052","TREE_052_313","2016-11-13","2016-10-17","2016-11-07","2016-11-08T22:00Z","2016-11-11T14:30Z","NEON.LTR.TREE052313.20161107","NEON.LTR.TREE052313.20161107.WDY","NEON.DOC.001710vE","Woody material",0.08,"N","","hE8YqXO7sNiNpTQ8TwLBTEwXi3KL/fpp"
"d751e22c-ec4a-41af-ba9b-be4b56cd3171","TREE_052.basePlot.ltr","D05","TREE","TREE_052","TREE_052_313","2016-11-13","2016-10-17","2016-11-07","2016-11-08T22:00Z","2016-11-11T14:30Z","NEON.LTR.TREE052313.20161107","NEON.LTR.TREE052313.20161107.TWI","NEON.DOC.001710vE","Twigs/branches",0.25,"N","","hE8YqXO7sNiNpTQ8TwLBTEwXi3KL/fpp"
"1d6b52d5-705f-4aa4-b29f-a8aeb3f7376b","TREE_052.basePlot.ltr","D05","TREE","TREE_052","TREE_052_313","2016-11-13","2016-10-17","2016-11-07","2016-11-08T22:00Z","2016-11-11T14:30Z","NEON.LTR.TREE052313.20161107","NEON.LTR.TREE052313.20161107.SDS","NEON.DOC.001710vE","Seeds",0.36,"N","","hE8YqXO7sNiNpTQ8TwLBTEwXi3KL/fpp"
"e417c8a7-c460-4660-b29e-2f68b151fcab","TREE_052.basePlot.ltr","D05","TREE","TREE_052","TREE_052_313","2016-11-13","2016-10-17","2016-11-07","2016-11-08T22:00Z","2016-11-11T14:30Z","NEON.LTR.TREE052313.20161107","NEON.LTR.TREE052313.20161107.FLR","NEON.DOC.001710vE","Flowers",0,"N","","hE8YqXO7sNiNpTQ8TwLBTEwXi3KL/fpp"
"f28b746a-583b-4afb-ae07-f11f6a305970","TREE_040.basePlot.ltr","D05","TREE","TREE_040","TREE_040_914","2016-11-13","2016-10-17","2016-11-07","2016-11-08T22:00Z","2016-11-11T14:30Z","NEON.LTR.TREE040914.20161107","NEON.LTR.TREE040914.20161107.TWI","NEON.DOC.001710vE","Twigs/branches",0,"N","","hE8YqXO7sNiNpTQ8TwLBTEwXi3KL/fpp"
"a66ed527-60d5-416b-ab93-b4cf1cf7b089","TREE_040.basePlot.ltr","D05","TREE","TREE_040","TREE_040_914","2016-11-13","2016-10-17","2016-11-07","2016-11-08T22:00Z","2016-11-11T14:30Z","NEON.LTR.TREE040914.20161107","NEON.LTR.TREE040914.20161107.WDY","NEON.DOC.001710vE","Woody material",0.8,"N","","hE8YqXO7sNiNpTQ8TwLBTEwXi3KL/fpp"
"82848ae1-e54e-4834-8a0e-7c58976b11d5","TREE_052.basePlot.ltr","D05","TREE","TREE_052","TREE_052_313","2016-11-13","2016-10-17","2016-11-07","2016-11-08T22:00Z","2016-11-11T14:30Z","NEON.LTR.TREE052313.20161107","NEON.LTR.TREE052313.20161107.NDL","NEON.DOC.001710vE","Needles",14.18,"N","","hE8YqXO7sNiNpTQ8TwLBTEwXi3KL/fpp"
"80aaf658-99c4-487c-a176-f17ec834c41e","TREE_052.basePlot.ltr","D05","TREE","TREE_052","TREE_052_313","2016-11-13","2016-10-17","2016-11-07","2016-11-08T22:00Z","2016-11-11T14:30Z","NEON.LTR.TREE052313.20161107","NEON.LTR.TREE052313.20161107.OTH","NEON.DOC.001710vE","Other",0,"N","","hE8YqXO7sNiNpTQ8TwLBTEwXi3KL/fpp"
"27f2ff02-3ec5-4092-b16e-d535cdeb88e9","TREE_040.basePlot.ltr","D05","TREE","TREE_040","TREE_040_914","2016-11-13","2016-10-17","2016-11-07","2016-11-08T22:00Z","2016-11-11T14:30Z","NEON.LTR.TREE040914.20161107","NEON.LTR.TREE040914.20161107.LVS","NEON.DOC.001710vE","Leaves",1.97,"N","","hE8YqXO7sNiNpTQ8TwLBTEwXi3KL/fpp"
"88173b33-152c-4397-8396-90a8858a7df9","TREE_040.basePlot.ltr","D05","TREE","TREE_040","TREE_040_914","2016-11-13","2016-10-17","2016-11-07","2016-11-08T22:00Z","2016-11-11T14:30Z","NEON.LTR.TREE040914.20161107","NEON.LTR.TREE040914.20161107.SDS","NEON.DOC.001710vE","Seeds",0,"N","","hE8YqXO7sNiNpTQ8TwLBTEwXi3KL/fpp"
"a1aa1a49-bcf5-498d-b52e-bec345d3d611","TREE_040.basePlot.ltr","D05","TREE","TREE_040","TREE_040_914","2016-11-13","2016-10-17","2016-11-07","2016-11-08T22:00Z","2016-11-11T14:30Z","NEON.LTR.TREE040914.20161107","NEON.LTR.TREE040914.20161107.NDL","NEON.DOC.001710vE","Needles",6.72,"N","","hE8YqXO7sNiNpTQ8TwLBTEwXi3KL/fpp"
"6c428b8d-b3f4-40f6-a5cd-e2833decd41c","TREE_040.basePlot.ltr","D05","TREE","TREE_040","TREE_040_914","2016-11-13","2016-10-17","2016-11-07","2016-11-08T22:00Z","2016-11-11T14:30Z","NEON.LTR.TREE040914.20161107","NEON.LTR.TREE040914.20161107.WDY","NEON.DOC.001710vE","Woody material",0.83,"Y","","hE8YqXO7sNiNpTQ8TwLBTEwXi3KL/fpp"
"cfb327f3-e97e-4490-b1ff-180e407f543c","TREE_040.basePlot.ltr","D05","TREE","TREE_040","TREE_040_914","2016-11-13","2016-10-17","2016-11-07","2016-11-08T22:00Z","2016-11-11T14:30Z","NEON.LTR.TREE040914.20161107","NEON.LTR.TREE040914.20161107.OTH","NEON.DOC.001710vE","Other",0,"N","","hE8YqXO7sNiNpTQ8TwLBTEwXi3KL/fpp"
"35cba8c5-c7ec-4e4d-87cc-5daaa07d520f","TREE_049.basePlot.ltr","D05","TREE","TREE_049","TREE_049_066","2016-11-13","2016-10-17","2016-11-07","2016-11-08T22:00Z","2016-11-11T14:30Z","NEON.LTR.TREE049066.20161107","NEON.LTR.TREE049066.20161107.NDL","NEON.DOC.001710vE","Needles",0,"N","","hE8YqXO7sNiNpTQ8TwLBTEwXi3KL/fpp"
"ba420f44-958c-4cc6-9af2-f2191c4d84f4","TREE_040.basePlot.ltr","D05","TREE","TREE_040","TREE_040_914","2016-11-13","2016-10-17","2016-11-07","2016-11-08T22:00Z","2016-11-11T14:30Z","NEON.LTR.TREE040914.20161107","NEON.LTR.TREE040914.20161107.FLR","NEON.DOC.001710vE","Flowers",0,"N","","hE8YqXO7sNiNpTQ8TwLBTEwXi3KL/fpp"
"0896f181-e129-456f-9783-99955c232cc8","TREE_049.basePlot.ltr","D05","TREE","TREE_049","TREE_049_066","2016-11-13","2016-10-17","2016-11-07","2016-11-08T22:00Z","2016-11-11T14:30Z","NEON.LTR.TREE049066.20161107","NEON.LTR.TREE049066.20161107.SDS","NEON.DOC.001710vE","Seeds",0.2,"N","","hE8YqXO7sNiNpTQ8TwLBTEwXi3KL/fpp"
"e9bce9f5-a10a-4604-9610-ade96f7de856","TREE_049.basePlot.ltr","D05","TREE","TREE_049","TREE_049_066","2016-11-13","2016-10-17","2016-11-07","2016-11-08T22:00Z","2016-11-11T14:30Z","NEON.LTR.TREE049066.20161107","NEON.LTR.TREE049066.20161107.WDY","NEON.DOC.001710vE","Woody material",0.005,"N","","hE8YqXO7sNiNpTQ8TwLBTEwXi3KL/fpp"
"4413f9c3-8ddd-49ab-88fe-8c322b777c12","TREE_049.basePlot.ltr","D05","TREE","TREE_049","TREE_049_066","2016-11-13","2016-10-17","2016-11-07","2016-11-08T22:00Z","2016-11-11T14:30Z","NEON.LTR.TREE049066.20161107","NEON.LTR.TREE049066.20161107.TWI","NEON.DOC.001710vE","Twigs/branches",0.71,"N","","hE8YqXO7sNiNpTQ8TwLBTEwXi3KL/fpp"
"cfeddf56-3545-4f02-a925-9ad6cc21df87","TREE_049.basePlot.ltr","D05","TREE","TREE_049","TREE_049_066","2016-11-13","2016-10-17","2016-11-07","2016-11-08T22:00Z","2016-11-11T14:30Z","NEON.LTR.TREE049066.20161107","NEON.LTR.TREE049066.20161107.FLR","NEON.DOC.001710vE","Flowers",0,"N","","hE8YqXO7sNiNpTQ8TwLBTEwXi3KL/fpp"
"7ab704e2-0f03-4aa4-997b-6d477069ca32","TREE_049.basePlot.ltr","D05","TREE","TREE_049","TREE_049_066","2016-11-13","2016-10-17","2016-11-07","2016-11-08T22:00Z","2016-11-11T14:30Z","NEON.LTR.TREE049066.20161107","NEON.LTR.TREE049066.20161107.OTH","NEON.DOC.001710vE","Other",0.08,"N","","hE8YqXO7sNiNpTQ8TwLBTEwXi3KL/fpp"
"007add74-09c6-464a-be18-57a03a2ce0e1","TREE_049.basePlot.ltr","D05","TREE","TREE_049","TREE_049_066","2016-11-13","2016-10-17","2016-11-07","2016-11-08T22:00Z","2016-11-11T14:30Z","NEON.LTR.TREE049066.20161107","NEON.LTR.TREE049066.20161107.TWI","NEON.DOC.001710vE","Twigs/branches",0.7,"Y","","hE8YqXO7sNiNpTQ8TwLBTEwXi3KL/fpp"
"ad0b56ac-624f-4e19-8701-4d882a2d96a6","TREE_039.basePlot.ltr","D05","TREE","TREE_039","TREE_039_379","2016-11-13","2016-10-17","2016-11-07","2016-11-08T22:00Z","2016-11-11T14:30Z","NEON.LTR.TREE039379.20161107","NEON.LTR.TREE039379.20161107.WDY","NEON.DOC.001710vE","Woody material",0.04,"N","","hE8YqXO7sNiNpTQ8TwLBTEwXi3KL/fpp"
"eb517f18-9e72-4d40-b158-41e1ba598a1a","TREE_039.basePlot.ltr","D05","TREE","TREE_039","TREE_039_379","2016-11-13","2016-10-17","2016-11-07","2016-11-08T22:00Z","2016-11-11T14:30Z","NEON.LTR.TREE039379.20161107","NEON.LTR.TREE039379.20161107.OTH","NEON.DOC.001710vE","Other",0.1,"N","","hE8YqXO7sNiNpTQ8TwLBTEwXi3KL/fpp"
"68bc91e0-2c59-4421-93df-e5a006ae0f6b","TREE_049.basePlot.ltr","D05","TREE","TREE_049","TREE_049_066","2016-11-13","2016-10-17","2016-11-07","2016-11-08T22:00Z","2016-11-11T14:30Z","NEON.LTR.TREE049066.20161107","NEON.LTR.TREE049066.20161107.LVS","NEON.DOC.001710vE","Leaves",6.3,"N","","hE8YqXO7sNiNpTQ8TwLBTEwXi3KL/fpp"
"e4f2d89b-a285-4a5d-8fc0-62fb4974456c","TREE_039.basePlot.ltr","D05","TREE","TREE_039","TREE_039_379","2016-11-13","2016-10-17","2016-11-07","2016-11-08T22:00Z","2016-11-11T14:30Z","NEON.LTR.TREE039379.20161107","NEON.LTR.TREE039379.20161107.FLR","NEON.DOC.001710vE","Flowers",0.005,"N","","hE8YqXO7sNiNpTQ8TwLBTEwXi3KL/fpp"
"34c96232-f3d0-472d-af2b-9418e9b5191f","TREE_039.basePlot.ltr","D05","TREE","TREE_039","TREE_039_379","2016-11-13","2016-10-17","2016-11-07","2016-11-08T22:00Z","2016-11-11T14:30Z","NEON.LTR.TREE039379.20161107","NEON.LTR.TREE039379.20161107.TWI","NEON.DOC.001710vE","Twigs/branches",0.03,"N","","hE8YqXO7sNiNpTQ8TwLBTEwXi3KL/fpp"
"83fecde3-6c7f-47c3-afc0-be2479ef7dc3","TREE_039.basePlot.ltr","D05","TREE","TREE_039","TREE_039_379","2016-11-13","2016-10-17","2016-11-07","2016-11-08T22:00Z","2016-11-11T14:30Z","NEON.LTR.TREE039379.20161107","NEON.LTR.TREE039379.20161107.SDS","NEON.DOC.001710vE","Seeds",0.01,"N","","hE8YqXO7sNiNpTQ8TwLBTEwXi3KL/fpp"
"e4543c38-054d-42d2-8ea3-ad91d125ed39","TREE_039.basePlot.ltr","D05","TREE","TREE_039","TREE_039_379","2016-11-13","2016-10-17","2016-11-07","2016-11-08T22:00Z","2016-11-11T14:30Z","NEON.LTR.TREE039379.20161107","NEON.LTR.TREE039379.20161107.NDL","NEON.DOC.001710vE","Needles",0.31,"N","","hE8YqXO7sNiNpTQ8TwLBTEwXi3KL/fpp"
"84f096f5-ba4c-4fc4-a60e-220e997e7b05","TREE_041.basePlot.ltr","D05","TREE","TREE_041","TREE_041_106","2016-11-13","2016-10-17","2016-11-07","2016-11-08T22:00Z","2016-11-11T14:30Z","NEON.LTR.TREE041106.20161107","NEON.LTR.TREE041106.20161107.LVS","NEON.DOC.001710vE","Leaves",1.66,"N","","hE8YqXO7sNiNpTQ8TwLBTEwXi3KL/fpp"
"6b6a0c55-f23f-4dc4-aa04-11201000c431","TREE_041.basePlot.ltr","D05","TREE","TREE_041","TREE_041_106","2016-11-13","2016-10-17","2016-11-07","2016-11-08T22:00Z","2016-11-11T14:30Z","NEON.LTR.TREE041106.20161107","NEON.LTR.TREE041106.20161107.FLR","NEON.DOC.001710vE","Flowers",0.02,"N","","hE8YqXO7sNiNpTQ8TwLBTEwXi3KL/fpp"
"0b62218b-5f0d-4748-91be-5074eec4d57d","TREE_039.basePlot.ltr","D05","TREE","TREE_039","TREE_039_379","2016-11-13","2016-10-17","2016-11-07","2016-11-08T22:00Z","2016-11-11T14:30Z","NEON.LTR.TREE039379.20161107","NEON.LTR.TREE039379.20161107.LVS","NEON.DOC.001710vE","Leaves",0.94,"N","","hE8YqXO7sNiNpTQ8TwLBTEwXi3KL/fpp"
"8dc06231-c1ed-400c-8e29-4cb90ef2202a","TREE_041.basePlot.ltr","D05","TREE","TREE_041","TREE_041_106","2016-11-13","2016-10-17","2016-11-07","2016-11-08T22:00Z","2016-11-11T14:30Z","NEON.LTR.TREE041106.20161107","NEON.LTR.TREE041106.20161107.NDL","NEON.DOC.001710vE","Needles",0,"N","","hE8YqXO7sNiNpTQ8TwLBTEwXi3KL/fpp"
"c18e9ce0-278d-4027-82c2-acc70ef391d9","TREE_041.basePlot.ltr","D05","TREE","TREE_041","TREE_041_106","2016-11-13","2016-10-17","2016-11-07","2016-11-08T22:00Z","2016-11-11T14:30Z","NEON.LTR.TREE041106.20161107","NEON.LTR.TREE041106.20161107.TWI","NEON.DOC.001710vE","Twigs/branches",0,"N","","hE8YqXO7sNiNpTQ8TwLBTEwXi3KL/fpp"
"73a74ac9-dfb1-46ea-ba1e-72354cdc6860","TREE_041.basePlot.ltr","D05","TREE","TREE_041","TREE_041_106","2016-11-13","2016-10-17","2016-11-07","2016-11-08T22:00Z","2016-11-11T14:30Z","NEON.LTR.TREE041106.20161107","NEON.LTR.TREE041106.20161107.SDS","NEON.DOC.001710vE","Seeds",0.07,"N","","hE8YqXO7sNiNpTQ8TwLBTEwXi3KL/fpp"
"e020906b-25d8-49a1-9363-c788104a7de3","TREE_041.basePlot.ltr","D05","TREE","TREE_041","TREE_041_106","2016-11-13","2016-10-17","2016-11-07","2016-11-08T22:00Z","2016-11-11T14:30Z","NEON.LTR.TREE041106.20161107","NEON.LTR.TREE041106.20161107.WDY","NEON.DOC.001710vE","Woody material",0.005,"N","","hE8YqXO7sNiNpTQ8TwLBTEwXi3KL/fpp"
"dcc2fce3-871d-435d-9406-d0f8b4f48732","TREE_041.basePlot.ltr","D05","TREE","TREE_041","TREE_041_106","2016-11-13","2016-10-17","2016-11-07","2016-11-08T22:00Z","2016-11-11T14:30Z","NEON.LTR.TREE041106.20161107","NEON.LTR.TREE041106.20161107.OTH","NEON.DOC.001710vE","Other",0.06,"N","","hE8YqXO7sNiNpTQ8TwLBTEwXi3KL/fpp"
"38981519-db3e-481e-a288-39d42e0783dc","TREE_042.basePlot.ltr","D05","TREE","TREE_042","TREE_042_891","2016-11-13","2016-10-17","2016-11-07","2016-11-08T22:00Z","2016-11-11T14:30Z","NEON.LTR.TREE042891.20161107","NEON.LTR.TREE042891.20161107.SDS","NEON.DOC.001710vE","Seeds",2.1,"N","","hE8YqXO7sNiNpTQ8TwLBTEwXi3KL/fpp"
"3509cdf6-17ed-4866-964d-acb96d89cb19","TREE_042.basePlot.ltr","D05","TREE","TREE_042","TREE_042_891","2016-11-13","2016-10-17","2016-11-07","2016-11-08T22:00Z","2016-11-11T14:30Z","NEON.LTR.TREE042891.20161107","NEON.LTR.TREE042891.20161107.WDY","NEON.DOC.001710vE","Woody material",0.13,"N","","hE8YqXO7sNiNpTQ8TwLBTEwXi3KL/fpp"
"2b059fa6-82d0-4c04-b366-867946ac7d63","TREE_042.basePlot.ltr","D05","TREE","TREE_042","TREE_042_891","2016-11-13","2016-10-17","2016-11-07","2016-11-08T22:00Z","2016-11-11T14:30Z","NEON.LTR.TREE042891.20161107","NEON.LTR.TREE042891.20161107.LVS","NEON.DOC.001710vE","Leaves",3.26,"N","","hE8YqXO7sNiNpTQ8TwLBTEwXi3KL/fpp"
"c277d0af-7493-43af-af04-da2653fbc47f","TREE_042.basePlot.ltr","D05","TREE","TREE_042","TREE_042_891","2016-11-13","2016-10-17","2016-11-07","2016-11-08T22:00Z","2016-11-11T14:30Z","NEON.LTR.TREE042891.20161107","NEON.LTR.TREE042891.20161107.NDL","NEON.DOC.001710vE","Needles",1.29,"N","","hE8YqXO7sNiNpTQ8TwLBTEwXi3KL/fpp"
"1f6f89f7-2d62-494a-a60e-bda45abe47db","TREE_042.basePlot.ltr","D05","TREE","TREE_042","TREE_042_891","2016-11-13","2016-10-17","2016-11-07","2016-11-08T22:00Z","2016-11-11T14:30Z","NEON.LTR.TREE042891.20161107","NEON.LTR.TREE042891.20161107.FLR","NEON.DOC.001710vE","Flowers",0.08,"N","","hE8YqXO7sNiNpTQ8TwLBTEwXi3KL/fpp"
"da7b89b9-e883-4faa-8147-1ddde4151185","TREE_042.basePlot.ltr","D05","TREE","TREE_042","TREE_042_891","2016-11-13","2016-10-17","2016-11-07","2016-11-08T22:00Z","2016-11-11T14:30Z","NEON.LTR.TREE042891.20161107","NEON.LTR.TREE042891.20161107.TWI","NEON.DOC.001710vE","Twigs/branches",0.06,"N","","hE8YqXO7sNiNpTQ8TwLBTEwXi3KL/fpp"
"41b8e412-5ab6-44e1-931c-75c79522b985","TREE_042.basePlot.ltr","D05","TREE","TREE_042","TREE_042_891","2016-11-13","2016-10-17","2016-11-07","2016-11-08T22:00Z","2016-11-11T14:30Z","NEON.LTR.TREE042891.20161107","NEON.LTR.TREE042891.20161107.OTH","NEON.DOC.001710vE","Other",0.29,"N","","hE8YqXO7sNiNpTQ8TwLBTEwXi3KL/fpp"
"ac8c08ab-8bfc-4939-8ea7-0977fd36f121","TREE_042.basePlot.ltr","D05","TREE","TREE_042","TREE_042_891","2016-11-13","2016-10-17","2016-11-07","2016-11-08T22:00Z","2016-11-11T14:30Z","NEON.LTR.TREE042891.20161107","NEON.LTR.TREE042891.20161107.WDY","NEON.DOC.001710vE","Woody material",0.13,"Y","","hE8YqXO7sNiNpTQ8TwLBTEwXi3KL/fpp"
"d82e7011-e7ed-4ea5-98f3-8ac44f35c08f","TREE_042.basePlot.ltr","D05","TREE","TREE_042","TREE_042_891","2016-11-13","2016-10-17","2016-11-07","2016-11-08T22:00Z","2016-11-11T14:30Z","NEON.LTR.TREE042891.20161107","NEON.LTR.TREE042891.20161107.FLR","NEON.DOC.001710vE","Flowers",0.07,"Y","","hE8YqXO7sNiNpTQ8TwLBTEwXi3KL/fpp"
"f8a77894-6d38-4504-98b5-ad21e49ab2bc","TREE_050.basePlot.ltr","D05","TREE","TREE_050","TREE_050_938","2016-11-13","2016-10-17","2016-11-07","2016-11-08T22:00Z","2016-11-11T14:30Z","NEON.LTR.TREE050938.20161107","NEON.LTR.TREE050938.20161107.FLR","NEON.DOC.001710vE","Flowers",0,"N","","hE8YqXO7sNiNpTQ8TwLBTEwXi3KL/fpp"
"3298243b-089a-460c-b03b-03311d775910","TREE_050.basePlot.ltr","D05","TREE","TREE_050","TREE_050_938","2016-11-13","2016-10-17","2016-11-07","2016-11-08T22:00Z","2016-11-11T14:30Z","NEON.LTR.TREE050938.20161107","NEON.LTR.TREE050938.20161107.SDS","NEON.DOC.001710vE","Seeds",0.44,"N","","hE8YqXO7sNiNpTQ8TwLBTEwXi3KL/fpp"
"f17d5eec-7cbb-4668-9b19-a5e74958bffc","TREE_050.basePlot.ltr","D05","TREE","TREE_050","TREE_050_938","2016-11-13","2016-10-17","2016-11-07","2016-11-08T22:00Z","2016-11-11T14:30Z","NEON.LTR.TREE050938.20161107","NEON.LTR.TREE050938.20161107.TWI","NEON.DOC.001710vE","Twigs/branches",0,"N","","hE8YqXO7sNiNpTQ8TwLBTEwXi3KL/fpp"
"dbe030e6-e6d3-4895-815f-75e625d95263","TREE_050.basePlot.ltr","D05","TREE","TREE_050","TREE_050_938","2016-11-13","2016-10-17","2016-11-07","2016-11-08T22:00Z","2016-11-11T14:30Z","NEON.LTR.TREE050938.20161107","NEON.LTR.TREE050938.20161107.LVS","NEON.DOC.001710vE","Leaves",0.09,"N","","hE8YqXO7sNiNpTQ8TwLBTEwXi3KL/fpp"
"ae1d72d9-83f0-4dda-8272-1455f36829a2","TREE_050.basePlot.ltr","D05","TREE","TREE_050","TREE_050_938","2016-11-13","2016-10-17","2016-11-07","2016-11-08T22:00Z","2016-11-11T14:30Z","NEON.LTR.TREE050938.20161107","NEON.LTR.TREE050938.20161107.WDY","NEON.DOC.001710vE","Woody material",0.11,"N","","hE8YqXO7sNiNpTQ8TwLBTEwXi3KL/fpp"
"54c48c65-b73e-4d10-a2f3-79b0a2c8a731","TREE_050.basePlot.ltr","D05","TREE","TREE_050","TREE_050_938","2016-11-13","2016-10-17","2016-11-07","2016-11-08T22:00Z","2016-11-11T14:30Z","NEON.LTR.TREE050938.20161107","NEON.LTR.TREE050938.20161107.NDL","NEON.DOC.001710vE","Needles",0.21,"N","","hE8YqXO7sNiNpTQ8TwLBTEwXi3KL/fpp"
"a58a27c8-4986-403f-a3d4-da2d8febeb72","TREE_050.basePlot.ltr","D05","TREE","TREE_050","TREE_050_938","2016-11-13","2016-10-17","2016-11-07","2016-11-08T22:00Z","2016-11-11T14:30Z","NEON.LTR.TREE050938.20161107","NEON.LTR.TREE050938.20161107.OTH","NEON.DOC.001710vE","Other",0.11,"N","","hE8YqXO7sNiNpTQ8TwLBTEwXi3KL/fpp"
"7823f436-1738-4429-acb7-fe8a0b1a543d","TREE_054.basePlot.ltr","D05","TREE","TREE_054","TREE_054_034","2016-11-13","2016-10-17","2016-11-07","2016-11-08T22:00Z","2016-11-11T14:30Z","NEON.LTR.TREE054034.20161107","NEON.LTR.TREE054034.20161107.WDY","NEON.DOC.001710vE","Woody material",0.005,"N","","hE8YqXO7sNiNpTQ8TwLBTEwXi3KL/fpp"
"eca8665d-f086-40f1-8a26-0659a22e8632","TREE_054.basePlot.ltr","D05","TREE","TREE_054","TREE_054_034","2016-11-13","2016-10-17","2016-11-07","2016-11-08T22:00Z","2016-11-11T14:30Z","NEON.LTR.TREE054034.20161107","NEON.LTR.TREE054034.20161107.LVS","NEON.DOC.001710vE","Leaves",3.66,"N","","hE8YqXO7sNiNpTQ8TwLBTEwXi3KL/fpp"
"80c3d71a-74cf-45bc-9ec6-8bd8ce0b5769","TREE_054.basePlot.ltr","D05","TREE","TREE_054","TREE_054_034","2016-11-13","2016-10-17","2016-11-07","2016-11-08T22:00Z","2016-11-11T14:30Z","NEON.LTR.TREE054034.20161107","NEON.LTR.TREE054034.20161107.NDL","NEON.DOC.001710vE","Needles",13.51,"N","","hE8YqXO7sNiNpTQ8TwLBTEwXi3KL/fpp"
"befc315a-132e-495b-bab1-3beedcbb2db3","TREE_054.basePlot.ltr","D05","TREE","TREE_054","TREE_054_034","2016-11-13","2016-10-17","2016-11-07","2016-11-08T22:00Z","2016-11-11T14:30Z","NEON.LTR.TREE054034.20161107","NEON.LTR.TREE054034.20161107.OTH","NEON.DOC.001710vE","Other",0.08,"N","","hE8YqXO7sNiNpTQ8TwLBTEwXi3KL/fpp"
"f3e61f30-367f-4112-8d86-1203552e701e","TREE_054.basePlot.ltr","D05","TREE","TREE_054","TREE_054_034","2016-11-13","2016-10-17","2016-11-07","2016-11-08T22:00Z","2016-11-11T14:30Z","NEON.LTR.TREE054034.20161107","NEON.LTR.TREE054034.20161107.FLR","NEON.DOC.001710vE","Flowers",0.05,"N","","hE8YqXO7sNiNpTQ8TwLBTEwXi3KL/fpp"
"3160be3b-286f-4783-bbbe-17abc4047564","TREE_054.basePlot.ltr","D05","TREE","TREE_054","TREE_054_034","2016-11-13","2016-10-17","2016-11-07","2016-11-08T22:00Z","2016-11-11T14:30Z","NEON.LTR.TREE054034.20161107","NEON.LTR.TREE054034.20161107.SDS","NEON.DOC.001710vE","Seeds",0.34,"N","","hE8YqXO7sNiNpTQ8TwLBTEwXi3KL/fpp"
"b66edfb8-ce61-4564-a2e3-09d9fa4e6bc3","TREE_054.basePlot.ltr","D05","TREE","TREE_054","TREE_054_034","2016-11-13","2016-10-17","2016-11-07","2016-11-08T22:00Z","2016-11-11T14:30Z","NEON.LTR.TREE054034.20161107","NEON.LTR.TREE054034.20161107.TWI","NEON.DOC.001710vE","Twigs/branches",0.45,"N","","hE8YqXO7sNiNpTQ8TwLBTEwXi3KL/fpp"
"6846eb55-05c3-4052-b877-44fa1d4a2d36","TREE_046.basePlot.ltr","D05","TREE","TREE_046","TREE_046_663","2016-11-13","2016-10-17","2016-11-07","2016-11-08T22:00Z","2016-11-11T14:30Z","NEON.LTR.TREE046663.20161107","NEON.LTR.TREE046663.20161107.NDL","NEON.DOC.001710vE","Needles",0,"N","","hE8YqXO7sNiNpTQ8TwLBTEwXi3KL/fpp"
"0ba64fe3-9164-43c4-a281-3f44f1337718","TREE_046.basePlot.ltr","D05","TREE","TREE_046","TREE_046_663","2016-11-13","2016-10-17","2016-11-07","2016-11-08T22:00Z","2016-11-11T14:30Z","NEON.LTR.TREE046663.20161107","NEON.LTR.TREE046663.20161107.SDS","NEON.DOC.001710vE","Seeds",0.52,"Y","","hE8YqXO7sNiNpTQ8TwLBTEwXi3KL/fpp"
"50549c8f-5102-411b-8e96-f86f0bd5de45","TREE_046.basePlot.ltr","D05","TREE","TREE_046","TREE_046_663","2016-11-13","2016-10-17","2016-11-07","2016-11-08T22:00Z","2016-11-11T14:30Z","NEON.LTR.TREE046663.20161107","NEON.LTR.TREE046663.20161107.FLR","NEON.DOC.001710vE","Flowers",0,"N","","hE8YqXO7sNiNpTQ8TwLBTEwXi3KL/fpp"
"e0075584-d9ac-4177-b891-ca6daf632c94","TREE_046.basePlot.ltr","D05","TREE","TREE_046","TREE_046_663","2016-11-13","2016-10-17","2016-11-07","2016-11-08T22:00Z","2016-11-11T14:30Z","NEON.LTR.TREE046663.20161107","NEON.LTR.TREE046663.20161107.LVS","NEON.DOC.001710vE","Leaves",3.22,"N","","hE8YqXO7sNiNpTQ8TwLBTEwXi3KL/fpp"
"08893738-d005-4a97-8c2c-d34c5ca2d956","TREE_046.basePlot.ltr","D05","TREE","TREE_046","TREE_046_663","2016-11-13","2016-10-17","2016-11-07","2016-11-08T22:00Z","2016-11-11T14:30Z","NEON.LTR.TREE046663.20161107","NEON.LTR.TREE046663.20161107.LVS","NEON.DOC.001710vE","Leaves",3.2,"Y","","hE8YqXO7sNiNpTQ8TwLBTEwXi3KL/fpp"
"e837dd4a-68de-4251-b9b7-3244c51b00ba","TREE_046.basePlot.ltr","D05","TREE","TREE_046","TREE_046_663","2016-11-13","2016-10-17","2016-11-07","2016-11-08T22:00Z","2016-11-11T14:30Z","NEON.LTR.TREE046663.20161107","NEON.LTR.TREE046663.20161107.WDY","NEON.DOC.001710vE","Woody material",0,"N","","hE8YqXO7sNiNpTQ8TwLBTEwXi3KL/fpp"
"ecb28594-5f9d-477b-aaf1-3f4e318fb4eb","TREE_046.basePlot.ltr","D05","TREE","TREE_046","TREE_046_663","2016-11-13","2016-10-17","2016-11-07","2016-11-08T22:00Z","2016-11-11T14:30Z","NEON.LTR.TREE046663.20161107","NEON.LTR.TREE046663.20161107.OTH","NEON.DOC.001710vE","Other",0.13,"N","","hE8YqXO7sNiNpTQ8TwLBTEwXi3KL/fpp"
"9c0a1ce4-0d4a-46cb-8793-23bacba2261b","TREE_046.basePlot.ltr","D05","TREE","TREE_046","TREE_046_663","2016-11-13","2016-10-17","2016-11-07","2016-11-08T22:00Z","2016-11-11T14:30Z","NEON.LTR.TREE046663.20161107","NEON.LTR.TREE046663.20161107.TWI","NEON.DOC.001710vE","Twigs/branches",0.005,"N","","hE8YqXO7sNiNpTQ8TwLBTEwXi3KL/fpp"
"e10de475-1658-459a-baf1-55dc086b9fb1","TREE_046.basePlot.ltr","D05","TREE","TREE_046","TREE_046_663","2016-11-13","2016-10-17","2016-11-07","2016-11-08T22:00Z","2016-11-11T14:30Z","NEON.LTR.TREE046663.20161107","NEON.LTR.TREE046663.20161107.SDS","NEON.DOC.001710vE","Seeds",0.54,"N","","hE8YqXO7sNiNpTQ8TwLBTEwXi3KL/fpp"
"5b6e88dd-0951-4af8-8365-94a4320d20b3","TREE_042.basePlot.ltr","D05","TREE","TREE_042","TREE_042_362","2016-11-13","2016-10-17","2016-11-07","2016-11-08T22:00Z","2016-11-11T14:30Z","NEON.LTR.TREE042362.20161107","NEON.LTR.TREE042362.20161107.LVS","NEON.DOC.001710vE","Leaves",2.15,"N","","hE8YqXO7sNiNpTQ8TwLBTEwXi3KL/fpp"
"5bdba84b-bd3b-48c5-acb6-773bd17dc17a","TREE_042.basePlot.ltr","D05","TREE","TREE_042","TREE_042_362","2016-11-13","2016-10-17","2016-11-07","2016-11-08T22:00Z","2016-11-11T14:30Z","NEON.LTR.TREE042362.20161107","NEON.LTR.TREE042362.20161107.SDS","NEON.DOC.001710vE","Seeds",0.1,"N","","hE8YqXO7sNiNpTQ8TwLBTEwXi3KL/fpp"
"b1a1e253-65b7-475e-a512-f7dd0a1a592e","TREE_042.basePlot.ltr","D05","TREE","TREE_042","TREE_042_362","2016-11-13","2016-10-17","2016-11-07","2016-11-08T22:00Z","2016-11-11T14:30Z","NEON.LTR.TREE042362.20161107","NEON.LTR.TREE042362.20161107.TWI","NEON.DOC.001710vE","Twigs/branches",0,"N","","hE8YqXO7sNiNpTQ8TwLBTEwXi3KL/fpp"
"6f14e20a-5679-4504-9dcc-8171ae3f0660","TREE_042.basePlot.ltr","D05","TREE","TREE_042","TREE_042_362","2016-11-13","2016-10-17","2016-11-07","2016-11-08T22:00Z","2016-11-11T14:30Z","NEON.LTR.TREE042362.20161107","NEON.LTR.TREE042362.20161107.WDY","NEON.DOC.001710vE","Woody material",0,"N","","hE8YqXO7sNiNpTQ8TwLBTEwXi3KL/fpp"
"e04c09ab-47cf-4ba7-b8e4-a523f8225865","TREE_042.basePlot.ltr","D05","TREE","TREE_042","TREE_042_362","2016-11-13","2016-10-17","2016-11-07","2016-11-08T22:00Z","2016-11-11T14:30Z","NEON.LTR.TREE042362.20161107","NEON.LTR.TREE042362.20161107.OTH","NEON.DOC.001710vE","Other",0.08,"N","","hE8YqXO7sNiNpTQ8TwLBTEwXi3KL/fpp"
"72afb4d6-720b-46c3-bc87-c15756a6e0e1","TREE_042.basePlot.ltr","D05","TREE","TREE_042","TREE_042_362","2016-11-13","2016-10-17","2016-11-07","2016-11-08T22:00Z","2016-11-11T14:30Z","NEON.LTR.TREE042362.20161107","NEON.LTR.TREE042362.20161107.FLR","NEON.DOC.001710vE","Flowers",0.005,"N","","hE8YqXO7sNiNpTQ8TwLBTEwXi3KL/fpp"
"03fdbeea-d42c-4b46-8878-390bb0c0606f","TREE_057.basePlot.ltr","D05","TREE","TREE_057","TREE_057_415","2016-11-13","2016-10-17","2016-11-07","2016-11-08T22:00Z","2016-11-11T14:30Z","NEON.LTR.TREE057415.20161107","NEON.LTR.TREE057415.20161107.OTH","NEON.DOC.001710vE","Other",0.29,"N","","hE8YqXO7sNiNpTQ8TwLBTEwXi3KL/fpp"
"9162f498-4ac1-4997-9534-751039e98b67","TREE_057.basePlot.ltr","D05","TREE","TREE_057","TREE_057_415","2016-11-13","2016-10-17","2016-11-07","2016-11-08T22:00Z","2016-11-11T14:30Z","NEON.LTR.TREE057415.20161107","NEON.LTR.TREE057415.20161107.WDY","NEON.DOC.001710vE","Woody material",0.005,"N","","hE8YqXO7sNiNpTQ8TwLBTEwXi3KL/fpp"
"540d2493-3bbe-4972-88e3-b6fa4670407f","TREE_057.basePlot.ltr","D05","TREE","TREE_057","TREE_057_415","2016-11-13","2016-10-17","2016-11-07","2016-11-08T22:00Z","2016-11-11T14:30Z","NEON.LTR.TREE057415.20161107","NEON.LTR.TREE057415.20161107.SDS","NEON.DOC.001710vE","Seeds",0.005,"N","","hE8YqXO7sNiNpTQ8TwLBTEwXi3KL/fpp"
"13e7cef8-39f4-46b7-a349-8b5992df3baa","TREE_042.basePlot.ltr","D05","TREE","TREE_042","TREE_042_362","2016-11-13","2016-10-17","2016-11-07","2016-11-08T22:00Z","2016-11-11T14:30Z","NEON.LTR.TREE042362.20161107","NEON.LTR.TREE042362.20161107.NDL","NEON.DOC.001710vE","Needles",0.03,"N","","hE8YqXO7sNiNpTQ8TwLBTEwXi3KL/fpp"
"24fa28c7-cffd-45d7-aa2d-bcbf674097c2","TREE_057.basePlot.ltr","D05","TREE","TREE_057","TREE_057_415","2016-11-13","2016-10-17","2016-11-07","2016-11-08T22:00Z","2016-11-11T14:30Z","NEON.LTR.TREE057415.20161107","NEON.LTR.TREE057415.20161107.LVS","NEON.DOC.001710vE","Leaves",5.93,"Y","","hE8YqXO7sNiNpTQ8TwLBTEwXi3KL/fpp"
"84e2d145-3296-4148-aa96-19fa3008b0ba","TREE_057.basePlot.ltr","D05","TREE","TREE_057","TREE_057_415","2016-11-13","2016-10-17","2016-11-07","2016-11-08T22:00Z","2016-11-11T14:30Z","NEON.LTR.TREE057415.20161107","NEON.LTR.TREE057415.20161107.FLR","NEON.DOC.001710vE","Flowers",0.07,"N","","hE8YqXO7sNiNpTQ8TwLBTEwXi3KL/fpp"
"1f59b0c2-c369-4bd5-a0d3-d3a7dd3018e3","TREE_057.basePlot.ltr","D05","TREE","TREE_057","TREE_057_415","2016-11-13","2016-10-17","2016-11-07","2016-11-08T22:00Z","2016-11-11T14:30Z","NEON.LTR.TREE057415.20161107","NEON.LTR.TREE057415.20161107.TWI","NEON.DOC.001710vE","Twigs/branches",0.32,"N","","hE8YqXO7sNiNpTQ8TwLBTEwXi3KL/fpp"
"32a37cf4-6ebb-444b-a591-b592f98ae42b","TREE_057.basePlot.ltr","D05","TREE","TREE_057","TREE_057_415","2016-11-13","2016-10-17","2016-11-07","2016-11-08T22:00Z","2016-11-11T14:30Z","NEON.LTR.TREE057415.20161107","NEON.LTR.TREE057415.20161107.NDL","NEON.DOC.001710vE","Needles",6.26,"N","","hE8YqXO7sNiNpTQ8TwLBTEwXi3KL/fpp"
"65336948-af02-44c4-affd-c5fc77ddbd23","TREE_057.basePlot.ltr","D05","TREE","TREE_057","TREE_057_415","2016-11-13","2016-10-17","2016-11-07","2016-11-08T22:00Z","2016-11-11T14:30Z","NEON.LTR.TREE057415.20161107","NEON.LTR.TREE057415.20161107.LVS","NEON.DOC.001710vE","Leaves",6,"N","There is a second entry on the data sheet for this trap it is not entered","hE8YqXO7sNiNpTQ8TwLBTEwXi3KL/fpp"
"6375afc1-1d60-4eb3-a04c-86dc486fd723","TREE_041.basePlot.ltr","D05","TREE","TREE_041","TREE_041_797","2016-11-13","2016-10-17","2016-11-07","2016-11-08T22:00Z","2016-11-11T14:30Z","NEON.LTR.TREE041797.20161107","NEON.LTR.TREE041797.20161107.FLR","NEON.DOC.001710vE","Flowers",0,"N","","hE8YqXO7sNiNpTQ8TwLBTEwXi3KL/fpp"
"92c9e13e-9aea-4d96-aeee-1f6ad9d625d7","TREE_041.basePlot.ltr","D05","TREE","TREE_041","TREE_041_797","2016-11-13","2016-10-17","2016-11-07","2016-11-08T22:00Z","2016-11-11T14:30Z","NEON.LTR.TREE041797.20161107","NEON.LTR.TREE041797.20161107.TWI","NEON.DOC.001710vE","Twigs/branches",0.11,"N","","hE8YqXO7sNiNpTQ8TwLBTEwXi3KL/fpp"
"34c3318d-7a34-4a9e-a952-3b206058e10f","TREE_041.basePlot.ltr","D05","TREE","TREE_041","TREE_041_797","2016-11-13","2016-10-17","2016-11-07","2016-11-08T22:00Z","2016-11-11T14:30Z","NEON.LTR.TREE041797.20161107","NEON.LTR.TREE041797.20161107.WDY","NEON.DOC.001710vE","Woody material",0,"N","","hE8YqXO7sNiNpTQ8TwLBTEwXi3KL/fpp"
"80d4990f-0cc0-4283-87d4-403cbf17dfd7","TREE_041.basePlot.ltr","D05","TREE","TREE_041","TREE_041_797","2016-11-13","2016-10-17","2016-11-07","2016-11-08T22:00Z","2016-11-11T14:30Z","NEON.LTR.TREE041797.20161107","NEON.LTR.TREE041797.20161107.NDL","NEON.DOC.001710vE","Needles",0,"N","","hE8YqXO7sNiNpTQ8TwLBTEwXi3KL/fpp"
"b56b698f-4249-4f22-8f58-54425f8e7b9b","TREE_041.basePlot.ltr","D05","TREE","TREE_041","TREE_041_797","2016-11-13","2016-10-17","2016-11-07","2016-11-08T22:00Z","2016-11-11T14:30Z","NEON.LTR.TREE041797.20161107","NEON.LTR.TREE041797.20161107.LVS","NEON.DOC.001710vE","Leaves",2.72,"N","","hE8YqXO7sNiNpTQ8TwLBTEwXi3KL/fpp"
"ae2a2a06-6839-4ca0-99f2-7b906a1e213c","TREE_041.basePlot.ltr","D05","TREE","TREE_041","TREE_041_797","2016-11-13","2016-10-17","2016-11-07","2016-11-08T22:00Z","2016-11-11T14:30Z","NEON.LTR.TREE041797.20161107","NEON.LTR.TREE041797.20161107.OTH","NEON.DOC.001710vE","Other",0.07,"N","","hE8YqXO7sNiNpTQ8TwLBTEwXi3KL/fpp"
"b7830ac6-0d89-4e3c-8f67-5758910b626c","TREE_041.basePlot.ltr","D05","TREE","TREE_041","TREE_041_797","2016-11-13","2016-10-17","2016-11-07","2016-11-08T22:00Z","2016-11-11T14:30Z","NEON.LTR.TREE041797.20161107","NEON.LTR.TREE041797.20161107.SDS","NEON.DOC.001710vE","Seeds",0.07,"N","","hE8YqXO7sNiNpTQ8TwLBTEwXi3KL/fpp"
"a4ac40f6-63de-4e38-b80f-236c5f35c844","TREE_045.basePlot.ltr","D05","TREE","TREE_045","TREE_045_349","2016-11-13","2016-10-17","2016-11-07","2016-11-08T22:00Z","2016-11-11T14:30Z","NEON.LTR.TREE045349.20161107","NEON.LTR.TREE045349.20161107.NDL","NEON.DOC.001710vE","Needles",0.18,"N","","hE8YqXO7sNiNpTQ8TwLBTEwXi3KL/fpp"
"acf6712a-5dde-42bf-8ad0-44a59c92ff3a","TREE_045.basePlot.ltr","D05","TREE","TREE_045","TREE_045_349","2016-11-13","2016-10-17","2016-11-07","2016-11-08T22:00Z","2016-11-11T14:30Z","NEON.LTR.TREE045349.20161107","NEON.LTR.TREE045349.20161107.TWI","NEON.DOC.001710vE","Twigs/branches",0.13,"N","","hE8YqXO7sNiNpTQ8TwLBTEwXi3KL/fpp"
"58bc8859-97ae-48f1-b82d-340c9da05d36","TREE_045.basePlot.ltr","D05","TREE","TREE_045","TREE_045_349","2016-11-13","2016-10-17","2016-11-07","2016-11-08T22:00Z","2016-11-11T14:30Z","NEON.LTR.TREE045349.20161107","NEON.LTR.TREE045349.20161107.SDS","NEON.DOC.001710vE","Seeds",0,"N","","hE8YqXO7sNiNpTQ8TwLBTEwXi3KL/fpp"
"c4ff1a74-1e2d-4430-abca-0dc4fd19c084","TREE_045.basePlot.ltr","D05","TREE","TREE_045","TREE_045_349","2016-11-13","2016-10-17","2016-11-07","2016-11-08T22:00Z","2016-11-11T14:30Z","NEON.LTR.TREE045349.20161107","NEON.LTR.TREE045349.20161107.WDY","NEON.DOC.001710vE","Woody material",0.005,"N","","hE8YqXO7sNiNpTQ8TwLBTEwXi3KL/fpp"
"a45723fc-f10c-4ce0-b708-6dc5d6e5199e","TREE_045.basePlot.ltr","D05","TREE","TREE_045","TREE_045_349","2016-11-13","2016-10-17","2016-11-07","2016-11-08T22:00Z","2016-11-11T14:30Z","NEON.LTR.TREE045349.20161107","NEON.LTR.TREE045349.20161107.FLR","NEON.DOC.001710vE","Flowers",0,"N","","hE8YqXO7sNiNpTQ8TwLBTEwXi3KL/fpp"
"0c561436-65d4-4f6a-acb8-10fcae3e873d","TREE_025.basePlot.ltr","D05","TREE","TREE_025","TREE_025_307","2016-11-13","2016-10-17","2016-11-07","2016-11-08T22:00Z","2016-11-11T14:30Z","NEON.LTR.TREE025307.20161107","NEON.LTR.TREE025307.20161107.SDS","NEON.DOC.001710vE","Seeds",0.02,"N","","hE8YqXO7sNiNpTQ8TwLBTEwXi3KL/fpp"
"7f3fa0e5-791e-4b88-9904-bd2221cc36a0","TREE_025.basePlot.ltr","D05","TREE","TREE_025","TREE_025_307","2016-11-13","2016-10-17","2016-11-07","2016-11-08T22:00Z","2016-11-11T14:30Z","NEON.LTR.TREE025307.20161107","NEON.LTR.TREE025307.20161107.NDL","NEON.DOC.001710vE","Needles",0.46,"N","","hE8YqXO7sNiNpTQ8TwLBTEwXi3KL/fpp"
"66db84c8-40c5-487d-91e0-185ebff33448","TREE_025.basePlot.ltr","D05","TREE","TREE_025","TREE_025_307","2016-11-13","2016-10-17","2016-11-07","2016-11-08T22:00Z","2016-11-11T14:30Z","NEON.LTR.TREE025307.20161107","NEON.LTR.TREE025307.20161107.TWI","NEON.DOC.001710vE","Twigs/branches",0.14,"N","","hE8YqXO7sNiNpTQ8TwLBTEwXi3KL/fpp"
"a7b80380-dd89-4c5c-8635-2ecb0f0175fa","TREE_025.basePlot.ltr","D05","TREE","TREE_025","TREE_025_307","2016-11-13","2016-10-17","2016-11-07","2016-11-08T22:00Z","2016-11-11T14:30Z","NEON.LTR.TREE025307.20161107","NEON.LTR.TREE025307.20161107.OTH","NEON.DOC.001710vE","Other",0.19,"N","","hE8YqXO7sNiNpTQ8TwLBTEwXi3KL/fpp"
"65599a71-2434-4f34-be2f-39ed0c4e376f","TREE_025.basePlot.ltr","D05","TREE","TREE_025","TREE_025_307","2016-11-13","2016-10-17","2016-11-07","2016-11-08T22:00Z","2016-11-11T14:30Z","NEON.LTR.TREE025307.20161107","NEON.LTR.TREE025307.20161107.LVS","NEON.DOC.001710vE","Leaves",4.89,"N","","hE8YqXO7sNiNpTQ8TwLBTEwXi3KL/fpp"
"62f9b102-d3b1-417c-8066-860a75402914","TREE_025.basePlot.ltr","D05","TREE","TREE_025","TREE_025_307","2016-11-13","2016-10-17","2016-11-07","2016-11-08T22:00Z","2016-11-11T14:30Z","NEON.LTR.TREE025307.20161107","NEON.LTR.TREE025307.20161107.FLR","NEON.DOC.001710vE","Flowers",0.02,"N","","hE8YqXO7sNiNpTQ8TwLBTEwXi3KL/fpp"
"100105e5-a2b1-41bd-8eab-f3622ab458f0","TREE_025.basePlot.ltr","D05","TREE","TREE_025","TREE_025_307","2016-11-13","2016-10-17","2016-11-07","2016-11-08T22:00Z","2016-11-11T14:30Z","NEON.LTR.TREE025307.20161107","NEON.LTR.TREE025307.20161107.WDY","NEON.DOC.001710vE","Woody material",0.07,"N","","hE8YqXO7sNiNpTQ8TwLBTEwXi3KL/fpp"
"fcd00b1b-e1dd-4158-a12e-44e1bd7879b2","TREE_051.basePlot.ltr","D05","TREE","TREE_051","TREE_051_810","2016-11-13","2016-10-17","2016-11-07","2016-11-08T22:00Z","2016-11-11T14:30Z","NEON.LTR.TREE051810.20161107","NEON.LTR.TREE051810.20161107.FLR","NEON.DOC.001710vE","Flowers",0.005,"N","","hE8YqXO7sNiNpTQ8TwLBTEwXi3KL/fpp"
"8a951961-79b6-4dd3-a96a-c287afb52aa7","TREE_051.basePlot.ltr","D05","TREE","TREE_051","TREE_051_810","2016-11-13","2016-10-17","2016-11-07","2016-11-08T22:00Z","2016-11-11T14:30Z","NEON.LTR.TREE051810.20161107","NEON.LTR.TREE051810.20161107.SDS","NEON.DOC.001710vE","Seeds",0.35,"N","","hE8YqXO7sNiNpTQ8TwLBTEwXi3KL/fpp"
"f39f3ee3-5ae7-42af-9b3a-e4de8768f22d","TREE_051.basePlot.ltr","D05","TREE","TREE_051","TREE_051_810","2016-11-13","2016-10-17","2016-11-07","2016-11-08T22:00Z","2016-11-11T14:30Z","NEON.LTR.TREE051810.20161107","NEON.LTR.TREE051810.20161107.OTH","NEON.DOC.001710vE","Other",0.03,"N","","hE8YqXO7sNiNpTQ8TwLBTEwXi3KL/fpp"
"87764d22-9caf-4978-b602-e66bc6f15f6f","TREE_051.basePlot.ltr","D05","TREE","TREE_051","TREE_051_810","2016-11-13","2016-10-17","2016-11-07","2016-11-08T22:00Z","2016-11-11T14:30Z","NEON.LTR.TREE051810.20161107","NEON.LTR.TREE051810.20161107.SDS","NEON.DOC.001710vE","Seeds",0.35,"Y","","hE8YqXO7sNiNpTQ8TwLBTEwXi3KL/fpp"
"f098e526-b103-423d-b428-f004896aea3f","TREE_051.basePlot.ltr","D05","TREE","TREE_051","TREE_051_810","2016-11-13","2016-10-17","2016-11-07","2016-11-08T22:00Z","2016-11-11T14:30Z","NEON.LTR.TREE051810.20161107","NEON.LTR.TREE051810.20161107.LVS","NEON.DOC.001710vE","Leaves",0.62,"N","","hE8YqXO7sNiNpTQ8TwLBTEwXi3KL/fpp"
"38047362-42ce-45db-a2f2-8138d0625709","TREE_051.basePlot.ltr","D05","TREE","TREE_051","TREE_051_810","2016-11-13","2016-10-17","2016-11-07","2016-11-08T22:00Z","2016-11-11T14:30Z","NEON.LTR.TREE051810.20161107","NEON.LTR.TREE051810.20161107.NDL","NEON.DOC.001710vE","Needles",0.35,"N","","hE8YqXO7sNiNpTQ8TwLBTEwXi3KL/fpp"
"cb394718-036e-4ff8-9bba-2e22abf1d0cc","TREE_051.basePlot.ltr","D05","TREE","TREE_051","TREE_051_810","2016-11-13","2016-10-17","2016-11-07","2016-11-08T22:00Z","2016-11-11T14:30Z","NEON.LTR.TREE051810.20161107","NEON.LTR.TREE051810.20161107.WDY","NEON.DOC.001710vE","Woody material",0.005,"N","","hE8YqXO7sNiNpTQ8TwLBTEwXi3KL/fpp"
"15436e58-adcd-4cac-a64e-ea0dfc4a88b1","TREE_051.basePlot.ltr","D05","TREE","TREE_051","TREE_051_810","2016-11-13","2016-10-17","2016-11-07","2016-11-08T22:00Z","2016-11-11T14:30Z","NEON.LTR.TREE051810.20161107","NEON.LTR.TREE051810.20161107.TWI","NEON.DOC.001710vE","Twigs/branches",0.005,"N","","hE8YqXO7sNiNpTQ8TwLBTEwXi3KL/fpp"
"348ee36e-564e-4cf0-bfcf-a84212597d7c","TREE_050.basePlot.ltr","D05","TREE","TREE_050","TREE_050_523","2016-11-13","2016-10-17","2016-11-07","2016-11-08T22:00Z","2016-11-11T14:30Z","NEON.LTR.TREE050523.20161107","NEON.LTR.TREE050523.20161107.SDS","NEON.DOC.001710vE","Seeds",0.005,"N","","hE8YqXO7sNiNpTQ8TwLBTEwXi3KL/fpp"
"a04915bd-5278-4303-ad53-c50fa5a2022b","TREE_050.basePlot.ltr","D05","TREE","TREE_050","TREE_050_523","2016-11-13","2016-10-17","2016-11-07","2016-11-08T22:00Z","2016-11-11T14:30Z","NEON.LTR.TREE050523.20161107","NEON.LTR.TREE050523.20161107.FLR","NEON.DOC.001710vE","Flowers",0.1,"N","","hE8YqXO7sNiNpTQ8TwLBTEwXi3KL/fpp"
"adf59a2e-fd21-4e8d-baf5-b95e7237aa4e","TREE_050.basePlot.ltr","D05","TREE","TREE_050","TREE_050_523","2016-11-13","2016-10-17","2016-11-07","2016-11-08T22:00Z","2016-11-11T14:30Z","NEON.LTR.TREE050523.20161107","NEON.LTR.TREE050523.20161107.LVS","NEON.DOC.001710vE","Leaves",18.83,"Y","","hE8YqXO7sNiNpTQ8TwLBTEwXi3KL/fpp"
"373762bc-4246-4892-918c-16f0f2bd3593","TREE_050.basePlot.ltr","D05","TREE","TREE_050","TREE_050_523","2016-11-13","2016-10-17","2016-11-07","2016-11-08T22:00Z","2016-11-11T14:30Z","NEON.LTR.TREE050523.20161107","NEON.LTR.TREE050523.20161107.OTH","NEON.DOC.001710vE","Other",0.11,"N","","hE8YqXO7sNiNpTQ8TwLBTEwXi3KL/fpp"
"a8155b49-e33f-4196-97ad-a4ba7307f84e","TREE_050.basePlot.ltr","D05","TREE","TREE_050","TREE_050_523","2016-11-13","2016-10-17","2016-11-07","2016-11-08T22:00Z","2016-11-11T14:30Z","NEON.LTR.TREE050523.20161107","NEON.LTR.TREE050523.20161107.NDL","NEON.DOC.001710vE","Needles",17.01,"N","","hE8YqXO7sNiNpTQ8TwLBTEwXi3KL/fpp"
"0376d2eb-82a4-414c-b570-00f1212025e9","TREE_050.basePlot.ltr","D05","TREE","TREE_050","TREE_050_523","2016-11-13","2016-10-17","2016-11-07","2016-11-08T22:00Z","2016-11-11T14:30Z","NEON.LTR.TREE050523.20161107","NEON.LTR.TREE050523.20161107.TWI","NEON.DOC.001710vE","Twigs/branches",0.16,"N","","hE8YqXO7sNiNpTQ8TwLBTEwXi3KL/fpp"
"7b7b8871-8bdc-4188-aec4-d6e70f9bef2e","TREE_050.basePlot.ltr","D05","TREE","TREE_050","TREE_050_523","2016-11-13","2016-10-17","2016-11-07","2016-11-08T22:00Z","2016-11-11T14:30Z","NEON.LTR.TREE050523.20161107","NEON.LTR.TREE050523.20161107.WDY","NEON.DOC.001710vE","Woody material",0.31,"N","","hE8YqXO7sNiNpTQ8TwLBTEwXi3KL/fpp"
"66c3ff80-0599-4fc7-a25b-bf89aa52e3c3","TREE_050.basePlot.ltr","D05","TREE","TREE_050","TREE_050_523","2016-11-13","2016-10-17","2016-11-07","2016-11-08T22:00Z","2016-11-11T14:30Z","NEON.LTR.TREE050523.20161107","NEON.LTR.TREE050523.20161107.LVS","NEON.DOC.001710vE","Leaves",18.9,"N","","hE8YqXO7sNiNpTQ8TwLBTEwXi3KL/fpp"
"d2349ff9-b744-4287-b512-6a1f98127440","TREE_049.basePlot.ltr","D05","TREE","TREE_049","TREE_049_313","2016-11-13","2016-10-17","2016-11-07","2016-11-08T22:00Z","2016-11-11T14:30Z","NEON.LTR.TREE049313.20161107","NEON.LTR.TREE049313.20161107.FLR","NEON.DOC.001710vE","Flowers",0,"N","","hE8YqXO7sNiNpTQ8TwLBTEwXi3KL/fpp"
"1394843a-0fdd-4f8f-85c0-447a5ac00258","TREE_049.basePlot.ltr","D05","TREE","TREE_049","TREE_049_313","2016-11-13","2016-10-17","2016-11-07","2016-11-08T22:00Z","2016-11-11T14:30Z","NEON.LTR.TREE049313.20161107","NEON.LTR.TREE049313.20161107.OTH","NEON.DOC.001710vE","Other",0.08,"N","","hE8YqXO7sNiNpTQ8TwLBTEwXi3KL/fpp"
"71b6fa36-43c8-45dc-8407-52534af6838e","TREE_049.basePlot.ltr","D05","TREE","TREE_049","TREE_049_313","2016-11-13","2016-10-17","2016-11-07","2016-11-08T22:00Z","2016-11-11T14:30Z","NEON.LTR.TREE049313.20161107","NEON.LTR.TREE049313.20161107.LVS","NEON.DOC.001710vE","Leaves",4.92,"N","","hE8YqXO7sNiNpTQ8TwLBTEwXi3KL/fpp"
"8d4a651c-5328-45be-b57d-95e240358633","TREE_049.basePlot.ltr","D05","TREE","TREE_049","TREE_049_313","2016-11-13","2016-10-17","2016-11-07","2016-11-08T22:00Z","2016-11-11T14:30Z","NEON.LTR.TREE049313.20161107","NEON.LTR.TREE049313.20161107.WDY","NEON.DOC.001710vE","Woody material",0.02,"N","","hE8YqXO7sNiNpTQ8TwLBTEwXi3KL/fpp"
"6ea23cc5-f11c-410e-ac4b-e9add7f77195","TREE_049.basePlot.ltr","D05","TREE","TREE_049","TREE_049_313","2016-11-13","2016-10-17","2016-11-07","2016-11-08T22:00Z","2016-11-11T14:30Z","NEON.LTR.TREE049313.20161107","NEON.LTR.TREE049313.20161107.SDS","NEON.DOC.001710vE","Seeds",0.16,"N","","hE8YqXO7sNiNpTQ8TwLBTEwXi3KL/fpp"
"c6e31fc4-ea16-4bc0-b7dd-7c8b25393e3f","TREE_049.basePlot.ltr","D05","TREE","TREE_049","TREE_049_313","2016-11-13","2016-10-17","2016-11-07","2016-11-08T22:00Z","2016-11-11T14:30Z","NEON.LTR.TREE049313.20161107","NEON.LTR.TREE049313.20161107.NDL","NEON.DOC.001710vE","Needles",0,"N","","hE8YqXO7sNiNpTQ8TwLBTEwXi3KL/fpp"
"b502a1cf-3f3e-481c-8f65-713b7ad19886","TREE_049.basePlot.ltr","D05","TREE","TREE_049","TREE_049_313","2016-11-13","2016-10-17","2016-11-07","2016-11-08T22:00Z","2016-11-11T14:30Z","NEON.LTR.TREE049313.20161107","NEON.LTR.TREE049313.20161107.TWI","NEON.DOC.001710vE","Twigs/branches",0.08,"N","","hE8YqXO7sNiNpTQ8TwLBTEwXi3KL/fpp"
"00ab40bf-508b-4190-9b20-72c3623ed74c","TREE_054.basePlot.ltr","D05","TREE","TREE_054","TREE_054_762","2016-11-13","2016-10-17","2016-11-07","2016-11-08T22:00Z","2016-11-11T14:30Z","NEON.LTR.TREE054762.20161107","NEON.LTR.TREE054762.20161107.FLR","NEON.DOC.001710vE","Flowers",0,"N","","hE8YqXO7sNiNpTQ8TwLBTEwXi3KL/fpp"
"faeb35ab-b74e-4f1d-9356-5c9292aacf68","TREE_054.basePlot.ltr","D05","TREE","TREE_054","TREE_054_762","2016-11-13","2016-10-17","2016-11-07","2016-11-08T22:00Z","2016-11-11T14:30Z","NEON.LTR.TREE054762.20161107","NEON.LTR.TREE054762.20161107.TWI","NEON.DOC.001710vE","Twigs/branches",0,"N","","hE8YqXO7sNiNpTQ8TwLBTEwXi3KL/fpp"
"e1318f5e-a196-4047-8b6c-829a44342514","TREE_054.basePlot.ltr","D05","TREE","TREE_054","TREE_054_762","2016-11-13","2016-10-17","2016-11-07","2016-11-08T22:00Z","2016-11-11T14:30Z","NEON.LTR.TREE054762.20161107","NEON.LTR.TREE054762.20161107.SDS","NEON.DOC.001710vE","Seeds",0.005,"N","","hE8YqXO7sNiNpTQ8TwLBTEwXi3KL/fpp"
"9d500596-8ae2-4ca8-9450-8473d5d99705","TREE_054.basePlot.ltr","D05","TREE","TREE_054","TREE_054_762","2016-11-13","2016-10-17","2016-11-07","2016-11-08T22:00Z","2016-11-11T14:30Z","NEON.LTR.TREE054762.20161107","NEON.LTR.TREE054762.20161107.WDY","NEON.DOC.001710vE","Woody material",0.005,"N","","hE8YqXO7sNiNpTQ8TwLBTEwXi3KL/fpp"
"d2c62644-4c0c-42bf-a7d1-d1748a2419b8","TREE_054.basePlot.ltr","D05","TREE","TREE_054","TREE_054_762","2016-11-13","2016-10-17","2016-11-07","2016-11-08T22:00Z","2016-11-11T14:30Z","NEON.LTR.TREE054762.20161107","NEON.LTR.TREE054762.20161107.LVS","NEON.DOC.001710vE","Leaves",2.84,"N","","hE8YqXO7sNiNpTQ8TwLBTEwXi3KL/fpp"
"b36bad23-d93c-4e7e-aa30-6b0636e7a947","TREE_054.basePlot.ltr","D05","TREE","TREE_054","TREE_054_762","2016-11-13","2016-10-17","2016-11-07","2016-11-08T22:00Z","2016-11-11T14:30Z","NEON.LTR.TREE054762.20161107","NEON.LTR.TREE054762.20161107.LVS","NEON.DOC.001710vE","Leaves",2.84,"Y","","hE8YqXO7sNiNpTQ8TwLBTEwXi3KL/fpp"
"63f46d91-fd4c-4fe4-9548-706e467cf1b4","TREE_054.basePlot.ltr","D05","TREE","TREE_054","TREE_054_762","2016-11-13","2016-10-17","2016-11-07","2016-11-08T22:00Z","2016-11-11T14:30Z","NEON.LTR.TREE054762.20161107","NEON.LTR.TREE054762.20161107.NDL","NEON.DOC.001710vE","Needles",1.92,"N","","hE8YqXO7sNiNpTQ8TwLBTEwXi3KL/fpp"
"60161751-4c3c-43a2-b7ca-881cbe86afd3","TREE_054.basePlot.ltr","D05","TREE","TREE_054","TREE_054_762","2016-11-13","2016-10-17","2016-11-07","2016-11-08T22:00Z","2016-11-11T14:30Z","NEON.LTR.TREE054762.20161107","NEON.LTR.TREE054762.20161107.OTH","NEON.DOC.001710vE","Other",0.1,"N","","hE8YqXO7sNiNpTQ8TwLBTEwXi3KL/fpp"
"a7e8cb37-e80b-4001-8017-3629fb9637e7","TREE_052.basePlot.ltr","D05","TREE","TREE_052","TREE_052_066","2016-11-13","2016-10-17","2016-11-07","2016-11-08T22:00Z","2016-11-11T14:30Z","NEON.LTR.TREE052066.20161107","NEON.LTR.TREE052066.20161107.SDS","NEON.DOC.001710vE","Seeds",0.35,"N","","hE8YqXO7sNiNpTQ8TwLBTEwXi3KL/fpp"
"8e6a53e5-f70f-47ee-b0c8-66e7b28205ae","TREE_052.basePlot.ltr","D05","TREE","TREE_052","TREE_052_066","2016-11-13","2016-10-17","2016-11-07","2016-11-08T22:00Z","2016-11-11T14:30Z","NEON.LTR.TREE052066.20161107","NEON.LTR.TREE052066.20161107.WDY","NEON.DOC.001710vE","Woody material",0.005,"N","","hE8YqXO7sNiNpTQ8TwLBTEwXi3KL/fpp"
"cdc5aecf-9633-4ba1-87e7-a7a4b3c7a75d","TREE_052.basePlot.ltr","D05","TREE","TREE_052","TREE_052_066","2016-11-13","2016-10-17","2016-11-07","2016-11-08T22:00Z","2016-11-11T14:30Z","NEON.LTR.TREE052066.20161107","NEON.LTR.TREE052066.20161107.FLR","NEON.DOC.001710vE","Flowers",0.06,"N","","hE8YqXO7sNiNpTQ8TwLBTEwXi3KL/fpp"
"af2952ba-8e4d-4626-a907-b4e43c4720a2","TREE_052.basePlot.ltr","D05","TREE","TREE_052","TREE_052_066","2016-11-13","2016-10-17","2016-11-07","2016-11-08T22:00Z","2016-11-11T14:30Z","NEON.LTR.TREE052066.20161107","NEON.LTR.TREE052066.20161107.OTH","NEON.DOC.001710vE","Other",0.15,"N","","hE8YqXO7sNiNpTQ8TwLBTEwXi3KL/fpp"
"38469f9f-e06c-4ed7-95b9-2accf44f85e6","TREE_052.basePlot.ltr","D05","TREE","TREE_052","TREE_052_066","2016-11-13","2016-10-17","2016-11-07","2016-11-08T22:00Z","2016-11-11T14:30Z","NEON.LTR.TREE052066.20161107","NEON.LTR.TREE052066.20161107.NDL","NEON.DOC.001710vE","Needles",0.1,"N","","hE8YqXO7sNiNpTQ8TwLBTEwXi3KL/fpp"
"bd545267-dd19-4c32-ad16-5677cdb8cb79","TREE_052.basePlot.ltr","D05","TREE","TREE_052","TREE_052_066","2016-11-13","2016-10-17","2016-11-07","2016-11-08T22:00Z","2016-11-11T14:30Z","NEON.LTR.TREE052066.20161107","NEON.LTR.TREE052066.20161107.LVS","NEON.DOC.001710vE","Leaves",4.06,"N","","hE8YqXO7sNiNpTQ8TwLBTEwXi3KL/fpp"
"b1de570c-eb15-4024-ad4c-227ae38c6318","TREE_045.basePlot.ltr","D05","TREE","TREE_045","TREE_045_349","2016-11-13","2016-10-17","2016-11-07","2016-11-08T22:00Z","2016-11-11T14:30Z","NEON.LTR.TREE045349.20161107","NEON.LTR.TREE045349.20161107.OTH","NEON.DOC.001710vE","Other",0.18,"Y","","hE8YqXO7sNiNpTQ8TwLBTEwXi3KL/fpp"
"62360ea7-8ad8-4141-84fb-ae505085ae10","TREE_045.basePlot.ltr","D05","TREE","TREE_045","TREE_045_349","2016-11-13","2016-10-17","2016-11-07","2016-11-08T22:00Z","2016-11-11T14:30Z","NEON.LTR.TREE045349.20161107","NEON.LTR.TREE045349.20161107.OTH","NEON.DOC.001710vE","Other",0.2,"N","","hE8YqXO7sNiNpTQ8TwLBTEwXi3KL/fpp"
"efaee54e-6d97-4a26-80fa-0ef5e7f14b56","TREE_052.basePlot.ltr","D05","TREE","TREE_052","TREE_052_066","2016-11-13","2016-10-17","2016-11-07","2016-11-08T22:00Z","2016-11-11T14:30Z","NEON.LTR.TREE052066.20161107","NEON.LTR.TREE052066.20161107.TWI","NEON.DOC.001710vE","Twigs/branches",0.16,"N","","hE8YqXO7sNiNpTQ8TwLBTEwXi3KL/fpp"
"c03df988-f261-4e72-b34d-7363c24acfaf","TREE_045.basePlot.ltr","D05","TREE","TREE_045","TREE_045_349","2016-11-13","2016-10-17","2016-11-07","2016-11-08T22:00Z","2016-11-11T14:30Z","NEON.LTR.TREE045349.20161107","NEON.LTR.TREE045349.20161107.LVS","NEON.DOC.001710vE","Leaves",2.27,"N","","hE8YqXO7sNiNpTQ8TwLBTEwXi3KL/fpp"
"8add4b39-bd82-4253-ac90-05668dc49e44","TREE_055.basePlot.ltr","D05","TREE","TREE_055","TREE_055_595","2016-11-13","2016-10-17","2016-11-07","2016-11-08T22:00Z","2016-11-11T14:30Z","NEON.LTR.TREE055595.20161107","NEON.LTR.TREE055595.20161107.OTH","NEON.DOC.001710vE","Other",0.08,"N","","hE8YqXO7sNiNpTQ8TwLBTEwXi3KL/fpp"
"c3e7c313-d4a3-4d0d-a6e1-c759131eb63f","TREE_055.basePlot.ltr","D05","TREE","TREE_055","TREE_055_595","2016-11-13","2016-10-17","2016-11-07","2016-11-08T22:00Z","2016-11-11T14:30Z","NEON.LTR.TREE055595.20161107","NEON.LTR.TREE055595.20161107.FLR","NEON.DOC.001710vE","Flowers",0,"N","","hE8YqXO7sNiNpTQ8TwLBTEwXi3KL/fpp"
"7631bcd7-2301-4253-b577-e6eb10530afb","TREE_055.basePlot.ltr","D05","TREE","TREE_055","TREE_055_595","2016-11-13","2016-10-17","2016-11-07","2016-11-08T22:00Z","2016-11-11T14:30Z","NEON.LTR.TREE055595.20161107","NEON.LTR.TREE055595.20161107.NDL","NEON.DOC.001710vE","Needles",0,"N","","hE8YqXO7sNiNpTQ8TwLBTEwXi3KL/fpp"
"0957bbb5-b908-43d9-8aeb-3adb85fcc9e5","TREE_055.basePlot.ltr","D05","TREE","TREE_055","TREE_055_595","2016-11-13","2016-10-17","2016-11-07","2016-11-08T22:00Z","2016-11-11T14:30Z","NEON.LTR.TREE055595.20161107","NEON.LTR.TREE055595.20161107.LVS","NEON.DOC.001710vE","Leaves",2.5,"N","","hE8YqXO7sNiNpTQ8TwLBTEwXi3KL/fpp"
"9881a68c-3b9c-40a0-bc9d-7658671040d4","TREE_055.basePlot.ltr","D05","TREE","TREE_055","TREE_055_595","2016-11-13","2016-10-17","2016-11-07","2016-11-08T22:00Z","2016-11-11T14:30Z","NEON.LTR.TREE055595.20161107","NEON.LTR.TREE055595.20161107.SDS","NEON.DOC.001710vE","Seeds",0.24,"N","","hE8YqXO7sNiNpTQ8TwLBTEwXi3KL/fpp"
"42da2af1-51f1-48a4-960f-c5e49d227053","TREE_055.basePlot.ltr","D05","TREE","TREE_055","TREE_055_595","2016-11-13","2016-10-17","2016-11-07","2016-11-08T22:00Z","2016-11-11T14:30Z","NEON.LTR.TREE055595.20161107","NEON.LTR.TREE055595.20161107.TWI","NEON.DOC.001710vE","Twigs/branches",1.09,"N","","hE8YqXO7sNiNpTQ8TwLBTEwXi3KL/fpp"
"694c886e-3d70-4b2d-91f8-8cd13f1cc62f","TREE_055.basePlot.ltr","D05","TREE","TREE_055","TREE_055_595","2016-11-13","2016-10-17","2016-11-07","2016-11-08T22:00Z","2016-11-11T14:30Z","NEON.LTR.TREE055595.20161107","NEON.LTR.TREE055595.20161107.WDY","NEON.DOC.001710vE","Woody material",0.005,"N","","hE8YqXO7sNiNpTQ8TwLBTEwXi3KL/fpp"
"da45be4d-9be3-45d6-a8ea-829fa7af1c1d","TREE_039.basePlot.ltr","D05","TREE","TREE_039","TREE_039_891","2016-11-11","2016-10-17","2016-11-07","2016-11-08T22:00Z","2016-11-11T14:30Z","NEON.LTR.TREE039891.20161107","NEON.LTR.TREE039891.20161107.FLR","NEON.DOC.001710vE","Flowers",0.005,"N","","hE8YqXO7sNiNpTQ8TwLBTEwXi3KL/fpp"
"f3e5ba0b-784a-4e75-8601-3f7b16aea8bb","TREE_039.basePlot.ltr","D05","TREE","TREE_039","TREE_039_891","2016-11-11","2016-10-17","2016-11-07","2016-11-08T22:00Z","2016-11-11T14:30Z","NEON.LTR.TREE039891.20161107","NEON.LTR.TREE039891.20161107.OTH","NEON.DOC.001710vE","Other",0.15,"N","","hE8YqXO7sNiNpTQ8TwLBTEwXi3KL/fpp"
"d7f0566f-4d73-4b35-aad1-347c5a3769a8","TREE_039.basePlot.ltr","D05","TREE","TREE_039","TREE_039_891","2016-11-11","2016-10-17","2016-11-07","2016-11-08T22:00Z","2016-11-11T14:30Z","NEON.LTR.TREE039891.20161107","NEON.LTR.TREE039891.20161107.TWI","NEON.DOC.001710vE","Twigs/branches",0.08,"N","","hE8YqXO7sNiNpTQ8TwLBTEwXi3KL/fpp"
"4a83c033-44d8-442f-b232-290101932c05","TREE_039.basePlot.ltr","D05","TREE","TREE_039","TREE_039_891","2016-11-11","2016-10-17","2016-11-07","2016-11-08T22:00Z","2016-11-11T14:30Z","NEON.LTR.TREE039891.20161107","NEON.LTR.TREE039891.20161107.SDS","NEON.DOC.001710vE","Seeds",0.07,"N","","hE8YqXO7sNiNpTQ8TwLBTEwXi3KL/fpp"
"fb6ec302-0cf9-4000-9dc8-bd9ec58ec969","TREE_039.basePlot.ltr","D05","TREE","TREE_039","TREE_039_891","2016-11-11","2016-10-17","2016-11-07","2016-11-08T22:00Z","2016-11-11T14:30Z","NEON.LTR.TREE039891.20161107","NEON.LTR.TREE039891.20161107.WDY","NEON.DOC.001710vE","Woody material",0,"N","","hE8YqXO7sNiNpTQ8TwLBTEwXi3KL/fpp"
"33b2c4e3-c926-40e9-9a5b-78a4516356f5","TREE_039.basePlot.ltr","D05","TREE","TREE_039","TREE_039_891","2016-11-11","2016-10-17","2016-11-07","2016-11-08T22:00Z","2016-11-11T14:30Z","NEON.LTR.TREE039891.20161107","NEON.LTR.TREE039891.20161107.LVS","NEON.DOC.001710vE","Leaves",4.61,"N","","hE8YqXO7sNiNpTQ8TwLBTEwXi3KL/fpp"
"f016a6a6-daeb-47ea-873a-a54d318332f0","TREE_039.basePlot.ltr","D05","TREE","TREE_039","TREE_039_891","2016-11-11","2016-10-17","2016-11-07","2016-11-08T22:00Z","2016-11-11T14:30Z","NEON.LTR.TREE039891.20161107","NEON.LTR.TREE039891.20161107.NDL","NEON.DOC.001710vE","Needles",2.22,"N","","hE8YqXO7sNiNpTQ8TwLBTEwXi3KL/fpp"
"49226967-a59e-405f-a64f-a0066d8919e5","TREE_048.basePlot.ltr","D05","TREE","TREE_048","TREE_048_810","2016-11-13","2016-10-17","2016-11-07","2016-11-08T22:00Z","2016-11-11T14:30Z","NEON.LTR.TREE048810.20161107","NEON.LTR.TREE048810.20161107.LVS","NEON.DOC.001710vE","Leaves",0.61,"N","","hE8YqXO7sNiNpTQ8TwLBTEwXi3KL/fpp"
"75dcce00-4697-43dc-b71e-9c7f5075b900","TREE_048.basePlot.ltr","D05","TREE","TREE_048","TREE_048_810","2016-11-13","2016-10-17","2016-11-07","2016-11-08T22:00Z","2016-11-11T14:30Z","NEON.LTR.TREE048810.20161107","NEON.LTR.TREE048810.20161107.TWI","NEON.DOC.001710vE","Twigs/branches",0.39,"Y","","hE8YqXO7sNiNpTQ8TwLBTEwXi3KL/fpp"
"dc82781c-767a-47de-9858-213d7c71c737","TREE_048.basePlot.ltr","D05","TREE","TREE_048","TREE_048_810","2016-11-13","2016-10-17","2016-11-07","2016-11-08T22:00Z","2016-11-11T14:30Z","NEON.LTR.TREE048810.20161107","NEON.LTR.TREE048810.20161107.TWI","NEON.DOC.001710vE","Twigs/branches",0.37,"N","","hE8YqXO7sNiNpTQ8TwLBTEwXi3KL/fpp"
"7e95e946-bd53-438b-87b2-5ec323e67028","TREE_048.basePlot.ltr","D05","TREE","TREE_048","TREE_048_810","2016-11-13","2016-10-17","2016-11-07","2016-11-08T22:00Z","2016-11-11T14:30Z","NEON.LTR.TREE048810.20161107","NEON.LTR.TREE048810.20161107.OTH","NEON.DOC.001710vE","Other",0.13,"N","","hE8YqXO7sNiNpTQ8TwLBTEwXi3KL/fpp"
"4f3fd63c-269e-4c91-bb7d-b606c2a8f69d","TREE_048.basePlot.ltr","D05","TREE","TREE_048","TREE_048_810","2016-11-13","2016-10-17","2016-11-07","2016-11-08T22:00Z","2016-11-11T14:30Z","NEON.LTR.TREE048810.20161107","NEON.LTR.TREE048810.20161107.NDL","NEON.DOC.001710vE","Needles",13.23,"N","","hE8YqXO7sNiNpTQ8TwLBTEwXi3KL/fpp"
"dcca4646-7c1a-4da0-8710-baf9c34697a1","TREE_048.basePlot.ltr","D05","TREE","TREE_048","TREE_048_810","2016-11-13","2016-10-17","2016-11-07","2016-11-08T22:00Z","2016-11-11T14:30Z","NEON.LTR.TREE048810.20161107","NEON.LTR.TREE048810.20161107.WDY","NEON.DOC.001710vE","Woody material",1.77,"Y","","hE8YqXO7sNiNpTQ8TwLBTEwXi3KL/fpp"
"1e7609e9-e9ba-4af3-b314-900ff2265cf3","TREE_048.basePlot.ltr","D05","TREE","TREE_048","TREE_048_810","2016-11-13","2016-10-17","2016-11-07","2016-11-08T22:00Z","2016-11-11T14:30Z","NEON.LTR.TREE048810.20161107","NEON.LTR.TREE048810.20161107.SDS","NEON.DOC.001710vE","Seeds",0.005,"N","","hE8YqXO7sNiNpTQ8TwLBTEwXi3KL/fpp"
"a3b77f99-7ec1-4aa5-a2e8-36888759654b","TREE_048.basePlot.ltr","D05","TREE","TREE_048","TREE_048_810","2016-11-13","2016-10-17","2016-11-07","2016-11-08T22:00Z","2016-11-11T14:30Z","NEON.LTR.TREE048810.20161107","NEON.LTR.TREE048810.20161107.WDY","NEON.DOC.001710vE","Woody material",1.74,"N","","hE8YqXO7sNiNpTQ8TwLBTEwXi3KL/fpp"
"c00b4c1a-5979-4941-9533-d94899f064a8","TREE_048.basePlot.ltr","D05","TREE","TREE_048","TREE_048_810","2016-11-13","2016-10-17","2016-11-07","2016-11-08T22:00Z","2016-11-11T14:30Z","NEON.LTR.TREE048810.20161107","NEON.LTR.TREE048810.20161107.FLR","NEON.DOC.001710vE","Flowers",0.005,"N","","hE8YqXO7sNiNpTQ8TwLBTEwXi3KL/fpp"
"b9e5a101-279d-4c27-8006-2dc407abe5ce","TREE_044.basePlot.ltr","D05","TREE","TREE_044","TREE_044_764","2016-11-13","2016-10-17","2016-11-07","2016-11-08T22:00Z","2016-11-11T14:30Z","NEON.LTR.TREE044764.20161107","NEON.LTR.TREE044764.20161107.WDY","NEON.DOC.001710vE","Woody material",0.005,"N","","hE8YqXO7sNiNpTQ8TwLBTEwXi3KL/fpp"
"137ed3f1-b555-4622-9102-a36be5a96035","TREE_044.basePlot.ltr","D05","TREE","TREE_044","TREE_044_764","2016-11-13","2016-10-17","2016-11-07","2016-11-08T22:00Z","2016-11-11T14:30Z","NEON.LTR.TREE044764.20161107","NEON.LTR.TREE044764.20161107.TWI","NEON.DOC.001710vE","Twigs/branches",0.25,"N","","hE8YqXO7sNiNpTQ8TwLBTEwXi3KL/fpp"
"4d08a006-d152-4395-a325-67b61cc737d0","TREE_044.basePlot.ltr","D05","TREE","TREE_044","TREE_044_764","2016-11-13","2016-10-17","2016-11-07","2016-11-08T22:00Z","2016-11-11T14:30Z","NEON.LTR.TREE044764.20161107","NEON.LTR.TREE044764.20161107.OTH","NEON.DOC.001710vE","Other",0.01,"N","","hE8YqXO7sNiNpTQ8TwLBTEwXi3KL/fpp"
"8fe96797-d4a9-43ef-9da8-3c4a61a85d16","TREE_044.basePlot.ltr","D05","TREE","TREE_044","TREE_044_764","2016-11-13","2016-10-17","2016-11-07","2016-11-08T22:00Z","2016-11-11T14:30Z","NEON.LTR.TREE044764.20161107","NEON.LTR.TREE044764.20161107.LVS","NEON.DOC.001710vE","Leaves",2.28,"N","","hE8YqXO7sNiNpTQ8TwLBTEwXi3KL/fpp"
"a107dfd9-e424-4ff4-8d1f-f95fb4bcbff8","TREE_044.basePlot.ltr","D05","TREE","TREE_044","TREE_044_764","2016-11-13","2016-10-17","2016-11-07","2016-11-08T22:00Z","2016-11-11T14:30Z","NEON.LTR.TREE044764.20161107","NEON.LTR.TREE044764.20161107.SDS","NEON.DOC.001710vE","Seeds",0.005,"Y","","hE8YqXO7sNiNpTQ8TwLBTEwXi3KL/fpp"
"06a975d7-bb23-4b27-91d6-775af610b747","TREE_044.basePlot.ltr","D05","TREE","TREE_044","TREE_044_764","2016-11-13","2016-10-17","2016-11-07","2016-11-08T22:00Z","2016-11-11T14:30Z","NEON.LTR.TREE044764.20161107","NEON.LTR.TREE044764.20161107.FLR","NEON.DOC.001710vE","Flowers",0,"N","","hE8YqXO7sNiNpTQ8TwLBTEwXi3KL/fpp"
"8241f674-d771-4559-8eb2-e8328410b8ac","TREE_044.basePlot.ltr","D05","TREE","TREE_044","TREE_044_764","2016-11-13","2016-10-17","2016-11-07","2016-11-08T22:00Z","2016-11-11T14:30Z","NEON.LTR.TREE044764.20161107","NEON.LTR.TREE044764.20161107.SDS","NEON.DOC.001710vE","Seeds",0.005,"N","","hE8YqXO7sNiNpTQ8TwLBTEwXi3KL/fpp"
"7fee202a-4be1-4b0e-9da7-13e91f4eaebe","TREE_044.basePlot.ltr","D05","TREE","TREE_044","TREE_044_764","2016-11-13","2016-10-17","2016-11-07","2016-11-08T22:00Z","2016-11-11T14:30Z","NEON.LTR.TREE044764.20161107","NEON.LTR.TREE044764.20161107.NDL","NEON.DOC.001710vE","Needles",0.02,"N","","hE8YqXO7sNiNpTQ8TwLBTEwXi3KL/fpp"
"8f1ba0c8-f7b1-4843-adbe-f932b772de30","TREE_044.basePlot.ltr","D05","TREE","TREE_044","TREE_044_601","2016-11-11","2016-10-17","2016-11-07","2016-11-08T22:00Z","2016-11-11T14:30Z","NEON.LTR.TREE044601.20161107","NEON.LTR.TREE044601.20161107.NDL","NEON.DOC.001710vE","Needles",0,"N","","hE8YqXO7sNiNpTQ8TwLBTEwXi3KL/fpp"
"67e8c971-d836-438c-a011-58028e214f81","TREE_044.basePlot.ltr","D05","TREE","TREE_044","TREE_044_601","2016-11-11","2016-10-17","2016-11-07","2016-11-08T22:00Z","2016-11-11T14:30Z","NEON.LTR.TREE044601.20161107","NEON.LTR.TREE044601.20161107.WDY","NEON.DOC.001710vE","Woody material",0,"N","","hE8YqXO7sNiNpTQ8TwLBTEwXi3KL/fpp"
"55295f12-bfe9-4cf3-a1ec-114c6d443d83","TREE_044.basePlot.ltr","D05","TREE","TREE_044","TREE_044_601","2016-11-11","2016-10-17","2016-11-07","2016-11-08T22:00Z","2016-11-11T14:30Z","NEON.LTR.TREE044601.20161107","NEON.LTR.TREE044601.20161107.LVS","NEON.DOC.001710vE","Leaves",1.84,"N","","hE8YqXO7sNiNpTQ8TwLBTEwXi3KL/fpp"
"ce2f2a67-fb96-41af-b3ec-8663a477315a","TREE_044.basePlot.ltr","D05","TREE","TREE_044","TREE_044_601","2016-11-11","2016-10-17","2016-11-07","2016-11-08T22:00Z","2016-11-11T14:30Z","NEON.LTR.TREE044601.20161107","NEON.LTR.TREE044601.20161107.TWI","NEON.DOC.001710vE","Twigs/branches",1.16,"N","","hE8YqXO7sNiNpTQ8TwLBTEwXi3KL/fpp"
"aefa9017-0d70-4bf9-82f3-701aa2fbd9e3","TREE_044.basePlot.ltr","D05","TREE","TREE_044","TREE_044_601","2016-11-11","2016-10-17","2016-11-07","2016-11-08T22:00Z","2016-11-11T14:30Z","NEON.LTR.TREE044601.20161107","NEON.LTR.TREE044601.20161107.OTH","NEON.DOC.001710vE","Other",0.12,"N","","hE8YqXO7sNiNpTQ8TwLBTEwXi3KL/fpp"
"dd82ee74-92b1-4f3b-b21b-7fc7bbaad0b8","TREE_044.basePlot.ltr","D05","TREE","TREE_044","TREE_044_601","2016-11-11","2016-10-17","2016-11-07","2016-11-08T22:00Z","2016-11-11T14:30Z","NEON.LTR.TREE044601.20161107","NEON.LTR.TREE044601.20161107.FLR","NEON.DOC.001710vE","Flowers",0,"N","","hE8YqXO7sNiNpTQ8TwLBTEwXi3KL/fpp"
"2b88871f-042a-4794-823b-0319109c36d7","TREE_044.basePlot.ltr","D05","TREE","TREE_044","TREE_044_601","2016-11-11","2016-10-17","2016-11-07","2016-11-08T22:00Z","2016-11-11T14:30Z","NEON.LTR.TREE044601.20161107","NEON.LTR.TREE044601.20161107.SDS","NEON.DOC.001710vE","Seeds",0,"N","","hE8YqXO7sNiNpTQ8TwLBTEwXi3KL/fpp"
"ab565a34-06e8-4c49-8f1c-cf82b8edf99d","TREE_044.basePlot.ltr","D05","TREE","TREE_044","TREE_044_601","2016-11-11","2016-10-17","2016-11-07","2016-11-08T22:00Z","2016-11-11T14:30Z","NEON.LTR.TREE044601.20161107","NEON.LTR.TREE044601.20161107.TWI","NEON.DOC.001710vE","Twigs/branches",1.18,"Y","","hE8YqXO7sNiNpTQ8TwLBTEwXi3KL/fpp"
"aeaeb48c-63f1-4f71-b6da-2ef3cee223e0","TREE_056.basePlot.ltr","D05","TREE","TREE_056","TREE_056_168","2016-11-11","2016-10-17","2016-11-07","2016-11-08T22:00Z","2016-11-11T14:30Z","NEON.LTR.TREE056168.20161107","NEON.LTR.TREE056168.20161107.OTH","NEON.DOC.001710vE","Other",0,"N","","hE8YqXO7sNiNpTQ8TwLBTEwXi3KL/fpp"
"810d2246-b789-4c10-83ff-257b4bab79a4","TREE_056.basePlot.ltr","D05","TREE","TREE_056","TREE_056_168","2016-11-11","2016-10-17","2016-11-07","2016-11-08T22:00Z","2016-11-11T14:30Z","NEON.LTR.TREE056168.20161107","NEON.LTR.TREE056168.20161107.FLR","NEON.DOC.001710vE","Flowers",0,"N","","hE8YqXO7sNiNpTQ8TwLBTEwXi3KL/fpp"
"20320a37-70f5-45f1-846d-1d9b5727463a","TREE_056.basePlot.ltr","D05","TREE","TREE_056","TREE_056_168","2016-11-11","2016-10-17","2016-11-07","2016-11-08T22:00Z","2016-11-11T14:30Z","NEON.LTR.TREE056168.20161107","NEON.LTR.TREE056168.20161107.WDY","NEON.DOC.001710vE","Woody material",1.06,"N","I think the other groups from this plot were mis labeled.","hE8YqXO7sNiNpTQ8TwLBTEwXi3KL/fpp"
"a4f2c1db-97f3-428a-abb6-14a68bb0b778","TREE_056.basePlot.ltr","D05","TREE","TREE_056","TREE_056_168","2016-11-11","2016-10-17","2016-11-07","2016-11-08T22:00Z","2016-11-11T14:30Z","NEON.LTR.TREE056168.20161107","NEON.LTR.TREE056168.20161107.LVS","NEON.DOC.001710vE","Leaves",0,"N","","hE8YqXO7sNiNpTQ8TwLBTEwXi3KL/fpp"
"810cdd27-dceb-4fcb-b3d2-8a12f06dd9a7","TREE_056.basePlot.ltr","D05","TREE","TREE_056","TREE_056_168","2016-11-11","2016-10-17","2016-11-07","2016-11-08T22:00Z","2016-11-11T14:30Z","NEON.LTR.TREE056168.20161107","NEON.LTR.TREE056168.20161107.NDL","NEON.DOC.001710vE","Needles",0,"N","","hE8YqXO7sNiNpTQ8TwLBTEwXi3KL/fpp"
"99613619-4a85-49e0-b77f-9f827a7a0c69","TREE_056.basePlot.ltr","D05","TREE","TREE_056","TREE_056_168","2016-11-11","2016-10-17","2016-11-07","2016-11-08T22:00Z","2016-11-11T14:30Z","NEON.LTR.TREE056168.20161107","NEON.LTR.TREE056168.20161107.TWI","NEON.DOC.001710vE","Twigs/branches",0.005,"N","","hE8YqXO7sNiNpTQ8TwLBTEwXi3KL/fpp"
"7f609671-cb63-423d-be35-4f86500f254f","TREE_056.basePlot.ltr","D05","TREE","TREE_056","TREE_056_168","2016-11-11","2016-10-17","2016-11-07","2016-11-08T22:00Z","2016-11-11T14:30Z","NEON.LTR.TREE056168.20161107","NEON.LTR.TREE056168.20161107.SDS","NEON.DOC.001710vE","Seeds",0,"N","","hE8YqXO7sNiNpTQ8TwLBTEwXi3KL/fpp"
"a93f8d93-706f-4443-ac33-b7278e32603e","TREE_043.basePlot.ltr","D05","TREE","TREE_043","TREE_043_613","2016-11-11","2016-10-17","2016-11-07","2016-11-08T22:00Z","2016-11-11T14:30Z","NEON.LTR.TREE043613.20161107","NEON.LTR.TREE043613.20161107.WDY","NEON.DOC.001710vE","Woody material",1.16,"N","","hE8YqXO7sNiNpTQ8TwLBTEwXi3KL/fpp"
"9949f2be-b80a-4876-a89c-f63f449c68cf","TREE_043.basePlot.ltr","D05","TREE","TREE_043","TREE_043_613","2016-11-11","2016-10-17","2016-11-07","2016-11-08T22:00Z","2016-11-11T14:30Z","NEON.LTR.TREE043613.20161107","NEON.LTR.TREE043613.20161107.SDS","NEON.DOC.001710vE","Seeds",0.005,"N","","hE8YqXO7sNiNpTQ8TwLBTEwXi3KL/fpp"
"959c9ad4-0dbb-48a0-a94e-deb3d95512d8","TREE_043.basePlot.ltr","D05","TREE","TREE_043","TREE_043_613","2016-11-11","2016-10-17","2016-11-07","2016-11-08T22:00Z","2016-11-11T14:30Z","NEON.LTR.TREE043613.20161107","NEON.LTR.TREE043613.20161107.FLR","NEON.DOC.001710vE","Flowers",0.005,"N","","hE8YqXO7sNiNpTQ8TwLBTEwXi3KL/fpp"
"f3eddfbc-12c1-4665-8c37-07349a4964fa","TREE_043.basePlot.ltr","D05","TREE","TREE_043","TREE_043_613","2016-11-11","2016-10-17","2016-11-07","2016-11-08T22:00Z","2016-11-11T14:30Z","NEON.LTR.TREE043613.20161107","NEON.LTR.TREE043613.20161107.NDL","NEON.DOC.001710vE","Needles",19.71,"N","","hE8YqXO7sNiNpTQ8TwLBTEwXi3KL/fpp"
"2c2f24e1-74b9-46f6-afd5-77347c7c281f","TREE_043.basePlot.ltr","D05","TREE","TREE_043","TREE_043_613","2016-11-11","2016-10-17","2016-11-07","2016-11-08T22:00Z","2016-11-11T14:30Z","NEON.LTR.TREE043613.20161107","NEON.LTR.TREE043613.20161107.LVS","NEON.DOC.001710vE","Leaves",0.71,"N","","hE8YqXO7sNiNpTQ8TwLBTEwXi3KL/fpp"
"374f6c3d-f96d-45b7-b0d8-f26e0073b08a","TREE_043.basePlot.ltr","D05","TREE","TREE_043","TREE_043_613","2016-11-11","2016-10-17","2016-11-07","2016-11-08T22:00Z","2016-11-11T14:30Z","NEON.LTR.TREE043613.20161107","NEON.LTR.TREE043613.20161107.OTH","NEON.DOC.001710vE","Other",0.005,"N","","hE8YqXO7sNiNpTQ8TwLBTEwXi3KL/fpp"
"a3e6fba5-02c4-4599-a5b6-abc5d7e4b8f5","TREE_043.basePlot.ltr","D05","TREE","TREE_043","TREE_043_613","2016-11-11","2016-10-17","2016-11-07","2016-11-08T22:00Z","2016-11-11T14:30Z","NEON.LTR.TREE043613.20161107","NEON.LTR.TREE043613.20161107.TWI","NEON.DOC.001710vE","Twigs/branches",0.82,"N","","hE8YqXO7sNiNpTQ8TwLBTEwXi3KL/fpp"
"79c584d3-08ba-41e4-af06-8b1f2abd2458","TREE_048.basePlot.ltr","D05","TREE","TREE_048","TREE_048_578","2016-11-11","2016-10-17","2016-11-07","2016-11-08T22:00Z","2016-11-11T14:30Z","NEON.LTR.TREE048578.20161107","NEON.LTR.TREE048578.20161107.LVS","NEON.DOC.001710vE","Leaves",0.87,"N","","hE8YqXO7sNiNpTQ8TwLBTEwXi3KL/fpp"
"b98e0cb9-d0c5-41e1-b13a-387d3514b17b","TREE_048.basePlot.ltr","D05","TREE","TREE_048","TREE_048_578","2016-11-11","2016-10-17","2016-11-07","2016-11-08T22:00Z","2016-11-11T14:30Z","NEON.LTR.TREE048578.20161107","NEON.LTR.TREE048578.20161107.OTH","NEON.DOC.001710vE","Other",0.005,"N","","hE8YqXO7sNiNpTQ8TwLBTEwXi3KL/fpp"
"0e7419f6-52cd-43a2-bd23-a0211a022150","TREE_048.basePlot.ltr","D05","TREE","TREE_048","TREE_048_578","2016-11-11","2016-10-17","2016-11-07","2016-11-08T22:00Z","2016-11-11T14:30Z","NEON.LTR.TREE048578.20161107","NEON.LTR.TREE048578.20161107.NDL","NEON.DOC.001710vE","Needles",14.38,"N","","hE8YqXO7sNiNpTQ8TwLBTEwXi3KL/fpp"
"f3b08e79-3c6a-4556-8122-ba8629f192f3","TREE_048.basePlot.ltr","D05","TREE","TREE_048","TREE_048_578","2016-11-11","2016-10-17","2016-11-07","2016-11-08T22:00Z","2016-11-11T14:30Z","NEON.LTR.TREE048578.20161107","NEON.LTR.TREE048578.20161107.NDL","NEON.DOC.001710vE","Needles",14.38,"Y","","hE8YqXO7sNiNpTQ8TwLBTEwXi3KL/fpp"
"e2fd6d0d-2fb2-47be-a54c-d1a3a402d86f","TREE_048.basePlot.ltr","D05","TREE","TREE_048","TREE_048_578","2016-11-11","2016-10-17","2016-11-07","2016-11-08T22:00Z","2016-11-11T14:30Z","NEON.LTR.TREE048578.20161107","NEON.LTR.TREE048578.20161107.SDS","NEON.DOC.001710vE","Seeds",0.005,"N","","hE8YqXO7sNiNpTQ8TwLBTEwXi3KL/fpp"
"42b8ccb6-24dc-4a78-82ad-fd239e05eaa7","TREE_048.basePlot.ltr","D05","TREE","TREE_048","TREE_048_578","2016-11-11","2016-10-17","2016-11-07","2016-11-08T22:00Z","2016-11-11T14:30Z","NEON.LTR.TREE048578.20161107","NEON.LTR.TREE048578.20161107.FLR","NEON.DOC.001710vE","Flowers",0.24,"N","","hE8YqXO7sNiNpTQ8TwLBTEwXi3KL/fpp"
"239339c8-0113-4468-8a29-eb3e5ba78e59","TREE_048.basePlot.ltr","D05","TREE","TREE_048","TREE_048_578","2016-11-11","2016-10-17","2016-11-07","2016-11-08T22:00Z","2016-11-11T14:30Z","NEON.LTR.TREE048578.20161107","NEON.LTR.TREE048578.20161107.TWI","NEON.DOC.001710vE","Twigs/branches",3.58,"N","Fresh branch with needles on it.","hE8YqXO7sNiNpTQ8TwLBTEwXi3KL/fpp"
"787f3174-231c-4a4a-90b4-2ba7311e97fa","TREE_048.basePlot.ltr","D05","TREE","TREE_048","TREE_048_578","2016-11-11","2016-10-17","2016-11-07","2016-11-08T22:00Z","2016-11-11T14:30Z","NEON.LTR.TREE048578.20161107","NEON.LTR.TREE048578.20161107.WDY","NEON.DOC.001710vE","Woody material",5.18,"N","","hE8YqXO7sNiNpTQ8TwLBTEwXi3KL/fpp"
"6d608bc3-2b29-407d-baa5-6472eea1d67e","TREE_040.basePlot.ltr","D05","TREE","TREE_040","TREE_040_405","2016-11-11","2016-10-17","2016-11-07","2016-11-08T22:00Z","2016-11-11T14:30Z","NEON.LTR.TREE040405.20161107","NEON.LTR.TREE040405.20161107.WDY","NEON.DOC.001710vE","Woody material",0,"N","","hE8YqXO7sNiNpTQ8TwLBTEwXi3KL/fpp"
"1b4e13b1-d50a-4d53-b6e8-b53bfe145539","TREE_040.basePlot.ltr","D05","TREE","TREE_040","TREE_040_405","2016-11-11","2016-10-17","2016-11-07","2016-11-08T22:00Z","2016-11-11T14:30Z","NEON.LTR.TREE040405.20161107","NEON.LTR.TREE040405.20161107.SDS","NEON.DOC.001710vE","Seeds",0,"N","","hE8YqXO7sNiNpTQ8TwLBTEwXi3KL/fpp"
"4f06aec2-3dbd-4fc3-bbfc-1ec055ef0116","TREE_040.basePlot.ltr","D05","TREE","TREE_040","TREE_040_405","2016-11-11","2016-10-17","2016-11-07","2016-11-08T22:00Z","2016-11-11T14:30Z","NEON.LTR.TREE040405.20161107","NEON.LTR.TREE040405.20161107.FLR","NEON.DOC.001710vE","Flowers",0,"N","","hE8YqXO7sNiNpTQ8TwLBTEwXi3KL/fpp"
"0d4d8493-a6e8-4bb2-a231-e739a311e58d","TREE_040.basePlot.ltr","D05","TREE","TREE_040","TREE_040_405","2016-11-11","2016-10-17","2016-11-07","2016-11-08T22:00Z","2016-11-11T14:30Z","NEON.LTR.TREE040405.20161107","NEON.LTR.TREE040405.20161107.NDL","NEON.DOC.001710vE","Needles",10.9,"N","","hE8YqXO7sNiNpTQ8TwLBTEwXi3KL/fpp"
"91573ce2-db60-4a22-8957-a4746af3630f","TREE_040.basePlot.ltr","D05","TREE","TREE_040","TREE_040_405","2016-11-11","2016-10-17","2016-11-07","2016-11-08T22:00Z","2016-11-11T14:30Z","NEON.LTR.TREE040405.20161107","NEON.LTR.TREE040405.20161107.TWI","NEON.DOC.001710vE","Twigs/branches",0,"N","","hE8YqXO7sNiNpTQ8TwLBTEwXi3KL/fpp"
"2b4a9baa-7b8e-4be9-b876-b89671f43f84","TREE_040.basePlot.ltr","D05","TREE","TREE_040","TREE_040_405","2016-11-11","2016-10-17","2016-11-07","2016-11-08T22:00Z","2016-11-11T14:30Z","NEON.LTR.TREE040405.20161107","NEON.LTR.TREE040405.20161107.LVS","NEON.DOC.001710vE","Leaves",6.84,"N","","hE8YqXO7sNiNpTQ8TwLBTEwXi3KL/fpp"
"07ec4c6f-03d7-4e92-9b44-1d83126dfff1","TREE_040.basePlot.ltr","D05","TREE","TREE_040","TREE_040_405","2016-11-11","2016-10-17","2016-11-07","2016-11-08T22:00Z","2016-11-11T14:30Z","NEON.LTR.TREE040405.20161107","NEON.LTR.TREE040405.20161107.OTH","NEON.DOC.001710vE","Other",0.39,"N","","hE8YqXO7sNiNpTQ8TwLBTEwXi3KL/fpp"
"0546be0d-2359-4fa5-84e9-18276af0c9b5","TREE_053.basePlot.ltr","D05","TREE","TREE_053","TREE_053_790","2016-11-11","2016-10-17","2016-11-07","2016-11-08T22:00Z","2016-11-11T14:30Z","NEON.LTR.TREE053790.20161107","NEON.LTR.TREE053790.20161107.FLR","NEON.DOC.001710vE","Flowers",0.005,"N","","hE8YqXO7sNiNpTQ8TwLBTEwXi3KL/fpp"
"18ecbacb-6231-48b3-bf31-db967f168460","TREE_053.basePlot.ltr","D05","TREE","TREE_053","TREE_053_790","2016-11-11","2016-10-17","2016-11-07","2016-11-08T22:00Z","2016-11-11T14:30Z","NEON.LTR.TREE053790.20161107","NEON.LTR.TREE053790.20161107.WDY","NEON.DOC.001710vE","Woody material",0.31,"N","","hE8YqXO7sNiNpTQ8TwLBTEwXi3KL/fpp"
"d8d6e247-19dc-4abf-a67e-106fc0d7d3e3","TREE_053.basePlot.ltr","D05","TREE","TREE_053","TREE_053_790","2016-11-11","2016-10-17","2016-11-07","2016-11-08T22:00Z","2016-11-11T14:30Z","NEON.LTR.TREE053790.20161107","NEON.LTR.TREE053790.20161107.SDS","NEON.DOC.001710vE","Seeds",0.12,"N","","hE8YqXO7sNiNpTQ8TwLBTEwXi3KL/fpp"
"c62dec72-9d44-427a-84fc-df419139d927","TREE_053.basePlot.ltr","D05","TREE","TREE_053","TREE_053_790","2016-11-11","2016-10-17","2016-11-07","2016-11-08T22:00Z","2016-11-11T14:30Z","NEON.LTR.TREE053790.20161107","NEON.LTR.TREE053790.20161107.TWI","NEON.DOC.001710vE","Twigs/branches",0.25,"N","","hE8YqXO7sNiNpTQ8TwLBTEwXi3KL/fpp"
"3cf73aca-7ae7-4473-bbdf-a300759cf1d6","TREE_053.basePlot.ltr","D05","TREE","TREE_053","TREE_053_790","2016-11-11","2016-10-17","2016-11-07","2016-11-08T22:00Z","2016-11-11T14:30Z","NEON.LTR.TREE053790.20161107","NEON.LTR.TREE053790.20161107.OTH","NEON.DOC.001710vE","Other",0.11,"N","","hE8YqXO7sNiNpTQ8TwLBTEwXi3KL/fpp"
"f9e01d3c-6cdd-4e5e-817d-df3e89c8fa74","TREE_053.basePlot.ltr","D05","TREE","TREE_053","TREE_053_790","2016-11-11","2016-10-17","2016-11-07","2016-11-08T22:00Z","2016-11-11T14:30Z","NEON.LTR.TREE053790.20161107","NEON.LTR.TREE053790.20161107.LVS","NEON.DOC.001710vE","Leaves",3.98,"N","","hE8YqXO7sNiNpTQ8TwLBTEwXi3KL/fpp"
"e58214f9-9a3f-4d10-8c3c-4afbd5228d24","TREE_053.basePlot.ltr","D05","TREE","TREE_053","TREE_053_790","2016-11-11","2016-10-17","2016-11-07","2016-11-08T22:00Z","2016-11-11T14:30Z","NEON.LTR.TREE053790.20161107","NEON.LTR.TREE053790.20161107.NDL","NEON.DOC.001710vE","Needles",0.005,"N","","hE8YqXO7sNiNpTQ8TwLBTEwXi3KL/fpp"
"a7d91d66-bdee-44a1-974b-9feb0877b36c","TREE_051.basePlot.ltr","D05","TREE","TREE_051","TREE_051_578","2016-11-11","2016-10-17","2016-11-07","2016-11-08T22:00Z","2016-11-11T14:30Z","NEON.LTR.TREE051578.20161107","NEON.LTR.TREE051578.20161107.WDY","NEON.DOC.001710vE","Woody material",0,"N","","hE8YqXO7sNiNpTQ8TwLBTEwXi3KL/fpp"
"b89379d0-098c-46e1-adc9-d55001f1dbe3","TREE_051.basePlot.ltr","D05","TREE","TREE_051","TREE_051_578","2016-11-11","2016-10-17","2016-11-07","2016-11-08T22:00Z","2016-11-11T14:30Z","NEON.LTR.TREE051578.20161107","NEON.LTR.TREE051578.20161107.SDS","NEON.DOC.001710vE","Seeds",1.14,"N","","hE8YqXO7sNiNpTQ8TwLBTEwXi3KL/fpp"
"e2598fcb-a3f7-4b70-b671-8a242a602128","TREE_051.basePlot.ltr","D05","TREE","TREE_051","TREE_051_578","2016-11-11","2016-10-17","2016-11-07","2016-11-08T22:00Z","2016-11-11T14:30Z","NEON.LTR.TREE051578.20161107","NEON.LTR.TREE051578.20161107.OTH","NEON.DOC.001710vE","Other",0.07,"N","","hE8YqXO7sNiNpTQ8TwLBTEwXi3KL/fpp"
"7ba6c5d8-b6a5-41fc-a3b5-458324e21840","TREE_051.basePlot.ltr","D05","TREE","TREE_051","TREE_051_578","2016-11-11","2016-10-17","2016-11-07","2016-11-08T22:00Z","2016-11-11T14:30Z","NEON.LTR.TREE051578.20161107","NEON.LTR.TREE051578.20161107.LVS","NEON.DOC.001710vE","Leaves",0.35,"N","","hE8YqXO7sNiNpTQ8TwLBTEwXi3KL/fpp"
"4dca10d4-9170-4d33-a413-643124f4a78f","TREE_051.basePlot.ltr","D05","TREE","TREE_051","TREE_051_578","2016-11-11","2016-10-17","2016-11-07","2016-11-08T22:00Z","2016-11-11T14:30Z","NEON.LTR.TREE051578.20161107","NEON.LTR.TREE051578.20161107.FLR","NEON.DOC.001710vE","Flowers",0.005,"N","","hE8YqXO7sNiNpTQ8TwLBTEwXi3KL/fpp"
"3589d627-a663-4746-b4cf-f61ee56edfae","TREE_051.basePlot.ltr","D05","TREE","TREE_051","TREE_051_578","2016-11-11","2016-10-17","2016-11-07","2016-11-08T22:00Z","2016-11-11T14:30Z","NEON.LTR.TREE051578.20161107","NEON.LTR.TREE051578.20161107.TWI","NEON.DOC.001710vE","Twigs/branches",0.005,"N","","hE8YqXO7sNiNpTQ8TwLBTEwXi3KL/fpp"
"c6e6c697-c43c-4bd7-9633-c40fa97e4524","TREE_051.basePlot.ltr","D05","TREE","TREE_051","TREE_051_578","2016-11-11","2016-10-17","2016-11-07","2016-11-08T22:00Z","2016-11-11T14:30Z","NEON.LTR.TREE051578.20161107","NEON.LTR.TREE051578.20161107.NDL","NEON.DOC.001710vE","Needles",1.9,"N","","hE8YqXO7sNiNpTQ8TwLBTEwXi3KL/fpp"
"f7aa5ced-0678-479d-9bd8-cce0b3808807","UNDE_058.basePlot.ltr","D05","UNDE","UNDE_058","UNDE_058_451","2016-05-25","2015-05-18","2016-05-09","2016-05-16T19:00Z","2016-05-25T21:00Z","NEON.LTR.UNDE058451.20160509","NEON.LTR.UNDE058451.20160509.TWI","NEON.DOC.001710vE","Twigs/branches",67.26,"Y","","V35Wye4FvhrxI6uTqmElE4vMuTa4eEyL"
"58c44560-8beb-44fd-bccd-1388b3488375","UNDE_058.basePlot.ltr","D05","UNDE","UNDE_058","UNDE_058_960","2016-05-25","2015-05-18","2016-05-09","2016-05-16T19:00Z","2016-05-25T21:00Z","NEON.LTR.UNDE058960.20160509","NEON.LTR.UNDE058960.20160509.TWI","NEON.DOC.001710vE","Twigs/branches",37.88,"N","","V35Wye4FvhrxI6uTqmElE4vMuTa4eEyL"
"3a325238-cfea-4fc3-b2b7-9c5a96d8c42b","UNDE_058.basePlot.ltr","D05","UNDE","UNDE_058","UNDE_058_960","2016-05-25","2015-05-18","2016-05-09","2016-05-16T19:00Z","2016-05-25T21:00Z","NEON.LTR.UNDE058960.20160509","NEON.LTR.UNDE058960.20160509.LVS","NEON.DOC.001710vE","Leaves",0,"N","","V35Wye4FvhrxI6uTqmElE4vMuTa4eEyL"
"0921a11a-e4c2-432c-ba37-3d818611324e","UNDE_058.basePlot.ltr","D05","UNDE","UNDE_058","UNDE_058_960","2016-05-25","2015-05-18","2016-05-09","2016-05-16T19:00Z","2016-05-25T21:00Z","NEON.LTR.UNDE058960.20160509","NEON.LTR.UNDE058960.20160509.OTH","NEON.DOC.001710vE","Other",0,"N","","V35Wye4FvhrxI6uTqmElE4vMuTa4eEyL"
"6c3215a8-9b57-4409-a7b6-c25765befcbe","UNDE_058.basePlot.ltr","D05","UNDE","UNDE_058","UNDE_058_451","2016-05-25","2015-05-18","2016-05-09","2016-05-16T19:00Z","2016-05-25T21:00Z","NEON.LTR.UNDE058451.20160509","NEON.LTR.UNDE058451.20160509.TWI","NEON.DOC.001710vE","Twigs/branches",67.3,"N","","V35Wye4FvhrxI6uTqmElE4vMuTa4eEyL"
"10f521d1-0655-48cc-b410-1e12c348bcc6","UNDE_058.basePlot.ltr","D05","UNDE","UNDE_058","UNDE_058_451","2016-05-25","2015-05-18","2016-05-09","2016-05-16T19:00Z","2016-05-25T21:00Z","NEON.LTR.UNDE058451.20160509","NEON.LTR.UNDE058451.20160509.OTH","NEON.DOC.001710vE","Other",0,"N","","V35Wye4FvhrxI6uTqmElE4vMuTa4eEyL"
"6aaf0f16-f60c-41e6-a539-e4a5608a1751","UNDE_058.basePlot.ltr","D05","UNDE","UNDE_058","UNDE_058_451","2016-05-25","2015-05-18","2016-05-09","2016-05-16T19:00Z","2016-05-25T21:00Z","NEON.LTR.UNDE058451.20160509","NEON.LTR.UNDE058451.20160509.LVS","NEON.DOC.001710vE","Leaves",0,"N","","V35Wye4FvhrxI6uTqmElE4vMuTa4eEyL"
"dec41c01-1159-489b-a88f-612917426a6f","UNDE_059.basePlot.ltr","D05","UNDE","UNDE_059","UNDE_059_265","2016-05-25","2015-05-18","2016-05-10","2016-05-16T19:00Z","2016-05-25T21:00Z","NEON.LTR.UNDE059265.20160510","NEON.LTR.UNDE059265.20160510.TWI","NEON.DOC.001710vE","Twigs/branches",28.02,"N","","V35Wye4FvhrxI6uTqmElE4vMuTa4eEyL"
"68803e6b-6af9-4fc2-83a1-abd92bdc3aef","UNDE_037.basePlot.ltr","D05","UNDE","UNDE_037","UNDE_037_642","2016-05-25","2015-05-18","2016-05-10","2016-05-16T19:00Z","2016-05-25T21:00Z","NEON.LTR.UNDE037642.20160510","NEON.LTR.UNDE037642.20160510.LVS","NEON.DOC.001710vE","Leaves",0,"N","","V35Wye4FvhrxI6uTqmElE4vMuTa4eEyL"
"11a0bd4d-411d-46f9-a031-a7ac10ba97d8","UNDE_037.basePlot.ltr","D05","UNDE","UNDE_037","UNDE_037_642","2016-05-25","2015-05-18","2016-05-10","2016-05-16T19:00Z","2016-05-25T21:00Z","NEON.LTR.UNDE037642.20160510","NEON.LTR.UNDE037642.20160510.TWI","NEON.DOC.001710vE","Twigs/branches",55.49,"N","","V35Wye4FvhrxI6uTqmElE4vMuTa4eEyL"
"cfdaf174-f5a9-4542-95b5-04d4eea69716","UNDE_037.basePlot.ltr","D05","UNDE","UNDE_037","UNDE_037_642","2016-05-25","2015-05-18","2016-05-10","2016-05-16T19:00Z","2016-05-25T21:00Z","NEON.LTR.UNDE037642.20160510","NEON.LTR.UNDE037642.20160510.OTH","NEON.DOC.001710vE","Other",0,"N","","V35Wye4FvhrxI6uTqmElE4vMuTa4eEyL"
"761deb16-c19d-4b14-8371-79215c2f959f","UNDE_048.basePlot.ltr","D05","UNDE","UNDE_048","UNDE_048_919","2016-05-25","2015-05-18","2016-05-10","2016-05-16T19:00Z","2016-05-25T21:00Z","NEON.LTR.UNDE048919.20160510","NEON.LTR.UNDE048919.20160510.TWI","NEON.DOC.001710vE","Twigs/branches",45.36,"N","","V35Wye4FvhrxI6uTqmElE4vMuTa4eEyL"
"18e32440-83a5-41e1-98ba-1a0e89e0488f","UNDE_048.basePlot.ltr","D05","UNDE","UNDE_048","UNDE_048_919","2016-05-25","2015-05-18","2016-05-10","2016-05-16T19:00Z","2016-05-25T21:00Z","NEON.LTR.UNDE048919.20160510","NEON.LTR.UNDE048919.20160510.LVS","NEON.DOC.001710vE","Leaves",0,"N","","V35Wye4FvhrxI6uTqmElE4vMuTa4eEyL"
"1f6f9c64-4d17-41e1-873f-fb63be3252e9","UNDE_048.basePlot.ltr","D05","UNDE","UNDE_048","UNDE_048_919","2016-05-25","2015-05-18","2016-05-10","2016-05-16T19:00Z","2016-05-25T21:00Z","NEON.LTR.UNDE048919.20160510","NEON.LTR.UNDE048919.20160510.OTH","NEON.DOC.001710vE","Other",0,"N","","V35Wye4FvhrxI6uTqmElE4vMuTa4eEyL"
"56f5f510-1197-4522-a4f0-b1d15867f34f","UNDE_059.basePlot.ltr","D05","UNDE","UNDE_059","UNDE_059_265","2016-05-25","2015-05-18","2016-05-10","2016-05-16T19:00Z","2016-05-25T21:00Z","NEON.LTR.UNDE059265.20160510","NEON.LTR.UNDE059265.20160510.OTH","NEON.DOC.001710vE","Other",0,"N","","V35Wye4FvhrxI6uTqmElE4vMuTa4eEyL"
"89c0858b-13f0-431a-8bba-3cf269b96cc8","UNDE_059.basePlot.ltr","D05","UNDE","UNDE_059","UNDE_059_265","2016-05-25","2015-05-18","2016-05-10","2016-05-16T19:00Z","2016-05-25T21:00Z","NEON.LTR.UNDE059265.20160510","NEON.LTR.UNDE059265.20160510.LVS","NEON.DOC.001710vE","Leaves",0,"N","","V35Wye4FvhrxI6uTqmElE4vMuTa4eEyL"
"8e1a21e9-b9da-4315-8a69-99c3a8263b40","UNDE_037.basePlot.ltr","D05","UNDE","UNDE_037","UNDE_037_809","2016-05-25","2015-05-18","2016-05-10","2016-05-16T19:00Z","2016-05-25T21:00Z","NEON.LTR.UNDE037809.20160510","NEON.LTR.UNDE037809.20160510.TWI","NEON.DOC.001710vE","Twigs/branches",97.98,"N","","V35Wye4FvhrxI6uTqmElE4vMuTa4eEyL"
"97fa3ef3-2527-4dfe-93cd-523a3e8175b9","UNDE_037.basePlot.ltr","D05","UNDE","UNDE_037","UNDE_037_809","2016-05-25","2015-05-18","2016-05-10","2016-05-16T19:00Z","2016-05-25T21:00Z","NEON.LTR.UNDE037809.20160510","NEON.LTR.UNDE037809.20160510.LVS","NEON.DOC.001710vE","Leaves",0,"N","","V35Wye4FvhrxI6uTqmElE4vMuTa4eEyL"
"38c0980b-1ff6-4057-b7d3-d6b843f06be7","UNDE_037.basePlot.ltr","D05","UNDE","UNDE_037","UNDE_037_809","2016-05-25","2015-05-18","2016-05-10","2016-05-16T19:00Z","2016-05-25T21:00Z","NEON.LTR.UNDE037809.20160510","NEON.LTR.UNDE037809.20160510.OTH","NEON.DOC.001710vE","Other",0,"N","","V35Wye4FvhrxI6uTqmElE4vMuTa4eEyL"
"cef820aa-4322-4a8a-9485-fc14f3f5f8dd","UNDE_048.basePlot.ltr","D05","UNDE","UNDE_048","UNDE_048_702","2016-05-25","2015-05-18","2016-05-10","2016-05-16T19:00Z","2016-05-25T21:00Z","NEON.LTR.UNDE048702.20160510","NEON.LTR.UNDE048702.20160510.LVS","NEON.DOC.001710vE","Leaves",0,"N","","V35Wye4FvhrxI6uTqmElE4vMuTa4eEyL"
"6fc7d095-f779-4dbf-96b6-d5b9224be5a7","UNDE_048.basePlot.ltr","D05","UNDE","UNDE_048","UNDE_048_702","2016-05-25","2015-05-18","2016-05-10","2016-05-16T19:00Z","2016-05-25T21:00Z","NEON.LTR.UNDE048702.20160510","NEON.LTR.UNDE048702.20160510.OTH","NEON.DOC.001710vE","Other",0,"N","","V35Wye4FvhrxI6uTqmElE4vMuTa4eEyL"
"5c393627-9b49-4b78-ba61-5cb5bb8e838f","UNDE_048.basePlot.ltr","D05","UNDE","UNDE_048","UNDE_048_702","2016-05-25","2015-05-18","2016-05-10","2016-05-16T19:00Z","2016-05-25T21:00Z","NEON.LTR.UNDE048702.20160510","NEON.LTR.UNDE048702.20160510.TWI","NEON.DOC.001710vE","Twigs/branches",10.67,"N","","V35Wye4FvhrxI6uTqmElE4vMuTa4eEyL"
"bc737808-a507-482f-85b3-06f7e5816838","UNDE_057.basePlot.ltr","D05","UNDE","UNDE_057","UNDE_057_257","2016-05-25","2015-05-18","2016-05-12","2016-05-16T19:00Z","2016-05-25T21:00Z","NEON.LTR.UNDE057257.20160512","NEON.LTR.UNDE057257.20160512.LVS","NEON.DOC.001710vE","Leaves",0,"N","","V35Wye4FvhrxI6uTqmElE4vMuTa4eEyL"
"06152bd2-f256-40ba-8aae-6813affd1589","UNDE_057.basePlot.ltr","D05","UNDE","UNDE_057","UNDE_057_174","2016-05-25","2015-05-18","2016-05-12","2016-05-16T19:00Z","2016-05-25T21:00Z","NEON.LTR.UNDE057174.20160512","NEON.LTR.UNDE057174.20160512.TWI","NEON.DOC.001710vE","Twigs/branches",154.32,"Y","","V35Wye4FvhrxI6uTqmElE4vMuTa4eEyL"
"3980d037-eea0-414b-b34a-88cfac7abbc9","UNDE_057.basePlot.ltr","D05","UNDE","UNDE_057","UNDE_057_174","2016-05-25","2015-05-18","2016-05-12","2016-05-16T19:00Z","2016-05-25T21:00Z","NEON.LTR.UNDE057174.20160512","NEON.LTR.UNDE057174.20160512.LVS","NEON.DOC.001710vE","Leaves",0,"N","","V35Wye4FvhrxI6uTqmElE4vMuTa4eEyL"
"fd59ddaf-c59e-4b7b-87c7-be6c5ad4e400","UNDE_057.basePlot.ltr","D05","UNDE","UNDE_057","UNDE_057_174","2016-05-25","2015-05-18","2016-05-12","2016-05-16T19:00Z","2016-05-25T21:00Z","NEON.LTR.UNDE057174.20160512","NEON.LTR.UNDE057174.20160512.OTH","NEON.DOC.001710vE","Other",0,"N","","V35Wye4FvhrxI6uTqmElE4vMuTa4eEyL"
"c3f53c4d-f79c-4dc9-9953-2818f3609d0d","UNDE_057.basePlot.ltr","D05","UNDE","UNDE_057","UNDE_057_174","2016-05-25","2015-05-18","2016-05-12","2016-05-16T19:00Z","2016-05-25T21:00Z","NEON.LTR.UNDE057174.20160512","NEON.LTR.UNDE057174.20160512.TWI","NEON.DOC.001710vE","Twigs/branches",154.6,"N","","V35Wye4FvhrxI6uTqmElE4vMuTa4eEyL"
"9b25ef85-2eb0-4bf7-926e-36080d915a5e","UNDE_057.basePlot.ltr","D05","UNDE","UNDE_057","UNDE_057_257","2016-05-25","2015-05-18","2016-05-12","2016-05-16T19:00Z","2016-05-25T21:00Z","NEON.LTR.UNDE057257.20160512","NEON.LTR.UNDE057257.20160512.TWI","NEON.DOC.001710vE","Twigs/branches",2.34,"N","","V35Wye4FvhrxI6uTqmElE4vMuTa4eEyL"
"8540a964-6de7-430e-b9cc-07cd028241a9","UNDE_057.basePlot.ltr","D05","UNDE","UNDE_057","UNDE_057_257","2016-05-25","2015-05-18","2016-05-12","2016-05-16T19:00Z","2016-05-25T21:00Z","NEON.LTR.UNDE057257.20160512","NEON.LTR.UNDE057257.20160512.OTH","NEON.DOC.001710vE","Other",0,"N","","V35Wye4FvhrxI6uTqmElE4vMuTa4eEyL"
"e5dedd05-cac8-421c-a48c-0ca0431658b0","UNDE_057.basePlot.ltr","D05","UNDE","UNDE_057","UNDE_057_257","2016-05-25","2015-05-18","2016-05-12","2016-05-16T19:00Z","2016-05-25T21:00Z","NEON.LTR.UNDE057257.20160512","NEON.LTR.UNDE057257.20160512.TWI","NEON.DOC.001710vE","Twigs/branches",2.35,"Y","","V35Wye4FvhrxI6uTqmElE4vMuTa4eEyL"
"bfa22f2a-4151-4440-8d9f-46cedfed5c87","UNDE_045.basePlot.ltr","D05","UNDE","UNDE_045","UNDE_045_562","2016-05-25","2015-05-18","2016-05-12","2016-05-16T19:00Z","2016-05-25T21:00Z","NEON.LTR.UNDE045562.20160512","NEON.LTR.UNDE045562.20160512.LVS","NEON.DOC.001710vE","Leaves",0,"N","","V35Wye4FvhrxI6uTqmElE4vMuTa4eEyL"
"3ca7e78e-7110-406a-bcd1-2b2e89d00b54","UNDE_045.basePlot.ltr","D05","UNDE","UNDE_045","UNDE_045_562","2016-05-25","2015-05-18","2016-05-12","2016-05-16T19:00Z","2016-05-25T21:00Z","NEON.LTR.UNDE045562.20160512","NEON.LTR.UNDE045562.20160512.OTH","NEON.DOC.001710vE","Other",0,"N","","V35Wye4FvhrxI6uTqmElE4vMuTa4eEyL"
"958f7617-0c51-4fc2-8483-e41859fec0d7","UNDE_045.basePlot.ltr","D05","UNDE","UNDE_045","UNDE_045_562","2016-05-25","2015-05-18","2016-05-12","2016-05-16T19:00Z","2016-05-25T21:00Z","NEON.LTR.UNDE045562.20160512","NEON.LTR.UNDE045562.20160512.TWI","NEON.DOC.001710vE","Twigs/branches",29.38,"N","","V35Wye4FvhrxI6uTqmElE4vMuTa4eEyL"
"8f2a7ec5-6776-4785-b5da-3e34c54cd4bb","UNDE_055.basePlot.ltr","D05","UNDE","UNDE_055","UNDE_055_326","2016-05-25","2015-05-19","2016-05-09","2016-05-16T19:00Z","2016-05-25T21:00Z","NEON.LTR.UNDE055326.20160509","NEON.LTR.UNDE055326.20160509.LVS","NEON.DOC.001710vE","Leaves",0,"N","","V35Wye4FvhrxI6uTqmElE4vMuTa4eEyL"
"6f33bbf2-e0d2-4e3b-a3f2-83d13c2c40c6","UNDE_055.basePlot.ltr","D05","UNDE","UNDE_055","UNDE_055_326","2016-05-25","2015-05-19","2016-05-09","2016-05-16T19:00Z","2016-05-25T21:00Z","NEON.LTR.UNDE055326.20160509","NEON.LTR.UNDE055326.20160509.TWI","NEON.DOC.001710vE","Twigs/branches",19.63,"N","","V35Wye4FvhrxI6uTqmElE4vMuTa4eEyL"
"e195e74d-fdd0-4fee-a4d2-8d6ddbcf322e","UNDE_055.basePlot.ltr","D05","UNDE","UNDE_055","UNDE_055_326","2016-05-25","2015-05-19","2016-05-09","2016-05-16T19:00Z","2016-05-25T21:00Z","NEON.LTR.UNDE055326.20160509","NEON.LTR.UNDE055326.20160509.OTH","NEON.DOC.001710vE","Other",0,"N","","V35Wye4FvhrxI6uTqmElE4vMuTa4eEyL"
"3c6c3a8f-4945-4e2a-9be5-ec6b0f1f8e60","UNDE_052.basePlot.ltr","D05","UNDE","UNDE_052","UNDE_052_562","2016-05-25","2015-05-19","2016-05-10","2016-05-16T19:00Z","2016-05-25T21:00Z","NEON.LTR.UNDE052562.20160510","NEON.LTR.UNDE052562.20160510.OTH","NEON.DOC.001710vE","Other",0,"N","","V35Wye4FvhrxI6uTqmElE4vMuTa4eEyL"
"270524c6-e609-4a03-84a8-f3f1ef86d4f3","UNDE_052.basePlot.ltr","D05","UNDE","UNDE_052","UNDE_052_562","2016-05-25","2015-05-19","2016-05-10","2016-05-16T19:00Z","2016-05-25T21:00Z","NEON.LTR.UNDE052562.20160510","NEON.LTR.UNDE052562.20160510.LVS","NEON.DOC.001710vE","Leaves",0,"N","","V35Wye4FvhrxI6uTqmElE4vMuTa4eEyL"
"095dd74c-1526-4c18-9537-40c924070286","UNDE_052.basePlot.ltr","D05","UNDE","UNDE_052","UNDE_052_562","2016-05-25","2015-05-19","2016-05-10","2016-05-16T19:00Z","2016-05-25T21:00Z","NEON.LTR.UNDE052562.20160510","NEON.LTR.UNDE052562.20160510.TWI","NEON.DOC.001710vE","Twigs/branches",215.05,"N","","V35Wye4FvhrxI6uTqmElE4vMuTa4eEyL"
"7c8199d7-81f1-46bf-aec1-dead00208c14","UNDE_056.basePlot.ltr","D05","UNDE","UNDE_056","UNDE_056_898","2016-05-25","2015-05-19","2016-05-10","2016-05-16T19:00Z","2016-05-25T21:00Z","NEON.LTR.UNDE056898.20160510","NEON.LTR.UNDE056898.20160510.LVS","NEON.DOC.001710vE","Leaves",0,"N","","V35Wye4FvhrxI6uTqmElE4vMuTa4eEyL"
"cddd592e-8793-4c49-858e-fba6071fa916","UNDE_056.basePlot.ltr","D05","UNDE","UNDE_056","UNDE_056_898","2016-05-25","2015-05-19","2016-05-10","2016-05-16T19:00Z","2016-05-25T21:00Z","NEON.LTR.UNDE056898.20160510","NEON.LTR.UNDE056898.20160510.OTH","NEON.DOC.001710vE","Other",0,"N","","V35Wye4FvhrxI6uTqmElE4vMuTa4eEyL"
"6c3d1eca-c5bf-44db-b8d1-ebd586c2857c","UNDE_056.basePlot.ltr","D05","UNDE","UNDE_056","UNDE_056_898","2016-05-25","2015-05-19","2016-05-10","2016-05-16T19:00Z","2016-05-25T21:00Z","NEON.LTR.UNDE056898.20160510","NEON.LTR.UNDE056898.20160510.TWI","NEON.DOC.001710vE","Twigs/branches",39.99,"N","","V35Wye4FvhrxI6uTqmElE4vMuTa4eEyL"
"3e7a2cd6-4870-4ac4-923d-ab116b692585","UNDE_050.basePlot.ltr","D05","UNDE","UNDE_050","UNDE_050_059","2016-05-25","2015-05-20","2016-05-09","2016-05-16T19:00Z","2016-05-25T21:00Z","NEON.LTR.UNDE050059.20160509","NEON.LTR.UNDE050059.20160509.TWI","NEON.DOC.001710vE","Twigs/branches",61.29,"Y","","V35Wye4FvhrxI6uTqmElE4vMuTa4eEyL"
"de33c834-a38d-433b-9186-87aed8bac80c","UNDE_055.basePlot.ltr","D05","UNDE","UNDE_055","UNDE_055_616","2016-05-25","2015-05-20","2016-05-09","2016-05-16T19:00Z","2016-05-25T21:00Z","NEON.LTR.UNDE055616.20160509","NEON.LTR.UNDE055616.20160509.OTH","NEON.DOC.001710vE","Other",0,"N","","V35Wye4FvhrxI6uTqmElE4vMuTa4eEyL"
"823faa73-4958-4772-a047-0548e862035c","UNDE_055.basePlot.ltr","D05","UNDE","UNDE_055","UNDE_055_616","2016-05-25","2015-05-20","2016-05-09","2016-05-16T19:00Z","2016-05-25T21:00Z","NEON.LTR.UNDE055616.20160509","NEON.LTR.UNDE055616.20160509.LVS","NEON.DOC.001710vE","Leaves",0,"N","","V35Wye4FvhrxI6uTqmElE4vMuTa4eEyL"
"75cbb842-bdcb-4c76-a8a9-e53748c1f3d6","UNDE_047.basePlot.ltr","D05","UNDE","UNDE_047","UNDE_047_555","2016-05-25","2015-05-20","2016-05-09","2016-05-16T19:00Z","2016-05-25T21:00Z","NEON.LTR.UNDE047555.20160509","NEON.LTR.UNDE047555.20160509.TWI","NEON.DOC.001710vE","Twigs/branches",21,"N","","V35Wye4FvhrxI6uTqmElE4vMuTa4eEyL"
"08634eaf-2bc8-4b04-9dd6-9fe813305fad","UNDE_047.basePlot.ltr","D05","UNDE","UNDE_047","UNDE_047_555","2016-05-25","2015-05-20","2016-05-09","2016-05-16T19:00Z","2016-05-25T21:00Z","NEON.LTR.UNDE047555.20160509","NEON.LTR.UNDE047555.20160509.LVS","NEON.DOC.001710vE","Leaves",0,"N","","V35Wye4FvhrxI6uTqmElE4vMuTa4eEyL"
"ced144db-fc73-4b64-84f9-f9031bf5524b","UNDE_047.basePlot.ltr","D05","UNDE","UNDE_047","UNDE_047_555","2016-05-25","2015-05-20","2016-05-09","2016-05-16T19:00Z","2016-05-25T21:00Z","NEON.LTR.UNDE047555.20160509","NEON.LTR.UNDE047555.20160509.OTH","NEON.DOC.001710vE","Other",0,"N","","V35Wye4FvhrxI6uTqmElE4vMuTa4eEyL"
"b43cb3dd-2e02-4096-b6e6-a960ed61caee","UNDE_050.basePlot.ltr","D05","UNDE","UNDE_050","UNDE_050_059","2016-05-25","2015-05-20","2016-05-09","2016-05-16T19:00Z","2016-05-25T21:00Z","NEON.LTR.UNDE050059.20160509","NEON.LTR.UNDE050059.20160509.TWI","NEON.DOC.001710vE","Twigs/branches",61.18,"N","","V35Wye4FvhrxI6uTqmElE4vMuTa4eEyL"
"b00272e1-0f3b-4748-b314-a4622e573363","UNDE_050.basePlot.ltr","D05","UNDE","UNDE_050","UNDE_050_059","2016-05-25","2015-05-20","2016-05-09","2016-05-16T19:00Z","2016-05-25T21:00Z","NEON.LTR.UNDE050059.20160509","NEON.LTR.UNDE050059.20160509.OTH","NEON.DOC.001710vE","Other",0,"N","","V35Wye4FvhrxI6uTqmElE4vMuTa4eEyL"
"76b280b1-cf56-489b-98db-a2115a592f4f","UNDE_050.basePlot.ltr","D05","UNDE","UNDE_050","UNDE_050_059","2016-05-25","2015-05-20","2016-05-09","2016-05-16T19:00Z","2016-05-25T21:00Z","NEON.LTR.UNDE050059.20160509","NEON.LTR.UNDE050059.20160509.LVS","NEON.DOC.001710vE","Leaves",0,"N","","V35Wye4FvhrxI6uTqmElE4vMuTa4eEyL"
"92437056-3beb-4af7-8aef-8b9284a54ef6","UNDE_055.basePlot.ltr","D05","UNDE","UNDE_055","UNDE_055_616","2016-05-25","2015-05-20","2016-05-09","2016-05-16T19:00Z","2016-05-25T21:00Z","NEON.LTR.UNDE055616.20160509","NEON.LTR.UNDE055616.20160509.TWI","NEON.DOC.001710vE","Twigs/branches",14.73,"N","","V35Wye4FvhrxI6uTqmElE4vMuTa4eEyL"
"67b941ec-1513-419a-b5ac-011d46f1874a","UNDE_043.basePlot.ltr","D05","UNDE","UNDE_043","UNDE_043_691","2016-05-25","2015-05-20","2016-05-12","2016-05-16T19:00Z","2016-05-25T21:00Z","NEON.LTR.UNDE043691.20160512","NEON.LTR.UNDE043691.20160512.LVS","NEON.DOC.001710vE","Leaves",0,"N","","V35Wye4FvhrxI6uTqmElE4vMuTa4eEyL"
"a0c7f84c-e3cc-4623-a4cd-4ef3be8421eb","UNDE_043.basePlot.ltr","D05","UNDE","UNDE_043","UNDE_043_691","2016-05-25","2015-05-20","2016-05-12","2016-05-16T19:00Z","2016-05-25T21:00Z","NEON.LTR.UNDE043691.20160512","NEON.LTR.UNDE043691.20160512.OTH","NEON.DOC.001710vE","Other",0,"N","","V35Wye4FvhrxI6uTqmElE4vMuTa4eEyL"
"5e7ee6cf-e729-45d3-bd1b-e57632f59ed0","UNDE_043.basePlot.ltr","D05","UNDE","UNDE_043","UNDE_043_691","2016-05-25","2015-05-20","2016-05-12","2016-05-16T19:00Z","2016-05-25T21:00Z","NEON.LTR.UNDE043691.20160512","NEON.LTR.UNDE043691.20160512.TWI","NEON.DOC.001710vE","Twigs/branches",15.59,"N","","V35Wye4FvhrxI6uTqmElE4vMuTa4eEyL"
"c1d48746-07bf-4d67-ae1c-1e0b56a20d46","UNDE_049.basePlot.ltr","D05","UNDE","UNDE_049","UNDE_049_180","2016-05-25","2015-05-21","2016-05-09","2016-05-16T19:00Z","2016-05-25T21:00Z","NEON.LTR.UNDE049180.20160509","NEON.LTR.UNDE049180.20160509.LVS","NEON.DOC.001710vE","Leaves",0,"N","","V35Wye4FvhrxI6uTqmElE4vMuTa4eEyL"
"bee88613-825b-4cb7-b192-022bd81a234b","UNDE_049.basePlot.ltr","D05","UNDE","UNDE_049","UNDE_049_180","2016-05-25","2015-05-21","2016-05-09","2016-05-16T19:00Z","2016-05-25T21:00Z","NEON.LTR.UNDE049180.20160509","NEON.LTR.UNDE049180.20160509.TWI","NEON.DOC.001710vE","Twigs/branches",29.97,"Y","","V35Wye4FvhrxI6uTqmElE4vMuTa4eEyL"
"e2e2f6d2-8dcf-47b9-b436-c226bc7e1340","UNDE_049.basePlot.ltr","D05","UNDE","UNDE_049","UNDE_049_180","2016-05-25","2015-05-21","2016-05-09","2016-05-16T19:00Z","2016-05-25T21:00Z","NEON.LTR.UNDE049180.20160509","NEON.LTR.UNDE049180.20160509.OTH","NEON.DOC.001710vE","Other",0,"N","","V35Wye4FvhrxI6uTqmElE4vMuTa4eEyL"
"f959d1c1-ee1f-4d95-b448-f12b7b16d15d","UNDE_054.basePlot.ltr","D05","UNDE","UNDE_054","UNDE_054_372","2016-05-25","2015-05-21","2016-05-09","2016-05-16T19:00Z","2016-05-25T21:00Z","NEON.LTR.UNDE054372.20160509","NEON.LTR.UNDE054372.20160509.OTH","NEON.DOC.001710vE","Other",0,"N","","V35Wye4FvhrxI6uTqmElE4vMuTa4eEyL"
"fdea686e-ef07-4e81-af28-dbfc85822df4","UNDE_054.basePlot.ltr","D05","UNDE","UNDE_054","UNDE_054_372","2016-05-25","2015-05-21","2016-05-09","2016-05-16T19:00Z","2016-05-25T21:00Z","NEON.LTR.UNDE054372.20160509","NEON.LTR.UNDE054372.20160509.LVS","NEON.DOC.001710vE","Leaves",0,"N","","V35Wye4FvhrxI6uTqmElE4vMuTa4eEyL"
"ed73a06b-57bf-4df2-9c74-c0409823cb40","UNDE_054.basePlot.ltr","D05","UNDE","UNDE_054","UNDE_054_372","2016-05-25","2015-05-21","2016-05-09","2016-05-16T19:00Z","2016-05-25T21:00Z","NEON.LTR.UNDE054372.20160509","NEON.LTR.UNDE054372.20160509.TWI","NEON.DOC.001710vE","Twigs/branches",143.2,"N","","V35Wye4FvhrxI6uTqmElE4vMuTa4eEyL"
"a9b849c1-21c9-47f3-a9d9-7c724f4c8b21","UNDE_049.basePlot.ltr","D05","UNDE","UNDE_049","UNDE_049_562","2016-05-25","2015-05-21","2016-05-09","2016-05-16T19:00Z","2016-05-25T21:00Z","NEON.LTR.UNDE049562.20160509","NEON.LTR.UNDE049562.20160509.TWI","NEON.DOC.001710vE","Twigs/branches",44.22,"N","","V35Wye4FvhrxI6uTqmElE4vMuTa4eEyL"
"357b3bbc-670d-4947-a95e-ae940b0e3624","UNDE_049.basePlot.ltr","D05","UNDE","UNDE_049","UNDE_049_562","2016-05-25","2015-05-21","2016-05-09","2016-05-16T19:00Z","2016-05-25T21:00Z","NEON.LTR.UNDE049562.20160509","NEON.LTR.UNDE049562.20160509.LVS","NEON.DOC.001710vE","Leaves",0,"N","","V35Wye4FvhrxI6uTqmElE4vMuTa4eEyL"
"9024aa81-0e05-4fac-a18b-b9d3ed7a724f","UNDE_049.basePlot.ltr","D05","UNDE","UNDE_049","UNDE_049_562","2016-05-25","2015-05-21","2016-05-09","2016-05-16T19:00Z","2016-05-25T21:00Z","NEON.LTR.UNDE049562.20160509","NEON.LTR.UNDE049562.20160509.OTH","NEON.DOC.001710vE","Other",0,"N","","V35Wye4FvhrxI6uTqmElE4vMuTa4eEyL"
"0bdf0424-b5ef-4de8-9c0c-7e58ac76e8e1","UNDE_047.basePlot.ltr","D05","UNDE","UNDE_047","UNDE_047_073","2016-05-25","2015-05-21","2016-05-09","2016-05-16T19:00Z","2016-05-25T21:00Z","NEON.LTR.UNDE047073.20160509","NEON.LTR.UNDE047073.20160509.TWI","NEON.DOC.001710vE","Twigs/branches",16.55,"N","","V35Wye4FvhrxI6uTqmElE4vMuTa4eEyL"
"9545ab80-3c83-463a-a382-df04c4333842","UNDE_047.basePlot.ltr","D05","UNDE","UNDE_047","UNDE_047_073","2016-05-25","2015-05-21","2016-05-09","2016-05-16T19:00Z","2016-05-25T21:00Z","NEON.LTR.UNDE047073.20160509","NEON.LTR.UNDE047073.20160509.OTH","NEON.DOC.001710vE","Other",0,"N","","V35Wye4FvhrxI6uTqmElE4vMuTa4eEyL"
"b197ab69-9dc3-47f7-8702-651fa15b41fb","UNDE_047.basePlot.ltr","D05","UNDE","UNDE_047","UNDE_047_073","2016-05-25","2015-05-21","2016-05-09","2016-05-16T19:00Z","2016-05-25T21:00Z","NEON.LTR.UNDE047073.20160509","NEON.LTR.UNDE047073.20160509.LVS","NEON.DOC.001710vE","Leaves",0,"N","","V35Wye4FvhrxI6uTqmElE4vMuTa4eEyL"
"edb0720d-e70e-411f-98dc-297004a12b7c","UNDE_061.basePlot.ltr","D05","UNDE","UNDE_061","UNDE_061_960","2016-05-25","2015-05-21","2016-05-09","2016-05-16T19:00Z","2016-05-25T21:00Z","NEON.LTR.UNDE061960.20160509","NEON.LTR.UNDE061960.20160509.TWI","NEON.DOC.001710vE","Twigs/branches",21.61,"N","","V35Wye4FvhrxI6uTqmElE4vMuTa4eEyL"
"d7f866b3-7a76-4456-bc04-8cc0cc0e0585","UNDE_061.basePlot.ltr","D05","UNDE","UNDE_061","UNDE_061_960","2016-05-25","2015-05-21","2016-05-09","2016-05-16T19:00Z","2016-05-25T21:00Z","NEON.LTR.UNDE061960.20160509","NEON.LTR.UNDE061960.20160509.OTH","NEON.DOC.001710vE","Other",0,"N","","V35Wye4FvhrxI6uTqmElE4vMuTa4eEyL"
"6b5d08d4-1c74-4f13-93e1-e22a6528bec1","UNDE_061.basePlot.ltr","D05","UNDE","UNDE_061","UNDE_061_960","2016-05-25","2015-05-21","2016-05-09","2016-05-16T19:00Z","2016-05-25T21:00Z","NEON.LTR.UNDE061960.20160509","NEON.LTR.UNDE061960.20160509.LVS","NEON.DOC.001710vE","Leaves",0,"N","","V35Wye4FvhrxI6uTqmElE4vMuTa4eEyL"
"792655cb-9db1-4fac-bb74-c67787238703","UNDE_054.basePlot.ltr","D05","UNDE","UNDE_054","UNDE_054_107","2016-05-25","2015-05-21","2016-05-09","2016-05-16T19:00Z","2016-05-25T21:00Z","NEON.LTR.UNDE054107.20160509","NEON.LTR.UNDE054107.20160509.OTH","NEON.DOC.001710vE","Other",0,"N","","V35Wye4FvhrxI6uTqmElE4vMuTa4eEyL"
"59dd7794-9aca-4d1b-a396-527a0cc28954","UNDE_054.basePlot.ltr","D05","UNDE","UNDE_054","UNDE_054_107","2016-05-25","2015-05-21","2016-05-09","2016-05-16T19:00Z","2016-05-25T21:00Z","NEON.LTR.UNDE054107.20160509","NEON.LTR.UNDE054107.20160509.LVS","NEON.DOC.001710vE","Leaves",0,"N","","V35Wye4FvhrxI6uTqmElE4vMuTa4eEyL"
"d9456455-b315-4244-b87f-7046447ef43b","UNDE_054.basePlot.ltr","D05","UNDE","UNDE_054","UNDE_054_107","2016-05-25","2015-05-21","2016-05-09","2016-05-16T19:00Z","2016-05-25T21:00Z","NEON.LTR.UNDE054107.20160509","NEON.LTR.UNDE054107.20160509.TWI","NEON.DOC.001710vE","Twigs/branches",17.15,"N","","V35Wye4FvhrxI6uTqmElE4vMuTa4eEyL"
"d29b6ac1-b75e-4759-8feb-d0e7a2c11b48","UNDE_049.basePlot.ltr","D05","UNDE","UNDE_049","UNDE_049_180","2016-05-25","2015-05-21","2016-05-09","2016-05-16T19:00Z","2016-05-25T21:00Z","NEON.LTR.UNDE049180.20160509","NEON.LTR.UNDE049180.20160509.TWI","NEON.DOC.001710vE","Twigs/branches",33.78,"N","","V35Wye4FvhrxI6uTqmElE4vMuTa4eEyL"
"b2a78ea8-b6be-4c2e-8220-2e8e26873413","UNDE_044.basePlot.ltr","D05","UNDE","UNDE_044","UNDE_044_026","2016-05-25","2015-05-21","2016-05-10","2016-05-16T19:00Z","2016-05-25T21:00Z","NEON.LTR.UNDE044026.20160510","NEON.LTR.UNDE044026.20160510.LVS","NEON.DOC.001710vE","Leaves",0,"N","","V35Wye4FvhrxI6uTqmElE4vMuTa4eEyL"
"f51d7026-f30e-445c-99f9-6e04c6d4a708","UNDE_044.basePlot.ltr","D05","UNDE","UNDE_044","UNDE_044_609","2016-05-25","2015-05-21","2016-05-10","2016-05-16T19:00Z","2016-05-25T21:00Z","NEON.LTR.UNDE044609.20160510","NEON.LTR.UNDE044609.20160510.OTH","NEON.DOC.001710vE","Other",0,"N","","V35Wye4FvhrxI6uTqmElE4vMuTa4eEyL"
"371dfd24-ebe6-425f-bf66-8e303059b0a5","UNDE_044.basePlot.ltr","D05","UNDE","UNDE_044","UNDE_044_609","2016-05-25","2015-05-21","2016-05-10","2016-05-16T19:00Z","2016-05-25T21:00Z","NEON.LTR.UNDE044609.20160510","NEON.LTR.UNDE044609.20160510.LVS","NEON.DOC.001710vE","Leaves",0,"N","","V35Wye4FvhrxI6uTqmElE4vMuTa4eEyL"
"b1a4b340-6067-41c8-98b3-9c8c4eff52f7","UNDE_038.basePlot.ltr","D05","UNDE","UNDE_038","UNDE_038_311","2016-05-25","2015-05-21","2016-05-10","2016-05-16T19:00Z","2016-05-25T21:00Z","NEON.LTR.UNDE038311.20160510","NEON.LTR.UNDE038311.20160510.TWI","NEON.DOC.001710vE","Twigs/branches",17.07,"N","","V35Wye4FvhrxI6uTqmElE4vMuTa4eEyL"
"162f00a4-3387-41d5-b0e2-c49e573df998","UNDE_038.basePlot.ltr","D05","UNDE","UNDE_038","UNDE_038_311","2016-05-25","2015-05-21","2016-05-10","2016-05-16T19:00Z","2016-05-25T21:00Z","NEON.LTR.UNDE038311.20160510","NEON.LTR.UNDE038311.20160510.LVS","NEON.DOC.001710vE","Leaves",0,"N","","V35Wye4FvhrxI6uTqmElE4vMuTa4eEyL"
"da4f9bb6-f4f8-47d6-b23d-24389ce8c7cd","UNDE_038.basePlot.ltr","D05","UNDE","UNDE_038","UNDE_038_311","2016-05-25","2015-05-21","2016-05-10","2016-05-16T19:00Z","2016-05-25T21:00Z","NEON.LTR.UNDE038311.20160510","NEON.LTR.UNDE038311.20160510.OTH","NEON.DOC.001710vE","Other",0,"N","","V35Wye4FvhrxI6uTqmElE4vMuTa4eEyL"
"59664f1e-c4ef-4e8a-b6db-fc3b4ec48a47","UNDE_038.basePlot.ltr","D05","UNDE","UNDE_038","UNDE_038_791","2016-05-25","2015-05-21","2016-05-10","2016-05-16T19:00Z","2016-05-25T21:00Z","NEON.LTR.UNDE038791.20160510","NEON.LTR.UNDE038791.20160510.OTH","NEON.DOC.001710vE","Other",0,"N","","V35Wye4FvhrxI6uTqmElE4vMuTa4eEyL"
"0f7631cc-eb86-4cea-b3cf-06117e08fb9f","UNDE_038.basePlot.ltr","D05","UNDE","UNDE_038","UNDE_038_791","2016-05-25","2015-05-21","2016-05-10","2016-05-16T19:00Z","2016-05-25T21:00Z","NEON.LTR.UNDE038791.20160510","NEON.LTR.UNDE038791.20160510.TWI","NEON.DOC.001710vE","Twigs/branches",15.98,"N","","V35Wye4FvhrxI6uTqmElE4vMuTa4eEyL"
"62f79051-0e00-4718-9aba-4c484162a0fc","UNDE_038.basePlot.ltr","D05","UNDE","UNDE_038","UNDE_038_791","2016-05-25","2015-05-21","2016-05-10","2016-05-16T19:00Z","2016-05-25T21:00Z","NEON.LTR.UNDE038791.20160510","NEON.LTR.UNDE038791.20160510.LVS","NEON.DOC.001710vE","Leaves",0,"N","","V35Wye4FvhrxI6uTqmElE4vMuTa4eEyL"
"06854a34-18ce-469c-bc6d-140d0add0c2e","UNDE_044.basePlot.ltr","D05","UNDE","UNDE_044","UNDE_044_026","2016-05-25","2015-05-21","2016-05-10","2016-05-16T19:00Z","2016-05-25T21:00Z","NEON.LTR.UNDE044026.20160510","NEON.LTR.UNDE044026.20160510.OTH","NEON.DOC.001710vE","Other",0,"N","","V35Wye4FvhrxI6uTqmElE4vMuTa4eEyL"
"088b853c-37c5-415d-a49f-c32861dfcfbf","UNDE_044.basePlot.ltr","D05","UNDE","UNDE_044","UNDE_044_609","2016-05-25","2015-05-21","2016-05-10","2016-05-16T19:00Z","2016-05-25T21:00Z","NEON.LTR.UNDE044609.20160510","NEON.LTR.UNDE044609.20160510.TWI","NEON.DOC.001710vE","Twigs/branches",62.47,"N","","V35Wye4FvhrxI6uTqmElE4vMuTa4eEyL"
"e83fe2ac-bb1c-47ca-9b76-7384f90ab910","UNDE_044.basePlot.ltr","D05","UNDE","UNDE_044","UNDE_044_026","2016-05-25","2015-05-21","2016-05-10","2016-05-16T19:00Z","2016-05-25T21:00Z","NEON.LTR.UNDE044026.20160510","NEON.LTR.UNDE044026.20160510.TWI","NEON.DOC.001710vE","Twigs/branches",50.29,"N","","V35Wye4FvhrxI6uTqmElE4vMuTa4eEyL"
"a844c30b-08a8-4d95-9c15-e617836d2bc9","UNDE_060.basePlot.ltr","D05","UNDE","UNDE_060","UNDE_060_257","2016-05-25","2015-05-21","2016-05-10","2016-05-16T19:00Z","2016-05-25T21:00Z","NEON.LTR.UNDE060257.20160510","NEON.LTR.UNDE060257.20160510.LVS","NEON.DOC.001710vE","Leaves",0,"N","","V35Wye4FvhrxI6uTqmElE4vMuTa4eEyL"
"83f7e260-bfa2-4423-bdc6-df6595fd79c8","UNDE_060.basePlot.ltr","D05","UNDE","UNDE_060","UNDE_060_257","2016-05-25","2015-05-21","2016-05-10","2016-05-16T19:00Z","2016-05-25T21:00Z","NEON.LTR.UNDE060257.20160510","NEON.LTR.UNDE060257.20160510.OTH","NEON.DOC.001710vE","Other",0,"N","","V35Wye4FvhrxI6uTqmElE4vMuTa4eEyL"
"7e80337e-c951-47f2-8d63-a187793674a2","UNDE_060.basePlot.ltr","D05","UNDE","UNDE_060","UNDE_060_257","2016-05-25","2015-05-21","2016-05-10","2016-05-16T19:00Z","2016-05-25T21:00Z","NEON.LTR.UNDE060257.20160510","NEON.LTR.UNDE060257.20160510.TWI","NEON.DOC.001710vE","Twigs/branches",3.77,"N","","V35Wye4FvhrxI6uTqmElE4vMuTa4eEyL"
"6d8e55ec-48fc-4c89-8946-9a875f2089c3","UNDE_060.basePlot.ltr","D05","UNDE","UNDE_060","UNDE_060_257","2016-05-25","2015-05-21","2016-05-10","2016-05-16T19:00Z","2016-05-25T21:00Z","NEON.LTR.UNDE060257.20160510","NEON.LTR.UNDE060257.20160510.TWI","NEON.DOC.001710vE","Twigs/branches",3.76,"Y","","V35Wye4FvhrxI6uTqmElE4vMuTa4eEyL"
"4a4024d8-1f65-43be-82f2-9254ff070deb","UNDE_065.basePlot.ltr","D05","UNDE","UNDE_065","UNDE_065_115","2016-05-25","2015-05-22","2016-05-10","2016-05-16T19:00Z","2016-05-25T21:00Z","NEON.LTR.UNDE065115.20160510","NEON.LTR.UNDE065115.20160510.OTH","NEON.DOC.001710vE","Other",0,"N","","V35Wye4FvhrxI6uTqmElE4vMuTa4eEyL"
"63a4110f-90e1-4cce-a94d-dddafc2b015d","UNDE_065.basePlot.ltr","D05","UNDE","UNDE_065","UNDE_065_115","2016-05-25","2015-05-22","2016-05-10","2016-05-16T19:00Z","2016-05-25T21:00Z","NEON.LTR.UNDE065115.20160510","NEON.LTR.UNDE065115.20160510.LVS","NEON.DOC.001710vE","Leaves",0,"N","","V35Wye4FvhrxI6uTqmElE4vMuTa4eEyL"
"5a71840a-b7b6-41dc-9f6f-06d8619f167c","UNDE_065.basePlot.ltr","D05","UNDE","UNDE_065","UNDE_065_115","2016-05-25","2015-05-22","2016-05-10","2016-05-16T19:00Z","2016-05-25T21:00Z","NEON.LTR.UNDE065115.20160510","NEON.LTR.UNDE065115.20160510.TWI","NEON.DOC.001710vE","Twigs/branches",12.97,"N","","V35Wye4FvhrxI6uTqmElE4vMuTa4eEyL"
"96d4f441-8004-4e21-b321-e61f806e8ef9","UNDE_065.basePlot.ltr","D05","UNDE","UNDE_065","UNDE_065_382","2016-05-25","2015-05-22","2016-05-10","2016-05-16T19:00Z","2016-05-25T21:00Z","NEON.LTR.UNDE065382.20160510","NEON.LTR.UNDE065382.20160510.OTH","NEON.DOC.001710vE","Other",0,"N","","V35Wye4FvhrxI6uTqmElE4vMuTa4eEyL"
"858b37bc-256c-4ce3-8fe2-59984675d12e","UNDE_065.basePlot.ltr","D05","UNDE","UNDE_065","UNDE_065_382","2016-05-25","2015-05-22","2016-05-10","2016-05-16T19:00Z","2016-05-25T21:00Z","NEON.LTR.UNDE065382.20160510","NEON.LTR.UNDE065382.20160510.LVS","NEON.DOC.001710vE","Leaves",0,"N","","V35Wye4FvhrxI6uTqmElE4vMuTa4eEyL"
"f9c9df2d-35ba-4b3f-9cd0-998106c386be","UNDE_065.basePlot.ltr","D05","UNDE","UNDE_065","UNDE_065_382","2016-05-25","2015-05-22","2016-05-10","2016-05-16T19:00Z","2016-05-25T21:00Z","NEON.LTR.UNDE065382.20160510","NEON.LTR.UNDE065382.20160510.TWI","NEON.DOC.001710vE","Twigs/branches",10.57,"N","","V35Wye4FvhrxI6uTqmElE4vMuTa4eEyL"
"92ab064e-0f31-4a6a-8d2c-a33e49a4f421","UNDE_047.basePlot.ltr","D05","UNDE","UNDE_047","UNDE_047_673","2016-05-25","2015-10-27","2016-05-09","2016-05-16T19:00Z","2016-05-25T21:00Z","NEON.LTR.UNDE047673.20160509","NEON.LTR.UNDE047673.20160509.WDY","NEON.DOC.001710vE","Woody material",0.38,"N","","V35Wye4FvhrxI6uTqmElE4vMuTa4eEyL"
"dbd44772-17fa-45ad-9bfc-31b23d103d9e","UNDE_047.basePlot.ltr","D05","UNDE","UNDE_047","UNDE_047_673","2016-05-25","2015-10-27","2016-05-09","2016-05-16T19:00Z","2016-05-25T21:00Z","NEON.LTR.UNDE047673.20160509","NEON.LTR.UNDE047673.20160509.TWI","NEON.DOC.001710vE","Twigs/branches",2.56,"Y","","V35Wye4FvhrxI6uTqmElE4vMuTa4eEyL"
"af450de3-c0a1-4c88-beb7-27f8a04fe709","UNDE_047.basePlot.ltr","D05","UNDE","UNDE_047","UNDE_047_673","2016-05-25","2015-10-27","2016-05-09","2016-05-16T19:00Z","2016-05-25T21:00Z","NEON.LTR.UNDE047673.20160509","NEON.LTR.UNDE047673.20160509.LVS","NEON.DOC.001710vE","Leaves",2,"N","","V35Wye4FvhrxI6uTqmElE4vMuTa4eEyL"
"f7a0c30a-d47d-45f1-a4c4-917423fb70f8","UNDE_047.basePlot.ltr","D05","UNDE","UNDE_047","UNDE_047_673","2016-05-25","2015-10-27","2016-05-09","2016-05-16T19:00Z","2016-05-25T21:00Z","NEON.LTR.UNDE047673.20160509","NEON.LTR.UNDE047673.20160509.NDL","NEON.DOC.001710vE","Needles",0,"N","","V35Wye4FvhrxI6uTqmElE4vMuTa4eEyL"
"ffbbc221-799b-4dfc-970c-d533d8219589","UNDE_047.basePlot.ltr","D05","UNDE","UNDE_047","UNDE_047_673","2016-05-25","2015-10-27","2016-05-09","2016-05-16T19:00Z","2016-05-25T21:00Z","NEON.LTR.UNDE047673.20160509","NEON.LTR.UNDE047673.20160509.SDS","NEON.DOC.001710vE","Seeds",0,"N","","V35Wye4FvhrxI6uTqmElE4vMuTa4eEyL"
"c773bf63-787d-4855-9849-2bd8b7a909d0","UNDE_047.basePlot.ltr","D05","UNDE","UNDE_047","UNDE_047_673","2016-05-25","2015-10-27","2016-05-09","2016-05-16T19:00Z","2016-05-25T21:00Z","NEON.LTR.UNDE047673.20160509","NEON.LTR.UNDE047673.20160509.TWI","NEON.DOC.001710vE","Twigs/branches",2.56,"N","","V35Wye4FvhrxI6uTqmElE4vMuTa4eEyL"
"66757179-c7c5-497b-8549-35a90d09f086","UNDE_047.basePlot.ltr","D05","UNDE","UNDE_047","UNDE_047_673","2016-05-25","2015-10-27","2016-05-09","2016-05-16T19:00Z","2016-05-25T21:00Z","NEON.LTR.UNDE047673.20160509","NEON.LTR.UNDE047673.20160509.FLR","NEON.DOC.001710vE","Flowers",0.24,"N","","V35Wye4FvhrxI6uTqmElE4vMuTa4eEyL"
"86fceee0-a76a-4892-829f-2a68537504d7","UNDE_047.basePlot.ltr","D05","UNDE","UNDE_047","UNDE_047_673","2016-05-25","2015-10-27","2016-05-09","2016-05-16T19:00Z","2016-05-25T21:00Z","NEON.LTR.UNDE047673.20160509","NEON.LTR.UNDE047673.20160509.OTH","NEON.DOC.001710vE","Other",0.65,"N","","V35Wye4FvhrxI6uTqmElE4vMuTa4eEyL"
"806d2b7f-b351-4c9d-bb86-3e381587ba36","UNDE_054.basePlot.ltr","D05","UNDE","UNDE_054","UNDE_054_036","2016-05-25","2015-10-27","2016-05-09","2016-05-16T19:00Z","2016-05-25T21:00Z","NEON.LTR.UNDE054036.20160509","NEON.LTR.UNDE054036.20160509.NDL","NEON.DOC.001710vE","Needles",0,"N","","V35Wye4FvhrxI6uTqmElE4vMuTa4eEyL"
"40a0235f-e679-4b38-86e4-5f7b30a83c95","UNDE_054.basePlot.ltr","D05","UNDE","UNDE_054","UNDE_054_036","2016-05-25","2015-10-27","2016-05-09","2016-05-16T19:00Z","2016-05-25T21:00Z","NEON.LTR.UNDE054036.20160509","NEON.LTR.UNDE054036.20160509.OTH","NEON.DOC.001710vE","Other",2.15,"N","","V35Wye4FvhrxI6uTqmElE4vMuTa4eEyL"
"67117b04-7c7d-422b-a4a0-a8c7d5345a16","UNDE_054.basePlot.ltr","D05","UNDE","UNDE_054","UNDE_054_036","2016-05-25","2015-10-27","2016-05-09","2016-05-16T19:00Z","2016-05-25T21:00Z","NEON.LTR.UNDE054036.20160509","NEON.LTR.UNDE054036.20160509.SDS","NEON.DOC.001710vE","Seeds",0,"N","","V35Wye4FvhrxI6uTqmElE4vMuTa4eEyL"
"192a36bd-d66a-4d15-ab23-5eabe510dc1e","UNDE_054.basePlot.ltr","D05","UNDE","UNDE_054","UNDE_054_036","2016-05-25","2015-10-27","2016-05-09","2016-05-16T19:00Z","2016-05-25T21:00Z","NEON.LTR.UNDE054036.20160509","NEON.LTR.UNDE054036.20160509.TWI","NEON.DOC.001710vE","Twigs/branches",6.4,"N","","V35Wye4FvhrxI6uTqmElE4vMuTa4eEyL"
"c5191bfd-62ab-4906-8317-e30c848927a3","UNDE_054.basePlot.ltr","D05","UNDE","UNDE_054","UNDE_054_036","2016-05-25","2015-10-27","2016-05-09","2016-05-16T19:00Z","2016-05-25T21:00Z","NEON.LTR.UNDE054036.20160509","NEON.LTR.UNDE054036.20160509.WDY","NEON.DOC.001710vE","Woody material",0.12,"N","","V35Wye4FvhrxI6uTqmElE4vMuTa4eEyL"
"5bfabf96-63cc-4352-ad5c-6ca69f6e870b","UNDE_054.basePlot.ltr","D05","UNDE","UNDE_054","UNDE_054_036","2016-05-25","2015-10-27","2016-05-09","2016-05-16T19:00Z","2016-05-25T21:00Z","NEON.LTR.UNDE054036.20160509","NEON.LTR.UNDE054036.20160509.OTH","NEON.DOC.001710vE","Other",2.14,"Y","","V35Wye4FvhrxI6uTqmElE4vMuTa4eEyL"
"9ca190e9-999a-416e-9c1e-1871c9df69a9","UNDE_054.basePlot.ltr","D05","UNDE","UNDE_054","UNDE_054_036","2016-05-25","2015-10-27","2016-05-09","2016-05-16T19:00Z","2016-05-25T21:00Z","NEON.LTR.UNDE054036.20160509","NEON.LTR.UNDE054036.20160509.FLR","NEON.DOC.001710vE","Flowers",0.05,"N","","V35Wye4FvhrxI6uTqmElE4vMuTa4eEyL"
"f061ad14-3ba0-48f4-bd7d-0fccca9efdcd","UNDE_054.basePlot.ltr","D05","UNDE","UNDE_054","UNDE_054_036","2016-05-25","2015-10-27","2016-05-09","2016-05-16T19:00Z","2016-05-25T21:00Z","NEON.LTR.UNDE054036.20160509","NEON.LTR.UNDE054036.20160509.LVS","NEON.DOC.001710vE","Leaves",0.67,"N","","V35Wye4FvhrxI6uTqmElE4vMuTa4eEyL"
"aa480b3c-fc74-4a8a-b6d7-4cbf6d4eab3f","UNDE_055.basePlot.ltr","D05","UNDE","UNDE_055","UNDE_055_676","2016-05-25","2015-10-27","2016-05-09","2016-05-16T19:00Z","2016-05-25T21:00Z","NEON.LTR.UNDE055676.20160509","NEON.LTR.UNDE055676.20160509.TWI","NEON.DOC.001710vE","Twigs/branches",11.04,"N","","V35Wye4FvhrxI6uTqmElE4vMuTa4eEyL"
"e929e5ee-68cf-4672-8820-f5176d9124fd","UNDE_055.basePlot.ltr","D05","UNDE","UNDE_055","UNDE_055_676","2016-05-25","2015-10-27","2016-05-09","2016-05-16T19:00Z","2016-05-25T21:00Z","NEON.LTR.UNDE055676.20160509","NEON.LTR.UNDE055676.20160509.LVS","NEON.DOC.001710vE","Leaves",6.92,"Y","","V35Wye4FvhrxI6uTqmElE4vMuTa4eEyL"
"c4ccc31e-5ff1-42db-9a40-faac64da11b4","UNDE_055.basePlot.ltr","D05","UNDE","UNDE_055","UNDE_055_676","2016-05-25","2015-10-27","2016-05-09","2016-05-16T19:00Z","2016-05-25T21:00Z","NEON.LTR.UNDE055676.20160509","NEON.LTR.UNDE055676.20160509.WDY","NEON.DOC.001710vE","Woody material",0.24,"N","","V35Wye4FvhrxI6uTqmElE4vMuTa4eEyL"
"2018a921-e6b6-4321-9339-9737bd434566","UNDE_055.basePlot.ltr","D05","UNDE","UNDE_055","UNDE_055_676","2016-05-25","2015-10-27","2016-05-09","2016-05-16T19:00Z","2016-05-25T21:00Z","NEON.LTR.UNDE055676.20160509","NEON.LTR.UNDE055676.20160509.SDS","NEON.DOC.001710vE","Seeds",0,"N","","V35Wye4FvhrxI6uTqmElE4vMuTa4eEyL"
"3076b5df-0bba-40eb-b629-47a3924cf781","UNDE_055.basePlot.ltr","D05","UNDE","UNDE_055","UNDE_055_676","2016-05-25","2015-10-27","2016-05-09","2016-05-16T19:00Z","2016-05-25T21:00Z","NEON.LTR.UNDE055676.20160509","NEON.LTR.UNDE055676.20160509.NDL","NEON.DOC.001710vE","Needles",15.03,"N","","V35Wye4FvhrxI6uTqmElE4vMuTa4eEyL"
"8e8b3227-bf11-4b76-b6e8-31c29b5eac35","UNDE_055.basePlot.ltr","D05","UNDE","UNDE_055","UNDE_055_676","2016-05-25","2015-10-27","2016-05-09","2016-05-16T19:00Z","2016-05-25T21:00Z","NEON.LTR.UNDE055676.20160509","NEON.LTR.UNDE055676.20160509.FLR","NEON.DOC.001710vE","Flowers",0.23,"N","","V35Wye4FvhrxI6uTqmElE4vMuTa4eEyL"
"2c9803f0-620d-46f3-b323-9091af44b8dd","UNDE_055.basePlot.ltr","D05","UNDE","UNDE_055","UNDE_055_676","2016-05-25","2015-10-27","2016-05-09","2016-05-16T19:00Z","2016-05-25T21:00Z","NEON.LTR.UNDE055676.20160509","NEON.LTR.UNDE055676.20160509.LVS","NEON.DOC.001710vE","Leaves",6.94,"N","","V35Wye4FvhrxI6uTqmElE4vMuTa4eEyL"
"4b963359-af60-4feb-8d31-f19cc8b79a1a","UNDE_055.basePlot.ltr","D05","UNDE","UNDE_055","UNDE_055_676","2016-05-25","2015-10-27","2016-05-09","2016-05-16T19:00Z","2016-05-25T21:00Z","NEON.LTR.UNDE055676.20160509","NEON.LTR.UNDE055676.20160509.OTH","NEON.DOC.001710vE","Other",0.53,"N","","V35Wye4FvhrxI6uTqmElE4vMuTa4eEyL"
"f31ef793-8f34-4461-8c59-53210c43b0ec","UNDE_054.basePlot.ltr","D05","UNDE","UNDE_054","UNDE_054_436","2016-05-25","2015-10-27","2016-05-09","2016-05-16T19:00Z","2016-05-25T21:00Z","NEON.LTR.UNDE054436.20160509","NEON.LTR.UNDE054436.20160509.WDY","NEON.DOC.001710vE","Woody material",2.67,"N","","V35Wye4FvhrxI6uTqmElE4vMuTa4eEyL"
"d3e74407-97bf-4be3-b361-fd3d80e8b892","UNDE_054.basePlot.ltr","D05","UNDE","UNDE_054","UNDE_054_436","2016-05-25","2015-10-27","2016-05-09","2016-05-16T19:00Z","2016-05-25T21:00Z","NEON.LTR.UNDE054436.20160509","NEON.LTR.UNDE054436.20160509.OTH","NEON.DOC.001710vE","Other",1.46,"N","","V35Wye4FvhrxI6uTqmElE4vMuTa4eEyL"
"18c747ac-9829-4f93-a049-d63b8e6e5d2c","UNDE_054.basePlot.ltr","D05","UNDE","UNDE_054","UNDE_054_436","2016-05-25","2015-10-27","2016-05-09","2016-05-16T19:00Z","2016-05-25T21:00Z","NEON.LTR.UNDE054436.20160509","NEON.LTR.UNDE054436.20160509.LVS","NEON.DOC.001710vE","Leaves",0.34,"N","","V35Wye4FvhrxI6uTqmElE4vMuTa4eEyL"
"06d2ee57-392c-4bb9-9fb6-dc87025e58d1","UNDE_054.basePlot.ltr","D05","UNDE","UNDE_054","UNDE_054_436","2016-05-25","2015-10-27","2016-05-09","2016-05-16T19:00Z","2016-05-25T21:00Z","NEON.LTR.UNDE054436.20160509","NEON.LTR.UNDE054436.20160509.FLR","NEON.DOC.001710vE","Flowers",0.09,"N","","V35Wye4FvhrxI6uTqmElE4vMuTa4eEyL"
"5e420264-113c-4330-8dc5-75668c8beecf","UNDE_054.basePlot.ltr","D05","UNDE","UNDE_054","UNDE_054_436","2016-05-25","2015-10-27","2016-05-09","2016-05-16T19:00Z","2016-05-25T21:00Z","NEON.LTR.UNDE054436.20160509","NEON.LTR.UNDE054436.20160509.SDS","NEON.DOC.001710vE","Seeds",0,"N","","V35Wye4FvhrxI6uTqmElE4vMuTa4eEyL"
"b58b0867-d7e5-4f6e-acbf-f1e3e6ef23c4","UNDE_054.basePlot.ltr","D05","UNDE","UNDE_054","UNDE_054_436","2016-05-25","2015-10-27","2016-05-09","2016-05-16T19:00Z","2016-05-25T21:00Z","NEON.LTR.UNDE054436.20160509","NEON.LTR.UNDE054436.20160509.NDL","NEON.DOC.001710vE","Needles",0,"N","","V35Wye4FvhrxI6uTqmElE4vMuTa4eEyL"
"5e9f855d-b1f6-4c04-8422-37341e17e91e","UNDE_054.basePlot.ltr","D05","UNDE","UNDE_054","UNDE_054_436","2016-05-25","2015-10-27","2016-05-09","2016-05-16T19:00Z","2016-05-25T21:00Z","NEON.LTR.UNDE054436.20160509","NEON.LTR.UNDE054436.20160509.TWI","NEON.DOC.001710vE","Twigs/branches",6.95,"N","","V35Wye4FvhrxI6uTqmElE4vMuTa4eEyL"
"5ba0ce4b-4b30-4417-8b69-345df2289f5a","UNDE_058.basePlot.ltr","D05","UNDE","UNDE_058","UNDE_058_828","2016-05-25","2015-10-27","2016-05-09","2016-05-16T19:00Z","2016-05-25T21:00Z","NEON.LTR.UNDE058828.20160509","NEON.LTR.UNDE058828.20160509.OTH","NEON.DOC.001710vE","Other",1.03,"N","","V35Wye4FvhrxI6uTqmElE4vMuTa4eEyL"
"83622565-8942-43b5-8976-e7fa93d9a1fd","UNDE_058.basePlot.ltr","D05","UNDE","UNDE_058","UNDE_058_828","2016-05-25","2015-10-27","2016-05-09","2016-05-16T19:00Z","2016-05-25T21:00Z","NEON.LTR.UNDE058828.20160509","NEON.LTR.UNDE058828.20160509.NDL","NEON.DOC.001710vE","Needles",0,"N","","V35Wye4FvhrxI6uTqmElE4vMuTa4eEyL"
"2ae247d4-bf72-44d4-a99a-929c107114df","UNDE_058.basePlot.ltr","D05","UNDE","UNDE_058","UNDE_058_828","2016-05-25","2015-10-27","2016-05-09","2016-05-16T19:00Z","2016-05-25T21:00Z","NEON.LTR.UNDE058828.20160509","NEON.LTR.UNDE058828.20160509.SDS","NEON.DOC.001710vE","Seeds",0,"N","","V35Wye4FvhrxI6uTqmElE4vMuTa4eEyL"
"4e1a9082-608c-4419-b766-86b8262d109f","UNDE_058.basePlot.ltr","D05","UNDE","UNDE_058","UNDE_058_828","2016-05-25","2015-10-27","2016-05-09","2016-05-16T19:00Z","2016-05-25T21:00Z","NEON.LTR.UNDE058828.20160509","NEON.LTR.UNDE058828.20160509.TWI","NEON.DOC.001710vE","Twigs/branches",6.83,"N","","V35Wye4FvhrxI6uTqmElE4vMuTa4eEyL"
"a4d4b986-a1a7-48c6-a3ba-1f81a3aee3e7","UNDE_058.basePlot.ltr","D05","UNDE","UNDE_058","UNDE_058_828","2016-05-25","2015-10-27","2016-05-09","2016-05-16T19:00Z","2016-05-25T21:00Z","NEON.LTR.UNDE058828.20160509","NEON.LTR.UNDE058828.20160509.FLR","NEON.DOC.001710vE","Flowers",1.07,"N","","V35Wye4FvhrxI6uTqmElE4vMuTa4eEyL"
"822acbed-26f4-4213-961d-b25c6256c2d1","UNDE_058.basePlot.ltr","D05","UNDE","UNDE_058","UNDE_058_828","2016-05-25","2015-10-27","2016-05-09","2016-05-16T19:00Z","2016-05-25T21:00Z","NEON.LTR.UNDE058828.20160509","NEON.LTR.UNDE058828.20160509.WDY","NEON.DOC.001710vE","Woody material",0.16,"N","","V35Wye4FvhrxI6uTqmElE4vMuTa4eEyL"
"9043967f-a845-418c-8c8c-e3d6683ced54","UNDE_058.basePlot.ltr","D05","UNDE","UNDE_058","UNDE_058_828","2016-05-25","2015-10-27","2016-05-09","2016-05-16T19:00Z","2016-05-25T21:00Z","NEON.LTR.UNDE058828.20160509","NEON.LTR.UNDE058828.20160509.LVS","NEON.DOC.001710vE","Leaves",0.28,"N","","V35Wye4FvhrxI6uTqmElE4vMuTa4eEyL"
"a4341f12-90b8-490f-9f92-adffa0349ac5","UNDE_049.basePlot.ltr","D05","UNDE","UNDE_049","UNDE_049_584","2016-05-25","2015-10-27","2016-05-09","2016-05-16T19:00Z","2016-05-25T21:00Z","NEON.LTR.UNDE049584.20160509","NEON.LTR.UNDE049584.20160509.WDY","NEON.DOC.001710vE","Woody material",0.38,"N","","V35Wye4FvhrxI6uTqmElE4vMuTa4eEyL"
"79b5fd85-8921-4605-9358-355bc16b169c","UNDE_049.basePlot.ltr","D05","UNDE","UNDE_049","UNDE_049_584","2016-05-25","2015-10-27","2016-05-09","2016-05-16T19:00Z","2016-05-25T21:00Z","NEON.LTR.UNDE049584.20160509","NEON.LTR.UNDE049584.20160509.TWI","NEON.DOC.001710vE","Twigs/branches",1.57,"N","","V35Wye4FvhrxI6uTqmElE4vMuTa4eEyL"
"c38f0c5e-0af6-4ce3-96e5-f60baeb3ecd3","UNDE_049.basePlot.ltr","D05","UNDE","UNDE_049","UNDE_049_584","2016-05-25","2015-10-27","2016-05-09","2016-05-16T19:00Z","2016-05-25T21:00Z","NEON.LTR.UNDE049584.20160509","NEON.LTR.UNDE049584.20160509.LVS","NEON.DOC.001710vE","Leaves",1.83,"N","","V35Wye4FvhrxI6uTqmElE4vMuTa4eEyL"
"34d8738c-b826-42fa-92e2-c593d895ebb2","UNDE_049.basePlot.ltr","D05","UNDE","UNDE_049","UNDE_049_584","2016-05-25","2015-10-27","2016-05-09","2016-05-16T19:00Z","2016-05-25T21:00Z","NEON.LTR.UNDE049584.20160509","NEON.LTR.UNDE049584.20160509.NDL","NEON.DOC.001710vE","Needles",12.91,"N","","V35Wye4FvhrxI6uTqmElE4vMuTa4eEyL"
"3d797bd5-395a-4dab-9340-9dde24509060","UNDE_049.basePlot.ltr","D05","UNDE","UNDE_049","UNDE_049_584","2016-05-25","2015-10-27","2016-05-09","2016-05-16T19:00Z","2016-05-25T21:00Z","NEON.LTR.UNDE049584.20160509","NEON.LTR.UNDE049584.20160509.OTH","NEON.DOC.001710vE","Other",0.005,"N","","V35Wye4FvhrxI6uTqmElE4vMuTa4eEyL"
"103655ab-2d45-44b7-bfa4-e1a9af762a93","UNDE_049.basePlot.ltr","D05","UNDE","UNDE_049","UNDE_049_584","2016-05-25","2015-10-27","2016-05-09","2016-05-16T19:00Z","2016-05-25T21:00Z","NEON.LTR.UNDE049584.20160509","NEON.LTR.UNDE049584.20160509.FLR","NEON.DOC.001710vE","Flowers",0.09,"N","","V35Wye4FvhrxI6uTqmElE4vMuTa4eEyL"
"98672c5a-26e4-455b-9de7-f1d04c062009","UNDE_049.basePlot.ltr","D05","UNDE","UNDE_049","UNDE_049_584","2016-05-25","2015-10-27","2016-05-09","2016-05-16T19:00Z","2016-05-25T21:00Z","NEON.LTR.UNDE049584.20160509","NEON.LTR.UNDE049584.20160509.SDS","NEON.DOC.001710vE","Seeds",0,"N","","V35Wye4FvhrxI6uTqmElE4vMuTa4eEyL"
"97da467b-2360-4105-9ec8-547fa71385cf","UNDE_058.basePlot.ltr","D05","UNDE","UNDE_058","UNDE_058_300","2016-05-25","2015-10-27","2016-05-09","2016-05-16T19:00Z","2016-05-25T21:00Z","NEON.LTR.UNDE058300.20160509","NEON.LTR.UNDE058300.20160509.FLR","NEON.DOC.001710vE","Flowers",0.73,"N","","V35Wye4FvhrxI6uTqmElE4vMuTa4eEyL"
"19af8a7c-f442-4ae3-8a25-5fa4cd010ba3","UNDE_058.basePlot.ltr","D05","UNDE","UNDE_058","UNDE_058_300","2016-05-25","2015-10-27","2016-05-09","2016-05-16T19:00Z","2016-05-25T21:00Z","NEON.LTR.UNDE058300.20160509","NEON.LTR.UNDE058300.20160509.TWI","NEON.DOC.001710vE","Twigs/branches",4.72,"N","","V35Wye4FvhrxI6uTqmElE4vMuTa4eEyL"
"94253b8b-cb33-4ac2-95a4-29a44a1510b0","UNDE_058.basePlot.ltr","D05","UNDE","UNDE_058","UNDE_058_300","2016-05-25","2015-10-27","2016-05-09","2016-05-16T19:00Z","2016-05-25T21:00Z","NEON.LTR.UNDE058300.20160509","NEON.LTR.UNDE058300.20160509.SDS","NEON.DOC.001710vE","Seeds",0.005,"N","","V35Wye4FvhrxI6uTqmElE4vMuTa4eEyL"
"da6f1ee0-8caa-4af7-84e4-99efca8ec1d3","UNDE_058.basePlot.ltr","D05","UNDE","UNDE_058","UNDE_058_300","2016-05-25","2015-10-27","2016-05-09","2016-05-16T19:00Z","2016-05-25T21:00Z","NEON.LTR.UNDE058300.20160509","NEON.LTR.UNDE058300.20160509.NDL","NEON.DOC.001710vE","Needles",0,"N","","V35Wye4FvhrxI6uTqmElE4vMuTa4eEyL"
"f31f86bc-5ccc-4fb3-bcbd-bf08db250efd","UNDE_058.basePlot.ltr","D05","UNDE","UNDE_058","UNDE_058_300","2016-05-25","2015-10-27","2016-05-09","2016-05-16T19:00Z","2016-05-25T21:00Z","NEON.LTR.UNDE058300.20160509","NEON.LTR.UNDE058300.20160509.WDY","NEON.DOC.001710vE","Woody material",0.92,"N","","V35Wye4FvhrxI6uTqmElE4vMuTa4eEyL"
"edc2fff1-149a-4c1e-be48-4d4f03b0f1fd","UNDE_058.basePlot.ltr","D05","UNDE","UNDE_058","UNDE_058_300","2016-05-25","2015-10-27","2016-05-09","2016-05-16T19:00Z","2016-05-25T21:00Z","NEON.LTR.UNDE058300.20160509","NEON.LTR.UNDE058300.20160509.OTH","NEON.DOC.001710vE","Other",1.71,"N","","V35Wye4FvhrxI6uTqmElE4vMuTa4eEyL"
"dbc018c9-628e-49ec-b488-581a3db27f69","UNDE_061.basePlot.ltr","D05","UNDE","UNDE_061","UNDE_061_300","2016-05-25","2015-10-27","2016-05-09","2016-05-16T19:00Z","2016-05-25T21:00Z","NEON.LTR.UNDE061300.20160509","NEON.LTR.UNDE061300.20160509.TWI","NEON.DOC.001710vE","Twigs/branches",4.69,"N","","V35Wye4FvhrxI6uTqmElE4vMuTa4eEyL"
"10e88857-196e-4349-a268-65070b029f17","UNDE_061.basePlot.ltr","D05","UNDE","UNDE_061","UNDE_061_300","2016-05-25","2015-10-27","2016-05-09","2016-05-16T19:00Z","2016-05-25T21:00Z","NEON.LTR.UNDE061300.20160509","NEON.LTR.UNDE061300.20160509.OTH","NEON.DOC.001710vE","Other",1.13,"N","","V35Wye4FvhrxI6uTqmElE4vMuTa4eEyL"
"267ef46c-ce8a-4caa-b874-0aa9bb9fbc1b","UNDE_061.basePlot.ltr","D05","UNDE","UNDE_061","UNDE_061_300","2016-05-25","2015-10-27","2016-05-09","2016-05-16T19:00Z","2016-05-25T21:00Z","NEON.LTR.UNDE061300.20160509","NEON.LTR.UNDE061300.20160509.LVS","NEON.DOC.001710vE","Leaves",0.61,"N","","V35Wye4FvhrxI6uTqmElE4vMuTa4eEyL"
"b9691399-c298-47c0-a571-c3007be976cb","UNDE_061.basePlot.ltr","D05","UNDE","UNDE_061","UNDE_061_300","2016-05-25","2015-10-27","2016-05-09","2016-05-16T19:00Z","2016-05-25T21:00Z","NEON.LTR.UNDE061300.20160509","NEON.LTR.UNDE061300.20160509.FLR","NEON.DOC.001710vE","Flowers",0,"N","","V35Wye4FvhrxI6uTqmElE4vMuTa4eEyL"
"faee8f98-8513-4112-ac44-a85a7b7e9786","UNDE_061.basePlot.ltr","D05","UNDE","UNDE_061","UNDE_061_300","2016-05-25","2015-10-27","2016-05-09","2016-05-16T19:00Z","2016-05-25T21:00Z","NEON.LTR.UNDE061300.20160509","NEON.LTR.UNDE061300.20160509.NDL","NEON.DOC.001710vE","Needles",0.21,"N","","V35Wye4FvhrxI6uTqmElE4vMuTa4eEyL"
"02e5d5a7-8410-4471-9787-42c5d6e4bf9b","UNDE_061.basePlot.ltr","D05","UNDE","UNDE_061","UNDE_061_300","2016-05-25","2015-10-27","2016-05-09","2016-05-16T19:00Z","2016-05-25T21:00Z","NEON.LTR.UNDE061300.20160509","NEON.LTR.UNDE061300.20160509.LVS","NEON.DOC.001710vE","Leaves",0.57,"N","","V35Wye4FvhrxI6uTqmElE4vMuTa4eEyL"
"3633746b-3ed2-4014-992c-3a6490a929f6","UNDE_061.basePlot.ltr","D05","UNDE","UNDE_061","UNDE_061_300","2016-05-25","2015-10-27","2016-05-09","2016-05-16T19:00Z","2016-05-25T21:00Z","NEON.LTR.UNDE061300.20160509","NEON.LTR.UNDE061300.20160509.SDS","NEON.DOC.001710vE","Seeds",0,"N","","V35Wye4FvhrxI6uTqmElE4vMuTa4eEyL"
"4b513c72-91f2-479e-a1aa-227b637eeb50","UNDE_061.basePlot.ltr","D05","UNDE","UNDE_061","UNDE_061_300","2016-05-25","2015-10-27","2016-05-09","2016-05-16T19:00Z","2016-05-25T21:00Z","NEON.LTR.UNDE061300.20160509","NEON.LTR.UNDE061300.20160509.WDY","NEON.DOC.001710vE","Woody material",1.45,"N","","V35Wye4FvhrxI6uTqmElE4vMuTa4eEyL"
"400acb3d-c5ce-44b1-b38f-9114d6fe6722","UNDE_058.basePlot.ltr","D05","UNDE","UNDE_058","UNDE_058_300","2016-05-25","2015-10-27","2016-05-09","2016-05-16T19:00Z","2016-05-25T21:00Z","NEON.LTR.UNDE058300.20160509","NEON.LTR.UNDE058300.20160509.LVS","NEON.DOC.001710vE","Leaves",0.77,"N","","V35Wye4FvhrxI6uTqmElE4vMuTa4eEyL"
"74b51aa0-8b5c-438c-a6d2-dd5365f6dab0","UNDE_055.basePlot.ltr","D05","UNDE","UNDE_055","UNDE_055_269","2016-05-25","2015-10-27","2016-05-09","2016-05-16T19:00Z","2016-05-25T21:00Z","NEON.LTR.UNDE055269.20160509","NEON.LTR.UNDE055269.20160509.TWI","NEON.DOC.001710vE","Twigs/branches",3.87,"N","","V35Wye4FvhrxI6uTqmElE4vMuTa4eEyL"
"b38abca8-1b75-4842-b7e6-2aac7eff8762","UNDE_055.basePlot.ltr","D05","UNDE","UNDE_055","UNDE_055_269","2016-05-25","2015-10-27","2016-05-09","2016-05-16T19:00Z","2016-05-25T21:00Z","NEON.LTR.UNDE055269.20160509","NEON.LTR.UNDE055269.20160509.SDS","NEON.DOC.001710vE","Seeds",0,"N","","V35Wye4FvhrxI6uTqmElE4vMuTa4eEyL"
"f24b2688-48be-4271-b758-2c262450e9a1","UNDE_055.basePlot.ltr","D05","UNDE","UNDE_055","UNDE_055_269","2016-05-25","2015-10-27","2016-05-09","2016-05-16T19:00Z","2016-05-25T21:00Z","NEON.LTR.UNDE055269.20160509","NEON.LTR.UNDE055269.20160509.WDY","NEON.DOC.001710vE","Woody material",0.1,"N","","V35Wye4FvhrxI6uTqmElE4vMuTa4eEyL"
"1cc9856f-d308-4b60-9575-a9539aad5ae3","UNDE_055.basePlot.ltr","D05","UNDE","UNDE_055","UNDE_055_269","2016-05-25","2015-10-27","2016-05-09","2016-05-16T19:00Z","2016-05-25T21:00Z","NEON.LTR.UNDE055269.20160509","NEON.LTR.UNDE055269.20160509.OTH","NEON.DOC.001710vE","Other",1.01,"N","","V35Wye4FvhrxI6uTqmElE4vMuTa4eEyL"
"cb4e54a9-09b1-4a8e-b675-cf53e0f437c4","UNDE_050.basePlot.ltr","D05","UNDE","UNDE_050","UNDE_050_030","2016-05-25","2015-10-27","2016-05-09","2016-05-16T19:00Z","2016-05-25T21:00Z","NEON.LTR.UNDE050030.20160509","NEON.LTR.UNDE050030.20160509.WDY","NEON.DOC.001710vE","Woody material",0,"N","","V35Wye4FvhrxI6uTqmElE4vMuTa4eEyL"
"68393b8d-5b4b-4452-8dfe-c8bd63d17d44","UNDE_050.basePlot.ltr","D05","UNDE","UNDE_050","UNDE_050_030","2016-05-25","2015-10-27","2016-05-09","2016-05-16T19:00Z","2016-05-25T21:00Z","NEON.LTR.UNDE050030.20160509","NEON.LTR.UNDE050030.20160509.TWI","NEON.DOC.001710vE","Twigs/branches",5.12,"N","","V35Wye4FvhrxI6uTqmElE4vMuTa4eEyL"
"c9727d27-a508-4004-b324-b9973775143e","UNDE_050.basePlot.ltr","D05","UNDE","UNDE_050","UNDE_050_030","2016-05-25","2015-10-27","2016-05-09","2016-05-16T19:00Z","2016-05-25T21:00Z","NEON.LTR.UNDE050030.20160509","NEON.LTR.UNDE050030.20160509.LVS","NEON.DOC.001710vE","Leaves",0.48,"N","","V35Wye4FvhrxI6uTqmElE4vMuTa4eEyL"
"a26127e2-1fb9-4898-b730-49e70299e75d","UNDE_050.basePlot.ltr","D05","UNDE","UNDE_050","UNDE_050_030","2016-05-25","2015-10-27","2016-05-09","2016-05-16T19:00Z","2016-05-25T21:00Z","NEON.LTR.UNDE050030.20160509","NEON.LTR.UNDE050030.20160509.NDL","NEON.DOC.001710vE","Needles",0.48,"Y","","V35Wye4FvhrxI6uTqmElE4vMuTa4eEyL"
"a273dd05-213a-45b2-b2d4-16e76ccbc729","UNDE_050.basePlot.ltr","D05","UNDE","UNDE_050","UNDE_050_030","2016-05-25","2015-10-27","2016-05-09","2016-05-16T19:00Z","2016-05-25T21:00Z","NEON.LTR.UNDE050030.20160509","NEON.LTR.UNDE050030.20160509.NDL","NEON.DOC.001710vE","Needles",0.45,"N","","V35Wye4FvhrxI6uTqmElE4vMuTa4eEyL"
"1056daf6-ca6b-48d7-b546-b17204047752","UNDE_050.basePlot.ltr","D05","UNDE","UNDE_050","UNDE_050_030","2016-05-25","2015-10-27","2016-05-09","2016-05-16T19:00Z","2016-05-25T21:00Z","NEON.LTR.UNDE050030.20160509","NEON.LTR.UNDE050030.20160509.SDS","NEON.DOC.001710vE","Seeds",0,"N","","V35Wye4FvhrxI6uTqmElE4vMuTa4eEyL"
"a12b43b2-a90a-4c8b-9308-a818e89f9580","UNDE_050.basePlot.ltr","D05","UNDE","UNDE_050","UNDE_050_030","2016-05-25","2015-10-27","2016-05-09","2016-05-16T19:00Z","2016-05-25T21:00Z","NEON.LTR.UNDE050030.20160509","NEON.LTR.UNDE050030.20160509.FLR","NEON.DOC.001710vE","Flowers",1.2,"N","","V35Wye4FvhrxI6uTqmElE4vMuTa4eEyL"
"427ebe80-e865-492f-9b9d-4f8da3d5013c","UNDE_050.basePlot.ltr","D05","UNDE","UNDE_050","UNDE_050_030","2016-05-25","2015-10-27","2016-05-09","2016-05-16T19:00Z","2016-05-25T21:00Z","NEON.LTR.UNDE050030.20160509","NEON.LTR.UNDE050030.20160509.OTH","NEON.DOC.001710vE","Other",2.07,"N","","V35Wye4FvhrxI6uTqmElE4vMuTa4eEyL"
"32af9f13-7914-4215-8ab5-b199796e6d34","UNDE_055.basePlot.ltr","D05","UNDE","UNDE_055","UNDE_055_269","2016-05-25","2015-10-27","2016-05-09","2016-05-16T19:00Z","2016-05-25T21:00Z","NEON.LTR.UNDE055269.20160509","NEON.LTR.UNDE055269.20160509.LVS","NEON.DOC.001710vE","Leaves",0.63,"N","","V35Wye4FvhrxI6uTqmElE4vMuTa4eEyL"
"a6e3dbed-e7b3-4bf0-b0bd-6c21bf0b8404","UNDE_055.basePlot.ltr","D05","UNDE","UNDE_055","UNDE_055_269","2016-05-25","2015-10-27","2016-05-09","2016-05-16T19:00Z","2016-05-25T21:00Z","NEON.LTR.UNDE055269.20160509","NEON.LTR.UNDE055269.20160509.NDL","NEON.DOC.001710vE","Needles",1.35,"N","","V35Wye4FvhrxI6uTqmElE4vMuTa4eEyL"
"1423f93a-4ea0-40d2-9bb0-e52c365609a2","UNDE_055.basePlot.ltr","D05","UNDE","UNDE_055","UNDE_055_269","2016-05-25","2015-10-27","2016-05-09","2016-05-16T19:00Z","2016-05-25T21:00Z","NEON.LTR.UNDE055269.20160509","NEON.LTR.UNDE055269.20160509.FLR","NEON.DOC.001710vE","Flowers",0.13,"N","","V35Wye4FvhrxI6uTqmElE4vMuTa4eEyL"
"98b711d9-9ee1-486e-be06-cd6a8e299c36","UNDE_049.basePlot.ltr","D05","UNDE","UNDE_049","UNDE_049_111","2016-05-25","2015-10-27","2016-05-09","2016-05-16T19:00Z","2016-05-25T21:00Z","NEON.LTR.UNDE049111.20160509","NEON.LTR.UNDE049111.20160509.LVS","NEON.DOC.001710vE","Leaves",1.23,"N","","V35Wye4FvhrxI6uTqmElE4vMuTa4eEyL"
"0aa9fc20-b809-4aed-b5b0-bf17a3da2c7c","UNDE_049.basePlot.ltr","D05","UNDE","UNDE_049","UNDE_049_111","2016-05-25","2015-10-27","2016-05-09","2016-05-16T19:00Z","2016-05-25T21:00Z","NEON.LTR.UNDE049111.20160509","NEON.LTR.UNDE049111.20160509.SDS","NEON.DOC.001710vE","Seeds",0.005,"Y","","V35Wye4FvhrxI6uTqmElE4vMuTa4eEyL"
"14eab1c6-b984-4a67-af13-cc64b1816743","UNDE_049.basePlot.ltr","D05","UNDE","UNDE_049","UNDE_049_111","2016-05-25","2015-10-27","2016-05-09","2016-05-16T19:00Z","2016-05-25T21:00Z","NEON.LTR.UNDE049111.20160509","NEON.LTR.UNDE049111.20160509.FLR","NEON.DOC.001710vE","Flowers",0.16,"N","","V35Wye4FvhrxI6uTqmElE4vMuTa4eEyL"
"5c80c83f-1fa7-4a11-a89f-c44e6aa02e18","UNDE_049.basePlot.ltr","D05","UNDE","UNDE_049","UNDE_049_111","2016-05-25","2015-10-27","2016-05-09","2016-05-16T19:00Z","2016-05-25T21:00Z","NEON.LTR.UNDE049111.20160509","NEON.LTR.UNDE049111.20160509.NDL","NEON.DOC.001710vE","Needles",0.21,"N","","V35Wye4FvhrxI6uTqmElE4vMuTa4eEyL"
"a71a1cdc-331b-47ef-be2d-9739f2d8e623","UNDE_049.basePlot.ltr","D05","UNDE","UNDE_049","UNDE_049_111","2016-05-25","2015-10-27","2016-05-09","2016-05-16T19:00Z","2016-05-25T21:00Z","NEON.LTR.UNDE049111.20160509","NEON.LTR.UNDE049111.20160509.OTH","NEON.DOC.001710vE","Other",0.4,"N","","V35Wye4FvhrxI6uTqmElE4vMuTa4eEyL"
"a5ce863c-b766-4fea-904e-79a9ad295cc8","UNDE_049.basePlot.ltr","D05","UNDE","UNDE_049","UNDE_049_111","2016-05-25","2015-10-27","2016-05-09","2016-05-16T19:00Z","2016-05-25T21:00Z","NEON.LTR.UNDE049111.20160509","NEON.LTR.UNDE049111.20160509.TWI","NEON.DOC.001710vE","Twigs/branches",0.36,"N","","V35Wye4FvhrxI6uTqmElE4vMuTa4eEyL"
"b74001ba-479c-40c0-8100-97f92fd5b147","UNDE_049.basePlot.ltr","D05","UNDE","UNDE_049","UNDE_049_111","2016-05-25","2015-10-27","2016-05-09","2016-05-16T19:00Z","2016-05-25T21:00Z","NEON.LTR.UNDE049111.20160509","NEON.LTR.UNDE049111.20160509.SDS","NEON.DOC.001710vE","Seeds",0.005,"N","","V35Wye4FvhrxI6uTqmElE4vMuTa4eEyL"
"4abd9391-a7c8-4eba-a28f-ea6509156517","UNDE_049.basePlot.ltr","D05","UNDE","UNDE_049","UNDE_049_111","2016-05-25","2015-10-27","2016-05-09","2016-05-16T19:00Z","2016-05-25T21:00Z","NEON.LTR.UNDE049111.20160509","NEON.LTR.UNDE049111.20160509.WDY","NEON.DOC.001710vE","Woody material",0.005,"N","","V35Wye4FvhrxI6uTqmElE4vMuTa4eEyL"
"d0624ba3-058c-4c9d-9b8b-94ed4573877e","UNDE_050.basePlot.ltr","D05","UNDE","UNDE_050","UNDE_050_673","2016-05-25","2015-10-27","2016-05-09","2016-05-16T19:00Z","2016-05-25T21:00Z","NEON.LTR.UNDE050673.20160509","NEON.LTR.UNDE050673.20160509.TWI","NEON.DOC.001710vE","Twigs/branches",1.71,"N","","V35Wye4FvhrxI6uTqmElE4vMuTa4eEyL"
"9ba0e886-dd96-4a39-ae1f-c78b718d1af9","UNDE_050.basePlot.ltr","D05","UNDE","UNDE_050","UNDE_050_673","2016-05-25","2015-10-27","2016-05-09","2016-05-16T19:00Z","2016-05-25T21:00Z","NEON.LTR.UNDE050673.20160509","NEON.LTR.UNDE050673.20160509.WDY","NEON.DOC.001710vE","Woody material",1.1,"N","","V35Wye4FvhrxI6uTqmElE4vMuTa4eEyL"
"4d2ed20a-429a-4d3a-af3e-a41322c49c38","UNDE_050.basePlot.ltr","D05","UNDE","UNDE_050","UNDE_050_673","2016-05-25","2015-10-27","2016-05-09","2016-05-16T19:00Z","2016-05-25T21:00Z","NEON.LTR.UNDE050673.20160509","NEON.LTR.UNDE050673.20160509.NDL","NEON.DOC.001710vE","Needles",0.07,"N","","V35Wye4FvhrxI6uTqmElE4vMuTa4eEyL"
"d767bcd9-5a2a-4717-acd2-ed084d796a84","UNDE_050.basePlot.ltr","D05","UNDE","UNDE_050","UNDE_050_673","2016-05-25","2015-10-27","2016-05-09","2016-05-16T19:00Z","2016-05-25T21:00Z","NEON.LTR.UNDE050673.20160509","NEON.LTR.UNDE050673.20160509.LVS","NEON.DOC.001710vE","Leaves",0.26,"N","","V35Wye4FvhrxI6uTqmElE4vMuTa4eEyL"
"a50fe26b-4622-4458-a4e9-2024d8bf491a","UNDE_050.basePlot.ltr","D05","UNDE","UNDE_050","UNDE_050_673","2016-05-25","2015-10-27","2016-05-09","2016-05-16T19:00Z","2016-05-25T21:00Z","NEON.LTR.UNDE050673.20160509","NEON.LTR.UNDE050673.20160509.FLR","NEON.DOC.001710vE","Flowers",0.38,"N","","V35Wye4FvhrxI6uTqmElE4vMuTa4eEyL"
"3b5764d0-e135-4785-9e31-74c830a935b2","UNDE_050.basePlot.ltr","D05","UNDE","UNDE_050","UNDE_050_673","2016-05-25","2015-10-27","2016-05-09","2016-05-16T19:00Z","2016-05-25T21:00Z","NEON.LTR.UNDE050673.20160509","NEON.LTR.UNDE050673.20160509.SDS","NEON.DOC.001710vE","Seeds",0,"N","","V35Wye4FvhrxI6uTqmElE4vMuTa4eEyL"
"c9457b18-53ec-4ef5-999d-35d2fb2b7ba0","UNDE_050.basePlot.ltr","D05","UNDE","UNDE_050","UNDE_050_673","2016-05-25","2015-10-27","2016-05-09","2016-05-16T19:00Z","2016-05-25T21:00Z","NEON.LTR.UNDE050673.20160509","NEON.LTR.UNDE050673.20160509.OTH","NEON.DOC.001710vE","Other",0.87,"N","","V35Wye4FvhrxI6uTqmElE4vMuTa4eEyL"
"b3918684-35bc-4792-9c18-bf93297b921c","UNDE_050.basePlot.ltr","D05","UNDE","UNDE_050","UNDE_050_673","2016-05-25","2015-10-27","2016-05-09","2016-05-16T19:00Z","2016-05-25T21:00Z","NEON.LTR.UNDE050673.20160509","NEON.LTR.UNDE050673.20160509.TWI","NEON.DOC.001710vE","Twigs/branches",1.7,"Y","","V35Wye4FvhrxI6uTqmElE4vMuTa4eEyL"
"46022c52-db66-4e17-8b35-487e7213f50f","UNDE_044.basePlot.ltr","D05","UNDE","UNDE_044","UNDE_044_085","2016-05-25","2015-10-27","2016-05-10","2016-05-16T19:00Z","2016-05-25T21:00Z","NEON.LTR.UNDE044085.20160510","NEON.LTR.UNDE044085.20160510.OTH","NEON.DOC.001710vE","Other",5.27,"N","","V35Wye4FvhrxI6uTqmElE4vMuTa4eEyL"
"babb3e43-4520-483f-8265-b3a21fbdbd48","UNDE_044.basePlot.ltr","D05","UNDE","UNDE_044","UNDE_044_085","2016-05-25","2015-10-27","2016-05-10","2016-05-16T19:00Z","2016-05-25T21:00Z","NEON.LTR.UNDE044085.20160510","NEON.LTR.UNDE044085.20160510.WDY","NEON.DOC.001710vE","Woody material",0.87,"Y","","V35Wye4FvhrxI6uTqmElE4vMuTa4eEyL"
"c136c1c6-8c04-44ab-aaec-4832232525da","UNDE_044.basePlot.ltr","D05","UNDE","UNDE_044","UNDE_044_085","2016-05-25","2015-10-27","2016-05-10","2016-05-16T19:00Z","2016-05-25T21:00Z","NEON.LTR.UNDE044085.20160510","NEON.LTR.UNDE044085.20160510.SDS","NEON.DOC.001710vE","Seeds",0.005,"N","","V35Wye4FvhrxI6uTqmElE4vMuTa4eEyL"
"802d708a-e5c7-427d-acd5-d1b377667ba6","UNDE_044.basePlot.ltr","D05","UNDE","UNDE_044","UNDE_044_085","2016-05-25","2015-10-27","2016-05-10","2016-05-16T19:00Z","2016-05-25T21:00Z","NEON.LTR.UNDE044085.20160510","NEON.LTR.UNDE044085.20160510.TWI","NEON.DOC.001710vE","Twigs/branches",9.03,"N","","V35Wye4FvhrxI6uTqmElE4vMuTa4eEyL"
"35355b09-6d16-4faf-b755-02a451a6fbdb","UNDE_059.basePlot.ltr","D05","UNDE","UNDE_059","UNDE_059_631","2016-05-25","2015-10-27","2016-05-10","2016-05-16T19:00Z","2016-05-25T21:00Z","NEON.LTR.UNDE059631.20160510","NEON.LTR.UNDE059631.20160510.SDS","NEON.DOC.001710vE","Seeds",0.77,"N","","V35Wye4FvhrxI6uTqmElE4vMuTa4eEyL"
"63bfa4bc-99fe-42a8-8ac2-ff7c5c4ff525","UNDE_059.basePlot.ltr","D05","UNDE","UNDE_059","UNDE_059_631","2016-05-25","2015-10-27","2016-05-10","2016-05-16T19:00Z","2016-05-25T21:00Z","NEON.LTR.UNDE059631.20160510","NEON.LTR.UNDE059631.20160510.OTH","NEON.DOC.001710vE","Other",9.84,"N","","V35Wye4FvhrxI6uTqmElE4vMuTa4eEyL"
"fe333a4c-1d95-435e-b647-6b5873f9c833","UNDE_059.basePlot.ltr","D05","UNDE","UNDE_059","UNDE_059_631","2016-05-25","2015-10-27","2016-05-10","2016-05-16T19:00Z","2016-05-25T21:00Z","NEON.LTR.UNDE059631.20160510","NEON.LTR.UNDE059631.20160510.WDY","NEON.DOC.001710vE","Woody material",0.68,"N","","V35Wye4FvhrxI6uTqmElE4vMuTa4eEyL"
"bb069f25-9cfe-4d9d-88e5-69b27c30d215","UNDE_059.basePlot.ltr","D05","UNDE","UNDE_059","UNDE_059_631","2016-05-25","2015-10-27","2016-05-10","2016-05-16T19:00Z","2016-05-25T21:00Z","NEON.LTR.UNDE059631.20160510","NEON.LTR.UNDE059631.20160510.SDS","NEON.DOC.001710vE","Seeds",0.81,"Y","","V35Wye4FvhrxI6uTqmElE4vMuTa4eEyL"
"a60aa601-24e7-4bfb-8c10-1799b37c4f3e","UNDE_059.basePlot.ltr","D05","UNDE","UNDE_059","UNDE_059_631","2016-05-25","2015-10-27","2016-05-10","2016-05-16T19:00Z","2016-05-25T21:00Z","NEON.LTR.UNDE059631.20160510","NEON.LTR.UNDE059631.20160510.LVS","NEON.DOC.001710vE","Leaves",3.05,"N","","V35Wye4FvhrxI6uTqmElE4vMuTa4eEyL"
"00a4d1dd-0da9-4b8d-9ad8-45e606441e0f","UNDE_059.basePlot.ltr","D05","UNDE","UNDE_059","UNDE_059_631","2016-05-25","2015-10-27","2016-05-10","2016-05-16T19:00Z","2016-05-25T21:00Z","NEON.LTR.UNDE059631.20160510","NEON.LTR.UNDE059631.20160510.FLR","NEON.DOC.001710vE","Flowers",0.12,"N","","V35Wye4FvhrxI6uTqmElE4vMuTa4eEyL"
"37363974-0de4-4409-83e7-eda0bbf3c828","UNDE_059.basePlot.ltr","D05","UNDE","UNDE_059","UNDE_059_631","2016-05-25","2015-10-27","2016-05-10","2016-05-16T19:00Z","2016-05-25T21:00Z","NEON.LTR.UNDE059631.20160510","NEON.LTR.UNDE059631.20160510.TWI","NEON.DOC.001710vE","Twigs/branches",3.85,"N","","V35Wye4FvhrxI6uTqmElE4vMuTa4eEyL"
"da845ed2-93c3-40ac-8798-5e5fae0f7aa1","UNDE_059.basePlot.ltr","D05","UNDE","UNDE_059","UNDE_059_631","2016-05-25","2015-10-27","2016-05-10","2016-05-16T19:00Z","2016-05-25T21:00Z","NEON.LTR.UNDE059631.20160510","NEON.LTR.UNDE059631.20160510.NDL","NEON.DOC.001710vE","Needles",7.31,"N","","V35Wye4FvhrxI6uTqmElE4vMuTa4eEyL"
"eda58eb0-8f15-4a4a-9e5b-9068e6e18260","UNDE_037.basePlot.ltr","D05","UNDE","UNDE_037","UNDE_037_888","2016-05-25","2015-10-27","2016-05-10","2016-05-16T19:00Z","2016-05-25T21:00Z","NEON.LTR.UNDE037888.20160510","NEON.LTR.UNDE037888.20160510.TWI","NEON.DOC.001710vE","Twigs/branches",5.15,"N","","V35Wye4FvhrxI6uTqmElE4vMuTa4eEyL"
"17be88f5-e631-4695-90aa-539972cee077","UNDE_037.basePlot.ltr","D05","UNDE","UNDE_037","UNDE_037_888","2016-05-25","2015-10-27","2016-05-10","2016-05-16T19:00Z","2016-05-25T21:00Z","NEON.LTR.UNDE037888.20160510","NEON.LTR.UNDE037888.20160510.FLR","NEON.DOC.001710vE","Flowers",1.1,"N","","V35Wye4FvhrxI6uTqmElE4vMuTa4eEyL"
"030aeb51-e998-4e3d-9f24-ae24ac7a1209","UNDE_037.basePlot.ltr","D05","UNDE","UNDE_037","UNDE_037_888","2016-05-25","2015-10-27","2016-05-10","2016-05-16T19:00Z","2016-05-25T21:00Z","NEON.LTR.UNDE037888.20160510","NEON.LTR.UNDE037888.20160510.FLR","NEON.DOC.001710vE","Flowers",1.08,"Y","","V35Wye4FvhrxI6uTqmElE4vMuTa4eEyL"
"773f4cf1-0876-4fd2-9a04-69cfb30991ae","UNDE_037.basePlot.ltr","D05","UNDE","UNDE_037","UNDE_037_888","2016-05-25","2015-10-27","2016-05-10","2016-05-16T19:00Z","2016-05-25T21:00Z","NEON.LTR.UNDE037888.20160510","NEON.LTR.UNDE037888.20160510.NDL","NEON.DOC.001710vE","Needles",3.67,"N","","V35Wye4FvhrxI6uTqmElE4vMuTa4eEyL"
"cfb67be5-6dba-494b-b876-2da530e28281","UNDE_037.basePlot.ltr","D05","UNDE","UNDE_037","UNDE_037_888","2016-05-25","2015-10-27","2016-05-10","2016-05-16T19:00Z","2016-05-25T21:00Z","NEON.LTR.UNDE037888.20160510","NEON.LTR.UNDE037888.20160510.OTH","NEON.DOC.001710vE","Other",4.21,"N","","V35Wye4FvhrxI6uTqmElE4vMuTa4eEyL"
"b10a4909-9587-456a-8276-f70dde5c6851","UNDE_037.basePlot.ltr","D05","UNDE","UNDE_037","UNDE_037_888","2016-05-25","2015-10-27","2016-05-10","2016-05-16T19:00Z","2016-05-25T21:00Z","NEON.LTR.UNDE037888.20160510","NEON.LTR.UNDE037888.20160510.WDY","NEON.DOC.001710vE","Woody material",0.81,"N","","V35Wye4FvhrxI6uTqmElE4vMuTa4eEyL"
"1763ad6f-a2cd-40a8-a678-d8d50beea658","UNDE_037.basePlot.ltr","D05","UNDE","UNDE_037","UNDE_037_888","2016-05-25","2015-10-27","2016-05-10","2016-05-16T19:00Z","2016-05-25T21:00Z","NEON.LTR.UNDE037888.20160510","NEON.LTR.UNDE037888.20160510.SDS","NEON.DOC.001710vE","Seeds",0,"N","","V35Wye4FvhrxI6uTqmElE4vMuTa4eEyL"
"832cfd0f-d144-4149-8153-ebde66177c6d","UNDE_037.basePlot.ltr","D05","UNDE","UNDE_037","UNDE_037_888","2016-05-25","2015-10-27","2016-05-10","2016-05-16T19:00Z","2016-05-25T21:00Z","NEON.LTR.UNDE037888.20160510","NEON.LTR.UNDE037888.20160510.LVS","NEON.DOC.001710vE","Leaves",1.91,"N","","V35Wye4FvhrxI6uTqmElE4vMuTa4eEyL"
"00d9473a-37ff-45a8-81fb-c43a6caeae43","UNDE_048.basePlot.ltr","D05","UNDE","UNDE_048","UNDE_048_897","2016-05-25","2015-10-27","2016-05-10","2016-05-16T19:00Z","2016-05-25T21:00Z","NEON.LTR.UNDE048897.20160510","NEON.LTR.UNDE048897.20160510.FLR","NEON.DOC.001710vE","Flowers",1.48,"N","","V35Wye4FvhrxI6uTqmElE4vMuTa4eEyL"
"14416a81-3ccc-4987-b0c5-298be2b384e2","UNDE_048.basePlot.ltr","D05","UNDE","UNDE_048","UNDE_048_897","2016-05-25","2015-10-27","2016-05-10","2016-05-16T19:00Z","2016-05-25T21:00Z","NEON.LTR.UNDE048897.20160510","NEON.LTR.UNDE048897.20160510.OTH","NEON.DOC.001710vE","Other",1.01,"N","","V35Wye4FvhrxI6uTqmElE4vMuTa4eEyL"
"6b8adc77-55f0-4904-aa4f-240c1f00e29e","UNDE_048.basePlot.ltr","D05","UNDE","UNDE_048","UNDE_048_897","2016-05-25","2015-10-27","2016-05-10","2016-05-16T19:00Z","2016-05-25T21:00Z","NEON.LTR.UNDE048897.20160510","NEON.LTR.UNDE048897.20160510.SDS","NEON.DOC.001710vE","Seeds",0.06,"N","","V35Wye4FvhrxI6uTqmElE4vMuTa4eEyL"
"61c4db91-bd45-45ea-b482-cecb91767b84","UNDE_048.basePlot.ltr","D05","UNDE","UNDE_048","UNDE_048_897","2016-05-25","2015-10-27","2016-05-10","2016-05-16T19:00Z","2016-05-25T21:00Z","NEON.LTR.UNDE048897.20160510","NEON.LTR.UNDE048897.20160510.NDL","NEON.DOC.001710vE","Needles",1.88,"N","","V35Wye4FvhrxI6uTqmElE4vMuTa4eEyL"
"c64edf86-d0a9-4d72-bb77-49436dfb7dae","UNDE_048.basePlot.ltr","D05","UNDE","UNDE_048","UNDE_048_897","2016-05-25","2015-10-27","2016-05-10","2016-05-16T19:00Z","2016-05-25T21:00Z","NEON.LTR.UNDE048897.20160510","NEON.LTR.UNDE048897.20160510.TWI","NEON.DOC.001710vE","Twigs/branches",0.89,"N","","V35Wye4FvhrxI6uTqmElE4vMuTa4eEyL"
"81bfd287-c064-4cfa-a688-9bce09820088","UNDE_048.basePlot.ltr","D05","UNDE","UNDE_048","UNDE_048_897","2016-05-25","2015-10-27","2016-05-10","2016-05-16T19:00Z","2016-05-25T21:00Z","NEON.LTR.UNDE048897.20160510","NEON.LTR.UNDE048897.20160510.WDY","NEON.DOC.001710vE","Woody material",0.31,"N","","V35Wye4FvhrxI6uTqmElE4vMuTa4eEyL"
"5e672e3e-31ed-4274-8d60-481987e78fff","UNDE_048.basePlot.ltr","D05","UNDE","UNDE_048","UNDE_048_897","2016-05-25","2015-10-27","2016-05-10","2016-05-16T19:00Z","2016-05-25T21:00Z","NEON.LTR.UNDE048897.20160510","NEON.LTR.UNDE048897.20160510.LVS","NEON.DOC.001710vE","Leaves",0.86,"N","","V35Wye4FvhrxI6uTqmElE4vMuTa4eEyL"
"21432174-7dac-49d8-8cc0-a0c8c7c57b15","UNDE_037.basePlot.ltr","D05","UNDE","UNDE_037","UNDE_037_713","2016-05-25","2015-10-27","2016-05-10","2016-05-16T19:00Z","2016-05-25T21:00Z","NEON.LTR.UNDE037713.20160510","NEON.LTR.UNDE037713.20160510.WDY","NEON.DOC.001710vE","Woody material",0.39,"N","","V35Wye4FvhrxI6uTqmElE4vMuTa4eEyL"
"bdd3d718-668d-4fec-881e-6e31b4572e6f","UNDE_037.basePlot.ltr","D05","UNDE","UNDE_037","UNDE_037_713","2016-05-25","2015-10-27","2016-05-10","2016-05-16T19:00Z","2016-05-25T21:00Z","NEON.LTR.UNDE037713.20160510","NEON.LTR.UNDE037713.20160510.NDL","NEON.DOC.001710vE","Needles",24.42,"N","","V35Wye4FvhrxI6uTqmElE4vMuTa4eEyL"
"3757edf2-ec72-439a-9cf3-fce7dd2a5137","UNDE_037.basePlot.ltr","D05","UNDE","UNDE_037","UNDE_037_713","2016-05-25","2015-10-27","2016-05-10","2016-05-16T19:00Z","2016-05-25T21:00Z","NEON.LTR.UNDE037713.20160510","NEON.LTR.UNDE037713.20160510.FLR","NEON.DOC.001710vE","Flowers",0.33,"N","","V35Wye4FvhrxI6uTqmElE4vMuTa4eEyL"
"887fc2b1-1d65-421f-b043-940713c8d4e0","UNDE_037.basePlot.ltr","D05","UNDE","UNDE_037","UNDE_037_713","2016-05-25","2015-10-27","2016-05-10","2016-05-16T19:00Z","2016-05-25T21:00Z","NEON.LTR.UNDE037713.20160510","NEON.LTR.UNDE037713.20160510.OTH","NEON.DOC.001710vE","Other",0.06,"N","","V35Wye4FvhrxI6uTqmElE4vMuTa4eEyL"
"dbf6ecf6-78a6-4cc7-b6de-6cdf48a7d587","UNDE_037.basePlot.ltr","D05","UNDE","UNDE_037","UNDE_037_713","2016-05-25","2015-10-27","2016-05-10","2016-05-16T19:00Z","2016-05-25T21:00Z","NEON.LTR.UNDE037713.20160510","NEON.LTR.UNDE037713.20160510.LVS","NEON.DOC.001710vE","Leaves",9.38,"Y","","V35Wye4FvhrxI6uTqmElE4vMuTa4eEyL"
"09169c04-6141-4452-a2f2-a53b41565587","UNDE_037.basePlot.ltr","D05","UNDE","UNDE_037","UNDE_037_713","2016-05-25","2015-10-27","2016-05-10","2016-05-16T19:00Z","2016-05-25T21:00Z","NEON.LTR.UNDE037713.20160510","NEON.LTR.UNDE037713.20160510.TWI","NEON.DOC.001710vE","Twigs/branches",2.9,"N","","V35Wye4FvhrxI6uTqmElE4vMuTa4eEyL"
"fa8c1267-82ac-467a-882f-8253d9ebcda0","UNDE_037.basePlot.ltr","D05","UNDE","UNDE_037","UNDE_037_713","2016-05-25","2015-10-27","2016-05-10","2016-05-16T19:00Z","2016-05-25T21:00Z","NEON.LTR.UNDE037713.20160510","NEON.LTR.UNDE037713.20160510.SDS","NEON.DOC.001710vE","Seeds",0.09,"N","","V35Wye4FvhrxI6uTqmElE4vMuTa4eEyL"
"8402f19e-87c3-4daa-86c3-55fc672fc0e0","UNDE_037.basePlot.ltr","D05","UNDE","UNDE_037","UNDE_037_713","2016-05-25","2015-10-27","2016-05-10","2016-05-16T19:00Z","2016-05-25T21:00Z","NEON.LTR.UNDE037713.20160510","NEON.LTR.UNDE037713.20160510.LVS","NEON.DOC.001710vE","Leaves",9.39,"N","","V35Wye4FvhrxI6uTqmElE4vMuTa4eEyL"
"3217b53b-72ed-47a6-8497-c72011ad9458","UNDE_038.basePlot.ltr","D05","UNDE","UNDE_038","UNDE_038_400","2016-05-25","2015-10-27","2016-05-10","2016-05-16T19:00Z","2016-05-25T21:00Z","NEON.LTR.UNDE038400.20160510","NEON.LTR.UNDE038400.20160510.NDL","NEON.DOC.001710vE","Needles",14.03,"N","","V35Wye4FvhrxI6uTqmElE4vMuTa4eEyL"
"6345d855-521d-4b99-a5bb-d63dda66d67c","UNDE_038.basePlot.ltr","D05","UNDE","UNDE_038","UNDE_038_400","2016-05-25","2015-10-27","2016-05-10","2016-05-16T19:00Z","2016-05-25T21:00Z","NEON.LTR.UNDE038400.20160510","NEON.LTR.UNDE038400.20160510.LVS","NEON.DOC.001710vE","Leaves",0.56,"N","","V35Wye4FvhrxI6uTqmElE4vMuTa4eEyL"
"b2abdaa5-aed2-4bde-a35a-1b356818d4d3","UNDE_038.basePlot.ltr","D05","UNDE","UNDE_038","UNDE_038_400","2016-05-25","2015-10-27","2016-05-10","2016-05-16T19:00Z","2016-05-25T21:00Z","NEON.LTR.UNDE038400.20160510","NEON.LTR.UNDE038400.20160510.SDS","NEON.DOC.001710vE","Seeds",0,"N","","V35Wye4FvhrxI6uTqmElE4vMuTa4eEyL"
"9385d58e-64b3-47ed-acdd-c5a1ea62ac88","UNDE_038.basePlot.ltr","D05","UNDE","UNDE_038","UNDE_038_400","2016-05-25","2015-10-27","2016-05-10","2016-05-16T19:00Z","2016-05-25T21:00Z","NEON.LTR.UNDE038400.20160510","NEON.LTR.UNDE038400.20160510.FLR","NEON.DOC.001710vE","Flowers",0.72,"N","","V35Wye4FvhrxI6uTqmElE4vMuTa4eEyL"
"ddc1759f-312f-4c14-911f-749f99b74612","UNDE_038.basePlot.ltr","D05","UNDE","UNDE_038","UNDE_038_400","2016-05-25","2015-10-27","2016-05-10","2016-05-16T19:00Z","2016-05-25T21:00Z","NEON.LTR.UNDE038400.20160510","NEON.LTR.UNDE038400.20160510.WDY","NEON.DOC.001710vE","Woody material",0.8,"N","","V35Wye4FvhrxI6uTqmElE4vMuTa4eEyL"
"3193c82e-6824-4f44-8010-26876d05e581","UNDE_038.basePlot.ltr","D05","UNDE","UNDE_038","UNDE_038_400","2016-05-25","2015-10-27","2016-05-10","2016-05-16T19:00Z","2016-05-25T21:00Z","NEON.LTR.UNDE038400.20160510","NEON.LTR.UNDE038400.20160510.OTH","NEON.DOC.001710vE","Other",1.85,"N","","V35Wye4FvhrxI6uTqmElE4vMuTa4eEyL"
"546a256c-0cde-4399-8ab7-26d96f5143f6","UNDE_038.basePlot.ltr","D05","UNDE","UNDE_038","UNDE_038_400","2016-05-25","2015-10-27","2016-05-10","2016-05-16T19:00Z","2016-05-25T21:00Z","NEON.LTR.UNDE038400.20160510","NEON.LTR.UNDE038400.20160510.TWI","NEON.DOC.001710vE","Twigs/branches",15.81,"N","","V35Wye4FvhrxI6uTqmElE4vMuTa4eEyL"
"4c50ecd2-c117-45a3-96b0-bd743d42e34d","UNDE_048.basePlot.ltr","D05","UNDE","UNDE_048","UNDE_048_672","2016-05-25","2015-10-27","2016-05-10","2016-05-16T19:00Z","2016-05-25T21:00Z","NEON.LTR.UNDE048672.20160510","NEON.LTR.UNDE048672.20160510.TWI","NEON.DOC.001710vE","Twigs/branches",22.41,"N","","V35Wye4FvhrxI6uTqmElE4vMuTa4eEyL"
"0c94f055-5965-432b-97a1-106ca9952be2","UNDE_048.basePlot.ltr","D05","UNDE","UNDE_048","UNDE_048_672","2016-05-25","2015-10-27","2016-05-10","2016-05-16T19:00Z","2016-05-25T21:00Z","NEON.LTR.UNDE048672.20160510","NEON.LTR.UNDE048672.20160510.WDY","NEON.DOC.001710vE","Woody material",1.62,"N","","V35Wye4FvhrxI6uTqmElE4vMuTa4eEyL"
"172349af-8fcb-4504-a9cc-3024d08cad1e","UNDE_048.basePlot.ltr","D05","UNDE","UNDE_048","UNDE_048_672","2016-05-25","2015-10-27","2016-05-10","2016-05-16T19:00Z","2016-05-25T21:00Z","NEON.LTR.UNDE048672.20160510","NEON.LTR.UNDE048672.20160510.OTH","NEON.DOC.001710vE","Other",7.6,"N","Mostly needles but ran into the time limit","V35Wye4FvhrxI6uTqmElE4vMuTa4eEyL"
"cf57ab0e-bb3c-4a0c-8a88-cefa7bcbc930","UNDE_048.basePlot.ltr","D05","UNDE","UNDE_048","UNDE_048_672","2016-05-25","2015-10-27","2016-05-10","2016-05-16T19:00Z","2016-05-25T21:00Z","NEON.LTR.UNDE048672.20160510","NEON.LTR.UNDE048672.20160510.FLR","NEON.DOC.001710vE","Flowers",1.09,"N","","V35Wye4FvhrxI6uTqmElE4vMuTa4eEyL"
"c124a157-0352-45da-b70f-6960616ca6c6","UNDE_048.basePlot.ltr","D05","UNDE","UNDE_048","UNDE_048_672","2016-05-25","2015-10-27","2016-05-10","2016-05-16T19:00Z","2016-05-25T21:00Z","NEON.LTR.UNDE048672.20160510","NEON.LTR.UNDE048672.20160510.SDS","NEON.DOC.001710vE","Seeds",0.15,"N","","V35Wye4FvhrxI6uTqmElE4vMuTa4eEyL"
"ff4e61a2-524e-4d3e-ad9f-fd2235b9b650","UNDE_048.basePlot.ltr","D05","UNDE","UNDE_048","UNDE_048_672","2016-05-25","2015-10-27","2016-05-10","2016-05-16T19:00Z","2016-05-25T21:00Z","NEON.LTR.UNDE048672.20160510","NEON.LTR.UNDE048672.20160510.NDL","NEON.DOC.001710vE","Needles",4.86,"N","","V35Wye4FvhrxI6uTqmElE4vMuTa4eEyL"
"108969df-f0aa-4629-953c-07fa5e69b59b","UNDE_048.basePlot.ltr","D05","UNDE","UNDE_048","UNDE_048_672","2016-05-25","2015-10-27","2016-05-10","2016-05-16T19:00Z","2016-05-25T21:00Z","NEON.LTR.UNDE048672.20160510","NEON.LTR.UNDE048672.20160510.LVS","NEON.DOC.001710vE","Leaves",2.12,"N","","V35Wye4FvhrxI6uTqmElE4vMuTa4eEyL"
"aff8c442-0cae-4969-bfe6-2add748085f3","UNDE_060.basePlot.ltr","D05","UNDE","UNDE_060","UNDE_060_413","2016-05-25","2015-10-27","2016-05-10","2016-05-16T19:00Z","2016-05-25T21:00Z","NEON.LTR.UNDE060413.20160510","NEON.LTR.UNDE060413.20160510.OTH","NEON.DOC.001710vE","Other",12.06,"N","","V35Wye4FvhrxI6uTqmElE4vMuTa4eEyL"
"e5532cf7-895f-494c-98b5-ff7d74450ae9","UNDE_060.basePlot.ltr","D05","UNDE","UNDE_060","UNDE_060_413","2016-05-25","2015-10-27","2016-05-10","2016-05-16T19:00Z","2016-05-25T21:00Z","NEON.LTR.UNDE060413.20160510","NEON.LTR.UNDE060413.20160510.NDL","NEON.DOC.001710vE","Needles",46.28,"Y","","V35Wye4FvhrxI6uTqmElE4vMuTa4eEyL"
"5be82c15-9d7a-4cbb-9a1f-6de27cc6ea86","UNDE_060.basePlot.ltr","D05","UNDE","UNDE_060","UNDE_060_413","2016-05-25","2015-10-27","2016-05-10","2016-05-16T19:00Z","2016-05-25T21:00Z","NEON.LTR.UNDE060413.20160510","NEON.LTR.UNDE060413.20160510.SDS","NEON.DOC.001710vE","Seeds",0,"N","","V35Wye4FvhrxI6uTqmElE4vMuTa4eEyL"
"4f9cc6d0-1791-41c0-bd42-cb7b1ba7c91e","UNDE_060.basePlot.ltr","D05","UNDE","UNDE_060","UNDE_060_413","2016-05-25","2015-10-27","2016-05-10","2016-05-16T19:00Z","2016-05-25T21:00Z","NEON.LTR.UNDE060413.20160510","NEON.LTR.UNDE060413.20160510.LVS","NEON.DOC.001710vE","Leaves",0.15,"N","","V35Wye4FvhrxI6uTqmElE4vMuTa4eEyL"
"25eac352-0aaa-4dd5-acde-066c362a037c","UNDE_060.basePlot.ltr","D05","UNDE","UNDE_060","UNDE_060_413","2016-05-25","2015-10-27","2016-05-10","2016-05-16T19:00Z","2016-05-25T21:00Z","NEON.LTR.UNDE060413.20160510","NEON.LTR.UNDE060413.20160510.NDL","NEON.DOC.001710vE","Needles",46.18,"N","","V35Wye4FvhrxI6uTqmElE4vMuTa4eEyL"
"959d2dac-b9f4-472d-88ff-46cab5cb7e78","UNDE_060.basePlot.ltr","D05","UNDE","UNDE_060","UNDE_060_413","2016-05-25","2015-10-27","2016-05-10","2016-05-16T19:00Z","2016-05-25T21:00Z","NEON.LTR.UNDE060413.20160510","NEON.LTR.UNDE060413.20160510.FLR","NEON.DOC.001710vE","Flowers",1.31,"N","","V35Wye4FvhrxI6uTqmElE4vMuTa4eEyL"
"b8ba3f4c-00e9-4d23-90e6-579e0c879200","UNDE_060.basePlot.ltr","D05","UNDE","UNDE_060","UNDE_060_413","2016-05-25","2015-10-27","2016-05-10","2016-05-16T19:00Z","2016-05-25T21:00Z","NEON.LTR.UNDE060413.20160510","NEON.LTR.UNDE060413.20160510.TWI","NEON.DOC.001710vE","Twigs/branches",6.2,"N","","V35Wye4FvhrxI6uTqmElE4vMuTa4eEyL"
"43cec858-36cd-44ee-8270-b2586be7f096","UNDE_060.basePlot.ltr","D05","UNDE","UNDE_060","UNDE_060_413","2016-05-25","2015-10-27","2016-05-10","2016-05-16T19:00Z","2016-05-25T21:00Z","NEON.LTR.UNDE060413.20160510","NEON.LTR.UNDE060413.20160510.WDY","NEON.DOC.001710vE","Woody material",1.87,"N","","V35Wye4FvhrxI6uTqmElE4vMuTa4eEyL"
"b4a5dcda-91c2-4088-8d73-ed144eef5acf","UNDE_059.basePlot.ltr","D05","UNDE","UNDE_059","UNDE_059_406","2016-05-25","2015-10-27","2016-05-10","2016-05-16T19:00Z","2016-05-25T21:00Z","NEON.LTR.UNDE059406.20160510","NEON.LTR.UNDE059406.20160510.OTH","NEON.DOC.001710vE","Other",18.74,"N","We hit the one hour time limit frequently during this bout","V35Wye4FvhrxI6uTqmElE4vMuTa4eEyL"
"c9cf313c-5bba-40e8-92bd-73afc2c2678c","UNDE_059.basePlot.ltr","D05","UNDE","UNDE_059","UNDE_059_406","2016-05-25","2015-10-27","2016-05-10","2016-05-16T19:00Z","2016-05-25T21:00Z","NEON.LTR.UNDE059406.20160510","NEON.LTR.UNDE059406.20160510.WDY","NEON.DOC.001710vE","Woody material",3.17,"N","","V35Wye4FvhrxI6uTqmElE4vMuTa4eEyL"
"e000a239-3c3f-43f7-94f7-5585c6179c85","UNDE_059.basePlot.ltr","D05","UNDE","UNDE_059","UNDE_059_406","2016-05-25","2015-10-27","2016-05-10","2016-05-16T19:00Z","2016-05-25T21:00Z","NEON.LTR.UNDE059406.20160510","NEON.LTR.UNDE059406.20160510.SDS","NEON.DOC.001710vE","Seeds",0,"N","","V35Wye4FvhrxI6uTqmElE4vMuTa4eEyL"
"fde8cb3a-a2e7-4a86-bdc1-ce8d7af1af05","UNDE_059.basePlot.ltr","D05","UNDE","UNDE_059","UNDE_059_406","2016-05-25","2015-10-27","2016-05-10","2016-05-16T19:00Z","2016-05-25T21:00Z","NEON.LTR.UNDE059406.20160510","NEON.LTR.UNDE059406.20160510.FLR","NEON.DOC.001710vE","Flowers",0.07,"N","","V35Wye4FvhrxI6uTqmElE4vMuTa4eEyL"
"e9b94141-36aa-4cc7-93a4-94ab5be76d12","UNDE_059.basePlot.ltr","D05","UNDE","UNDE_059","UNDE_059_406","2016-05-25","2015-10-27","2016-05-10","2016-05-16T19:00Z","2016-05-25T21:00Z","NEON.LTR.UNDE059406.20160510","NEON.LTR.UNDE059406.20160510.TWI","NEON.DOC.001710vE","Twigs/branches",31.04,"N","","V35Wye4FvhrxI6uTqmElE4vMuTa4eEyL"
"ac500d38-4ff1-44ff-aa31-df771184f8a3","UNDE_059.basePlot.ltr","D05","UNDE","UNDE_059","UNDE_059_406","2016-05-25","2015-10-27","2016-05-10","2016-05-16T19:00Z","2016-05-25T21:00Z","NEON.LTR.UNDE059406.20160510","NEON.LTR.UNDE059406.20160510.NDL","NEON.DOC.001710vE","Needles",3.91,"N","","V35Wye4FvhrxI6uTqmElE4vMuTa4eEyL"
"80ee4d0d-733f-43d2-abcc-cceee8f33c62","UNDE_059.basePlot.ltr","D05","UNDE","UNDE_059","UNDE_059_406","2016-05-25","2015-10-27","2016-05-10","2016-05-16T19:00Z","2016-05-25T21:00Z","NEON.LTR.UNDE059406.20160510","NEON.LTR.UNDE059406.20160510.LVS","NEON.DOC.001710vE","Leaves",4.26,"N","","V35Wye4FvhrxI6uTqmElE4vMuTa4eEyL"
"c9f14d23-53e9-4f45-99bd-a845600c805b","UNDE_052.basePlot.ltr","D05","UNDE","UNDE_052","UNDE_052_111","2016-05-25","2015-10-27","2016-05-10","2016-05-16T19:00Z","2016-05-25T21:00Z","NEON.LTR.UNDE052111.20160510","NEON.LTR.UNDE052111.20160510.LVS","NEON.DOC.001710vE","Leaves",0.84,"N","","V35Wye4FvhrxI6uTqmElE4vMuTa4eEyL"
"c20782c7-a00c-4aeb-99ac-87dd3d79d43c","UNDE_052.basePlot.ltr","D05","UNDE","UNDE_052","UNDE_052_111","2016-05-25","2015-10-27","2016-05-10","2016-05-16T19:00Z","2016-05-25T21:00Z","NEON.LTR.UNDE052111.20160510","NEON.LTR.UNDE052111.20160510.OTH","NEON.DOC.001710vE","Other",0.49,"N","","V35Wye4FvhrxI6uTqmElE4vMuTa4eEyL"
"fb22f13e-4e06-48cb-8a0f-adef9f20b0f5","UNDE_052.basePlot.ltr","D05","UNDE","UNDE_052","UNDE_052_111","2016-05-25","2015-10-27","2016-05-10","2016-05-16T19:00Z","2016-05-25T21:00Z","NEON.LTR.UNDE052111.20160510","NEON.LTR.UNDE052111.20160510.NDL","NEON.DOC.001710vE","Needles",0.37,"N","","V35Wye4FvhrxI6uTqmElE4vMuTa4eEyL"
"b23ee9cb-5076-4cf8-8781-8542888537c4","UNDE_052.basePlot.ltr","D05","UNDE","UNDE_052","UNDE_052_111","2016-05-25","2015-10-27","2016-05-10","2016-05-16T19:00Z","2016-05-25T21:00Z","NEON.LTR.UNDE052111.20160510","NEON.LTR.UNDE052111.20160510.WDY","NEON.DOC.001710vE","Woody material",0.11,"N","","V35Wye4FvhrxI6uTqmElE4vMuTa4eEyL"
"d9fbb7f0-c4f8-40b9-b5df-4416c307a580","UNDE_052.basePlot.ltr","D05","UNDE","UNDE_052","UNDE_052_111","2016-05-25","2015-10-27","2016-05-10","2016-05-16T19:00Z","2016-05-25T21:00Z","NEON.LTR.UNDE052111.20160510","NEON.LTR.UNDE052111.20160510.SDS","NEON.DOC.001710vE","Seeds",0.17,"N","","V35Wye4FvhrxI6uTqmElE4vMuTa4eEyL"
"9c3f7b8d-049a-4a10-8d8f-8edffdf9557c","UNDE_052.basePlot.ltr","D05","UNDE","UNDE_052","UNDE_052_111","2016-05-25","2015-10-27","2016-05-10","2016-05-16T19:00Z","2016-05-25T21:00Z","NEON.LTR.UNDE052111.20160510","NEON.LTR.UNDE052111.20160510.FLR","NEON.DOC.001710vE","Flowers",1.86,"N","","V35Wye4FvhrxI6uTqmElE4vMuTa4eEyL"
"11315af1-7536-47f0-a7f4-a5ae5986656d","UNDE_052.basePlot.ltr","D05","UNDE","UNDE_052","UNDE_052_111","2016-05-25","2015-10-27","2016-05-10","2016-05-16T19:00Z","2016-05-25T21:00Z","NEON.LTR.UNDE052111.20160510","NEON.LTR.UNDE052111.20160510.TWI","NEON.DOC.001710vE","Twigs/branches",4.27,"N","","V35Wye4FvhrxI6uTqmElE4vMuTa4eEyL"
"ce2bc495-d558-43d9-bb94-37cdd2c87733","UNDE_056.basePlot.ltr","D05","UNDE","UNDE_056","UNDE_056_360","2016-05-25","2015-10-27","2016-05-10","2016-05-16T19:00Z","2016-05-25T21:00Z","NEON.LTR.UNDE056360.20160510","NEON.LTR.UNDE056360.20160510.WDY","NEON.DOC.001710vE","Woody material",0.23,"N","","V35Wye4FvhrxI6uTqmElE4vMuTa4eEyL"
"2c01feba-c311-4884-a652-b656fe2acd2c","UNDE_056.basePlot.ltr","D05","UNDE","UNDE_056","UNDE_056_360","2016-05-25","2015-10-27","2016-05-10","2016-05-16T19:00Z","2016-05-25T21:00Z","NEON.LTR.UNDE056360.20160510","NEON.LTR.UNDE056360.20160510.TWI","NEON.DOC.001710vE","Twigs/branches",1.71,"N","","V35Wye4FvhrxI6uTqmElE4vMuTa4eEyL"
"02aa364d-4022-42e4-9a2c-ab11801f23ef","UNDE_056.basePlot.ltr","D05","UNDE","UNDE_056","UNDE_056_360","2016-05-25","2015-10-27","2016-05-10","2016-05-16T19:00Z","2016-05-25T21:00Z","NEON.LTR.UNDE056360.20160510","NEON.LTR.UNDE056360.20160510.FLR","NEON.DOC.001710vE","Flowers",1.19,"N","","V35Wye4FvhrxI6uTqmElE4vMuTa4eEyL"
"6fb8b820-6885-4ecc-8d1a-799cc8dbcee5","UNDE_056.basePlot.ltr","D05","UNDE","UNDE_056","UNDE_056_360","2016-05-25","2015-10-27","2016-05-10","2016-05-16T19:00Z","2016-05-25T21:00Z","NEON.LTR.UNDE056360.20160510","NEON.LTR.UNDE056360.20160510.SDS","NEON.DOC.001710vE","Seeds",0.005,"N","","V35Wye4FvhrxI6uTqmElE4vMuTa4eEyL"
"5eaaa551-b9bc-4235-9363-a4c945bed432","UNDE_056.basePlot.ltr","D05","UNDE","UNDE_056","UNDE_056_360","2016-05-25","2015-10-27","2016-05-10","2016-05-16T19:00Z","2016-05-25T21:00Z","NEON.LTR.UNDE056360.20160510","NEON.LTR.UNDE056360.20160510.LVS","NEON.DOC.001710vE","Leaves",0,"N","","V35Wye4FvhrxI6uTqmElE4vMuTa4eEyL"
"1218c0a5-e337-4b4d-adc7-4cdfb7babc03","UNDE_056.basePlot.ltr","D05","UNDE","UNDE_056","UNDE_056_360","2016-05-25","2015-10-27","2016-05-10","2016-05-16T19:00Z","2016-05-25T21:00Z","NEON.LTR.UNDE056360.20160510","NEON.LTR.UNDE056360.20160510.OTH","NEON.DOC.001710vE","Other",0.98,"N","","V35Wye4FvhrxI6uTqmElE4vMuTa4eEyL"
"457f0789-0f67-4f41-ad37-dc722934da31","UNDE_056.basePlot.ltr","D05","UNDE","UNDE_056","UNDE_056_360","2016-05-25","2015-10-27","2016-05-10","2016-05-16T19:00Z","2016-05-25T21:00Z","NEON.LTR.UNDE056360.20160510","NEON.LTR.UNDE056360.20160510.NDL","NEON.DOC.001710vE","Needles",0.19,"N","","V35Wye4FvhrxI6uTqmElE4vMuTa4eEyL"
"7d98dce0-ae87-44d8-88f6-8f48691b1bda","UNDE_038.basePlot.ltr","D05","UNDE","UNDE_038","UNDE_038_919","2016-05-25","2015-10-27","2016-05-10","2016-05-16T19:00Z","2016-05-25T21:00Z","NEON.LTR.UNDE038919.20160510","NEON.LTR.UNDE038919.20160510.OTH","NEON.DOC.001710vE","Other",2.2,"N","","V35Wye4FvhrxI6uTqmElE4vMuTa4eEyL"
"3efc733e-df1e-4531-8769-e8ecd2c7fc41","UNDE_038.basePlot.ltr","D05","UNDE","UNDE_038","UNDE_038_919","2016-05-25","2015-10-27","2016-05-10","2016-05-16T19:00Z","2016-05-25T21:00Z","NEON.LTR.UNDE038919.20160510","NEON.LTR.UNDE038919.20160510.FLR","NEON.DOC.001710vE","Flowers",0.2,"N","","V35Wye4FvhrxI6uTqmElE4vMuTa4eEyL"
"39482b2b-8b98-4c70-a667-e92e6993f172","UNDE_038.basePlot.ltr","D05","UNDE","UNDE_038","UNDE_038_919","2016-05-25","2015-10-27","2016-05-10","2016-05-16T19:00Z","2016-05-25T21:00Z","NEON.LTR.UNDE038919.20160510","NEON.LTR.UNDE038919.20160510.NDL","NEON.DOC.001710vE","Needles",3.79,"N","","V35Wye4FvhrxI6uTqmElE4vMuTa4eEyL"
"b5dc5eb5-da6e-467e-8db5-dee44db1a4c7","UNDE_038.basePlot.ltr","D05","UNDE","UNDE_038","UNDE_038_919","2016-05-25","2015-10-27","2016-05-10","2016-05-16T19:00Z","2016-05-25T21:00Z","NEON.LTR.UNDE038919.20160510","NEON.LTR.UNDE038919.20160510.LVS","NEON.DOC.001710vE","Leaves",0.3,"Y","","V35Wye4FvhrxI6uTqmElE4vMuTa4eEyL"
"504a824e-314c-462e-8d2d-5d10e72aaa96","UNDE_038.basePlot.ltr","D05","UNDE","UNDE_038","UNDE_038_919","2016-05-25","2015-10-27","2016-05-10","2016-05-16T19:00Z","2016-05-25T21:00Z","NEON.LTR.UNDE038919.20160510","NEON.LTR.UNDE038919.20160510.SDS","NEON.DOC.001710vE","Seeds",0.06,"N","","V35Wye4FvhrxI6uTqmElE4vMuTa4eEyL"
"660528e6-029e-4934-a033-16648ac3a270","UNDE_038.basePlot.ltr","D05","UNDE","UNDE_038","UNDE_038_919","2016-05-25","2015-10-27","2016-05-10","2016-05-16T19:00Z","2016-05-25T21:00Z","NEON.LTR.UNDE038919.20160510","NEON.LTR.UNDE038919.20160510.WDY","NEON.DOC.001710vE","Woody material",0.54,"N","","V35Wye4FvhrxI6uTqmElE4vMuTa4eEyL"
"6c28147a-f421-48e9-ac76-e55e02c868a9","UNDE_038.basePlot.ltr","D05","UNDE","UNDE_038","UNDE_038_919","2016-05-25","2015-10-27","2016-05-10","2016-05-16T19:00Z","2016-05-25T21:00Z","NEON.LTR.UNDE038919.20160510","NEON.LTR.UNDE038919.20160510.LVS","NEON.DOC.001710vE","Leaves",0.27,"N","","V35Wye4FvhrxI6uTqmElE4vMuTa4eEyL"
"7cb2f42a-829c-48d7-8851-9ecc3cfc8fd4","UNDE_038.basePlot.ltr","D05","UNDE","UNDE_038","UNDE_038_919","2016-05-25","2015-10-27","2016-05-10","2016-05-16T19:00Z","2016-05-25T21:00Z","NEON.LTR.UNDE038919.20160510","NEON.LTR.UNDE038919.20160510.TWI","NEON.DOC.001710vE","Twigs/branches",3.73,"N","","V35Wye4FvhrxI6uTqmElE4vMuTa4eEyL"
"2a021721-4446-4f0e-8b7c-2e94d2b59dec","UNDE_056.basePlot.ltr","D05","UNDE","UNDE_056","UNDE_056_951","2016-05-25","2015-10-27","2016-05-10","2016-05-16T19:00Z","2016-05-25T21:00Z","NEON.LTR.UNDE056951.20160510","NEON.LTR.UNDE056951.20160510.OTH","NEON.DOC.001710vE","Other",1.13,"N","","V35Wye4FvhrxI6uTqmElE4vMuTa4eEyL"
"4ff0039e-b79e-4feb-9c44-2a0f5515967a","UNDE_056.basePlot.ltr","D05","UNDE","UNDE_056","UNDE_056_951","2016-05-25","2015-10-27","2016-05-10","2016-05-16T19:00Z","2016-05-25T21:00Z","NEON.LTR.UNDE056951.20160510","NEON.LTR.UNDE056951.20160510.LVS","NEON.DOC.001710vE","Leaves",0,"N","","V35Wye4FvhrxI6uTqmElE4vMuTa4eEyL"
"f2eb4971-988c-4b31-94ba-3780fb4e2b63","UNDE_056.basePlot.ltr","D05","UNDE","UNDE_056","UNDE_056_951","2016-05-25","2015-10-27","2016-05-10","2016-05-16T19:00Z","2016-05-25T21:00Z","NEON.LTR.UNDE056951.20160510","NEON.LTR.UNDE056951.20160510.TWI","NEON.DOC.001710vE","Twigs/branches",1.65,"N","","V35Wye4FvhrxI6uTqmElE4vMuTa4eEyL"
"09dbdd25-975d-4d61-a4d4-ccc13875ee54","UNDE_056.basePlot.ltr","D05","UNDE","UNDE_056","UNDE_056_951","2016-05-25","2015-10-27","2016-05-10","2016-05-16T19:00Z","2016-05-25T21:00Z","NEON.LTR.UNDE056951.20160510","NEON.LTR.UNDE056951.20160510.SDS","NEON.DOC.001710vE","Seeds",0.06,"N","","V35Wye4FvhrxI6uTqmElE4vMuTa4eEyL"
"d63175af-1dd6-493e-84da-71518f22fe29","UNDE_056.basePlot.ltr","D05","UNDE","UNDE_056","UNDE_056_951","2016-05-25","2015-10-27","2016-05-10","2016-05-16T19:00Z","2016-05-25T21:00Z","NEON.LTR.UNDE056951.20160510","NEON.LTR.UNDE056951.20160510.FLR","NEON.DOC.001710vE","Flowers",2.65,"N","","V35Wye4FvhrxI6uTqmElE4vMuTa4eEyL"
"df39920e-3761-4089-807b-4dfa385c004b","UNDE_056.basePlot.ltr","D05","UNDE","UNDE_056","UNDE_056_951","2016-05-25","2015-10-27","2016-05-10","2016-05-16T19:00Z","2016-05-25T21:00Z","NEON.LTR.UNDE056951.20160510","NEON.LTR.UNDE056951.20160510.NDL","NEON.DOC.001710vE","Needles",0.18,"N","","V35Wye4FvhrxI6uTqmElE4vMuTa4eEyL"
"827151db-f927-457b-ba41-6ad65f680419","UNDE_056.basePlot.ltr","D05","UNDE","UNDE_056","UNDE_056_951","2016-05-25","2015-10-27","2016-05-10","2016-05-16T19:00Z","2016-05-25T21:00Z","NEON.LTR.UNDE056951.20160510","NEON.LTR.UNDE056951.20160510.WDY","NEON.DOC.001710vE","Woody material",0.22,"N","","V35Wye4FvhrxI6uTqmElE4vMuTa4eEyL"
"63db14fb-eb56-489e-b124-3fcdc6e81197","UNDE_060.basePlot.ltr","D05","UNDE","UNDE_060","UNDE_060_010","2016-05-25","2015-10-27","2016-05-10","2016-05-16T19:00Z","2016-05-25T21:00Z","NEON.LTR.UNDE060010.20160510","NEON.LTR.UNDE060010.20160510.SDS","NEON.DOC.001710vE","Seeds",0.03,"N","","V35Wye4FvhrxI6uTqmElE4vMuTa4eEyL"
"4b0cc8e4-0dec-40a0-a308-99f973ce19f0","UNDE_060.basePlot.ltr","D05","UNDE","UNDE_060","UNDE_060_010","2016-05-25","2015-10-27","2016-05-10","2016-05-16T19:00Z","2016-05-25T21:00Z","NEON.LTR.UNDE060010.20160510","NEON.LTR.UNDE060010.20160510.NDL","NEON.DOC.001710vE","Needles",1.84,"N","","V35Wye4FvhrxI6uTqmElE4vMuTa4eEyL"
"fb5949bb-5f28-4b91-85db-eadb5abd5c7a","UNDE_060.basePlot.ltr","D05","UNDE","UNDE_060","UNDE_060_010","2016-05-25","2015-10-27","2016-05-10","2016-05-16T19:00Z","2016-05-25T21:00Z","NEON.LTR.UNDE060010.20160510","NEON.LTR.UNDE060010.20160510.FLR","NEON.DOC.001710vE","Flowers",0.76,"N","","V35Wye4FvhrxI6uTqmElE4vMuTa4eEyL"
"ec2deeba-1fd4-418d-a43d-10ea1e9c56c7","UNDE_060.basePlot.ltr","D05","UNDE","UNDE_060","UNDE_060_010","2016-05-25","2015-10-27","2016-05-10","2016-05-16T19:00Z","2016-05-25T21:00Z","NEON.LTR.UNDE060010.20160510","NEON.LTR.UNDE060010.20160510.OTH","NEON.DOC.001710vE","Other",0.91,"Y","","V35Wye4FvhrxI6uTqmElE4vMuTa4eEyL"
"08d831cb-0668-4a5a-8e1e-fef56594e9cb","UNDE_060.basePlot.ltr","D05","UNDE","UNDE_060","UNDE_060_010","2016-05-25","2015-10-27","2016-05-10","2016-05-16T19:00Z","2016-05-25T21:00Z","NEON.LTR.UNDE060010.20160510","NEON.LTR.UNDE060010.20160510.TWI","NEON.DOC.001710vE","Twigs/branches",13.34,"N","","V35Wye4FvhrxI6uTqmElE4vMuTa4eEyL"
"378fee3d-4553-49c6-951c-46511b9b9d4d","UNDE_060.basePlot.ltr","D05","UNDE","UNDE_060","UNDE_060_010","2016-05-25","2015-10-27","2016-05-10","2016-05-16T19:00Z","2016-05-25T21:00Z","NEON.LTR.UNDE060010.20160510","NEON.LTR.UNDE060010.20160510.LVS","NEON.DOC.001710vE","Leaves",0.53,"N","","V35Wye4FvhrxI6uTqmElE4vMuTa4eEyL"
"2328015f-ff3a-4116-b861-f95e40385374","UNDE_060.basePlot.ltr","D05","UNDE","UNDE_060","UNDE_060_010","2016-05-25","2015-10-27","2016-05-10","2016-05-16T19:00Z","2016-05-25T21:00Z","NEON.LTR.UNDE060010.20160510","NEON.LTR.UNDE060010.20160510.WDY","NEON.DOC.001710vE","Woody material",0.18,"N","","V35Wye4FvhrxI6uTqmElE4vMuTa4eEyL"
"3e506bc4-653f-4977-a74c-157a20232d18","UNDE_060.basePlot.ltr","D05","UNDE","UNDE_060","UNDE_060_010","2016-05-25","2015-10-27","2016-05-10","2016-05-16T19:00Z","2016-05-25T21:00Z","NEON.LTR.UNDE060010.20160510","NEON.LTR.UNDE060010.20160510.OTH","NEON.DOC.001710vE","Other",0.9,"N","","V35Wye4FvhrxI6uTqmElE4vMuTa4eEyL"
"709ab9ec-a3e5-46c3-a725-1ed42aa52037","UNDE_044.basePlot.ltr","D05","UNDE","UNDE_044","UNDE_044_085","2016-05-25","2015-10-27","2016-05-10","2016-05-16T19:00Z","2016-05-25T21:00Z","NEON.LTR.UNDE044085.20160510","NEON.LTR.UNDE044085.20160510.FLR","NEON.DOC.001710vE","Flowers",0.31,"N","","V35Wye4FvhrxI6uTqmElE4vMuTa4eEyL"
"8a157dd7-f507-4c1a-b8b6-af66abf809fe","UNDE_044.basePlot.ltr","D05","UNDE","UNDE_044","UNDE_044_085","2016-05-25","2015-10-27","2016-05-10","2016-05-16T19:00Z","2016-05-25T21:00Z","NEON.LTR.UNDE044085.20160510","NEON.LTR.UNDE044085.20160510.NDL","NEON.DOC.001710vE","Needles",2.75,"N","","V35Wye4FvhrxI6uTqmElE4vMuTa4eEyL"
"fd0f4c40-77d4-441e-9e65-1d07b94f1c8b","UNDE_044.basePlot.ltr","D05","UNDE","UNDE_044","UNDE_044_085","2016-05-25","2015-10-27","2016-05-10","2016-05-16T19:00Z","2016-05-25T21:00Z","NEON.LTR.UNDE044085.20160510","NEON.LTR.UNDE044085.20160510.LVS","NEON.DOC.001710vE","Leaves",0.93,"N","","V35Wye4FvhrxI6uTqmElE4vMuTa4eEyL"
"7a07d1f5-ed1a-4d26-915e-55511bfba029","UNDE_044.basePlot.ltr","D05","UNDE","UNDE_044","UNDE_044_085","2016-05-25","2015-10-27","2016-05-10","2016-05-16T19:00Z","2016-05-25T21:00Z","NEON.LTR.UNDE044085.20160510","NEON.LTR.UNDE044085.20160510.WDY","NEON.DOC.001710vE","Woody material",0.85,"N","","V35Wye4FvhrxI6uTqmElE4vMuTa4eEyL"
"5b849cb5-f490-42c9-bf48-714c49f80566","UNDE_044.basePlot.ltr","D05","UNDE","UNDE_044","UNDE_044_085","2016-05-25","2015-10-27","2016-05-10","2016-05-16T19:00Z","2016-05-25T21:00Z","NEON.LTR.UNDE044085.20160510","NEON.LTR.UNDE044085.20160510.NDL","NEON.DOC.001710vE","Needles",2.77,"Y","","V35Wye4FvhrxI6uTqmElE4vMuTa4eEyL"
"e3a23a88-1d43-48c3-af8a-5743fb790d74","UNDE_045.basePlot.ltr","D05","UNDE","UNDE_045","UNDE_045_778","2016-05-25","2015-10-27","2016-05-12","2016-05-16T19:00Z","2016-05-25T21:00Z","NEON.LTR.UNDE045778.20160512","NEON.LTR.UNDE045778.20160512.SDS","NEON.DOC.001710vE","Seeds",0,"N","","V35Wye4FvhrxI6uTqmElE4vMuTa4eEyL"
"c3719047-0369-4184-bde5-8faa38293a8d","UNDE_057.basePlot.ltr","D05","UNDE","UNDE_057","UNDE_057_413","2016-05-25","2015-10-27","2016-05-12","2016-05-16T19:00Z","2016-05-25T21:00Z","NEON.LTR.UNDE057413.20160512","NEON.LTR.UNDE057413.20160512.LVS","NEON.DOC.001710vE","Leaves",0,"N","","V35Wye4FvhrxI6uTqmElE4vMuTa4eEyL"
"347ab0fd-d53e-42cd-8fca-ad1d2e7f8cb8","UNDE_045.basePlot.ltr","D05","UNDE","UNDE_045","UNDE_045_778","2016-05-25","2015-10-27","2016-05-12","2016-05-16T19:00Z","2016-05-25T21:00Z","NEON.LTR.UNDE045778.20160512","NEON.LTR.UNDE045778.20160512.LVS","NEON.DOC.001710vE","Leaves",0.48,"N","","V35Wye4FvhrxI6uTqmElE4vMuTa4eEyL"
"a9950db9-89ad-4393-ad3d-42aefb4d7b23","UNDE_045.basePlot.ltr","D05","UNDE","UNDE_045","UNDE_045_778","2016-05-25","2015-10-27","2016-05-12","2016-05-16T19:00Z","2016-05-25T21:00Z","NEON.LTR.UNDE045778.20160512","NEON.LTR.UNDE045778.20160512.OTH","NEON.DOC.001710vE","Other",0.06,"N","","V35Wye4FvhrxI6uTqmElE4vMuTa4eEyL"
"48e741be-b710-4b91-9861-622e0a0203e6","UNDE_045.basePlot.ltr","D05","UNDE","UNDE_045","UNDE_045_778","2016-05-25","2015-10-27","2016-05-12","2016-05-16T19:00Z","2016-05-25T21:00Z","NEON.LTR.UNDE045778.20160512","NEON.LTR.UNDE045778.20160512.NDL","NEON.DOC.001710vE","Needles",0.04,"N","","V35Wye4FvhrxI6uTqmElE4vMuTa4eEyL"
"ea57b856-4c09-45e6-9fda-dac131ce2b27","UNDE_045.basePlot.ltr","D05","UNDE","UNDE_045","UNDE_045_778","2016-05-25","2015-10-27","2016-05-12","2016-05-16T19:00Z","2016-05-25T21:00Z","NEON.LTR.UNDE045778.20160512","NEON.LTR.UNDE045778.20160512.TWI","NEON.DOC.001710vE","Twigs/branches",4.89,"N","","V35Wye4FvhrxI6uTqmElE4vMuTa4eEyL"
"04d4d51b-8f12-458f-8e7c-c2e84b186b6b","UNDE_045.basePlot.ltr","D05","UNDE","UNDE_045","UNDE_045_778","2016-05-25","2015-10-27","2016-05-12","2016-05-16T19:00Z","2016-05-25T21:00Z","NEON.LTR.UNDE045778.20160512","NEON.LTR.UNDE045778.20160512.FLR","NEON.DOC.001710vE","Flowers",0.17,"N","","V35Wye4FvhrxI6uTqmElE4vMuTa4eEyL"
"41292ddb-8dc4-497e-9639-35eae28ae46f","UNDE_045.basePlot.ltr","D05","UNDE","UNDE_045","UNDE_045_545","2016-05-25","2015-10-27","2016-05-12","2016-05-16T19:00Z","2016-05-25T21:00Z","NEON.LTR.UNDE045545.20160512","NEON.LTR.UNDE045545.20160512.TWI","NEON.DOC.001710vE","Twigs/branches",18.74,"N","","V35Wye4FvhrxI6uTqmElE4vMuTa4eEyL"
"3c3f1a51-a20d-4286-b1d0-02bfb3830847","UNDE_045.basePlot.ltr","D05","UNDE","UNDE_045","UNDE_045_545","2016-05-25","2015-10-27","2016-05-12","2016-05-16T19:00Z","2016-05-25T21:00Z","NEON.LTR.UNDE045545.20160512","NEON.LTR.UNDE045545.20160512.LVS","NEON.DOC.001710vE","Leaves",0.02,"N","","V35Wye4FvhrxI6uTqmElE4vMuTa4eEyL"
"5ee638cb-6bcb-4476-ba0d-5525c64ec102","UNDE_045.basePlot.ltr","D05","UNDE","UNDE_045","UNDE_045_545","2016-05-25","2015-10-27","2016-05-12","2016-05-16T19:00Z","2016-05-25T21:00Z","NEON.LTR.UNDE045545.20160512","NEON.LTR.UNDE045545.20160512.NDL","NEON.DOC.001710vE","Needles",0.11,"N","","V35Wye4FvhrxI6uTqmElE4vMuTa4eEyL"
"5730c5d5-5c58-4d87-8b61-be822d66aa8f","UNDE_045.basePlot.ltr","D05","UNDE","UNDE_045","UNDE_045_545","2016-05-25","2015-10-27","2016-05-12","2016-05-16T19:00Z","2016-05-25T21:00Z","NEON.LTR.UNDE045545.20160512","NEON.LTR.UNDE045545.20160512.FLR","NEON.DOC.001710vE","Flowers",5.81,"N","","V35Wye4FvhrxI6uTqmElE4vMuTa4eEyL"
"eb245a9d-0f60-40c6-a2b0-bce414e19540","UNDE_045.basePlot.ltr","D05","UNDE","UNDE_045","UNDE_045_545","2016-05-25","2015-10-27","2016-05-12","2016-05-16T19:00Z","2016-05-25T21:00Z","NEON.LTR.UNDE045545.20160512","NEON.LTR.UNDE045545.20160512.OTH","NEON.DOC.001710vE","Other",1.58,"N","","V35Wye4FvhrxI6uTqmElE4vMuTa4eEyL"
"4ded7d06-9e66-4a1f-9e31-b753e229ab5e","UNDE_045.basePlot.ltr","D05","UNDE","UNDE_045","UNDE_045_545","2016-05-25","2015-10-27","2016-05-12","2016-05-16T19:00Z","2016-05-25T21:00Z","NEON.LTR.UNDE045545.20160512","NEON.LTR.UNDE045545.20160512.WDY","NEON.DOC.001710vE","Woody material",1.58,"N","","V35Wye4FvhrxI6uTqmElE4vMuTa4eEyL"
"39e44146-078c-4251-8657-cf937b7645e7","UNDE_045.basePlot.ltr","D05","UNDE","UNDE_045","UNDE_045_545","2016-05-25","2015-10-27","2016-05-12","2016-05-16T19:00Z","2016-05-25T21:00Z","NEON.LTR.UNDE045545.20160512","NEON.LTR.UNDE045545.20160512.WDY","NEON.DOC.001710vE","Woody material",1.57,"Y","","V35Wye4FvhrxI6uTqmElE4vMuTa4eEyL"
"807faca5-02a0-4460-aeb9-ef5abb64751e","UNDE_045.basePlot.ltr","D05","UNDE","UNDE_045","UNDE_045_545","2016-05-25","2015-10-27","2016-05-12","2016-05-16T19:00Z","2016-05-25T21:00Z","NEON.LTR.UNDE045545.20160512","NEON.LTR.UNDE045545.20160512.SDS","NEON.DOC.001710vE","Seeds",0.08,"N","","V35Wye4FvhrxI6uTqmElE4vMuTa4eEyL"
"ebd3da93-3de1-41a3-aeb0-2a56772e720d","UNDE_043.basePlot.ltr","D05","UNDE","UNDE_043","UNDE_043_315","2016-05-25","2015-10-27","2016-05-12","2016-05-16T19:00Z","2016-05-25T21:00Z","NEON.LTR.UNDE043315.20160512","NEON.LTR.UNDE043315.20160512.FLR","NEON.DOC.001710vE","Flowers",1.15,"Y","","V35Wye4FvhrxI6uTqmElE4vMuTa4eEyL"
"76c1d4b1-04ef-4a6c-a2d9-3522400dfd38","UNDE_043.basePlot.ltr","D05","UNDE","UNDE_043","UNDE_043_315","2016-05-25","2015-10-27","2016-05-12","2016-05-16T19:00Z","2016-05-25T21:00Z","NEON.LTR.UNDE043315.20160512","NEON.LTR.UNDE043315.20160512.SDS","NEON.DOC.001710vE","Seeds",0,"N","","V35Wye4FvhrxI6uTqmElE4vMuTa4eEyL"
"757ac43b-221d-436c-9ea9-f4bd30b3fc35","UNDE_043.basePlot.ltr","D05","UNDE","UNDE_043","UNDE_043_315","2016-05-25","2015-10-27","2016-05-12","2016-05-16T19:00Z","2016-05-25T21:00Z","NEON.LTR.UNDE043315.20160512","NEON.LTR.UNDE043315.20160512.WDY","NEON.DOC.001710vE","Woody material",0.39,"N","","V35Wye4FvhrxI6uTqmElE4vMuTa4eEyL"
"84ec1dc3-d875-481c-9fea-1d66eaf21eb0","UNDE_043.basePlot.ltr","D05","UNDE","UNDE_043","UNDE_043_315","2016-05-25","2015-10-27","2016-05-12","2016-05-16T19:00Z","2016-05-25T21:00Z","NEON.LTR.UNDE043315.20160512","NEON.LTR.UNDE043315.20160512.FLR","NEON.DOC.001710vE","Flowers",1.16,"N","","V35Wye4FvhrxI6uTqmElE4vMuTa4eEyL"
"c595c574-3500-409e-bcce-63188fc9e562","UNDE_043.basePlot.ltr","D05","UNDE","UNDE_043","UNDE_043_315","2016-05-25","2015-10-27","2016-05-12","2016-05-16T19:00Z","2016-05-25T21:00Z","NEON.LTR.UNDE043315.20160512","NEON.LTR.UNDE043315.20160512.OTH","NEON.DOC.001710vE","Other",1.31,"N","","V35Wye4FvhrxI6uTqmElE4vMuTa4eEyL"
"8c9d4ca2-238f-4b97-8455-42ce468a2208","UNDE_043.basePlot.ltr","D05","UNDE","UNDE_043","UNDE_043_315","2016-05-25","2015-10-27","2016-05-12","2016-05-16T19:00Z","2016-05-25T21:00Z","NEON.LTR.UNDE043315.20160512","NEON.LTR.UNDE043315.20160512.LVS","NEON.DOC.001710vE","Leaves",14,"N","","V35Wye4FvhrxI6uTqmElE4vMuTa4eEyL"
"e79a7fc1-058a-4c72-8b7c-07fcc27cf78f","UNDE_043.basePlot.ltr","D05","UNDE","UNDE_043","UNDE_043_315","2016-05-25","2015-10-27","2016-05-12","2016-05-16T19:00Z","2016-05-25T21:00Z","NEON.LTR.UNDE043315.20160512","NEON.LTR.UNDE043315.20160512.NDL","NEON.DOC.001710vE","Needles",0,"N","","V35Wye4FvhrxI6uTqmElE4vMuTa4eEyL"
"4a4d5c57-8264-42ee-87ec-f7274ea2740b","UNDE_043.basePlot.ltr","D05","UNDE","UNDE_043","UNDE_043_315","2016-05-25","2015-10-27","2016-05-12","2016-05-16T19:00Z","2016-05-25T21:00Z","NEON.LTR.UNDE043315.20160512","NEON.LTR.UNDE043315.20160512.TWI","NEON.DOC.001710vE","Twigs/branches",1.51,"N","","V35Wye4FvhrxI6uTqmElE4vMuTa4eEyL"
"22a4164e-980f-4168-903c-5347f483b90a","UNDE_057.basePlot.ltr","D05","UNDE","UNDE_057","UNDE_057_413","2016-05-25","2015-10-27","2016-05-12","2016-05-16T19:00Z","2016-05-25T21:00Z","NEON.LTR.UNDE057413.20160512","NEON.LTR.UNDE057413.20160512.NDL","NEON.DOC.001710vE","Needles",10.63,"N","","V35Wye4FvhrxI6uTqmElE4vMuTa4eEyL"
"80b73bd9-63d0-48d8-bbdf-ed702b1c3a73","UNDE_057.basePlot.ltr","D05","UNDE","UNDE_057","UNDE_057_413","2016-05-25","2015-10-27","2016-05-12","2016-05-16T19:00Z","2016-05-25T21:00Z","NEON.LTR.UNDE057413.20160512","NEON.LTR.UNDE057413.20160512.SDS","NEON.DOC.001710vE","Seeds",0.005,"N","","V35Wye4FvhrxI6uTqmElE4vMuTa4eEyL"
"d4b10493-6bd4-4e5f-b582-e1d7ea87f244","UNDE_057.basePlot.ltr","D05","UNDE","UNDE_057","UNDE_057_413","2016-05-25","2015-10-27","2016-05-12","2016-05-16T19:00Z","2016-05-25T21:00Z","NEON.LTR.UNDE057413.20160512","NEON.LTR.UNDE057413.20160512.TWI","NEON.DOC.001710vE","Twigs/branches",10.47,"N","","V35Wye4FvhrxI6uTqmElE4vMuTa4eEyL"
"517c10a0-4d94-4464-8562-93f31ce0bc4d","UNDE_057.basePlot.ltr","D05","UNDE","UNDE_057","UNDE_057_413","2016-05-25","2015-10-27","2016-05-12","2016-05-16T19:00Z","2016-05-25T21:00Z","NEON.LTR.UNDE057413.20160512","NEON.LTR.UNDE057413.20160512.OTH","NEON.DOC.001710vE","Other",9.02,"N","","V35Wye4FvhrxI6uTqmElE4vMuTa4eEyL"
"be2d5bc0-763a-4835-9095-deaaafd3cc24","UNDE_057.basePlot.ltr","D05","UNDE","UNDE_057","UNDE_057_413","2016-05-25","2015-10-27","2016-05-12","2016-05-16T19:00Z","2016-05-25T21:00Z","NEON.LTR.UNDE057413.20160512","NEON.LTR.UNDE057413.20160512.FLR","NEON.DOC.001710vE","Flowers",1.01,"N","","V35Wye4FvhrxI6uTqmElE4vMuTa4eEyL"
"11e1a2b5-b379-41d9-9828-983930ab8813","UNDE_057.basePlot.ltr","D05","UNDE","UNDE_057","UNDE_057_413","2016-05-25","2015-10-27","2016-05-12","2016-05-16T19:00Z","2016-05-25T21:00Z","NEON.LTR.UNDE057413.20160512","NEON.LTR.UNDE057413.20160512.WDY","NEON.DOC.001710vE","Woody material",4.21,"N","","V35Wye4FvhrxI6uTqmElE4vMuTa4eEyL"
"7fb58d86-17fe-4390-b333-c95ffe71dfd5","UNDE_045.basePlot.ltr","D05","UNDE","UNDE_045","UNDE_045_778","2016-05-25","2015-10-27","2016-05-12","2016-05-16T19:00Z","2016-05-25T21:00Z","NEON.LTR.UNDE045778.20160512","NEON.LTR.UNDE045778.20160512.WDY","NEON.DOC.001710vE","Woody material",0.07,"N","","V35Wye4FvhrxI6uTqmElE4vMuTa4eEyL"
"608abdc0-cc15-4630-9c57-a56f906b7736","UNDE_037.basePlot.ltr","D05","UNDE","UNDE_037","UNDE_037_713","2016-09-19","2016-05-09","2016-09-12","2016-09-13T23:00Z","2016-09-19T15:00Z","NEON.LTR.UNDE037713.20160912","NEON.LTR.UNDE037713.20160912.TWI","NEON.DOC.001710vE","Twigs/branches",0.55,"N","","hE8YqXO7sNiNpTQ8TwLBTEwXi3KL/fpp"
"008f8317-036d-49f9-b3ab-d8d538002e23","UNDE_037.basePlot.ltr","D05","UNDE","UNDE_037","UNDE_037_713","2016-09-19","2016-05-09","2016-09-12","2016-09-13T23:00Z","2016-09-19T15:00Z","NEON.LTR.UNDE037713.20160912","NEON.LTR.UNDE037713.20160912.WDY","NEON.DOC.001710vE","Woody material",0.38,"N","","hE8YqXO7sNiNpTQ8TwLBTEwXi3KL/fpp"
"953207a9-854d-4e5c-8078-6bb5680e8deb","UNDE_037.basePlot.ltr","D05","UNDE","UNDE_037","UNDE_037_713","2016-09-19","2016-05-09","2016-09-12","2016-09-13T23:00Z","2016-09-19T15:00Z","NEON.LTR.UNDE037713.20160912","NEON.LTR.UNDE037713.20160912.FLR","NEON.DOC.001710vE","Flowers",0.16,"N","","hE8YqXO7sNiNpTQ8TwLBTEwXi3KL/fpp"
"525770af-979d-4fde-8c54-6dda3d36b497","UNDE_037.basePlot.ltr","D05","UNDE","UNDE_037","UNDE_037_713","2016-09-19","2016-05-09","2016-09-12","2016-09-13T23:00Z","2016-09-19T15:00Z","NEON.LTR.UNDE037713.20160912","NEON.LTR.UNDE037713.20160912.NDL","NEON.DOC.001710vE","Needles",8.27,"N","","hE8YqXO7sNiNpTQ8TwLBTEwXi3KL/fpp"
"06bde922-76dc-4771-b5e3-080fd3b6d8ef","UNDE_065.basePlot.ltr","D05","UNDE","UNDE_065","UNDE_065_010","2016-09-19","2016-05-09","2016-09-12","2016-09-13T23:00Z","2016-09-19T15:00Z","NEON.LTR.UNDE065010.20160912","NEON.LTR.UNDE065010.20160912.TWI","NEON.DOC.001710vE","Twigs/branches",1.47,"N","","hE8YqXO7sNiNpTQ8TwLBTEwXi3KL/fpp"
"0885e149-33dd-4de3-a128-4f299ba305df","UNDE_065.basePlot.ltr","D05","UNDE","UNDE_065","UNDE_065_010","2016-09-19","2016-05-09","2016-09-12","2016-09-13T23:00Z","2016-09-19T15:00Z","NEON.LTR.UNDE065010.20160912","NEON.LTR.UNDE065010.20160912.FLR","NEON.DOC.001710vE","Flowers",0.18,"N","","hE8YqXO7sNiNpTQ8TwLBTEwXi3KL/fpp"
"6e9bb433-9353-4f51-9110-257516e1bcd5","UNDE_065.basePlot.ltr","D05","UNDE","UNDE_065","UNDE_065_010","2016-09-19","2016-05-09","2016-09-12","2016-09-13T23:00Z","2016-09-19T15:00Z","NEON.LTR.UNDE065010.20160912","NEON.LTR.UNDE065010.20160912.LVS","NEON.DOC.001710vE","Leaves",6.73,"N","","hE8YqXO7sNiNpTQ8TwLBTEwXi3KL/fpp"
"a87225a7-9c19-4557-9d97-95d2294c8bb4","UNDE_065.basePlot.ltr","D05","UNDE","UNDE_065","UNDE_065_010","2016-09-19","2016-05-09","2016-09-12","2016-09-13T23:00Z","2016-09-19T15:00Z","NEON.LTR.UNDE065010.20160912","NEON.LTR.UNDE065010.20160912.SDS","NEON.DOC.001710vE","Seeds",0.09,"N","","hE8YqXO7sNiNpTQ8TwLBTEwXi3KL/fpp"
"36ff4115-9ccb-4ca6-9913-c7c566a966b4","UNDE_065.basePlot.ltr","D05","UNDE","UNDE_065","UNDE_065_010","2016-09-19","2016-05-09","2016-09-12","2016-09-13T23:00Z","2016-09-19T15:00Z","NEON.LTR.UNDE065010.20160912","NEON.LTR.UNDE065010.20160912.WDY","NEON.DOC.001710vE","Woody material",0.55,"N","","hE8YqXO7sNiNpTQ8TwLBTEwXi3KL/fpp"
"d0b72f3c-9e56-4662-8f17-c23aceb03f59","UNDE_065.basePlot.ltr","D05","UNDE","UNDE_065","UNDE_065_010","2016-09-19","2016-05-09","2016-09-12","2016-09-13T23:00Z","2016-09-19T15:00Z","NEON.LTR.UNDE065010.20160912","NEON.LTR.UNDE065010.20160912.NDL","NEON.DOC.001710vE","Needles",0.1,"N","","hE8YqXO7sNiNpTQ8TwLBTEwXi3KL/fpp"
"dc1ce0e1-9a66-4609-be57-e87d33cd4c64","UNDE_065.basePlot.ltr","D05","UNDE","UNDE_065","UNDE_065_010","2016-09-19","2016-05-09","2016-09-12","2016-09-13T23:00Z","2016-09-19T15:00Z","NEON.LTR.UNDE065010.20160912","NEON.LTR.UNDE065010.20160912.OTH","NEON.DOC.001710vE","Other",5.7,"N","","hE8YqXO7sNiNpTQ8TwLBTEwXi3KL/fpp"
"bf983062-1eb8-404f-a1c8-1a655e161a46","UNDE_065.basePlot.ltr","D05","UNDE","UNDE_065","UNDE_065_010","2016-09-19","2016-05-09","2016-09-12","2016-09-13T23:00Z","2016-09-19T15:00Z","NEON.LTR.UNDE065010.20160912","NEON.LTR.UNDE065010.20160912.FLR","NEON.DOC.001710vE","Flowers",0.18,"Y","","hE8YqXO7sNiNpTQ8TwLBTEwXi3KL/fpp"
"f63c1c1b-a799-4430-8a4d-eb75790c6b7a","UNDE_048.basePlot.ltr","D05","UNDE","UNDE_048","UNDE_048_897","2016-09-19","2016-05-09","2016-09-12","2016-09-13T23:00Z","2016-09-19T15:00Z","NEON.LTR.UNDE048897.20160912","NEON.LTR.UNDE048897.20160912.WDY","NEON.DOC.001710vE","Woody material",0,"N","","hE8YqXO7sNiNpTQ8TwLBTEwXi3KL/fpp"
"50015548-0425-44ed-af8d-212de16fb05b","UNDE_048.basePlot.ltr","D05","UNDE","UNDE_048","UNDE_048_897","2016-09-19","2016-05-09","2016-09-12","2016-09-13T23:00Z","2016-09-19T15:00Z","NEON.LTR.UNDE048897.20160912","NEON.LTR.UNDE048897.20160912.FLR","NEON.DOC.001710vE","Flowers",0.16,"N","","hE8YqXO7sNiNpTQ8TwLBTEwXi3KL/fpp"
"8c947d08-5dec-4bb2-9870-421a3902377c","UNDE_048.basePlot.ltr","D05","UNDE","UNDE_048","UNDE_048_897","2016-09-19","2016-05-09","2016-09-12","2016-09-13T23:00Z","2016-09-19T15:00Z","NEON.LTR.UNDE048897.20160912","NEON.LTR.UNDE048897.20160912.LVS","NEON.DOC.001710vE","Leaves",4.74,"N","","hE8YqXO7sNiNpTQ8TwLBTEwXi3KL/fpp"
"86e37ece-c047-438e-b191-1eb969dbe5a1","UNDE_048.basePlot.ltr","D05","UNDE","UNDE_048","UNDE_048_897","2016-09-19","2016-05-09","2016-09-12","2016-09-13T23:00Z","2016-09-19T15:00Z","NEON.LTR.UNDE048897.20160912","NEON.LTR.UNDE048897.20160912.NDL","NEON.DOC.001710vE","Needles",1.07,"N","","hE8YqXO7sNiNpTQ8TwLBTEwXi3KL/fpp"
"d1e3de78-169a-4d61-84f0-5e3716b232ee","UNDE_048.basePlot.ltr","D05","UNDE","UNDE_048","UNDE_048_897","2016-09-19","2016-05-09","2016-09-12","2016-09-13T23:00Z","2016-09-19T15:00Z","NEON.LTR.UNDE048897.20160912","NEON.LTR.UNDE048897.20160912.TWI","NEON.DOC.001710vE","Twigs/branches",1.23,"N","","hE8YqXO7sNiNpTQ8TwLBTEwXi3KL/fpp"
"dddffa7e-2c24-4ad5-a8ec-ca36af62d698","UNDE_048.basePlot.ltr","D05","UNDE","UNDE_048","UNDE_048_897","2016-09-19","2016-05-09","2016-09-12","2016-09-13T23:00Z","2016-09-19T15:00Z","NEON.LTR.UNDE048897.20160912","NEON.LTR.UNDE048897.20160912.OTH","NEON.DOC.001710vE","Other",2.33,"N","","hE8YqXO7sNiNpTQ8TwLBTEwXi3KL/fpp"
"578ea230-a9df-424c-a3e7-6d28885978db","UNDE_048.basePlot.ltr","D05","UNDE","UNDE_048","UNDE_048_897","2016-09-19","2016-05-09","2016-09-12","2016-09-13T23:00Z","2016-09-19T15:00Z","NEON.LTR.UNDE048897.20160912","NEON.LTR.UNDE048897.20160912.SDS","NEON.DOC.001710vE","Seeds",0.49,"N","","hE8YqXO7sNiNpTQ8TwLBTEwXi3KL/fpp"
"9ef24411-1a37-4dca-8ac0-ff61fe7cd659","UNDE_060.basePlot.ltr","D05","UNDE","UNDE_060","UNDE_060_413","2016-09-19","2016-05-09","2016-09-12","2016-09-13T23:00Z","2016-09-19T15:00Z","NEON.LTR.UNDE060413.20160912","NEON.LTR.UNDE060413.20160912.WDY","NEON.DOC.001710vE","Woody material",19.29,"N","","hE8YqXO7sNiNpTQ8TwLBTEwXi3KL/fpp"
"f1bd96da-db3a-4239-b241-24d11a7e5471","UNDE_060.basePlot.ltr","D05","UNDE","UNDE_060","UNDE_060_413","2016-09-19","2016-05-09","2016-09-12","2016-09-13T23:00Z","2016-09-19T15:00Z","NEON.LTR.UNDE060413.20160912","NEON.LTR.UNDE060413.20160912.TWI","NEON.DOC.001710vE","Twigs/branches",4.34,"N","","hE8YqXO7sNiNpTQ8TwLBTEwXi3KL/fpp"
"197c9da9-cfb1-4933-bd24-25fe9c468651","UNDE_060.basePlot.ltr","D05","UNDE","UNDE_060","UNDE_060_413","2016-09-19","2016-05-09","2016-09-12","2016-09-13T23:00Z","2016-09-19T15:00Z","NEON.LTR.UNDE060413.20160912","NEON.LTR.UNDE060413.20160912.FLR","NEON.DOC.001710vE","Flowers",1,"N","","hE8YqXO7sNiNpTQ8TwLBTEwXi3KL/fpp"
"c770c7bf-7aa1-4558-8a23-3efe6be0ba20","UNDE_060.basePlot.ltr","D05","UNDE","UNDE_060","UNDE_060_413","2016-09-19","2016-05-09","2016-09-12","2016-09-13T23:00Z","2016-09-19T15:00Z","NEON.LTR.UNDE060413.20160912","NEON.LTR.UNDE060413.20160912.SDS","NEON.DOC.001710vE","Seeds",30.6,"N","","hE8YqXO7sNiNpTQ8TwLBTEwXi3KL/fpp"
"af707598-46dd-47b4-ab83-3a302a4060ec","UNDE_060.basePlot.ltr","D05","UNDE","UNDE_060","UNDE_060_413","2016-09-19","2016-05-09","2016-09-12","2016-09-13T23:00Z","2016-09-19T15:00Z","NEON.LTR.UNDE060413.20160912","NEON.LTR.UNDE060413.20160912.OTH","NEON.DOC.001710vE","Other",0.24,"N","","hE8YqXO7sNiNpTQ8TwLBTEwXi3KL/fpp"
"3170594a-4f86-46d4-9763-d23dc097de7d","UNDE_060.basePlot.ltr","D05","UNDE","UNDE_060","UNDE_060_413","2016-09-19","2016-05-09","2016-09-12","2016-09-13T23:00Z","2016-09-19T15:00Z","NEON.LTR.UNDE060413.20160912","NEON.LTR.UNDE060413.20160912.NDL","NEON.DOC.001710vE","Needles",9.97,"N","","hE8YqXO7sNiNpTQ8TwLBTEwXi3KL/fpp"
"b0f1f10f-8f6a-4371-aca0-7171c86cbc20","UNDE_060.basePlot.ltr","D05","UNDE","UNDE_060","UNDE_060_413","2016-09-19","2016-05-09","2016-09-12","2016-09-13T23:00Z","2016-09-19T15:00Z","NEON.LTR.UNDE060413.20160912","NEON.LTR.UNDE060413.20160912.LVS","NEON.DOC.001710vE","Leaves",0.76,"N","","hE8YqXO7sNiNpTQ8TwLBTEwXi3KL/fpp"
"02d82896-fe46-46b4-bc2a-0242479dcbb1","UNDE_061.basePlot.ltr","D05","UNDE","UNDE_061","UNDE_061_300","2016-09-19","2016-05-09","2016-09-12","2016-09-13T23:00Z","2016-09-19T15:00Z","NEON.LTR.UNDE061300.20160912","NEON.LTR.UNDE061300.20160912.TWI","NEON.DOC.001710vE","Twigs/branches",4.69,"N","","hE8YqXO7sNiNpTQ8TwLBTEwXi3KL/fpp"
"05b34323-0993-457a-8557-b431654b2663","UNDE_061.basePlot.ltr","D05","UNDE","UNDE_061","UNDE_061_300","2016-09-19","2016-05-09","2016-09-12","2016-09-13T23:00Z","2016-09-19T15:00Z","NEON.LTR.UNDE061300.20160912","NEON.LTR.UNDE061300.20160912.SDS","NEON.DOC.001710vE","Seeds",0.17,"N","","hE8YqXO7sNiNpTQ8TwLBTEwXi3KL/fpp"
"907ed2ae-446b-4dac-a2f3-67e3466a1085","UNDE_061.basePlot.ltr","D05","UNDE","UNDE_061","UNDE_061_300","2016-09-19","2016-05-09","2016-09-12","2016-09-13T23:00Z","2016-09-19T15:00Z","NEON.LTR.UNDE061300.20160912","NEON.LTR.UNDE061300.20160912.OTH","NEON.DOC.001710vE","Other",7.45,"N","","hE8YqXO7sNiNpTQ8TwLBTEwXi3KL/fpp"
"d60fea1c-d03f-4399-809e-8b8da899fc32","UNDE_061.basePlot.ltr","D05","UNDE","UNDE_061","UNDE_061_300","2016-09-19","2016-05-09","2016-09-12","2016-09-13T23:00Z","2016-09-19T15:00Z","NEON.LTR.UNDE061300.20160912","NEON.LTR.UNDE061300.20160912.LVS","NEON.DOC.001710vE","Leaves",5.51,"N","","hE8YqXO7sNiNpTQ8TwLBTEwXi3KL/fpp"
"6e5aee94-80d4-4439-ad8c-7426f2b32713","UNDE_061.basePlot.ltr","D05","UNDE","UNDE_061","UNDE_061_300","2016-09-19","2016-05-09","2016-09-12","2016-09-13T23:00Z","2016-09-19T15:00Z","NEON.LTR.UNDE061300.20160912","NEON.LTR.UNDE061300.20160912.NDL","NEON.DOC.001710vE","Needles",0.14,"N","","hE8YqXO7sNiNpTQ8TwLBTEwXi3KL/fpp"
"f3db0bb6-38d6-4bb8-884a-d11e50e42d3f","UNDE_061.basePlot.ltr","D05","UNDE","UNDE_061","UNDE_061_300","2016-09-19","2016-05-09","2016-09-12","2016-09-13T23:00Z","2016-09-19T15:00Z","NEON.LTR.UNDE061300.20160912","NEON.LTR.UNDE061300.20160912.WDY","NEON.DOC.001710vE","Woody material",0.56,"N","","hE8YqXO7sNiNpTQ8TwLBTEwXi3KL/fpp"
"08c8f7f9-26bb-4175-b6af-9b560cb19cc9","UNDE_061.basePlot.ltr","D05","UNDE","UNDE_061","UNDE_061_300","2016-09-19","2016-05-09","2016-09-12","2016-09-13T23:00Z","2016-09-19T15:00Z","NEON.LTR.UNDE061300.20160912","NEON.LTR.UNDE061300.20160912.FLR","NEON.DOC.001710vE","Flowers",0,"N","","hE8YqXO7sNiNpTQ8TwLBTEwXi3KL/fpp"
"797391e5-37b7-477c-ba14-94fa938318af","UNDE_061.basePlot.ltr","D05","UNDE","UNDE_061","UNDE_061_300","2016-09-19","2016-05-09","2016-09-12","2016-09-13T23:00Z","2016-09-19T15:00Z","NEON.LTR.UNDE061300.20160912","NEON.LTR.UNDE061300.20160912.OTH","NEON.DOC.001710vE","Other",7.44,"Y","","hE8YqXO7sNiNpTQ8TwLBTEwXi3KL/fpp"
"0aa84ed9-5382-45c4-a6d8-7dda30f98923","UNDE_037.basePlot.ltr","D05","UNDE","UNDE_037","UNDE_037_888","2016-09-19","2016-05-09","2016-09-12","2016-09-13T23:00Z","2016-09-19T15:00Z","NEON.LTR.UNDE037888.20160912","NEON.LTR.UNDE037888.20160912.WDY","NEON.DOC.001710vE","Woody material",10.03,"N","","hE8YqXO7sNiNpTQ8TwLBTEwXi3KL/fpp"
"77218521-4e8e-4aea-b769-98124fe5af68","UNDE_037.basePlot.ltr","D05","UNDE","UNDE_037","UNDE_037_888","2016-09-19","2016-05-09","2016-09-12","2016-09-13T23:00Z","2016-09-19T15:00Z","NEON.LTR.UNDE037888.20160912","NEON.LTR.UNDE037888.20160912.OTH","NEON.DOC.001710vE","Other",3.73,"N","","hE8YqXO7sNiNpTQ8TwLBTEwXi3KL/fpp"
"041a67f3-c359-4e3d-917b-5244d6e97c0e","UNDE_037.basePlot.ltr","D05","UNDE","UNDE_037","UNDE_037_888","2016-09-19","2016-05-09","2016-09-12","2016-09-13T23:00Z","2016-09-19T15:00Z","NEON.LTR.UNDE037888.20160912","NEON.LTR.UNDE037888.20160912.FLR","NEON.DOC.001710vE","Flowers",0.72,"N","","hE8YqXO7sNiNpTQ8TwLBTEwXi3KL/fpp"
"a2f6f86a-b2dd-47d2-b7d9-34d84c11d9d5","UNDE_037.basePlot.ltr","D05","UNDE","UNDE_037","UNDE_037_888","2016-09-19","2016-05-09","2016-09-12","2016-09-13T23:00Z","2016-09-19T15:00Z","NEON.LTR.UNDE037888.20160912","NEON.LTR.UNDE037888.20160912.TWI","NEON.DOC.001710vE","Twigs/branches",19.67,"N","","hE8YqXO7sNiNpTQ8TwLBTEwXi3KL/fpp"
"cc6edd94-f595-4eeb-a05b-55ce560d54cb","UNDE_037.basePlot.ltr","D05","UNDE","UNDE_037","UNDE_037_888","2016-09-19","2016-05-09","2016-09-12","2016-09-13T23:00Z","2016-09-19T15:00Z","NEON.LTR.UNDE037888.20160912","NEON.LTR.UNDE037888.20160912.LVS","NEON.DOC.001710vE","Leaves",3.69,"N","","hE8YqXO7sNiNpTQ8TwLBTEwXi3KL/fpp"
"c33b5ddb-a97d-4815-9a74-5e6eaf28b73b","UNDE_037.basePlot.ltr","D05","UNDE","UNDE_037","UNDE_037_888","2016-09-19","2016-05-09","2016-09-12","2016-09-13T23:00Z","2016-09-19T15:00Z","NEON.LTR.UNDE037888.20160912","NEON.LTR.UNDE037888.20160912.NDL","NEON.DOC.001710vE","Needles",6.69,"N","","hE8YqXO7sNiNpTQ8TwLBTEwXi3KL/fpp"
"44986279-0020-447a-958c-2f2fc5dae684","UNDE_037.basePlot.ltr","D05","UNDE","UNDE_037","UNDE_037_888","2016-09-19","2016-05-09","2016-09-12","2016-09-13T23:00Z","2016-09-19T15:00Z","NEON.LTR.UNDE037888.20160912","NEON.LTR.UNDE037888.20160912.SDS","NEON.DOC.001710vE","Seeds",3.72,"N","","hE8YqXO7sNiNpTQ8TwLBTEwXi3KL/fpp"
"051bc2be-ba99-4857-81b6-d18962360db6","UNDE_057.basePlot.ltr","D05","UNDE","UNDE_057","UNDE_057_413","2016-09-19","2016-05-09","2016-09-12","2016-09-13T23:00Z","2016-09-19T15:00Z","NEON.LTR.UNDE057413.20160912","NEON.LTR.UNDE057413.20160912.NDL","NEON.DOC.001710vE","Needles",1.06,"N","","hE8YqXO7sNiNpTQ8TwLBTEwXi3KL/fpp"
"d512a999-719f-4b5f-a301-9250d52c5f89","UNDE_057.basePlot.ltr","D05","UNDE","UNDE_057","UNDE_057_413","2016-09-19","2016-05-09","2016-09-12","2016-09-13T23:00Z","2016-09-19T15:00Z","NEON.LTR.UNDE057413.20160912","NEON.LTR.UNDE057413.20160912.SDS","NEON.DOC.001710vE","Seeds",2.31,"N","","hE8YqXO7sNiNpTQ8TwLBTEwXi3KL/fpp"
"35a25762-4019-4265-b832-4918599dd262","UNDE_057.basePlot.ltr","D05","UNDE","UNDE_057","UNDE_057_413","2016-09-19","2016-05-09","2016-09-12","2016-09-13T23:00Z","2016-09-19T15:00Z","NEON.LTR.UNDE057413.20160912","NEON.LTR.UNDE057413.20160912.FLR","NEON.DOC.001710vE","Flowers",0.65,"N","","hE8YqXO7sNiNpTQ8TwLBTEwXi3KL/fpp"
"838daced-32df-48ce-9f25-fbd8789c01a6","UNDE_057.basePlot.ltr","D05","UNDE","UNDE_057","UNDE_057_413","2016-09-19","2016-05-09","2016-09-12","2016-09-13T23:00Z","2016-09-19T15:00Z","NEON.LTR.UNDE057413.20160912","NEON.LTR.UNDE057413.20160912.WDY","NEON.DOC.001710vE","Woody material",1.7,"N","","hE8YqXO7sNiNpTQ8TwLBTEwXi3KL/fpp"
"c6e8da4f-e9fa-4147-89bd-8d5906551f3c","UNDE_057.basePlot.ltr","D05","UNDE","UNDE_057","UNDE_057_413","2016-09-19","2016-05-09","2016-09-12","2016-09-13T23:00Z","2016-09-19T15:00Z","NEON.LTR.UNDE057413.20160912","NEON.LTR.UNDE057413.20160912.OTH","NEON.DOC.001710vE","Other",8.91,"N","","hE8YqXO7sNiNpTQ8TwLBTEwXi3KL/fpp"
"ae05e127-dbfe-4853-9e62-81f1d976f36f","UNDE_057.basePlot.ltr","D05","UNDE","UNDE_057","UNDE_057_413","2016-09-19","2016-05-09","2016-09-12","2016-09-13T23:00Z","2016-09-19T15:00Z","NEON.LTR.UNDE057413.20160912","NEON.LTR.UNDE057413.20160912.TWI","NEON.DOC.001710vE","Twigs/branches",6.18,"N","","hE8YqXO7sNiNpTQ8TwLBTEwXi3KL/fpp"
"c6326dcf-682e-4ece-b026-89dc11d09a8f","UNDE_057.basePlot.ltr","D05","UNDE","UNDE_057","UNDE_057_413","2016-09-19","2016-05-09","2016-09-12","2016-09-13T23:00Z","2016-09-19T15:00Z","NEON.LTR.UNDE057413.20160912","NEON.LTR.UNDE057413.20160912.LVS","NEON.DOC.001710vE","Leaves",4.92,"N","","hE8YqXO7sNiNpTQ8TwLBTEwXi3KL/fpp"
"89092e34-74d0-45c5-b7bc-32e06fb6c643","UNDE_049.basePlot.ltr","D05","UNDE","UNDE_049","UNDE_049_584","2016-09-19","2016-05-09","2016-09-12","2016-09-13T23:00Z","2016-09-19T15:00Z","NEON.LTR.UNDE049584.20160912","NEON.LTR.UNDE049584.20160912.SDS","NEON.DOC.001710vE","Seeds",0.005,"N","","hE8YqXO7sNiNpTQ8TwLBTEwXi3KL/fpp"
"37f206d9-bc47-4e1d-aa4b-5b41aac487c8","UNDE_049.basePlot.ltr","D05","UNDE","UNDE_049","UNDE_049_584","2016-09-19","2016-05-09","2016-09-12","2016-09-13T23:00Z","2016-09-19T15:00Z","NEON.LTR.UNDE049584.20160912","NEON.LTR.UNDE049584.20160912.TWI","NEON.DOC.001710vE","Twigs/branches",20.48,"N","","hE8YqXO7sNiNpTQ8TwLBTEwXi3KL/fpp"
"431e56fb-7169-4f12-94f4-3d695ea8c8d9","UNDE_049.basePlot.ltr","D05","UNDE","UNDE_049","UNDE_049_584","2016-09-19","2016-05-09","2016-09-12","2016-09-13T23:00Z","2016-09-19T15:00Z","NEON.LTR.UNDE049584.20160912","NEON.LTR.UNDE049584.20160912.WDY","NEON.DOC.001710vE","Woody material",0.47,"N","","hE8YqXO7sNiNpTQ8TwLBTEwXi3KL/fpp"
"d406a7bf-1d3a-445b-8de0-020c8700d2d2","UNDE_049.basePlot.ltr","D05","UNDE","UNDE_049","UNDE_049_584","2016-09-19","2016-05-09","2016-09-12","2016-09-13T23:00Z","2016-09-19T15:00Z","NEON.LTR.UNDE049584.20160912","NEON.LTR.UNDE049584.20160912.LVS","NEON.DOC.001710vE","Leaves",6.8,"N","","hE8YqXO7sNiNpTQ8TwLBTEwXi3KL/fpp"
"a5a69e10-a0e0-4c71-9720-ac3451c612df","UNDE_049.basePlot.ltr","D05","UNDE","UNDE_049","UNDE_049_584","2016-09-19","2016-05-09","2016-09-12","2016-09-13T23:00Z","2016-09-19T15:00Z","NEON.LTR.UNDE049584.20160912","NEON.LTR.UNDE049584.20160912.OTH","NEON.DOC.001710vE","Other",2.5,"N","","hE8YqXO7sNiNpTQ8TwLBTEwXi3KL/fpp"
"7721665f-e9a0-42a1-ab5e-d8547724976c","UNDE_049.basePlot.ltr","D05","UNDE","UNDE_049","UNDE_049_584","2016-09-19","2016-05-09","2016-09-12","2016-09-13T23:00Z","2016-09-19T15:00Z","NEON.LTR.UNDE049584.20160912","NEON.LTR.UNDE049584.20160912.NDL","NEON.DOC.001710vE","Needles",14.02,"N","","hE8YqXO7sNiNpTQ8TwLBTEwXi3KL/fpp"
"36167770-b3fd-4613-bc99-a53c67af03cd","UNDE_049.basePlot.ltr","D05","UNDE","UNDE_049","UNDE_049_584","2016-09-19","2016-05-09","2016-09-12","2016-09-13T23:00Z","2016-09-19T15:00Z","NEON.LTR.UNDE049584.20160912","NEON.LTR.UNDE049584.20160912.FLR","NEON.DOC.001710vE","Flowers",0,"N","","hE8YqXO7sNiNpTQ8TwLBTEwXi3KL/fpp"
"3f4a2f87-36e0-4ce4-899c-a8026ff766a0","UNDE_054.basePlot.ltr","D05","UNDE","UNDE_054","UNDE_054_436","2016-09-19","2016-05-09","2016-09-12","2016-09-13T23:00Z","2016-09-19T15:00Z","NEON.LTR.UNDE054436.20160912","NEON.LTR.UNDE054436.20160912.WDY","NEON.DOC.001710vE","Woody material",1.4,"N","","hE8YqXO7sNiNpTQ8TwLBTEwXi3KL/fpp"
"0523d7da-32aa-4eab-a0ca-e12050d27aef","UNDE_054.basePlot.ltr","D05","UNDE","UNDE_054","UNDE_054_436","2016-09-19","2016-05-09","2016-09-12","2016-09-13T23:00Z","2016-09-19T15:00Z","NEON.LTR.UNDE054436.20160912","NEON.LTR.UNDE054436.20160912.SDS","NEON.DOC.001710vE","Seeds",0.08,"N","","hE8YqXO7sNiNpTQ8TwLBTEwXi3KL/fpp"
"29d9327d-d29b-4585-93e5-39ade7630a5b","UNDE_054.basePlot.ltr","D05","UNDE","UNDE_054","UNDE_054_436","2016-09-19","2016-05-09","2016-09-12","2016-09-13T23:00Z","2016-09-19T15:00Z","NEON.LTR.UNDE054436.20160912","NEON.LTR.UNDE054436.20160912.OTH","NEON.DOC.001710vE","Other",6.26,"N","","hE8YqXO7sNiNpTQ8TwLBTEwXi3KL/fpp"
"121a869e-f2fd-46c5-a02d-c41fa4fef19c","UNDE_054.basePlot.ltr","D05","UNDE","UNDE_054","UNDE_054_436","2016-09-19","2016-05-09","2016-09-12","2016-09-13T23:00Z","2016-09-19T15:00Z","NEON.LTR.UNDE054436.20160912","NEON.LTR.UNDE054436.20160912.TWI","NEON.DOC.001710vE","Twigs/branches",14.38,"N","","hE8YqXO7sNiNpTQ8TwLBTEwXi3KL/fpp"
"7d5ae376-8f69-4381-8b62-11f1fd5614d6","UNDE_049.basePlot.ltr","D05","UNDE","UNDE_049","UNDE_049_111","2016-09-19","2016-05-09","2016-09-12","2016-09-13T23:00Z","2016-09-19T15:00Z","NEON.LTR.UNDE049111.20160912","NEON.LTR.UNDE049111.20160912.OTH","NEON.DOC.001710vE","Other",2.1,"N","","hE8YqXO7sNiNpTQ8TwLBTEwXi3KL/fpp"
"0dd978b2-1f58-43c3-9a9d-b39a0f049a18","UNDE_049.basePlot.ltr","D05","UNDE","UNDE_049","UNDE_049_111","2016-09-19","2016-05-09","2016-09-12","2016-09-13T23:00Z","2016-09-19T15:00Z","NEON.LTR.UNDE049111.20160912","NEON.LTR.UNDE049111.20160912.FLR","NEON.DOC.001710vE","Flowers",0,"N","","hE8YqXO7sNiNpTQ8TwLBTEwXi3KL/fpp"
"d13295df-c7e0-4391-9002-a32fe3d82204","UNDE_049.basePlot.ltr","D05","UNDE","UNDE_049","UNDE_049_111","2016-09-19","2016-05-09","2016-09-12","2016-09-13T23:00Z","2016-09-19T15:00Z","NEON.LTR.UNDE049111.20160912","NEON.LTR.UNDE049111.20160912.NDL","NEON.DOC.001710vE","Needles",0.13,"N","","hE8YqXO7sNiNpTQ8TwLBTEwXi3KL/fpp"
"98feb54a-4278-4074-b7bf-4e22d9983488","UNDE_049.basePlot.ltr","D05","UNDE","UNDE_049","UNDE_049_111","2016-09-19","2016-05-09","2016-09-12","2016-09-13T23:00Z","2016-09-19T15:00Z","NEON.LTR.UNDE049111.20160912","NEON.LTR.UNDE049111.20160912.TWI","NEON.DOC.001710vE","Twigs/branches",0.91,"N","","hE8YqXO7sNiNpTQ8TwLBTEwXi3KL/fpp"
"56205383-4aca-4eef-b16d-56083bbdf283","UNDE_049.basePlot.ltr","D05","UNDE","UNDE_049","UNDE_049_111","2016-09-19","2016-05-09","2016-09-12","2016-09-13T23:00Z","2016-09-19T15:00Z","NEON.LTR.UNDE049111.20160912","NEON.LTR.UNDE049111.20160912.TWI","NEON.DOC.001710vE","Twigs/branches",0.9,"Y","","hE8YqXO7sNiNpTQ8TwLBTEwXi3KL/fpp"
"604915ad-2db9-4dea-8c31-c74ef4c5451c","UNDE_049.basePlot.ltr","D05","UNDE","UNDE_049","UNDE_049_111","2016-09-19","2016-05-09","2016-09-12","2016-09-13T23:00Z","2016-09-19T15:00Z","NEON.LTR.UNDE049111.20160912","NEON.LTR.UNDE049111.20160912.SDS","NEON.DOC.001710vE","Seeds",0.06,"N","","hE8YqXO7sNiNpTQ8TwLBTEwXi3KL/fpp"
"b835f222-56d4-4eb1-bb31-7ac7ccd86685","UNDE_049.basePlot.ltr","D05","UNDE","UNDE_049","UNDE_049_111","2016-09-19","2016-05-09","2016-09-12","2016-09-13T23:00Z","2016-09-19T15:00Z","NEON.LTR.UNDE049111.20160912","NEON.LTR.UNDE049111.20160912.LVS","NEON.DOC.001710vE","Leaves",15.83,"N","","hE8YqXO7sNiNpTQ8TwLBTEwXi3KL/fpp"
"5ee6857c-f253-48df-a18d-eea8c8684037","UNDE_049.basePlot.ltr","D05","UNDE","UNDE_049","UNDE_049_111","2016-09-19","2016-05-09","2016-09-12","2016-09-13T23:00Z","2016-09-19T15:00Z","NEON.LTR.UNDE049111.20160912","NEON.LTR.UNDE049111.20160912.WDY","NEON.DOC.001710vE","Woody material",0,"N","","hE8YqXO7sNiNpTQ8TwLBTEwXi3KL/fpp"
"876fbcb9-946f-4047-8e7b-2e4f6ef73060","UNDE_078.basePlot.ltr","D05","UNDE","UNDE_078","UNDE_078_045","2016-09-19","2016-05-09","2016-09-12","2016-09-13T23:00Z","2016-09-19T15:00Z","NEON.LTR.UNDE078045.20160912","NEON.LTR.UNDE078045.20160912.WDY","NEON.DOC.001710vE","Woody material",0.38,"N","","hE8YqXO7sNiNpTQ8TwLBTEwXi3KL/fpp"
"f7063f54-acda-47b8-8895-6bf2bc674036","UNDE_078.basePlot.ltr","D05","UNDE","UNDE_078","UNDE_078_045","2016-09-19","2016-05-09","2016-09-12","2016-09-13T23:00Z","2016-09-19T15:00Z","NEON.LTR.UNDE078045.20160912","NEON.LTR.UNDE078045.20160912.SDS","NEON.DOC.001710vE","Seeds",3.53,"Y","","hE8YqXO7sNiNpTQ8TwLBTEwXi3KL/fpp"
"39cebd41-e154-4217-98da-fa34f8a0be24","UNDE_078.basePlot.ltr","D05","UNDE","UNDE_078","UNDE_078_045","2016-09-19","2016-05-09","2016-09-12","2016-09-13T23:00Z","2016-09-19T15:00Z","NEON.LTR.UNDE078045.20160912","NEON.LTR.UNDE078045.20160912.FLR","NEON.DOC.001710vE","Flowers",0.32,"N","","hE8YqXO7sNiNpTQ8TwLBTEwXi3KL/fpp"
"8f3ab88a-69dd-409d-b1b7-6618ba538778","UNDE_078.basePlot.ltr","D05","UNDE","UNDE_078","UNDE_078_045","2016-09-19","2016-05-09","2016-09-12","2016-09-13T23:00Z","2016-09-19T15:00Z","NEON.LTR.UNDE078045.20160912","NEON.LTR.UNDE078045.20160912.OTH","NEON.DOC.001710vE","Other",2.86,"N","","hE8YqXO7sNiNpTQ8TwLBTEwXi3KL/fpp"
"3ed45b3f-098d-4203-948e-d1c07d23af5b","UNDE_078.basePlot.ltr","D05","UNDE","UNDE_078","UNDE_078_045","2016-09-19","2016-05-09","2016-09-12","2016-09-13T23:00Z","2016-09-19T15:00Z","NEON.LTR.UNDE078045.20160912","NEON.LTR.UNDE078045.20160912.TWI","NEON.DOC.001710vE","Twigs/branches",8.75,"N","","hE8YqXO7sNiNpTQ8TwLBTEwXi3KL/fpp"
"6a5443a7-3876-430b-b6cd-535770aa9d9c","UNDE_078.basePlot.ltr","D05","UNDE","UNDE_078","UNDE_078_045","2016-09-19","2016-05-09","2016-09-12","2016-09-13T23:00Z","2016-09-19T15:00Z","NEON.LTR.UNDE078045.20160912","NEON.LTR.UNDE078045.20160912.LVS","NEON.DOC.001710vE","Leaves",50.94,"N","","hE8YqXO7sNiNpTQ8TwLBTEwXi3KL/fpp"
"5423f979-e49f-42fd-83a8-4f7f0ca53695","UNDE_078.basePlot.ltr","D05","UNDE","UNDE_078","UNDE_078_045","2016-09-19","2016-05-09","2016-09-12","2016-09-13T23:00Z","2016-09-19T15:00Z","NEON.LTR.UNDE078045.20160912","NEON.LTR.UNDE078045.20160912.SDS","NEON.DOC.001710vE","Seeds",3.55,"N","","hE8YqXO7sNiNpTQ8TwLBTEwXi3KL/fpp"
"26ee330d-2cb8-4d2a-b6e1-23b60657029b","UNDE_078.basePlot.ltr","D05","UNDE","UNDE_078","UNDE_078_045","2016-09-19","2016-05-09","2016-09-12","2016-09-13T23:00Z","2016-09-19T15:00Z","NEON.LTR.UNDE078045.20160912","NEON.LTR.UNDE078045.20160912.NDL","NEON.DOC.001710vE","Needles",0.21,"N","","hE8YqXO7sNiNpTQ8TwLBTEwXi3KL/fpp"
"94af3c09-c710-42ec-a465-2d1e3c2287f6","UNDE_056.basePlot.ltr","D05","UNDE","UNDE_056","UNDE_056_360","2016-09-19","2016-05-09","2016-09-12","2016-09-13T23:00Z","2016-09-19T15:00Z","NEON.LTR.UNDE056360.20160912","NEON.LTR.UNDE056360.20160912.OTH","NEON.DOC.001710vE","Other",7.74,"N","","hE8YqXO7sNiNpTQ8TwLBTEwXi3KL/fpp"
"489ec2b9-bad2-4d2e-adb2-f0d843a37103","UNDE_056.basePlot.ltr","D05","UNDE","UNDE_056","UNDE_056_360","2016-09-19","2016-05-09","2016-09-12","2016-09-13T23:00Z","2016-09-19T15:00Z","NEON.LTR.UNDE056360.20160912","NEON.LTR.UNDE056360.20160912.TWI","NEON.DOC.001710vE","Twigs/branches",1.39,"N","","hE8YqXO7sNiNpTQ8TwLBTEwXi3KL/fpp"
"ec7fe41d-654d-4e64-bf52-0e044634d30d","UNDE_056.basePlot.ltr","D05","UNDE","UNDE_056","UNDE_056_360","2016-09-19","2016-05-09","2016-09-12","2016-09-13T23:00Z","2016-09-19T15:00Z","NEON.LTR.UNDE056360.20160912","NEON.LTR.UNDE056360.20160912.WDY","NEON.DOC.001710vE","Woody material",3.82,"N","","hE8YqXO7sNiNpTQ8TwLBTEwXi3KL/fpp"
"97446e7a-573f-4fff-bf64-0e393968b08d","UNDE_056.basePlot.ltr","D05","UNDE","UNDE_056","UNDE_056_360","2016-09-19","2016-05-09","2016-09-12","2016-09-13T23:00Z","2016-09-19T15:00Z","NEON.LTR.UNDE056360.20160912","NEON.LTR.UNDE056360.20160912.LVS","NEON.DOC.001710vE","Leaves",3.91,"Y","","hE8YqXO7sNiNpTQ8TwLBTEwXi3KL/fpp"
"90b9cfbd-d317-47ca-a847-e7ab9805b626","UNDE_056.basePlot.ltr","D05","UNDE","UNDE_056","UNDE_056_360","2016-09-19","2016-05-09","2016-09-12","2016-09-13T19:00Z","2016-09-19T15:00Z","NEON.LTR.UNDE056360.20160912","NEON.LTR.UNDE056360.20160912.LVS","NEON.DOC.001710vE","Leaves",3.95,"N","","hE8YqXO7sNiNpTQ8TwLBTEwXi3KL/fpp"
"d5e1d6f9-7ee8-4630-a0a4-d59d8b02d28d","UNDE_056.basePlot.ltr","D05","UNDE","UNDE_056","UNDE_056_360","2016-09-19","2016-05-09","2016-09-12","2016-09-13T23:00Z","2016-09-19T15:00Z","NEON.LTR.UNDE056360.20160912","NEON.LTR.UNDE056360.20160912.NDL","NEON.DOC.001710vE","Needles",0.13,"N","","hE8YqXO7sNiNpTQ8TwLBTEwXi3KL/fpp"
"7003aea7-8333-41c5-a8e5-b3bc6b46e86f","UNDE_056.basePlot.ltr","D05","UNDE","UNDE_056","UNDE_056_360","2016-09-19","2016-05-09","2016-09-12","2016-09-13T23:00Z","2016-09-19T15:00Z","NEON.LTR.UNDE056360.20160912","NEON.LTR.UNDE056360.20160912.FLR","NEON.DOC.001710vE","Flowers",0.03,"N","","hE8YqXO7sNiNpTQ8TwLBTEwXi3KL/fpp"
"4a85d426-a91d-4262-b55c-127491f7c765","UNDE_056.basePlot.ltr","D05","UNDE","UNDE_056","UNDE_056_360","2016-09-19","2016-05-09","2016-09-12","2016-09-13T23:00Z","2016-09-19T15:00Z","NEON.LTR.UNDE056360.20160912","NEON.LTR.UNDE056360.20160912.TWI","NEON.DOC.001710vE","Twigs/branches",1.39,"Y","","hE8YqXO7sNiNpTQ8TwLBTEwXi3KL/fpp"
"a9edf553-b6da-4f47-bf6a-cfa0a75ed131","UNDE_056.basePlot.ltr","D05","UNDE","UNDE_056","UNDE_056_360","2016-09-19","2016-05-09","2016-09-12","2016-09-13T19:00Z","2016-09-19T15:00Z","NEON.LTR.UNDE056360.20160912","NEON.LTR.UNDE056360.20160912.SDS","NEON.DOC.001710vE","Seeds",0.65,"N","","hE8YqXO7sNiNpTQ8TwLBTEwXi3KL/fpp"
"67742757-c920-433b-9566-f0c2d0cab181","UNDE_054.basePlot.ltr","D05","UNDE","UNDE_054","UNDE_054_036","2016-09-19","2016-05-09","2016-09-12","2016-09-13T23:00Z","2016-09-19T15:00Z","NEON.LTR.UNDE054036.20160912","NEON.LTR.UNDE054036.20160912.NDL","NEON.DOC.001710vE","Needles",0,"N","","hE8YqXO7sNiNpTQ8TwLBTEwXi3KL/fpp"
"851db6df-f97f-44ed-9af2-cb9bc6b29dba","UNDE_054.basePlot.ltr","D05","UNDE","UNDE_054","UNDE_054_036","2016-09-19","2016-05-09","2016-09-12","2016-09-13T23:00Z","2016-09-19T15:00Z","NEON.LTR.UNDE054036.20160912","NEON.LTR.UNDE054036.20160912.TWI","NEON.DOC.001710vE","Twigs/branches",1.12,"N","","hE8YqXO7sNiNpTQ8TwLBTEwXi3KL/fpp"
"0f5dd632-9907-40ba-9550-66b089abd75d","UNDE_054.basePlot.ltr","D05","UNDE","UNDE_054","UNDE_054_036","2016-09-19","2016-05-09","2016-09-12","2016-09-13T23:00Z","2016-09-19T15:00Z","NEON.LTR.UNDE054036.20160912","NEON.LTR.UNDE054036.20160912.FLR","NEON.DOC.001710vE","Flowers",0,"N","","hE8YqXO7sNiNpTQ8TwLBTEwXi3KL/fpp"
"a7e8ac02-a951-4b03-9344-249593823915","UNDE_057.basePlot.ltr","D05","UNDE","UNDE_057","UNDE_057_010","2016-09-19","2016-05-09","2016-09-12","2016-09-13T23:00Z","2016-09-19T15:00Z","NEON.LTR.UNDE057010.20160912","NEON.LTR.UNDE057010.20160912.WDY","NEON.DOC.001710vE","Woody material",0.84,"N","","hE8YqXO7sNiNpTQ8TwLBTEwXi3KL/fpp"
"4cb15920-9559-4ef2-aec9-3818155c0e04","UNDE_057.basePlot.ltr","D05","UNDE","UNDE_057","UNDE_057_010","2016-09-19","2016-05-09","2016-09-12","2016-09-13T23:00Z","2016-09-19T15:00Z","NEON.LTR.UNDE057010.20160912","NEON.LTR.UNDE057010.20160912.FLR","NEON.DOC.001710vE","Flowers",0.09,"N","","hE8YqXO7sNiNpTQ8TwLBTEwXi3KL/fpp"
"0185db4f-6037-4f33-a5f7-ac7525e74146","UNDE_057.basePlot.ltr","D05","UNDE","UNDE_057","UNDE_057_010","2016-09-19","2016-05-09","2016-09-12","2016-09-13T23:00Z","2016-09-19T15:00Z","NEON.LTR.UNDE057010.20160912","NEON.LTR.UNDE057010.20160912.OTH","NEON.DOC.001710vE","Other",1.87,"N","","hE8YqXO7sNiNpTQ8TwLBTEwXi3KL/fpp"
"7ef7b44b-88dd-48b1-a318-a7c2f5294b13","UNDE_057.basePlot.ltr","D05","UNDE","UNDE_057","UNDE_057_010","2016-09-19","2016-05-09","2016-09-12","2016-09-13T23:00Z","2016-09-19T15:00Z","NEON.LTR.UNDE057010.20160912","NEON.LTR.UNDE057010.20160912.TWI","NEON.DOC.001710vE","Twigs/branches",3.05,"N","","hE8YqXO7sNiNpTQ8TwLBTEwXi3KL/fpp"
"58c1997d-bf68-46ad-a604-a44a2e7fe81a","UNDE_057.basePlot.ltr","D05","UNDE","UNDE_057","UNDE_057_010","2016-09-19","2016-05-09","2016-09-12","2016-09-13T23:00Z","2016-09-19T15:00Z","NEON.LTR.UNDE057010.20160912","NEON.LTR.UNDE057010.20160912.SDS","NEON.DOC.001710vE","Seeds",0.42,"N","","hE8YqXO7sNiNpTQ8TwLBTEwXi3KL/fpp"
"278e20ad-ada9-40d9-93e8-a1ba4f45ed4f","UNDE_057.basePlot.ltr","D05","UNDE","UNDE_057","UNDE_057_010","2016-09-19","2016-05-09","2016-09-12","2016-09-13T23:00Z","2016-09-19T15:00Z","NEON.LTR.UNDE057010.20160912","NEON.LTR.UNDE057010.20160912.NDL","NEON.DOC.001710vE","Needles",0.41,"N","","hE8YqXO7sNiNpTQ8TwLBTEwXi3KL/fpp"
"51ae8748-8bc9-421a-af97-3541b0620cb3","UNDE_057.basePlot.ltr","D05","UNDE","UNDE_057","UNDE_057_010","2016-09-19","2016-05-09","2016-09-12","2016-09-13T23:00Z","2016-09-19T15:00Z","NEON.LTR.UNDE057010.20160912","NEON.LTR.UNDE057010.20160912.LVS","NEON.DOC.001710vE","Leaves",12.65,"N","","hE8YqXO7sNiNpTQ8TwLBTEwXi3KL/fpp"
"6dca354f-9a71-4fb5-a821-0f37e67121b1","UNDE_054.basePlot.ltr","D05","UNDE","UNDE_054","UNDE_054_036","2016-09-19","2016-05-09","2016-09-12","2016-09-13T23:00Z","2016-09-19T15:00Z","NEON.LTR.UNDE054036.20160912","NEON.LTR.UNDE054036.20160912.OTH","NEON.DOC.001710vE","Other",0.04,"N","","hE8YqXO7sNiNpTQ8TwLBTEwXi3KL/fpp"
"dc44da04-dc55-4202-9c86-8c51d32c9b68","UNDE_054.basePlot.ltr","D05","UNDE","UNDE_054","UNDE_054_036","2016-09-19","2016-05-09","2016-09-12","2016-09-13T23:00Z","2016-09-19T15:00Z","NEON.LTR.UNDE054036.20160912","NEON.LTR.UNDE054036.20160912.SDS","NEON.DOC.001710vE","Seeds",4.68,"N","","hE8YqXO7sNiNpTQ8TwLBTEwXi3KL/fpp"
"c3e7a962-a9d6-4ea8-a804-21f737122c38","UNDE_054.basePlot.ltr","D05","UNDE","UNDE_054","UNDE_054_036","2016-09-19","2016-05-09","2016-09-12","2016-09-13T23:00Z","2016-09-19T15:00Z","NEON.LTR.UNDE054036.20160912","NEON.LTR.UNDE054036.20160912.WDY","NEON.DOC.001710vE","Woody material",0.69,"N","","hE8YqXO7sNiNpTQ8TwLBTEwXi3KL/fpp"
"c9b15860-b03f-46c3-af09-431671b2fcc8","UNDE_054.basePlot.ltr","D05","UNDE","UNDE_054","UNDE_054_036","2016-09-19","2016-05-09","2016-09-12","2016-09-13T23:00Z","2016-09-19T15:00Z","NEON.LTR.UNDE054036.20160912","NEON.LTR.UNDE054036.20160912.LVS","NEON.DOC.001710vE","Leaves",4.33,"N","","hE8YqXO7sNiNpTQ8TwLBTEwXi3KL/fpp"
"3e1bf210-a189-49ee-8a52-4e933cea9943","UNDE_038.basePlot.ltr","D05","UNDE","UNDE_038","UNDE_038_400","2016-09-19","2016-05-09","2016-09-12","2016-09-13T23:00Z","2016-09-19T15:00Z","NEON.LTR.UNDE038400.20160912","NEON.LTR.UNDE038400.20160912.WDY","NEON.DOC.001710vE","Woody material",2.31,"N","","hE8YqXO7sNiNpTQ8TwLBTEwXi3KL/fpp"
"7e66a89d-b434-4a19-b81d-5b64bb70b11d","UNDE_038.basePlot.ltr","D05","UNDE","UNDE_038","UNDE_038_400","2016-09-19","2016-05-09","2016-09-12","2016-09-13T23:00Z","2016-09-19T15:00Z","NEON.LTR.UNDE038400.20160912","NEON.LTR.UNDE038400.20160912.WDY","NEON.DOC.001710vE","Woody material",2.31,"Y","","hE8YqXO7sNiNpTQ8TwLBTEwXi3KL/fpp"
"15af2cb0-4281-4b70-8364-d57c6f6804a2","UNDE_038.basePlot.ltr","D05","UNDE","UNDE_038","UNDE_038_400","2016-09-19","2016-05-09","2016-09-12","2016-09-13T23:00Z","2016-09-19T15:00Z","NEON.LTR.UNDE038400.20160912","NEON.LTR.UNDE038400.20160912.OTH","NEON.DOC.001710vE","Other",17.16,"N","","hE8YqXO7sNiNpTQ8TwLBTEwXi3KL/fpp"
"6edf3336-8982-4c4c-820e-14973782b855","UNDE_038.basePlot.ltr","D05","UNDE","UNDE_038","UNDE_038_400","2016-09-19","2016-05-09","2016-09-12","2016-09-13T23:00Z","2016-09-19T15:00Z","NEON.LTR.UNDE038400.20160912","NEON.LTR.UNDE038400.20160912.LVS","NEON.DOC.001710vE","Leaves",2,"N","","hE8YqXO7sNiNpTQ8TwLBTEwXi3KL/fpp"
"d0600107-2af6-4c73-8c83-a514b68af822","UNDE_038.basePlot.ltr","D05","UNDE","UNDE_038","UNDE_038_400","2016-09-19","2016-05-09","2016-09-12","2016-09-13T23:00Z","2016-09-19T15:00Z","NEON.LTR.UNDE038400.20160912","NEON.LTR.UNDE038400.20160912.SDS","NEON.DOC.001710vE","Seeds",0.03,"N","","hE8YqXO7sNiNpTQ8TwLBTEwXi3KL/fpp"
"588b2987-8c6e-41b6-8935-a1d53a294c17","UNDE_038.basePlot.ltr","D05","UNDE","UNDE_038","UNDE_038_400","2016-09-19","2016-05-09","2016-09-12","2016-09-13T23:00Z","2016-09-19T15:00Z","NEON.LTR.UNDE038400.20160912","NEON.LTR.UNDE038400.20160912.NDL","NEON.DOC.001710vE","Needles",1.34,"N","","hE8YqXO7sNiNpTQ8TwLBTEwXi3KL/fpp"
"c5f1c105-faba-40c4-8654-da2eaf969c42","UNDE_038.basePlot.ltr","D05","UNDE","UNDE_038","UNDE_038_400","2016-09-19","2016-05-09","2016-09-12","2016-09-13T23:00Z","2016-09-19T15:00Z","NEON.LTR.UNDE038400.20160912","NEON.LTR.UNDE038400.20160912.TWI","NEON.DOC.001710vE","Twigs/branches",52.76,"N","","hE8YqXO7sNiNpTQ8TwLBTEwXi3KL/fpp"
"2bab2e44-d565-4502-90c0-9e4fa7eea15e","UNDE_038.basePlot.ltr","D05","UNDE","UNDE_038","UNDE_038_400","2016-09-19","2016-05-09","2016-09-12","2016-09-13T23:00Z","2016-09-19T15:00Z","NEON.LTR.UNDE038400.20160912","NEON.LTR.UNDE038400.20160912.FLR","NEON.DOC.001710vE","Flowers",0.005,"N","","hE8YqXO7sNiNpTQ8TwLBTEwXi3KL/fpp"
"c5e72ce7-32fc-42ab-9abe-70425d18c562","UNDE_060.basePlot.ltr","D05","UNDE","UNDE_060","UNDE_060_010","2016-09-19","2016-05-09","2016-09-12","2016-09-13T23:00Z","2016-09-19T15:00Z","NEON.LTR.UNDE060010.20160912","NEON.LTR.UNDE060010.20160912.WDY","NEON.DOC.001710vE","Woody material",0.005,"N","","hE8YqXO7sNiNpTQ8TwLBTEwXi3KL/fpp"
"48db1b87-ca18-418d-b01c-9c8f02643aee","UNDE_060.basePlot.ltr","D05","UNDE","UNDE_060","UNDE_060_010","2016-09-19","2016-05-09","2016-09-12","2016-09-13T23:00Z","2016-09-19T15:00Z","NEON.LTR.UNDE060010.20160912","NEON.LTR.UNDE060010.20160912.LVS","NEON.DOC.001710vE","Leaves",18.36,"N","","hE8YqXO7sNiNpTQ8TwLBTEwXi3KL/fpp"
"0105cd24-d38f-43fa-b8cc-7ad045412e3b","UNDE_060.basePlot.ltr","D05","UNDE","UNDE_060","UNDE_060_010","2016-09-19","2016-05-09","2016-09-12","2016-09-13T23:00Z","2016-09-19T15:00Z","NEON.LTR.UNDE060010.20160912","NEON.LTR.UNDE060010.20160912.SDS","NEON.DOC.001710vE","Seeds",0.03,"N","","hE8YqXO7sNiNpTQ8TwLBTEwXi3KL/fpp"
"3a4ac29b-f493-4499-976a-bcab2a5a86b5","UNDE_060.basePlot.ltr","D05","UNDE","UNDE_060","UNDE_060_010","2016-09-19","2016-05-09","2016-09-12","2016-09-13T23:00Z","2016-09-19T15:00Z","NEON.LTR.UNDE060010.20160912","NEON.LTR.UNDE060010.20160912.NDL","NEON.DOC.001710vE","Needles",1.39,"N","","hE8YqXO7sNiNpTQ8TwLBTEwXi3KL/fpp"
"142c174b-1dd5-4bbf-a6e7-4963dd488ec1","UNDE_060.basePlot.ltr","D05","UNDE","UNDE_060","UNDE_060_010","2016-09-19","2016-05-09","2016-09-12","2016-09-13T23:00Z","2016-09-19T15:00Z","NEON.LTR.UNDE060010.20160912","NEON.LTR.UNDE060010.20160912.TWI","NEON.DOC.001710vE","Twigs/branches",2.88,"Y","","hE8YqXO7sNiNpTQ8TwLBTEwXi3KL/fpp"
"2efb3c88-45be-456a-8cea-de425865819c","UNDE_060.basePlot.ltr","D05","UNDE","UNDE_060","UNDE_060_010","2016-09-19","2016-05-09","2016-09-12","2016-09-13T23:00Z","2016-09-19T15:00Z","NEON.LTR.UNDE060010.20160912","NEON.LTR.UNDE060010.20160912.NDL","NEON.DOC.001710vE","Needles",1.38,"Y","","hE8YqXO7sNiNpTQ8TwLBTEwXi3KL/fpp"
"914e21b5-5d8d-4bac-88b3-2fa5b17e8d86","UNDE_060.basePlot.ltr","D05","UNDE","UNDE_060","UNDE_060_010","2016-09-19","2016-05-09","2016-09-12","2016-09-13T23:00Z","2016-09-19T15:00Z","NEON.LTR.UNDE060010.20160912","NEON.LTR.UNDE060010.20160912.OTH","NEON.DOC.001710vE","Other",6.73,"N","","hE8YqXO7sNiNpTQ8TwLBTEwXi3KL/fpp"
"5f3f5b85-863f-41de-b937-7e6f5e623892","UNDE_060.basePlot.ltr","D05","UNDE","UNDE_060","UNDE_060_010","2016-09-19","2016-05-09","2016-09-12","2016-09-13T23:00Z","2016-09-19T15:00Z","NEON.LTR.UNDE060010.20160912","NEON.LTR.UNDE060010.20160912.TWI","NEON.DOC.001710vE","Twigs/branches",2.88,"N","","hE8YqXO7sNiNpTQ8TwLBTEwXi3KL/fpp"
"41c8768d-ab81-4494-9555-80442e4502aa","UNDE_060.basePlot.ltr","D05","UNDE","UNDE_060","UNDE_060_010","2016-09-19","2016-05-09","2016-09-12","2016-09-13T23:00Z","2016-09-19T15:00Z","NEON.LTR.UNDE060010.20160912","NEON.LTR.UNDE060010.20160912.FLR","NEON.DOC.001710vE","Flowers",0.22,"N","","hE8YqXO7sNiNpTQ8TwLBTEwXi3KL/fpp"
"d12e7d93-52bc-4630-9489-dceb2f5889df","UNDE_037.basePlot.ltr","D05","UNDE","UNDE_037","UNDE_037_713","2016-09-19","2016-05-09","2016-09-12","2016-09-13T23:00Z","2016-09-19T15:00Z","NEON.LTR.UNDE037713.20160912","NEON.LTR.UNDE037713.20160912.SDS","NEON.DOC.001710vE","Seeds",3.2,"N","","hE8YqXO7sNiNpTQ8TwLBTEwXi3KL/fpp"
"da456698-b2ca-440e-b7e0-9d9c7a02b8e2","UNDE_037.basePlot.ltr","D05","UNDE","UNDE_037","UNDE_037_713","2016-09-19","2016-05-09","2016-09-12","2016-09-13T23:00Z","2016-09-19T15:00Z","NEON.LTR.UNDE037713.20160912","NEON.LTR.UNDE037713.20160912.LVS","NEON.DOC.001710vE","Leaves",2.38,"N","","hE8YqXO7sNiNpTQ8TwLBTEwXi3KL/fpp"
"ac52a441-0540-44b0-b3eb-5684836c8c8f","UNDE_037.basePlot.ltr","D05","UNDE","UNDE_037","UNDE_037_713","2016-09-19","2016-05-09","2016-09-12","2016-09-13T23:00Z","2016-09-19T15:00Z","NEON.LTR.UNDE037713.20160912","NEON.LTR.UNDE037713.20160912.LVS","NEON.DOC.001710vE","Leaves",2.38,"Y","","hE8YqXO7sNiNpTQ8TwLBTEwXi3KL/fpp"
"e62989f6-4fbd-4224-b2a1-e449208c1cf4","UNDE_037.basePlot.ltr","D05","UNDE","UNDE_037","UNDE_037_713","2016-09-19","2016-05-09","2016-09-12","2016-09-13T23:00Z","2016-09-19T15:00Z","NEON.LTR.UNDE037713.20160912","NEON.LTR.UNDE037713.20160912.OTH","NEON.DOC.001710vE","Other",0.01,"N","","hE8YqXO7sNiNpTQ8TwLBTEwXi3KL/fpp"
"487e6866-c095-4769-9b2f-22250a87f861","UNDE_048.basePlot.ltr","D05","UNDE","UNDE_048","UNDE_048_672","2016-09-19","2016-05-09","2016-09-12","2016-09-13T23:00Z","2016-09-19T15:00Z","NEON.LTR.UNDE048672.20160912","NEON.LTR.UNDE048672.20160912.WDY","NEON.DOC.001710vE","Woody material",0.16,"N","","hE8YqXO7sNiNpTQ8TwLBTEwXi3KL/fpp"
"82b3558b-50c8-4a27-8f48-b185f77ed4f9","UNDE_048.basePlot.ltr","D05","UNDE","UNDE_048","UNDE_048_672","2016-09-19","2016-05-09","2016-09-12","2016-09-13T23:00Z","2016-09-19T15:00Z","NEON.LTR.UNDE048672.20160912","NEON.LTR.UNDE048672.20160912.SDS","NEON.DOC.001710vE","Seeds",0.94,"N","","hE8YqXO7sNiNpTQ8TwLBTEwXi3KL/fpp"
"d6c6977d-5387-4386-9a00-4a7385db0ae4","UNDE_048.basePlot.ltr","D05","UNDE","UNDE_048","UNDE_048_672","2016-09-19","2016-05-09","2016-09-12","2016-09-13T23:00Z","2016-09-19T15:00Z","NEON.LTR.UNDE048672.20160912","NEON.LTR.UNDE048672.20160912.TWI","NEON.DOC.001710vE","Twigs/branches",1.51,"N","","hE8YqXO7sNiNpTQ8TwLBTEwXi3KL/fpp"
"52a43707-46e3-4ec4-8e1a-7fc60f33e0c3","UNDE_048.basePlot.ltr","D05","UNDE","UNDE_048","UNDE_048_672","2016-09-19","2016-05-09","2016-09-12","2016-09-13T23:00Z","2016-09-19T15:00Z","NEON.LTR.UNDE048672.20160912","NEON.LTR.UNDE048672.20160912.SDS","NEON.DOC.001710vE","Seeds",0.93,"Y","","hE8YqXO7sNiNpTQ8TwLBTEwXi3KL/fpp"
"33fe9b55-4a10-4b6d-8d2c-2eec77f5e560","UNDE_048.basePlot.ltr","D05","UNDE","UNDE_048","UNDE_048_672","2016-09-19","2016-05-09","2016-09-12","2016-09-13T23:00Z","2016-09-19T15:00Z","NEON.LTR.UNDE048672.20160912","NEON.LTR.UNDE048672.20160912.FLR","NEON.DOC.001710vE","Flowers",0.3,"N","","hE8YqXO7sNiNpTQ8TwLBTEwXi3KL/fpp"
"18e463f8-50fe-4292-8eec-2c563d436709","UNDE_048.basePlot.ltr","D05","UNDE","UNDE_048","UNDE_048_672","2016-09-19","2016-05-09","2016-09-12","2016-09-13T23:00Z","2016-09-19T15:00Z","NEON.LTR.UNDE048672.20160912","NEON.LTR.UNDE048672.20160912.LVS","NEON.DOC.001710vE","Leaves",2.03,"N","","hE8YqXO7sNiNpTQ8TwLBTEwXi3KL/fpp"
"96cb569d-ec4a-4322-bb53-b396bf7ced0f","UNDE_048.basePlot.ltr","D05","UNDE","UNDE_048","UNDE_048_672","2016-09-19","2016-05-09","2016-09-12","2016-09-13T23:00Z","2016-09-19T15:00Z","NEON.LTR.UNDE048672.20160912","NEON.LTR.UNDE048672.20160912.OTH","NEON.DOC.001710vE","Other",0,"N","","hE8YqXO7sNiNpTQ8TwLBTEwXi3KL/fpp"
"49701c26-b1f5-4ec2-aa71-a8a5f9bcb574","UNDE_048.basePlot.ltr","D05","UNDE","UNDE_048","UNDE_048_672","2016-09-19","2016-05-09","2016-09-12","2016-09-13T23:00Z","2016-09-19T15:00Z","NEON.LTR.UNDE048672.20160912","NEON.LTR.UNDE048672.20160912.NDL","NEON.DOC.001710vE","Needles",7.6,"N","","hE8YqXO7sNiNpTQ8TwLBTEwXi3KL/fpp"
"b5d3ff1d-c8f9-46f0-bb29-db90dc4bef17","UNDE_078.basePlot.ltr","D05","UNDE","UNDE_078","UNDE_078_632","2016-09-19","2016-05-09","2016-09-12","2016-09-13T23:00Z","2016-09-19T15:00Z","NEON.LTR.UNDE078632.20160912","NEON.LTR.UNDE078632.20160912.WDY","NEON.DOC.001710vE","Woody material",0.52,"N","","hE8YqXO7sNiNpTQ8TwLBTEwXi3KL/fpp"
"b673518a-1785-4660-a715-1807e966a687","UNDE_078.basePlot.ltr","D05","UNDE","UNDE_078","UNDE_078_632","2016-09-19","2016-05-09","2016-09-12","2016-09-13T23:00Z","2016-09-19T15:00Z","NEON.LTR.UNDE078632.20160912","NEON.LTR.UNDE078632.20160912.WDY","NEON.DOC.001710vE","Woody material",0.5,"N","","hE8YqXO7sNiNpTQ8TwLBTEwXi3KL/fpp"
"45dd2208-70c7-4511-9e97-5caf238b6e5d","UNDE_078.basePlot.ltr","D05","UNDE","UNDE_078","UNDE_078_632","2016-09-19","2016-05-09","2016-09-12","2016-09-13T23:00Z","2016-09-19T15:00Z","NEON.LTR.UNDE078632.20160912","NEON.LTR.UNDE078632.20160912.FLR","NEON.DOC.001710vE","Flowers",0.56,"N","","hE8YqXO7sNiNpTQ8TwLBTEwXi3KL/fpp"
"71421f6f-8edf-4b23-9a3d-05d8c0081183","UNDE_078.basePlot.ltr","D05","UNDE","UNDE_078","UNDE_078_632","2016-09-19","2016-05-09","2016-09-12","2016-09-13T23:00Z","2016-09-19T15:00Z","NEON.LTR.UNDE078632.20160912","NEON.LTR.UNDE078632.20160912.OTH","NEON.DOC.001710vE","Other",9.35,"N","","hE8YqXO7sNiNpTQ8TwLBTEwXi3KL/fpp"
"11dbff00-d5de-4360-9152-56cc0c4d7d49","UNDE_078.basePlot.ltr","D05","UNDE","UNDE_078","UNDE_078_632","2016-09-19","2016-05-09","2016-09-12","2016-09-13T23:00Z","2016-09-19T15:00Z","NEON.LTR.UNDE078632.20160912","NEON.LTR.UNDE078632.20160912.SDS","NEON.DOC.001710vE","Seeds",1.45,"N","","hE8YqXO7sNiNpTQ8TwLBTEwXi3KL/fpp"
"dd00a8c9-ed38-44b2-b67d-e5593bf407e9","UNDE_078.basePlot.ltr","D05","UNDE","UNDE_078","UNDE_078_632","2016-09-19","2016-05-09","2016-09-12","2016-09-13T23:00Z","2016-09-19T15:00Z","NEON.LTR.UNDE078632.20160912","NEON.LTR.UNDE078632.20160912.NDL","NEON.DOC.001710vE","Needles",1.03,"N","","hE8YqXO7sNiNpTQ8TwLBTEwXi3KL/fpp"
"ba559e17-e6e5-47dd-b7ee-dcc150331ff9","UNDE_078.basePlot.ltr","D05","UNDE","UNDE_078","UNDE_078_632","2016-09-19","2016-05-09","2016-09-12","2016-09-13T23:00Z","2016-09-19T15:00Z","NEON.LTR.UNDE078632.20160912","NEON.LTR.UNDE078632.20160912.TWI","NEON.DOC.001710vE","Twigs/branches",1.26,"N","","hE8YqXO7sNiNpTQ8TwLBTEwXi3KL/fpp"
"eb96bb6e-54b0-49ba-ad91-eff737730234","UNDE_078.basePlot.ltr","D05","UNDE","UNDE_078","UNDE_078_632","2016-09-19","2016-05-09","2016-09-12","2016-09-13T23:00Z","2016-09-19T15:00Z","NEON.LTR.UNDE078632.20160912","NEON.LTR.UNDE078632.20160912.LVS","NEON.DOC.001710vE","Leaves",14.07,"N","","hE8YqXO7sNiNpTQ8TwLBTEwXi3KL/fpp"
"65c98e03-0f5b-4e25-8bb1-9ff6edb28d16","UNDE_044.basePlot.ltr","D05","UNDE","UNDE_044","UNDE_044_085","2016-09-19","2016-05-09","2016-09-12","2016-09-13T23:00Z","2016-09-19T15:00Z","NEON.LTR.UNDE044085.20160912","NEON.LTR.UNDE044085.20160912.FLR","NEON.DOC.001710vE","Flowers",0,"N","","hE8YqXO7sNiNpTQ8TwLBTEwXi3KL/fpp"
"eeeca497-354b-4dbe-9a3f-1283cffa49e3","UNDE_044.basePlot.ltr","D05","UNDE","UNDE_044","UNDE_044_085","2016-09-19","2016-05-09","2016-09-12","2016-09-13T23:00Z","2016-09-19T15:00Z","NEON.LTR.UNDE044085.20160912","NEON.LTR.UNDE044085.20160912.TWI","NEON.DOC.001710vE","Twigs/branches",19.3,"N","","hE8YqXO7sNiNpTQ8TwLBTEwXi3KL/fpp"
"10f0397b-d71a-40e7-9e7c-cfc4eb8ac77f","UNDE_044.basePlot.ltr","D05","UNDE","UNDE_044","UNDE_044_085","2016-09-19","2016-05-09","2016-09-12","2016-09-13T23:00Z","2016-09-19T15:00Z","NEON.LTR.UNDE044085.20160912","NEON.LTR.UNDE044085.20160912.LVS","NEON.DOC.001710vE","Leaves",3.11,"N","","hE8YqXO7sNiNpTQ8TwLBTEwXi3KL/fpp"
"2d5e8803-9de7-4c87-b5b1-2585d02d1b80","UNDE_044.basePlot.ltr","D05","UNDE","UNDE_044","UNDE_044_085","2016-09-19","2016-05-09","2016-09-12","2016-09-13T23:00Z","2016-09-19T15:00Z","NEON.LTR.UNDE044085.20160912","NEON.LTR.UNDE044085.20160912.NDL","NEON.DOC.001710vE","Needles",0.98,"N","","hE8YqXO7sNiNpTQ8TwLBTEwXi3KL/fpp"
"6b0a5773-0e90-4154-8a7e-84417aaca153","UNDE_044.basePlot.ltr","D05","UNDE","UNDE_044","UNDE_044_085","2016-09-19","2016-05-09","2016-09-12","2016-09-13T23:00Z","2016-09-19T15:00Z","NEON.LTR.UNDE044085.20160912","NEON.LTR.UNDE044085.20160912.WDY","NEON.DOC.001710vE","Woody material",0.79,"N","","hE8YqXO7sNiNpTQ8TwLBTEwXi3KL/fpp"
"5ccb8cf4-8161-4927-8938-c1c651c838ff","UNDE_044.basePlot.ltr","D05","UNDE","UNDE_044","UNDE_044_085","2016-09-19","2016-05-09","2016-09-12","2016-09-13T23:00Z","2016-09-19T15:00Z","NEON.LTR.UNDE044085.20160912","NEON.LTR.UNDE044085.20160912.SDS","NEON.DOC.001710vE","Seeds",46,"N","","hE8YqXO7sNiNpTQ8TwLBTEwXi3KL/fpp"
"ec218ae8-0e66-4329-a35e-7fc42194e122","UNDE_058.basePlot.ltr","D05","UNDE","UNDE_058","UNDE_058_300","2016-09-19","2016-05-09","2016-09-12","2016-09-13T23:00Z","2016-09-19T15:00Z","NEON.LTR.UNDE058300.20160912","NEON.LTR.UNDE058300.20160912.LVS","NEON.DOC.001710vE","Leaves",3.99,"N","","hE8YqXO7sNiNpTQ8TwLBTEwXi3KL/fpp"
"ad048486-e99a-4be1-b402-29fac112f161","UNDE_044.basePlot.ltr","D05","UNDE","UNDE_044","UNDE_044_085","2016-09-19","2016-05-09","2016-09-12","2016-09-13T23:00Z","2016-09-19T15:00Z","NEON.LTR.UNDE044085.20160912","NEON.LTR.UNDE044085.20160912.OTH","NEON.DOC.001710vE","Other",9.88,"N","","hE8YqXO7sNiNpTQ8TwLBTEwXi3KL/fpp"
"e133b149-69bd-4fd0-85db-d47dc4725d12","UNDE_058.basePlot.ltr","D05","UNDE","UNDE_058","UNDE_058_300","2016-09-19","2016-05-09","2016-09-12","2016-09-13T23:00Z","2016-09-19T15:00Z","NEON.LTR.UNDE058300.20160912","NEON.LTR.UNDE058300.20160912.TWI","NEON.DOC.001710vE","Twigs/branches",0.89,"N","","hE8YqXO7sNiNpTQ8TwLBTEwXi3KL/fpp"
"33925f40-f89e-4cec-838b-c25e652f5fcc","UNDE_058.basePlot.ltr","D05","UNDE","UNDE_058","UNDE_058_300","2016-09-19","2016-05-09","2016-09-12","2016-09-13T23:00Z","2016-09-19T15:00Z","NEON.LTR.UNDE058300.20160912","NEON.LTR.UNDE058300.20160912.NDL","NEON.DOC.001710vE","Needles",0,"N","","hE8YqXO7sNiNpTQ8TwLBTEwXi3KL/fpp"
"ad481805-504d-43ba-9358-b3e49176862c","UNDE_058.basePlot.ltr","D05","UNDE","UNDE_058","UNDE_058_300","2016-09-19","2016-05-09","2016-09-12","2016-09-13T23:00Z","2016-09-19T15:00Z","NEON.LTR.UNDE058300.20160912","NEON.LTR.UNDE058300.20160912.WDY","NEON.DOC.001710vE","Woody material",1.12,"N","","hE8YqXO7sNiNpTQ8TwLBTEwXi3KL/fpp"
"4ed2c34b-00ac-4bb2-bbe0-4bd9ee92ed90","UNDE_058.basePlot.ltr","D05","UNDE","UNDE_058","UNDE_058_300","2016-09-19","2016-05-09","2016-09-12","2016-09-13T23:00Z","2016-09-19T15:00Z","NEON.LTR.UNDE058300.20160912","NEON.LTR.UNDE058300.20160912.OTH","NEON.DOC.001710vE","Other",5.05,"Y","","hE8YqXO7sNiNpTQ8TwLBTEwXi3KL/fpp"
"175eb528-363c-4c91-888b-e2ba9297ce81","UNDE_058.basePlot.ltr","D05","UNDE","UNDE_058","UNDE_058_300","2016-09-19","2016-05-09","2016-09-12","2016-09-13T23:00Z","2016-09-19T15:00Z","NEON.LTR.UNDE058300.20160912","NEON.LTR.UNDE058300.20160912.SDS","NEON.DOC.001710vE","Seeds",0.005,"N","","hE8YqXO7sNiNpTQ8TwLBTEwXi3KL/fpp"
"b6ec4966-3f15-46cd-bb32-4250dc6e4ae0","UNDE_058.basePlot.ltr","D05","UNDE","UNDE_058","UNDE_058_300","2016-09-19","2016-05-09","2016-09-12","2016-09-13T23:00Z","2016-09-19T15:00Z","NEON.LTR.UNDE058300.20160912","NEON.LTR.UNDE058300.20160912.FLR","NEON.DOC.001710vE","Flowers",0,"N","","hE8YqXO7sNiNpTQ8TwLBTEwXi3KL/fpp"
"28f3f909-5549-48ed-8c06-08f854a01908","UNDE_043.basePlot.ltr","D05","UNDE","UNDE_043","UNDE_043_315","2016-09-19","2016-05-09","2016-09-12","2016-09-13T23:00Z","2016-09-19T15:00Z","NEON.LTR.UNDE043315.20160912","NEON.LTR.UNDE043315.20160912.LVS","NEON.DOC.001710vE","Leaves",6.47,"N","","hE8YqXO7sNiNpTQ8TwLBTEwXi3KL/fpp"
"afffb921-9525-4d29-a708-28a61a8ec4f3","UNDE_043.basePlot.ltr","D05","UNDE","UNDE_043","UNDE_043_315","2016-09-19","2016-05-09","2016-09-12","2016-09-13T23:00Z","2016-09-19T15:00Z","NEON.LTR.UNDE043315.20160912","NEON.LTR.UNDE043315.20160912.TWI","NEON.DOC.001710vE","Twigs/branches",5.24,"N","","hE8YqXO7sNiNpTQ8TwLBTEwXi3KL/fpp"
"0438f43b-7048-4f91-9548-37bf67a79ad8","UNDE_058.basePlot.ltr","D05","UNDE","UNDE_058","UNDE_058_300","2016-09-19","2016-05-09","2016-09-12","2016-09-13T23:00Z","2016-09-19T15:00Z","NEON.LTR.UNDE058300.20160912","NEON.LTR.UNDE058300.20160912.OTH","NEON.DOC.001710vE","Other",5.07,"N","","hE8YqXO7sNiNpTQ8TwLBTEwXi3KL/fpp"
"6e95d343-9af4-4f07-9f4d-52b050b9489d","UNDE_043.basePlot.ltr","D05","UNDE","UNDE_043","UNDE_043_315","2016-09-19","2016-05-09","2016-09-12","2016-09-13T23:00Z","2016-09-19T15:00Z","NEON.LTR.UNDE043315.20160912","NEON.LTR.UNDE043315.20160912.SDS","NEON.DOC.001710vE","Seeds",0.29,"N","","hE8YqXO7sNiNpTQ8TwLBTEwXi3KL/fpp"
"6ba3bbc1-dd47-4ee8-b0b1-73bb578b32fc","UNDE_043.basePlot.ltr","D05","UNDE","UNDE_043","UNDE_043_315","2016-09-19","2016-05-09","2016-09-12","2016-09-13T23:00Z","2016-09-19T15:00Z","NEON.LTR.UNDE043315.20160912","NEON.LTR.UNDE043315.20160912.WDY","NEON.DOC.001710vE","Woody material",0.18,"N","","hE8YqXO7sNiNpTQ8TwLBTEwXi3KL/fpp"
"e25b38e5-0ee0-41d0-b977-0c3a84960cbc","UNDE_043.basePlot.ltr","D05","UNDE","UNDE_043","UNDE_043_315","2016-09-19","2016-05-09","2016-09-12","2016-09-13T23:00Z","2016-09-19T15:00Z","NEON.LTR.UNDE043315.20160912","NEON.LTR.UNDE043315.20160912.FLR","NEON.DOC.001710vE","Flowers",0,"N","","hE8YqXO7sNiNpTQ8TwLBTEwXi3KL/fpp"
"e909f128-6a87-4892-b0df-089e8c41b83b","UNDE_043.basePlot.ltr","D05","UNDE","UNDE_043","UNDE_043_315","2016-09-19","2016-05-09","2016-09-12","2016-09-13T23:00Z","2016-09-19T15:00Z","NEON.LTR.UNDE043315.20160912","NEON.LTR.UNDE043315.20160912.NDL","NEON.DOC.001710vE","Needles",0,"N","","hE8YqXO7sNiNpTQ8TwLBTEwXi3KL/fpp"
"33ec7fde-135c-4fab-916f-959491db1850","UNDE_043.basePlot.ltr","D05","UNDE","UNDE_043","UNDE_043_315","2016-09-19","2016-05-09","2016-09-12","2016-09-13T23:00Z","2016-09-19T15:00Z","NEON.LTR.UNDE043315.20160912","NEON.LTR.UNDE043315.20160912.OTH","NEON.DOC.001710vE","Other",5.01,"N","","hE8YqXO7sNiNpTQ8TwLBTEwXi3KL/fpp"
"a9cecaf9-fc23-439f-8d41-05b421ad7a1a","UNDE_052.basePlot.ltr","D05","UNDE","UNDE_052","UNDE_052_111","2016-09-19","2016-05-09","2016-09-12","2016-09-13T23:00Z","2016-09-19T15:00Z","NEON.LTR.UNDE052111.20160912","NEON.LTR.UNDE052111.20160912.NDL","NEON.DOC.001710vE","Needles",0.17,"N","","hE8YqXO7sNiNpTQ8TwLBTEwXi3KL/fpp"
"5f993ea0-84b9-4673-b4bb-e64f1ef6dd53","UNDE_052.basePlot.ltr","D05","UNDE","UNDE_052","UNDE_052_111","2016-09-19","2016-05-09","2016-09-12","2016-09-13T23:00Z","2016-09-19T15:00Z","NEON.LTR.UNDE052111.20160912","NEON.LTR.UNDE052111.20160912.OTH","NEON.DOC.001710vE","Other",3.47,"N","","hE8YqXO7sNiNpTQ8TwLBTEwXi3KL/fpp"
"6fafa508-9d05-47d8-886e-5048915dfbda","UNDE_052.basePlot.ltr","D05","UNDE","UNDE_052","UNDE_052_111","2016-09-19","2016-05-09","2016-09-12","2016-09-13T23:00Z","2016-09-19T15:00Z","NEON.LTR.UNDE052111.20160912","NEON.LTR.UNDE052111.20160912.SDS","NEON.DOC.001710vE","Seeds",0.09,"N","","hE8YqXO7sNiNpTQ8TwLBTEwXi3KL/fpp"
"8a9b820b-5793-4b41-892a-43d4f88e3952","UNDE_052.basePlot.ltr","D05","UNDE","UNDE_052","UNDE_052_111","2016-09-19","2016-05-09","2016-09-12","2016-09-13T23:00Z","2016-09-19T15:00Z","NEON.LTR.UNDE052111.20160912","NEON.LTR.UNDE052111.20160912.LVS","NEON.DOC.001710vE","Leaves",23.1,"N","","hE8YqXO7sNiNpTQ8TwLBTEwXi3KL/fpp"
"25b7210e-e3ea-4d7a-9e7a-37e9f67fb0c3","UNDE_052.basePlot.ltr","D05","UNDE","UNDE_052","UNDE_052_111","2016-09-19","2016-05-09","2016-09-12","2016-09-13T23:00Z","2016-09-19T15:00Z","NEON.LTR.UNDE052111.20160912","NEON.LTR.UNDE052111.20160912.OTH","NEON.DOC.001710vE","Other",3.45,"Y","","hE8YqXO7sNiNpTQ8TwLBTEwXi3KL/fpp"
"a0d615e8-1237-4d51-848b-f01882714064","UNDE_052.basePlot.ltr","D05","UNDE","UNDE_052","UNDE_052_111","2016-09-19","2016-05-09","2016-09-12","2016-09-13T23:00Z","2016-09-19T15:00Z","NEON.LTR.UNDE052111.20160912","NEON.LTR.UNDE052111.20160912.FLR","NEON.DOC.001710vE","Flowers",0,"N","","hE8YqXO7sNiNpTQ8TwLBTEwXi3KL/fpp"
"a6ec1736-77ea-4df0-92e8-9ec9379e4010","UNDE_052.basePlot.ltr","D05","UNDE","UNDE_052","UNDE_052_111","2016-09-19","2016-05-09","2016-09-12","2016-09-13T23:00Z","2016-09-19T15:00Z","NEON.LTR.UNDE052111.20160912","NEON.LTR.UNDE052111.20160912.TWI","NEON.DOC.001710vE","Twigs/branches",0.82,"N","","hE8YqXO7sNiNpTQ8TwLBTEwXi3KL/fpp"
"77edf8ad-7769-42a2-a5c2-41fae6afab1c","UNDE_061.basePlot.ltr","D05","UNDE","UNDE_061","UNDE_061_828","2016-09-19","2016-05-09","2016-09-12","2016-09-13T23:00Z","2016-09-19T15:00Z","NEON.LTR.UNDE061828.20160912","NEON.LTR.UNDE061828.20160912.OTH","NEON.DOC.001710vE","Other",3.87,"N","","hE8YqXO7sNiNpTQ8TwLBTEwXi3KL/fpp"
"1299f0de-9212-4ecf-bc52-ebcd7d38d95f","UNDE_061.basePlot.ltr","D05","UNDE","UNDE_061","UNDE_061_828","2016-09-19","2016-05-09","2016-09-12","2016-09-13T23:00Z","2016-09-19T15:00Z","NEON.LTR.UNDE061828.20160912","NEON.LTR.UNDE061828.20160912.TWI","NEON.DOC.001710vE","Twigs/branches",3.95,"N","","hE8YqXO7sNiNpTQ8TwLBTEwXi3KL/fpp"
"d249243f-e7cd-4261-844f-2ebff0547ebe","UNDE_052.basePlot.ltr","D05","UNDE","UNDE_052","UNDE_052_111","2016-09-19","2016-05-09","2016-09-12","2016-09-13T23:00Z","2016-09-19T15:00Z","NEON.LTR.UNDE052111.20160912","NEON.LTR.UNDE052111.20160912.WDY","NEON.DOC.001710vE","Woody material",0.11,"N","","hE8YqXO7sNiNpTQ8TwLBTEwXi3KL/fpp"
"466af28d-68ad-44d6-9e7a-87eabd6b3545","UNDE_061.basePlot.ltr","D05","UNDE","UNDE_061","UNDE_061_828","2016-09-19","2016-05-09","2016-09-12","2016-09-13T23:00Z","2016-09-19T15:00Z","NEON.LTR.UNDE061828.20160912","NEON.LTR.UNDE061828.20160912.WDY","NEON.DOC.001710vE","Woody material",2.25,"N","","hE8YqXO7sNiNpTQ8TwLBTEwXi3KL/fpp"
"daeed34a-7c5b-444a-ac74-13a19d91ad90","UNDE_061.basePlot.ltr","D05","UNDE","UNDE_061","UNDE_061_828","2016-09-19","2016-05-09","2016-09-12","2016-09-13T23:00Z","2016-09-19T15:00Z","NEON.LTR.UNDE061828.20160912","NEON.LTR.UNDE061828.20160912.LVS","NEON.DOC.001710vE","Leaves",5.87,"N","","hE8YqXO7sNiNpTQ8TwLBTEwXi3KL/fpp"
"b672bb70-d1f6-4e8d-99cd-4e4975817b94","UNDE_061.basePlot.ltr","D05","UNDE","UNDE_061","UNDE_061_828","2016-09-19","2016-05-09","2016-09-12","2016-09-13T23:00Z","2016-09-19T15:00Z","NEON.LTR.UNDE061828.20160912","NEON.LTR.UNDE061828.20160912.SDS","NEON.DOC.001710vE","Seeds",0.005,"N","","hE8YqXO7sNiNpTQ8TwLBTEwXi3KL/fpp"
"f72866ae-e69f-4943-bb0f-1bfe740d1326","UNDE_061.basePlot.ltr","D05","UNDE","UNDE_061","UNDE_061_828","2016-09-19","2016-05-09","2016-09-12","2016-09-13T23:00Z","2016-09-19T15:00Z","NEON.LTR.UNDE061828.20160912","NEON.LTR.UNDE061828.20160912.NDL","NEON.DOC.001710vE","Needles",0.24,"N","","hE8YqXO7sNiNpTQ8TwLBTEwXi3KL/fpp"
"3d21d6ca-5d9e-4665-bbe1-0921843064e4","UNDE_061.basePlot.ltr","D05","UNDE","UNDE_061","UNDE_061_828","2016-09-19","2016-05-09","2016-09-12","2016-09-13T23:00Z","2016-09-19T15:00Z","NEON.LTR.UNDE061828.20160912","NEON.LTR.UNDE061828.20160912.FLR","NEON.DOC.001710vE","Flowers",0,"N","","hE8YqXO7sNiNpTQ8TwLBTEwXi3KL/fpp"
"14033035-d7a6-4c32-82f0-97aa19e4d4d8","UNDE_058.basePlot.ltr","D05","UNDE","UNDE_058","UNDE_058_828","2016-09-19","2016-05-09","2016-09-12","2016-09-13T23:00Z","2016-09-19T15:00Z","NEON.LTR.UNDE058828.20160912","NEON.LTR.UNDE058828.20160912.WDY","NEON.DOC.001710vE","Woody material",5.35,"N","","hE8YqXO7sNiNpTQ8TwLBTEwXi3KL/fpp"
"39117a0d-5bdc-49bd-8078-c769d80fb841","UNDE_058.basePlot.ltr","D05","UNDE","UNDE_058","UNDE_058_828","2016-09-19","2016-05-09","2016-09-12","2016-09-13T23:00Z","2016-09-19T15:00Z","NEON.LTR.UNDE058828.20160912","NEON.LTR.UNDE058828.20160912.OTH","NEON.DOC.001710vE","Other",6.56,"N","","hE8YqXO7sNiNpTQ8TwLBTEwXi3KL/fpp"
"f28e9696-e677-4092-93a1-ac6c8aca9c27","UNDE_058.basePlot.ltr","D05","UNDE","UNDE_058","UNDE_058_828","2016-09-19","2016-05-09","2016-09-12","2016-09-13T23:00Z","2016-09-19T15:00Z","NEON.LTR.UNDE058828.20160912","NEON.LTR.UNDE058828.20160912.FLR","NEON.DOC.001710vE","Flowers",0,"N","","hE8YqXO7sNiNpTQ8TwLBTEwXi3KL/fpp"
"09d74acf-a5ec-405c-ad4f-9e6a53a7eb4b","UNDE_058.basePlot.ltr","D05","UNDE","UNDE_058","UNDE_058_828","2016-09-19","2016-05-09","2016-09-12","2016-09-13T23:00Z","2016-09-19T15:00Z","NEON.LTR.UNDE058828.20160912","NEON.LTR.UNDE058828.20160912.LVS","NEON.DOC.001710vE","Leaves",5.18,"N","","hE8YqXO7sNiNpTQ8TwLBTEwXi3KL/fpp"
"020f8724-5ab4-44e7-8de3-27e90284c847","UNDE_058.basePlot.ltr","D05","UNDE","UNDE_058","UNDE_058_828","2016-09-19","2016-05-09","2016-09-12","2016-09-13T23:00Z","2016-09-19T15:00Z","NEON.LTR.UNDE058828.20160912","NEON.LTR.UNDE058828.20160912.OTH","NEON.DOC.001710vE","Other",6.58,"N","","hE8YqXO7sNiNpTQ8TwLBTEwXi3KL/fpp"
"29da7ea8-9d22-440d-a113-e900151633c7","UNDE_058.basePlot.ltr","D05","UNDE","UNDE_058","UNDE_058_828","2016-09-19","2016-05-09","2016-09-12","2016-09-13T23:00Z","2016-09-19T15:00Z","NEON.LTR.UNDE058828.20160912","NEON.LTR.UNDE058828.20160912.NDL","NEON.DOC.001710vE","Needles",0,"N","","hE8YqXO7sNiNpTQ8TwLBTEwXi3KL/fpp"
"f1e68157-3eea-49c4-9a1f-24efa4aabf2e","UNDE_058.basePlot.ltr","D05","UNDE","UNDE_058","UNDE_058_828","2016-09-19","2016-05-09","2016-09-12","2016-09-13T23:00Z","2016-09-19T15:00Z","NEON.LTR.UNDE058828.20160912","NEON.LTR.UNDE058828.20160912.SDS","NEON.DOC.001710vE","Seeds",0.21,"N","","hE8YqXO7sNiNpTQ8TwLBTEwXi3KL/fpp"
"f69284b7-f4fc-47b8-a999-8afd3d1642ed","UNDE_058.basePlot.ltr","D05","UNDE","UNDE_058","UNDE_058_828","2016-09-19","2016-05-09","2016-09-12","2016-09-13T23:00Z","2016-09-19T15:00Z","NEON.LTR.UNDE058828.20160912","NEON.LTR.UNDE058828.20160912.TWI","NEON.DOC.001710vE","Twigs/branches",8.16,"N","","hE8YqXO7sNiNpTQ8TwLBTEwXi3KL/fpp"
"1df672d1-2039-49fe-93ae-bba1a084aa66","UNDE_054.basePlot.ltr","D05","UNDE","UNDE_054","UNDE_054_436","2016-09-19","2016-05-09","2016-09-12","2016-09-13T23:00Z","2016-09-19T15:00Z","NEON.LTR.UNDE054436.20160912","NEON.LTR.UNDE054436.20160912.NDL","NEON.DOC.001710vE","Needles",0,"N","","hE8YqXO7sNiNpTQ8TwLBTEwXi3KL/fpp"
"061393f8-359f-4237-a827-39c3cf7958fe","UNDE_054.basePlot.ltr","D05","UNDE","UNDE_054","UNDE_054_436","2016-09-19","2016-05-09","2016-09-12","2016-09-13T23:00Z","2016-09-19T15:00Z","NEON.LTR.UNDE054436.20160912","NEON.LTR.UNDE054436.20160912.FLR","NEON.DOC.001710vE","Flowers",0,"N","","hE8YqXO7sNiNpTQ8TwLBTEwXi3KL/fpp"
"cefa3321-e53d-407d-80cd-e4f0173b4aa6","UNDE_054.basePlot.ltr","D05","UNDE","UNDE_054","UNDE_054_436","2016-09-19","2016-05-09","2016-09-12","2016-09-13T23:00Z","2016-09-19T15:00Z","NEON.LTR.UNDE054436.20160912","NEON.LTR.UNDE054436.20160912.LVS","NEON.DOC.001710vE","Leaves",4.51,"N","","hE8YqXO7sNiNpTQ8TwLBTEwXi3KL/fpp"
"b8c09d61-19e0-4545-818a-17d2607dc669","UNDE_059.basePlot.ltr","D05","UNDE","UNDE_059","UNDE_059_631","2016-09-19","2016-05-10","2016-09-12","2016-09-13T23:00Z","2016-09-19T15:00Z","NEON.LTR.UNDE059631.20160912","NEON.LTR.UNDE059631.20160912.TWI","NEON.DOC.001710vE","Twigs/branches",12.16,"N","","hE8YqXO7sNiNpTQ8TwLBTEwXi3KL/fpp"
"4e4b04f9-447b-48cc-b64c-b0debfad8e76","UNDE_059.basePlot.ltr","D05","UNDE","UNDE_059","UNDE_059_631","2016-09-19","2016-05-10","2016-09-12","2016-09-13T23:00Z","2016-09-19T15:00Z","NEON.LTR.UNDE059631.20160912","NEON.LTR.UNDE059631.20160912.OTH","NEON.DOC.001710vE","Other",27.31,"N","","hE8YqXO7sNiNpTQ8TwLBTEwXi3KL/fpp"
"61a1b7cd-ae39-4c15-b5c1-efd58ad409cf","UNDE_059.basePlot.ltr","D05","UNDE","UNDE_059","UNDE_059_406","2016-09-19","2016-05-10","2016-09-12","2016-09-13T23:00Z","2016-09-19T15:00Z","NEON.LTR.UNDE059406.20160912","NEON.LTR.UNDE059406.20160912.NDL","NEON.DOC.001710vE","Needles",1.88,"N","","hE8YqXO7sNiNpTQ8TwLBTEwXi3KL/fpp"
"94800921-b6df-4f68-887b-a9b1d9b12242","UNDE_059.basePlot.ltr","D05","UNDE","UNDE_059","UNDE_059_631","2016-09-19","2016-05-10","2016-09-12","2016-09-13T23:00Z","2016-09-19T15:00Z","NEON.LTR.UNDE059631.20160912","NEON.LTR.UNDE059631.20160912.SDS","NEON.DOC.001710vE","Seeds",1.35,"N","","hE8YqXO7sNiNpTQ8TwLBTEwXi3KL/fpp"
"32188601-6e1c-4b88-b1ed-0fb71a466d5a","UNDE_059.basePlot.ltr","D05","UNDE","UNDE_059","UNDE_059_406","2016-09-19","2016-05-10","2016-09-12","2016-09-13T23:00Z","2016-09-19T15:00Z","NEON.LTR.UNDE059406.20160912","NEON.LTR.UNDE059406.20160912.FLR","NEON.DOC.001710vE","Flowers",0.02,"N","","hE8YqXO7sNiNpTQ8TwLBTEwXi3KL/fpp"
"c2995a74-2d93-4587-9146-f798a4c845be","UNDE_059.basePlot.ltr","D05","UNDE","UNDE_059","UNDE_059_406","2016-09-19","2016-05-10","2016-09-12","2016-09-13T23:00Z","2016-09-19T15:00Z","NEON.LTR.UNDE059406.20160912","NEON.LTR.UNDE059406.20160912.SDS","NEON.DOC.001710vE","Seeds",0.4,"N","","hE8YqXO7sNiNpTQ8TwLBTEwXi3KL/fpp"
"be7cbcdf-9002-4ad0-adf5-7699ccd51f60","UNDE_059.basePlot.ltr","D05","UNDE","UNDE_059","UNDE_059_406","2016-09-19","2016-05-10","2016-09-12","2016-09-13T23:00Z","2016-09-19T15:00Z","NEON.LTR.UNDE059406.20160912","NEON.LTR.UNDE059406.20160912.OTH","NEON.DOC.001710vE","Other",19.02,"N","","hE8YqXO7sNiNpTQ8TwLBTEwXi3KL/fpp"
"7a83bcff-b9c4-4bfc-8909-0fee032c3092","UNDE_059.basePlot.ltr","D05","UNDE","UNDE_059","UNDE_059_406","2016-09-19","2016-05-10","2016-09-12","2016-09-13T23:00Z","2016-09-19T15:00Z","NEON.LTR.UNDE059406.20160912","NEON.LTR.UNDE059406.20160912.WDY","NEON.DOC.001710vE","Woody material",1.65,"N","","hE8YqXO7sNiNpTQ8TwLBTEwXi3KL/fpp"
"26eb9d13-6067-4107-8440-ce967d12b3cf","UNDE_059.basePlot.ltr","D05","UNDE","UNDE_059","UNDE_059_406","2016-09-19","2016-05-10","2016-09-12","2016-09-13T23:00Z","2016-09-19T15:00Z","NEON.LTR.UNDE059406.20160912","NEON.LTR.UNDE059406.20160912.NDL","NEON.DOC.001710vE","Needles",1.88,"Y","","hE8YqXO7sNiNpTQ8TwLBTEwXi3KL/fpp"
"0936f7c6-db42-4be4-a214-f1505028c052","UNDE_059.basePlot.ltr","D05","UNDE","UNDE_059","UNDE_059_631","2016-09-19","2016-05-10","2016-09-12","2016-09-13T23:00Z","2016-09-19T15:00Z","NEON.LTR.UNDE059631.20160912","NEON.LTR.UNDE059631.20160912.WDY","NEON.DOC.001710vE","Woody material",0,"N","","hE8YqXO7sNiNpTQ8TwLBTEwXi3KL/fpp"
"b225a094-06e5-45e8-8fb7-4560ae91e2c7","UNDE_059.basePlot.ltr","D05","UNDE","UNDE_059","UNDE_059_631","2016-09-19","2016-05-10","2016-09-12","2016-09-13T23:00Z","2016-09-19T15:00Z","NEON.LTR.UNDE059631.20160912","NEON.LTR.UNDE059631.20160912.LVS","NEON.DOC.001710vE","Leaves",30.44,"N","","hE8YqXO7sNiNpTQ8TwLBTEwXi3KL/fpp"
"e714feda-5fb5-457c-906a-2795ad297a56","UNDE_059.basePlot.ltr","D05","UNDE","UNDE_059","UNDE_059_406","2016-09-19","2016-05-10","2016-09-12","2016-09-13T23:00Z","2016-09-19T15:00Z","NEON.LTR.UNDE059406.20160912","NEON.LTR.UNDE059406.20160912.TWI","NEON.DOC.001710vE","Twigs/branches",5.81,"N","","hE8YqXO7sNiNpTQ8TwLBTEwXi3KL/fpp"
"1c80d655-4b34-4de1-8e6d-ee52cf314067","UNDE_059.basePlot.ltr","D05","UNDE","UNDE_059","UNDE_059_406","2016-09-19","2016-05-10","2016-09-12","2016-09-13T23:00Z","2016-09-19T15:00Z","NEON.LTR.UNDE059406.20160912","NEON.LTR.UNDE059406.20160912.LVS","NEON.DOC.001710vE","Leaves",31.83,"N","","hE8YqXO7sNiNpTQ8TwLBTEwXi3KL/fpp"
"eb3848a2-5a4d-458a-98b2-5d99cb887abd","UNDE_059.basePlot.ltr","D05","UNDE","UNDE_059","UNDE_059_631","2016-09-19","2016-05-10","2016-09-12","2016-09-13T23:00Z","2016-09-19T15:00Z","NEON.LTR.UNDE059631.20160912","NEON.LTR.UNDE059631.20160912.NDL","NEON.DOC.001710vE","Needles",1.4,"N","","hE8YqXO7sNiNpTQ8TwLBTEwXi3KL/fpp"
"5254f194-3199-4473-9287-8a76522c353a","UNDE_059.basePlot.ltr","D05","UNDE","UNDE_059","UNDE_059_631","2016-09-19","2016-05-10","2016-09-12","2016-09-13T23:00Z","2016-09-19T15:00Z","NEON.LTR.UNDE059631.20160912","NEON.LTR.UNDE059631.20160912.FLR","NEON.DOC.001710vE","Flowers",0,"N","","hE8YqXO7sNiNpTQ8TwLBTEwXi3KL/fpp"
"623bed93-78be-4200-992b-6531b4ab2fcc","UNDE_044.basePlot.ltr","D05","UNDE","UNDE_044","UNDE_044_515","2016-09-19","2016-05-10","2016-09-12","2016-09-13T23:00Z","2016-09-19T15:00Z","NEON.LTR.UNDE044515.20160912","NEON.LTR.UNDE044515.20160912.LVS","NEON.DOC.001710vE","Leaves",0.82,"Y","","hE8YqXO7sNiNpTQ8TwLBTEwXi3KL/fpp"
"cb04f4bd-82c9-410b-913f-ac12b2c0d6b5","UNDE_044.basePlot.ltr","D05","UNDE","UNDE_044","UNDE_044_515","2016-09-19","2016-05-10","2016-09-12","2016-09-13T23:00Z","2016-09-19T15:00Z","NEON.LTR.UNDE044515.20160912","NEON.LTR.UNDE044515.20160912.NDL","NEON.DOC.001710vE","Needles",0.63,"N","","hE8YqXO7sNiNpTQ8TwLBTEwXi3KL/fpp"
"b5a7c513-d4d3-4d41-9033-9b15626b1001","UNDE_044.basePlot.ltr","D05","UNDE","UNDE_044","UNDE_044_515","2016-09-19","2016-05-10","2016-09-12","2016-09-13T23:00Z","2016-09-19T15:00Z","NEON.LTR.UNDE044515.20160912","NEON.LTR.UNDE044515.20160912.FLR","NEON.DOC.001710vE","Flowers",0,"N","","hE8YqXO7sNiNpTQ8TwLBTEwXi3KL/fpp"
"0b59e7be-aee2-4d31-8875-cc1ef2b03a65","UNDE_044.basePlot.ltr","D05","UNDE","UNDE_044","UNDE_044_515","2016-09-19","2016-05-10","2016-09-12","2016-09-13T23:00Z","2016-09-19T15:00Z","NEON.LTR.UNDE044515.20160912","NEON.LTR.UNDE044515.20160912.TWI","NEON.DOC.001710vE","Twigs/branches",3.98,"N","","hE8YqXO7sNiNpTQ8TwLBTEwXi3KL/fpp"
"a332fb32-69db-452a-b6ac-a5c73ec9d74a","UNDE_044.basePlot.ltr","D05","UNDE","UNDE_044","UNDE_044_515","2016-09-19","2016-05-10","2016-09-12","2016-09-13T23:00Z","2016-09-19T15:00Z","NEON.LTR.UNDE044515.20160912","NEON.LTR.UNDE044515.20160912.SDS","NEON.DOC.001710vE","Seeds",0.12,"N","","hE8YqXO7sNiNpTQ8TwLBTEwXi3KL/fpp"
"fd3da40a-2d15-42c5-a1d3-e7bf90e298a4","UNDE_044.basePlot.ltr","D05","UNDE","UNDE_044","UNDE_044_515","2016-09-19","2016-05-10","2016-09-12","2016-09-13T23:00Z","2016-09-19T15:00Z","NEON.LTR.UNDE044515.20160912","NEON.LTR.UNDE044515.20160912.WDY","NEON.DOC.001710vE","Woody material",0.11,"N","","hE8YqXO7sNiNpTQ8TwLBTEwXi3KL/fpp"
"46d05dbb-077f-45f1-9a37-a26ee86aac07","UNDE_044.basePlot.ltr","D05","UNDE","UNDE_044","UNDE_044_515","2016-09-19","2016-05-10","2016-09-12","2016-09-13T23:00Z","2016-09-19T15:00Z","NEON.LTR.UNDE044515.20160912","NEON.LTR.UNDE044515.20160912.OTH","NEON.DOC.001710vE","Other",3.36,"N","","hE8YqXO7sNiNpTQ8TwLBTEwXi3KL/fpp"
"048c0fc4-974c-4690-b9c2-ea92cbd80e99","UNDE_044.basePlot.ltr","D05","UNDE","UNDE_044","UNDE_044_515","2016-09-19","2016-05-10","2016-09-12","2016-09-13T23:00Z","2016-09-19T15:00Z","NEON.LTR.UNDE044515.20160912","NEON.LTR.UNDE044515.20160912.LVS","NEON.DOC.001710vE","Leaves",0.81,"N","","hE8YqXO7sNiNpTQ8TwLBTEwXi3KL/fpp"
"da63fe55-8b13-448a-9748-f9fe13879633","UNDE_050.basePlot.ltr","D05","UNDE","UNDE_050","UNDE_050_673","2016-09-19","2016-05-10","2016-09-12","2016-09-13T23:00Z","2016-09-19T14:00Z","NEON.LTR.UNDE050673.20160912","NEON.LTR.UNDE050673.20160912.OTH","NEON.DOC.001710vE","Other",8.34,"N","","hE8YqXO7sNiNpTQ8TwLBTEwXi3KL/fpp"
"3d3cab88-3748-442f-910c-f33ebd0c3389","UNDE_050.basePlot.ltr","D05","UNDE","UNDE_050","UNDE_050_673","2016-09-19","2016-05-10","2016-09-12","2016-09-13T23:00Z","2016-09-19T14:00Z","NEON.LTR.UNDE050673.20160912","NEON.LTR.UNDE050673.20160912.NDL","NEON.DOC.001710vE","Needles",0,"N","","hE8YqXO7sNiNpTQ8TwLBTEwXi3KL/fpp"
"277dfd7d-577c-4efe-b563-ea5260ff3313","UNDE_050.basePlot.ltr","D05","UNDE","UNDE_050","UNDE_050_673","2016-09-19","2016-05-10","2016-09-12","2016-09-13T23:00Z","2016-09-19T14:00Z","NEON.LTR.UNDE050673.20160912","NEON.LTR.UNDE050673.20160912.SDS","NEON.DOC.001710vE","Seeds",0.15,"N","","hE8YqXO7sNiNpTQ8TwLBTEwXi3KL/fpp"
"f3f5ce84-66f4-4994-82a1-f47fecb8ef6b","UNDE_050.basePlot.ltr","D05","UNDE","UNDE_050","UNDE_050_673","2016-09-19","2016-05-10","2016-09-12","2016-09-13T23:00Z","2016-09-19T14:00Z","NEON.LTR.UNDE050673.20160912","NEON.LTR.UNDE050673.20160912.LVS","NEON.DOC.001710vE","Leaves",7.91,"N","","hE8YqXO7sNiNpTQ8TwLBTEwXi3KL/fpp"
"3d560437-c0da-4bb6-a78f-9fbbf881bc49","UNDE_050.basePlot.ltr","D05","UNDE","UNDE_050","UNDE_050_673","2016-09-19","2016-05-10","2016-09-12","2016-09-13T23:00Z","2016-09-19T14:00Z","NEON.LTR.UNDE050673.20160912","NEON.LTR.UNDE050673.20160912.TWI","NEON.DOC.001710vE","Twigs/branches",18.49,"N","","hE8YqXO7sNiNpTQ8TwLBTEwXi3KL/fpp"
"dcb5cad1-f1b2-4e3e-bafd-e4c50d87d61c","UNDE_050.basePlot.ltr","D05","UNDE","UNDE_050","UNDE_050_673","2016-09-19","2016-05-10","2016-09-12","2016-09-13T23:00Z","2016-09-19T14:00Z","NEON.LTR.UNDE050673.20160912","NEON.LTR.UNDE050673.20160912.WDY","NEON.DOC.001710vE","Woody material",2.06,"N","","hE8YqXO7sNiNpTQ8TwLBTEwXi3KL/fpp"
"f7dc6255-db7b-4b5c-b88e-92e56fe84156","UNDE_050.basePlot.ltr","D05","UNDE","UNDE_050","UNDE_050_673","2016-09-19","2016-05-10","2016-09-12","2016-09-13T23:00Z","2016-09-19T14:00Z","NEON.LTR.UNDE050673.20160912","NEON.LTR.UNDE050673.20160912.FLR","NEON.DOC.001710vE","Flowers",0,"N","","hE8YqXO7sNiNpTQ8TwLBTEwXi3KL/fpp"
"cc3073d5-e016-4f3f-9e88-bdf82891c2c6","UNDE_055.basePlot.ltr","D05","UNDE","UNDE_055","UNDE_055_676","2016-09-19","2016-05-10","2016-09-12","2016-09-13T23:00Z","2016-09-19T14:00Z","NEON.LTR.UNDE055676.20160912","NEON.LTR.UNDE055676.20160912.OTH","NEON.DOC.001710vE","Other",8.66,"N","","hE8YqXO7sNiNpTQ8TwLBTEwXi3KL/fpp"
"abc5ac19-7ddf-4c36-b055-1a85ea73b005","UNDE_055.basePlot.ltr","D05","UNDE","UNDE_055","UNDE_055_676","2016-09-19","2016-05-10","2016-09-12","2016-09-13T23:00Z","2016-09-19T14:00Z","NEON.LTR.UNDE055676.20160912","NEON.LTR.UNDE055676.20160912.NDL","NEON.DOC.001710vE","Needles",4.13,"N","","hE8YqXO7sNiNpTQ8TwLBTEwXi3KL/fpp"
"e03a6971-5c09-46fc-9b45-50d4e2c28172","UNDE_055.basePlot.ltr","D05","UNDE","UNDE_055","UNDE_055_676","2016-09-19","2016-05-10","2016-09-12","2016-09-13T23:00Z","2016-09-19T14:00Z","NEON.LTR.UNDE055676.20160912","NEON.LTR.UNDE055676.20160912.TWI","NEON.DOC.001710vE","Twigs/branches",3.77,"N","","hE8YqXO7sNiNpTQ8TwLBTEwXi3KL/fpp"
"63521eb9-b4f2-4de8-8899-b28a7794d27a","UNDE_055.basePlot.ltr","D05","UNDE","UNDE_055","UNDE_055_676","2016-09-19","2016-05-10","2016-09-12","2016-09-13T23:00Z","2016-09-19T14:00Z","NEON.LTR.UNDE055676.20160912","NEON.LTR.UNDE055676.20160912.FLR","NEON.DOC.001710vE","Flowers",0,"N","","hE8YqXO7sNiNpTQ8TwLBTEwXi3KL/fpp"
"637d0b58-9d64-4000-a8b1-d22f25294cb4","UNDE_055.basePlot.ltr","D05","UNDE","UNDE_055","UNDE_055_676","2016-09-19","2016-05-10","2016-09-12","2016-09-13T23:00Z","2016-09-19T14:00Z","NEON.LTR.UNDE055676.20160912","NEON.LTR.UNDE055676.20160912.WDY","NEON.DOC.001710vE","Woody material",0.38,"N","","hE8YqXO7sNiNpTQ8TwLBTEwXi3KL/fpp"
"b017d390-ce9d-423f-8c4a-163f008a4585","UNDE_055.basePlot.ltr","D05","UNDE","UNDE_055","UNDE_055_676","2016-09-19","2016-05-10","2016-09-12","2016-09-13T23:00Z","2016-09-19T14:00Z","NEON.LTR.UNDE055676.20160912","NEON.LTR.UNDE055676.20160912.LVS","NEON.DOC.001710vE","Leaves",1.8,"N","","hE8YqXO7sNiNpTQ8TwLBTEwXi3KL/fpp"
"e428d866-d192-4a1e-b51e-90d06a0a5c28","UNDE_055.basePlot.ltr","D05","UNDE","UNDE_055","UNDE_055_676","2016-09-19","2016-05-10","2016-09-12","2016-09-13T23:00Z","2016-09-19T14:00Z","NEON.LTR.UNDE055676.20160912","NEON.LTR.UNDE055676.20160912.SDS","NEON.DOC.001710vE","Seeds",0,"N","","hE8YqXO7sNiNpTQ8TwLBTEwXi3KL/fpp"
"8d147bfe-8d1c-4941-bf33-5e198d5b5e54","UNDE_050.basePlot.ltr","D05","UNDE","UNDE_050","UNDE_050_030","2016-09-19","2016-05-10","2016-09-12","2016-09-13T23:00Z","2016-09-19T14:00Z","NEON.LTR.UNDE050030.20160912","NEON.LTR.UNDE050030.20160912.OTH","NEON.DOC.001710vE","Other",4.52,"N","","hE8YqXO7sNiNpTQ8TwLBTEwXi3KL/fpp"
"745cc77b-be6b-4f3e-8dac-888ef30063f4","UNDE_050.basePlot.ltr","D05","UNDE","UNDE_050","UNDE_050_030","2016-09-19","2016-05-10","2016-09-12","2016-09-13T23:00Z","2016-09-19T14:00Z","NEON.LTR.UNDE050030.20160912","NEON.LTR.UNDE050030.20160912.NDL","NEON.DOC.001710vE","Needles",0,"N","","hE8YqXO7sNiNpTQ8TwLBTEwXi3KL/fpp"
"0fba2791-1c70-4df2-9346-862910ea5aca","UNDE_050.basePlot.ltr","D05","UNDE","UNDE_050","UNDE_050_030","2016-09-19","2016-05-10","2016-09-12","2016-09-13T23:00Z","2016-09-19T14:00Z","NEON.LTR.UNDE050030.20160912","NEON.LTR.UNDE050030.20160912.LVS","NEON.DOC.001710vE","Leaves",9.36,"N","","hE8YqXO7sNiNpTQ8TwLBTEwXi3KL/fpp"
"c236d086-9658-4f59-ad89-317192ae55f8","UNDE_050.basePlot.ltr","D05","UNDE","UNDE_050","UNDE_050_030","2016-09-19","2016-05-10","2016-09-12","2016-09-13T23:00Z","2016-09-19T14:00Z","NEON.LTR.UNDE050030.20160912","NEON.LTR.UNDE050030.20160912.TWI","NEON.DOC.001710vE","Twigs/branches",2.99,"N","","hE8YqXO7sNiNpTQ8TwLBTEwXi3KL/fpp"
"d09fa615-11be-46d5-84f1-c408debbd96c","UNDE_050.basePlot.ltr","D05","UNDE","UNDE_050","UNDE_050_030","2016-09-19","2016-05-10","2016-09-12","2016-09-13T23:00Z","2016-09-19T14:00Z","NEON.LTR.UNDE050030.20160912","NEON.LTR.UNDE050030.20160912.WDY","NEON.DOC.001710vE","Woody material",0,"N","","hE8YqXO7sNiNpTQ8TwLBTEwXi3KL/fpp"
"4bdfdc86-d1de-4361-a4ea-b7f259b9b596","UNDE_050.basePlot.ltr","D05","UNDE","UNDE_050","UNDE_050_030","2016-09-19","2016-05-10","2016-09-12","2016-09-13T23:00Z","2016-09-19T14:00Z","NEON.LTR.UNDE050030.20160912","NEON.LTR.UNDE050030.20160912.SDS","NEON.DOC.001710vE","Seeds",0.94,"N","","hE8YqXO7sNiNpTQ8TwLBTEwXi3KL/fpp"
"33acaae3-25e1-4a2c-84f2-1f19bcf2ed4a","UNDE_050.basePlot.ltr","D05","UNDE","UNDE_050","UNDE_050_030","2016-09-19","2016-05-10","2016-09-12","2016-09-13T23:00Z","2016-09-19T14:00Z","NEON.LTR.UNDE050030.20160912","NEON.LTR.UNDE050030.20160912.FLR","NEON.DOC.001710vE","Flowers",0.42,"N","","hE8YqXO7sNiNpTQ8TwLBTEwXi3KL/fpp"
"711ffaf4-a591-451d-88e6-e1790c02ea3c","UNDE_050.basePlot.ltr","D05","UNDE","UNDE_050","UNDE_050_030","2016-09-19","2016-05-10","2016-09-12","2016-09-13T23:00Z","2016-09-19T14:00Z","NEON.LTR.UNDE050030.20160912","NEON.LTR.UNDE050030.20160912.FLR","NEON.DOC.001710vE","Flowers",0.4,"Y","","hE8YqXO7sNiNpTQ8TwLBTEwXi3KL/fpp"
"16a24249-a5c5-486d-822c-f7c74c54c293","UNDE_055.basePlot.ltr","D05","UNDE","UNDE_055","UNDE_055_269","2016-09-19","2016-05-10","2016-09-12","2016-09-13T23:00Z","2016-09-19T14:00Z","NEON.LTR.UNDE055269.20160912","NEON.LTR.UNDE055269.20160912.WDY","NEON.DOC.001710vE","Woody material",0.08,"N","","hE8YqXO7sNiNpTQ8TwLBTEwXi3KL/fpp"
"77844adf-e2bb-4022-be8d-2a35463ed108","UNDE_055.basePlot.ltr","D05","UNDE","UNDE_055","UNDE_055_269","2016-09-19","2016-05-10","2016-09-12","2016-09-13T23:00Z","2016-09-19T14:00Z","NEON.LTR.UNDE055269.20160912","NEON.LTR.UNDE055269.20160912.FLR","NEON.DOC.001710vE","Flowers",0,"N","","hE8YqXO7sNiNpTQ8TwLBTEwXi3KL/fpp"
"5cc23c8f-2a0c-413f-9042-0c36b59d4a30","UNDE_055.basePlot.ltr","D05","UNDE","UNDE_055","UNDE_055_269","2016-09-19","2016-05-10","2016-09-12","2016-09-13T23:00Z","2016-09-19T14:00Z","NEON.LTR.UNDE055269.20160912","NEON.LTR.UNDE055269.20160912.NDL","NEON.DOC.001710vE","Needles",0.43,"N","","hE8YqXO7sNiNpTQ8TwLBTEwXi3KL/fpp"
"6bf57078-ef13-4fad-8f01-1cf070470e9d","UNDE_055.basePlot.ltr","D05","UNDE","UNDE_055","UNDE_055_269","2016-09-19","2016-05-10","2016-09-12","2016-09-13T23:00Z","2016-09-19T14:00Z","NEON.LTR.UNDE055269.20160912","NEON.LTR.UNDE055269.20160912.OTH","NEON.DOC.001710vE","Other",3.52,"Y","","hE8YqXO7sNiNpTQ8TwLBTEwXi3KL/fpp"
"4deae0c6-9a60-4936-a931-a039c44ac5ce","UNDE_055.basePlot.ltr","D05","UNDE","UNDE_055","UNDE_055_269","2016-09-19","2016-05-10","2016-09-12","2016-09-13T23:00Z","2016-09-19T14:00Z","NEON.LTR.UNDE055269.20160912","NEON.LTR.UNDE055269.20160912.TWI","NEON.DOC.001710vE","Twigs/branches",0.54,"N","","hE8YqXO7sNiNpTQ8TwLBTEwXi3KL/fpp"
"02808445-6a5c-48c1-a528-d41bf400c7c7","UNDE_055.basePlot.ltr","D05","UNDE","UNDE_055","UNDE_055_269","2016-09-19","2016-05-10","2016-09-12","2016-09-13T23:00Z","2016-09-19T14:00Z","NEON.LTR.UNDE055269.20160912","NEON.LTR.UNDE055269.20160912.OTH","NEON.DOC.001710vE","Other",3.52,"N","","hE8YqXO7sNiNpTQ8TwLBTEwXi3KL/fpp"
"d20280ba-c7da-4018-90b9-0483a77948a0","UNDE_055.basePlot.ltr","D05","UNDE","UNDE_055","UNDE_055_269","2016-09-19","2016-05-10","2016-09-12","2016-09-13T23:00Z","2016-09-19T14:00Z","NEON.LTR.UNDE055269.20160912","NEON.LTR.UNDE055269.20160912.SDS","NEON.DOC.001710vE","Seeds",0.08,"N","","hE8YqXO7sNiNpTQ8TwLBTEwXi3KL/fpp"
"3befa5ad-1dc3-4c93-bf9c-65d4940c2361","UNDE_055.basePlot.ltr","D05","UNDE","UNDE_055","UNDE_055_269","2016-09-19","2016-05-10","2016-09-12","2016-09-13T23:00Z","2016-09-19T14:00Z","NEON.LTR.UNDE055269.20160912","NEON.LTR.UNDE055269.20160912.LVS","NEON.DOC.001710vE","Leaves",3.07,"N","","hE8YqXO7sNiNpTQ8TwLBTEwXi3KL/fpp"
"20159220-1a80-4951-8dcf-78ccf6bfd8dd","UNDE_055.basePlot.ltr","D05","UNDE","UNDE_055","UNDE_055_269","2016-09-19","2016-05-10","2016-09-12","2016-09-13T23:00Z","2016-09-19T14:00Z","NEON.LTR.UNDE055269.20160912","NEON.LTR.UNDE055269.20160912.WDY","NEON.DOC.001710vE","Woody material",0.07,"Y","","hE8YqXO7sNiNpTQ8TwLBTEwXi3KL/fpp"
"7ec9faa2-5f3b-4657-967a-e3d7684cff46","UNDE_065.basePlot.ltr","D05","UNDE","UNDE_065","UNDE_065_363","2016-09-19","2016-05-10","2016-09-12","2016-09-13T23:00Z","2016-09-19T14:00Z","NEON.LTR.UNDE065363.20160912","NEON.LTR.UNDE065363.20160912.FLR","NEON.DOC.001710vE","Flowers",0,"N","","hE8YqXO7sNiNpTQ8TwLBTEwXi3KL/fpp"
"6a1fe644-07b8-4c89-8f7d-0b815efb495c","UNDE_065.basePlot.ltr","D05","UNDE","UNDE_065","UNDE_065_363","2016-09-19","2016-05-10","2016-09-12","2016-09-13T23:00Z","2016-09-19T14:00Z","NEON.LTR.UNDE065363.20160912","NEON.LTR.UNDE065363.20160912.OTH","NEON.DOC.001710vE","Other",4.32,"N","","hE8YqXO7sNiNpTQ8TwLBTEwXi3KL/fpp"
"4c6c50fe-c86a-43f6-b272-795711f5b960","UNDE_065.basePlot.ltr","D05","UNDE","UNDE_065","UNDE_065_363","2016-09-19","2016-05-10","2016-09-12","2016-09-13T23:00Z","2016-09-19T14:00Z","NEON.LTR.UNDE065363.20160912","NEON.LTR.UNDE065363.20160912.WDY","NEON.DOC.001710vE","Woody material",0.36,"N","","hE8YqXO7sNiNpTQ8TwLBTEwXi3KL/fpp"
"ba5e342c-32da-47d3-b33a-4444fa665e2b","UNDE_065.basePlot.ltr","D05","UNDE","UNDE_065","UNDE_065_363","2016-09-19","2016-05-10","2016-09-12","2016-09-13T23:00Z","2016-09-19T14:00Z","NEON.LTR.UNDE065363.20160912","NEON.LTR.UNDE065363.20160912.NDL","NEON.DOC.001710vE","Needles",0.09,"N","","hE8YqXO7sNiNpTQ8TwLBTEwXi3KL/fpp"
"a7aa7b58-3d9d-43d8-a47f-6911b7d4cc17","UNDE_065.basePlot.ltr","D05","UNDE","UNDE_065","UNDE_065_363","2016-09-19","2016-05-10","2016-09-12","2016-09-13T23:00Z","2016-09-19T14:00Z","NEON.LTR.UNDE065363.20160912","NEON.LTR.UNDE065363.20160912.TWI","NEON.DOC.001710vE","Twigs/branches",3.22,"N","","hE8YqXO7sNiNpTQ8TwLBTEwXi3KL/fpp"
"f19b34f8-7c75-4ce7-a6b6-de39f933b314","UNDE_065.basePlot.ltr","D05","UNDE","UNDE_065","UNDE_065_363","2016-09-19","2016-05-10","2016-09-12","2016-09-13T23:00Z","2016-09-19T14:00Z","NEON.LTR.UNDE065363.20160912","NEON.LTR.UNDE065363.20160912.LVS","NEON.DOC.001710vE","Leaves",4.71,"N","","hE8YqXO7sNiNpTQ8TwLBTEwXi3KL/fpp"
"c07f2847-ce10-498a-93e6-ef991b967359","UNDE_065.basePlot.ltr","D05","UNDE","UNDE_065","UNDE_065_363","2016-09-19","2016-05-10","2016-09-12","2016-09-13T23:00Z","2016-09-19T14:00Z","NEON.LTR.UNDE065363.20160912","NEON.LTR.UNDE065363.20160912.SDS","NEON.DOC.001710vE","Seeds",0.22,"N","","hE8YqXO7sNiNpTQ8TwLBTEwXi3KL/fpp"
"07614c98-2bf0-4449-88b0-f558d223b5f1","UNDE_045.basePlot.ltr","D05","UNDE","UNDE_045","UNDE_045_545","2016-09-19","2016-05-12","2016-09-12","2016-09-13T23:00Z","2016-09-19T15:00Z","NEON.LTR.UNDE045545.20160912","NEON.LTR.UNDE045545.20160912.TWI","NEON.DOC.001710vE","Twigs/branches",9.54,"N","","hE8YqXO7sNiNpTQ8TwLBTEwXi3KL/fpp"
"c20ec15f-ee85-49f0-abce-588a26b5cd8c","UNDE_045.basePlot.ltr","D05","UNDE","UNDE_045","UNDE_045_545","2016-09-19","2016-05-12","2016-09-12","2016-09-13T23:00Z","2016-09-19T15:00Z","NEON.LTR.UNDE045545.20160912","NEON.LTR.UNDE045545.20160912.LVS","NEON.DOC.001710vE","Leaves",7.63,"N","","hE8YqXO7sNiNpTQ8TwLBTEwXi3KL/fpp"
"b9113c5f-d11b-474c-90d0-707dceee0023","UNDE_045.basePlot.ltr","D05","UNDE","UNDE_045","UNDE_045_545","2016-09-19","2016-05-12","2016-09-12","2016-09-13T23:00Z","2016-09-19T15:00Z","NEON.LTR.UNDE045545.20160912","NEON.LTR.UNDE045545.20160912.WDY","NEON.DOC.001710vE","Woody material",5.71,"N","","hE8YqXO7sNiNpTQ8TwLBTEwXi3KL/fpp"
"f0dab1b3-c32b-45d8-bbe9-193919ff80f7","UNDE_045.basePlot.ltr","D05","UNDE","UNDE_045","UNDE_045_778","2016-09-19","2016-05-12","2016-09-12","2016-09-13T23:00Z","2016-09-19T15:00Z","NEON.LTR.UNDE045778.20160912","NEON.LTR.UNDE045778.20160912.FLR","NEON.DOC.001710vE","Flowers",0,"N","","hE8YqXO7sNiNpTQ8TwLBTEwXi3KL/fpp"
"59c423c2-2488-4191-ab59-6228eb21c2be","UNDE_045.basePlot.ltr","D05","UNDE","UNDE_045","UNDE_045_778","2016-09-19","2016-05-12","2016-09-12","2016-09-13T23:00Z","2016-09-19T15:00Z","NEON.LTR.UNDE045778.20160912","NEON.LTR.UNDE045778.20160912.OTH","NEON.DOC.001710vE","Other",2.87,"N","","hE8YqXO7sNiNpTQ8TwLBTEwXi3KL/fpp"
"405f0445-e325-4a78-b94c-dd079d405469","UNDE_045.basePlot.ltr","D05","UNDE","UNDE_045","UNDE_045_778","2016-09-19","2016-05-12","2016-09-12","2016-09-13T23:00Z","2016-09-19T15:00Z","NEON.LTR.UNDE045778.20160912","NEON.LTR.UNDE045778.20160912.WDY","NEON.DOC.001710vE","Woody material",0,"N","","hE8YqXO7sNiNpTQ8TwLBTEwXi3KL/fpp"
"1d830f33-60b3-454c-b3c4-d76a33a9a13a","UNDE_045.basePlot.ltr","D05","UNDE","UNDE_045","UNDE_045_778","2016-09-19","2016-05-12","2016-09-12","2016-09-13T23:00Z","2016-09-19T15:00Z","NEON.LTR.UNDE045778.20160912","NEON.LTR.UNDE045778.20160912.SDS","NEON.DOC.001710vE","Seeds",0.37,"N","","hE8YqXO7sNiNpTQ8TwLBTEwXi3KL/fpp"
"c55791a1-6230-4cce-b2d0-6b01af69ea7b","UNDE_045.basePlot.ltr","D05","UNDE","UNDE_045","UNDE_045_778","2016-09-19","2016-05-12","2016-09-12","2016-09-13T23:00Z","2016-09-19T15:00Z","NEON.LTR.UNDE045778.20160912","NEON.LTR.UNDE045778.20160912.TWI","NEON.DOC.001710vE","Twigs/branches",15.95,"N","","hE8YqXO7sNiNpTQ8TwLBTEwXi3KL/fpp"
"52b0f203-363c-4666-b411-d736ee5735e0","UNDE_045.basePlot.ltr","D05","UNDE","UNDE_045","UNDE_045_778","2016-09-19","2016-05-12","2016-09-12","2016-09-13T23:00Z","2016-09-19T15:00Z","NEON.LTR.UNDE045778.20160912","NEON.LTR.UNDE045778.20160912.NDL","NEON.DOC.001710vE","Needles",0,"N","","hE8YqXO7sNiNpTQ8TwLBTEwXi3KL/fpp"
"fd83870f-d710-4510-9b5e-3e930f7164e3","UNDE_045.basePlot.ltr","D05","UNDE","UNDE_045","UNDE_045_545","2016-09-19","2016-05-12","2016-09-12","2016-09-13T23:00Z","2016-09-19T15:00Z","NEON.LTR.UNDE045545.20160912","NEON.LTR.UNDE045545.20160912.NDL","NEON.DOC.001710vE","Needles",0,"N","","hE8YqXO7sNiNpTQ8TwLBTEwXi3KL/fpp"
"4c0db84a-b908-493d-b6eb-f1e88af90a1c","UNDE_045.basePlot.ltr","D05","UNDE","UNDE_045","UNDE_045_545","2016-09-19","2016-05-12","2016-09-12","2016-09-13T23:00Z","2016-09-19T15:00Z","NEON.LTR.UNDE045545.20160912","NEON.LTR.UNDE045545.20160912.OTH","NEON.DOC.001710vE","Other",5.39,"N","","hE8YqXO7sNiNpTQ8TwLBTEwXi3KL/fpp"
"1ab93997-74a1-4c16-9652-d7c25d66558f","UNDE_045.basePlot.ltr","D05","UNDE","UNDE_045","UNDE_045_545","2016-09-19","2016-05-12","2016-09-12","2016-09-13T23:00Z","2016-09-19T15:00Z","NEON.LTR.UNDE045545.20160912","NEON.LTR.UNDE045545.20160912.FLR","NEON.DOC.001710vE","Flowers",0.1,"N","","hE8YqXO7sNiNpTQ8TwLBTEwXi3KL/fpp"
"1110016d-0e90-4a59-a0e4-ef21a491480e","UNDE_045.basePlot.ltr","D05","UNDE","UNDE_045","UNDE_045_545","2016-09-19","2016-05-12","2016-09-12","2016-09-13T23:00Z","2016-09-19T15:00Z","NEON.LTR.UNDE045545.20160912","NEON.LTR.UNDE045545.20160912.SDS","NEON.DOC.001710vE","Seeds",3.09,"N","","hE8YqXO7sNiNpTQ8TwLBTEwXi3KL/fpp"
"1e97b163-67a3-455b-b37a-a7c602820d51","UNDE_045.basePlot.ltr","D05","UNDE","UNDE_045","UNDE_045_545","2016-09-19","2016-05-12","2016-09-12","2016-09-13T23:00Z","2016-09-19T15:00Z","NEON.LTR.UNDE045545.20160912","NEON.LTR.UNDE045545.20160912.FLR","NEON.DOC.001710vE","Flowers",0.1,"N","","hE8YqXO7sNiNpTQ8TwLBTEwXi3KL/fpp"
"a18f573c-2532-46b1-a021-7ef8353e895f","UNDE_045.basePlot.ltr","D05","UNDE","UNDE_045","UNDE_045_778","2016-09-19","2016-05-12","2016-09-12","2016-09-13T23:00Z","2016-09-19T15:00Z","NEON.LTR.UNDE045778.20160912","NEON.LTR.UNDE045778.20160912.LVS","NEON.DOC.001710vE","Leaves",5.41,"N","","hE8YqXO7sNiNpTQ8TwLBTEwXi3KL/fpp"
"13f89454-da18-4870-a426-f77fe829acc5","UNDE_065.basePlot.ltr","D05","UNDE","UNDE_065","UNDE_065_010","2016-10-03","2016-09-12","2016-09-26","2016-09-27T21:10Z","2016-10-03T18:00Z","NEON.LTR.UNDE065010.20160926","NEON.LTR.UNDE065010.20160926.TWI","NEON.DOC.001710vE","Twigs/branches",0,"N","","eMuK013bQYWUakFyOlw8RKtvvGPXqSpz"
"a04cfdc5-d222-4b33-a275-702b97d3ab20","UNDE_038.basePlot.ltr","D05","UNDE","UNDE_038","UNDE_038_919","2016-10-03","2016-09-12","2016-09-26","2016-09-27T21:10Z","2016-10-03T18:00Z","NEON.LTR.UNDE038919.20160926","NEON.LTR.UNDE038919.20160926.FLR","NEON.DOC.001710vE","Flowers",0,"N","","eMuK013bQYWUakFyOlw8RKtvvGPXqSpz"
"a3925084-8d9c-4eb7-8baa-8575abb69383","UNDE_038.basePlot.ltr","D05","UNDE","UNDE_038","UNDE_038_919","2016-10-03","2016-09-12","2016-09-26","2016-09-27T21:10Z","2016-10-03T18:00Z","NEON.LTR.UNDE038919.20160926","NEON.LTR.UNDE038919.20160926.NDL","NEON.DOC.001710vE","Needles",0.26,"N","","eMuK013bQYWUakFyOlw8RKtvvGPXqSpz"
"74a06d9a-1609-4e25-84ff-e6c71783ab56","UNDE_038.basePlot.ltr","D05","UNDE","UNDE_038","UNDE_038_919","2016-10-03","2016-09-12","2016-09-26","2016-09-27T21:10Z","2016-10-03T18:00Z","NEON.LTR.UNDE038919.20160926","NEON.LTR.UNDE038919.20160926.WDY","NEON.DOC.001710vE","Woody material",0,"N","","eMuK013bQYWUakFyOlw8RKtvvGPXqSpz"
"417bcd69-547e-41c6-8424-c23a9aa7aa2d","UNDE_038.basePlot.ltr","D05","UNDE","UNDE_038","UNDE_038_919","2016-10-03","2016-09-12","2016-09-26","2016-09-27T21:10Z","2016-10-03T18:00Z","NEON.LTR.UNDE038919.20160926","NEON.LTR.UNDE038919.20160926.TWI","NEON.DOC.001710vE","Twigs/branches",0,"N","","eMuK013bQYWUakFyOlw8RKtvvGPXqSpz"
"3c5355cd-8e48-4804-9905-c481698ad408","UNDE_038.basePlot.ltr","D05","UNDE","UNDE_038","UNDE_038_919","2016-10-03","2016-09-12","2016-09-26","2016-09-27T21:10Z","2016-10-03T18:00Z","NEON.LTR.UNDE038919.20160926","NEON.LTR.UNDE038919.20160926.SDS","NEON.DOC.001710vE","Seeds",0,"N","","eMuK013bQYWUakFyOlw8RKtvvGPXqSpz"
"2a62409b-1aaa-4139-b716-0a1a5a114d94","UNDE_038.basePlot.ltr","D05","UNDE","UNDE_038","UNDE_038_919","2016-10-03","2016-09-12","2016-09-26","2016-09-27T21:10Z","2016-10-03T18:00Z","NEON.LTR.UNDE038919.20160926","NEON.LTR.UNDE038919.20160926.OTH","NEON.DOC.001710vE","Other",0.09,"N","","eMuK013bQYWUakFyOlw8RKtvvGPXqSpz"
"fe27fd6b-8c00-49dd-9f11-a1570c4467b2","UNDE_038.basePlot.ltr","D05","UNDE","UNDE_038","UNDE_038_919","2016-10-03","2016-09-12","2016-09-26","2016-09-27T21:10Z","2016-10-03T18:00Z","NEON.LTR.UNDE038919.20160926","NEON.LTR.UNDE038919.20160926.LVS","NEON.DOC.001710vE","Leaves",14.17,"N","","eMuK013bQYWUakFyOlw8RKtvvGPXqSpz"
"692f7c32-fc76-4514-8fdb-4382bd05e3dd","UNDE_045.basePlot.ltr","D05","UNDE","UNDE_045","UNDE_045_778","2016-10-03","2016-09-12","2016-09-26","2016-09-27T21:10Z","2016-10-03T18:00Z","NEON.LTR.UNDE045778.20160926","NEON.LTR.UNDE045778.20160926.WDY","NEON.DOC.001710vE","Woody material",0,"N","","eMuK013bQYWUakFyOlw8RKtvvGPXqSpz"
"e1aa4bd9-51f2-4e9b-bcfe-1282b7fe3b64","UNDE_045.basePlot.ltr","D05","UNDE","UNDE_045","UNDE_045_778","2016-10-03","2016-09-12","2016-09-26","2016-09-27T21:10Z","2016-10-03T18:00Z","NEON.LTR.UNDE045778.20160926","NEON.LTR.UNDE045778.20160926.FLR","NEON.DOC.001710vE","Flowers",0,"N","","eMuK013bQYWUakFyOlw8RKtvvGPXqSpz"
"70290d05-267c-4fc7-bcfe-1a5ef3c17b99","UNDE_045.basePlot.ltr","D05","UNDE","UNDE_045","UNDE_045_778","2016-10-03","2016-09-12","2016-09-26","2016-09-27T21:10Z","2016-10-03T18:00Z","NEON.LTR.UNDE045778.20160926","NEON.LTR.UNDE045778.20160926.NDL","NEON.DOC.001710vE","Needles",0,"N","","eMuK013bQYWUakFyOlw8RKtvvGPXqSpz"
"84b244ba-606f-48ae-bfb1-bd20ab9da56d","UNDE_045.basePlot.ltr","D05","UNDE","UNDE_045","UNDE_045_778","2016-10-03","2016-09-12","2016-09-26","2016-09-27T21:10Z","2016-10-03T18:00Z","NEON.LTR.UNDE045778.20160926","NEON.LTR.UNDE045778.20160926.OTH","NEON.DOC.001710vE","Other",0.07,"N","","eMuK013bQYWUakFyOlw8RKtvvGPXqSpz"
"1217366b-5d51-49d0-8568-b50c587f16e9","UNDE_045.basePlot.ltr","D05","UNDE","UNDE_045","UNDE_045_778","2016-10-03","2016-09-12","2016-09-26","2016-09-27T21:10Z","2016-10-03T18:00Z","NEON.LTR.UNDE045778.20160926","NEON.LTR.UNDE045778.20160926.LVS","NEON.DOC.001710vE","Leaves",12.91,"N","","eMuK013bQYWUakFyOlw8RKtvvGPXqSpz"
"7eb4b4e6-7b45-45bb-954e-bd27d14c3509","UNDE_045.basePlot.ltr","D05","UNDE","UNDE_045","UNDE_045_778","2016-10-03","2016-09-12","2016-09-26","2016-09-27T21:10Z","2016-10-03T18:00Z","NEON.LTR.UNDE045778.20160926","NEON.LTR.UNDE045778.20160926.SDS","NEON.DOC.001710vE","Seeds",0,"N","","eMuK013bQYWUakFyOlw8RKtvvGPXqSpz"
"7b5360de-17f8-4e1f-8fb2-a8a82cae8cd2","UNDE_045.basePlot.ltr","D05","UNDE","UNDE_045","UNDE_045_778","2016-10-03","2016-09-12","2016-09-26","2016-09-27T21:10Z","2016-10-03T18:00Z","NEON.LTR.UNDE045778.20160926","NEON.LTR.UNDE045778.20160926.TWI","NEON.DOC.001710vE","Twigs/branches",0,"N","","eMuK013bQYWUakFyOlw8RKtvvGPXqSpz"
"7bd653a5-7b96-49e4-8abb-153c53228956","UNDE_047.basePlot.ltr","D05","UNDE","UNDE_047","UNDE_047_030","2016-10-03","2016-09-12","2016-09-26","2016-09-27T21:10Z","2016-10-03T18:00Z","NEON.LTR.UNDE047030.20160926","NEON.LTR.UNDE047030.20160926.OTH","NEON.DOC.001710vE","Other",0.08,"N","","eMuK013bQYWUakFyOlw8RKtvvGPXqSpz"
"909c1bc7-17ee-4b4c-8b0d-9e759b9dd53d","UNDE_047.basePlot.ltr","D05","UNDE","UNDE_047","UNDE_047_030","2016-10-03","2016-09-12","2016-09-26","2016-09-27T21:10Z","2016-10-03T18:00Z","NEON.LTR.UNDE047030.20160926","NEON.LTR.UNDE047030.20160926.LVS","NEON.DOC.001710vE","Leaves",10.73,"N","","eMuK013bQYWUakFyOlw8RKtvvGPXqSpz"
"99dd230d-e2b4-4795-84fc-a492362f5f8b","UNDE_047.basePlot.ltr","D05","UNDE","UNDE_047","UNDE_047_030","2016-10-03","2016-09-12","2016-09-26","2016-09-27T21:10Z","2016-10-03T18:00Z","NEON.LTR.UNDE047030.20160926","NEON.LTR.UNDE047030.20160926.TWI","NEON.DOC.001710vE","Twigs/branches",0.34,"Y","","eMuK013bQYWUakFyOlw8RKtvvGPXqSpz"
"3d2b64d5-a7fe-4000-8cf6-440c915ee055","UNDE_047.basePlot.ltr","D05","UNDE","UNDE_047","UNDE_047_030","2016-10-03","2016-09-12","2016-09-26","2016-09-27T21:10Z","2016-10-03T18:00Z","NEON.LTR.UNDE047030.20160926","NEON.LTR.UNDE047030.20160926.FLR","NEON.DOC.001710vE","Flowers",0.15,"N","","eMuK013bQYWUakFyOlw8RKtvvGPXqSpz"
"eebbf659-e8f3-414c-92c2-f2e3ae353367","UNDE_047.basePlot.ltr","D05","UNDE","UNDE_047","UNDE_047_030","2016-10-03","2016-09-12","2016-09-26","2016-09-27T21:10Z","2016-10-03T18:00Z","NEON.LTR.UNDE047030.20160926","NEON.LTR.UNDE047030.20160926.SDS","NEON.DOC.001710vE","Seeds",0.005,"N","","eMuK013bQYWUakFyOlw8RKtvvGPXqSpz"
"ffca007e-9618-455d-b10c-3071e59427ac","UNDE_047.basePlot.ltr","D05","UNDE","UNDE_047","UNDE_047_030","2016-10-03","2016-09-12","2016-09-26","2016-09-27T21:10Z","2016-10-03T18:00Z","NEON.LTR.UNDE047030.20160926","NEON.LTR.UNDE047030.20160926.NDL","NEON.DOC.001710vE","Needles",0.005,"N","","eMuK013bQYWUakFyOlw8RKtvvGPXqSpz"
"dedb5747-2679-469b-b64a-33275b5dbfcc","UNDE_047.basePlot.ltr","D05","UNDE","UNDE_047","UNDE_047_030","2016-10-03","2016-09-12","2016-09-26","2016-09-27T21:10Z","2016-10-03T18:00Z","NEON.LTR.UNDE047030.20160926","NEON.LTR.UNDE047030.20160926.TWI","NEON.DOC.001710vE","Twigs/branches",0.34,"N","","eMuK013bQYWUakFyOlw8RKtvvGPXqSpz"
"d222447e-ef9d-45be-a224-707e18084f55","UNDE_047.basePlot.ltr","D05","UNDE","UNDE_047","UNDE_047_030","2016-10-03","2016-09-12","2016-09-26","2016-09-27T21:10Z","2016-10-03T18:00Z","NEON.LTR.UNDE047030.20160926","NEON.LTR.UNDE047030.20160926.WDY","NEON.DOC.001710vE","Woody material",0.17,"N","","eMuK013bQYWUakFyOlw8RKtvvGPXqSpz"
"a7b6b210-3d36-4702-ba1d-719fd8183984","UNDE_048.basePlot.ltr","D05","UNDE","UNDE_048","UNDE_048_897","2016-10-03","2016-09-12","2016-09-26","2016-09-27T21:10Z","2016-10-03T18:00Z","NEON.LTR.UNDE048897.20160926","NEON.LTR.UNDE048897.20160926.OTH","NEON.DOC.001710vE","Other",0.02,"N","","eMuK013bQYWUakFyOlw8RKtvvGPXqSpz"
"e2576c01-7191-403b-9245-dcfa7d686ba8","UNDE_048.basePlot.ltr","D05","UNDE","UNDE_048","UNDE_048_897","2016-10-03","2016-09-12","2016-09-26","2016-09-27T21:10Z","2016-10-03T18:00Z","NEON.LTR.UNDE048897.20160926","NEON.LTR.UNDE048897.20160926.NDL","NEON.DOC.001710vE","Needles",0.06,"N","","eMuK013bQYWUakFyOlw8RKtvvGPXqSpz"
"faafa0b0-ea5a-42e2-91ea-284aac728f79","UNDE_048.basePlot.ltr","D05","UNDE","UNDE_048","UNDE_048_897","2016-10-03","2016-09-12","2016-09-26","2016-09-27T21:10Z","2016-10-03T18:00Z","NEON.LTR.UNDE048897.20160926","NEON.LTR.UNDE048897.20160926.WDY","NEON.DOC.001710vE","Woody material",0,"N","","eMuK013bQYWUakFyOlw8RKtvvGPXqSpz"
"8ebab6f7-0d4e-49d3-8e54-30a61658ac5a","UNDE_048.basePlot.ltr","D05","UNDE","UNDE_048","UNDE_048_897","2016-10-03","2016-09-12","2016-09-26","2016-09-27T21:10Z","2016-10-03T18:00Z","NEON.LTR.UNDE048897.20160926","NEON.LTR.UNDE048897.20160926.SDS","NEON.DOC.001710vE","Seeds",0,"N","","eMuK013bQYWUakFyOlw8RKtvvGPXqSpz"
"15c5cd88-e87c-434b-a3a4-96529d41a358","UNDE_048.basePlot.ltr","D05","UNDE","UNDE_048","UNDE_048_897","2016-10-03","2016-09-12","2016-09-26","2016-09-27T21:10Z","2016-10-03T18:00Z","NEON.LTR.UNDE048897.20160926","NEON.LTR.UNDE048897.20160926.FLR","NEON.DOC.001710vE","Flowers",0.005,"N","","eMuK013bQYWUakFyOlw8RKtvvGPXqSpz"
"cf6bbbc8-f300-44b7-808f-6593146331e8","UNDE_048.basePlot.ltr","D05","UNDE","UNDE_048","UNDE_048_897","2016-10-03","2016-09-12","2016-09-26","2016-09-27T21:10Z","2016-10-03T18:00Z","NEON.LTR.UNDE048897.20160926","NEON.LTR.UNDE048897.20160926.LVS","NEON.DOC.001710vE","Leaves",27.97,"N","","eMuK013bQYWUakFyOlw8RKtvvGPXqSpz"
"329698ab-48b3-4ad4-877f-49d707e57663","UNDE_048.basePlot.ltr","D05","UNDE","UNDE_048","UNDE_048_897","2016-10-03","2016-09-12","2016-09-26","2016-09-27T21:10Z","2016-10-03T18:00Z","NEON.LTR.UNDE048897.20160926","NEON.LTR.UNDE048897.20160926.TWI","NEON.DOC.001710vE","Twigs/branches",2.01,"N","","eMuK013bQYWUakFyOlw8RKtvvGPXqSpz"
"0a2a67ff-3b6a-4314-a3b4-725784ba0e4a","UNDE_065.basePlot.ltr","D05","UNDE","UNDE_065","UNDE_065_363","2016-10-03","2016-09-12","2016-09-26","2016-09-27T21:10Z","2016-10-03T18:00Z","NEON.LTR.UNDE065363.20160926","NEON.LTR.UNDE065363.20160926.TWI","NEON.DOC.001710vE","Twigs/branches",0.005,"N","","eMuK013bQYWUakFyOlw8RKtvvGPXqSpz"
"7535313e-192f-40dc-972d-25d89aedebba","UNDE_065.basePlot.ltr","D05","UNDE","UNDE_065","UNDE_065_363","2016-10-03","2016-09-12","2016-09-26","2016-09-27T21:10Z","2016-10-03T18:00Z","NEON.LTR.UNDE065363.20160926","NEON.LTR.UNDE065363.20160926.WDY","NEON.DOC.001710vE","Woody material",0,"N","","eMuK013bQYWUakFyOlw8RKtvvGPXqSpz"
"d2b63fbd-4400-4b0e-a8b4-1b0aa493935e","UNDE_065.basePlot.ltr","D05","UNDE","UNDE_065","UNDE_065_363","2016-10-03","2016-09-12","2016-09-26","2016-09-27T21:10Z","2016-10-03T18:00Z","NEON.LTR.UNDE065363.20160926","NEON.LTR.UNDE065363.20160926.OTH","NEON.DOC.001710vE","Other",0,"N","","eMuK013bQYWUakFyOlw8RKtvvGPXqSpz"
"6fec34d0-81dd-401b-a720-93379fcf3c5d","UNDE_065.basePlot.ltr","D05","UNDE","UNDE_065","UNDE_065_363","2016-10-03","2016-09-12","2016-09-26","2016-09-27T21:10Z","2016-10-03T18:00Z","NEON.LTR.UNDE065363.20160926","NEON.LTR.UNDE065363.20160926.FLR","NEON.DOC.001710vE","Flowers",0.02,"N","","eMuK013bQYWUakFyOlw8RKtvvGPXqSpz"
"577fb089-d2ed-44ac-9ea9-7b15c133d5d2","UNDE_065.basePlot.ltr","D05","UNDE","UNDE_065","UNDE_065_363","2016-10-03","2016-09-12","2016-09-26","2016-09-27T21:10Z","2016-10-03T18:00Z","NEON.LTR.UNDE065363.20160926","NEON.LTR.UNDE065363.20160926.SDS","NEON.DOC.001710vE","Seeds",0.005,"N","","eMuK013bQYWUakFyOlw8RKtvvGPXqSpz"
"32b98e95-b831-49de-9467-f330df92389e","UNDE_065.basePlot.ltr","D05","UNDE","UNDE_065","UNDE_065_363","2016-10-03","2016-09-12","2016-09-26","2016-09-27T21:10Z","2016-10-03T18:00Z","NEON.LTR.UNDE065363.20160926","NEON.LTR.UNDE065363.20160926.LVS","NEON.DOC.001710vE","Leaves",4.8,"N","","eMuK013bQYWUakFyOlw8RKtvvGPXqSpz"
"1d11a308-a4bc-4d18-b319-fe70397c7766","UNDE_065.basePlot.ltr","D05","UNDE","UNDE_065","UNDE_065_363","2016-10-03","2016-09-12","2016-09-26","2016-09-27T21:10Z","2016-10-03T18:00Z","NEON.LTR.UNDE065363.20160926","NEON.LTR.UNDE065363.20160926.NDL","NEON.DOC.001710vE","Needles",0.02,"N","","eMuK013bQYWUakFyOlw8RKtvvGPXqSpz"
"8111a151-dc60-4d5b-b0d2-8ac4575709a1","UNDE_054.basePlot.ltr","D05","UNDE","UNDE_054","UNDE_054_436","2016-10-03","2016-09-12","2016-09-26","2016-09-27T21:10Z","2016-10-03T18:00Z","NEON.LTR.UNDE054436.20160926","NEON.LTR.UNDE054436.20160926.OTH","NEON.DOC.001710vE","Other",0.24,"N","","eMuK013bQYWUakFyOlw8RKtvvGPXqSpz"
"2ab6ceae-c8e3-4936-a523-ea89be407679","UNDE_057.basePlot.ltr","D05","UNDE","UNDE_057","UNDE_057_413","2016-10-03","2016-09-12","2016-09-26","2016-09-27T21:10Z","2016-10-03T18:00Z","NEON.LTR.UNDE057413.20160926","NEON.LTR.UNDE057413.20160926.LVS","NEON.DOC.001710vE","Leaves",36.15,"N","","eMuK013bQYWUakFyOlw8RKtvvGPXqSpz"
"a871b58f-0d0e-40c4-b6b0-c962e42584de","UNDE_057.basePlot.ltr","D05","UNDE","UNDE_057","UNDE_057_413","2016-10-03","2016-09-12","2016-09-26","2016-09-27T21:10Z","2016-10-03T18:00Z","NEON.LTR.UNDE057413.20160926","NEON.LTR.UNDE057413.20160926.FLR","NEON.DOC.001710vE","Flowers",0.005,"Y","","eMuK013bQYWUakFyOlw8RKtvvGPXqSpz"
"41a7f340-49e6-47a6-a4c8-3ab6f9ddcf28","UNDE_057.basePlot.ltr","D05","UNDE","UNDE_057","UNDE_057_413","2016-10-03","2016-09-12","2016-09-26","2016-09-27T21:10Z","2016-10-03T18:00Z","NEON.LTR.UNDE057413.20160926","NEON.LTR.UNDE057413.20160926.FLR","NEON.DOC.001710vE","Flowers",0.005,"N","","eMuK013bQYWUakFyOlw8RKtvvGPXqSpz"
"c941dcdd-06e4-404a-bc92-e2865e2e6e74","UNDE_057.basePlot.ltr","D05","UNDE","UNDE_057","UNDE_057_413","2016-10-03","2016-09-12","2016-09-26","2016-09-27T21:10Z","2016-10-03T18:00Z","NEON.LTR.UNDE057413.20160926","NEON.LTR.UNDE057413.20160926.SDS","NEON.DOC.001710vE","Seeds",0.005,"N","","eMuK013bQYWUakFyOlw8RKtvvGPXqSpz"
"c1330127-a0bb-43df-93e0-748b528aadcb","UNDE_057.basePlot.ltr","D05","UNDE","UNDE_057","UNDE_057_413","2016-10-03","2016-09-12","2016-09-26","2016-09-27T21:10Z","2016-10-03T18:00Z","NEON.LTR.UNDE057413.20160926","NEON.LTR.UNDE057413.20160926.NDL","NEON.DOC.001710vE","Needles",2.78,"N","","eMuK013bQYWUakFyOlw8RKtvvGPXqSpz"
"82270c39-7941-452a-baa3-aa5d0372d443","UNDE_057.basePlot.ltr","D05","UNDE","UNDE_057","UNDE_057_413","2016-10-03","2016-09-12","2016-09-26","2016-09-27T21:10Z","2016-10-03T18:00Z","NEON.LTR.UNDE057413.20160926","NEON.LTR.UNDE057413.20160926.OTH","NEON.DOC.001710vE","Other",0.09,"N","","eMuK013bQYWUakFyOlw8RKtvvGPXqSpz"
"6d411372-292c-4d4e-9985-5da25cbe9406","UNDE_057.basePlot.ltr","D05","UNDE","UNDE_057","UNDE_057_413","2016-10-03","2016-09-12","2016-09-26","2016-09-27T21:10Z","2016-10-03T18:00Z","NEON.LTR.UNDE057413.20160926","NEON.LTR.UNDE057413.20160926.TWI","NEON.DOC.001710vE","Twigs/branches",0.11,"N","","eMuK013bQYWUakFyOlw8RKtvvGPXqSpz"
"1484ff24-ea61-4a00-a5e3-3dcf7a60e0bc","UNDE_057.basePlot.ltr","D05","UNDE","UNDE_057","UNDE_057_413","2016-10-03","2016-09-12","2016-09-26","2016-09-27T21:10Z","2016-10-03T18:00Z","NEON.LTR.UNDE057413.20160926","NEON.LTR.UNDE057413.20160926.WDY","NEON.DOC.001710vE","Woody material",0.01,"N","","eMuK013bQYWUakFyOlw8RKtvvGPXqSpz"
"58f3fc69-de14-40ab-9696-b20174603180","UNDE_057.basePlot.ltr","D05","UNDE","UNDE_057","UNDE_057_413","2016-10-03","2016-09-12","2016-09-26","2016-09-27T21:10Z","2016-10-03T18:00Z","NEON.LTR.UNDE057413.20160926","NEON.LTR.UNDE057413.20160926.NDL","NEON.DOC.001710vE","Needles",2.79,"Y","","eMuK013bQYWUakFyOlw8RKtvvGPXqSpz"
"4691a288-6240-4833-9c95-08d35a003073","UNDE_057.basePlot.ltr","D05","UNDE","UNDE_057","UNDE_057_413","2016-10-03","2016-09-12","2016-09-26","2016-09-27T21:10Z","2016-10-03T18:00Z","NEON.LTR.UNDE057413.20160926","NEON.LTR.UNDE057413.20160926.LVS","NEON.DOC.001710vE","Leaves",36.13,"N","","eMuK013bQYWUakFyOlw8RKtvvGPXqSpz"
"21805fd9-e325-4820-ba90-ddd9669b1010","UNDE_043.basePlot.ltr","D05","UNDE","UNDE_043","UNDE_043_661","2016-10-03","2016-09-12","2016-09-26","2016-09-27T21:10Z","2016-10-03T18:00Z","NEON.LTR.UNDE043661.20160926","NEON.LTR.UNDE043661.20160926.TWI","NEON.DOC.001710vE","Twigs/branches",1.03,"N","","eMuK013bQYWUakFyOlw8RKtvvGPXqSpz"
"ef9d084f-2634-452b-99d6-55e3f8b186f0","UNDE_043.basePlot.ltr","D05","UNDE","UNDE_043","UNDE_043_661","2016-10-03","2016-09-12","2016-09-26","2016-09-27T21:10Z","2016-10-03T18:00Z","NEON.LTR.UNDE043661.20160926","NEON.LTR.UNDE043661.20160926.SDS","NEON.DOC.001710vE","Seeds",0,"N","","eMuK013bQYWUakFyOlw8RKtvvGPXqSpz"
"f343bd84-dfcc-411b-92aa-a41cd62ff121","UNDE_043.basePlot.ltr","D05","UNDE","UNDE_043","UNDE_043_661","2016-10-03","2016-09-12","2016-09-26","2016-09-27T21:10Z","2016-10-03T18:00Z","NEON.LTR.UNDE043661.20160926","NEON.LTR.UNDE043661.20160926.WDY","NEON.DOC.001710vE","Woody material",0,"N","","eMuK013bQYWUakFyOlw8RKtvvGPXqSpz"
"dbb6c249-7c36-45ec-8a3c-523d452af57d","UNDE_043.basePlot.ltr","D05","UNDE","UNDE_043","UNDE_043_661","2016-10-03","2016-09-12","2016-09-26","2016-09-27T21:10Z","2016-10-03T18:00Z","NEON.LTR.UNDE043661.20160926","NEON.LTR.UNDE043661.20160926.NDL","NEON.DOC.001710vE","Needles",0.005,"N","","eMuK013bQYWUakFyOlw8RKtvvGPXqSpz"
"4e2e1633-4b40-4088-a648-5add0f8db9d5","UNDE_043.basePlot.ltr","D05","UNDE","UNDE_043","UNDE_043_661","2016-10-03","2016-09-12","2016-09-26","2016-09-27T21:10Z","2016-10-03T18:00Z","NEON.LTR.UNDE043661.20160926","NEON.LTR.UNDE043661.20160926.LVS","NEON.DOC.001710vE","Leaves",7.8,"N","","eMuK013bQYWUakFyOlw8RKtvvGPXqSpz"
"cb88e826-ecdd-4361-8005-525da4223dfc","UNDE_043.basePlot.ltr","D05","UNDE","UNDE_043","UNDE_043_661","2016-10-03","2016-09-12","2016-09-26","2016-09-27T21:10Z","2016-10-03T18:00Z","NEON.LTR.UNDE043661.20160926","NEON.LTR.UNDE043661.20160926.FLR","NEON.DOC.001710vE","Flowers",0.005,"N","Looks like eotr","eMuK013bQYWUakFyOlw8RKtvvGPXqSpz"
"4c2f333f-c409-40e6-a4c5-8ca4aef00750","UNDE_043.basePlot.ltr","D05","UNDE","UNDE_043","UNDE_043_661","2016-10-03","2016-09-12","2016-09-26","2016-09-27T21:10Z","2016-10-03T18:00Z","NEON.LTR.UNDE043661.20160926","NEON.LTR.UNDE043661.20160926.LVS","NEON.DOC.001710vE","Leaves",7.82,"Y","","eMuK013bQYWUakFyOlw8RKtvvGPXqSpz"
"37d45b24-b841-4736-9cb0-e834260ad8e4","UNDE_055.basePlot.ltr","D05","UNDE","UNDE_055","UNDE_055_269","2016-10-03","2016-09-12","2016-09-26","2016-09-27T21:10Z","2016-10-03T18:00Z","NEON.LTR.UNDE055269.20160926","NEON.LTR.UNDE055269.20160926.TWI","NEON.DOC.001710vE","Twigs/branches",0,"N","","eMuK013bQYWUakFyOlw8RKtvvGPXqSpz"
"036e4f39-497a-4f97-bd52-fd0f219e39c5","UNDE_055.basePlot.ltr","D05","UNDE","UNDE_055","UNDE_055_269","2016-10-03","2016-09-12","2016-09-26","2016-09-27T21:10Z","2016-10-03T18:00Z","NEON.LTR.UNDE055269.20160926","NEON.LTR.UNDE055269.20160926.SDS","NEON.DOC.001710vE","Seeds",0.07,"N","","eMuK013bQYWUakFyOlw8RKtvvGPXqSpz"
"19174631-48c1-4665-a25e-051cf5ddb7a6","UNDE_055.basePlot.ltr","D05","UNDE","UNDE_055","UNDE_055_269","2016-10-03","2016-09-12","2016-09-26","2016-09-27T21:10Z","2016-10-03T18:00Z","NEON.LTR.UNDE055269.20160926","NEON.LTR.UNDE055269.20160926.WDY","NEON.DOC.001710vE","Woody material",0.005,"Y","","eMuK013bQYWUakFyOlw8RKtvvGPXqSpz"
"7215d4cf-39dc-438b-ae6a-c953d32e58f0","UNDE_055.basePlot.ltr","D05","UNDE","UNDE_055","UNDE_055_269","2016-10-03","2016-09-12","2016-09-26","2016-09-27T21:10Z","2016-10-03T18:00Z","NEON.LTR.UNDE055269.20160926","NEON.LTR.UNDE055269.20160926.OTH","NEON.DOC.001710vE","Other",0,"N","","eMuK013bQYWUakFyOlw8RKtvvGPXqSpz"
"3ec56588-c64d-44b1-a102-1e9da47b29f8","UNDE_043.basePlot.ltr","D05","UNDE","UNDE_043","UNDE_043_661","2016-10-03","2016-09-12","2016-09-26","2016-09-27T21:10Z","2016-10-03T18:00Z","NEON.LTR.UNDE043661.20160926","NEON.LTR.UNDE043661.20160926.OTH","NEON.DOC.001710vE","Other",0,"N","","eMuK013bQYWUakFyOlw8RKtvvGPXqSpz"
"aff8b574-1fd2-40d6-b3eb-2036a7229481","UNDE_055.basePlot.ltr","D05","UNDE","UNDE_055","UNDE_055_269","2016-10-03","2016-09-12","2016-09-26","2016-09-27T21:10Z","2016-10-03T18:00Z","NEON.LTR.UNDE055269.20160926","NEON.LTR.UNDE055269.20160926.NDL","NEON.DOC.001710vE","Needles",0.01,"N","","eMuK013bQYWUakFyOlw8RKtvvGPXqSpz"
"ccd00a68-6ce9-4c7f-8e18-11d6cf969152","UNDE_055.basePlot.ltr","D05","UNDE","UNDE_055","UNDE_055_269","2016-10-03","2016-09-12","2016-09-26","2016-09-27T21:10Z","2016-10-03T18:00Z","NEON.LTR.UNDE055269.20160926","NEON.LTR.UNDE055269.20160926.WDY","NEON.DOC.001710vE","Woody material",0.005,"N","","eMuK013bQYWUakFyOlw8RKtvvGPXqSpz"
"5f5f7a9a-8a9c-42f2-a1fd-1251eb64b55d","UNDE_055.basePlot.ltr","D05","UNDE","UNDE_055","UNDE_055_269","2016-10-03","2016-09-12","2016-09-26","2016-09-27T21:10Z","2016-10-03T18:00Z","NEON.LTR.UNDE055269.20160926","NEON.LTR.UNDE055269.20160926.LVS","NEON.DOC.001710vE","Leaves",2.1,"N","","eMuK013bQYWUakFyOlw8RKtvvGPXqSpz"
"41759df8-b064-4c2b-904b-a8f2cdcdc5f3","UNDE_055.basePlot.ltr","D05","UNDE","UNDE_055","UNDE_055_269","2016-10-03","2016-09-12","2016-09-26","2016-09-27T21:10Z","2016-10-03T18:00Z","NEON.LTR.UNDE055269.20160926","NEON.LTR.UNDE055269.20160926.FLR","NEON.DOC.001710vE","Flowers",0.02,"N","","eMuK013bQYWUakFyOlw8RKtvvGPXqSpz"
"c103909b-ade0-4700-a14f-6dea7cf897e9","UNDE_052.basePlot.ltr","D05","UNDE","UNDE_052","UNDE_052_111","2016-10-03","2016-09-12","2016-09-26","2016-09-27T21:10Z","2016-10-03T18:00Z","NEON.LTR.UNDE052111.20160926","NEON.LTR.UNDE052111.20160926.WDY","NEON.DOC.001710vE","Woody material",0.02,"N","","eMuK013bQYWUakFyOlw8RKtvvGPXqSpz"
"e486c4d7-07c8-4740-bcc0-5b4dadc5cc14","UNDE_052.basePlot.ltr","D05","UNDE","UNDE_052","UNDE_052_111","2016-10-03","2016-09-12","2016-09-26","2016-09-27T21:10Z","2016-10-03T18:00Z","NEON.LTR.UNDE052111.20160926","NEON.LTR.UNDE052111.20160926.FLR","NEON.DOC.001710vE","Flowers",0,"N","","eMuK013bQYWUakFyOlw8RKtvvGPXqSpz"
"536660b4-82a8-4ccf-ab86-2a2b40fa8e97","UNDE_052.basePlot.ltr","D05","UNDE","UNDE_052","UNDE_052_111","2016-10-03","2016-09-12","2016-09-26","2016-09-27T21:10Z","2016-10-03T18:00Z","NEON.LTR.UNDE052111.20160926","NEON.LTR.UNDE052111.20160926.LVS","NEON.DOC.001710vE","Leaves",16.85,"N","","eMuK013bQYWUakFyOlw8RKtvvGPXqSpz"
"8028fbb2-1237-4fe6-a523-24f71d2e8a3e","UNDE_052.basePlot.ltr","D05","UNDE","UNDE_052","UNDE_052_111","2016-10-03","2016-09-12","2016-09-26","2016-09-27T21:10Z","2016-10-03T18:00Z","NEON.LTR.UNDE052111.20160926","NEON.LTR.UNDE052111.20160926.OTH","NEON.DOC.001710vE","Other",0.05,"N","","eMuK013bQYWUakFyOlw8RKtvvGPXqSpz"
"0390283e-6c44-41bb-b84e-9f2843507fdf","UNDE_052.basePlot.ltr","D05","UNDE","UNDE_052","UNDE_052_111","2016-10-03","2016-09-12","2016-09-26","2016-09-27T21:10Z","2016-10-03T18:00Z","NEON.LTR.UNDE052111.20160926","NEON.LTR.UNDE052111.20160926.SDS","NEON.DOC.001710vE","Seeds",0,"N","","eMuK013bQYWUakFyOlw8RKtvvGPXqSpz"
"7be60355-3b81-46cd-aba4-498a2cd00beb","UNDE_052.basePlot.ltr","D05","UNDE","UNDE_052","UNDE_052_111","2016-10-03","2016-09-12","2016-09-26","2016-09-27T21:10Z","2016-10-03T18:00Z","NEON.LTR.UNDE052111.20160926","NEON.LTR.UNDE052111.20160926.TWI","NEON.DOC.001710vE","Twigs/branches",1.73,"N","","eMuK013bQYWUakFyOlw8RKtvvGPXqSpz"
"f7ceb943-49db-45c4-a0b1-f4e2048b0378","UNDE_052.basePlot.ltr","D05","UNDE","UNDE_052","UNDE_052_111","2016-10-03","2016-09-12","2016-09-26","2016-09-27T21:10Z","2016-10-03T18:00Z","NEON.LTR.UNDE052111.20160926","NEON.LTR.UNDE052111.20160926.NDL","NEON.DOC.001710vE","Needles",0.04,"N","","eMuK013bQYWUakFyOlw8RKtvvGPXqSpz"
"1a5f4b5a-f512-4961-a0e9-72c8f7f64b56","UNDE_061.basePlot.ltr","D05","UNDE","UNDE_061","UNDE_061_828","2016-10-03","2016-09-12","2016-09-26","2016-09-27T21:10Z","2016-10-03T18:00Z","NEON.LTR.UNDE061828.20160926","NEON.LTR.UNDE061828.20160926.OTH","NEON.DOC.001710vE","Other",0.18,"N","","eMuK013bQYWUakFyOlw8RKtvvGPXqSpz"
"a77f6070-9242-42c9-aa4b-30482a1a9834","UNDE_061.basePlot.ltr","D05","UNDE","UNDE_061","UNDE_061_828","2016-10-03","2016-09-12","2016-09-26","2016-09-27T21:10Z","2016-10-03T18:00Z","NEON.LTR.UNDE061828.20160926","NEON.LTR.UNDE061828.20160926.NDL","NEON.DOC.001710vE","Needles",0.005,"N","","eMuK013bQYWUakFyOlw8RKtvvGPXqSpz"
"ff253b80-6856-4921-8a3b-ae7b520394d4","UNDE_061.basePlot.ltr","D05","UNDE","UNDE_061","UNDE_061_828","2016-10-03","2016-09-12","2016-09-26","2016-09-27T21:10Z","2016-10-03T18:00Z","NEON.LTR.UNDE061828.20160926","NEON.LTR.UNDE061828.20160926.LVS","NEON.DOC.001710vE","Leaves",5.18,"N","","eMuK013bQYWUakFyOlw8RKtvvGPXqSpz"
"15b0c766-aaf9-4de1-846f-c0df7eb17b52","UNDE_061.basePlot.ltr","D05","UNDE","UNDE_061","UNDE_061_828","2016-10-03","2016-09-12","2016-09-26","2016-09-27T21:10Z","2016-10-03T18:00Z","NEON.LTR.UNDE061828.20160926","NEON.LTR.UNDE061828.20160926.LVS","NEON.DOC.001710vE","Leaves",5.18,"Y","","eMuK013bQYWUakFyOlw8RKtvvGPXqSpz"
"4b250dcc-8310-4393-840d-d9edba8b6a63","UNDE_061.basePlot.ltr","D05","UNDE","UNDE_061","UNDE_061_828","2016-10-03","2016-09-12","2016-09-26","2016-09-27T21:10Z","2016-10-03T18:00Z","NEON.LTR.UNDE061828.20160926","NEON.LTR.UNDE061828.20160926.TWI","NEON.DOC.001710vE","Twigs/branches",0.26,"N","","eMuK013bQYWUakFyOlw8RKtvvGPXqSpz"
"99b76149-3fe8-474a-a231-3ce214d0c42f","UNDE_061.basePlot.ltr","D05","UNDE","UNDE_061","UNDE_061_828","2016-10-03","2016-09-12","2016-09-26","2016-09-27T21:10Z","2016-10-03T18:00Z","NEON.LTR.UNDE061828.20160926","NEON.LTR.UNDE061828.20160926.WDY","NEON.DOC.001710vE","Woody material",0,"N","","eMuK013bQYWUakFyOlw8RKtvvGPXqSpz"
"0dd30f29-83d0-4c26-a93c-f23cc2838805","UNDE_061.basePlot.ltr","D05","UNDE","UNDE_061","UNDE_061_828","2016-10-03","2016-09-12","2016-09-26","2016-09-27T21:10Z","2016-10-03T18:00Z","NEON.LTR.UNDE061828.20160926","NEON.LTR.UNDE061828.20160926.FLR","NEON.DOC.001710vE","Flowers",0,"N","","eMuK013bQYWUakFyOlw8RKtvvGPXqSpz"
"93063d9a-5f85-4998-95c9-fdcbe365977f","UNDE_061.basePlot.ltr","D05","UNDE","UNDE_061","UNDE_061_828","2016-10-03","2016-09-12","2016-09-26","2016-09-27T21:10Z","2016-10-03T18:00Z","NEON.LTR.UNDE061828.20160926","NEON.LTR.UNDE061828.20160926.SDS","NEON.DOC.001710vE","Seeds",0.03,"Y","","eMuK013bQYWUakFyOlw8RKtvvGPXqSpz"
"22b3cee2-5831-4e31-93b7-7c82dae34cc8","UNDE_061.basePlot.ltr","D05","UNDE","UNDE_061","UNDE_061_828","2016-10-03","2016-09-12","2016-09-26","2016-09-27T21:10Z","2016-10-03T18:00Z","NEON.LTR.UNDE061828.20160926","NEON.LTR.UNDE061828.20160926.SDS","NEON.DOC.001710vE","Seeds",0.02,"N","","eMuK013bQYWUakFyOlw8RKtvvGPXqSpz"
"eb1074f8-e789-4533-a1b5-7248d1894373","UNDE_044.basePlot.ltr","D05","UNDE","UNDE_044","UNDE_044_515","2016-10-03","2016-09-12","2016-09-26","2016-09-27T21:10Z","2016-10-03T18:00Z","NEON.LTR.UNDE044515.20160926","NEON.LTR.UNDE044515.20160926.LVS","NEON.DOC.001710vE","Leaves",2.19,"N","","eMuK013bQYWUakFyOlw8RKtvvGPXqSpz"
"6a0271a5-d9c7-40cd-9718-24aae5671664","UNDE_044.basePlot.ltr","D05","UNDE","UNDE_044","UNDE_044_515","2016-10-03","2016-09-12","2016-09-26","2016-09-27T21:10Z","2016-10-03T18:00Z","NEON.LTR.UNDE044515.20160926","NEON.LTR.UNDE044515.20160926.SDS","NEON.DOC.001710vE","Seeds",0,"N","","eMuK013bQYWUakFyOlw8RKtvvGPXqSpz"
"61650d45-7660-404b-8a5a-2069fc8d3249","UNDE_044.basePlot.ltr","D05","UNDE","UNDE_044","UNDE_044_515","2016-10-03","2016-09-12","2016-09-26","2016-09-27T21:10Z","2016-10-03T18:00Z","NEON.LTR.UNDE044515.20160926","NEON.LTR.UNDE044515.20160926.WDY","NEON.DOC.001710vE","Woody material",0,"N","","eMuK013bQYWUakFyOlw8RKtvvGPXqSpz"
"2f91ab54-29c9-451e-a68d-12974786e6fd","UNDE_044.basePlot.ltr","D05","UNDE","UNDE_044","UNDE_044_515","2016-10-03","2016-09-12","2016-09-26","2016-09-27T21:10Z","2016-10-03T18:00Z","NEON.LTR.UNDE044515.20160926","NEON.LTR.UNDE044515.20160926.NDL","NEON.DOC.001710vE","Needles",0.03,"N","","eMuK013bQYWUakFyOlw8RKtvvGPXqSpz"
"067d4ea0-b4a1-45bc-a3cb-7c37bf1176e7","UNDE_044.basePlot.ltr","D05","UNDE","UNDE_044","UNDE_044_515","2016-10-03","2016-09-12","2016-09-26","2016-09-27T21:10Z","2016-10-03T18:00Z","NEON.LTR.UNDE044515.20160926","NEON.LTR.UNDE044515.20160926.OTH","NEON.DOC.001710vE","Other",0.07,"N","","eMuK013bQYWUakFyOlw8RKtvvGPXqSpz"
"16a052f9-f29b-4743-8fbf-668154f3f4c1","UNDE_044.basePlot.ltr","D05","UNDE","UNDE_044","UNDE_044_515","2016-10-03","2016-09-12","2016-09-26","2016-09-27T21:10Z","2016-10-03T18:00Z","NEON.LTR.UNDE044515.20160926","NEON.LTR.UNDE044515.20160926.FLR","NEON.DOC.001710vE","Flowers",0.005,"N","Looks like eotr","eMuK013bQYWUakFyOlw8RKtvvGPXqSpz"
"2432eec5-58f0-496b-85a2-9e114d0349ce","UNDE_044.basePlot.ltr","D05","UNDE","UNDE_044","UNDE_044_515","2016-10-03","2016-09-12","2016-09-26","2016-09-27T21:10Z","2016-10-03T18:00Z","NEON.LTR.UNDE044515.20160926","NEON.LTR.UNDE044515.20160926.TWI","NEON.DOC.001710vE","Twigs/branches",0.26,"N","","eMuK013bQYWUakFyOlw8RKtvvGPXqSpz"
"6df6735c-c36d-4bb0-a65c-54847d3a05f2","UNDE_058.basePlot.ltr","D05","UNDE","UNDE_058","UNDE_058_828","2016-10-03","2016-09-12","2016-09-26","2016-09-27T21:10Z","2016-10-03T18:00Z","NEON.LTR.UNDE058828.20160926","NEON.LTR.UNDE058828.20160926.TWI","NEON.DOC.001710vE","Twigs/branches",11.28,"N","","eMuK013bQYWUakFyOlw8RKtvvGPXqSpz"
"83cd3216-10e1-44c1-b654-96595cc78073","UNDE_058.basePlot.ltr","D05","UNDE","UNDE_058","UNDE_058_828","2016-10-03","2016-09-12","2016-09-26","2016-09-27T21:10Z","2016-10-03T18:00Z","NEON.LTR.UNDE058828.20160926","NEON.LTR.UNDE058828.20160926.OTH","NEON.DOC.001710vE","Other",0.21,"N","","eMuK013bQYWUakFyOlw8RKtvvGPXqSpz"
"6b41e097-6781-4315-9215-c65e8a52fce5","UNDE_058.basePlot.ltr","D05","UNDE","UNDE_058","UNDE_058_828","2016-10-03","2016-09-12","2016-09-26","2016-09-27T21:10Z","2016-10-03T18:00Z","NEON.LTR.UNDE058828.20160926","NEON.LTR.UNDE058828.20160926.NDL","NEON.DOC.001710vE","Needles",0,"N","","eMuK013bQYWUakFyOlw8RKtvvGPXqSpz"
"88f3b2f1-955b-4542-b12c-45f84608342e","UNDE_058.basePlot.ltr","D05","UNDE","UNDE_058","UNDE_058_828","2016-10-03","2016-09-12","2016-09-26","2016-09-27T21:10Z","2016-10-03T18:00Z","NEON.LTR.UNDE058828.20160926","NEON.LTR.UNDE058828.20160926.LVS","NEON.DOC.001710vE","Leaves",4.32,"N","","eMuK013bQYWUakFyOlw8RKtvvGPXqSpz"
"7f07b31e-4c27-493f-b872-a89d22463b38","UNDE_058.basePlot.ltr","D05","UNDE","UNDE_058","UNDE_058_828","2016-10-03","2016-09-12","2016-09-26","2016-09-27T21:10Z","2016-10-03T18:00Z","NEON.LTR.UNDE058828.20160926","NEON.LTR.UNDE058828.20160926.FLR","NEON.DOC.001710vE","Flowers",0,"N","","eMuK013bQYWUakFyOlw8RKtvvGPXqSpz"
"621ac68a-3b56-4d01-8603-74ed52f7361b","UNDE_058.basePlot.ltr","D05","UNDE","UNDE_058","UNDE_058_828","2016-10-03","2016-09-12","2016-09-26","2016-09-27T21:10Z","2016-10-03T18:00Z","NEON.LTR.UNDE058828.20160926","NEON.LTR.UNDE058828.20160926.WDY","NEON.DOC.001710vE","Woody material",0,"N","","eMuK013bQYWUakFyOlw8RKtvvGPXqSpz"
"3e43d5c9-6505-4c57-97bb-213342bdb202","UNDE_058.basePlot.ltr","D05","UNDE","UNDE_058","UNDE_058_828","2016-10-03","2016-09-12","2016-09-26","2016-09-27T21:10Z","2016-10-03T18:00Z","NEON.LTR.UNDE058828.20160926","NEON.LTR.UNDE058828.20160926.TWI","NEON.DOC.001710vE","Twigs/branches",11.28,"Y","","eMuK013bQYWUakFyOlw8RKtvvGPXqSpz"
"f69d6070-6333-4855-b810-5fd03fd766b5","UNDE_058.basePlot.ltr","D05","UNDE","UNDE_058","UNDE_058_828","2016-10-03","2016-09-12","2016-09-26","2016-09-27T21:10Z","2016-10-03T18:00Z","NEON.LTR.UNDE058828.20160926","NEON.LTR.UNDE058828.20160926.SDS","NEON.DOC.001710vE","Seeds",0,"N","","eMuK013bQYWUakFyOlw8RKtvvGPXqSpz"
"b719a885-7072-4322-b5a0-5983bd19d0b6","UNDE_065.basePlot.ltr","D05","UNDE","UNDE_065","UNDE_065_010","2016-10-03","2016-09-12","2016-09-26","2016-09-27T21:10Z","2016-10-03T18:00Z","NEON.LTR.UNDE065010.20160926","NEON.LTR.UNDE065010.20160926.LVS","NEON.DOC.001710vE","Leaves",14.91,"N","","eMuK013bQYWUakFyOlw8RKtvvGPXqSpz"
"8727a91a-ff02-414d-99a0-83a424c703d7","UNDE_065.basePlot.ltr","D05","UNDE","UNDE_065","UNDE_065_010","2016-10-03","2016-09-12","2016-09-26","2016-09-27T21:10Z","2016-10-03T18:00Z","NEON.LTR.UNDE065010.20160926","NEON.LTR.UNDE065010.20160926.WDY","NEON.DOC.001710vE","Woody material",0.38,"N","","eMuK013bQYWUakFyOlw8RKtvvGPXqSpz"
"be873718-4ccf-4884-ace9-4635615b6972","UNDE_065.basePlot.ltr","D05","UNDE","UNDE_065","UNDE_065_010","2016-10-03","2016-09-12","2016-09-26","2016-09-27T21:10Z","2016-10-03T18:00Z","NEON.LTR.UNDE065010.20160926","NEON.LTR.UNDE065010.20160926.SDS","NEON.DOC.001710vE","Seeds",0.005,"N","","eMuK013bQYWUakFyOlw8RKtvvGPXqSpz"
"eeba55e4-01f2-4915-999f-310684b46972","UNDE_065.basePlot.ltr","D05","UNDE","UNDE_065","UNDE_065_010","2016-10-03","2016-09-12","2016-09-26","2016-09-27T21:10Z","2016-10-03T18:00Z","NEON.LTR.UNDE065010.20160926","NEON.LTR.UNDE065010.20160926.NDL","NEON.DOC.001710vE","Needles",0.005,"N","","eMuK013bQYWUakFyOlw8RKtvvGPXqSpz"
"518fe590-fca1-4821-a28a-f65900d15127","UNDE_065.basePlot.ltr","D05","UNDE","UNDE_065","UNDE_065_010","2016-10-03","2016-09-12","2016-09-26","2016-09-27T21:10Z","2016-10-03T18:00Z","NEON.LTR.UNDE065010.20160926","NEON.LTR.UNDE065010.20160926.OTH","NEON.DOC.001710vE","Other",0.08,"N","","eMuK013bQYWUakFyOlw8RKtvvGPXqSpz"
"4b9facaa-686d-43f7-a062-9bc3b8a9909e","UNDE_065.basePlot.ltr","D05","UNDE","UNDE_065","UNDE_065_010","2016-10-03","2016-09-12","2016-09-26","2016-09-27T21:10Z","2016-10-03T18:00Z","NEON.LTR.UNDE065010.20160926","NEON.LTR.UNDE065010.20160926.FLR","NEON.DOC.001710vE","Flowers",0,"N","","eMuK013bQYWUakFyOlw8RKtvvGPXqSpz"
"d2b8153c-2100-4842-85ed-ab1001d05a88","UNDE_047.basePlot.ltr","D05","UNDE","UNDE_047","UNDE_047_673","2016-10-03","2016-09-12","2016-09-26","2016-09-27T21:10Z","2016-10-03T18:00Z","NEON.LTR.UNDE047673.20160926","NEON.LTR.UNDE047673.20160926.WDY","NEON.DOC.001710vE","Woody material",0,"N","","eMuK013bQYWUakFyOlw8RKtvvGPXqSpz"
"5002de14-835e-4cdc-b15c-ae9e0f2e434a","UNDE_047.basePlot.ltr","D05","UNDE","UNDE_047","UNDE_047_673","2016-10-03","2016-09-12","2016-09-26","2016-09-27T21:10Z","2016-10-03T18:00Z","NEON.LTR.UNDE047673.20160926","NEON.LTR.UNDE047673.20160926.LVS","NEON.DOC.001710vE","Leaves",19.73,"N","","eMuK013bQYWUakFyOlw8RKtvvGPXqSpz"
"b43230db-2dc2-4eff-8051-5802136bbb8b","UNDE_048.basePlot.ltr","D05","UNDE","UNDE_048","UNDE_048_672","2016-10-03","2016-09-12","2016-09-26","2016-09-27T21:10Z","2016-10-03T18:00Z","NEON.LTR.UNDE048672.20160926","NEON.LTR.UNDE048672.20160926.LVS","NEON.DOC.001710vE","Leaves",7.8,"N","","eMuK013bQYWUakFyOlw8RKtvvGPXqSpz"
"21b8a1f2-af12-4f18-a70a-5c480558d3f0","UNDE_048.basePlot.ltr","D05","UNDE","UNDE_048","UNDE_048_672","2016-10-03","2016-09-12","2016-09-26","2016-09-27T21:10Z","2016-10-03T18:00Z","NEON.LTR.UNDE048672.20160926","NEON.LTR.UNDE048672.20160926.NDL","NEON.DOC.001710vE","Needles",0.53,"N","","eMuK013bQYWUakFyOlw8RKtvvGPXqSpz"
"63618961-eca2-477a-8b63-11eeed200ec5","UNDE_048.basePlot.ltr","D05","UNDE","UNDE_048","UNDE_048_672","2016-10-03","2016-09-12","2016-09-26","2016-09-27T21:10Z","2016-10-03T18:00Z","NEON.LTR.UNDE048672.20160926","NEON.LTR.UNDE048672.20160926.WDY","NEON.DOC.001710vE","Woody material",0,"N","","eMuK013bQYWUakFyOlw8RKtvvGPXqSpz"
"2d7f56c1-3670-4ff9-98cd-7b3a0b0ce865","UNDE_048.basePlot.ltr","D05","UNDE","UNDE_048","UNDE_048_672","2016-10-03","2016-09-12","2016-09-26","2016-09-27T21:10Z","2016-10-03T18:00Z","NEON.LTR.UNDE048672.20160926","NEON.LTR.UNDE048672.20160926.TWI","NEON.DOC.001710vE","Twigs/branches",0.7,"N","","eMuK013bQYWUakFyOlw8RKtvvGPXqSpz"
"9254c791-ed2d-44bc-be6a-da6903d11318","UNDE_048.basePlot.ltr","D05","UNDE","UNDE_048","UNDE_048_672","2016-10-03","2016-09-12","2016-09-26","2016-09-27T21:10Z","2016-10-03T18:00Z","NEON.LTR.UNDE048672.20160926","NEON.LTR.UNDE048672.20160926.SDS","NEON.DOC.001710vE","Seeds",0,"N","","eMuK013bQYWUakFyOlw8RKtvvGPXqSpz"
"4422d468-2402-4c67-8705-b7eecde4d57e","UNDE_049.basePlot.ltr","D05","UNDE","UNDE_049","UNDE_049_111","2016-10-03","2016-09-12","2016-09-26","2016-09-27T21:10Z","2016-10-03T18:00Z","NEON.LTR.UNDE049111.20160926","NEON.LTR.UNDE049111.20160926.WDY","NEON.DOC.001710vE","Woody material",0,"N","","eMuK013bQYWUakFyOlw8RKtvvGPXqSpz"
"5d34e2a1-e931-46f1-ac44-5c0424229026","UNDE_049.basePlot.ltr","D05","UNDE","UNDE_049","UNDE_049_111","2016-10-03","2016-09-12","2016-09-26","2016-09-27T21:10Z","2016-10-03T18:00Z","NEON.LTR.UNDE049111.20160926","NEON.LTR.UNDE049111.20160926.NDL","NEON.DOC.001710vE","Needles",0,"N","","eMuK013bQYWUakFyOlw8RKtvvGPXqSpz"
"55da6981-45a9-4f1e-b7c6-f6a9943b80c1","UNDE_049.basePlot.ltr","D05","UNDE","UNDE_049","UNDE_049_111","2016-10-03","2016-09-12","2016-09-26","2016-09-27T21:10Z","2016-10-03T18:00Z","NEON.LTR.UNDE049111.20160926","NEON.LTR.UNDE049111.20160926.OTH","NEON.DOC.001710vE","Other",0,"N","","eMuK013bQYWUakFyOlw8RKtvvGPXqSpz"
"2abe4233-e104-4932-80b6-6140318394c6","UNDE_048.basePlot.ltr","D05","UNDE","UNDE_048","UNDE_048_672","2016-10-03","2016-09-12","2016-09-26","2016-09-27T21:10Z","2016-10-03T18:00Z","NEON.LTR.UNDE048672.20160926","NEON.LTR.UNDE048672.20160926.OTH","NEON.DOC.001710vE","Other",0,"N","","eMuK013bQYWUakFyOlw8RKtvvGPXqSpz"
"191ddc1a-b990-4281-a0eb-262f1d3e6876","UNDE_048.basePlot.ltr","D05","UNDE","UNDE_048","UNDE_048_672","2016-10-03","2016-09-12","2016-09-26","2016-09-27T21:10Z","2016-10-03T18:00Z","NEON.LTR.UNDE048672.20160926","NEON.LTR.UNDE048672.20160926.FLR","NEON.DOC.001710vE","Flowers",0,"N","","eMuK013bQYWUakFyOlw8RKtvvGPXqSpz"
"8594649b-2952-4764-9ee9-30acadb554f1","UNDE_049.basePlot.ltr","D05","UNDE","UNDE_049","UNDE_049_111","2016-10-03","2016-09-12","2016-09-26","2016-09-27T21:10Z","2016-10-03T18:00Z","NEON.LTR.UNDE049111.20160926","NEON.LTR.UNDE049111.20160926.FLR","NEON.DOC.001710vE","Flowers",0,"N","","eMuK013bQYWUakFyOlw8RKtvvGPXqSpz"
"d0666ab7-221c-464c-b9fc-e77609c3b321","UNDE_049.basePlot.ltr","D05","UNDE","UNDE_049","UNDE_049_111","2016-10-03","2016-09-12","2016-09-26","2016-09-27T21:10Z","2016-10-03T18:00Z","NEON.LTR.UNDE049111.20160926","NEON.LTR.UNDE049111.20160926.TWI","NEON.DOC.001710vE","Twigs/branches",0,"N","","eMuK013bQYWUakFyOlw8RKtvvGPXqSpz"
"28f9a8e2-e66c-499f-8b23-ff95082467ea","UNDE_049.basePlot.ltr","D05","UNDE","UNDE_049","UNDE_049_111","2016-10-03","2016-09-12","2016-09-26","2016-09-27T21:10Z","2016-10-03T18:00Z","NEON.LTR.UNDE049111.20160926","NEON.LTR.UNDE049111.20160926.LVS","NEON.DOC.001710vE","Leaves",19.77,"N","","eMuK013bQYWUakFyOlw8RKtvvGPXqSpz"
"6063315a-3802-4479-9f4c-ca905b856da5","UNDE_049.basePlot.ltr","D05","UNDE","UNDE_049","UNDE_049_111","2016-10-03","2016-09-12","2016-09-26","2016-09-27T21:10Z","2016-10-03T18:00Z","NEON.LTR.UNDE049111.20160926","NEON.LTR.UNDE049111.20160926.SDS","NEON.DOC.001710vE","Seeds",0,"N","","eMuK013bQYWUakFyOlw8RKtvvGPXqSpz"
"907732df-1b0f-4577-9717-d2850eabd8d3","UNDE_057.basePlot.ltr","D05","UNDE","UNDE_057","UNDE_057_010","2016-10-03","2016-09-12","2016-09-26","2016-09-27T21:10Z","2016-10-03T18:00Z","NEON.LTR.UNDE057010.20160926","NEON.LTR.UNDE057010.20160926.FLR","NEON.DOC.001710vE","Flowers",0.005,"N","","eMuK013bQYWUakFyOlw8RKtvvGPXqSpz"
"a91fb53d-50ea-4df6-ba1a-fe8fe6c1f0d3","UNDE_057.basePlot.ltr","D05","UNDE","UNDE_057","UNDE_057_010","2016-10-03","2016-09-12","2016-09-26","2016-09-27T21:10Z","2016-10-03T18:00Z","NEON.LTR.UNDE057010.20160926","NEON.LTR.UNDE057010.20160926.WDY","NEON.DOC.001710vE","Woody material",0,"N","","eMuK013bQYWUakFyOlw8RKtvvGPXqSpz"
"1632e444-d6e8-4bbb-8624-0779e84c20df","UNDE_057.basePlot.ltr","D05","UNDE","UNDE_057","UNDE_057_010","2016-10-03","2016-09-12","2016-09-26","2016-09-27T21:10Z","2016-10-03T18:00Z","NEON.LTR.UNDE057010.20160926","NEON.LTR.UNDE057010.20160926.TWI","NEON.DOC.001710vE","Twigs/branches",0.005,"N","","eMuK013bQYWUakFyOlw8RKtvvGPXqSpz"
"27959bfc-9a7f-42a0-8fb7-27341ffd4cc9","UNDE_057.basePlot.ltr","D05","UNDE","UNDE_057","UNDE_057_010","2016-10-03","2016-09-12","2016-09-26","2016-09-27T21:10Z","2016-10-03T18:00Z","NEON.LTR.UNDE057010.20160926","NEON.LTR.UNDE057010.20160926.SDS","NEON.DOC.001710vE","Seeds",0.005,"N","","eMuK013bQYWUakFyOlw8RKtvvGPXqSpz"
"f401ac71-23db-4237-aeb9-e9b82ae157cb","UNDE_057.basePlot.ltr","D05","UNDE","UNDE_057","UNDE_057_010","2016-10-03","2016-09-12","2016-09-26","2016-09-27T21:10Z","2016-10-03T18:00Z","NEON.LTR.UNDE057010.20160926","NEON.LTR.UNDE057010.20160926.LVS","NEON.DOC.001710vE","Leaves",31.4,"N","","eMuK013bQYWUakFyOlw8RKtvvGPXqSpz"
"132c6b09-9ffb-40c7-8e62-8c276e378242","UNDE_057.basePlot.ltr","D05","UNDE","UNDE_057","UNDE_057_010","2016-10-03","2016-09-12","2016-09-26","2016-09-27T21:10Z","2016-10-03T18:00Z","NEON.LTR.UNDE057010.20160926","NEON.LTR.UNDE057010.20160926.NDL","NEON.DOC.001710vE","Needles",0.51,"N","","eMuK013bQYWUakFyOlw8RKtvvGPXqSpz"
"51144b77-5007-4b71-966e-0531eae8599a","UNDE_057.basePlot.ltr","D05","UNDE","UNDE_057","UNDE_057_010","2016-10-03","2016-09-12","2016-09-26","2016-09-27T21:10Z","2016-10-03T18:00Z","NEON.LTR.UNDE057010.20160926","NEON.LTR.UNDE057010.20160926.OTH","NEON.DOC.001710vE","Other",0.005,"N","","eMuK013bQYWUakFyOlw8RKtvvGPXqSpz"
"b28d3c9f-cec6-4b14-826c-7a4e97dcde2d","UNDE_050.basePlot.ltr","D05","UNDE","UNDE_050","UNDE_050_030","2016-10-03","2016-09-12","2016-09-26","2016-09-27T21:10Z","2016-10-03T18:00Z","NEON.LTR.UNDE050030.20160926","NEON.LTR.UNDE050030.20160926.TWI","NEON.DOC.001710vE","Twigs/branches",2.11,"N","","eMuK013bQYWUakFyOlw8RKtvvGPXqSpz"
"93723ba7-a83b-4533-bf8f-5f1b25973e33","UNDE_050.basePlot.ltr","D05","UNDE","UNDE_050","UNDE_050_030","2016-10-03","2016-09-12","2016-09-26","2016-09-27T21:10Z","2016-10-03T18:00Z","NEON.LTR.UNDE050030.20160926","NEON.LTR.UNDE050030.20160926.FLR","NEON.DOC.001710vE","Flowers",0,"N","","eMuK013bQYWUakFyOlw8RKtvvGPXqSpz"
"b89e21ec-91f6-4455-bca4-1c9964d89947","UNDE_050.basePlot.ltr","D05","UNDE","UNDE_050","UNDE_050_030","2016-10-03","2016-09-12","2016-09-26","2016-09-27T21:10Z","2016-10-03T18:00Z","NEON.LTR.UNDE050030.20160926","NEON.LTR.UNDE050030.20160926.NDL","NEON.DOC.001710vE","Needles",0,"N","","eMuK013bQYWUakFyOlw8RKtvvGPXqSpz"
"62369b21-d3b5-4f48-8a42-d8acd74b93b0","UNDE_050.basePlot.ltr","D05","UNDE","UNDE_050","UNDE_050_030","2016-10-03","2016-09-12","2016-09-26","2016-09-27T21:10Z","2016-10-03T18:00Z","NEON.LTR.UNDE050030.20160926","NEON.LTR.UNDE050030.20160926.WDY","NEON.DOC.001710vE","Woody material",0,"N","","eMuK013bQYWUakFyOlw8RKtvvGPXqSpz"
"79a52aa0-7308-4487-a6c8-0e4ced4817cc","UNDE_050.basePlot.ltr","D05","UNDE","UNDE_050","UNDE_050_030","2016-10-03","2016-09-12","2016-09-26","2016-09-27T21:10Z","2016-10-03T18:00Z","NEON.LTR.UNDE050030.20160926","NEON.LTR.UNDE050030.20160926.SDS","NEON.DOC.001710vE","Seeds",0,"N","","eMuK013bQYWUakFyOlw8RKtvvGPXqSpz"
"bdc81289-a2bd-42e2-af1f-030b0d20eb46","UNDE_050.basePlot.ltr","D05","UNDE","UNDE_050","UNDE_050_030","2016-10-03","2016-09-12","2016-09-26","2016-09-27T21:10Z","2016-10-03T18:00Z","NEON.LTR.UNDE050030.20160926","NEON.LTR.UNDE050030.20160926.LVS","NEON.DOC.001710vE","Leaves",11.66,"N","","eMuK013bQYWUakFyOlw8RKtvvGPXqSpz"
"49768e04-da90-42fb-8f9d-1116c4dd2abd","UNDE_050.basePlot.ltr","D05","UNDE","UNDE_050","UNDE_050_030","2016-10-03","2016-09-12","2016-09-26","2016-09-27T21:10Z","2016-10-03T18:00Z","NEON.LTR.UNDE050030.20160926","NEON.LTR.UNDE050030.20160926.OTH","NEON.DOC.001710vE","Other",0,"N","","eMuK013bQYWUakFyOlw8RKtvvGPXqSpz"
"ec5ab2c8-098a-4f73-ae28-868ac456b646","UNDE_056.basePlot.ltr","D05","UNDE","UNDE_056","UNDE_056_951","2016-10-03","2016-09-12","2016-09-26","2016-09-27T21:10Z","2016-10-03T18:00Z","NEON.LTR.UNDE056951.20160926","NEON.LTR.UNDE056951.20160926.WDY","NEON.DOC.001710vE","Woody material",0,"N","","eMuK013bQYWUakFyOlw8RKtvvGPXqSpz"
"bfd04ca9-ade3-4e0e-b27b-e47bb6beed8e","UNDE_056.basePlot.ltr","D05","UNDE","UNDE_056","UNDE_056_951","2016-10-03","2016-09-12","2016-09-26","2016-09-27T21:10Z","2016-10-03T18:00Z","NEON.LTR.UNDE056951.20160926","NEON.LTR.UNDE056951.20160926.LVS","NEON.DOC.001710vE","Leaves",10.52,"N","","eMuK013bQYWUakFyOlw8RKtvvGPXqSpz"
"a37bc962-dab0-4046-a6d1-e1d3eb92dc34","UNDE_056.basePlot.ltr","D05","UNDE","UNDE_056","UNDE_056_951","2016-10-03","2016-09-12","2016-09-26","2016-09-27T21:10Z","2016-10-03T18:00Z","NEON.LTR.UNDE056951.20160926","NEON.LTR.UNDE056951.20160926.TWI","NEON.DOC.001710vE","Twigs/branches",0.005,"N","","eMuK013bQYWUakFyOlw8RKtvvGPXqSpz"
"376dd0b0-ffeb-4024-8a36-947d14f6df10","UNDE_056.basePlot.ltr","D05","UNDE","UNDE_056","UNDE_056_951","2016-10-03","2016-09-12","2016-09-26","2016-09-27T21:10Z","2016-10-03T18:00Z","NEON.LTR.UNDE056951.20160926","NEON.LTR.UNDE056951.20160926.OTH","NEON.DOC.001710vE","Other",0,"N","","eMuK013bQYWUakFyOlw8RKtvvGPXqSpz"
"2023b3bc-c84d-4305-bfdf-7bd34555b591","UNDE_056.basePlot.ltr","D05","UNDE","UNDE_056","UNDE_056_951","2016-10-03","2016-09-12","2016-09-26","2016-09-27T21:10Z","2016-10-03T18:00Z","NEON.LTR.UNDE056951.20160926","NEON.LTR.UNDE056951.20160926.FLR","NEON.DOC.001710vE","Flowers",0,"N","","eMuK013bQYWUakFyOlw8RKtvvGPXqSpz"
"436526be-e044-46f2-b369-a43f97c13761","UNDE_056.basePlot.ltr","D05","UNDE","UNDE_056","UNDE_056_951","2016-10-03","2016-09-12","2016-09-26","2016-09-27T21:10Z","2016-10-03T18:00Z","NEON.LTR.UNDE056951.20160926","NEON.LTR.UNDE056951.20160926.NDL","NEON.DOC.001710vE","Needles",0,"N","","eMuK013bQYWUakFyOlw8RKtvvGPXqSpz"
"384b4aa9-72a4-4e36-9755-80ef20ee60aa","UNDE_056.basePlot.ltr","D05","UNDE","UNDE_056","UNDE_056_951","2016-10-03","2016-09-12","2016-09-26","2016-09-27T21:10Z","2016-10-03T18:00Z","NEON.LTR.UNDE056951.20160926","NEON.LTR.UNDE056951.20160926.SDS","NEON.DOC.001710vE","Seeds",0,"N","","eMuK013bQYWUakFyOlw8RKtvvGPXqSpz"
"42b9a7e4-6f46-436f-b977-43108ef00cec","UNDE_056.basePlot.ltr","D05","UNDE","UNDE_056","UNDE_056_360","2016-10-03","2016-09-12","2016-09-26","2016-09-27T21:10Z","2016-10-03T18:00Z","NEON.LTR.UNDE056360.20160926","NEON.LTR.UNDE056360.20160926.FLR","NEON.DOC.001710vE","Flowers",0,"N","","eMuK013bQYWUakFyOlw8RKtvvGPXqSpz"
"032117c9-6bfa-41f4-875d-d168350304a1","UNDE_056.basePlot.ltr","D05","UNDE","UNDE_056","UNDE_056_360","2016-10-03","2016-09-12","2016-09-26","2016-09-27T21:10Z","2016-10-03T18:00Z","NEON.LTR.UNDE056360.20160926","NEON.LTR.UNDE056360.20160926.NDL","NEON.DOC.001710vE","Needles",0.005,"N","","eMuK013bQYWUakFyOlw8RKtvvGPXqSpz"
"7674ec5f-1806-4a6d-925c-adef6a28925a","UNDE_056.basePlot.ltr","D05","UNDE","UNDE_056","UNDE_056_360","2016-10-03","2016-09-12","2016-09-26","2016-09-27T21:10Z","2016-10-03T18:00Z","NEON.LTR.UNDE056360.20160926","NEON.LTR.UNDE056360.20160926.TWI","NEON.DOC.001710vE","Twigs/branches",40.69,"N","","eMuK013bQYWUakFyOlw8RKtvvGPXqSpz"
"38631ca0-c616-4ab0-ab16-a438a81194d7","UNDE_056.basePlot.ltr","D05","UNDE","UNDE_056","UNDE_056_360","2016-10-03","2016-09-12","2016-09-26","2016-09-27T21:10Z","2016-10-03T18:00Z","NEON.LTR.UNDE056360.20160926","NEON.LTR.UNDE056360.20160926.SDS","NEON.DOC.001710vE","Seeds",0,"N","","eMuK013bQYWUakFyOlw8RKtvvGPXqSpz"
"a2a307c7-d005-47c9-98c3-79bbcdd18148","UNDE_056.basePlot.ltr","D05","UNDE","UNDE_056","UNDE_056_360","2016-10-03","2016-09-12","2016-09-26","2016-09-27T21:10Z","2016-10-03T18:00Z","NEON.LTR.UNDE056360.20160926","NEON.LTR.UNDE056360.20160926.OTH","NEON.DOC.001710vE","Other",0.01,"N","","eMuK013bQYWUakFyOlw8RKtvvGPXqSpz"
"09fcc481-66b6-4b92-9548-e324c96d935a","UNDE_056.basePlot.ltr","D05","UNDE","UNDE_056","UNDE_056_360","2016-10-03","2016-09-12","2016-09-26","2016-09-27T21:10Z","2016-10-03T18:00Z","NEON.LTR.UNDE056360.20160926","NEON.LTR.UNDE056360.20160926.WDY","NEON.DOC.001710vE","Woody material",0,"N","","eMuK013bQYWUakFyOlw8RKtvvGPXqSpz"
"3f205188-61c3-4d39-9ba9-749730563711","UNDE_056.basePlot.ltr","D05","UNDE","UNDE_056","UNDE_056_360","2016-10-03","2016-09-12","2016-09-26","2016-09-27T21:10Z","2016-10-03T18:00Z","NEON.LTR.UNDE056360.20160926","NEON.LTR.UNDE056360.20160926.LVS","NEON.DOC.001710vE","Leaves",11.65,"N","","eMuK013bQYWUakFyOlw8RKtvvGPXqSpz"
"bc99e017-9d18-4c1b-aaea-69815a158d62","UNDE_037.basePlot.ltr","D05","UNDE","UNDE_037","UNDE_037_888","2016-10-03","2016-09-12","2016-09-26","2016-09-27T21:10Z","2016-10-03T18:00Z","NEON.LTR.UNDE037888.20160926","NEON.LTR.UNDE037888.20160926.FLR","NEON.DOC.001710vE","Flowers",0,"N","","eMuK013bQYWUakFyOlw8RKtvvGPXqSpz"
"96ae4630-df56-4e18-a0c5-0f227cd76330","UNDE_037.basePlot.ltr","D05","UNDE","UNDE_037","UNDE_037_888","2016-10-03","2016-09-12","2016-09-26","2016-09-27T21:10Z","2016-10-03T18:00Z","NEON.LTR.UNDE037888.20160926","NEON.LTR.UNDE037888.20160926.SDS","NEON.DOC.001710vE","Seeds",0.01,"N","","eMuK013bQYWUakFyOlw8RKtvvGPXqSpz"
"082a8501-04ae-4b28-b303-d6964c9c910a","UNDE_037.basePlot.ltr","D05","UNDE","UNDE_037","UNDE_037_888","2016-10-03","2016-09-12","2016-09-26","2016-09-27T21:10Z","2016-10-03T18:00Z","NEON.LTR.UNDE037888.20160926","NEON.LTR.UNDE037888.20160926.LVS","NEON.DOC.001710vE","Leaves",10.23,"N","","eMuK013bQYWUakFyOlw8RKtvvGPXqSpz"
"6c8e58be-27f5-48b4-aa76-70d5d8f6c949","UNDE_037.basePlot.ltr","D05","UNDE","UNDE_037","UNDE_037_888","2016-10-03","2016-09-12","2016-09-26","2016-09-27T21:10Z","2016-10-03T18:00Z","NEON.LTR.UNDE037888.20160926","NEON.LTR.UNDE037888.20160926.OTH","NEON.DOC.001710vE","Other",0.23,"N","","eMuK013bQYWUakFyOlw8RKtvvGPXqSpz"
"a8b8c0e7-c00b-46e4-b381-232ca1a84671","UNDE_037.basePlot.ltr","D05","UNDE","UNDE_037","UNDE_037_888","2016-10-03","2016-09-12","2016-09-26","2016-09-27T21:10Z","2016-10-03T18:00Z","NEON.LTR.UNDE037888.20160926","NEON.LTR.UNDE037888.20160926.TWI","NEON.DOC.001710vE","Twigs/branches",0.07,"N","","eMuK013bQYWUakFyOlw8RKtvvGPXqSpz"
"1d3d501d-9671-4661-bdd4-25b101fed862","UNDE_037.basePlot.ltr","D05","UNDE","UNDE_037","UNDE_037_888","2016-10-03","2016-09-12","2016-09-26","2016-09-27T21:10Z","2016-10-03T18:00Z","NEON.LTR.UNDE037888.20160926","NEON.LTR.UNDE037888.20160926.NDL","NEON.DOC.001710vE","Needles",0.54,"N","","eMuK013bQYWUakFyOlw8RKtvvGPXqSpz"
"44b90f48-b267-4016-962e-53d174ec9fae","UNDE_044.basePlot.ltr","D05","UNDE","UNDE_044","UNDE_044_085","2016-10-03","2016-09-12","2016-09-26","2016-09-27T21:10Z","2016-10-03T18:00Z","NEON.LTR.UNDE044085.20160926","NEON.LTR.UNDE044085.20160926.LVS","NEON.DOC.001710vE","Leaves",1.22,"N","","eMuK013bQYWUakFyOlw8RKtvvGPXqSpz"
"542d0476-3bd0-4561-84ad-d9890f1f66d4","UNDE_044.basePlot.ltr","D05","UNDE","UNDE_044","UNDE_044_085","2016-10-03","2016-09-12","2016-09-26","2016-09-27T21:10Z","2016-10-03T18:00Z","NEON.LTR.UNDE044085.20160926","NEON.LTR.UNDE044085.20160926.OTH","NEON.DOC.001710vE","Other",0.17,"N","","eMuK013bQYWUakFyOlw8RKtvvGPXqSpz"
"2a28821e-089f-44e9-a81c-3f8f6f2fce82","UNDE_044.basePlot.ltr","D05","UNDE","UNDE_044","UNDE_044_085","2016-10-03","2016-09-12","2016-09-26","2016-09-27T21:10Z","2016-10-03T18:00Z","NEON.LTR.UNDE044085.20160926","NEON.LTR.UNDE044085.20160926.TWI","NEON.DOC.001710vE","Twigs/branches",2.71,"N","","eMuK013bQYWUakFyOlw8RKtvvGPXqSpz"
"18f6f84b-b6d1-4fc4-b189-b8231b840d53","UNDE_044.basePlot.ltr","D05","UNDE","UNDE_044","UNDE_044_085","2016-10-03","2016-09-12","2016-09-26","2016-09-27T21:10Z","2016-10-03T18:00Z","NEON.LTR.UNDE044085.20160926","NEON.LTR.UNDE044085.20160926.WDY","NEON.DOC.001710vE","Woody material",0.26,"N","","eMuK013bQYWUakFyOlw8RKtvvGPXqSpz"
"5b9f30a1-43e5-41a6-b44d-0e378e27ff45","UNDE_044.basePlot.ltr","D05","UNDE","UNDE_044","UNDE_044_085","2016-10-03","2016-09-12","2016-09-26","2016-09-27T21:10Z","2016-10-03T18:00Z","NEON.LTR.UNDE044085.20160926","NEON.LTR.UNDE044085.20160926.FLR","NEON.DOC.001710vE","Flowers",0,"N","","eMuK013bQYWUakFyOlw8RKtvvGPXqSpz"
"72810e76-cb08-4edb-aa6b-4c3b7bb49126","UNDE_044.basePlot.ltr","D05","UNDE","UNDE_044","UNDE_044_085","2016-10-03","2016-09-12","2016-09-26","2016-09-27T21:10Z","2016-10-03T18:00Z","NEON.LTR.UNDE044085.20160926","NEON.LTR.UNDE044085.20160926.NDL","NEON.DOC.001710vE","Needles",0.33,"N","","eMuK013bQYWUakFyOlw8RKtvvGPXqSpz"
"8bd04e6c-e07a-43b9-928b-8639229b657c","UNDE_044.basePlot.ltr","D05","UNDE","UNDE_044","UNDE_044_085","2016-10-03","2016-09-12","2016-09-26","2016-09-27T21:10Z","2016-10-03T18:00Z","NEON.LTR.UNDE044085.20160926","NEON.LTR.UNDE044085.20160926.SDS","NEON.DOC.001710vE","Seeds",0,"N","","eMuK013bQYWUakFyOlw8RKtvvGPXqSpz"
"dc6d65c2-3e24-4ae9-880a-80fd09dba43d","UNDE_054.basePlot.ltr","D05","UNDE","UNDE_054","UNDE_054_436","2016-10-03","2016-09-12","2016-09-26","2016-09-27T21:10Z","2016-10-03T18:00Z","NEON.LTR.UNDE054436.20160926","NEON.LTR.UNDE054436.20160926.LVS","NEON.DOC.001710vE","Leaves",4.84,"N","","eMuK013bQYWUakFyOlw8RKtvvGPXqSpz"
"33f70e5c-c840-4651-b043-f794d124107d","UNDE_054.basePlot.ltr","D05","UNDE","UNDE_054","UNDE_054_436","2016-10-03","2016-09-12","2016-09-26","2016-09-27T21:10Z","2016-10-03T18:00Z","NEON.LTR.UNDE054436.20160926","NEON.LTR.UNDE054436.20160926.WDY","NEON.DOC.001710vE","Woody material",0,"N","","eMuK013bQYWUakFyOlw8RKtvvGPXqSpz"
"bf7743a9-f7d2-4489-a60c-08f395712cf3","UNDE_054.basePlot.ltr","D05","UNDE","UNDE_054","UNDE_054_436","2016-10-03","2016-09-12","2016-09-26","2016-09-27T21:10Z","2016-10-03T18:00Z","NEON.LTR.UNDE054436.20160926","NEON.LTR.UNDE054436.20160926.SDS","NEON.DOC.001710vE","Seeds",0,"N","","eMuK013bQYWUakFyOlw8RKtvvGPXqSpz"
"f19bfe81-1ce5-4cd0-a73c-f28fc65dff15","UNDE_037.basePlot.ltr","D05","UNDE","UNDE_037","UNDE_037_888","2016-10-03","2016-09-12","2016-09-26","2016-09-27T21:10Z","2016-10-03T18:00Z","NEON.LTR.UNDE037888.20160926","NEON.LTR.UNDE037888.20160926.WDY","NEON.DOC.001710vE","Woody material",0.09,"N","","eMuK013bQYWUakFyOlw8RKtvvGPXqSpz"
"ecfb5428-b798-419c-9151-c9be463d4a99","UNDE_054.basePlot.ltr","D05","UNDE","UNDE_054","UNDE_054_436","2016-10-03","2016-09-12","2016-09-26","2016-09-27T21:10Z","2016-10-03T18:00Z","NEON.LTR.UNDE054436.20160926","NEON.LTR.UNDE054436.20160926.TWI","NEON.DOC.001710vE","Twigs/branches",0.06,"N","","eMuK013bQYWUakFyOlw8RKtvvGPXqSpz"
"6710dd6b-38ea-4713-ac4f-77606cdeb842","UNDE_054.basePlot.ltr","D05","UNDE","UNDE_054","UNDE_054_436","2016-10-03","2016-09-12","2016-09-26","2016-09-27T21:10Z","2016-10-03T18:00Z","NEON.LTR.UNDE054436.20160926","NEON.LTR.UNDE054436.20160926.NDL","NEON.DOC.001710vE","Needles",0,"N","","eMuK013bQYWUakFyOlw8RKtvvGPXqSpz"
"13a1986b-f042-4cdf-a101-8300099249aa","UNDE_054.basePlot.ltr","D05","UNDE","UNDE_054","UNDE_054_436","2016-10-03","2016-09-12","2016-09-26","2016-09-27T21:10Z","2016-10-03T18:00Z","NEON.LTR.UNDE054436.20160926","NEON.LTR.UNDE054436.20160926.FLR","NEON.DOC.001710vE","Flowers",0.01,"N","","eMuK013bQYWUakFyOlw8RKtvvGPXqSpz"
"6d7c57a9-a764-4a24-8d32-6e893102c117","UNDE_049.basePlot.ltr","D05","UNDE","UNDE_049","UNDE_049_584","2016-10-03","2016-09-12","2016-09-26","2016-09-27T21:10Z","2016-10-03T18:00Z","NEON.LTR.UNDE049584.20160926","NEON.LTR.UNDE049584.20160926.TWI","NEON.DOC.001710vE","Twigs/branches",0.03,"N","","eMuK013bQYWUakFyOlw8RKtvvGPXqSpz"
"077a71bf-528c-47ba-8ed5-11baeb6fb347","UNDE_049.basePlot.ltr","D05","UNDE","UNDE_049","UNDE_049_584","2016-10-03","2016-09-12","2016-09-26","2016-09-27T21:10Z","2016-10-03T18:00Z","NEON.LTR.UNDE049584.20160926","NEON.LTR.UNDE049584.20160926.LVS","NEON.DOC.001710vE","Leaves",9.19,"N","","eMuK013bQYWUakFyOlw8RKtvvGPXqSpz"
"c1d054c1-a1b2-42bc-bf9a-d4bc5b33a9c4","UNDE_060.basePlot.ltr","D05","UNDE","UNDE_060","UNDE_060_010","2016-10-03","2016-09-12","2016-09-26","2016-09-27T21:10Z","2016-10-03T18:00Z","NEON.LTR.UNDE060010.20160926","NEON.LTR.UNDE060010.20160926.SDS","NEON.DOC.001710vE","Seeds",0,"N","","eMuK013bQYWUakFyOlw8RKtvvGPXqSpz"
"7cb91995-16ca-48bd-90b7-55e87f9a9bf1","UNDE_060.basePlot.ltr","D05","UNDE","UNDE_060","UNDE_060_010","2016-10-03","2016-09-12","2016-09-26","2016-09-27T21:10Z","2016-10-03T18:00Z","NEON.LTR.UNDE060010.20160926","NEON.LTR.UNDE060010.20160926.NDL","NEON.DOC.001710vE","Needles",0.43,"N","","eMuK013bQYWUakFyOlw8RKtvvGPXqSpz"
"1cc35a08-4617-40ab-83da-19fc99712315","UNDE_060.basePlot.ltr","D05","UNDE","UNDE_060","UNDE_060_010","2016-10-03","2016-09-12","2016-09-26","2016-09-27T21:10Z","2016-10-03T18:00Z","NEON.LTR.UNDE060010.20160926","NEON.LTR.UNDE060010.20160926.FLR","NEON.DOC.001710vE","Flowers",0.27,"N","","eMuK013bQYWUakFyOlw8RKtvvGPXqSpz"
"99cb3b0e-3d99-4d58-99e9-c58e829bfea6","UNDE_060.basePlot.ltr","D05","UNDE","UNDE_060","UNDE_060_010","2016-10-03","2016-09-12","2016-09-26","2016-09-27T21:10Z","2016-10-03T18:00Z","NEON.LTR.UNDE060010.20160926","NEON.LTR.UNDE060010.20160926.OTH","NEON.DOC.001710vE","Other",0.02,"N","","eMuK013bQYWUakFyOlw8RKtvvGPXqSpz"
"aaffb7c8-a36b-4eb6-8570-ad48850b9709","UNDE_060.basePlot.ltr","D05","UNDE","UNDE_060","UNDE_060_010","2016-10-03","2016-09-12","2016-09-26","2016-09-27T21:10Z","2016-10-03T18:00Z","NEON.LTR.UNDE060010.20160926","NEON.LTR.UNDE060010.20160926.TWI","NEON.DOC.001710vE","Twigs/branches",0,"N","","eMuK013bQYWUakFyOlw8RKtvvGPXqSpz"
"3afc5308-8035-4eed-bd1f-03dfe1f00b7c","UNDE_060.basePlot.ltr","D05","UNDE","UNDE_060","UNDE_060_010","2016-10-03","2016-09-12","2016-09-26","2016-09-27T21:10Z","2016-10-03T18:00Z","NEON.LTR.UNDE060010.20160926","NEON.LTR.UNDE060010.20160926.WDY","NEON.DOC.001710vE","Woody material",0,"N","","eMuK013bQYWUakFyOlw8RKtvvGPXqSpz"
"633cbd83-151a-4d4a-aba4-df91c2ce6697","UNDE_060.basePlot.ltr","D05","UNDE","UNDE_060","UNDE_060_010","2016-10-03","2016-09-12","2016-09-26","2016-09-27T21:10Z","2016-10-03T18:00Z","NEON.LTR.UNDE060010.20160926","NEON.LTR.UNDE060010.20160926.LVS","NEON.DOC.001710vE","Leaves",31.5,"N","","eMuK013bQYWUakFyOlw8RKtvvGPXqSpz"
"ad216d52-8635-4976-9b47-7adffc2225fc","UNDE_038.basePlot.ltr","D05","UNDE","UNDE_038","UNDE_038_400","2016-10-03","2016-09-12","2016-09-26","2016-09-27T21:10Z","2016-10-03T18:00Z","NEON.LTR.UNDE038400.20160926","NEON.LTR.UNDE038400.20160926.SDS","NEON.DOC.001710vE","Seeds",0,"N","","eMuK013bQYWUakFyOlw8RKtvvGPXqSpz"
"cb40f544-6fd9-40c8-99d6-435212e996d5","UNDE_038.basePlot.ltr","D05","UNDE","UNDE_038","UNDE_038_400","2016-10-03","2016-09-12","2016-09-26","2016-09-27T21:10Z","2016-10-03T18:00Z","NEON.LTR.UNDE038400.20160926","NEON.LTR.UNDE038400.20160926.WDY","NEON.DOC.001710vE","Woody material",0.28,"N","","eMuK013bQYWUakFyOlw8RKtvvGPXqSpz"
"216afd7e-d5fc-42b1-b620-623adb9f8e0e","UNDE_038.basePlot.ltr","D05","UNDE","UNDE_038","UNDE_038_400","2016-10-03","2016-09-12","2016-09-26","2016-09-27T21:10Z","2016-10-03T18:00Z","NEON.LTR.UNDE038400.20160926","NEON.LTR.UNDE038400.20160926.LVS","NEON.DOC.001710vE","Leaves",2.24,"N","","eMuK013bQYWUakFyOlw8RKtvvGPXqSpz"
"76112dc0-362c-47fd-b1d1-a16ee4ccb654","UNDE_038.basePlot.ltr","D05","UNDE","UNDE_038","UNDE_038_400","2016-10-03","2016-09-12","2016-09-26","2016-09-27T21:10Z","2016-10-03T18:00Z","NEON.LTR.UNDE038400.20160926","NEON.LTR.UNDE038400.20160926.NDL","NEON.DOC.001710vE","Needles",77,"N","","eMuK013bQYWUakFyOlw8RKtvvGPXqSpz"
"0f1414f4-a7de-4a0e-9c59-2fb38a3296e9","UNDE_038.basePlot.ltr","D05","UNDE","UNDE_038","UNDE_038_400","2016-10-03","2016-09-12","2016-09-26","2016-09-27T21:10Z","2016-10-03T18:00Z","NEON.LTR.UNDE038400.20160926","NEON.LTR.UNDE038400.20160926.OTH","NEON.DOC.001710vE","Other",35,"N","","eMuK013bQYWUakFyOlw8RKtvvGPXqSpz"
"b7ecc09c-7c1f-4ffb-a807-6ea8410fd3a6","UNDE_038.basePlot.ltr","D05","UNDE","UNDE_038","UNDE_038_400","2016-10-03","2016-09-12","2016-09-26","2016-09-27T21:10Z","2016-10-03T18:00Z","NEON.LTR.UNDE038400.20160926","NEON.LTR.UNDE038400.20160926.TWI","NEON.DOC.001710vE","Twigs/branches",0.09,"N","","eMuK013bQYWUakFyOlw8RKtvvGPXqSpz"
"423004ff-8903-47c7-8dda-f5b05b8f7e69","UNDE_038.basePlot.ltr","D05","UNDE","UNDE_038","UNDE_038_400","2016-10-03","2016-09-12","2016-09-26","2016-09-27T21:10Z","2016-10-03T18:00Z","NEON.LTR.UNDE038400.20160926","NEON.LTR.UNDE038400.20160926.FLR","NEON.DOC.001710vE","Flowers",0.005,"N","","eMuK013bQYWUakFyOlw8RKtvvGPXqSpz"
"19abb67e-df45-4f56-856f-0c8b8c13d544","UNDE_059.basePlot.ltr","D05","UNDE","UNDE_059","UNDE_059_631","2016-10-03","2016-09-12","2016-09-26","2016-09-27T21:10Z","2016-10-03T18:00Z","NEON.LTR.UNDE059631.20160926","NEON.LTR.UNDE059631.20160926.TWI","NEON.DOC.001710vE","Twigs/branches",0.06,"N","","eMuK013bQYWUakFyOlw8RKtvvGPXqSpz"
"6358ac88-c7e1-4a11-b4c7-679d659a9098","UNDE_059.basePlot.ltr","D05","UNDE","UNDE_059","UNDE_059_406","2016-10-03","2016-09-12","2016-09-26","2016-09-27T21:10Z","2016-10-03T18:00Z","NEON.LTR.UNDE059406.20160926","NEON.LTR.UNDE059406.20160926.WDY","NEON.DOC.001710vE","Woody material",0.23,"N","","eMuK013bQYWUakFyOlw8RKtvvGPXqSpz"
"c58a7176-e6a1-4529-8239-a83ffd8931ba","UNDE_059.basePlot.ltr","D05","UNDE","UNDE_059","UNDE_059_406","2016-10-03","2016-09-12","2016-09-26","2016-09-27T21:10Z","2016-10-03T18:00Z","NEON.LTR.UNDE059406.20160926","NEON.LTR.UNDE059406.20160926.NDL","NEON.DOC.001710vE","Needles",1,"N","","eMuK013bQYWUakFyOlw8RKtvvGPXqSpz"
"dcc2f2f3-6899-43a8-897c-e57a7164213c","UNDE_059.basePlot.ltr","D05","UNDE","UNDE_059","UNDE_059_631","2016-10-03","2016-09-12","2016-09-26","2016-09-27T21:10Z","2016-10-03T18:00Z","NEON.LTR.UNDE059631.20160926","NEON.LTR.UNDE059631.20160926.NDL","NEON.DOC.001710vE","Needles",1.09,"N","","eMuK013bQYWUakFyOlw8RKtvvGPXqSpz"
"3ba12207-0210-4cad-90b1-6fd87d2260fc","UNDE_059.basePlot.ltr","D05","UNDE","UNDE_059","UNDE_059_631","2016-10-03","2016-09-12","2016-09-26","2016-09-27T21:10Z","2016-10-03T18:00Z","NEON.LTR.UNDE059631.20160926","NEON.LTR.UNDE059631.20160926.WDY","NEON.DOC.001710vE","Woody material",0.09,"N","","eMuK013bQYWUakFyOlw8RKtvvGPXqSpz"
"b3556dd1-3fe0-4954-b3ab-b7d242a0d469","UNDE_059.basePlot.ltr","D05","UNDE","UNDE_059","UNDE_059_631","2016-10-03","2016-09-12","2016-09-26","2016-09-27T21:10Z","2016-10-03T18:00Z","NEON.LTR.UNDE059631.20160926","NEON.LTR.UNDE059631.20160926.SDS","NEON.DOC.001710vE","Seeds",0,"N","","eMuK013bQYWUakFyOlw8RKtvvGPXqSpz"
"da7f55ea-e3a5-4db1-9e56-a58c91ef5439","UNDE_059.basePlot.ltr","D05","UNDE","UNDE_059","UNDE_059_406","2016-10-03","2016-09-12","2016-09-26","2016-09-27T21:10Z","2016-10-03T18:00Z","NEON.LTR.UNDE059406.20160926","NEON.LTR.UNDE059406.20160926.LVS","NEON.DOC.001710vE","Leaves",42.2,"N","","eMuK013bQYWUakFyOlw8RKtvvGPXqSpz"
"85177914-20ea-4aaa-b11f-d75639c625a4","UNDE_059.basePlot.ltr","D05","UNDE","UNDE_059","UNDE_059_631","2016-10-03","2016-09-12","2016-09-26","2016-09-27T21:10Z","2016-10-03T18:00Z","NEON.LTR.UNDE059631.20160926","NEON.LTR.UNDE059631.20160926.FLR","NEON.DOC.001710vE","Flowers",0,"N","","eMuK013bQYWUakFyOlw8RKtvvGPXqSpz"
"4039993e-61f9-42d5-83b1-3306b8cd758c","UNDE_059.basePlot.ltr","D05","UNDE","UNDE_059","UNDE_059_406","2016-10-03","2016-09-12","2016-09-26","2016-09-27T21:10Z","2016-10-03T18:00Z","NEON.LTR.UNDE059406.20160926","NEON.LTR.UNDE059406.20160926.FLR","NEON.DOC.001710vE","Flowers",0,"N","","eMuK013bQYWUakFyOlw8RKtvvGPXqSpz"
"6b821a55-3c39-43bf-8c35-741c3df12eec","UNDE_059.basePlot.ltr","D05","UNDE","UNDE_059","UNDE_059_631","2016-10-03","2016-09-12","2016-09-26","2016-09-27T21:10Z","2016-10-03T18:00Z","NEON.LTR.UNDE059631.20160926","NEON.LTR.UNDE059631.20160926.LVS","NEON.DOC.001710vE","Leaves",41.69,"N","","eMuK013bQYWUakFyOlw8RKtvvGPXqSpz"
"c26a0530-e4ee-418a-8af5-e200256c8979","UNDE_059.basePlot.ltr","D05","UNDE","UNDE_059","UNDE_059_406","2016-10-03","2016-09-12","2016-09-26","2016-09-27T21:10Z","2016-10-03T18:00Z","NEON.LTR.UNDE059406.20160926","NEON.LTR.UNDE059406.20160926.OTH","NEON.DOC.001710vE","Other",0.72,"N","","eMuK013bQYWUakFyOlw8RKtvvGPXqSpz"
"7f41c0f1-b5f4-44ea-b09d-6fa01c86d72c","UNDE_059.basePlot.ltr","D05","UNDE","UNDE_059","UNDE_059_406","2016-10-03","2016-09-12","2016-09-26","2016-09-27T21:10Z","2016-10-03T18:00Z","NEON.LTR.UNDE059406.20160926","NEON.LTR.UNDE059406.20160926.TWI","NEON.DOC.001710vE","Twigs/branches",0.005,"N","","eMuK013bQYWUakFyOlw8RKtvvGPXqSpz"
"4c72a8f5-46f7-4730-885b-f7b14607a677","UNDE_059.basePlot.ltr","D05","UNDE","UNDE_059","UNDE_059_406","2016-10-03","2016-09-12","2016-09-26","2016-09-27T21:10Z","2016-10-03T18:00Z","NEON.LTR.UNDE059406.20160926","NEON.LTR.UNDE059406.20160926.SDS","NEON.DOC.001710vE","Seeds",0.005,"N","","eMuK013bQYWUakFyOlw8RKtvvGPXqSpz"
"7976da52-cb2d-4220-bcec-b6b3d6f16783","UNDE_055.basePlot.ltr","D05","UNDE","UNDE_055","UNDE_055_676","2016-10-03","2016-09-12","2016-09-26","2016-09-27T21:10Z","2016-10-03T18:00Z","NEON.LTR.UNDE055676.20160926","NEON.LTR.UNDE055676.20160926.SDS","NEON.DOC.001710vE","Seeds",0,"N","","eMuK013bQYWUakFyOlw8RKtvvGPXqSpz"
"8df69f60-4882-4594-b376-8091b29a8043","UNDE_055.basePlot.ltr","D05","UNDE","UNDE_055","UNDE_055_676","2016-10-03","2016-09-12","2016-09-26","2016-09-27T21:10Z","2016-10-03T18:00Z","NEON.LTR.UNDE055676.20160926","NEON.LTR.UNDE055676.20160926.NDL","NEON.DOC.001710vE","Needles",0.18,"N","","eMuK013bQYWUakFyOlw8RKtvvGPXqSpz"
"1cdc194b-4deb-4181-8479-6dfe240118e8","UNDE_055.basePlot.ltr","D05","UNDE","UNDE_055","UNDE_055_676","2016-10-03","2016-09-12","2016-09-26","2016-09-27T21:10Z","2016-10-03T18:00Z","NEON.LTR.UNDE055676.20160926","NEON.LTR.UNDE055676.20160926.TWI","NEON.DOC.001710vE","Twigs/branches",0.005,"N","","eMuK013bQYWUakFyOlw8RKtvvGPXqSpz"
"cb30fde1-ffd6-40b5-a666-9342033baab8","UNDE_059.basePlot.ltr","D05","UNDE","UNDE_059","UNDE_059_631","2016-10-03","2016-09-12","2016-09-26","2016-09-27T21:10Z","2016-10-03T18:00Z","NEON.LTR.UNDE059631.20160926","NEON.LTR.UNDE059631.20160926.OTH","NEON.DOC.001710vE","Other",0.12,"N","","eMuK013bQYWUakFyOlw8RKtvvGPXqSpz"
"d702258f-3bc5-4acf-a203-85c6964d4d62","UNDE_055.basePlot.ltr","D05","UNDE","UNDE_055","UNDE_055_676","2016-10-03","2016-09-12","2016-09-26","2016-09-27T21:10Z","2016-10-03T18:00Z","NEON.LTR.UNDE055676.20160926","NEON.LTR.UNDE055676.20160926.OTH","NEON.DOC.001710vE","Other",0.16,"N","","eMuK013bQYWUakFyOlw8RKtvvGPXqSpz"
"37eb7ba2-fc78-49e1-8d59-77d43bd6fc09","UNDE_055.basePlot.ltr","D05","UNDE","UNDE_055","UNDE_055_676","2016-10-03","2016-09-12","2016-09-26","2016-09-27T21:10Z","2016-10-03T18:00Z","NEON.LTR.UNDE055676.20160926","NEON.LTR.UNDE055676.20160926.FLR","NEON.DOC.001710vE","Flowers",0,"N","","eMuK013bQYWUakFyOlw8RKtvvGPXqSpz"
"d1a81781-653e-4c2a-8113-310067fab64b","UNDE_055.basePlot.ltr","D05","UNDE","UNDE_055","UNDE_055_676","2016-10-03","2016-09-12","2016-09-26","2016-09-27T21:10Z","2016-10-03T18:00Z","NEON.LTR.UNDE055676.20160926","NEON.LTR.UNDE055676.20160926.LVS","NEON.DOC.001710vE","Leaves",2.71,"N","","eMuK013bQYWUakFyOlw8RKtvvGPXqSpz"
"2db3f216-ce13-44f1-a633-8249cda8b2cb","UNDE_055.basePlot.ltr","D05","UNDE","UNDE_055","UNDE_055_676","2016-10-03","2016-09-12","2016-09-26","2016-09-27T21:10Z","2016-10-03T18:00Z","NEON.LTR.UNDE055676.20160926","NEON.LTR.UNDE055676.20160926.WDY","NEON.DOC.001710vE","Woody material",0.02,"N","","eMuK013bQYWUakFyOlw8RKtvvGPXqSpz"
"556cc75b-b956-4d36-a05e-b466f027f33b","UNDE_043.basePlot.ltr","D05","UNDE","UNDE_043","UNDE_043_315","2016-10-03","2016-09-12","2016-09-26","2016-09-27T21:10Z","2016-10-03T18:00Z","NEON.LTR.UNDE043315.20160926","NEON.LTR.UNDE043315.20160926.FLR","NEON.DOC.001710vE","Flowers",0,"N","","eMuK013bQYWUakFyOlw8RKtvvGPXqSpz"
"fce2f5e2-1eca-43e0-b443-99d0253c376a","UNDE_043.basePlot.ltr","D05","UNDE","UNDE_043","UNDE_043_315","2016-10-03","2016-09-12","2016-09-26","2016-09-27T21:10Z","2016-10-03T18:00Z","NEON.LTR.UNDE043315.20160926","NEON.LTR.UNDE043315.20160926.WDY","NEON.DOC.001710vE","Woody material",0,"N","","eMuK013bQYWUakFyOlw8RKtvvGPXqSpz"
"48329653-d916-4132-8b88-452bac75285a","UNDE_043.basePlot.ltr","D05","UNDE","UNDE_043","UNDE_043_315","2016-10-03","2016-09-12","2016-09-26","2016-09-27T21:10Z","2016-10-03T18:00Z","NEON.LTR.UNDE043315.20160926","NEON.LTR.UNDE043315.20160926.TWI","NEON.DOC.001710vE","Twigs/branches",0,"N","","eMuK013bQYWUakFyOlw8RKtvvGPXqSpz"
"cb8419b6-8435-4608-beb8-baaa2fdc148b","UNDE_043.basePlot.ltr","D05","UNDE","UNDE_043","UNDE_043_315","2016-10-03","2016-09-12","2016-09-26","2016-09-27T21:10Z","2016-10-03T18:00Z","NEON.LTR.UNDE043315.20160926","NEON.LTR.UNDE043315.20160926.OTH","NEON.DOC.001710vE","Other",0.04,"N","","eMuK013bQYWUakFyOlw8RKtvvGPXqSpz"
"224fc26d-b079-4b44-8c5e-a38e28d210b8","UNDE_043.basePlot.ltr","D05","UNDE","UNDE_043","UNDE_043_315","2016-10-03","2016-09-12","2016-09-26","2016-09-27T21:10Z","2016-10-03T18:00Z","NEON.LTR.UNDE043315.20160926","NEON.LTR.UNDE043315.20160926.NDL","NEON.DOC.001710vE","Needles",0.005,"N","","eMuK013bQYWUakFyOlw8RKtvvGPXqSpz"
"f7dae0b2-8e20-41ef-bd43-d517560472b0","UNDE_043.basePlot.ltr","D05","UNDE","UNDE_043","UNDE_043_315","2016-10-03","2016-09-12","2016-09-26","2016-09-27T21:10Z","2016-10-03T18:00Z","NEON.LTR.UNDE043315.20160926","NEON.LTR.UNDE043315.20160926.SDS","NEON.DOC.001710vE","Seeds",0.005,"N","","eMuK013bQYWUakFyOlw8RKtvvGPXqSpz"
"46acd0d7-faaa-4817-a7f5-cd82f5aedab1","UNDE_043.basePlot.ltr","D05","UNDE","UNDE_043","UNDE_043_315","2016-10-03","2016-09-12","2016-09-26","2016-09-27T21:10Z","2016-10-03T18:00Z","NEON.LTR.UNDE043315.20160926","NEON.LTR.UNDE043315.20160926.LVS","NEON.DOC.001710vE","Leaves",13.18,"N","","eMuK013bQYWUakFyOlw8RKtvvGPXqSpz"
"a6533003-fab6-4aa9-9702-3ade28371a47","UNDE_050.basePlot.ltr","D05","UNDE","UNDE_050","UNDE_050_673","2016-10-03","2016-09-12","2016-09-26","2016-09-27T21:10Z","2016-10-03T18:00Z","NEON.LTR.UNDE050673.20160926","NEON.LTR.UNDE050673.20160926.FLR","NEON.DOC.001710vE","Flowers",0,"N","","eMuK013bQYWUakFyOlw8RKtvvGPXqSpz"
"5f85c04c-59d0-4c66-946b-d84897bef69e","UNDE_050.basePlot.ltr","D05","UNDE","UNDE_050","UNDE_050_673","2016-10-03","2016-09-12","2016-09-26","2016-09-27T21:10Z","2016-10-03T18:00Z","NEON.LTR.UNDE050673.20160926","NEON.LTR.UNDE050673.20160926.LVS","NEON.DOC.001710vE","Leaves",4.43,"N","","eMuK013bQYWUakFyOlw8RKtvvGPXqSpz"
"26bbcfdc-9247-4415-bb67-11c57384b73a","UNDE_050.basePlot.ltr","D05","UNDE","UNDE_050","UNDE_050_673","2016-10-03","2016-09-12","2016-09-26","2016-09-27T21:10Z","2016-10-03T18:00Z","NEON.LTR.UNDE050673.20160926","NEON.LTR.UNDE050673.20160926.NDL","NEON.DOC.001710vE","Needles",0,"N","","eMuK013bQYWUakFyOlw8RKtvvGPXqSpz"
"e24c9edc-1cb2-4bfc-9c00-05586eecfba9","UNDE_050.basePlot.ltr","D05","UNDE","UNDE_050","UNDE_050_673","2016-10-03","2016-09-12","2016-09-26","2016-09-27T21:10Z","2016-10-03T18:00Z","NEON.LTR.UNDE050673.20160926","NEON.LTR.UNDE050673.20160926.WDY","NEON.DOC.001710vE","Woody material",0.04,"N","","eMuK013bQYWUakFyOlw8RKtvvGPXqSpz"
"0c120e58-828c-410a-8bc4-4cc8243eb342","UNDE_050.basePlot.ltr","D05","UNDE","UNDE_050","UNDE_050_673","2016-10-03","2016-09-12","2016-09-26","2016-09-27T21:10Z","2016-10-03T18:00Z","NEON.LTR.UNDE050673.20160926","NEON.LTR.UNDE050673.20160926.OTH","NEON.DOC.001710vE","Other",0.05,"N","","eMuK013bQYWUakFyOlw8RKtvvGPXqSpz"
"71d7c298-3dc1-4b1c-9474-cb05f61ad5e5","UNDE_050.basePlot.ltr","D05","UNDE","UNDE_050","UNDE_050_673","2016-10-03","2016-09-12","2016-09-26","2016-09-27T21:10Z","2016-10-03T18:00Z","NEON.LTR.UNDE050673.20160926","NEON.LTR.UNDE050673.20160926.TWI","NEON.DOC.001710vE","Twigs/branches",0.04,"N","","eMuK013bQYWUakFyOlw8RKtvvGPXqSpz"
"a8558ed4-f2ad-4b0b-ab5d-fba68bfa6b9c","UNDE_050.basePlot.ltr","D05","UNDE","UNDE_050","UNDE_050_673","2016-10-03","2016-09-12","2016-09-26","2016-09-27T21:10Z","2016-10-03T18:00Z","NEON.LTR.UNDE050673.20160926","NEON.LTR.UNDE050673.20160926.SDS","NEON.DOC.001710vE","Seeds",0.005,"N","","eMuK013bQYWUakFyOlw8RKtvvGPXqSpz"
"ccd2be3a-075f-47b7-b262-eda1489023fa","UNDE_050.basePlot.ltr","D05","UNDE","UNDE_050","UNDE_050_673","2016-10-03","2016-09-12","2016-09-26","2016-09-27T21:10Z","2016-10-03T18:00Z","NEON.LTR.UNDE050673.20160926","NEON.LTR.UNDE050673.20160926.LVS","NEON.DOC.001710vE","Leaves",4.43,"Y","","eMuK013bQYWUakFyOlw8RKtvvGPXqSpz"
"b6849aa6-f479-450d-91cb-15ca6c856e2f","UNDE_054.basePlot.ltr","D05","UNDE","UNDE_054","UNDE_054_036","2016-10-03","2016-09-12","2016-09-26","2016-09-27T21:10Z","2016-10-03T18:00Z","NEON.LTR.UNDE054036.20160926","NEON.LTR.UNDE054036.20160926.OTH","NEON.DOC.001710vE","Other",0.22,"N","","eMuK013bQYWUakFyOlw8RKtvvGPXqSpz"
"6a10b321-877e-4289-ad64-580ef5c16602","UNDE_054.basePlot.ltr","D05","UNDE","UNDE_054","UNDE_054_036","2016-10-03","2016-09-12","2016-09-26","2016-09-27T21:10Z","2016-10-03T18:00Z","NEON.LTR.UNDE054036.20160926","NEON.LTR.UNDE054036.20160926.TWI","NEON.DOC.001710vE","Twigs/branches",1.98,"N","","eMuK013bQYWUakFyOlw8RKtvvGPXqSpz"
"d796694b-727c-4ea2-bdc9-ac6bdf2b5ad7","UNDE_054.basePlot.ltr","D05","UNDE","UNDE_054","UNDE_054_036","2016-10-03","2016-09-12","2016-09-26","2016-09-27T21:10Z","2016-10-03T18:00Z","NEON.LTR.UNDE054036.20160926","NEON.LTR.UNDE054036.20160926.FLR","NEON.DOC.001710vE","Flowers",0,"N","","eMuK013bQYWUakFyOlw8RKtvvGPXqSpz"
"30aa1a79-5267-46af-8d0b-01a5c5a35e09","UNDE_054.basePlot.ltr","D05","UNDE","UNDE_054","UNDE_054_036","2016-10-03","2016-09-12","2016-09-26","2016-09-27T21:10Z","2016-10-03T18:00Z","NEON.LTR.UNDE054036.20160926","NEON.LTR.UNDE054036.20160926.SDS","NEON.DOC.001710vE","Seeds",0.1,"N","","eMuK013bQYWUakFyOlw8RKtvvGPXqSpz"
"f49b0974-6ac4-4ddd-96e8-935a1d448c71","UNDE_054.basePlot.ltr","D05","UNDE","UNDE_054","UNDE_054_036","2016-10-03","2016-09-12","2016-09-26","2016-09-27T21:10Z","2016-10-03T18:00Z","NEON.LTR.UNDE054036.20160926","NEON.LTR.UNDE054036.20160926.WDY","NEON.DOC.001710vE","Woody material",0,"N","","eMuK013bQYWUakFyOlw8RKtvvGPXqSpz"
"810b660a-5e21-4518-a6dd-cd3816c5d120","UNDE_054.basePlot.ltr","D05","UNDE","UNDE_054","UNDE_054_036","2016-10-03","2016-09-12","2016-09-26","2016-09-27T21:10Z","2016-10-03T18:00Z","NEON.LTR.UNDE054036.20160926","NEON.LTR.UNDE054036.20160926.LVS","NEON.DOC.001710vE","Leaves",9.51,"N","","eMuK013bQYWUakFyOlw8RKtvvGPXqSpz"
"74b7bb3d-6be8-4a2f-8f9e-d81387dcab8d","UNDE_054.basePlot.ltr","D05","UNDE","UNDE_054","UNDE_054_036","2016-10-03","2016-09-12","2016-09-26","2016-09-27T21:10Z","2016-10-03T18:00Z","NEON.LTR.UNDE054036.20160926","NEON.LTR.UNDE054036.20160926.NDL","NEON.DOC.001710vE","Needles",0,"N","","eMuK013bQYWUakFyOlw8RKtvvGPXqSpz"
"416a420b-348c-4de6-a9f8-4a96647708b1","UNDE_047.basePlot.ltr","D05","UNDE","UNDE_047","UNDE_047_673","2016-10-03","2016-09-12","2016-09-26","2016-09-27T21:10Z","2016-10-03T18:00Z","NEON.LTR.UNDE047673.20160926","NEON.LTR.UNDE047673.20160926.OTH","NEON.DOC.001710vE","Other",0.16,"N","","eMuK013bQYWUakFyOlw8RKtvvGPXqSpz"
"a6bfcf23-0fec-40c5-b890-90d060d337a8","UNDE_047.basePlot.ltr","D05","UNDE","UNDE_047","UNDE_047_673","2016-10-03","2016-09-12","2016-09-26","2016-09-27T21:10Z","2016-10-03T18:00Z","NEON.LTR.UNDE047673.20160926","NEON.LTR.UNDE047673.20160926.SDS","NEON.DOC.001710vE","Seeds",0,"N","","eMuK013bQYWUakFyOlw8RKtvvGPXqSpz"
"fd48ce8b-c0a7-4c49-a6c8-894a52dd3559","UNDE_047.basePlot.ltr","D05","UNDE","UNDE_047","UNDE_047_673","2016-10-03","2016-09-12","2016-09-26","2016-09-27T21:10Z","2016-10-03T18:00Z","NEON.LTR.UNDE047673.20160926","NEON.LTR.UNDE047673.20160926.TWI","NEON.DOC.001710vE","Twigs/branches",2.02,"N","","eMuK013bQYWUakFyOlw8RKtvvGPXqSpz"
"4e0a8571-5bd6-46ba-bc06-c983a4688fd6","UNDE_047.basePlot.ltr","D05","UNDE","UNDE_047","UNDE_047_673","2016-10-03","2016-09-12","2016-09-26","2016-09-27T21:10Z","2016-10-03T18:00Z","NEON.LTR.UNDE047673.20160926","NEON.LTR.UNDE047673.20160926.NDL","NEON.DOC.001710vE","Needles",0,"N","","eMuK013bQYWUakFyOlw8RKtvvGPXqSpz"
"56e94d09-f71c-4a3f-820d-969efa27588d","UNDE_047.basePlot.ltr","D05","UNDE","UNDE_047","UNDE_047_673","2016-10-03","2016-09-12","2016-09-26","2016-09-27T21:10Z","2016-10-03T18:00Z","NEON.LTR.UNDE047673.20160926","NEON.LTR.UNDE047673.20160926.FLR","NEON.DOC.001710vE","Flowers",0,"N","","eMuK013bQYWUakFyOlw8RKtvvGPXqSpz"
"4a750221-c974-428e-944d-02b739e3401d","UNDE_060.basePlot.ltr","D05","UNDE","UNDE_060","UNDE_060_413","2016-10-03","2016-09-12","2016-09-26","2016-09-27T21:10Z","2016-10-03T18:00Z","NEON.LTR.UNDE060413.20160926","NEON.LTR.UNDE060413.20160926.NDL","NEON.DOC.001710vE","Needles",3.45,"Y","","eMuK013bQYWUakFyOlw8RKtvvGPXqSpz"
"85279630-24bb-4706-95bb-b2fe9b9313ca","UNDE_060.basePlot.ltr","D05","UNDE","UNDE_060","UNDE_060_413","2016-10-03","2016-09-12","2016-09-26","2016-09-27T21:10Z","2016-10-03T18:00Z","NEON.LTR.UNDE060413.20160926","NEON.LTR.UNDE060413.20160926.NDL","NEON.DOC.001710vE","Needles",3.44,"N","","eMuK013bQYWUakFyOlw8RKtvvGPXqSpz"
"abb6f01c-440d-437a-88fe-4d980385d9a2","UNDE_060.basePlot.ltr","D05","UNDE","UNDE_060","UNDE_060_413","2016-10-03","2016-09-12","2016-09-26","2016-09-27T21:10Z","2016-10-03T18:00Z","NEON.LTR.UNDE060413.20160926","NEON.LTR.UNDE060413.20160926.TWI","NEON.DOC.001710vE","Twigs/branches",0.42,"N","","eMuK013bQYWUakFyOlw8RKtvvGPXqSpz"
"ef4f4868-57a1-44a4-bb11-4d8925a3db13","UNDE_060.basePlot.ltr","D05","UNDE","UNDE_060","UNDE_060_413","2016-10-03","2016-09-12","2016-09-26","2016-09-27T21:10Z","2016-10-03T18:00Z","NEON.LTR.UNDE060413.20160926","NEON.LTR.UNDE060413.20160926.LVS","NEON.DOC.001710vE","Leaves",0.8,"Y","","eMuK013bQYWUakFyOlw8RKtvvGPXqSpz"
"604552a4-e200-4f1d-9125-5af75690a63c","UNDE_060.basePlot.ltr","D05","UNDE","UNDE_060","UNDE_060_413","2016-10-03","2016-09-12","2016-09-26","2016-09-27T21:10Z","2016-10-03T18:00Z","NEON.LTR.UNDE060413.20160926","NEON.LTR.UNDE060413.20160926.FLR","NEON.DOC.001710vE","Flowers",0,"N","","eMuK013bQYWUakFyOlw8RKtvvGPXqSpz"
"ef21170b-463e-48f2-8be0-1e9bfe9511cd","UNDE_060.basePlot.ltr","D05","UNDE","UNDE_060","UNDE_060_413","2016-10-03","2016-09-12","2016-09-26","2016-09-27T21:10Z","2016-10-03T18:00Z","NEON.LTR.UNDE060413.20160926","NEON.LTR.UNDE060413.20160926.OTH","NEON.DOC.001710vE","Other",0.71,"Y","","eMuK013bQYWUakFyOlw8RKtvvGPXqSpz"
"51814a83-cd3d-421d-81b9-c04377a6fcd8","UNDE_060.basePlot.ltr","D05","UNDE","UNDE_060","UNDE_060_413","2016-10-03","2016-09-12","2016-09-26","2016-09-27T21:10Z","2016-10-03T18:00Z","NEON.LTR.UNDE060413.20160926","NEON.LTR.UNDE060413.20160926.LVS","NEON.DOC.001710vE","Leaves",0.77,"N","","eMuK013bQYWUakFyOlw8RKtvvGPXqSpz"
"46fe5575-72a4-4806-8e21-1abf700fc66c","UNDE_060.basePlot.ltr","D05","UNDE","UNDE_060","UNDE_060_413","2016-10-03","2016-09-12","2016-09-26","2016-09-27T21:10Z","2016-10-03T18:00Z","NEON.LTR.UNDE060413.20160926","NEON.LTR.UNDE060413.20160926.WDY","NEON.DOC.001710vE","Woody material",0.26,"N","","eMuK013bQYWUakFyOlw8RKtvvGPXqSpz"
"c9ec4c38-c94f-44de-8584-cd9ad9164e1a","UNDE_060.basePlot.ltr","D05","UNDE","UNDE_060","UNDE_060_413","2016-10-03","2016-09-12","2016-09-26","2016-09-27T21:10Z","2016-10-03T18:00Z","NEON.LTR.UNDE060413.20160926","NEON.LTR.UNDE060413.20160926.OTH","NEON.DOC.001710vE","Other",0.71,"N","","eMuK013bQYWUakFyOlw8RKtvvGPXqSpz"
"51b292db-87d5-402f-a63d-717b5882c445","UNDE_060.basePlot.ltr","D05","UNDE","UNDE_060","UNDE_060_413","2016-10-03","2016-09-12","2016-09-26","2016-09-27T21:10Z","2016-10-03T18:00Z","NEON.LTR.UNDE060413.20160926","NEON.LTR.UNDE060413.20160926.SDS","NEON.DOC.001710vE","Seeds",1.79,"N","","eMuK013bQYWUakFyOlw8RKtvvGPXqSpz"
"9ea61415-f1d5-4577-b21d-4a99229d6dd3","UNDE_060.basePlot.ltr","D05","UNDE","UNDE_060","UNDE_060_413","2016-10-03","2016-09-12","2016-09-26","2016-09-27T21:10Z","2016-10-03T18:00Z","NEON.LTR.UNDE060413.20160926","NEON.LTR.UNDE060413.20160926.SDS","NEON.DOC.001710vE","Seeds",1.81,"N","","eMuK013bQYWUakFyOlw8RKtvvGPXqSpz"
"196a6b09-8774-4554-9a71-cae9b3e50cbc","UNDE_060.basePlot.ltr","D05","UNDE","UNDE_060","UNDE_060_413","2016-10-03","2016-09-12","2016-09-26","2016-09-27T21:10Z","2016-10-03T18:00Z","NEON.LTR.UNDE060413.20160926","NEON.LTR.UNDE060413.20160926.WDY","NEON.DOC.001710vE","Woody material",0.26,"Y","","eMuK013bQYWUakFyOlw8RKtvvGPXqSpz"
"38f60e66-4211-4d3f-a876-d87e5a77d87e","UNDE_052.basePlot.ltr","D05","UNDE","UNDE_052","UNDE_052_584","2016-10-03","2016-09-12","2016-09-26","2016-09-27T21:10Z","2016-10-03T18:00Z","NEON.LTR.UNDE052584.20160926","NEON.LTR.UNDE052584.20160926.LVS","NEON.DOC.001710vE","Leaves",12.28,"N","","eMuK013bQYWUakFyOlw8RKtvvGPXqSpz"
"4e6c9810-c85f-445f-b6c5-fb0b9b92530c","UNDE_052.basePlot.ltr","D05","UNDE","UNDE_052","UNDE_052_584","2016-10-03","2016-09-12","2016-09-26","2016-09-27T21:10Z","2016-10-03T18:00Z","NEON.LTR.UNDE052584.20160926","NEON.LTR.UNDE052584.20160926.WDY","NEON.DOC.001710vE","Woody material",0,"N","","eMuK013bQYWUakFyOlw8RKtvvGPXqSpz"
"b8bd191a-fc32-4e92-84b1-5569a3a1d7f4","UNDE_052.basePlot.ltr","D05","UNDE","UNDE_052","UNDE_052_584","2016-10-03","2016-09-12","2016-09-26","2016-09-27T21:10Z","2016-10-03T18:00Z","NEON.LTR.UNDE052584.20160926","NEON.LTR.UNDE052584.20160926.SDS","NEON.DOC.001710vE","Seeds",0,"N","","eMuK013bQYWUakFyOlw8RKtvvGPXqSpz"
"19b8e00b-edea-4875-8f1f-30c39c2d04cb","UNDE_052.basePlot.ltr","D05","UNDE","UNDE_052","UNDE_052_584","2016-10-03","2016-09-12","2016-09-26","2016-09-27T21:10Z","2016-10-03T18:00Z","NEON.LTR.UNDE052584.20160926","NEON.LTR.UNDE052584.20160926.OTH","NEON.DOC.001710vE","Other",0.005,"N","","eMuK013bQYWUakFyOlw8RKtvvGPXqSpz"
"6567784f-7917-4614-a2b5-5adecb590bfa","UNDE_052.basePlot.ltr","D05","UNDE","UNDE_052","UNDE_052_584","2016-10-03","2016-09-12","2016-09-26","2016-09-27T21:10Z","2016-10-03T18:00Z","NEON.LTR.UNDE052584.20160926","NEON.LTR.UNDE052584.20160926.TWI","NEON.DOC.001710vE","Twigs/branches",2,"N","","eMuK013bQYWUakFyOlw8RKtvvGPXqSpz"
"60039479-6621-4f02-86de-0408d801a53a","UNDE_052.basePlot.ltr","D05","UNDE","UNDE_052","UNDE_052_584","2016-10-03","2016-09-12","2016-09-26","2016-09-27T21:10Z","2016-10-03T18:00Z","NEON.LTR.UNDE052584.20160926","NEON.LTR.UNDE052584.20160926.FLR","NEON.DOC.001710vE","Flowers",0,"N","","eMuK013bQYWUakFyOlw8RKtvvGPXqSpz"
"0013af94-2958-4862-b101-afc2ab1d5ba8","UNDE_052.basePlot.ltr","D05","UNDE","UNDE_052","UNDE_052_584","2016-10-03","2016-09-12","2016-09-26","2016-09-27T21:10Z","2016-10-03T18:00Z","NEON.LTR.UNDE052584.20160926","NEON.LTR.UNDE052584.20160926.NDL","NEON.DOC.001710vE","Needles",0.005,"N","","eMuK013bQYWUakFyOlw8RKtvvGPXqSpz"
"5930f285-9328-486c-a5cf-a12f93f7a7d1","UNDE_037.basePlot.ltr","D05","UNDE","UNDE_037","UNDE_037_713","2016-10-03","2016-09-12","2016-09-26","2016-09-27T21:10Z","2016-10-03T18:00Z","NEON.LTR.UNDE037713.20160926","NEON.LTR.UNDE037713.20160926.TWI","NEON.DOC.001710vE","Twigs/branches",0,"N","","eMuK013bQYWUakFyOlw8RKtvvGPXqSpz"
"779daff7-eec3-4492-b5b5-f5945a89353d","UNDE_037.basePlot.ltr","D05","UNDE","UNDE_037","UNDE_037_713","2016-10-03","2016-09-12","2016-09-26","2016-09-27T21:10Z","2016-10-03T18:00Z","NEON.LTR.UNDE037713.20160926","NEON.LTR.UNDE037713.20160926.SDS","NEON.DOC.001710vE","Seeds",0.005,"N","","eMuK013bQYWUakFyOlw8RKtvvGPXqSpz"
"30a32ee8-f6ed-4ed1-914b-891d01d3565f","UNDE_037.basePlot.ltr","D05","UNDE","UNDE_037","UNDE_037_713","2016-10-03","2016-09-12","2016-09-26","2016-09-27T21:10Z","2016-10-03T18:00Z","NEON.LTR.UNDE037713.20160926","NEON.LTR.UNDE037713.20160926.OTH","NEON.DOC.001710vE","Other",0.03,"N","","eMuK013bQYWUakFyOlw8RKtvvGPXqSpz"
"dc81a031-4ed7-4545-a6e0-c5ebcb3ad3e5","UNDE_037.basePlot.ltr","D05","UNDE","UNDE_037","UNDE_037_713","2016-10-03","2016-09-12","2016-09-26","2016-09-27T21:10Z","2016-10-03T18:00Z","NEON.LTR.UNDE037713.20160926","NEON.LTR.UNDE037713.20160926.NDL","NEON.DOC.001710vE","Needles",0.73,"N","","eMuK013bQYWUakFyOlw8RKtvvGPXqSpz"
"89ce2edb-87a8-4fd6-8888-9a973b6ef722","UNDE_037.basePlot.ltr","D05","UNDE","UNDE_037","UNDE_037_713","2016-10-03","2016-09-12","2016-09-26","2016-09-27T21:10Z","2016-10-03T18:00Z","NEON.LTR.UNDE037713.20160926","NEON.LTR.UNDE037713.20160926.LVS","NEON.DOC.001710vE","Leaves",2.43,"N","","eMuK013bQYWUakFyOlw8RKtvvGPXqSpz"
"46aaa78e-7367-4f5b-9dc3-9c5ca42f26fc","UNDE_037.basePlot.ltr","D05","UNDE","UNDE_037","UNDE_037_713","2016-10-03","2016-09-12","2016-09-26","2016-09-27T21:10Z","2016-10-03T18:00Z","NEON.LTR.UNDE037713.20160926","NEON.LTR.UNDE037713.20160926.WDY","NEON.DOC.001710vE","Woody material",0.02,"N","","eMuK013bQYWUakFyOlw8RKtvvGPXqSpz"
"b573d0da-eaa3-441b-8cd2-8525612f193c","UNDE_037.basePlot.ltr","D05","UNDE","UNDE_037","UNDE_037_713","2016-10-03","2016-09-12","2016-09-26","2016-09-27T21:10Z","2016-10-03T18:00Z","NEON.LTR.UNDE037713.20160926","NEON.LTR.UNDE037713.20160926.FLR","NEON.DOC.001710vE","Flowers",0.005,"N","","eMuK013bQYWUakFyOlw8RKtvvGPXqSpz"
"47d3f9b5-69e5-47f3-b7bf-6214160f245e","UNDE_037.basePlot.ltr","D05","UNDE","UNDE_037","UNDE_037_713","2016-10-03","2016-09-12","2016-09-26","2016-09-27T21:10Z","2016-10-03T18:00Z","NEON.LTR.UNDE037713.20160926","NEON.LTR.UNDE037713.20160926.WDY","NEON.DOC.001710vE","Woody material",0.005,"Y","","eMuK013bQYWUakFyOlw8RKtvvGPXqSpz"
"8d82713b-f98c-4169-895b-ae157310c5db","UNDE_045.basePlot.ltr","D05","UNDE","UNDE_045","UNDE_045_545","2016-10-03","2016-09-12","2016-09-26","2016-09-27T21:10Z","2016-10-03T18:00Z","NEON.LTR.UNDE045545.20160926","NEON.LTR.UNDE045545.20160926.OTH","NEON.DOC.001710vE","Other",0.09,"N","","eMuK013bQYWUakFyOlw8RKtvvGPXqSpz"
"79811477-cf9f-4fad-8e79-179697cf7153","UNDE_045.basePlot.ltr","D05","UNDE","UNDE_045","UNDE_045_545","2016-10-03","2016-09-12","2016-09-26","2016-09-27T21:10Z","2016-10-03T18:00Z","NEON.LTR.UNDE045545.20160926","NEON.LTR.UNDE045545.20160926.LVS","NEON.DOC.001710vE","Leaves",7.04,"Y","","eMuK013bQYWUakFyOlw8RKtvvGPXqSpz"
"5dcdf787-6132-4902-ba8c-3dfd573c9e5b","UNDE_045.basePlot.ltr","D05","UNDE","UNDE_045","UNDE_045_545","2016-10-03","2016-09-12","2016-09-26","2016-09-27T21:10Z","2016-10-03T18:00Z","NEON.LTR.UNDE045545.20160926","NEON.LTR.UNDE045545.20160926.NDL","NEON.DOC.001710vE","Needles",0.005,"N","","eMuK013bQYWUakFyOlw8RKtvvGPXqSpz"
"8b806a9f-d2f1-4bb0-b9f6-61b181db6d07","UNDE_045.basePlot.ltr","D05","UNDE","UNDE_045","UNDE_045_545","2016-10-03","2016-09-12","2016-09-26","2016-09-27T21:10Z","2016-10-03T18:00Z","NEON.LTR.UNDE045545.20160926","NEON.LTR.UNDE045545.20160926.FLR","NEON.DOC.001710vE","Flowers",0,"N","","eMuK013bQYWUakFyOlw8RKtvvGPXqSpz"
"fc9c6aad-8c85-4832-9f5a-4a32c303b500","UNDE_045.basePlot.ltr","D05","UNDE","UNDE_045","UNDE_045_545","2016-10-03","2016-09-12","2016-09-26","2016-09-27T21:10Z","2016-10-03T18:00Z","NEON.LTR.UNDE045545.20160926","NEON.LTR.UNDE045545.20160926.SDS","NEON.DOC.001710vE","Seeds",0,"N","","eMuK013bQYWUakFyOlw8RKtvvGPXqSpz"
"78462a03-c639-4ed6-9e00-4658456027c2","UNDE_045.basePlot.ltr","D05","UNDE","UNDE_045","UNDE_045_545","2016-10-03","2016-09-12","2016-09-26","2016-09-27T21:10Z","2016-10-03T18:00Z","NEON.LTR.UNDE045545.20160926","NEON.LTR.UNDE045545.20160926.OTH","NEON.DOC.001710vE","Other",0.11,"Y","","eMuK013bQYWUakFyOlw8RKtvvGPXqSpz"
"61ec4182-ec5d-4ae3-afb7-78563e64bd7f","UNDE_045.basePlot.ltr","D05","UNDE","UNDE_045","UNDE_045_545","2016-10-03","2016-09-12","2016-09-26","2016-09-27T21:10Z","2016-10-03T18:00Z","NEON.LTR.UNDE045545.20160926","NEON.LTR.UNDE045545.20160926.WDY","NEON.DOC.001710vE","Woody material",0.07,"N","","eMuK013bQYWUakFyOlw8RKtvvGPXqSpz"
"d92334ee-e80e-466f-9127-cdca04de5baa","UNDE_045.basePlot.ltr","D05","UNDE","UNDE_045","UNDE_045_545","2016-10-03","2016-09-12","2016-09-26","2016-09-27T21:10Z","2016-10-03T18:00Z","NEON.LTR.UNDE045545.20160926","NEON.LTR.UNDE045545.20160926.TWI","NEON.DOC.001710vE","Twigs/branches",0.59,"N","","eMuK013bQYWUakFyOlw8RKtvvGPXqSpz"
"fe497e18-9a6d-4c8c-8b0b-5e02d9387c93","UNDE_045.basePlot.ltr","D05","UNDE","UNDE_045","UNDE_045_545","2016-10-03","2016-09-12","2016-09-26","2016-09-27T21:10Z","2016-10-03T18:00Z","NEON.LTR.UNDE045545.20160926","NEON.LTR.UNDE045545.20160926.LVS","NEON.DOC.001710vE","Leaves",7.05,"N","","eMuK013bQYWUakFyOlw8RKtvvGPXqSpz"
"3dc66c26-58cc-4c24-89e3-718790040be1","UNDE_078.basePlot.ltr","D05","UNDE","UNDE_078","UNDE_078_632","2016-10-03","2016-09-12","2016-09-26","2016-09-27T21:10Z","2016-10-03T18:00Z","NEON.LTR.UNDE078632.20160926","NEON.LTR.UNDE078632.20160926.WDY","NEON.DOC.001710vE","Woody material",0,"N","","eMuK013bQYWUakFyOlw8RKtvvGPXqSpz"
"f475d0c6-bd14-46a7-b719-0e2b2fb6eb93","UNDE_078.basePlot.ltr","D05","UNDE","UNDE_078","UNDE_078_632","2016-10-03","2016-09-12","2016-09-26","2016-09-27T21:10Z","2016-10-03T18:00Z","NEON.LTR.UNDE078632.20160926","NEON.LTR.UNDE078632.20160926.LVS","NEON.DOC.001710vE","Leaves",73.22,"N","","eMuK013bQYWUakFyOlw8RKtvvGPXqSpz"
"56402deb-13f6-4e54-8a8e-5ad73cbc0c2f","UNDE_078.basePlot.ltr","D05","UNDE","UNDE_078","UNDE_078_632","2016-10-03","2016-09-12","2016-09-26","2016-09-27T21:10Z","2016-10-03T18:00Z","NEON.LTR.UNDE078632.20160926","NEON.LTR.UNDE078632.20160926.NDL","NEON.DOC.001710vE","Needles",0.12,"N","","eMuK013bQYWUakFyOlw8RKtvvGPXqSpz"
"280ef692-2b44-4280-a262-4e8d03a5eb24","UNDE_078.basePlot.ltr","D05","UNDE","UNDE_078","UNDE_078_632","2016-10-03","2016-09-12","2016-09-26","2016-09-27T21:10Z","2016-10-03T18:00Z","NEON.LTR.UNDE078632.20160926","NEON.LTR.UNDE078632.20160926.FLR","NEON.DOC.001710vE","Flowers",0,"N","","eMuK013bQYWUakFyOlw8RKtvvGPXqSpz"
"cd6e83cc-13dc-4738-812d-bf3a9eeee155","UNDE_078.basePlot.ltr","D05","UNDE","UNDE_078","UNDE_078_632","2016-10-03","2016-09-12","2016-09-26","2016-09-27T21:10Z","2016-10-03T18:00Z","NEON.LTR.UNDE078632.20160926","NEON.LTR.UNDE078632.20160926.SDS","NEON.DOC.001710vE","Seeds",0.005,"N","","eMuK013bQYWUakFyOlw8RKtvvGPXqSpz"
"5ad3397c-a40f-46a8-b13e-13dabd9bae3e","UNDE_078.basePlot.ltr","D05","UNDE","UNDE_078","UNDE_078_632","2016-10-03","2016-09-12","2016-09-26","2016-09-27T21:10Z","2016-10-03T18:00Z","NEON.LTR.UNDE078632.20160926","NEON.LTR.UNDE078632.20160926.OTH","NEON.DOC.001710vE","Other",0.48,"N","","eMuK013bQYWUakFyOlw8RKtvvGPXqSpz"
"8d0144e3-4779-449d-8926-ce849c6e995d","UNDE_078.basePlot.ltr","D05","UNDE","UNDE_078","UNDE_078_632","2016-10-03","2016-09-12","2016-09-26","2016-09-27T21:10Z","2016-10-03T18:00Z","NEON.LTR.UNDE078632.20160926","NEON.LTR.UNDE078632.20160926.TWI","NEON.DOC.001710vE","Twigs/branches",0,"N","","eMuK013bQYWUakFyOlw8RKtvvGPXqSpz"
"269bbd18-2b47-41c1-bb08-e26eeb318455","UNDE_061.basePlot.ltr","D05","UNDE","UNDE_061","UNDE_061_300","2016-10-03","2016-09-12","2016-09-26","2016-09-27T21:10Z","2016-10-03T18:00Z","NEON.LTR.UNDE061300.20160926","NEON.LTR.UNDE061300.20160926.TWI","NEON.DOC.001710vE","Twigs/branches",0,"N","","eMuK013bQYWUakFyOlw8RKtvvGPXqSpz"
"545b539e-cf0d-4174-92f4-042050aa783b","UNDE_061.basePlot.ltr","D05","UNDE","UNDE_061","UNDE_061_300","2016-10-03","2016-09-12","2016-09-26","2016-09-27T21:10Z","2016-10-03T18:00Z","NEON.LTR.UNDE061300.20160926","NEON.LTR.UNDE061300.20160926.LVS","NEON.DOC.001710vE","Leaves",2.6,"N","","eMuK013bQYWUakFyOlw8RKtvvGPXqSpz"
"d3e13753-c1c7-408f-839f-c640f13c8f6a","UNDE_061.basePlot.ltr","D05","UNDE","UNDE_061","UNDE_061_300","2016-10-03","2016-09-12","2016-09-26","2016-09-27T21:10Z","2016-10-03T18:00Z","NEON.LTR.UNDE061300.20160926","NEON.LTR.UNDE061300.20160926.FLR","NEON.DOC.001710vE","Flowers",0.02,"N","","eMuK013bQYWUakFyOlw8RKtvvGPXqSpz"
"2693e373-8ead-4b26-b931-baf744c1a80a","UNDE_061.basePlot.ltr","D05","UNDE","UNDE_061","UNDE_061_300","2016-10-03","2016-09-12","2016-09-26","2016-09-27T21:10Z","2016-10-03T18:00Z","NEON.LTR.UNDE061300.20160926","NEON.LTR.UNDE061300.20160926.NDL","NEON.DOC.001710vE","Needles",0,"N","","eMuK013bQYWUakFyOlw8RKtvvGPXqSpz"
"c7eab21a-3506-494a-a841-a4d4f2de0e5e","UNDE_061.basePlot.ltr","D05","UNDE","UNDE_061","UNDE_061_300","2016-10-03","2016-09-12","2016-09-26","2016-09-27T21:10Z","2016-10-03T18:00Z","NEON.LTR.UNDE061300.20160926","NEON.LTR.UNDE061300.20160926.FLR","NEON.DOC.001710vE","Flowers",0.03,"Y","","eMuK013bQYWUakFyOlw8RKtvvGPXqSpz"
"0bd52a44-a68d-4a86-8c1c-6d38bed78130","UNDE_061.basePlot.ltr","D05","UNDE","UNDE_061","UNDE_061_300","2016-10-03","2016-09-12","2016-09-26","2016-09-27T21:10Z","2016-10-03T18:00Z","NEON.LTR.UNDE061300.20160926","NEON.LTR.UNDE061300.20160926.SDS","NEON.DOC.001710vE","Seeds",0,"N","","eMuK013bQYWUakFyOlw8RKtvvGPXqSpz"
"7ffd246f-0fbc-4531-b478-ed586dacb5af","UNDE_061.basePlot.ltr","D05","UNDE","UNDE_061","UNDE_061_300","2016-10-03","2016-09-12","2016-09-26","2016-09-27T21:10Z","2016-10-03T18:00Z","NEON.LTR.UNDE061300.20160926","NEON.LTR.UNDE061300.20160926.WDY","NEON.DOC.001710vE","Woody material",0,"N","","eMuK013bQYWUakFyOlw8RKtvvGPXqSpz"
"fba1d03c-f825-4a34-8401-6066c2b2cc4e","UNDE_061.basePlot.ltr","D05","UNDE","UNDE_061","UNDE_061_300","2016-10-03","2016-09-12","2016-09-26","2016-09-27T21:10Z","2016-10-03T18:00Z","NEON.LTR.UNDE061300.20160926","NEON.LTR.UNDE061300.20160926.OTH","NEON.DOC.001710vE","Other",0.13,"Y","","eMuK013bQYWUakFyOlw8RKtvvGPXqSpz"
"b1decf9b-1a88-4c4d-b9b0-1d97ce3f593e","UNDE_061.basePlot.ltr","D05","UNDE","UNDE_061","UNDE_061_300","2016-10-03","2016-09-12","2016-09-26","2016-09-27T21:10Z","2016-10-03T18:00Z","NEON.LTR.UNDE061300.20160926","NEON.LTR.UNDE061300.20160926.OTH","NEON.DOC.001710vE","Other",0.12,"N","","eMuK013bQYWUakFyOlw8RKtvvGPXqSpz"
"1d6671bb-fb96-49fc-9de4-3dd748438ec2","UNDE_058.basePlot.ltr","D05","UNDE","UNDE_058","UNDE_058_300","2016-10-03","2016-09-12","2016-09-26","2016-09-27T21:10Z","2016-10-03T18:00Z","NEON.LTR.UNDE058300.20160926","NEON.LTR.UNDE058300.20160926.OTH","NEON.DOC.001710vE","Other",0.1,"N","","eMuK013bQYWUakFyOlw8RKtvvGPXqSpz"
"ce24abb7-142a-4640-926f-f6f8941082a8","UNDE_058.basePlot.ltr","D05","UNDE","UNDE_058","UNDE_058_300","2016-10-03","2016-09-12","2016-09-26","2016-09-27T21:10Z","2016-10-03T18:00Z","NEON.LTR.UNDE058300.20160926","NEON.LTR.UNDE058300.20160926.FLR","NEON.DOC.001710vE","Flowers",0.07,"N","","eMuK013bQYWUakFyOlw8RKtvvGPXqSpz"
"4676cd76-630e-4f4e-9d6c-57c96c043cdc","UNDE_058.basePlot.ltr","D05","UNDE","UNDE_058","UNDE_058_300","2016-10-03","2016-09-12","2016-09-26","2016-09-27T21:10Z","2016-10-03T18:00Z","NEON.LTR.UNDE058300.20160926","NEON.LTR.UNDE058300.20160926.TWI","NEON.DOC.001710vE","Twigs/branches",0,"N","","eMuK013bQYWUakFyOlw8RKtvvGPXqSpz"
"858d797a-7bb4-4d4a-b97c-9488de472800","UNDE_058.basePlot.ltr","D05","UNDE","UNDE_058","UNDE_058_300","2016-10-03","2016-09-12","2016-09-26","2016-09-27T21:10Z","2016-10-03T18:00Z","NEON.LTR.UNDE058300.20160926","NEON.LTR.UNDE058300.20160926.WDY","NEON.DOC.001710vE","Woody material",0.02,"N","","eMuK013bQYWUakFyOlw8RKtvvGPXqSpz"
"91199922-16b0-442a-89f2-293442b239bf","UNDE_058.basePlot.ltr","D05","UNDE","UNDE_058","UNDE_058_300","2016-10-03","2016-09-12","2016-09-26","2016-09-27T21:10Z","2016-10-03T18:00Z","NEON.LTR.UNDE058300.20160926","NEON.LTR.UNDE058300.20160926.LVS","NEON.DOC.001710vE","Leaves",9.71,"N","","eMuK013bQYWUakFyOlw8RKtvvGPXqSpz"
"f259e814-350d-4c51-80dd-e34101ec3af4","UNDE_058.basePlot.ltr","D05","UNDE","UNDE_058","UNDE_058_300","2016-10-03","2016-09-12","2016-09-26","2016-09-27T21:10Z","2016-10-03T18:00Z","NEON.LTR.UNDE058300.20160926","NEON.LTR.UNDE058300.20160926.SDS","NEON.DOC.001710vE","Seeds",0.29,"N","","eMuK013bQYWUakFyOlw8RKtvvGPXqSpz"
"dd8bbfc8-3ade-416b-aaff-918deb2d0c67","UNDE_049.basePlot.ltr","D05","UNDE","UNDE_049","UNDE_049_584","2016-10-03","2016-09-12","2016-09-26","2016-09-27T21:10Z","2016-10-03T18:00Z","NEON.LTR.UNDE049584.20160926","NEON.LTR.UNDE049584.20160926.FLR","NEON.DOC.001710vE","Flowers",0,"N","","eMuK013bQYWUakFyOlw8RKtvvGPXqSpz"
"79021296-6c27-4e48-9438-a6a3aad9fa62","UNDE_049.basePlot.ltr","D05","UNDE","UNDE_049","UNDE_049_584","2016-10-03","2016-09-12","2016-09-26","2016-09-27T21:10Z","2016-10-03T18:00Z","NEON.LTR.UNDE049584.20160926","NEON.LTR.UNDE049584.20160926.SDS","NEON.DOC.001710vE","Seeds",0,"N","","eMuK013bQYWUakFyOlw8RKtvvGPXqSpz"
"902cc2d7-a5a7-4d7e-a814-e7b0309bcbce","UNDE_058.basePlot.ltr","D05","UNDE","UNDE_058","UNDE_058_300","2016-10-03","2016-09-12","2016-09-26","2016-09-27T21:10Z","2016-10-03T18:00Z","NEON.LTR.UNDE058300.20160926","NEON.LTR.UNDE058300.20160926.NDL","NEON.DOC.001710vE","Needles",0,"N","","eMuK013bQYWUakFyOlw8RKtvvGPXqSpz"
"6a5cfa75-d1f6-465a-a40d-463077b70a9b","UNDE_049.basePlot.ltr","D05","UNDE","UNDE_049","UNDE_049_584","2016-10-03","2016-09-12","2016-09-26","2016-09-27T21:10Z","2016-10-03T18:00Z","NEON.LTR.UNDE049584.20160926","NEON.LTR.UNDE049584.20160926.WDY","NEON.DOC.001710vE","Woody material",0,"N","","eMuK013bQYWUakFyOlw8RKtvvGPXqSpz"
"242b5155-0f7d-4843-8a9a-c19a7582d1f1","UNDE_049.basePlot.ltr","D05","UNDE","UNDE_049","UNDE_049_584","2016-10-03","2016-09-12","2016-09-26","2016-09-27T21:10Z","2016-10-03T18:00Z","NEON.LTR.UNDE049584.20160926","NEON.LTR.UNDE049584.20160926.OTH","NEON.DOC.001710vE","Other",0.04,"N","","eMuK013bQYWUakFyOlw8RKtvvGPXqSpz"
"526d1e18-d5bb-4070-b8ed-37a145c1c1e3","UNDE_049.basePlot.ltr","D05","UNDE","UNDE_049","UNDE_049_584","2016-10-03","2016-09-12","2016-09-26","2016-09-27T21:10Z","2016-10-03T18:00Z","NEON.LTR.UNDE049584.20160926","NEON.LTR.UNDE049584.20160926.NDL","NEON.DOC.001710vE","Needles",1.23,"N","","eMuK013bQYWUakFyOlw8RKtvvGPXqSpz"
"a4c61567-10ca-4d76-9199-2672d338859d","UNDE_078.basePlot.ltr","D05","UNDE","UNDE_078","UNDE_078_632","2016-10-19","2016-09-26","2016-10-10","2016-10-17T13:30Z","2016-10-19T21:30Z","NEON.LTR.UNDE078632.20161010","NEON.LTR.UNDE078632.20161010.TWI","NEON.DOC.001710vE","Twigs/branches",0,"N",NA,"eMuK013bQYWUakFyOlw8RKtvvGPXqSpz"
"59261ccc-435b-41c0-a50a-2c2a78ca110e","UNDE_078.basePlot.ltr","D05","UNDE","UNDE_078","UNDE_078_632","2016-10-19","2016-09-26","2016-10-10","2016-10-17T13:30Z","2016-10-19T21:30Z","NEON.LTR.UNDE078632.20161010","NEON.LTR.UNDE078632.20161010.FLR","NEON.DOC.001710vE","Flowers",0,"N",NA,"eMuK013bQYWUakFyOlw8RKtvvGPXqSpz"
"88c3bee3-0530-4261-99e8-26eea7eb05bf","UNDE_078.basePlot.ltr","D05","UNDE","UNDE_078","UNDE_078_632","2016-10-19","2016-09-26","2016-10-10","2016-10-17T13:30Z","2016-10-19T21:30Z","NEON.LTR.UNDE078632.20161010","NEON.LTR.UNDE078632.20161010.WDY","NEON.DOC.001710vE","Woody material",0.08,"Y",NA,"eMuK013bQYWUakFyOlw8RKtvvGPXqSpz"
"f2c7fe80-64b7-4bc5-8b93-b3566bab4017","UNDE_078.basePlot.ltr","D05","UNDE","UNDE_078","UNDE_078_632","2016-10-19","2016-09-26","2016-10-10","2016-10-17T13:30Z","2016-10-19T21:30Z","NEON.LTR.UNDE078632.20161010","NEON.LTR.UNDE078632.20161010.WDY","NEON.DOC.001710vE","Woody material",0.08,"N",NA,"eMuK013bQYWUakFyOlw8RKtvvGPXqSpz"
"11d59e18-da86-4e63-9101-9fc794945d9a","UNDE_065.basePlot.ltr","D05","UNDE","UNDE_065","UNDE_065_010","2016-10-19","2016-09-26","2016-10-10","2016-10-17T13:30Z","2016-10-19T21:30Z","NEON.LTR.UNDE065010.20161010","NEON.LTR.UNDE065010.20161010.TWI","NEON.DOC.001710vE","Twigs/branches",0.005,"N",NA,"eMuK013bQYWUakFyOlw8RKtvvGPXqSpz"
"b4ec8578-b914-497c-95b4-748ae75c3cfc","UNDE_065.basePlot.ltr","D05","UNDE","UNDE_065","UNDE_065_363","2016-10-19","2016-09-26","2016-10-10","2016-10-17T13:30Z","2016-10-19T21:30Z","NEON.LTR.UNDE065363.20161010","NEON.LTR.UNDE065363.20161010.LVS","NEON.DOC.001710vE","Leaves",59.99,"N",NA,"eMuK013bQYWUakFyOlw8RKtvvGPXqSpz"
"9c3df0c6-2b17-4ebc-af0a-9ea1092c5bfa","UNDE_065.basePlot.ltr","D05","UNDE","UNDE_065","UNDE_065_363","2016-10-19","2016-09-26","2016-10-10","2016-10-17T13:30Z","2016-10-19T21:30Z","NEON.LTR.UNDE065363.20161010","NEON.LTR.UNDE065363.20161010.FLR","NEON.DOC.001710vE","Flowers",0,"N",NA,"eMuK013bQYWUakFyOlw8RKtvvGPXqSpz"
"2dacb6f8-58f7-48b0-ad6f-a1747842c19f","UNDE_065.basePlot.ltr","D05","UNDE","UNDE_065","UNDE_065_010","2016-10-19","2016-09-26","2016-10-10","2016-10-17T13:30Z","2016-10-19T21:30Z","NEON.LTR.UNDE065010.20161010","NEON.LTR.UNDE065010.20161010.WDY","NEON.DOC.001710vE","Woody material",0.08,"N",NA,"eMuK013bQYWUakFyOlw8RKtvvGPXqSpz"
"2c544f99-d38e-4dc6-a256-1ac23381c760","UNDE_065.basePlot.ltr","D05","UNDE","UNDE_065","UNDE_065_363","2016-10-19","2016-09-26","2016-10-10","2016-10-17T13:30Z","2016-10-19T21:30Z","NEON.LTR.UNDE065363.20161010","NEON.LTR.UNDE065363.20161010.SDS","NEON.DOC.001710vE","Seeds",0.09,"N",NA,"eMuK013bQYWUakFyOlw8RKtvvGPXqSpz"
"ad63c819-cb88-4788-8ce5-a1835e4af139","UNDE_065.basePlot.ltr","D05","UNDE","UNDE_065","UNDE_065_363","2016-10-19","2016-09-26","2016-10-10","2016-10-17T13:30Z","2016-10-19T21:30Z","NEON.LTR.UNDE065363.20161010","NEON.LTR.UNDE065363.20161010.OTH","NEON.DOC.001710vE","Other",0.12,"N",NA,"eMuK013bQYWUakFyOlw8RKtvvGPXqSpz"
"8cb17a48-83a1-474d-9bfc-f4c43cd98b2e","UNDE_065.basePlot.ltr","D05","UNDE","UNDE_065","UNDE_065_363","2016-10-19","2016-09-26","2016-10-10","2016-10-17T13:30Z","2016-10-19T21:30Z","NEON.LTR.UNDE065363.20161010","NEON.LTR.UNDE065363.20161010.WDY","NEON.DOC.001710vE","Woody material",0,"N",NA,"eMuK013bQYWUakFyOlw8RKtvvGPXqSpz"
"fd3d5c66-c1ef-4fa5-bd59-513b24875003","UNDE_065.basePlot.ltr","D05","UNDE","UNDE_065","UNDE_065_010","2016-10-19","2016-09-26","2016-10-10","2016-10-17T13:30Z","2016-10-19T21:30Z","NEON.LTR.UNDE065010.20161010","NEON.LTR.UNDE065010.20161010.SDS","NEON.DOC.001710vE","Seeds",0.005,"N",NA,"eMuK013bQYWUakFyOlw8RKtvvGPXqSpz"
"8a6beb55-a00b-460f-8e0f-460ea5822305","UNDE_065.basePlot.ltr","D05","UNDE","UNDE_065","UNDE_065_363","2016-10-19","2016-09-26","2016-10-10","2016-10-17T13:30Z","2016-10-19T21:30Z","NEON.LTR.UNDE065363.20161010","NEON.LTR.UNDE065363.20161010.NDL","NEON.DOC.001710vE","Needles",0.12,"N",NA,"eMuK013bQYWUakFyOlw8RKtvvGPXqSpz"
"9a5a46bd-77da-4305-92ea-2fd5a00b8f86","UNDE_065.basePlot.ltr","D05","UNDE","UNDE_065","UNDE_065_363","2016-10-19","2016-09-26","2016-10-10","2016-10-17T13:30Z","2016-10-19T21:30Z","NEON.LTR.UNDE065363.20161010","NEON.LTR.UNDE065363.20161010.SDS","NEON.DOC.001710vE","Seeds",0.09,"N",NA,"eMuK013bQYWUakFyOlw8RKtvvGPXqSpz"
"95cf1ab2-745d-4c6a-813b-da688929d306","UNDE_065.basePlot.ltr","D05","UNDE","UNDE_065","UNDE_065_010","2016-10-19","2016-09-26","2016-10-10","2016-10-17T13:30Z","2016-10-19T21:30Z","NEON.LTR.UNDE065010.20161010","NEON.LTR.UNDE065010.20161010.FLR","NEON.DOC.001710vE","Flowers",0.17,"N",NA,"eMuK013bQYWUakFyOlw8RKtvvGPXqSpz"
"bce26654-25fd-47a1-a9b0-2d5bd887d369","UNDE_065.basePlot.ltr","D05","UNDE","UNDE_065","UNDE_065_363","2016-10-19","2016-09-26","2016-10-10","2016-10-17T13:30Z","2016-10-19T21:30Z","NEON.LTR.UNDE065363.20161010","NEON.LTR.UNDE065363.20161010.TWI","NEON.DOC.001710vE","Twigs/branches",5.57,"N",NA,"eMuK013bQYWUakFyOlw8RKtvvGPXqSpz"
"03e28445-2172-4a4d-bab4-9aee5494ba15","UNDE_065.basePlot.ltr","D05","UNDE","UNDE_065","UNDE_065_010","2016-10-19","2016-09-26","2016-10-10","2016-10-17T13:30Z","2016-10-19T21:30Z","NEON.LTR.UNDE065010.20161010","NEON.LTR.UNDE065010.20161010.LVS","NEON.DOC.001710vE","Leaves",85.43,"N",NA,"eMuK013bQYWUakFyOlw8RKtvvGPXqSpz"
"19ca6b8a-8106-4c9e-9aef-8243e231f18a","UNDE_065.basePlot.ltr","D05","UNDE","UNDE_065","UNDE_065_010","2016-10-19","2016-09-26","2016-10-10","2016-10-17T13:30Z","2016-10-19T21:30Z","NEON.LTR.UNDE065010.20161010","NEON.LTR.UNDE065010.20161010.NDL","NEON.DOC.001710vE","Needles",0.005,"N",NA,"eMuK013bQYWUakFyOlw8RKtvvGPXqSpz"
"9cf91794-4256-49ff-9eb5-e7f0bb79921c","UNDE_065.basePlot.ltr","D05","UNDE","UNDE_065","UNDE_065_010","2016-10-19","2016-09-26","2016-10-10","2016-10-17T13:30Z","2016-10-19T21:30Z","NEON.LTR.UNDE065010.20161010","NEON.LTR.UNDE065010.20161010.OTH","NEON.DOC.001710vE","Other",0.31,"N",NA,"eMuK013bQYWUakFyOlw8RKtvvGPXqSpz"
"9603cc74-11da-4815-afc7-3a0f7c00ac5c","UNDE_061.basePlot.ltr","D05","UNDE","UNDE_061","UNDE_061_300","2016-10-19","2016-09-26","2016-10-10","2016-10-17T13:30Z","2016-10-19T21:30Z","NEON.LTR.UNDE061300.20161010","NEON.LTR.UNDE061300.20161010.OTH","NEON.DOC.001710vE","Other",0.35,"N",NA,"eMuK013bQYWUakFyOlw8RKtvvGPXqSpz"
"6db3f317-9161-401b-87af-dbf1b0423a97","UNDE_061.basePlot.ltr","D05","UNDE","UNDE_061","UNDE_061_300","2016-10-19","2016-09-26","2016-10-10","2016-10-17T13:30Z","2016-10-19T21:30Z","NEON.LTR.UNDE061300.20161010","NEON.LTR.UNDE061300.20161010.SDS","NEON.DOC.001710vE","Seeds",0,"N",NA,"eMuK013bQYWUakFyOlw8RKtvvGPXqSpz"
"b20e2625-ed11-4685-9030-1bfaacd32620","UNDE_061.basePlot.ltr","D05","UNDE","UNDE_061","UNDE_061_828","2016-10-19","2016-09-26","2016-10-10","2016-10-17T13:30Z","2016-10-19T21:30Z","NEON.LTR.UNDE061828.20161010","NEON.LTR.UNDE061828.20161010.TWI","NEON.DOC.001710vE","Twigs/branches",0.13,"N",NA,"eMuK013bQYWUakFyOlw8RKtvvGPXqSpz"
"9dd5d388-ec96-4e4c-920b-fa1ed3731a4d","UNDE_061.basePlot.ltr","D05","UNDE","UNDE_061","UNDE_061_828","2016-10-19","2016-09-26","2016-10-10","2016-10-17T13:30Z","2016-10-19T21:30Z","NEON.LTR.UNDE061828.20161010","NEON.LTR.UNDE061828.20161010.WDY","NEON.DOC.001710vE","Woody material",0.005,"N",NA,"eMuK013bQYWUakFyOlw8RKtvvGPXqSpz"
"392a9a5c-b45b-4738-b441-0899883b9e76","UNDE_061.basePlot.ltr","D05","UNDE","UNDE_061","UNDE_061_300","2016-10-19","2016-09-26","2016-10-10","2016-10-17T13:30Z","2016-10-19T21:30Z","NEON.LTR.UNDE061300.20161010","NEON.LTR.UNDE061300.20161010.OTH","NEON.DOC.001710vE","Other",0.34,"Y",NA,"eMuK013bQYWUakFyOlw8RKtvvGPXqSpz"
"9451ce1d-7f38-4d53-b6fa-8f1470b6e400","UNDE_061.basePlot.ltr","D05","UNDE","UNDE_061","UNDE_061_300","2016-10-19","2016-09-26","2016-10-10","2016-10-17T13:30Z","2016-10-19T21:30Z","NEON.LTR.UNDE061300.20161010","NEON.LTR.UNDE061300.20161010.TWI","NEON.DOC.001710vE","Twigs/branches",11.3,"Y",NA,"eMuK013bQYWUakFyOlw8RKtvvGPXqSpz"
"b2356b2d-e137-4bfa-9149-6fb8d501c6f0","UNDE_061.basePlot.ltr","D05","UNDE","UNDE_061","UNDE_061_300","2016-10-19","2016-09-26","2016-10-10","2016-10-17T13:30Z","2016-10-19T21:30Z","NEON.LTR.UNDE061300.20161010","NEON.LTR.UNDE061300.20161010.NDL","NEON.DOC.001710vE","Needles",0,"N",NA,"eMuK013bQYWUakFyOlw8RKtvvGPXqSpz"
"e3cd9dd2-cc2f-41c0-bddc-d655fa8820a6","UNDE_061.basePlot.ltr","D05","UNDE","UNDE_061","UNDE_061_828","2016-10-19","2016-09-26","2016-10-10","2016-10-17T13:30Z","2016-10-19T21:30Z","NEON.LTR.UNDE061828.20161010","NEON.LTR.UNDE061828.20161010.LVS","NEON.DOC.001710vE","Leaves",55.97,"N",NA,"eMuK013bQYWUakFyOlw8RKtvvGPXqSpz"
"6214c988-6a3e-481f-bda7-13d7f5137a84","UNDE_061.basePlot.ltr","D05","UNDE","UNDE_061","UNDE_061_300","2016-10-19","2016-09-26","2016-10-10","2016-10-17T13:30Z","2016-10-19T21:30Z","NEON.LTR.UNDE061300.20161010","NEON.LTR.UNDE061300.20161010.LVS","NEON.DOC.001710vE","Leaves",26.68,"N",NA,"eMuK013bQYWUakFyOlw8RKtvvGPXqSpz"
"1e4ab264-6388-4a34-932e-8c6b904f7ded","UNDE_061.basePlot.ltr","D05","UNDE","UNDE_061","UNDE_061_300","2016-10-19","2016-09-26","2016-10-10","2016-10-17T13:30Z","2016-10-19T21:30Z","NEON.LTR.UNDE061300.20161010","NEON.LTR.UNDE061300.20161010.TWI","NEON.DOC.001710vE","Twigs/branches",11.36,"N",NA,"eMuK013bQYWUakFyOlw8RKtvvGPXqSpz"
"58322873-5a16-42c1-b08e-5912d9415866","UNDE_061.basePlot.ltr","D05","UNDE","UNDE_061","UNDE_061_828","2016-10-19","2016-09-26","2016-10-10","2016-10-17T13:30Z","2016-10-19T21:30Z","NEON.LTR.UNDE061828.20161010","NEON.LTR.UNDE061828.20161010.SDS","NEON.DOC.001710vE","Seeds",0,"N",NA,"eMuK013bQYWUakFyOlw8RKtvvGPXqSpz"
"86b3dba0-7a4d-43bd-baa9-6e2b031fba14","UNDE_061.basePlot.ltr","D05","UNDE","UNDE_061","UNDE_061_300","2016-10-19","2016-09-26","2016-10-10","2016-10-17T13:30Z","2016-10-19T21:30Z","NEON.LTR.UNDE061300.20161010","NEON.LTR.UNDE061300.20161010.FLR","NEON.DOC.001710vE","Flowers",0,"N",NA,"eMuK013bQYWUakFyOlw8RKtvvGPXqSpz"
"9bf224d7-7438-413f-9517-00c261a7f196","UNDE_061.basePlot.ltr","D05","UNDE","UNDE_061","UNDE_061_828","2016-10-19","2016-09-26","2016-10-10","2016-10-17T13:30Z","2016-10-19T21:30Z","NEON.LTR.UNDE061828.20161010","NEON.LTR.UNDE061828.20161010.FLR","NEON.DOC.001710vE","Flowers",0,"N",NA,"eMuK013bQYWUakFyOlw8RKtvvGPXqSpz"
"57536a62-0145-4856-8b4c-0ccd01b6a387","UNDE_061.basePlot.ltr","D05","UNDE","UNDE_061","UNDE_061_828","2016-10-19","2016-09-26","2016-10-10","2016-10-17T13:30Z","2016-10-19T21:30Z","NEON.LTR.UNDE061828.20161010","NEON.LTR.UNDE061828.20161010.NDL","NEON.DOC.001710vE","Needles",0,"N",NA,"eMuK013bQYWUakFyOlw8RKtvvGPXqSpz"
"60a7a095-0f23-47e1-8b25-22591b6481b8","UNDE_061.basePlot.ltr","D05","UNDE","UNDE_061","UNDE_061_300","2016-10-19","2016-09-26","2016-10-10","2016-10-17T13:30Z","2016-10-19T21:30Z","NEON.LTR.UNDE061300.20161010","NEON.LTR.UNDE061300.20161010.WDY","NEON.DOC.001710vE","Woody material",0.05,"Y",NA,"eMuK013bQYWUakFyOlw8RKtvvGPXqSpz"
"41e2da68-9ddc-434a-b430-31faf91c3f92","UNDE_061.basePlot.ltr","D05","UNDE","UNDE_061","UNDE_061_300","2016-10-19","2016-09-26","2016-10-10","2016-10-17T13:30Z","2016-10-19T21:30Z","NEON.LTR.UNDE061300.20161010","NEON.LTR.UNDE061300.20161010.WDY","NEON.DOC.001710vE","Woody material",0.05,"N",NA,"eMuK013bQYWUakFyOlw8RKtvvGPXqSpz"
"faf9401f-20c8-475d-9f72-7f33b3074858","UNDE_061.basePlot.ltr","D05","UNDE","UNDE_061","UNDE_061_828","2016-10-19","2016-09-26","2016-10-10","2016-10-17T13:30Z","2016-10-19T21:30Z","NEON.LTR.UNDE061828.20161010","NEON.LTR.UNDE061828.20161010.OTH","NEON.DOC.001710vE","Other",0.47,"N",NA,"eMuK013bQYWUakFyOlw8RKtvvGPXqSpz"
"2d3614bd-b127-4764-96e9-c8c615ab13b3","UNDE_060.basePlot.ltr","D05","UNDE","UNDE_060","UNDE_060_413","2016-10-19","2016-09-26","2016-10-10","2016-10-17T13:30Z","2016-10-19T21:30Z","NEON.LTR.UNDE060413.20161010","NEON.LTR.UNDE060413.20161010.WDY","NEON.DOC.001710vE","Woody material",1.07,"N",NA,"eMuK013bQYWUakFyOlw8RKtvvGPXqSpz"
"12dd5405-dd68-4cbc-908e-c7b4b8c318a9","UNDE_060.basePlot.ltr","D05","UNDE","UNDE_060","UNDE_060_413","2016-10-19","2016-09-26","2016-10-10","2016-10-17T13:30Z","2016-10-19T21:30Z","NEON.LTR.UNDE060413.20161010","NEON.LTR.UNDE060413.20161010.WDY","NEON.DOC.001710vE","Woody material",1.07,"Y",NA,"eMuK013bQYWUakFyOlw8RKtvvGPXqSpz"
"0555423a-640c-4b93-881f-86cfc97be6a0","UNDE_061.basePlot.ltr","D05","UNDE","UNDE_061","UNDE_061_300","2016-10-19","2016-09-26","2016-10-10","2016-10-17T13:30Z","2016-10-19T21:30Z","NEON.LTR.UNDE061300.20161010","NEON.LTR.UNDE061300.20161010.LVS","NEON.DOC.001710vE","Leaves",26.89,"Y",NA,"eMuK013bQYWUakFyOlw8RKtvvGPXqSpz"
"085380b7-be47-4dd5-87b5-ebd851363df6","UNDE_060.basePlot.ltr","D05","UNDE","UNDE_060","UNDE_060_413","2016-10-19","2016-09-26","2016-10-10","2016-10-17T13:30Z","2016-10-19T21:30Z","NEON.LTR.UNDE060413.20161010","NEON.LTR.UNDE060413.20161010.SDS","NEON.DOC.001710vE","Seeds",0.1,"N",NA,"eMuK013bQYWUakFyOlw8RKtvvGPXqSpz"
"16fd3be8-a3be-4a6f-9684-bc9ed206c334","UNDE_060.basePlot.ltr","D05","UNDE","UNDE_060","UNDE_060_413","2016-10-19","2016-09-26","2016-10-10","2016-10-17T13:30Z","2016-10-19T21:30Z","NEON.LTR.UNDE060413.20161010","NEON.LTR.UNDE060413.20161010.TWI","NEON.DOC.001710vE","Twigs/branches",0,"N",NA,"eMuK013bQYWUakFyOlw8RKtvvGPXqSpz"
"6f3cf50c-397f-460b-b2d7-47d518888683","UNDE_060.basePlot.ltr","D05","UNDE","UNDE_060","UNDE_060_413","2016-10-19","2016-09-26","2016-10-10","2016-10-17T13:30Z","2016-10-19T21:30Z","NEON.LTR.UNDE060413.20161010","NEON.LTR.UNDE060413.20161010.OTH","NEON.DOC.001710vE","Other",0.48,"N",NA,"eMuK013bQYWUakFyOlw8RKtvvGPXqSpz"
"842a27de-5986-4d35-8c4e-551e48971b85","UNDE_060.basePlot.ltr","D05","UNDE","UNDE_060","UNDE_060_413","2016-10-19","2016-09-26","2016-10-10","2016-10-17T13:30Z","2016-10-19T21:30Z","NEON.LTR.UNDE060413.20161010","NEON.LTR.UNDE060413.20161010.FLR","NEON.DOC.001710vE","Flowers",0,"N",NA,"eMuK013bQYWUakFyOlw8RKtvvGPXqSpz"
"7f851f3a-5803-4a8e-908c-2f2e5252edf6","UNDE_078.basePlot.ltr","D05","UNDE","UNDE_078","UNDE_078_632","2016-10-19","2016-09-26","2016-10-10","2016-10-17T13:30Z","2016-10-19T21:30Z","NEON.LTR.UNDE078632.20161010","NEON.LTR.UNDE078632.20161010.OTH","NEON.DOC.001710vE","Other",0.49,"N",NA,"eMuK013bQYWUakFyOlw8RKtvvGPXqSpz"
"2b20b791-3920-473d-9e2d-e162a6476cda","UNDE_078.basePlot.ltr","D05","UNDE","UNDE_078","UNDE_078_632","2016-10-19","2016-09-26","2016-10-10","2016-10-17T13:30Z","2016-10-19T21:30Z","NEON.LTR.UNDE078632.20161010","NEON.LTR.UNDE078632.20161010.NDL","NEON.DOC.001710vE","Needles",0.66,"N",NA,"eMuK013bQYWUakFyOlw8RKtvvGPXqSpz"
"9ea92377-7d9e-439a-8c37-bb0436d5cd06","UNDE_078.basePlot.ltr","D05","UNDE","UNDE_078","UNDE_078_045","2016-10-19","2016-09-26","2016-10-10","2016-10-17T13:30Z","2016-10-19T21:30Z","NEON.LTR.UNDE078045.20161010","NEON.LTR.UNDE078045.20161010.NDL","NEON.DOC.001710vE","Needles",0.01,"N",NA,"eMuK013bQYWUakFyOlw8RKtvvGPXqSpz"
"7e8a8739-bb9b-468b-b891-39616ee75102","UNDE_078.basePlot.ltr","D05","UNDE","UNDE_078","UNDE_078_045","2016-10-19","2016-09-26","2016-10-10","2016-10-17T13:30Z","2016-10-19T21:30Z","NEON.LTR.UNDE078045.20161010","NEON.LTR.UNDE078045.20161010.FLR","NEON.DOC.001710vE","Flowers",0,"N",NA,"eMuK013bQYWUakFyOlw8RKtvvGPXqSpz"
"8b2b99c0-0c3e-4a6f-b7ce-d086928fcad2","UNDE_078.basePlot.ltr","D05","UNDE","UNDE_078","UNDE_078_045","2016-10-19","2016-09-26","2016-10-10","2016-10-17T13:30Z","2016-10-19T21:30Z","NEON.LTR.UNDE078045.20161010","NEON.LTR.UNDE078045.20161010.OTH","NEON.DOC.001710vE","Other",0.34,"N",NA,"eMuK013bQYWUakFyOlw8RKtvvGPXqSpz"
"c0e71a92-6b50-4b2f-8289-5fccddbac49b","UNDE_078.basePlot.ltr","D05","UNDE","UNDE_078","UNDE_078_045","2016-10-19","2016-09-26","2016-10-10","2016-10-17T13:30Z","2016-10-19T21:30Z","NEON.LTR.UNDE078045.20161010","NEON.LTR.UNDE078045.20161010.WDY","NEON.DOC.001710vE","Woody material",0,"N",NA,"eMuK013bQYWUakFyOlw8RKtvvGPXqSpz"
"76870357-6bd2-4d4a-afd1-b21f76074a14","UNDE_078.basePlot.ltr","D05","UNDE","UNDE_078","UNDE_078_045","2016-10-19","2016-09-26","2016-10-10","2016-10-17T13:30Z","2016-10-19T21:30Z","NEON.LTR.UNDE078045.20161010","NEON.LTR.UNDE078045.20161010.TWI","NEON.DOC.001710vE","Twigs/branches",0,"N",NA,"eMuK013bQYWUakFyOlw8RKtvvGPXqSpz"
"08b3c74a-861f-4d6b-b079-07d60b0b34ed","UNDE_078.basePlot.ltr","D05","UNDE","UNDE_078","UNDE_078_045","2016-10-19","2016-09-26","2016-10-10","2016-10-17T13:30Z","2016-10-19T21:30Z","NEON.LTR.UNDE078045.20161010","NEON.LTR.UNDE078045.20161010.SDS","NEON.DOC.001710vE","Seeds",0,"N",NA,"eMuK013bQYWUakFyOlw8RKtvvGPXqSpz"
"afe018f5-c06f-47a4-899f-ed26f97a6979","UNDE_078.basePlot.ltr","D05","UNDE","UNDE_078","UNDE_078_045","2016-10-19","2016-09-26","2016-10-10","2016-10-17T13:30Z","2016-10-19T21:30Z","NEON.LTR.UNDE078045.20161010","NEON.LTR.UNDE078045.20161010.LVS","NEON.DOC.001710vE","Leaves",48.77,"N",NA,"eMuK013bQYWUakFyOlw8RKtvvGPXqSpz"
"dc0247cd-e17e-40d8-a8e2-41595b7c34b7","UNDE_078.basePlot.ltr","D05","UNDE","UNDE_078","UNDE_078_632","2016-10-19","2016-09-26","2016-10-10","2016-10-17T13:30Z","2016-10-19T21:30Z","NEON.LTR.UNDE078632.20161010","NEON.LTR.UNDE078632.20161010.LVS","NEON.DOC.001710vE","Leaves",41.56,"N",NA,"eMuK013bQYWUakFyOlw8RKtvvGPXqSpz"
"dd0b0e65-d087-43ae-8243-16df735be97a","UNDE_078.basePlot.ltr","D05","UNDE","UNDE_078","UNDE_078_632","2016-10-19","2016-09-26","2016-10-10","2016-10-17T13:30Z","2016-10-19T21:30Z","NEON.LTR.UNDE078632.20161010","NEON.LTR.UNDE078632.20161010.SDS","NEON.DOC.001710vE","Seeds",0.005,"N",NA,"eMuK013bQYWUakFyOlw8RKtvvGPXqSpz"
"f4d18517-f6d2-415a-b3bc-613497ec59a6","UNDE_060.basePlot.ltr","D05","UNDE","UNDE_060","UNDE_060_010","2016-10-19","2016-09-26","2016-10-10","2016-10-17T13:30Z","2016-10-19T21:30Z","NEON.LTR.UNDE060010.20161010","NEON.LTR.UNDE060010.20161010.TWI","NEON.DOC.001710vE","Twigs/branches",1.68,"N",NA,"eMuK013bQYWUakFyOlw8RKtvvGPXqSpz"
"6feae89a-1c4c-4c2c-ac1e-499bea2253c1","UNDE_060.basePlot.ltr","D05","UNDE","UNDE_060","UNDE_060_010","2016-10-19","2016-09-26","2016-10-10","2016-10-17T13:30Z","2016-10-19T21:30Z","NEON.LTR.UNDE060010.20161010","NEON.LTR.UNDE060010.20161010.LVS","NEON.DOC.001710vE","Leaves",29.88,"N",NA,"eMuK013bQYWUakFyOlw8RKtvvGPXqSpz"
"d78e3e6a-aed7-4d19-aa38-39e98e58184e","UNDE_060.basePlot.ltr","D05","UNDE","UNDE_060","UNDE_060_010","2016-10-19","2016-09-26","2016-10-10","2016-10-17T13:30Z","2016-10-19T21:30Z","NEON.LTR.UNDE060010.20161010","NEON.LTR.UNDE060010.20161010.FLR","NEON.DOC.001710vE","Flowers",0,"N",NA,"eMuK013bQYWUakFyOlw8RKtvvGPXqSpz"
"f73f712c-2e2d-4881-85ae-cebdeccd619a","UNDE_060.basePlot.ltr","D05","UNDE","UNDE_060","UNDE_060_413","2016-10-19","2016-09-26","2016-10-10","2016-10-17T13:30Z","2016-10-19T21:30Z","NEON.LTR.UNDE060413.20161010","NEON.LTR.UNDE060413.20161010.NDL","NEON.DOC.001710vE","Needles",16.33,"N",NA,"eMuK013bQYWUakFyOlw8RKtvvGPXqSpz"
"25398ab6-faa8-47ae-b66b-a0d56185592a","UNDE_060.basePlot.ltr","D05","UNDE","UNDE_060","UNDE_060_010","2016-10-19","2016-09-26","2016-10-10","2016-10-17T13:30Z","2016-10-19T21:30Z","NEON.LTR.UNDE060010.20161010","NEON.LTR.UNDE060010.20161010.SDS","NEON.DOC.001710vE","Seeds",0,"N",NA,"eMuK013bQYWUakFyOlw8RKtvvGPXqSpz"
"73eeb7ed-fb59-476e-becf-38360dddf2c4","UNDE_060.basePlot.ltr","D05","UNDE","UNDE_060","UNDE_060_010","2016-10-19","2016-09-26","2016-10-10","2016-10-17T13:30Z","2016-10-19T21:30Z","NEON.LTR.UNDE060010.20161010","NEON.LTR.UNDE060010.20161010.WDY","NEON.DOC.001710vE","Woody material",0.09,"N",NA,"eMuK013bQYWUakFyOlw8RKtvvGPXqSpz"
"07311d3e-f29f-4460-a597-b0a5355c19f2","UNDE_060.basePlot.ltr","D05","UNDE","UNDE_060","UNDE_060_413","2016-10-19","2016-09-26","2016-10-10","2016-10-17T13:30Z","2016-10-19T21:30Z","NEON.LTR.UNDE060413.20161010","NEON.LTR.UNDE060413.20161010.LVS","NEON.DOC.001710vE","Leaves",10.29,"N",NA,"eMuK013bQYWUakFyOlw8RKtvvGPXqSpz"
"978c7e87-1700-4ad5-ad96-bdccddd70f9c","UNDE_060.basePlot.ltr","D05","UNDE","UNDE_060","UNDE_060_010","2016-10-19","2016-09-26","2016-10-10","2016-10-17T13:30Z","2016-10-19T21:30Z","NEON.LTR.UNDE060010.20161010","NEON.LTR.UNDE060010.20161010.NDL","NEON.DOC.001710vE","Needles",3.9,"N",NA,"eMuK013bQYWUakFyOlw8RKtvvGPXqSpz"
"74cf2f57-6cc6-4e97-9211-72ae89bf927b","UNDE_058.basePlot.ltr","D05","UNDE","UNDE_058","UNDE_058_828","2016-10-19","2016-09-26","2016-10-10","2016-10-17T13:30Z","2016-10-19T21:30Z","NEON.LTR.UNDE058828.20161010","NEON.LTR.UNDE058828.20161010.NDL","NEON.DOC.001710vE","Needles",0,"N",NA,"eMuK013bQYWUakFyOlw8RKtvvGPXqSpz"
"c64e934c-f559-4201-ac92-536b2505fd76","UNDE_058.basePlot.ltr","D05","UNDE","UNDE_058","UNDE_058_828","2016-10-19","2016-09-26","2016-10-10","2016-10-17T13:30Z","2016-10-19T21:30Z","NEON.LTR.UNDE058828.20161010","NEON.LTR.UNDE058828.20161010.FLR","NEON.DOC.001710vE","Flowers",0,"N",NA,"eMuK013bQYWUakFyOlw8RKtvvGPXqSpz"
"44896506-7934-4c7a-b8f1-18b40073a971","UNDE_060.basePlot.ltr","D05","UNDE","UNDE_060","UNDE_060_010","2016-10-19","2016-09-26","2016-10-10","2016-10-17T13:30Z","2016-10-19T21:30Z","NEON.LTR.UNDE060010.20161010","NEON.LTR.UNDE060010.20161010.OTH","NEON.DOC.001710vE","Other",0.54,"N",NA,"eMuK013bQYWUakFyOlw8RKtvvGPXqSpz"
"b049b97e-c7d4-4463-9e53-9d462faed608","UNDE_059.basePlot.ltr","D05","UNDE","UNDE_059","UNDE_059_631","2016-10-19","2016-09-26","2016-10-10","2016-10-17T13:30Z","2016-10-19T21:30Z","NEON.LTR.UNDE059631.20161010","NEON.LTR.UNDE059631.20161010.SDS","NEON.DOC.001710vE","Seeds",0.005,"N",NA,"eMuK013bQYWUakFyOlw8RKtvvGPXqSpz"
"09567269-7dfd-4327-98d7-9e8d8d308bf1","UNDE_059.basePlot.ltr","D05","UNDE","UNDE_059","UNDE_059_631","2016-10-19","2016-09-26","2016-10-10","2016-10-17T13:30Z","2016-10-19T21:30Z","NEON.LTR.UNDE059631.20161010","NEON.LTR.UNDE059631.20161010.OTH","NEON.DOC.001710vE","Other",0.41,"N",NA,"eMuK013bQYWUakFyOlw8RKtvvGPXqSpz"
"6fa75289-b678-48e2-ab13-62f89654dbe1","UNDE_059.basePlot.ltr","D05","UNDE","UNDE_059","UNDE_059_406","2016-10-19","2016-09-26","2016-10-10","2016-10-17T13:30Z","2016-10-19T21:30Z","NEON.LTR.UNDE059406.20161010","NEON.LTR.UNDE059406.20161010.WDY","NEON.DOC.001710vE","Woody material",0.43,"N",NA,"eMuK013bQYWUakFyOlw8RKtvvGPXqSpz"
"9bdb56b1-1c1d-4057-845d-c52a5befdc86","UNDE_058.basePlot.ltr","D05","UNDE","UNDE_058","UNDE_058_828","2016-10-19","2016-09-26","2016-10-10","2016-10-17T13:30Z","2016-10-19T21:30Z","NEON.LTR.UNDE058828.20161010","NEON.LTR.UNDE058828.20161010.WDY","NEON.DOC.001710vE","Woody material",0.9,"Y",NA,"eMuK013bQYWUakFyOlw8RKtvvGPXqSpz"
"a89024a7-136f-444e-a1bd-06e8b0f05106","UNDE_059.basePlot.ltr","D05","UNDE","UNDE_059","UNDE_059_631","2016-10-19","2016-09-26","2016-10-10","2016-10-17T13:30Z","2016-10-19T21:30Z","NEON.LTR.UNDE059631.20161010","NEON.LTR.UNDE059631.20161010.FLR","NEON.DOC.001710vE","Flowers",0,"N",NA,"eMuK013bQYWUakFyOlw8RKtvvGPXqSpz"
"416ed72b-46dc-4651-8d79-9dfe7962fada","UNDE_059.basePlot.ltr","D05","UNDE","UNDE_059","UNDE_059_406","2016-10-19","2016-09-26","2016-10-10","2016-10-17T13:30Z","2016-10-19T21:30Z","NEON.LTR.UNDE059406.20161010","NEON.LTR.UNDE059406.20161010.SDS","NEON.DOC.001710vE","Seeds",0.03,"N",NA,"eMuK013bQYWUakFyOlw8RKtvvGPXqSpz"
"bc680bf8-96a6-4933-909d-fae0ccead04a","UNDE_059.basePlot.ltr","D05","UNDE","UNDE_059","UNDE_059_406","2016-10-19","2016-09-26","2016-10-10","2016-10-17T13:30Z","2016-10-19T21:30Z","NEON.LTR.UNDE059406.20161010","NEON.LTR.UNDE059406.20161010.LVS","NEON.DOC.001710vE","Leaves",14.35,"N",NA,"eMuK013bQYWUakFyOlw8RKtvvGPXqSpz"
"82acbc24-ac72-470e-a756-982fe179a762","UNDE_059.basePlot.ltr","D05","UNDE","UNDE_059","UNDE_059_406","2016-10-19","2016-09-26","2016-10-10","2016-10-17T13:30Z","2016-10-19T21:30Z","NEON.LTR.UNDE059406.20161010","NEON.LTR.UNDE059406.20161010.FLR","NEON.DOC.001710vE","Flowers",0,"N",NA,"eMuK013bQYWUakFyOlw8RKtvvGPXqSpz"
"ce8195ae-0ff5-4233-91db-1c6d50728318","UNDE_059.basePlot.ltr","D05","UNDE","UNDE_059","UNDE_059_631","2016-10-19","2016-09-26","2016-10-10","2016-10-17T13:30Z","2016-10-19T21:30Z","NEON.LTR.UNDE059631.20161010","NEON.LTR.UNDE059631.20161010.TWI","NEON.DOC.001710vE","Twigs/branches",0.08,"N",NA,"eMuK013bQYWUakFyOlw8RKtvvGPXqSpz"
"d232c168-f3a3-4505-8303-56a9df61410c","UNDE_059.basePlot.ltr","D05","UNDE","UNDE_059","UNDE_059_631","2016-10-19","2016-09-26","2016-10-10","2016-10-17T13:30Z","2016-10-19T21:30Z","NEON.LTR.UNDE059631.20161010","NEON.LTR.UNDE059631.20161010.WDY","NEON.DOC.001710vE","Woody material",0.12,"N",NA,"eMuK013bQYWUakFyOlw8RKtvvGPXqSpz"
"807b7c68-a7f3-4b96-966c-32706f607068","UNDE_059.basePlot.ltr","D05","UNDE","UNDE_059","UNDE_059_406","2016-10-19","2016-09-26","2016-10-10","2016-10-17T13:30Z","2016-10-19T21:30Z","NEON.LTR.UNDE059406.20161010","NEON.LTR.UNDE059406.20161010.TWI","NEON.DOC.001710vE","Twigs/branches",0.84,"N",NA,"eMuK013bQYWUakFyOlw8RKtvvGPXqSpz"
"03d3190e-ab5b-449c-90ca-b297f825216b","UNDE_059.basePlot.ltr","D05","UNDE","UNDE_059","UNDE_059_406","2016-10-19","2016-09-26","2016-10-10","2016-10-17T13:30Z","2016-10-19T21:30Z","NEON.LTR.UNDE059406.20161010","NEON.LTR.UNDE059406.20161010.OTH","NEON.DOC.001710vE","Other",0.28,"N",NA,"eMuK013bQYWUakFyOlw8RKtvvGPXqSpz"
"f71e827a-dc02-438c-a91f-a357fb30b24d","UNDE_059.basePlot.ltr","D05","UNDE","UNDE_059","UNDE_059_631","2016-10-19","2016-09-26","2016-10-10","2016-10-17T13:30Z","2016-10-19T21:30Z","NEON.LTR.UNDE059631.20161010","NEON.LTR.UNDE059631.20161010.NDL","NEON.DOC.001710vE","Needles",4.57,"N",NA,"eMuK013bQYWUakFyOlw8RKtvvGPXqSpz"
"876dc614-fd61-47ba-813e-6dad9d01df42","UNDE_059.basePlot.ltr","D05","UNDE","UNDE_059","UNDE_059_631","2016-10-19","2016-09-26","2016-10-10","2016-10-17T13:30Z","2016-10-19T21:30Z","NEON.LTR.UNDE059631.20161010","NEON.LTR.UNDE059631.20161010.LVS","NEON.DOC.001710vE","Leaves",14.77,"N",NA,"eMuK013bQYWUakFyOlw8RKtvvGPXqSpz"
"c616346a-183f-4085-9f5d-ae09963eeb70","UNDE_059.basePlot.ltr","D05","UNDE","UNDE_059","UNDE_059_406","2016-10-19","2016-09-26","2016-10-10","2016-10-17T13:30Z","2016-10-19T21:30Z","NEON.LTR.UNDE059406.20161010","NEON.LTR.UNDE059406.20161010.NDL","NEON.DOC.001710vE","Needles",6.2,"N",NA,"eMuK013bQYWUakFyOlw8RKtvvGPXqSpz"
"252054d3-e6b4-49f5-a22a-289d3910976f","UNDE_058.basePlot.ltr","D05","UNDE","UNDE_058","UNDE_058_828","2016-10-19","2016-09-26","2016-10-10","2016-10-17T13:30Z","2016-10-19T21:30Z","NEON.LTR.UNDE058828.20161010","NEON.LTR.UNDE058828.20161010.LVS","NEON.DOC.001710vE","Leaves",43.48,"N",NA,"eMuK013bQYWUakFyOlw8RKtvvGPXqSpz"
"01623f99-60f5-4e31-b5dd-626c4611c284","UNDE_058.basePlot.ltr","D05","UNDE","UNDE_058","UNDE_058_300","2016-10-19","2016-09-26","2016-10-10","2016-10-17T13:30Z","2016-10-19T21:30Z","NEON.LTR.UNDE058300.20161010","NEON.LTR.UNDE058300.20161010.NDL","NEON.DOC.001710vE","Needles",0,"N",NA,"eMuK013bQYWUakFyOlw8RKtvvGPXqSpz"
"a8ef41f3-b009-45b1-a4d6-5e3f8dd1fdc8","UNDE_058.basePlot.ltr","D05","UNDE","UNDE_058","UNDE_058_828","2016-10-19","2016-09-26","2016-10-10","2016-10-17T13:30Z","2016-10-19T21:30Z","NEON.LTR.UNDE058828.20161010","NEON.LTR.UNDE058828.20161010.OTH","NEON.DOC.001710vE","Other",0.51,"N",NA,"eMuK013bQYWUakFyOlw8RKtvvGPXqSpz"
"f30c83f5-1b8a-4b5e-8029-b754f39af18d","UNDE_058.basePlot.ltr","D05","UNDE","UNDE_058","UNDE_058_300","2016-10-19","2016-09-26","2016-10-10","2016-10-17T13:30Z","2016-10-19T21:30Z","NEON.LTR.UNDE058300.20161010","NEON.LTR.UNDE058300.20161010.TWI","NEON.DOC.001710vE","Twigs/branches",0.02,"N",NA,"eMuK013bQYWUakFyOlw8RKtvvGPXqSpz"
"9ead65ad-6d61-4490-b554-692609e4ec57","UNDE_058.basePlot.ltr","D05","UNDE","UNDE_058","UNDE_058_300","2016-10-19","2016-09-26","2016-10-10","2016-10-17T13:30Z","2016-10-19T21:30Z","NEON.LTR.UNDE058300.20161010","NEON.LTR.UNDE058300.20161010.OTH","NEON.DOC.001710vE","Other",0.55,"N",NA,"eMuK013bQYWUakFyOlw8RKtvvGPXqSpz"
"930cadc2-41f7-457b-bfa5-ea5df21fb867","UNDE_058.basePlot.ltr","D05","UNDE","UNDE_058","UNDE_058_300","2016-10-19","2016-09-26","2016-10-10","2016-10-17T13:30Z","2016-10-19T21:30Z","NEON.LTR.UNDE058300.20161010","NEON.LTR.UNDE058300.20161010.FLR","NEON.DOC.001710vE","Flowers",0,"N",NA,"eMuK013bQYWUakFyOlw8RKtvvGPXqSpz"
"bc0f08d8-a407-4882-8deb-e0dde036691a","UNDE_058.basePlot.ltr","D05","UNDE","UNDE_058","UNDE_058_828","2016-10-19","2016-09-26","2016-10-10","2016-10-17T13:30Z","2016-10-19T21:30Z","NEON.LTR.UNDE058828.20161010","NEON.LTR.UNDE058828.20161010.WDY","NEON.DOC.001710vE","Woody material",0.9,"N",NA,"eMuK013bQYWUakFyOlw8RKtvvGPXqSpz"
"a1567d80-d537-4675-8c3c-c0695d92d9d1","UNDE_058.basePlot.ltr","D05","UNDE","UNDE_058","UNDE_058_828","2016-10-19","2016-09-26","2016-10-10","2016-10-17T13:30Z","2016-10-19T21:30Z","NEON.LTR.UNDE058828.20161010","NEON.LTR.UNDE058828.20161010.TWI","NEON.DOC.001710vE","Twigs/branches",5.76,"Y",NA,"eMuK013bQYWUakFyOlw8RKtvvGPXqSpz"
"c12047aa-b4ea-4887-803a-7f1f9d18a511","UNDE_058.basePlot.ltr","D05","UNDE","UNDE_058","UNDE_058_300","2016-10-19","2016-09-26","2016-10-10","2016-10-17T13:30Z","2016-10-19T21:30Z","NEON.LTR.UNDE058300.20161010","NEON.LTR.UNDE058300.20161010.WDY","NEON.DOC.001710vE","Woody material",0.005,"N",NA,"eMuK013bQYWUakFyOlw8RKtvvGPXqSpz"
"b19684eb-0fa1-4b14-b56c-50489a8d62ed","UNDE_058.basePlot.ltr","D05","UNDE","UNDE_058","UNDE_058_828","2016-10-19","2016-09-26","2016-10-10","2016-10-17T13:30Z","2016-10-19T21:30Z","NEON.LTR.UNDE058828.20161010","NEON.LTR.UNDE058828.20161010.TWI","NEON.DOC.001710vE","Twigs/branches",5.78,"N",NA,"eMuK013bQYWUakFyOlw8RKtvvGPXqSpz"
"bd1968d1-83fe-4bb7-a75d-459ab17112d5","UNDE_058.basePlot.ltr","D05","UNDE","UNDE_058","UNDE_058_300","2016-10-19","2016-09-26","2016-10-10","2016-10-17T13:30Z","2016-10-19T21:30Z","NEON.LTR.UNDE058300.20161010","NEON.LTR.UNDE058300.20161010.LVS","NEON.DOC.001710vE","Leaves",91.12,"N",NA,"eMuK013bQYWUakFyOlw8RKtvvGPXqSpz"
"71de2de3-fdf4-4cc3-a81f-5c61b12d3f93","UNDE_058.basePlot.ltr","D05","UNDE","UNDE_058","UNDE_058_828","2016-10-19","2016-09-26","2016-10-10","2016-10-17T13:30Z","2016-10-19T21:30Z","NEON.LTR.UNDE058828.20161010","NEON.LTR.UNDE058828.20161010.SDS","NEON.DOC.001710vE","Seeds",0.005,"N",NA,"eMuK013bQYWUakFyOlw8RKtvvGPXqSpz"
"5bda3add-9db6-4248-93e5-3cc9ab37d9ab","UNDE_058.basePlot.ltr","D05","UNDE","UNDE_058","UNDE_058_300","2016-10-19","2016-09-26","2016-10-10","2016-10-17T13:30Z","2016-10-19T21:30Z","NEON.LTR.UNDE058300.20161010","NEON.LTR.UNDE058300.20161010.SDS","NEON.DOC.001710vE","Seeds",0,"N",NA,"eMuK013bQYWUakFyOlw8RKtvvGPXqSpz"
"a5fe7e63-c519-4b09-b86e-a9c6df1ad04c","UNDE_057.basePlot.ltr","D05","UNDE","UNDE_057","UNDE_057_010","2016-10-19","2016-09-26","2016-10-10","2016-10-17T13:30Z","2016-10-19T21:30Z","NEON.LTR.UNDE057010.20161010","NEON.LTR.UNDE057010.20161010.WDY","NEON.DOC.001710vE","Woody material",0,"N",NA,"eMuK013bQYWUakFyOlw8RKtvvGPXqSpz"
"65a56d5a-2475-4be6-87de-f6f8ffffe7c7","UNDE_057.basePlot.ltr","D05","UNDE","UNDE_057","UNDE_057_413","2016-10-19","2016-09-26","2016-10-10","2016-10-17T13:30Z","2016-10-19T21:30Z","NEON.LTR.UNDE057413.20161010","NEON.LTR.UNDE057413.20161010.WDY","NEON.DOC.001710vE","Woody material",0.12,"N",NA,"eMuK013bQYWUakFyOlw8RKtvvGPXqSpz"
"f943fb20-a819-464d-844d-5c5086d3681e","UNDE_057.basePlot.ltr","D05","UNDE","UNDE_057","UNDE_057_010","2016-10-19","2016-09-26","2016-10-10","2016-10-17T13:30Z","2016-10-19T21:30Z","NEON.LTR.UNDE057010.20161010","NEON.LTR.UNDE057010.20161010.TWI","NEON.DOC.001710vE","Twigs/branches",0.08,"Y",NA,"eMuK013bQYWUakFyOlw8RKtvvGPXqSpz"
"a57c607a-1ea5-4b15-89c4-f993e748a94f","UNDE_057.basePlot.ltr","D05","UNDE","UNDE_057","UNDE_057_413","2016-10-19","2016-09-26","2016-10-10","2016-10-17T13:30Z","2016-10-19T21:30Z","NEON.LTR.UNDE057413.20161010","NEON.LTR.UNDE057413.20161010.LVS","NEON.DOC.001710vE","Leaves",18.96,"N",NA,"eMuK013bQYWUakFyOlw8RKtvvGPXqSpz"
"74a09d94-fae6-42a0-95c1-df9a43fc0f53","UNDE_057.basePlot.ltr","D05","UNDE","UNDE_057","UNDE_057_413","2016-10-19","2016-09-26","2016-10-10","2016-10-17T13:30Z","2016-10-19T21:30Z","NEON.LTR.UNDE057413.20161010","NEON.LTR.UNDE057413.20161010.SDS","NEON.DOC.001710vE","Seeds",0.01,"N",NA,"eMuK013bQYWUakFyOlw8RKtvvGPXqSpz"
"c3942693-0a6c-4a8c-851c-1742c28a0312","UNDE_057.basePlot.ltr","D05","UNDE","UNDE_057","UNDE_057_413","2016-10-19","2016-09-26","2016-10-10","2016-10-17T13:30Z","2016-10-19T21:30Z","NEON.LTR.UNDE057413.20161010","NEON.LTR.UNDE057413.20161010.FLR","NEON.DOC.001710vE","Flowers",0,"N",NA,"eMuK013bQYWUakFyOlw8RKtvvGPXqSpz"
"4c31ff7a-e0bc-41cd-8d75-aa8003911ad2","UNDE_057.basePlot.ltr","D05","UNDE","UNDE_057","UNDE_057_413","2016-10-19","2016-09-26","2016-10-10","2016-10-17T13:30Z","2016-10-19T21:30Z","NEON.LTR.UNDE057413.20161010","NEON.LTR.UNDE057413.20161010.NDL","NEON.DOC.001710vE","Needles",4.41,"N",NA,"eMuK013bQYWUakFyOlw8RKtvvGPXqSpz"
"0a46e524-c813-457e-a439-6b9e7ed5752d","UNDE_057.basePlot.ltr","D05","UNDE","UNDE_057","UNDE_057_413","2016-10-19","2016-09-26","2016-10-10","2016-10-17T13:30Z","2016-10-19T21:30Z","NEON.LTR.UNDE057413.20161010","NEON.LTR.UNDE057413.20161010.TWI","NEON.DOC.001710vE","Twigs/branches",0.16,"N",NA,"eMuK013bQYWUakFyOlw8RKtvvGPXqSpz"
"ebc9b4e7-19d2-481b-8161-97f27758201c","UNDE_057.basePlot.ltr","D05","UNDE","UNDE_057","UNDE_057_413","2016-10-19","2016-09-26","2016-10-10","2016-10-17T13:30Z","2016-10-19T21:30Z","NEON.LTR.UNDE057413.20161010","NEON.LTR.UNDE057413.20161010.LVS","NEON.DOC.001710vE","Leaves",18.83,"Y",NA,"eMuK013bQYWUakFyOlw8RKtvvGPXqSpz"
"c3efb469-c72e-4f43-ad96-2c63fc40e649","UNDE_057.basePlot.ltr","D05","UNDE","UNDE_057","UNDE_057_010","2016-10-19","2016-09-26","2016-10-10","2016-10-17T13:30Z","2016-10-19T21:30Z","NEON.LTR.UNDE057010.20161010","NEON.LTR.UNDE057010.20161010.TWI","NEON.DOC.001710vE","Twigs/branches",0.08,"N",NA,"eMuK013bQYWUakFyOlw8RKtvvGPXqSpz"
"f9464b7a-829d-415a-ae57-ff6d1923b525","UNDE_057.basePlot.ltr","D05","UNDE","UNDE_057","UNDE_057_413","2016-10-19","2016-09-26","2016-10-10","2016-10-17T13:30Z","2016-10-19T21:30Z","NEON.LTR.UNDE057413.20161010","NEON.LTR.UNDE057413.20161010.OTH","NEON.DOC.001710vE","Other",0.07,"N",NA,"eMuK013bQYWUakFyOlw8RKtvvGPXqSpz"
"3ce010ea-d6ce-4fb2-abe2-88947dbc7a6d","UNDE_057.basePlot.ltr","D05","UNDE","UNDE_057","UNDE_057_010","2016-10-19","2016-09-26","2016-10-10","2016-10-17T13:30Z","2016-10-19T21:30Z","NEON.LTR.UNDE057010.20161010","NEON.LTR.UNDE057010.20161010.LVS","NEON.DOC.001710vE","Leaves",1.63,"N",NA,"eMuK013bQYWUakFyOlw8RKtvvGPXqSpz"
"bbb1814a-18f3-4297-90df-33d41d42f1a6","UNDE_057.basePlot.ltr","D05","UNDE","UNDE_057","UNDE_057_010","2016-10-19","2016-09-26","2016-10-10","2016-10-17T13:30Z","2016-10-19T21:30Z","NEON.LTR.UNDE057010.20161010","NEON.LTR.UNDE057010.20161010.FLR","NEON.DOC.001710vE","Flowers",0,"N",NA,"eMuK013bQYWUakFyOlw8RKtvvGPXqSpz"
"74657402-638a-4550-a1b5-4726594bb077","UNDE_057.basePlot.ltr","D05","UNDE","UNDE_057","UNDE_057_010","2016-10-19","2016-09-26","2016-10-10","2016-10-17T13:30Z","2016-10-19T21:30Z","NEON.LTR.UNDE057010.20161010","NEON.LTR.UNDE057010.20161010.SDS","NEON.DOC.001710vE","Seeds",0.005,"N",NA,"eMuK013bQYWUakFyOlw8RKtvvGPXqSpz"
"655d83ed-7539-48e2-bdf4-c6ed53d16b1a","UNDE_055.basePlot.ltr","D05","UNDE","UNDE_055","UNDE_055_269","2016-10-19","2016-09-26","2016-10-10","2016-10-17T13:30Z","2016-10-19T21:30Z","NEON.LTR.UNDE055269.20161010","NEON.LTR.UNDE055269.20161010.FLR","NEON.DOC.001710vE","Flowers",0,"N",NA,"eMuK013bQYWUakFyOlw8RKtvvGPXqSpz"
"625f8fe1-ff63-4fd5-8711-2e7af437f0fc","UNDE_057.basePlot.ltr","D05","UNDE","UNDE_057","UNDE_057_010","2016-10-19","2016-09-26","2016-10-10","2016-10-17T13:30Z","2016-10-19T21:30Z","NEON.LTR.UNDE057010.20161010","NEON.LTR.UNDE057010.20161010.OTH","NEON.DOC.001710vE","Other",0.15,"N",NA,"eMuK013bQYWUakFyOlw8RKtvvGPXqSpz"
"b472529f-66ac-4409-8809-dea010138092","UNDE_057.basePlot.ltr","D05","UNDE","UNDE_057","UNDE_057_010","2016-10-19","2016-09-26","2016-10-10","2016-10-17T13:30Z","2016-10-19T21:30Z","NEON.LTR.UNDE057010.20161010","NEON.LTR.UNDE057010.20161010.NDL","NEON.DOC.001710vE","Needles",1.99,"N",NA,"eMuK013bQYWUakFyOlw8RKtvvGPXqSpz"
"fde5eed7-6727-4dc4-871d-69a8989ca0b8","UNDE_055.basePlot.ltr","D05","UNDE","UNDE_055","UNDE_055_676","2016-10-19","2016-09-26","2016-10-10","2016-10-17T13:30Z","2016-10-19T21:30Z","NEON.LTR.UNDE055676.20161010","NEON.LTR.UNDE055676.20161010.FLR","NEON.DOC.001710vE","Flowers",0,"N",NA,"eMuK013bQYWUakFyOlw8RKtvvGPXqSpz"
"7aa8ef40-925a-4b45-98d4-99d42a6d5458","UNDE_055.basePlot.ltr","D05","UNDE","UNDE_055","UNDE_055_269","2016-10-19","2016-09-26","2016-10-10","2016-10-17T13:30Z","2016-10-19T21:30Z","NEON.LTR.UNDE055269.20161010","NEON.LTR.UNDE055269.20161010.OTH","NEON.DOC.001710vE","Other",0.32,"N",NA,"eMuK013bQYWUakFyOlw8RKtvvGPXqSpz"
"42f64421-ef3c-484c-a429-d208d6953950","UNDE_055.basePlot.ltr","D05","UNDE","UNDE_055","UNDE_055_269","2016-10-19","2016-09-26","2016-10-10","2016-10-17T13:30Z","2016-10-19T21:30Z","NEON.LTR.UNDE055269.20161010","NEON.LTR.UNDE055269.20161010.LVS","NEON.DOC.001710vE","Leaves",53.56,"N",NA,"eMuK013bQYWUakFyOlw8RKtvvGPXqSpz"
"d7ed5187-7c26-402a-bb09-6b9fc0a967e8","UNDE_055.basePlot.ltr","D05","UNDE","UNDE_055","UNDE_055_269","2016-10-19","2016-09-26","2016-10-10","2016-10-17T13:30Z","2016-10-19T21:30Z","NEON.LTR.UNDE055269.20161010","NEON.LTR.UNDE055269.20161010.NDL","NEON.DOC.001710vE","Needles",0.1,"N",NA,"eMuK013bQYWUakFyOlw8RKtvvGPXqSpz"
"8ae0fc42-19ab-4084-9d03-626f20c14fe8","UNDE_055.basePlot.ltr","D05","UNDE","UNDE_055","UNDE_055_676","2016-10-19","2016-09-26","2016-10-10","2016-10-17T13:30Z","2016-10-19T21:30Z","NEON.LTR.UNDE055676.20161010","NEON.LTR.UNDE055676.20161010.OTH","NEON.DOC.001710vE","Other",0.4,"N",NA,"eMuK013bQYWUakFyOlw8RKtvvGPXqSpz"
"f9e5e4bf-bb98-4bb0-9483-43626ea122d9","UNDE_055.basePlot.ltr","D05","UNDE","UNDE_055","UNDE_055_269","2016-10-19","2016-09-26","2016-10-10","2016-10-17T13:30Z","2016-10-19T21:30Z","NEON.LTR.UNDE055269.20161010","NEON.LTR.UNDE055269.20161010.LVS","NEON.DOC.001710vE","Leaves",53.24,"Y",NA,"eMuK013bQYWUakFyOlw8RKtvvGPXqSpz"
"5eb076a0-3575-48a9-a1fb-414f29c0b409","UNDE_055.basePlot.ltr","D05","UNDE","UNDE_055","UNDE_055_269","2016-10-19","2016-09-26","2016-10-10","2016-10-17T13:30Z","2016-10-19T21:30Z","NEON.LTR.UNDE055269.20161010","NEON.LTR.UNDE055269.20161010.TWI","NEON.DOC.001710vE","Twigs/branches",0,"N",NA,"eMuK013bQYWUakFyOlw8RKtvvGPXqSpz"
"c037ed99-a25c-46e0-877c-9b47be77273e","UNDE_055.basePlot.ltr","D05","UNDE","UNDE_055","UNDE_055_676","2016-10-19","2016-09-26","2016-10-10","2016-10-17T13:30Z","2016-10-19T21:30Z","NEON.LTR.UNDE055676.20161010","NEON.LTR.UNDE055676.20161010.LVS","NEON.DOC.001710vE","Leaves",39.16,"N",NA,"eMuK013bQYWUakFyOlw8RKtvvGPXqSpz"
"315db87c-00d3-49ab-9336-581daa895485","UNDE_055.basePlot.ltr","D05","UNDE","UNDE_055","UNDE_055_269","2016-10-19","2016-09-26","2016-10-10","2016-10-17T13:30Z","2016-10-19T21:30Z","NEON.LTR.UNDE055269.20161010","NEON.LTR.UNDE055269.20161010.WDY","NEON.DOC.001710vE","Woody material",0,"N",NA,"eMuK013bQYWUakFyOlw8RKtvvGPXqSpz"
"9115e176-9379-4b2e-bc18-4113f116d11d","UNDE_055.basePlot.ltr","D05","UNDE","UNDE_055","UNDE_055_676","2016-10-19","2016-09-26","2016-10-10","2016-10-17T13:30Z","2016-10-19T21:30Z","NEON.LTR.UNDE055676.20161010","NEON.LTR.UNDE055676.20161010.TWI","NEON.DOC.001710vE","Twigs/branches",4.86,"N",NA,"eMuK013bQYWUakFyOlw8RKtvvGPXqSpz"
"87153e1c-d7b3-4ca3-a07c-517408f29b16","UNDE_055.basePlot.ltr","D05","UNDE","UNDE_055","UNDE_055_676","2016-10-19","2016-09-26","2016-10-10","2016-10-17T13:30Z","2016-10-19T21:30Z","NEON.LTR.UNDE055676.20161010","NEON.LTR.UNDE055676.20161010.SDS","NEON.DOC.001710vE","Seeds",0,"N",NA,"eMuK013bQYWUakFyOlw8RKtvvGPXqSpz"
"9bd624c1-ea4e-4202-befa-e0514f96c79f","UNDE_055.basePlot.ltr","D05","UNDE","UNDE_055","UNDE_055_676","2016-10-19","2016-09-26","2016-10-10","2016-10-17T13:30Z","2016-10-19T21:30Z","NEON.LTR.UNDE055676.20161010","NEON.LTR.UNDE055676.20161010.NDL","NEON.DOC.001710vE","Needles",1.92,"Y",NA,"eMuK013bQYWUakFyOlw8RKtvvGPXqSpz"
"35fdf421-c86b-458a-b04f-d2fad583ada0","UNDE_055.basePlot.ltr","D05","UNDE","UNDE_055","UNDE_055_676","2016-10-19","2016-09-26","2016-10-10","2016-10-17T13:30Z","2016-10-19T21:30Z","NEON.LTR.UNDE055676.20161010","NEON.LTR.UNDE055676.20161010.WDY","NEON.DOC.001710vE","Woody material",0,"N",NA,"eMuK013bQYWUakFyOlw8RKtvvGPXqSpz"
"634d243e-48a4-4657-a999-37b56ff7c46d","UNDE_055.basePlot.ltr","D05","UNDE","UNDE_055","UNDE_055_269","2016-10-19","2016-09-26","2016-10-10","2016-10-17T13:30Z","2016-10-19T21:30Z","NEON.LTR.UNDE055269.20161010","NEON.LTR.UNDE055269.20161010.SDS","NEON.DOC.001710vE","Seeds",0,"N",NA,"eMuK013bQYWUakFyOlw8RKtvvGPXqSpz"
"cfa9dde0-0341-4472-80cf-d48ee7d05bb5","UNDE_055.basePlot.ltr","D05","UNDE","UNDE_055","UNDE_055_676","2016-10-19","2016-09-26","2016-10-10","2016-10-17T13:30Z","2016-10-19T21:30Z","NEON.LTR.UNDE055676.20161010","NEON.LTR.UNDE055676.20161010.TWI","NEON.DOC.001710vE","Twigs/branches",4.82,"Y",NA,"eMuK013bQYWUakFyOlw8RKtvvGPXqSpz"
"3e2027ae-4f93-4757-89ea-a15509634705","UNDE_054.basePlot.ltr","D05","UNDE","UNDE_054","UNDE_054_036","2016-10-19","2016-09-26","2016-10-10","2016-10-17T13:30Z","2016-10-19T21:30Z","NEON.LTR.UNDE054036.20161010","NEON.LTR.UNDE054036.20161010.FLR","NEON.DOC.001710vE","Flowers",0,"N",NA,"eMuK013bQYWUakFyOlw8RKtvvGPXqSpz"
"e4baf19b-cf18-4b92-973c-ce542575af65","UNDE_054.basePlot.ltr","D05","UNDE","UNDE_054","UNDE_054_036","2016-10-19","2016-09-26","2016-10-10","2016-10-17T13:30Z","2016-10-19T21:30Z","NEON.LTR.UNDE054036.20161010","NEON.LTR.UNDE054036.20161010.OTH","NEON.DOC.001710vE","Other",0.42,"N",NA,"eMuK013bQYWUakFyOlw8RKtvvGPXqSpz"
"2f7e53eb-d9c2-43fb-9008-e9d6e9e9763a","UNDE_055.basePlot.ltr","D05","UNDE","UNDE_055","UNDE_055_676","2016-10-19","2016-09-26","2016-10-10","2016-10-17T13:30Z","2016-10-19T21:30Z","NEON.LTR.UNDE055676.20161010","NEON.LTR.UNDE055676.20161010.NDL","NEON.DOC.001710vE","Needles",1.93,"N",NA,"eMuK013bQYWUakFyOlw8RKtvvGPXqSpz"
"7a4a82f1-c446-4e3d-983c-0c9535ac3d86","UNDE_054.basePlot.ltr","D05","UNDE","UNDE_054","UNDE_054_436","2016-10-19","2016-09-26","2016-10-10","2016-10-17T13:30Z","2016-10-19T21:30Z","NEON.LTR.UNDE054436.20161010","NEON.LTR.UNDE054436.20161010.SDS","NEON.DOC.001710vE","Seeds",0.005,"N",NA,"eMuK013bQYWUakFyOlw8RKtvvGPXqSpz"
"373106fd-106a-4b67-8f5c-225fb8b53b8f","UNDE_054.basePlot.ltr","D05","UNDE","UNDE_054","UNDE_054_436","2016-10-19","2016-09-26","2016-10-10","2016-10-17T13:30Z","2016-10-19T21:30Z","NEON.LTR.UNDE054436.20161010","NEON.LTR.UNDE054436.20161010.WDY","NEON.DOC.001710vE","Woody material",0.08,"N",NA,"eMuK013bQYWUakFyOlw8RKtvvGPXqSpz"
"f507c3fd-ad88-483c-8299-05f8c86ff4a9","UNDE_054.basePlot.ltr","D05","UNDE","UNDE_054","UNDE_054_436","2016-10-19","2016-09-26","2016-10-10","2016-10-17T13:30Z","2016-10-19T21:30Z","NEON.LTR.UNDE054436.20161010","NEON.LTR.UNDE054436.20161010.FLR","NEON.DOC.001710vE","Flowers",0,"N",NA,"eMuK013bQYWUakFyOlw8RKtvvGPXqSpz"
"2906f341-9fa2-4057-95de-5770474b5451","UNDE_054.basePlot.ltr","D05","UNDE","UNDE_054","UNDE_054_436","2016-10-19","2016-09-26","2016-10-10","2016-10-17T13:30Z","2016-10-19T21:30Z","NEON.LTR.UNDE054436.20161010","NEON.LTR.UNDE054436.20161010.LVS","NEON.DOC.001710vE","Leaves",65.12,"N",NA,"eMuK013bQYWUakFyOlw8RKtvvGPXqSpz"
"bdb371b1-1087-4472-bdf9-d5abc00ebd0d","UNDE_054.basePlot.ltr","D05","UNDE","UNDE_054","UNDE_054_436","2016-10-19","2016-09-26","2016-10-10","2016-10-17T13:30Z","2016-10-19T21:30Z","NEON.LTR.UNDE054436.20161010","NEON.LTR.UNDE054436.20161010.OTH","NEON.DOC.001710vE","Other",0.34,"N",NA,"eMuK013bQYWUakFyOlw8RKtvvGPXqSpz"
"c74161ad-2f65-4063-91a2-8dba7ec789aa","UNDE_054.basePlot.ltr","D05","UNDE","UNDE_054","UNDE_054_436","2016-10-19","2016-09-26","2016-10-10","2016-10-17T13:30Z","2016-10-19T21:30Z","NEON.LTR.UNDE054436.20161010","NEON.LTR.UNDE054436.20161010.TWI","NEON.DOC.001710vE","Twigs/branches",0.78,"N",NA,"eMuK013bQYWUakFyOlw8RKtvvGPXqSpz"
"4a39acc0-0a55-4ddc-b9ff-ebeebf031799","UNDE_054.basePlot.ltr","D05","UNDE","UNDE_054","UNDE_054_436","2016-10-19","2016-09-26","2016-10-10","2016-10-17T13:30Z","2016-10-19T21:30Z","NEON.LTR.UNDE054436.20161010","NEON.LTR.UNDE054436.20161010.NDL","NEON.DOC.001710vE","Needles",0.005,"N",NA,"eMuK013bQYWUakFyOlw8RKtvvGPXqSpz"
"604dd7ed-8bef-48e5-8cb7-067b3a548466","UNDE_054.basePlot.ltr","D05","UNDE","UNDE_054","UNDE_054_036","2016-10-19","2016-09-26","2016-10-10","2016-10-17T13:30Z","2016-10-19T21:30Z","NEON.LTR.UNDE054036.20161010","NEON.LTR.UNDE054036.20161010.TWI","NEON.DOC.001710vE","Twigs/branches",0.01,"N",NA,"eMuK013bQYWUakFyOlw8RKtvvGPXqSpz"
"cb6ce7ae-7287-4637-b1db-453c06ec43d8","UNDE_054.basePlot.ltr","D05","UNDE","UNDE_054","UNDE_054_036","2016-10-19","2016-09-26","2016-10-10","2016-10-17T13:30Z","2016-10-19T21:30Z","NEON.LTR.UNDE054036.20161010","NEON.LTR.UNDE054036.20161010.NDL","NEON.DOC.001710vE","Needles",0,"N",NA,"eMuK013bQYWUakFyOlw8RKtvvGPXqSpz"
"d40c42c3-dd02-492b-a4cd-4dc55c0bae4c","UNDE_056.basePlot.ltr","D05","UNDE","UNDE_056","UNDE_056_951","2016-10-19","2016-09-26","2016-10-10","2016-10-17T13:30Z","2016-10-19T21:30Z","NEON.LTR.UNDE056951.20161010","NEON.LTR.UNDE056951.20161010.WDY","NEON.DOC.001710vE","Woody material",0,"N",NA,"eMuK013bQYWUakFyOlw8RKtvvGPXqSpz"
"d640a1f2-f818-4571-8031-c36ef4379578","UNDE_054.basePlot.ltr","D05","UNDE","UNDE_054","UNDE_054_036","2016-10-19","2016-09-26","2016-10-10","2016-10-17T13:30Z","2016-10-19T21:30Z","NEON.LTR.UNDE054036.20161010","NEON.LTR.UNDE054036.20161010.WDY","NEON.DOC.001710vE","Woody material",0.005,"N",NA,"eMuK013bQYWUakFyOlw8RKtvvGPXqSpz"
"7b5393b5-5e35-4052-b2c0-79a0ea484762","UNDE_056.basePlot.ltr","D05","UNDE","UNDE_056","UNDE_056_360","2016-10-19","2016-09-26","2016-10-10","2016-10-17T13:30Z","2016-10-19T21:30Z","NEON.LTR.UNDE056360.20161010","NEON.LTR.UNDE056360.20161010.WDY","NEON.DOC.001710vE","Woody material",0.09,"N",NA,"eMuK013bQYWUakFyOlw8RKtvvGPXqSpz"
"e43c3c2d-56dc-4e09-b4d8-f331c87f3ab3","UNDE_056.basePlot.ltr","D05","UNDE","UNDE_056","UNDE_056_951","2016-10-19","2016-09-26","2016-10-10","2016-10-17T13:30Z","2016-10-19T21:30Z","NEON.LTR.UNDE056951.20161010","NEON.LTR.UNDE056951.20161010.FLR","NEON.DOC.001710vE","Flowers",0,"N",NA,"eMuK013bQYWUakFyOlw8RKtvvGPXqSpz"
"81efac5c-7238-4210-af5e-efaacd938f36","UNDE_056.basePlot.ltr","D05","UNDE","UNDE_056","UNDE_056_360","2016-10-19","2016-09-26","2016-10-10","2016-10-17T13:30Z","2016-10-19T21:30Z","NEON.LTR.UNDE056360.20161010","NEON.LTR.UNDE056360.20161010.FLR","NEON.DOC.001710vE","Flowers",0,"N",NA,"eMuK013bQYWUakFyOlw8RKtvvGPXqSpz"
"b2e1dd06-ad52-4020-a66d-9a66e8025b2a","UNDE_056.basePlot.ltr","D05","UNDE","UNDE_056","UNDE_056_951","2016-10-19","2016-09-26","2016-10-10","2016-10-17T13:30Z","2016-10-19T21:30Z","NEON.LTR.UNDE056951.20161010","NEON.LTR.UNDE056951.20161010.OTH","NEON.DOC.001710vE","Other",0.34,"N",NA,"eMuK013bQYWUakFyOlw8RKtvvGPXqSpz"
"fdc908cd-ad83-48bb-ae4b-44d9a2ee6219","UNDE_056.basePlot.ltr","D05","UNDE","UNDE_056","UNDE_056_951","2016-10-19","2016-09-26","2016-10-10","2016-10-17T13:30Z","2016-10-19T21:30Z","NEON.LTR.UNDE056951.20161010","NEON.LTR.UNDE056951.20161010.SDS","NEON.DOC.001710vE","Seeds",0,"N",NA,"eMuK013bQYWUakFyOlw8RKtvvGPXqSpz"
"d487de16-42a3-464f-89ae-8d61168ff4e1","UNDE_056.basePlot.ltr","D05","UNDE","UNDE_056","UNDE_056_951","2016-10-19","2016-09-26","2016-10-10","2016-10-17T13:30Z","2016-10-19T21:30Z","NEON.LTR.UNDE056951.20161010","NEON.LTR.UNDE056951.20161010.TWI","NEON.DOC.001710vE","Twigs/branches",0.15,"N",NA,"eMuK013bQYWUakFyOlw8RKtvvGPXqSpz"
"c2a83c2a-22f2-4fee-9ebc-f0343a73a019","UNDE_056.basePlot.ltr","D05","UNDE","UNDE_056","UNDE_056_360","2016-10-19","2016-09-26","2016-10-10","2016-10-17T13:30Z","2016-10-19T21:30Z","NEON.LTR.UNDE056360.20161010","NEON.LTR.UNDE056360.20161010.SDS","NEON.DOC.001710vE","Seeds",0.005,"N",NA,"eMuK013bQYWUakFyOlw8RKtvvGPXqSpz"
"614e8303-2fcb-431d-b557-31d4b8910021","UNDE_056.basePlot.ltr","D05","UNDE","UNDE_056","UNDE_056_360","2016-10-19","2016-09-26","2016-10-10","2016-10-17T13:30Z","2016-10-19T21:30Z","NEON.LTR.UNDE056360.20161010","NEON.LTR.UNDE056360.20161010.NDL","NEON.DOC.001710vE","Needles",2.61,"N",NA,"eMuK013bQYWUakFyOlw8RKtvvGPXqSpz"
"db399854-3000-4791-816b-e76e44d30e40","UNDE_056.basePlot.ltr","D05","UNDE","UNDE_056","UNDE_056_360","2016-10-19","2016-09-26","2016-10-10","2016-10-17T13:30Z","2016-10-19T21:30Z","NEON.LTR.UNDE056360.20161010","NEON.LTR.UNDE056360.20161010.OTH","NEON.DOC.001710vE","Other",0.3,"N",NA,"eMuK013bQYWUakFyOlw8RKtvvGPXqSpz"
"a7efa8f0-75ba-4a70-8af7-080ac9592013","UNDE_056.basePlot.ltr","D05","UNDE","UNDE_056","UNDE_056_360","2016-10-19","2016-09-26","2016-10-10","2016-10-17T13:30Z","2016-10-19T21:30Z","NEON.LTR.UNDE056360.20161010","NEON.LTR.UNDE056360.20161010.WDY","NEON.DOC.001710vE","Woody material",0.08,"Y",NA,"eMuK013bQYWUakFyOlw8RKtvvGPXqSpz"
"2805dfa4-e29e-4650-b32b-05c7b735fdbc","UNDE_056.basePlot.ltr","D05","UNDE","UNDE_056","UNDE_056_951","2016-10-19","2016-09-26","2016-10-10","2016-10-17T13:30Z","2016-10-19T21:30Z","NEON.LTR.UNDE056951.20161010","NEON.LTR.UNDE056951.20161010.NDL","NEON.DOC.001710vE","Needles",0.005,"N",NA,"eMuK013bQYWUakFyOlw8RKtvvGPXqSpz"
"c2d20a92-8b66-4fa4-8f5c-54528106416a","UNDE_056.basePlot.ltr","D05","UNDE","UNDE_056","UNDE_056_360","2016-10-19","2016-09-26","2016-10-10","2016-10-17T13:30Z","2016-10-19T21:30Z","NEON.LTR.UNDE056360.20161010","NEON.LTR.UNDE056360.20161010.LVS","NEON.DOC.001710vE","Leaves",88.51,"N",NA,"eMuK013bQYWUakFyOlw8RKtvvGPXqSpz"
"86b27645-b332-4546-9a8e-199bd0de33d4","UNDE_056.basePlot.ltr","D05","UNDE","UNDE_056","UNDE_056_951","2016-10-19","2016-09-26","2016-10-10","2016-10-17T13:30Z","2016-10-19T21:30Z","NEON.LTR.UNDE056951.20161010","NEON.LTR.UNDE056951.20161010.LVS","NEON.DOC.001710vE","Leaves",78.75,"N",NA,"eMuK013bQYWUakFyOlw8RKtvvGPXqSpz"
"f1ab1aa4-8af7-4583-8924-a01a51674b45","UNDE_056.basePlot.ltr","D05","UNDE","UNDE_056","UNDE_056_360","2016-10-19","2016-09-26","2016-10-10","2016-10-17T13:30Z","2016-10-19T21:30Z","NEON.LTR.UNDE056360.20161010","NEON.LTR.UNDE056360.20161010.TWI","NEON.DOC.001710vE","Twigs/branches",2.4,"N",NA,"eMuK013bQYWUakFyOlw8RKtvvGPXqSpz"
"a65c04bf-f7e5-4043-9ae9-4afaffb78b18","UNDE_056.basePlot.ltr","D05","UNDE","UNDE_056","UNDE_056_360","2016-10-19","2016-09-26","2016-10-10","2016-10-17T13:30Z","2016-10-19T21:30Z","NEON.LTR.UNDE056360.20161010","NEON.LTR.UNDE056360.20161010.TWI","NEON.DOC.001710vE","Twigs/branches",2.38,"Y",NA,"eMuK013bQYWUakFyOlw8RKtvvGPXqSpz"
"03458ec4-0099-4fb8-bc9f-1ca84ed08a85","UNDE_049.basePlot.ltr","D05","UNDE","UNDE_049","UNDE_049_111","2016-10-19","2016-09-26","2016-10-10","2016-10-17T13:30Z","2016-10-19T21:30Z","NEON.LTR.UNDE049111.20161010","NEON.LTR.UNDE049111.20161010.OTH","NEON.DOC.001710vE","Other",0.12,"N",NA,"eMuK013bQYWUakFyOlw8RKtvvGPXqSpz"
"fb2b7de4-107f-4ded-b3c9-c21474507675","UNDE_049.basePlot.ltr","D05","UNDE","UNDE_049","UNDE_049_111","2016-10-19","2016-09-26","2016-10-10","2016-10-17T13:30Z","2016-10-19T21:30Z","NEON.LTR.UNDE049111.20161010","NEON.LTR.UNDE049111.20161010.NDL","NEON.DOC.001710vE","Needles",0.005,"N",NA,"eMuK013bQYWUakFyOlw8RKtvvGPXqSpz"
"5b0c2a02-2ac3-45f5-aaa6-d7bb3551b315","UNDE_049.basePlot.ltr","D05","UNDE","UNDE_049","UNDE_049_584","2016-10-19","2016-09-26","2016-10-10","2016-10-17T13:30Z","2016-10-19T21:30Z","NEON.LTR.UNDE049584.20161010","NEON.LTR.UNDE049584.20161010.WDY","NEON.DOC.001710vE","Woody material",0.06,"N",NA,"eMuK013bQYWUakFyOlw8RKtvvGPXqSpz"
"b59f9e7c-bfc9-48c5-b8f2-474967b4d865","UNDE_049.basePlot.ltr","D05","UNDE","UNDE_049","UNDE_049_584","2016-10-19","2016-09-26","2016-10-10","2016-10-17T13:30Z","2016-10-19T21:30Z","NEON.LTR.UNDE049584.20161010","NEON.LTR.UNDE049584.20161010.TWI","NEON.DOC.001710vE","Twigs/branches",0.73,"N",NA,"eMuK013bQYWUakFyOlw8RKtvvGPXqSpz"
"7067e460-47d0-4e60-a4f0-24e271848c30","UNDE_049.basePlot.ltr","D05","UNDE","UNDE_049","UNDE_049_584","2016-10-19","2016-09-26","2016-10-10","2016-10-17T13:30Z","2016-10-19T21:30Z","NEON.LTR.UNDE049584.20161010","NEON.LTR.UNDE049584.20161010.FLR","NEON.DOC.001710vE","Flowers",0,"N",NA,"eMuK013bQYWUakFyOlw8RKtvvGPXqSpz"
"455b2128-7471-4a28-9638-28b08947c8df","UNDE_049.basePlot.ltr","D05","UNDE","UNDE_049","UNDE_049_111","2016-10-19","2016-09-26","2016-10-10","2016-10-17T13:30Z","2016-10-19T21:30Z","NEON.LTR.UNDE049111.20161010","NEON.LTR.UNDE049111.20161010.SDS","NEON.DOC.001710vE","Seeds",0,"N",NA,"eMuK013bQYWUakFyOlw8RKtvvGPXqSpz"
"6694017d-5960-447a-be4c-01df156be3d5","UNDE_049.basePlot.ltr","D05","UNDE","UNDE_049","UNDE_049_584","2016-10-19","2016-09-26","2016-10-10","2016-10-17T13:30Z","2016-10-19T21:30Z","NEON.LTR.UNDE049584.20161010","NEON.LTR.UNDE049584.20161010.NDL","NEON.DOC.001710vE","Needles",2.68,"N",NA,"eMuK013bQYWUakFyOlw8RKtvvGPXqSpz"
"75f8ff2f-dff3-43ee-825f-e23b07e747c6","UNDE_049.basePlot.ltr","D05","UNDE","UNDE_049","UNDE_049_584","2016-10-19","2016-09-26","2016-10-10","2016-10-17T13:30Z","2016-10-19T21:30Z","NEON.LTR.UNDE049584.20161010","NEON.LTR.UNDE049584.20161010.OTH","NEON.DOC.001710vE","Other",0.24,"N",NA,"eMuK013bQYWUakFyOlw8RKtvvGPXqSpz"
"f05c325b-360f-4521-bfb4-33b51c93e02b","UNDE_049.basePlot.ltr","D05","UNDE","UNDE_049","UNDE_049_584","2016-10-19","2016-09-26","2016-10-10","2016-10-17T13:30Z","2016-10-19T21:30Z","NEON.LTR.UNDE049584.20161010","NEON.LTR.UNDE049584.20161010.SDS","NEON.DOC.001710vE","Seeds",0,"N",NA,"eMuK013bQYWUakFyOlw8RKtvvGPXqSpz"
"512b94ff-1f0f-4d23-af38-ed2b401cf25e","UNDE_049.basePlot.ltr","D05","UNDE","UNDE_049","UNDE_049_111","2016-10-19","2016-09-26","2016-10-10","2016-10-17T13:30Z","2016-10-19T21:30Z","NEON.LTR.UNDE049111.20161010","NEON.LTR.UNDE049111.20161010.FLR","NEON.DOC.001710vE","Flowers",0,"N",NA,"eMuK013bQYWUakFyOlw8RKtvvGPXqSpz"
"2819bfc6-f7d1-409d-8425-3a295bd9a8b5","UNDE_049.basePlot.ltr","D05","UNDE","UNDE_049","UNDE_049_584","2016-10-19","2016-09-26","2016-10-10","2016-10-17T13:30Z","2016-10-19T21:30Z","NEON.LTR.UNDE049584.20161010","NEON.LTR.UNDE049584.20161010.TWI","NEON.DOC.001710vE","Twigs/branches",0.72,"Y",NA,"eMuK013bQYWUakFyOlw8RKtvvGPXqSpz"
"e6d8066f-00b5-4e4b-9605-20919becdc08","UNDE_049.basePlot.ltr","D05","UNDE","UNDE_049","UNDE_049_584","2016-10-19","2016-09-26","2016-10-10","2016-10-17T13:30Z","2016-10-19T21:30Z","NEON.LTR.UNDE049584.20161010","NEON.LTR.UNDE049584.20161010.LVS","NEON.DOC.001710vE","Leaves",22.58,"N",NA,"eMuK013bQYWUakFyOlw8RKtvvGPXqSpz"
"bbfa2a89-104c-479c-a268-58336785af7a","UNDE_049.basePlot.ltr","D05","UNDE","UNDE_049","UNDE_049_584","2016-10-19","2016-09-26","2016-10-10","2016-10-17T13:30Z","2016-10-19T21:30Z","NEON.LTR.UNDE049584.20161010","NEON.LTR.UNDE049584.20161010.WDY","NEON.DOC.001710vE","Woody material",0.06,"N",NA,"eMuK013bQYWUakFyOlw8RKtvvGPXqSpz"
"eabc0467-e3c3-4bd0-b133-997fe8f1053f","UNDE_054.basePlot.ltr","D05","UNDE","UNDE_054","UNDE_054_036","2016-10-19","2016-09-26","2016-10-10","2016-10-17T13:30Z","2016-10-19T21:30Z","NEON.LTR.UNDE054036.20161010","NEON.LTR.UNDE054036.20161010.LVS","NEON.DOC.001710vE","Leaves",71.13,"N",NA,"eMuK013bQYWUakFyOlw8RKtvvGPXqSpz"
"193487e5-34e0-470c-9621-3c7d58269f28","UNDE_049.basePlot.ltr","D05","UNDE","UNDE_049","UNDE_049_111","2016-10-19","2016-09-26","2016-10-10","2016-10-17T13:30Z","2016-10-19T21:30Z","NEON.LTR.UNDE049111.20161010","NEON.LTR.UNDE049111.20161010.TWI","NEON.DOC.001710vE","Twigs/branches",0,"N",NA,"eMuK013bQYWUakFyOlw8RKtvvGPXqSpz"
"18af815f-cdd1-4652-b31f-aafbb85f2752","UNDE_049.basePlot.ltr","D05","UNDE","UNDE_049","UNDE_049_111","2016-10-19","2016-09-26","2016-10-10","2016-10-17T13:30Z","2016-10-19T21:30Z","NEON.LTR.UNDE049111.20161010","NEON.LTR.UNDE049111.20161010.WDY","NEON.DOC.001710vE","Woody material",0,"N",NA,"eMuK013bQYWUakFyOlw8RKtvvGPXqSpz"
"d9227b28-6ee6-4512-b411-6e08dc568c0f","UNDE_050.basePlot.ltr","D05","UNDE","UNDE_050","UNDE_050_673","2016-10-19","2016-09-26","2016-10-10","2016-10-17T13:30Z","2016-10-19T21:30Z","NEON.LTR.UNDE050673.20161010","NEON.LTR.UNDE050673.20161010.FLR","NEON.DOC.001710vE","Flowers",0,"N",NA,"eMuK013bQYWUakFyOlw8RKtvvGPXqSpz"
"c0aa9d9b-0815-4258-bd13-54f0aa73b2b8","UNDE_050.basePlot.ltr","D05","UNDE","UNDE_050","UNDE_050_673","2016-10-19","2016-09-26","2016-10-10","2016-10-17T13:30Z","2016-10-19T21:30Z","NEON.LTR.UNDE050673.20161010","NEON.LTR.UNDE050673.20161010.TWI","NEON.DOC.001710vE","Twigs/branches",0.62,"N",NA,"eMuK013bQYWUakFyOlw8RKtvvGPXqSpz"
"a14e8a97-4762-46ed-92cb-4ae71b938cb6","UNDE_054.basePlot.ltr","D05","UNDE","UNDE_054","UNDE_054_036","2016-10-19","2016-09-26","2016-10-10","2016-10-17T13:30Z","2016-10-19T21:30Z","NEON.LTR.UNDE054036.20161010","NEON.LTR.UNDE054036.20161010.SDS","NEON.DOC.001710vE","Seeds",0.08,"N",NA,"eMuK013bQYWUakFyOlw8RKtvvGPXqSpz"
"2fc7b0c6-82f5-448f-9ee6-841c2dfb6425","UNDE_050.basePlot.ltr","D05","UNDE","UNDE_050","UNDE_050_673","2016-10-19","2016-09-26","2016-10-10","2016-10-17T13:30Z","2016-10-19T21:30Z","NEON.LTR.UNDE050673.20161010","NEON.LTR.UNDE050673.20161010.OTH","NEON.DOC.001710vE","Other",0.16,"N",NA,"eMuK013bQYWUakFyOlw8RKtvvGPXqSpz"
"434f648e-fa6a-4796-8871-c061a1134158","UNDE_050.basePlot.ltr","D05","UNDE","UNDE_050","UNDE_050_030","2016-10-19","2016-09-26","2016-10-10","2016-10-17T13:30Z","2016-10-19T21:30Z","NEON.LTR.UNDE050030.20161010","NEON.LTR.UNDE050030.20161010.FLR","NEON.DOC.001710vE","Flowers",0,"N",NA,"eMuK013bQYWUakFyOlw8RKtvvGPXqSpz"
"49b730fa-f43d-4155-b236-96e92caef314","UNDE_050.basePlot.ltr","D05","UNDE","UNDE_050","UNDE_050_030","2016-10-19","2016-09-26","2016-10-10","2016-10-17T13:30Z","2016-10-19T21:30Z","NEON.LTR.UNDE050030.20161010","NEON.LTR.UNDE050030.20161010.SDS","NEON.DOC.001710vE","Seeds",0,"N",NA,"eMuK013bQYWUakFyOlw8RKtvvGPXqSpz"
"d9818734-e611-4522-9ef6-edcbfd1c2fdb","UNDE_050.basePlot.ltr","D05","UNDE","UNDE_050","UNDE_050_673","2016-10-19","2016-09-26","2016-10-10","2016-10-17T13:30Z","2016-10-19T21:30Z","NEON.LTR.UNDE050673.20161010","NEON.LTR.UNDE050673.20161010.WDY","NEON.DOC.001710vE","Woody material",0.07,"Y",NA,"eMuK013bQYWUakFyOlw8RKtvvGPXqSpz"
"4f5cd21a-9a02-44d2-8e2c-58f8215a2a8e","UNDE_050.basePlot.ltr","D05","UNDE","UNDE_050","UNDE_050_030","2016-10-19","2016-09-26","2016-10-10","2016-10-17T13:30Z","2016-10-19T21:30Z","NEON.LTR.UNDE050030.20161010","NEON.LTR.UNDE050030.20161010.TWI","NEON.DOC.001710vE","Twigs/branches",1.46,"N",NA,"eMuK013bQYWUakFyOlw8RKtvvGPXqSpz"
"bcb15e3d-a981-48d5-8004-4c1eea57eae0","UNDE_050.basePlot.ltr","D05","UNDE","UNDE_050","UNDE_050_673","2016-10-19","2016-09-26","2016-10-10","2016-10-17T13:30Z","2016-10-19T21:30Z","NEON.LTR.UNDE050673.20161010","NEON.LTR.UNDE050673.20161010.NDL","NEON.DOC.001710vE","Needles",0.005,"Y",NA,"eMuK013bQYWUakFyOlw8RKtvvGPXqSpz"
"7727a27e-d085-4aa8-8dd4-8600ea4f959c","UNDE_050.basePlot.ltr","D05","UNDE","UNDE_050","UNDE_050_030","2016-10-19","2016-09-26","2016-10-10","2016-10-17T13:30Z","2016-10-19T21:30Z","NEON.LTR.UNDE050030.20161010","NEON.LTR.UNDE050030.20161010.LVS","NEON.DOC.001710vE","Leaves",73.72,"N",NA,"eMuK013bQYWUakFyOlw8RKtvvGPXqSpz"
"a9f4db56-0187-4db0-9dc2-821a60d4bc04","UNDE_050.basePlot.ltr","D05","UNDE","UNDE_050","UNDE_050_030","2016-10-19","2016-09-26","2016-10-10","2016-10-17T13:30Z","2016-10-19T21:30Z","NEON.LTR.UNDE050030.20161010","NEON.LTR.UNDE050030.20161010.OTH","NEON.DOC.001710vE","Other",0.38,"N",NA,"eMuK013bQYWUakFyOlw8RKtvvGPXqSpz"
"e1903db4-1cc3-45c4-87c6-d6e7e50ce6b2","UNDE_050.basePlot.ltr","D05","UNDE","UNDE_050","UNDE_050_673","2016-10-19","2016-09-26","2016-10-10","2016-10-17T13:30Z","2016-10-19T21:30Z","NEON.LTR.UNDE050673.20161010","NEON.LTR.UNDE050673.20161010.LVS","NEON.DOC.001710vE","Leaves",48.88,"N",NA,"eMuK013bQYWUakFyOlw8RKtvvGPXqSpz"
"aa9ebd46-30ca-4ecf-b42b-44d9bddd0ae2","UNDE_050.basePlot.ltr","D05","UNDE","UNDE_050","UNDE_050_673","2016-10-19","2016-09-26","2016-10-10","2016-10-17T13:30Z","2016-10-19T21:30Z","NEON.LTR.UNDE050673.20161010","NEON.LTR.UNDE050673.20161010.TWI","NEON.DOC.001710vE","Twigs/branches",0.61,"Y",NA,"eMuK013bQYWUakFyOlw8RKtvvGPXqSpz"
"9e109db8-d894-4f51-a9ed-f267b6971440","UNDE_050.basePlot.ltr","D05","UNDE","UNDE_050","UNDE_050_673","2016-10-19","2016-09-26","2016-10-10","2016-10-17T13:30Z","2016-10-19T21:30Z","NEON.LTR.UNDE050673.20161010","NEON.LTR.UNDE050673.20161010.LVS","NEON.DOC.001710vE","Leaves",49.16,"Y",NA,"eMuK013bQYWUakFyOlw8RKtvvGPXqSpz"
"1a4b7209-cea0-476e-82c3-cadf33d1a1e5","UNDE_050.basePlot.ltr","D05","UNDE","UNDE_050","UNDE_050_673","2016-10-19","2016-09-26","2016-10-10","2016-10-17T13:30Z","2016-10-19T21:30Z","NEON.LTR.UNDE050673.20161010","NEON.LTR.UNDE050673.20161010.WDY","NEON.DOC.001710vE","Woody material",0.07,"N",NA,"eMuK013bQYWUakFyOlw8RKtvvGPXqSpz"
"c4f981dd-77c8-42ca-9e4a-0e9e104750da","UNDE_050.basePlot.ltr","D05","UNDE","UNDE_050","UNDE_050_673","2016-10-19","2016-09-26","2016-10-10","2016-10-17T13:30Z","2016-10-19T21:30Z","NEON.LTR.UNDE050673.20161010","NEON.LTR.UNDE050673.20161010.SDS","NEON.DOC.001710vE","Seeds",0,"N",NA,"eMuK013bQYWUakFyOlw8RKtvvGPXqSpz"
"8e20cd3f-a09b-4e42-9073-41b34bcf51d6","UNDE_050.basePlot.ltr","D05","UNDE","UNDE_050","UNDE_050_673","2016-10-19","2016-09-26","2016-10-10","2016-10-17T13:30Z","2016-10-19T21:30Z","NEON.LTR.UNDE050673.20161010","NEON.LTR.UNDE050673.20161010.OTH","NEON.DOC.001710vE","Other",0.14,"Y",NA,"eMuK013bQYWUakFyOlw8RKtvvGPXqSpz"
"ac587e8f-67d3-4f40-ba57-65e3f5fe6c68","UNDE_050.basePlot.ltr","D05","UNDE","UNDE_050","UNDE_050_030","2016-10-19","2016-09-26","2016-10-10","2016-10-17T13:30Z","2016-10-19T21:30Z","NEON.LTR.UNDE050030.20161010","NEON.LTR.UNDE050030.20161010.WDY","NEON.DOC.001710vE","Woody material",0.19,"N",NA,"eMuK013bQYWUakFyOlw8RKtvvGPXqSpz"
"667d5f1b-e022-4e7f-928d-7e69989dae4a","UNDE_050.basePlot.ltr","D05","UNDE","UNDE_050","UNDE_050_673","2016-10-19","2016-09-26","2016-10-10","2016-10-17T13:30Z","2016-10-19T21:30Z","NEON.LTR.UNDE050673.20161010","NEON.LTR.UNDE050673.20161010.NDL","NEON.DOC.001710vE","Needles",0.005,"N",NA,"eMuK013bQYWUakFyOlw8RKtvvGPXqSpz"
"7b20eba1-28a6-4fb4-9092-6db6e59dd882","UNDE_050.basePlot.ltr","D05","UNDE","UNDE_050","UNDE_050_030","2016-10-19","2016-09-26","2016-10-10","2016-10-17T13:30Z","2016-10-19T21:30Z","NEON.LTR.UNDE050030.20161010","NEON.LTR.UNDE050030.20161010.NDL","NEON.DOC.001710vE","Needles",0.005,"N",NA,"eMuK013bQYWUakFyOlw8RKtvvGPXqSpz"
"630bb2d3-274e-44f4-8927-9b039673200d","UNDE_052.basePlot.ltr","D05","UNDE","UNDE_052","UNDE_052_111","2016-10-19","2016-09-26","2016-10-10","2016-10-17T13:30Z","2016-10-19T21:30Z","NEON.LTR.UNDE052111.20161010","NEON.LTR.UNDE052111.20161010.OTH","NEON.DOC.001710vE","Other",0.005,"N",NA,"eMuK013bQYWUakFyOlw8RKtvvGPXqSpz"
"bdd06d8f-a03b-48af-b2db-de94f03c9716","UNDE_052.basePlot.ltr","D05","UNDE","UNDE_052","UNDE_052_111","2016-10-19","2016-09-26","2016-10-10","2016-10-17T13:30Z","2016-10-19T21:30Z","NEON.LTR.UNDE052111.20161010","NEON.LTR.UNDE052111.20161010.FLR","NEON.DOC.001710vE","Flowers",0,"N",NA,"eMuK013bQYWUakFyOlw8RKtvvGPXqSpz"
"bfe7e52f-cbb7-4817-8920-13e6570ab976","UNDE_052.basePlot.ltr","D05","UNDE","UNDE_052","UNDE_052_111","2016-10-19","2016-09-26","2016-10-10","2016-10-17T13:30Z","2016-10-19T21:30Z","NEON.LTR.UNDE052111.20161010","NEON.LTR.UNDE052111.20161010.NDL","NEON.DOC.001710vE","Needles",0.05,"N",NA,"eMuK013bQYWUakFyOlw8RKtvvGPXqSpz"
"c6bdc669-645c-4b03-b6c5-ed4ac0ba13de","UNDE_052.basePlot.ltr","D05","UNDE","UNDE_052","UNDE_052_111","2016-10-19","2016-09-26","2016-10-10","2016-10-17T13:30Z","2016-10-19T21:30Z","NEON.LTR.UNDE052111.20161010","NEON.LTR.UNDE052111.20161010.LVS","NEON.DOC.001710vE","Leaves",54.76,"N",NA,"eMuK013bQYWUakFyOlw8RKtvvGPXqSpz"
"0b7c3bb1-02ff-4990-a1fa-5774ce3fdc8f","UNDE_052.basePlot.ltr","D05","UNDE","UNDE_052","UNDE_052_584","2016-10-19","2016-09-26","2016-10-10","2016-10-17T13:30Z","2016-10-19T21:30Z","NEON.LTR.UNDE052584.20161010","NEON.LTR.UNDE052584.20161010.WDY","NEON.DOC.001710vE","Woody material",0,"N",NA,"eMuK013bQYWUakFyOlw8RKtvvGPXqSpz"
"fc576634-b377-4bea-9160-d72840bb74a5","UNDE_052.basePlot.ltr","D05","UNDE","UNDE_052","UNDE_052_111","2016-10-19","2016-09-26","2016-10-10","2016-10-17T13:30Z","2016-10-19T21:30Z","NEON.LTR.UNDE052111.20161010","NEON.LTR.UNDE052111.20161010.WDY","NEON.DOC.001710vE","Woody material",0.01,"N",NA,"eMuK013bQYWUakFyOlw8RKtvvGPXqSpz"
"e65a58d3-68c2-42cf-9da3-999fe26120ae","UNDE_052.basePlot.ltr","D05","UNDE","UNDE_052","UNDE_052_584","2016-10-19","2016-09-26","2016-10-10","2016-10-17T13:30Z","2016-10-19T21:30Z","NEON.LTR.UNDE052584.20161010","NEON.LTR.UNDE052584.20161010.SDS","NEON.DOC.001710vE","Seeds",0.005,"N",NA,"eMuK013bQYWUakFyOlw8RKtvvGPXqSpz"
"dc52d197-d8b9-476e-ac63-edc0908e9597","UNDE_052.basePlot.ltr","D05","UNDE","UNDE_052","UNDE_052_584","2016-10-19","2016-09-26","2016-10-10","2016-10-17T13:30Z","2016-10-19T21:30Z","NEON.LTR.UNDE052584.20161010","NEON.LTR.UNDE052584.20161010.TWI","NEON.DOC.001710vE","Twigs/branches",1.89,"N",NA,"eMuK013bQYWUakFyOlw8RKtvvGPXqSpz"
"224b5046-653e-4735-bb28-e58ac73099a1","UNDE_052.basePlot.ltr","D05","UNDE","UNDE_052","UNDE_052_584","2016-10-19","2016-09-26","2016-10-10","2016-10-17T13:30Z","2016-10-19T21:30Z","NEON.LTR.UNDE052584.20161010","NEON.LTR.UNDE052584.20161010.NDL","NEON.DOC.001710vE","Needles",0.005,"N",NA,"eMuK013bQYWUakFyOlw8RKtvvGPXqSpz"
"10d81614-0444-47d3-a0c8-03218158ed7b","UNDE_052.basePlot.ltr","D05","UNDE","UNDE_052","UNDE_052_111","2016-10-19","2016-09-26","2016-10-10","2016-10-17T13:30Z","2016-10-19T21:30Z","NEON.LTR.UNDE052111.20161010","NEON.LTR.UNDE052111.20161010.SDS","NEON.DOC.001710vE","Seeds",0,"N",NA,"eMuK013bQYWUakFyOlw8RKtvvGPXqSpz"
"64d95524-2a64-48ce-8db8-39eb7219de08","UNDE_052.basePlot.ltr","D05","UNDE","UNDE_052","UNDE_052_584","2016-10-19","2016-09-26","2016-10-10","2016-10-17T13:30Z","2016-10-19T21:30Z","NEON.LTR.UNDE052584.20161010","NEON.LTR.UNDE052584.20161010.OTH","NEON.DOC.001710vE","Other",0.06,"N",NA,"eMuK013bQYWUakFyOlw8RKtvvGPXqSpz"
"73b63f50-53b9-4250-9207-868d27cb08e2","UNDE_052.basePlot.ltr","D05","UNDE","UNDE_052","UNDE_052_584","2016-10-19","2016-09-26","2016-10-10","2016-10-17T13:30Z","2016-10-19T21:30Z","NEON.LTR.UNDE052584.20161010","NEON.LTR.UNDE052584.20161010.LVS","NEON.DOC.001710vE","Leaves",86.34,"N",NA,"eMuK013bQYWUakFyOlw8RKtvvGPXqSpz"
"c6e15c8d-bc71-4371-aa13-86c04dd37bdd","UNDE_052.basePlot.ltr","D05","UNDE","UNDE_052","UNDE_052_111","2016-10-19","2016-09-26","2016-10-10","2016-10-17T13:30Z","2016-10-19T21:30Z","NEON.LTR.UNDE052111.20161010","NEON.LTR.UNDE052111.20161010.TWI","NEON.DOC.001710vE","Twigs/branches",4.29,"N",NA,"eMuK013bQYWUakFyOlw8RKtvvGPXqSpz"
"bb9080df-5b4c-46c9-9684-88a5af3b3977","UNDE_052.basePlot.ltr","D05","UNDE","UNDE_052","UNDE_052_584","2016-10-19","2016-09-26","2016-10-10","2016-10-17T13:30Z","2016-10-19T21:30Z","NEON.LTR.UNDE052584.20161010","NEON.LTR.UNDE052584.20161010.FLR","NEON.DOC.001710vE","Flowers",0,"N",NA,"eMuK013bQYWUakFyOlw8RKtvvGPXqSpz"
"ae37f6af-e3eb-429a-a02b-6f6442ef2d95","UNDE_045.basePlot.ltr","D05","UNDE","UNDE_045","UNDE_045_545","2016-10-19","2016-09-26","2016-10-10","2016-10-17T13:30Z","2016-10-19T21:30Z","NEON.LTR.UNDE045545.20161010","NEON.LTR.UNDE045545.20161010.TWI","NEON.DOC.001710vE","Twigs/branches",0,"N",NA,"eMuK013bQYWUakFyOlw8RKtvvGPXqSpz"
"bd0ea96d-68e9-4928-92fb-5375e38a2ca8","UNDE_045.basePlot.ltr","D05","UNDE","UNDE_045","UNDE_045_778","2016-10-19","2016-09-26","2016-10-10","2016-10-17T13:30Z","2016-10-19T21:30Z","NEON.LTR.UNDE045778.20161010","NEON.LTR.UNDE045778.20161010.NDL","NEON.DOC.001710vE","Needles",0,"N",NA,"eMuK013bQYWUakFyOlw8RKtvvGPXqSpz"
"00d7cba4-3a2f-42e5-b837-1b6965369c8a","UNDE_045.basePlot.ltr","D05","UNDE","UNDE_045","UNDE_045_778","2016-10-19","2016-09-26","2016-10-10","2016-10-17T13:30Z","2016-10-19T21:30Z","NEON.LTR.UNDE045778.20161010","NEON.LTR.UNDE045778.20161010.TWI","NEON.DOC.001710vE","Twigs/branches",4.1,"N",NA,"eMuK013bQYWUakFyOlw8RKtvvGPXqSpz"
"9814b99d-2e42-446a-82cb-f93802fea917","UNDE_045.basePlot.ltr","D05","UNDE","UNDE_045","UNDE_045_545","2016-10-19","2016-09-26","2016-10-10","2016-10-17T13:30Z","2016-10-19T21:30Z","NEON.LTR.UNDE045545.20161010","NEON.LTR.UNDE045545.20161010.WDY","NEON.DOC.001710vE","Woody material",0.04,"N",NA,"eMuK013bQYWUakFyOlw8RKtvvGPXqSpz"
"0f6cb3e0-204c-41cb-8b2b-3644d630ca4f","UNDE_045.basePlot.ltr","D05","UNDE","UNDE_045","UNDE_045_545","2016-10-19","2016-09-26","2016-10-10","2016-10-17T13:30Z","2016-10-19T21:30Z","NEON.LTR.UNDE045545.20161010","NEON.LTR.UNDE045545.20161010.NDL","NEON.DOC.001710vE","Needles",0.005,"N",NA,"eMuK013bQYWUakFyOlw8RKtvvGPXqSpz"
"2dcbc4bf-eab8-4715-9b63-e05944821cca","UNDE_045.basePlot.ltr","D05","UNDE","UNDE_045","UNDE_045_778","2016-10-19","2016-09-26","2016-10-10","2016-10-17T13:30Z","2016-10-19T21:30Z","NEON.LTR.UNDE045778.20161010","NEON.LTR.UNDE045778.20161010.FLR","NEON.DOC.001710vE","Flowers",0,"N",NA,"eMuK013bQYWUakFyOlw8RKtvvGPXqSpz"
"1d847dc6-862b-4a25-85aa-7b218e09730d","UNDE_045.basePlot.ltr","D05","UNDE","UNDE_045","UNDE_045_545","2016-10-19","2016-09-26","2016-10-10","2016-10-17T13:30Z","2016-10-19T21:30Z","NEON.LTR.UNDE045545.20161010","NEON.LTR.UNDE045545.20161010.FLR","NEON.DOC.001710vE","Flowers",0,"N",NA,"eMuK013bQYWUakFyOlw8RKtvvGPXqSpz"
"dbc4f2b2-07f5-4b83-8ae7-40ad5221fe78","UNDE_045.basePlot.ltr","D05","UNDE","UNDE_045","UNDE_045_778","2016-10-19","2016-09-26","2016-10-10","2016-10-17T13:30Z","2016-10-19T21:30Z","NEON.LTR.UNDE045778.20161010","NEON.LTR.UNDE045778.20161010.WDY","NEON.DOC.001710vE","Woody material",0.9,"Y",NA,"eMuK013bQYWUakFyOlw8RKtvvGPXqSpz"
"599e8e07-33c6-4500-9ffe-2cd43c2adb7b","UNDE_045.basePlot.ltr","D05","UNDE","UNDE_045","UNDE_045_778","2016-10-19","2016-09-26","2016-10-10","2016-10-17T13:30Z","2016-10-19T21:30Z","NEON.LTR.UNDE045778.20161010","NEON.LTR.UNDE045778.20161010.TWI","NEON.DOC.001710vE","Twigs/branches",4.12,"N",NA,"eMuK013bQYWUakFyOlw8RKtvvGPXqSpz"
"2efb3410-b8b9-4cd2-962a-70523ebfad89","UNDE_045.basePlot.ltr","D05","UNDE","UNDE_045","UNDE_045_545","2016-10-19","2016-09-26","2016-10-10","2016-10-17T13:30Z","2016-10-19T21:30Z","NEON.LTR.UNDE045545.20161010","NEON.LTR.UNDE045545.20161010.LVS","NEON.DOC.001710vE","Leaves",35.27,"N",NA,"eMuK013bQYWUakFyOlw8RKtvvGPXqSpz"
"c3dc9568-afb0-4c82-90a5-0d260426e9a9","UNDE_045.basePlot.ltr","D05","UNDE","UNDE_045","UNDE_045_545","2016-10-19","2016-09-26","2016-10-10","2016-10-17T13:30Z","2016-10-19T21:30Z","NEON.LTR.UNDE045545.20161010","NEON.LTR.UNDE045545.20161010.SDS","NEON.DOC.001710vE","Seeds",0,"N",NA,"eMuK013bQYWUakFyOlw8RKtvvGPXqSpz"
"d8805f68-722d-47fa-911d-61d3923d78a1","UNDE_045.basePlot.ltr","D05","UNDE","UNDE_045","UNDE_045_778","2016-10-19","2016-09-26","2016-10-10","2016-10-17T13:30Z","2016-10-19T21:30Z","NEON.LTR.UNDE045778.20161010","NEON.LTR.UNDE045778.20161010.LVS","NEON.DOC.001710vE","Leaves",58.57,"N",NA,"eMuK013bQYWUakFyOlw8RKtvvGPXqSpz"
"b0e1b936-e58e-41ec-9c8a-564cbb76b982","UNDE_045.basePlot.ltr","D05","UNDE","UNDE_045","UNDE_045_778","2016-10-19","2016-09-26","2016-10-10","2016-10-17T13:30Z","2016-10-19T21:30Z","NEON.LTR.UNDE045778.20161010","NEON.LTR.UNDE045778.20161010.LVS","NEON.DOC.001710vE","Leaves",58.29,"Y",NA,"eMuK013bQYWUakFyOlw8RKtvvGPXqSpz"
"1968c65c-baee-4b1d-9b71-4f299c0168f6","UNDE_045.basePlot.ltr","D05","UNDE","UNDE_045","UNDE_045_778","2016-10-19","2016-09-26","2016-10-10","2016-10-17T13:30Z","2016-10-19T21:30Z","NEON.LTR.UNDE045778.20161010","NEON.LTR.UNDE045778.20161010.OTH","NEON.DOC.001710vE","Other",0,"N",NA,"eMuK013bQYWUakFyOlw8RKtvvGPXqSpz"
"1a027b6d-f1fb-443e-a9cb-14fce36d9c27","UNDE_045.basePlot.ltr","D05","UNDE","UNDE_045","UNDE_045_778","2016-10-19","2016-09-26","2016-10-10","2016-10-17T13:30Z","2016-10-19T21:30Z","NEON.LTR.UNDE045778.20161010","NEON.LTR.UNDE045778.20161010.WDY","NEON.DOC.001710vE","Woody material",0.09,"N",NA,"eMuK013bQYWUakFyOlw8RKtvvGPXqSpz"
"a6e1df5c-8208-4aa2-8ec6-fb9cf5d7c5a3","UNDE_045.basePlot.ltr","D05","UNDE","UNDE_045","UNDE_045_545","2016-10-19","2016-09-26","2016-10-10","2016-10-17T13:30Z","2016-10-19T21:30Z","NEON.LTR.UNDE045545.20161010","NEON.LTR.UNDE045545.20161010.NDL","NEON.DOC.001710vE","Needles",0.005,"Y",NA,"eMuK013bQYWUakFyOlw8RKtvvGPXqSpz"
"011da8af-b7ef-4744-9066-ca0db072c88e","UNDE_049.basePlot.ltr","D05","UNDE","UNDE_049","UNDE_049_111","2016-10-19","2016-09-26","2016-10-10","2016-10-17T13:30Z","2016-10-19T21:30Z","NEON.LTR.UNDE049111.20161010","NEON.LTR.UNDE049111.20161010.LVS","NEON.DOC.001710vE","Leaves",25.39,"N",NA,"eMuK013bQYWUakFyOlw8RKtvvGPXqSpz"
"45cefc17-08bf-406f-986e-191f04ceae77","UNDE_045.basePlot.ltr","D05","UNDE","UNDE_045","UNDE_045_778","2016-10-19","2016-09-26","2016-10-10","2016-10-17T13:30Z","2016-10-19T21:30Z","NEON.LTR.UNDE045778.20161010","NEON.LTR.UNDE045778.20161010.SDS","NEON.DOC.001710vE","Seeds",0.17,"N",NA,"eMuK013bQYWUakFyOlw8RKtvvGPXqSpz"
"20e37c92-2083-46c2-aa17-008df1c9e239","UNDE_045.basePlot.ltr","D05","UNDE","UNDE_045","UNDE_045_545","2016-10-19","2016-09-26","2016-10-10","2016-10-17T13:30Z","2016-10-19T21:30Z","NEON.LTR.UNDE045545.20161010","NEON.LTR.UNDE045545.20161010.OTH","NEON.DOC.001710vE","Other",0.32,"N",NA,"eMuK013bQYWUakFyOlw8RKtvvGPXqSpz"
"cada05da-34cb-4d8c-8ef6-a239cd476801","UNDE_048.basePlot.ltr","D05","UNDE","UNDE_048","UNDE_048_672","2016-10-19","2016-09-26","2016-10-10","2016-10-17T13:30Z","2016-10-19T21:30Z","NEON.LTR.UNDE048672.20161010","NEON.LTR.UNDE048672.20161010.FLR","NEON.DOC.001710vE","Flowers",0,"N",NA,"eMuK013bQYWUakFyOlw8RKtvvGPXqSpz"
"96ef5910-12f0-45dd-8085-f0bdc1c98729","UNDE_048.basePlot.ltr","D05","UNDE","UNDE_048","UNDE_048_897","2016-10-19","2016-09-26","2016-10-10","2016-10-17T13:30Z","2016-10-19T21:30Z","NEON.LTR.UNDE048897.20161010","NEON.LTR.UNDE048897.20161010.LVS","NEON.DOC.001710vE","Leaves",56.3,"N",NA,"eMuK013bQYWUakFyOlw8RKtvvGPXqSpz"
"ea00c362-948e-4160-982f-7237a91d880a","UNDE_048.basePlot.ltr","D05","UNDE","UNDE_048","UNDE_048_672","2016-10-19","2016-09-26","2016-10-10","2016-10-17T13:30Z","2016-10-19T21:30Z","NEON.LTR.UNDE048672.20161010","NEON.LTR.UNDE048672.20161010.SDS","NEON.DOC.001710vE","Seeds",5,"N",NA,"eMuK013bQYWUakFyOlw8RKtvvGPXqSpz"
"89b956ce-ade2-4360-9c22-248be5990e9f","UNDE_048.basePlot.ltr","D05","UNDE","UNDE_048","UNDE_048_897","2016-10-19","2016-09-26","2016-10-10","2016-10-17T13:30Z","2016-10-19T21:30Z","NEON.LTR.UNDE048897.20161010","NEON.LTR.UNDE048897.20161010.WDY","NEON.DOC.001710vE","Woody material",0,"N",NA,"eMuK013bQYWUakFyOlw8RKtvvGPXqSpz"
"032c702a-9942-47b3-8072-38586f9ff7d4","UNDE_048.basePlot.ltr","D05","UNDE","UNDE_048","UNDE_048_897","2016-10-19","2016-09-26","2016-10-10","2016-10-17T13:30Z","2016-10-19T21:30Z","NEON.LTR.UNDE048897.20161010","NEON.LTR.UNDE048897.20161010.NDL","NEON.DOC.001710vE","Needles",0.52,"N",NA,"eMuK013bQYWUakFyOlw8RKtvvGPXqSpz"
"dc9597c7-7d20-416b-9812-587949ff32f1","UNDE_048.basePlot.ltr","D05","UNDE","UNDE_048","UNDE_048_897","2016-10-19","2016-09-26","2016-10-10","2016-10-17T13:30Z","2016-10-19T21:30Z","NEON.LTR.UNDE048897.20161010","NEON.LTR.UNDE048897.20161010.TWI","NEON.DOC.001710vE","Twigs/branches",5.54,"N",NA,"eMuK013bQYWUakFyOlw8RKtvvGPXqSpz"
"36b3c84d-3301-4964-a740-0392280a06c2","UNDE_048.basePlot.ltr","D05","UNDE","UNDE_048","UNDE_048_672","2016-10-19","2016-09-26","2016-10-10","2016-10-17T13:30Z","2016-10-19T21:30Z","NEON.LTR.UNDE048672.20161010","NEON.LTR.UNDE048672.20161010.WDY","NEON.DOC.001710vE","Woody material",0,"N",NA,"eMuK013bQYWUakFyOlw8RKtvvGPXqSpz"
"cc348a09-235d-42d9-bd72-378a16f38514","UNDE_048.basePlot.ltr","D05","UNDE","UNDE_048","UNDE_048_897","2016-10-19","2016-09-26","2016-10-10","2016-10-17T13:30Z","2016-10-19T21:30Z","NEON.LTR.UNDE048897.20161010","NEON.LTR.UNDE048897.20161010.OTH","NEON.DOC.001710vE","Other",0.15,"N",NA,"eMuK013bQYWUakFyOlw8RKtvvGPXqSpz"
"dab22fd1-8b9f-494a-842f-018044d02442","UNDE_048.basePlot.ltr","D05","UNDE","UNDE_048","UNDE_048_672","2016-10-19","2016-09-26","2016-10-10","2016-10-17T13:30Z","2016-10-19T21:30Z","NEON.LTR.UNDE048672.20161010","NEON.LTR.UNDE048672.20161010.NDL","NEON.DOC.001710vE","Needles",2.46,"N",NA,"eMuK013bQYWUakFyOlw8RKtvvGPXqSpz"
"aee4a30d-7077-4f2a-9184-4e858c79aba5","UNDE_048.basePlot.ltr","D05","UNDE","UNDE_048","UNDE_048_672","2016-10-19","2016-09-26","2016-10-10","2016-10-17T13:30Z","2016-10-19T21:30Z","NEON.LTR.UNDE048672.20161010","NEON.LTR.UNDE048672.20161010.TWI","NEON.DOC.001710vE","Twigs/branches",0,"N",NA,"eMuK013bQYWUakFyOlw8RKtvvGPXqSpz"
"26e3e31c-88d7-4715-9ccd-f98cd42639fd","UNDE_048.basePlot.ltr","D05","UNDE","UNDE_048","UNDE_048_672","2016-10-19","2016-09-26","2016-10-10","2016-10-17T13:30Z","2016-10-19T21:30Z","NEON.LTR.UNDE048672.20161010","NEON.LTR.UNDE048672.20161010.LVS","NEON.DOC.001710vE","Leaves",62.86,"N",NA,"eMuK013bQYWUakFyOlw8RKtvvGPXqSpz"
"c61f94cf-aa8f-49ec-b93f-949afda3283e","UNDE_048.basePlot.ltr","D05","UNDE","UNDE_048","UNDE_048_897","2016-10-19","2016-09-26","2016-10-10","2016-10-17T13:30Z","2016-10-19T21:30Z","NEON.LTR.UNDE048897.20161010","NEON.LTR.UNDE048897.20161010.SDS","NEON.DOC.001710vE","Seeds",0,"N",NA,"eMuK013bQYWUakFyOlw8RKtvvGPXqSpz"
"110694f4-8d77-486d-a9b1-9c7f97f10abd","UNDE_048.basePlot.ltr","D05","UNDE","UNDE_048","UNDE_048_897","2016-10-19","2016-09-26","2016-10-10","2016-10-17T13:30Z","2016-10-19T21:30Z","NEON.LTR.UNDE048897.20161010","NEON.LTR.UNDE048897.20161010.FLR","NEON.DOC.001710vE","Flowers",0,"N",NA,"eMuK013bQYWUakFyOlw8RKtvvGPXqSpz"
"c27989f9-5724-407d-8254-e1f8ae22f18e","UNDE_047.basePlot.ltr","D05","UNDE","UNDE_047","UNDE_047_673","2016-10-19","2016-09-26","2016-10-10","2016-10-17T13:30Z","2016-10-19T21:30Z","NEON.LTR.UNDE047673.20161010","NEON.LTR.UNDE047673.20161010.FLR","NEON.DOC.001710vE","Flowers",0,"N",NA,"eMuK013bQYWUakFyOlw8RKtvvGPXqSpz"
"eb108ce8-c3a5-469a-9782-bf500727473c","UNDE_047.basePlot.ltr","D05","UNDE","UNDE_047","UNDE_047_030","2016-10-19","2016-09-26","2016-10-10","2016-10-17T13:30Z","2016-10-19T21:30Z","NEON.LTR.UNDE047030.20161010","NEON.LTR.UNDE047030.20161010.TWI","NEON.DOC.001710vE","Twigs/branches",0,"N",NA,"eMuK013bQYWUakFyOlw8RKtvvGPXqSpz"
"35e0118b-3dac-4cc0-871b-c6c2490c9e98","UNDE_048.basePlot.ltr","D05","UNDE","UNDE_048","UNDE_048_672","2016-10-19","2016-09-26","2016-10-10","2016-10-17T13:30Z","2016-10-19T21:30Z","NEON.LTR.UNDE048672.20161010","NEON.LTR.UNDE048672.20161010.OTH","NEON.DOC.001710vE","Other",0.17,"N",NA,"eMuK013bQYWUakFyOlw8RKtvvGPXqSpz"
"e17b47ff-f0c0-440e-99a9-ddc0cf215544","UNDE_047.basePlot.ltr","D05","UNDE","UNDE_047","UNDE_047_030","2016-10-19","2016-09-26","2016-10-10","2016-10-17T13:30Z","2016-10-19T21:30Z","NEON.LTR.UNDE047030.20161010","NEON.LTR.UNDE047030.20161010.SDS","NEON.DOC.001710vE","Seeds",0.005,"N",NA,"eMuK013bQYWUakFyOlw8RKtvvGPXqSpz"
"867293e7-d75f-4313-a68c-6237278a6bcc","UNDE_047.basePlot.ltr","D05","UNDE","UNDE_047","UNDE_047_030","2016-10-19","2016-09-26","2016-10-10","2016-10-17T13:30Z","2016-10-19T21:30Z","NEON.LTR.UNDE047030.20161010","NEON.LTR.UNDE047030.20161010.FLR","NEON.DOC.001710vE","Flowers",0,"N",NA,"eMuK013bQYWUakFyOlw8RKtvvGPXqSpz"
"450d7273-f0a6-44a4-a1d9-75bf763f2ca1","UNDE_047.basePlot.ltr","D05","UNDE","UNDE_047","UNDE_047_030","2016-10-19","2016-09-26","2016-10-10","2016-10-17T13:30Z","2016-10-19T21:30Z","NEON.LTR.UNDE047030.20161010","NEON.LTR.UNDE047030.20161010.OTH","NEON.DOC.001710vE","Other",0.64,"N",NA,"eMuK013bQYWUakFyOlw8RKtvvGPXqSpz"
"8a40df44-38e8-4a10-8792-14ab2ee1058b","UNDE_047.basePlot.ltr","D05","UNDE","UNDE_047","UNDE_047_673","2016-10-19","2016-09-26","2016-10-10","2016-10-17T13:30Z","2016-10-19T21:30Z","NEON.LTR.UNDE047673.20161010","NEON.LTR.UNDE047673.20161010.SDS","NEON.DOC.001710vE","Seeds",0.01,"Y",NA,"eMuK013bQYWUakFyOlw8RKtvvGPXqSpz"
"c6701665-6b3f-4975-981f-b6a346ad3328","UNDE_047.basePlot.ltr","D05","UNDE","UNDE_047","UNDE_047_673","2016-10-19","2016-09-26","2016-10-10","2016-10-17T13:30Z","2016-10-19T21:30Z","NEON.LTR.UNDE047673.20161010","NEON.LTR.UNDE047673.20161010.TWI","NEON.DOC.001710vE","Twigs/branches",0.02,"N",NA,"eMuK013bQYWUakFyOlw8RKtvvGPXqSpz"
"b9852154-e6c9-454d-8df8-d03516d6c2c0","UNDE_047.basePlot.ltr","D05","UNDE","UNDE_047","UNDE_047_673","2016-10-19","2016-09-26","2016-10-10","2016-10-17T13:30Z","2016-10-19T21:30Z","NEON.LTR.UNDE047673.20161010","NEON.LTR.UNDE047673.20161010.WDY","NEON.DOC.001710vE","Woody material",0.005,"N",NA,"eMuK013bQYWUakFyOlw8RKtvvGPXqSpz"
"3282ece3-61b1-4045-8157-03f45f8cb4d6","UNDE_047.basePlot.ltr","D05","UNDE","UNDE_047","UNDE_047_673","2016-10-19","2016-09-26","2016-10-10","2016-10-17T13:30Z","2016-10-19T21:30Z","NEON.LTR.UNDE047673.20161010","NEON.LTR.UNDE047673.20161010.NDL","NEON.DOC.001710vE","Needles",0,"N",NA,"eMuK013bQYWUakFyOlw8RKtvvGPXqSpz"
"d8306589-0074-4d35-8b5e-d844d9d19a57","UNDE_047.basePlot.ltr","D05","UNDE","UNDE_047","UNDE_047_673","2016-10-19","2016-09-26","2016-10-10","2016-10-17T13:30Z","2016-10-19T21:30Z","NEON.LTR.UNDE047673.20161010","NEON.LTR.UNDE047673.20161010.OTH","NEON.DOC.001710vE","Other",0.39,"Y",NA,"eMuK013bQYWUakFyOlw8RKtvvGPXqSpz"
"4c79e616-b8c1-4a75-b63d-62ca12575777","UNDE_047.basePlot.ltr","D05","UNDE","UNDE_047","UNDE_047_673","2016-10-19","2016-09-26","2016-10-10","2016-10-17T13:30Z","2016-10-19T21:30Z","NEON.LTR.UNDE047673.20161010","NEON.LTR.UNDE047673.20161010.SDS","NEON.DOC.001710vE","Seeds",0.01,"N",NA,"eMuK013bQYWUakFyOlw8RKtvvGPXqSpz"
"d74df895-9f5d-4e2c-b17b-ec023ac8a053","UNDE_047.basePlot.ltr","D05","UNDE","UNDE_047","UNDE_047_030","2016-10-19","2016-09-26","2016-10-10","2016-10-17T13:30Z","2016-10-19T21:30Z","NEON.LTR.UNDE047030.20161010","NEON.LTR.UNDE047030.20161010.LVS","NEON.DOC.001710vE","Leaves",67.65,"N",NA,"eMuK013bQYWUakFyOlw8RKtvvGPXqSpz"
"e972049d-f80f-4f47-9473-03b4f02c5a82","UNDE_047.basePlot.ltr","D05","UNDE","UNDE_047","UNDE_047_030","2016-10-19","2016-09-26","2016-10-10","2016-10-17T13:30Z","2016-10-19T21:30Z","NEON.LTR.UNDE047030.20161010","NEON.LTR.UNDE047030.20161010.WDY","NEON.DOC.001710vE","Woody material",0,"N",NA,"eMuK013bQYWUakFyOlw8RKtvvGPXqSpz"
"40cbf123-cf2f-40e8-b8bc-3e14b37974ca","UNDE_047.basePlot.ltr","D05","UNDE","UNDE_047","UNDE_047_673","2016-10-19","2016-09-26","2016-10-10","2016-10-17T13:30Z","2016-10-19T21:30Z","NEON.LTR.UNDE047673.20161010","NEON.LTR.UNDE047673.20161010.OTH","NEON.DOC.001710vE","Other",0.42,"N",NA,"eMuK013bQYWUakFyOlw8RKtvvGPXqSpz"
"bf8cb139-17d1-48a6-b633-888bee4938ae","UNDE_047.basePlot.ltr","D05","UNDE","UNDE_047","UNDE_047_673","2016-10-19","2016-09-26","2016-10-10","2016-10-17T13:30Z","2016-10-19T21:30Z","NEON.LTR.UNDE047673.20161010","NEON.LTR.UNDE047673.20161010.LVS","NEON.DOC.001710vE","Leaves",86.2,"Y",NA,"eMuK013bQYWUakFyOlw8RKtvvGPXqSpz"
"ccaa98a9-0123-4b43-ae94-dfe1d0526ace","UNDE_047.basePlot.ltr","D05","UNDE","UNDE_047","UNDE_047_030","2016-10-19","2016-09-26","2016-10-10","2016-10-17T13:30Z","2016-10-19T21:30Z","NEON.LTR.UNDE047030.20161010","NEON.LTR.UNDE047030.20161010.NDL","NEON.DOC.001710vE","Needles",0,"N",NA,"eMuK013bQYWUakFyOlw8RKtvvGPXqSpz"
"d6de9374-d9b0-4b75-ac2f-8ca4d5e47826","UNDE_047.basePlot.ltr","D05","UNDE","UNDE_047","UNDE_047_673","2016-10-19","2016-09-26","2016-10-10","2016-10-17T13:30Z","2016-10-19T21:30Z","NEON.LTR.UNDE047673.20161010","NEON.LTR.UNDE047673.20161010.LVS","NEON.DOC.001710vE","Leaves",85.9,"N",NA,"eMuK013bQYWUakFyOlw8RKtvvGPXqSpz"
"ca31ebab-c216-42c1-b3d1-a4bbea7378c3","UNDE_043.basePlot.ltr","D05","UNDE","UNDE_043","UNDE_043_661","2016-10-19","2016-09-26","2016-10-10","2016-10-17T13:30Z","2016-10-19T21:30Z","NEON.LTR.UNDE043661.20161010","NEON.LTR.UNDE043661.20161010.NDL","NEON.DOC.001710vE","Needles",0.21,"N",NA,"eMuK013bQYWUakFyOlw8RKtvvGPXqSpz"
"b1358304-c214-44af-be64-03d0e0943f4d","UNDE_043.basePlot.ltr","D05","UNDE","UNDE_043","UNDE_043_315","2016-10-19","2016-09-26","2016-10-10","2016-10-17T13:30Z","2016-10-19T21:30Z","NEON.LTR.UNDE043315.20161010","NEON.LTR.UNDE043315.20161010.OTH","NEON.DOC.001710vE","Other",0.19,"N",NA,"eMuK013bQYWUakFyOlw8RKtvvGPXqSpz"
"4e1725ac-0452-4cb5-b635-d76bcb112557","UNDE_043.basePlot.ltr","D05","UNDE","UNDE_043","UNDE_043_661","2016-10-19","2016-09-26","2016-10-10","2016-10-17T13:30Z","2016-10-19T21:30Z","NEON.LTR.UNDE043661.20161010","NEON.LTR.UNDE043661.20161010.LVS","NEON.DOC.001710vE","Leaves",65.69,"N",NA,"eMuK013bQYWUakFyOlw8RKtvvGPXqSpz"
"d665e1b8-1792-414d-a85d-dada401fd994","UNDE_043.basePlot.ltr","D05","UNDE","UNDE_043","UNDE_043_315","2016-10-19","2016-09-26","2016-10-10","2016-10-17T13:30Z","2016-10-19T21:30Z","NEON.LTR.UNDE043315.20161010","NEON.LTR.UNDE043315.20161010.SDS","NEON.DOC.001710vE","Seeds",0.005,"N",NA,"eMuK013bQYWUakFyOlw8RKtvvGPXqSpz"
"0fe67a11-8575-4098-bad4-deb155380ee5","UNDE_043.basePlot.ltr","D05","UNDE","UNDE_043","UNDE_043_315","2016-10-19","2016-09-26","2016-10-10","2016-10-17T13:30Z","2016-10-19T21:30Z","NEON.LTR.UNDE043315.20161010","NEON.LTR.UNDE043315.20161010.TWI","NEON.DOC.001710vE","Twigs/branches",25.22,"N",NA,"eMuK013bQYWUakFyOlw8RKtvvGPXqSpz"
"4b8d794c-6579-4adc-9ba8-9612388081c0","UNDE_043.basePlot.ltr","D05","UNDE","UNDE_043","UNDE_043_661","2016-10-19","2016-09-26","2016-10-10","2016-10-17T13:30Z","2016-10-19T21:30Z","NEON.LTR.UNDE043661.20161010","NEON.LTR.UNDE043661.20161010.SDS","NEON.DOC.001710vE","Seeds",0,"N",NA,"eMuK013bQYWUakFyOlw8RKtvvGPXqSpz"
"eb21215b-161b-4b9c-a75a-1b7b7fa8f925","UNDE_043.basePlot.ltr","D05","UNDE","UNDE_043","UNDE_043_315","2016-10-19","2016-09-26","2016-10-10","2016-10-17T13:30Z","2016-10-19T21:30Z","NEON.LTR.UNDE043315.20161010","NEON.LTR.UNDE043315.20161010.LVS","NEON.DOC.001710vE","Leaves",80.57,"N",NA,"eMuK013bQYWUakFyOlw8RKtvvGPXqSpz"
"5d8eb4a3-a9e5-48fd-9111-6413708da789","UNDE_043.basePlot.ltr","D05","UNDE","UNDE_043","UNDE_043_661","2016-10-19","2016-09-26","2016-10-10","2016-10-17T13:30Z","2016-10-19T21:30Z","NEON.LTR.UNDE043661.20161010","NEON.LTR.UNDE043661.20161010.TWI","NEON.DOC.001710vE","Twigs/branches",5.66,"N",NA,"eMuK013bQYWUakFyOlw8RKtvvGPXqSpz"
"1d2e8591-c13f-461a-bb2a-73023a61a1d7","UNDE_043.basePlot.ltr","D05","UNDE","UNDE_043","UNDE_043_661","2016-10-19","2016-09-26","2016-10-10","2016-10-17T13:30Z","2016-10-19T21:30Z","NEON.LTR.UNDE043661.20161010","NEON.LTR.UNDE043661.20161010.WDY","NEON.DOC.001710vE","Woody material",0,"N",NA,"eMuK013bQYWUakFyOlw8RKtvvGPXqSpz"
"74a82e1a-5271-4f1d-9711-92f9257ce847","UNDE_043.basePlot.ltr","D05","UNDE","UNDE_043","UNDE_043_315","2016-10-19","2016-09-26","2016-10-10","2016-10-17T13:30Z","2016-10-19T21:30Z","NEON.LTR.UNDE043315.20161010","NEON.LTR.UNDE043315.20161010.NDL","NEON.DOC.001710vE","Needles",0,"N",NA,"eMuK013bQYWUakFyOlw8RKtvvGPXqSpz"
"15d59a92-eef9-47eb-8876-1d84129a0fc7","UNDE_043.basePlot.ltr","D05","UNDE","UNDE_043","UNDE_043_315","2016-10-19","2016-09-26","2016-10-10","2016-10-17T13:30Z","2016-10-19T21:30Z","NEON.LTR.UNDE043315.20161010","NEON.LTR.UNDE043315.20161010.WDY","NEON.DOC.001710vE","Woody material",0.005,"N",NA,"eMuK013bQYWUakFyOlw8RKtvvGPXqSpz"
"903126c7-5273-4219-b3ed-27c07a81189b","UNDE_043.basePlot.ltr","D05","UNDE","UNDE_043","UNDE_043_661","2016-10-19","2016-09-26","2016-10-10","2016-10-17T13:30Z","2016-10-19T21:30Z","NEON.LTR.UNDE043661.20161010","NEON.LTR.UNDE043661.20161010.FLR","NEON.DOC.001710vE","Flowers",0,"N",NA,"eMuK013bQYWUakFyOlw8RKtvvGPXqSpz"
"c35165e0-05d3-4ed0-898c-7e82012a6680","UNDE_043.basePlot.ltr","D05","UNDE","UNDE_043","UNDE_043_661","2016-10-19","2016-09-26","2016-10-10","2016-10-17T13:30Z","2016-10-19T21:30Z","NEON.LTR.UNDE043661.20161010","NEON.LTR.UNDE043661.20161010.TWI","NEON.DOC.001710vE","Twigs/branches",5.65,"Y",NA,"eMuK013bQYWUakFyOlw8RKtvvGPXqSpz"
"128c9cd2-0469-4568-b81f-b75bd8b85bd2","UNDE_043.basePlot.ltr","D05","UNDE","UNDE_043","UNDE_043_315","2016-10-19","2016-09-26","2016-10-10","2016-10-17T13:30Z","2016-10-19T21:30Z","NEON.LTR.UNDE043315.20161010","NEON.LTR.UNDE043315.20161010.FLR","NEON.DOC.001710vE","Flowers",0,"N",NA,"eMuK013bQYWUakFyOlw8RKtvvGPXqSpz"
"a6bba512-26f8-4c1e-956b-ed0c462b7017","UNDE_037.basePlot.ltr","D05","UNDE","UNDE_037","UNDE_037_888","2016-10-19","2016-09-26","2016-10-10","2016-10-17T13:30Z","2016-10-19T21:30Z","NEON.LTR.UNDE037888.20161010","NEON.LTR.UNDE037888.20161010.FLR","NEON.DOC.001710vE","Flowers",0,"N",NA,"eMuK013bQYWUakFyOlw8RKtvvGPXqSpz"
"95ed2119-1b9a-4312-8c61-00aa7539fcfb","UNDE_043.basePlot.ltr","D05","UNDE","UNDE_043","UNDE_043_661","2016-10-19","2016-09-26","2016-10-10","2016-10-17T13:30Z","2016-10-19T21:30Z","NEON.LTR.UNDE043661.20161010","NEON.LTR.UNDE043661.20161010.OTH","NEON.DOC.001710vE","Other",0.37,"N",NA,"eMuK013bQYWUakFyOlw8RKtvvGPXqSpz"
"542bc283-8e52-4450-839f-9b8762da3816","UNDE_037.basePlot.ltr","D05","UNDE","UNDE_037","UNDE_037_888","2016-10-19","2016-09-26","2016-10-10","2016-10-17T13:30Z","2016-10-19T21:30Z","NEON.LTR.UNDE037888.20161010","NEON.LTR.UNDE037888.20161010.TWI","NEON.DOC.001710vE","Twigs/branches",1.35,"Y",NA,"eMuK013bQYWUakFyOlw8RKtvvGPXqSpz"
"25e9cf1e-ac7a-49e9-9e36-0d49486de20c","UNDE_037.basePlot.ltr","D05","UNDE","UNDE_037","UNDE_037_888","2016-10-19","2016-09-26","2016-10-10","2016-10-17T13:30Z","2016-10-19T21:30Z","NEON.LTR.UNDE037888.20161010","NEON.LTR.UNDE037888.20161010.WDY","NEON.DOC.001710vE","Woody material",0.02,"Y",NA,"eMuK013bQYWUakFyOlw8RKtvvGPXqSpz"
"b66db781-a601-4911-a582-9f063962d67b","UNDE_037.basePlot.ltr","D05","UNDE","UNDE_037","UNDE_037_888","2016-10-19","2016-09-26","2016-10-10","2016-10-17T13:30Z","2016-10-19T21:30Z","NEON.LTR.UNDE037888.20161010","NEON.LTR.UNDE037888.20161010.WDY","NEON.DOC.001710vE","Woody material",0.03,"N",NA,"eMuK013bQYWUakFyOlw8RKtvvGPXqSpz"
"339f24ba-d267-4780-bf5b-f1632deb2a19","UNDE_037.basePlot.ltr","D05","UNDE","UNDE_037","UNDE_037_888","2016-10-19","2016-09-26","2016-10-10","2016-10-17T13:30Z","2016-10-19T21:30Z","NEON.LTR.UNDE037888.20161010","NEON.LTR.UNDE037888.20161010.OTH","NEON.DOC.001710vE","Other",0.5,"N",NA,"eMuK013bQYWUakFyOlw8RKtvvGPXqSpz"
"3366cb96-16a1-444a-8bfa-025799802185","UNDE_037.basePlot.ltr","D05","UNDE","UNDE_037","UNDE_037_888","2016-10-19","2016-09-26","2016-10-10","2016-10-17T13:30Z","2016-10-19T21:30Z","NEON.LTR.UNDE037888.20161010","NEON.LTR.UNDE037888.20161010.TWI","NEON.DOC.001710vE","Twigs/branches",1.36,"N",NA,"eMuK013bQYWUakFyOlw8RKtvvGPXqSpz"
"750b9755-bc4f-4376-b0b4-9128e14007c7","UNDE_044.basePlot.ltr","D05","UNDE","UNDE_044","UNDE_044_515","2016-10-19","2016-09-26","2016-10-10","2016-10-17T13:30Z","2016-10-19T21:30Z","NEON.LTR.UNDE044515.20161010","NEON.LTR.UNDE044515.20161010.OTH","NEON.DOC.001710vE","Other",0.28,"N",NA,"eMuK013bQYWUakFyOlw8RKtvvGPXqSpz"
"58486ce7-0480-4232-b78d-fe9169a796a8","UNDE_044.basePlot.ltr","D05","UNDE","UNDE_044","UNDE_044_085","2016-10-19","2016-09-26","2016-10-10","2016-10-17T13:30Z","2016-10-19T21:30Z","NEON.LTR.UNDE044085.20161010","NEON.LTR.UNDE044085.20161010.WDY","NEON.DOC.001710vE","Woody material",0,"N",NA,"eMuK013bQYWUakFyOlw8RKtvvGPXqSpz"
"1fdb3ae9-316d-47d4-b2bb-effb74ac7e46","UNDE_044.basePlot.ltr","D05","UNDE","UNDE_044","UNDE_044_515","2016-10-19","2016-09-26","2016-10-10","2016-10-17T13:30Z","2016-10-19T21:30Z","NEON.LTR.UNDE044515.20161010","NEON.LTR.UNDE044515.20161010.WDY","NEON.DOC.001710vE","Woody material",0,"N",NA,"eMuK013bQYWUakFyOlw8RKtvvGPXqSpz"
"39d47ce3-ea5a-4cce-acb1-1b95adc4db8e","UNDE_044.basePlot.ltr","D05","UNDE","UNDE_044","UNDE_044_085","2016-10-19","2016-09-26","2016-10-10","2016-10-17T13:30Z","2016-10-19T21:30Z","NEON.LTR.UNDE044085.20161010","NEON.LTR.UNDE044085.20161010.FLR","NEON.DOC.001710vE","Flowers",0,"N",NA,"eMuK013bQYWUakFyOlw8RKtvvGPXqSpz"
"bfe7e0b2-2893-4dfc-bdc0-f5a2e32bbee7","UNDE_044.basePlot.ltr","D05","UNDE","UNDE_044","UNDE_044_085","2016-10-19","2016-09-26","2016-10-10","2016-10-17T13:30Z","2016-10-19T21:30Z","NEON.LTR.UNDE044085.20161010","NEON.LTR.UNDE044085.20161010.TWI","NEON.DOC.001710vE","Twigs/branches",0.63,"N",NA,"eMuK013bQYWUakFyOlw8RKtvvGPXqSpz"
"1f4a1a39-219d-4f2c-9aa5-e78c63321324","UNDE_044.basePlot.ltr","D05","UNDE","UNDE_044","UNDE_044_515","2016-10-19","2016-09-26","2016-10-10","2016-10-17T13:30Z","2016-10-19T21:30Z","NEON.LTR.UNDE044515.20161010","NEON.LTR.UNDE044515.20161010.LVS","NEON.DOC.001710vE","Leaves",21.79,"N",NA,"eMuK013bQYWUakFyOlw8RKtvvGPXqSpz"
"f8619c1b-f842-42e8-93f1-b064f9563072","UNDE_044.basePlot.ltr","D05","UNDE","UNDE_044","UNDE_044_085","2016-10-19","2016-09-26","2016-10-10","2016-10-17T13:30Z","2016-10-19T21:30Z","NEON.LTR.UNDE044085.20161010","NEON.LTR.UNDE044085.20161010.TWI","NEON.DOC.001710vE","Twigs/branches",0.63,"Y",NA,"eMuK013bQYWUakFyOlw8RKtvvGPXqSpz"
"2b8b701f-1a2a-479d-8f6d-43d40800cd41","UNDE_044.basePlot.ltr","D05","UNDE","UNDE_044","UNDE_044_085","2016-10-19","2016-09-26","2016-10-10","2016-10-17T13:30Z","2016-10-19T21:30Z","NEON.LTR.UNDE044085.20161010","NEON.LTR.UNDE044085.20161010.SDS","NEON.DOC.001710vE","Seeds",0.005,"N",NA,"eMuK013bQYWUakFyOlw8RKtvvGPXqSpz"
"4370614f-1cfb-4ca4-b959-1ae2b0b08384","UNDE_044.basePlot.ltr","D05","UNDE","UNDE_044","UNDE_044_085","2016-10-19","2016-09-26","2016-10-10","2016-10-17T13:30Z","2016-10-19T21:30Z","NEON.LTR.UNDE044085.20161010","NEON.LTR.UNDE044085.20161010.OTH","NEON.DOC.001710vE","Other",0.35,"N",NA,"eMuK013bQYWUakFyOlw8RKtvvGPXqSpz"
"4f943536-db4f-4b97-80ab-9d7952808ce9","UNDE_044.basePlot.ltr","D05","UNDE","UNDE_044","UNDE_044_085","2016-10-19","2016-09-26","2016-10-10","2016-10-17T13:30Z","2016-10-19T21:30Z","NEON.LTR.UNDE044085.20161010","NEON.LTR.UNDE044085.20161010.LVS","NEON.DOC.001710vE","Leaves",14.89,"N",NA,"eMuK013bQYWUakFyOlw8RKtvvGPXqSpz"
"89cff9ad-6cdf-4884-a88b-7bbe4ac40abe","UNDE_044.basePlot.ltr","D05","UNDE","UNDE_044","UNDE_044_515","2016-10-19","2016-09-26","2016-10-10","2016-10-17T13:30Z","2016-10-19T21:30Z","NEON.LTR.UNDE044515.20161010","NEON.LTR.UNDE044515.20161010.SDS","NEON.DOC.001710vE","Seeds",0,"N",NA,"eMuK013bQYWUakFyOlw8RKtvvGPXqSpz"
"6235f017-8787-4438-897d-6c6cb1b34769","UNDE_044.basePlot.ltr","D05","UNDE","UNDE_044","UNDE_044_085","2016-10-19","2016-09-26","2016-10-10","2016-10-17T13:30Z","2016-10-19T21:30Z","NEON.LTR.UNDE044085.20161010","NEON.LTR.UNDE044085.20161010.NDL","NEON.DOC.001710vE","Needles",1.96,"N",NA,"eMuK013bQYWUakFyOlw8RKtvvGPXqSpz"
"6dcda9ca-34af-42f1-a0c5-cdd0c3169084","UNDE_044.basePlot.ltr","D05","UNDE","UNDE_044","UNDE_044_515","2016-10-19","2016-09-26","2016-10-10","2016-10-17T13:30Z","2016-10-19T21:30Z","NEON.LTR.UNDE044515.20161010","NEON.LTR.UNDE044515.20161010.TWI","NEON.DOC.001710vE","Twigs/branches",0.47,"N",NA,"eMuK013bQYWUakFyOlw8RKtvvGPXqSpz"
"112bacac-8ffc-4181-9c25-b97f51b3a1ac","UNDE_044.basePlot.ltr","D05","UNDE","UNDE_044","UNDE_044_515","2016-10-19","2016-09-26","2016-10-10","2016-10-17T13:30Z","2016-10-19T21:30Z","NEON.LTR.UNDE044515.20161010","NEON.LTR.UNDE044515.20161010.FLR","NEON.DOC.001710vE","Flowers",0,"N",NA,"eMuK013bQYWUakFyOlw8RKtvvGPXqSpz"
"c39453b7-00e7-41db-adc0-821d8c36893e","UNDE_038.basePlot.ltr","D05","UNDE","UNDE_038","UNDE_038_400","2016-10-19","2016-09-26","2016-10-10","2016-10-17T13:30Z","2016-10-19T21:30Z","NEON.LTR.UNDE038400.20161010","NEON.LTR.UNDE038400.20161010.SDS","NEON.DOC.001710vE","Seeds",0.005,"N",NA,"eMuK013bQYWUakFyOlw8RKtvvGPXqSpz"
"99676a8e-4cfb-43a4-8f59-c36cdaae57a2","UNDE_044.basePlot.ltr","D05","UNDE","UNDE_044","UNDE_044_515","2016-10-19","2016-09-26","2016-10-10","2016-10-17T13:30Z","2016-10-19T21:30Z","NEON.LTR.UNDE044515.20161010","NEON.LTR.UNDE044515.20161010.NDL","NEON.DOC.001710vE","Needles",0.58,"N",NA,"eMuK013bQYWUakFyOlw8RKtvvGPXqSpz"
"d5e8960a-d13c-4836-9abb-553fac025693","UNDE_038.basePlot.ltr","D05","UNDE","UNDE_038","UNDE_038_919","2016-10-19","2016-09-26","2016-10-10","2016-10-17T13:30Z","2016-10-19T21:30Z","NEON.LTR.UNDE038919.20161010","NEON.LTR.UNDE038919.20161010.SDS","NEON.DOC.001710vE","Seeds",0,"N",NA,"eMuK013bQYWUakFyOlw8RKtvvGPXqSpz"
"3174d041-f38d-418c-a67f-c08468ddfa0e","UNDE_038.basePlot.ltr","D05","UNDE","UNDE_038","UNDE_038_400","2016-10-19","2016-09-26","2016-10-10","2016-10-17T13:30Z","2016-10-19T21:30Z","NEON.LTR.UNDE038400.20161010","NEON.LTR.UNDE038400.20161010.TWI","NEON.DOC.001710vE","Twigs/branches",0.06,"N",NA,"eMuK013bQYWUakFyOlw8RKtvvGPXqSpz"
"b4eba730-5419-48d4-b3bf-5aa7d631d15d","UNDE_038.basePlot.ltr","D05","UNDE","UNDE_038","UNDE_038_400","2016-10-19","2016-09-26","2016-10-10","2016-10-17T13:30Z","2016-10-19T21:30Z","NEON.LTR.UNDE038400.20161010","NEON.LTR.UNDE038400.20161010.WDY","NEON.DOC.001710vE","Woody material",0.65,"N",NA,"eMuK013bQYWUakFyOlw8RKtvvGPXqSpz"
"801c6998-c079-4306-8e39-f83e7b868d92","UNDE_038.basePlot.ltr","D05","UNDE","UNDE_038","UNDE_038_400","2016-10-19","2016-09-26","2016-10-10","2016-10-17T13:30Z","2016-10-19T21:30Z","NEON.LTR.UNDE038400.20161010","NEON.LTR.UNDE038400.20161010.NDL","NEON.DOC.001710vE","Needles",1.28,"N",NA,"eMuK013bQYWUakFyOlw8RKtvvGPXqSpz"
"206b8ba9-702f-4a28-a4af-69a906a9c705","UNDE_038.basePlot.ltr","D05","UNDE","UNDE_038","UNDE_038_919","2016-10-19","2016-09-26","2016-10-10","2016-10-17T13:30Z","2016-10-19T21:30Z","NEON.LTR.UNDE038919.20161010","NEON.LTR.UNDE038919.20161010.TWI","NEON.DOC.001710vE","Twigs/branches",0.03,"N",NA,"eMuK013bQYWUakFyOlw8RKtvvGPXqSpz"
"4d761173-9c2a-4616-8802-1b666927d001","UNDE_038.basePlot.ltr","D05","UNDE","UNDE_038","UNDE_038_400","2016-10-19","2016-09-26","2016-10-10","2016-10-17T13:30Z","2016-10-19T21:30Z","NEON.LTR.UNDE038400.20161010","NEON.LTR.UNDE038400.20161010.LVS","NEON.DOC.001710vE","Leaves",25.78,"N",NA,"eMuK013bQYWUakFyOlw8RKtvvGPXqSpz"
"761df048-191c-4660-af65-a74af1926015","UNDE_038.basePlot.ltr","D05","UNDE","UNDE_038","UNDE_038_400","2016-10-19","2016-09-26","2016-10-10","2016-10-17T13:30Z","2016-10-19T21:30Z","NEON.LTR.UNDE038400.20161010","NEON.LTR.UNDE038400.20161010.FLR","NEON.DOC.001710vE","Flowers",0,"N",NA,"eMuK013bQYWUakFyOlw8RKtvvGPXqSpz"
"934260ba-a6e4-425a-803a-82819f995b50","UNDE_038.basePlot.ltr","D05","UNDE","UNDE_038","UNDE_038_919","2016-10-19","2016-09-26","2016-10-10","2016-10-17T13:30Z","2016-10-19T21:30Z","NEON.LTR.UNDE038919.20161010","NEON.LTR.UNDE038919.20161010.WDY","NEON.DOC.001710vE","Woody material",0,"N",NA,"eMuK013bQYWUakFyOlw8RKtvvGPXqSpz"
"33bd46fe-ff4e-4fda-a28b-391762e426df","UNDE_038.basePlot.ltr","D05","UNDE","UNDE_038","UNDE_038_400","2016-10-19","2016-09-26","2016-10-10","2016-10-17T13:30Z","2016-10-19T21:30Z","NEON.LTR.UNDE038400.20161010","NEON.LTR.UNDE038400.20161010.OTH","NEON.DOC.001710vE","Other",1.73,"N",NA,"eMuK013bQYWUakFyOlw8RKtvvGPXqSpz"
"fbb91ddc-5a1a-4946-9985-ddbae33b9f74","UNDE_038.basePlot.ltr","D05","UNDE","UNDE_038","UNDE_038_919","2016-10-19","2016-09-26","2016-10-10","2016-10-17T13:30Z","2016-10-19T21:30Z","NEON.LTR.UNDE038919.20161010","NEON.LTR.UNDE038919.20161010.NDL","NEON.DOC.001710vE","Needles",0.84,"N",NA,"eMuK013bQYWUakFyOlw8RKtvvGPXqSpz"
"35db9ec5-85d9-4cc7-92b3-b04eee1933a6","UNDE_038.basePlot.ltr","D05","UNDE","UNDE_038","UNDE_038_919","2016-10-19","2016-09-26","2016-10-10","2016-10-17T13:30Z","2016-10-19T21:30Z","NEON.LTR.UNDE038919.20161010","NEON.LTR.UNDE038919.20161010.OTH","NEON.DOC.001710vE","Other",0.36,"N",NA,"eMuK013bQYWUakFyOlw8RKtvvGPXqSpz"
"bdc8ec3b-84a7-4746-a4df-dba0839d3255","UNDE_038.basePlot.ltr","D05","UNDE","UNDE_038","UNDE_038_919","2016-10-19","2016-09-26","2016-10-10","2016-10-17T13:30Z","2016-10-19T21:30Z","NEON.LTR.UNDE038919.20161010","NEON.LTR.UNDE038919.20161010.LVS","NEON.DOC.001710vE","Leaves",44.08,"N",NA,"eMuK013bQYWUakFyOlw8RKtvvGPXqSpz"
"66ab1322-5aec-4bfe-afb0-bdbcee4e92ce","UNDE_038.basePlot.ltr","D05","UNDE","UNDE_038","UNDE_038_919","2016-10-19","2016-09-26","2016-10-10","2016-10-17T13:30Z","2016-10-19T21:30Z","NEON.LTR.UNDE038919.20161010","NEON.LTR.UNDE038919.20161010.FLR","NEON.DOC.001710vE","Flowers",0,"N",NA,"eMuK013bQYWUakFyOlw8RKtvvGPXqSpz"
"ec360f66-e926-4a3d-83f6-b1f69b2658d8","UNDE_037.basePlot.ltr","D05","UNDE","UNDE_037","UNDE_037_888","2016-10-19","2016-09-26","2016-10-10","2016-10-17T13:30Z","2016-10-19T21:30Z","NEON.LTR.UNDE037888.20161010","NEON.LTR.UNDE037888.20161010.SDS","NEON.DOC.001710vE","Seeds",0.05,"N",NA,"eMuK013bQYWUakFyOlw8RKtvvGPXqSpz"
"c0fa91f8-e710-454a-b253-525f25b31afd","UNDE_037.basePlot.ltr","D05","UNDE","UNDE_037","UNDE_037_888","2016-10-19","2016-09-26","2016-10-10","2016-10-17T13:30Z","2016-10-19T21:30Z","NEON.LTR.UNDE037888.20161010","NEON.LTR.UNDE037888.20161010.NDL","NEON.DOC.001710vE","Needles",0.74,"N",NA,"eMuK013bQYWUakFyOlw8RKtvvGPXqSpz"
"5f0db6da-b947-495e-a10d-e676f06d076f","UNDE_037.basePlot.ltr","D05","UNDE","UNDE_037","UNDE_037_713","2016-10-19","2016-09-26","2016-10-10","2016-10-17T13:30Z","2016-10-19T21:30Z","NEON.LTR.UNDE037713.20161010","NEON.LTR.UNDE037713.20161010.TWI","NEON.DOC.001710vE","Twigs/branches",0,"N",NA,"eMuK013bQYWUakFyOlw8RKtvvGPXqSpz"
"c77a91c1-7d58-4ed3-b937-81871a494995","UNDE_037.basePlot.ltr","D05","UNDE","UNDE_037","UNDE_037_888","2016-10-19","2016-09-26","2016-10-10","2016-10-17T13:30Z","2016-10-19T21:30Z","NEON.LTR.UNDE037888.20161010","NEON.LTR.UNDE037888.20161010.LVS","NEON.DOC.001710vE","Leaves",58.31,"N",NA,"eMuK013bQYWUakFyOlw8RKtvvGPXqSpz"
"b197c769-c52c-4363-bec2-fb0ea98e0359","UNDE_037.basePlot.ltr","D05","UNDE","UNDE_037","UNDE_037_713","2016-10-19","2016-09-26","2016-10-10","2016-10-17T13:30Z","2016-10-19T21:30Z","NEON.LTR.UNDE037713.20161010","NEON.LTR.UNDE037713.20161010.SDS","NEON.DOC.001710vE","Seeds",0.005,"N",NA,"eMuK013bQYWUakFyOlw8RKtvvGPXqSpz"
"6ff0574b-948e-4a63-b9be-f0cf95a6ab30","UNDE_037.basePlot.ltr","D05","UNDE","UNDE_037","UNDE_037_713","2016-10-19","2016-09-26","2016-10-10","2016-10-17T13:30Z","2016-10-19T21:30Z","NEON.LTR.UNDE037713.20161010","NEON.LTR.UNDE037713.20161010.FLR","NEON.DOC.001710vE","Flowers",0,"N",NA,"eMuK013bQYWUakFyOlw8RKtvvGPXqSpz"
"6d0d9d67-a118-4d20-8464-022057388886","UNDE_037.basePlot.ltr","D05","UNDE","UNDE_037","UNDE_037_713","2016-10-19","2016-09-26","2016-10-10","2016-10-17T13:30Z","2016-10-19T21:30Z","NEON.LTR.UNDE037713.20161010","NEON.LTR.UNDE037713.20161010.OTH","NEON.DOC.001710vE","Other",0.04,"N",NA,"eMuK013bQYWUakFyOlw8RKtvvGPXqSpz"
"371dd6a8-6fb3-459d-9455-80d8da18fc15","UNDE_037.basePlot.ltr","D05","UNDE","UNDE_037","UNDE_037_713","2016-10-19","2016-09-26","2016-10-10","2016-10-17T13:30Z","2016-10-19T21:30Z","NEON.LTR.UNDE037713.20161010","NEON.LTR.UNDE037713.20161010.LVS","NEON.DOC.001710vE","Leaves",28.23,"N",NA,"eMuK013bQYWUakFyOlw8RKtvvGPXqSpz"
"a3d78297-2168-457a-9042-f7c3c7e92117","UNDE_037.basePlot.ltr","D05","UNDE","UNDE_037","UNDE_037_713","2016-10-19","2016-09-26","2016-10-10","2016-10-17T13:30Z","2016-10-19T21:30Z","NEON.LTR.UNDE037713.20161010","NEON.LTR.UNDE037713.20161010.NDL","NEON.DOC.001710vE","Needles",4.37,"N",NA,"eMuK013bQYWUakFyOlw8RKtvvGPXqSpz"
"e0b7e95d-1cf9-454e-bb09-f1cb56a19388","UNDE_037.basePlot.ltr","D05","UNDE","UNDE_037","UNDE_037_713","2016-10-19","2016-09-26","2016-10-10","2016-10-17T13:30Z","2016-10-19T21:30Z","NEON.LTR.UNDE037713.20161010","NEON.LTR.UNDE037713.20161010.WDY","NEON.DOC.001710vE","Woody material",0,"N",NA,"eMuK013bQYWUakFyOlw8RKtvvGPXqSpz"
"caeabfd9-f9d6-41c7-a348-6458ca45ba5d","UNDE_078.basePlot.ltr","D05","UNDE","UNDE_078","UNDE_078_632","2016-11-04","2016-10-10","2016-10-24","2016-11-01T15:00Z","2016-11-04T06:00Z","NEON.LTR.UNDE078632.20161024","NEON.LTR.UNDE078632.20161024.SDS","NEON.DOC.001710vE","Seeds",0.005,"N",NA,"P9hftDyV5NLbHB2gcoQF666NEvwuiXGq"
"769dbeac-3042-49f6-ad78-99e8e8185994","UNDE_078.basePlot.ltr","D05","UNDE","UNDE_078","UNDE_078_632","2016-11-04","2016-10-10","2016-10-24","2016-11-01T15:00Z","2016-11-04T06:00Z","NEON.LTR.UNDE078632.20161024","NEON.LTR.UNDE078632.20161024.TWI","NEON.DOC.001710vE","Twigs/branches",0,"N",NA,"P9hftDyV5NLbHB2gcoQF666NEvwuiXGq"
"ebf923da-b758-434c-8aed-0e92ee160e4e","UNDE_050.basePlot.ltr","D05","UNDE","UNDE_050","UNDE_050_030","2016-11-04","2016-10-10","2016-10-24","2016-11-01T15:00Z","2016-11-04T06:00Z","NEON.LTR.UNDE050030.20161024","NEON.LTR.UNDE050030.20161024.WDY","NEON.DOC.001710vE","Woody material",0.03,"N",NA,"P9hftDyV5NLbHB2gcoQF666NEvwuiXGq"
"ce1cee6c-ca2a-4369-8ce0-d0c3e0631b34","UNDE_050.basePlot.ltr","D05","UNDE","UNDE_050","UNDE_050_030","2016-11-04","2016-10-10","2016-10-24","2016-11-01T15:00Z","2016-11-04T06:00Z","NEON.LTR.UNDE050030.20161024","NEON.LTR.UNDE050030.20161024.TWI","NEON.DOC.001710vE","Twigs/branches",5.11,"N",NA,"P9hftDyV5NLbHB2gcoQF666NEvwuiXGq"
"260971b6-e834-44f2-b970-4e8ddd126374","UNDE_050.basePlot.ltr","D05","UNDE","UNDE_050","UNDE_050_030","2016-11-04","2016-10-10","2016-10-24","2016-11-01T15:00Z","2016-11-04T06:00Z","NEON.LTR.UNDE050030.20161024","NEON.LTR.UNDE050030.20161024.SDS","NEON.DOC.001710vE","Seeds",0.005,"Y",NA,"P9hftDyV5NLbHB2gcoQF666NEvwuiXGq"
"ed87780f-8de3-480f-84a7-7d7f1971cb88","UNDE_050.basePlot.ltr","D05","UNDE","UNDE_050","UNDE_050_030","2016-11-04","2016-10-10","2016-10-24","2016-11-01T15:00Z","2016-11-04T06:00Z","NEON.LTR.UNDE050030.20161024","NEON.LTR.UNDE050030.20161024.NDL","NEON.DOC.001710vE","Needles",0.11,"N",NA,"P9hftDyV5NLbHB2gcoQF666NEvwuiXGq"
"d36c541c-046a-46b2-ad1b-6e44a0c0e86f","UNDE_050.basePlot.ltr","D05","UNDE","UNDE_050","UNDE_050_030","2016-11-04","2016-10-10","2016-10-24","2016-11-01T15:00Z","2016-11-04T06:00Z","NEON.LTR.UNDE050030.20161024","NEON.LTR.UNDE050030.20161024.FLR","NEON.DOC.001710vE","Flowers",0,"N",NA,"P9hftDyV5NLbHB2gcoQF666NEvwuiXGq"
"c9eafd19-6cbe-44f5-926e-b780a5e6805d","UNDE_050.basePlot.ltr","D05","UNDE","UNDE_050","UNDE_050_030","2016-11-04","2016-10-10","2016-10-24","2016-11-01T15:00Z","2016-11-04T06:00Z","NEON.LTR.UNDE050030.20161024","NEON.LTR.UNDE050030.20161024.OTH","NEON.DOC.001710vE","Other",0.005,"N",NA,"P9hftDyV5NLbHB2gcoQF666NEvwuiXGq"
"a0810d73-aaab-4ce8-8e36-659c19d3061b","UNDE_050.basePlot.ltr","D05","UNDE","UNDE_050","UNDE_050_030","2016-11-04","2016-10-10","2016-10-24","2016-11-01T15:00Z","2016-11-04T06:00Z","NEON.LTR.UNDE050030.20161024","NEON.LTR.UNDE050030.20161024.LVS","NEON.DOC.001710vE","Leaves",77.25,"N",NA,"P9hftDyV5NLbHB2gcoQF666NEvwuiXGq"
"adf1f823-b145-4fbe-a573-c20bad6331f9","UNDE_050.basePlot.ltr","D05","UNDE","UNDE_050","UNDE_050_030","2016-11-04","2016-10-10","2016-10-24","2016-11-01T15:00Z","2016-11-04T06:00Z","NEON.LTR.UNDE050030.20161024","NEON.LTR.UNDE050030.20161024.SDS","NEON.DOC.001710vE","Seeds",0.005,"N",NA,"P9hftDyV5NLbHB2gcoQF666NEvwuiXGq"
"3368cedd-6739-4234-a26c-eeb3d815e7ca","UNDE_037.basePlot.ltr","D05","UNDE","UNDE_037","UNDE_037_888","2016-11-04","2016-10-10","2016-10-24","2016-11-01T15:00Z","2016-11-04T06:00Z","NEON.LTR.UNDE037888.20161024","NEON.LTR.UNDE037888.20161024.WDY","NEON.DOC.001710vE","Woody material",0.08,"N",NA,"P9hftDyV5NLbHB2gcoQF666NEvwuiXGq"
"4fdaaa82-ba72-454d-bac3-9877108fdad5","UNDE_037.basePlot.ltr","D05","UNDE","UNDE_037","UNDE_037_888","2016-11-04","2016-10-10","2016-10-24","2016-11-01T15:00Z","2016-11-04T06:00Z","NEON.LTR.UNDE037888.20161024","NEON.LTR.UNDE037888.20161024.TWI","NEON.DOC.001710vE","Twigs/branches",0,"N",NA,"P9hftDyV5NLbHB2gcoQF666NEvwuiXGq"
"65439009-4a7b-44e1-8e86-79ca0dbce1dc","UNDE_037.basePlot.ltr","D05","UNDE","UNDE_037","UNDE_037_888","2016-11-04","2016-10-10","2016-10-24","2016-11-01T15:00Z","2016-11-04T06:00Z","NEON.LTR.UNDE037888.20161024","NEON.LTR.UNDE037888.20161024.LVS","NEON.DOC.001710vE","Leaves",10.24,"N",NA,"P9hftDyV5NLbHB2gcoQF666NEvwuiXGq"
"153d21ab-494e-4235-a92a-4ac559ae8412","UNDE_037.basePlot.ltr","D05","UNDE","UNDE_037","UNDE_037_888","2016-11-04","2016-10-10","2016-10-24","2016-11-01T15:00Z","2016-11-04T06:00Z","NEON.LTR.UNDE037888.20161024","NEON.LTR.UNDE037888.20161024.NDL","NEON.DOC.001710vE","Needles",1.64,"N",NA,"P9hftDyV5NLbHB2gcoQF666NEvwuiXGq"
"6b011c1b-021c-4ba3-9dd9-01e9464740f8","UNDE_037.basePlot.ltr","D05","UNDE","UNDE_037","UNDE_037_888","2016-11-04","2016-10-10","2016-10-24","2016-11-01T15:00Z","2016-11-04T06:00Z","NEON.LTR.UNDE037888.20161024","NEON.LTR.UNDE037888.20161024.SDS","NEON.DOC.001710vE","Seeds",0.005,"N",NA,"P9hftDyV5NLbHB2gcoQF666NEvwuiXGq"
"3f1b567c-2449-49a5-bb69-f56deb33884d","UNDE_037.basePlot.ltr","D05","UNDE","UNDE_037","UNDE_037_888","2016-11-04","2016-10-10","2016-10-24","2016-11-01T15:00Z","2016-11-04T06:00Z","NEON.LTR.UNDE037888.20161024","NEON.LTR.UNDE037888.20161024.OTH","NEON.DOC.001710vE","Other",0.25,"N",NA,"P9hftDyV5NLbHB2gcoQF666NEvwuiXGq"
"3edea5b1-73ae-4475-9fea-5b795b98ced4","UNDE_037.basePlot.ltr","D05","UNDE","UNDE_037","UNDE_037_888","2016-11-04","2016-10-10","2016-10-24","2016-11-01T15:00Z","2016-11-04T06:00Z","NEON.LTR.UNDE037888.20161024","NEON.LTR.UNDE037888.20161024.FLR","NEON.DOC.001710vE","Flowers",0,"N",NA,"P9hftDyV5NLbHB2gcoQF666NEvwuiXGq"
"3479bdbe-91be-480b-a614-9fe71ccd45fd","UNDE_049.basePlot.ltr","D05","UNDE","UNDE_049","UNDE_049_584","2016-11-04","2016-10-10","2016-10-24","2016-11-01T15:00Z","2016-11-04T06:00Z","NEON.LTR.UNDE049584.20161024","NEON.LTR.UNDE049584.20161024.NDL","NEON.DOC.001710vE","Needles",3.88,"N",NA,"P9hftDyV5NLbHB2gcoQF666NEvwuiXGq"
"5dc9ac18-627d-4ab5-bbe2-94308f81c3c6","UNDE_049.basePlot.ltr","D05","UNDE","UNDE_049","UNDE_049_584","2016-11-04","2016-10-10","2016-10-24","2016-11-01T15:00Z","2016-11-04T06:00Z","NEON.LTR.UNDE049584.20161024","NEON.LTR.UNDE049584.20161024.LVS","NEON.DOC.001710vE","Leaves",36.34,"N",NA,"P9hftDyV5NLbHB2gcoQF666NEvwuiXGq"
"ac2fe5c2-e665-4a99-b532-74cf2e50b724","UNDE_049.basePlot.ltr","D05","UNDE","UNDE_049","UNDE_049_584","2016-11-04","2016-10-10","2016-10-24","2016-11-01T15:00Z","2016-11-04T06:00Z","NEON.LTR.UNDE049584.20161024","NEON.LTR.UNDE049584.20161024.TWI","NEON.DOC.001710vE","Twigs/branches",0.1,"N",NA,"P9hftDyV5NLbHB2gcoQF666NEvwuiXGq"
"1540ddfd-e254-4445-86bf-b2970cb7b45d","UNDE_049.basePlot.ltr","D05","UNDE","UNDE_049","UNDE_049_584","2016-11-04","2016-10-10","2016-10-24","2016-11-01T15:00Z","2016-11-04T06:00Z","NEON.LTR.UNDE049584.20161024","NEON.LTR.UNDE049584.20161024.SDS","NEON.DOC.001710vE","Seeds",0.005,"N",NA,"P9hftDyV5NLbHB2gcoQF666NEvwuiXGq"
"f9be4d7e-74b1-4473-88d7-92283a68ba0c","UNDE_049.basePlot.ltr","D05","UNDE","UNDE_049","UNDE_049_584","2016-11-04","2016-10-10","2016-10-24","2016-11-01T15:00Z","2016-11-04T06:00Z","NEON.LTR.UNDE049584.20161024","NEON.LTR.UNDE049584.20161024.OTH","NEON.DOC.001710vE","Other",0.03,"N",NA,"P9hftDyV5NLbHB2gcoQF666NEvwuiXGq"
"1508b308-7f9d-414e-9896-6c927876ce10","UNDE_049.basePlot.ltr","D05","UNDE","UNDE_049","UNDE_049_584","2016-11-04","2016-10-10","2016-10-24","2016-11-01T15:00Z","2016-11-04T06:00Z","NEON.LTR.UNDE049584.20161024","NEON.LTR.UNDE049584.20161024.FLR","NEON.DOC.001710vE","Flowers",0,"N",NA,"P9hftDyV5NLbHB2gcoQF666NEvwuiXGq"
"4c2b1934-f748-45f7-81c9-1af6d8b6919e","UNDE_049.basePlot.ltr","D05","UNDE","UNDE_049","UNDE_049_584","2016-11-04","2016-10-10","2016-10-24","2016-11-01T15:00Z","2016-11-04T06:00Z","NEON.LTR.UNDE049584.20161024","NEON.LTR.UNDE049584.20161024.WDY","NEON.DOC.001710vE","Woody material",0.02,"N",NA,"P9hftDyV5NLbHB2gcoQF666NEvwuiXGq"
"ba0211a8-f551-4ae4-9ae1-87147cf7d68e","UNDE_049.basePlot.ltr","D05","UNDE","UNDE_049","UNDE_049_584","2016-11-04","2016-10-10","2016-10-24","2016-11-01T15:00Z","2016-11-04T06:00Z","NEON.LTR.UNDE049584.20161024","NEON.LTR.UNDE049584.20161024.NDL","NEON.DOC.001710vE","Needles",3.88,"Y",NA,"P9hftDyV5NLbHB2gcoQF666NEvwuiXGq"
"0234a613-1747-4642-af82-56ba493036ab","UNDE_038.basePlot.ltr","D05","UNDE","UNDE_038","UNDE_038_919","2016-11-04","2016-10-10","2016-10-24","2016-11-01T15:00Z","2016-11-04T06:00Z","NEON.LTR.UNDE038919.20161024","NEON.LTR.UNDE038919.20161024.WDY","NEON.DOC.001710vE","Woody material",0.02,"N",NA,"P9hftDyV5NLbHB2gcoQF666NEvwuiXGq"
"db1d94b3-072c-4cba-959e-8f3424664a48","UNDE_038.basePlot.ltr","D05","UNDE","UNDE_038","UNDE_038_919","2016-11-04","2016-10-10","2016-10-24","2016-11-01T15:00Z","2016-11-04T06:00Z","NEON.LTR.UNDE038919.20161024","NEON.LTR.UNDE038919.20161024.SDS","NEON.DOC.001710vE","Seeds",0.005,"N",NA,"P9hftDyV5NLbHB2gcoQF666NEvwuiXGq"
"cd906a77-2f26-4758-815f-223ffab4d49c","UNDE_078.basePlot.ltr","D05","UNDE","UNDE_078","UNDE_078_045","2016-11-04","2016-10-10","2016-10-24","2016-11-01T15:00Z","2016-11-04T06:00Z","NEON.LTR.UNDE078045.20161024","NEON.LTR.UNDE078045.20161024.OTH","NEON.DOC.001710vE","Other",0.11,"N",NA,"P9hftDyV5NLbHB2gcoQF666NEvwuiXGq"
"dd1db333-85d0-4ab2-ae9f-032250b8e576","UNDE_078.basePlot.ltr","D05","UNDE","UNDE_078","UNDE_078_045","2016-11-04","2016-10-10","2016-10-24","2016-11-01T15:00Z","2016-11-04T06:00Z","NEON.LTR.UNDE078045.20161024","NEON.LTR.UNDE078045.20161024.TWI","NEON.DOC.001710vE","Twigs/branches",1.86,"N",NA,"P9hftDyV5NLbHB2gcoQF666NEvwuiXGq"
"63a19ac1-24d9-4d86-a51c-aa3bae0ab672","UNDE_078.basePlot.ltr","D05","UNDE","UNDE_078","UNDE_078_045","2016-11-04","2016-10-10","2016-10-24","2016-11-01T15:00Z","2016-11-04T06:00Z","NEON.LTR.UNDE078045.20161024","NEON.LTR.UNDE078045.20161024.FLR","NEON.DOC.001710vE","Flowers",0,"N",NA,"P9hftDyV5NLbHB2gcoQF666NEvwuiXGq"
"c3eb5c22-dc8c-4cc0-a81e-99650e3fadd3","UNDE_050.basePlot.ltr","D05","UNDE","UNDE_050","UNDE_050_673","2016-11-04","2016-10-10","2016-10-24","2016-11-01T15:00Z","2016-11-04T06:00Z","NEON.LTR.UNDE050673.20161024","NEON.LTR.UNDE050673.20161024.LVS","NEON.DOC.001710vE","Leaves",69.27,"N",NA,"P9hftDyV5NLbHB2gcoQF666NEvwuiXGq"
"3c03b192-015b-4b83-94f2-773d705b857c","UNDE_078.basePlot.ltr","D05","UNDE","UNDE_078","UNDE_078_045","2016-11-04","2016-10-10","2016-10-24","2016-11-01T15:00Z","2016-11-04T06:00Z","NEON.LTR.UNDE078045.20161024","NEON.LTR.UNDE078045.20161024.WDY","NEON.DOC.001710vE","Woody material",0,"N",NA,"P9hftDyV5NLbHB2gcoQF666NEvwuiXGq"
"18dbeb91-bc05-4ef1-8ab5-6ffceb5d90ba","UNDE_044.basePlot.ltr","D05","UNDE","UNDE_044","UNDE_044_515","2016-11-04","2016-10-10","2016-10-24","2016-11-01T15:00Z","2016-11-04T06:00Z","NEON.LTR.UNDE044515.20161024","NEON.LTR.UNDE044515.20161024.LVS","NEON.DOC.001710vE","Leaves",64.22,"N",NA,"P9hftDyV5NLbHB2gcoQF666NEvwuiXGq"
"66247471-e45c-4d46-8936-58468d340742","UNDE_044.basePlot.ltr","D05","UNDE","UNDE_044","UNDE_044_515","2016-11-04","2016-10-10","2016-10-24","2016-11-01T15:00Z","2016-11-04T06:00Z","NEON.LTR.UNDE044515.20161024","NEON.LTR.UNDE044515.20161024.NDL","NEON.DOC.001710vE","Needles",1.36,"N",NA,"P9hftDyV5NLbHB2gcoQF666NEvwuiXGq"
"a8646bd4-069c-49d9-b218-9620b0652a9f","UNDE_050.basePlot.ltr","D05","UNDE","UNDE_050","UNDE_050_673","2016-11-04","2016-10-10","2016-10-24","2016-11-01T15:00Z","2016-11-04T06:00Z","NEON.LTR.UNDE050673.20161024","NEON.LTR.UNDE050673.20161024.OTH","NEON.DOC.001710vE","Other",0.29,"N",NA,"P9hftDyV5NLbHB2gcoQF666NEvwuiXGq"
"58a06258-7278-4dbe-a19d-f1e6974c3a22","UNDE_050.basePlot.ltr","D05","UNDE","UNDE_050","UNDE_050_673","2016-11-04","2016-10-10","2016-10-24","2016-11-01T15:00Z","2016-11-04T06:00Z","NEON.LTR.UNDE050673.20161024","NEON.LTR.UNDE050673.20161024.NDL","NEON.DOC.001710vE","Needles",0.005,"N",NA,"P9hftDyV5NLbHB2gcoQF666NEvwuiXGq"
"8af7dc61-8e76-4f5f-9f00-ae72c48ecf7f","UNDE_059.basePlot.ltr","D05","UNDE","UNDE_059","UNDE_059_631","2016-11-04","2016-10-10","2016-10-24","2016-11-01T15:00Z","2016-11-04T06:00Z","NEON.LTR.UNDE059631.20161024","NEON.LTR.UNDE059631.20161024.SDS","NEON.DOC.001710vE","Seeds",0,"N",NA,"P9hftDyV5NLbHB2gcoQF666NEvwuiXGq"
"0b3c28c8-a63c-4c7e-80e0-4fa62c4d960f","UNDE_059.basePlot.ltr","D05","UNDE","UNDE_059","UNDE_059_631","2016-11-04","2016-10-10","2016-10-24","2016-11-01T15:00Z","2016-11-04T06:00Z","NEON.LTR.UNDE059631.20161024","NEON.LTR.UNDE059631.20161024.TWI","NEON.DOC.001710vE","Twigs/branches",0.51,"N",NA,"P9hftDyV5NLbHB2gcoQF666NEvwuiXGq"
"eb67531d-095e-4b67-b61d-063ebdc63932","UNDE_058.basePlot.ltr","D05","UNDE","UNDE_058","UNDE_058_828","2016-11-04","2016-10-10","2016-10-24","2016-11-01T15:00Z","2016-11-04T06:00Z","NEON.LTR.UNDE058828.20161024","NEON.LTR.UNDE058828.20161024.NDL","NEON.DOC.001710vE","Needles",0,"N",NA,"P9hftDyV5NLbHB2gcoQF666NEvwuiXGq"
"74b02bfe-e72d-4a30-b188-ec15a4a655d5","UNDE_058.basePlot.ltr","D05","UNDE","UNDE_058","UNDE_058_828","2016-11-04","2016-10-10","2016-10-24","2016-11-01T15:00Z","2016-11-04T06:00Z","NEON.LTR.UNDE058828.20161024","NEON.LTR.UNDE058828.20161024.OTH","NEON.DOC.001710vE","Other",0.75,"N",NA,"P9hftDyV5NLbHB2gcoQF666NEvwuiXGq"
"2844936f-a144-4b1b-9300-eff23b9f96b8","UNDE_058.basePlot.ltr","D05","UNDE","UNDE_058","UNDE_058_828","2016-11-04","2016-10-10","2016-10-24","2016-11-01T15:00Z","2016-11-04T06:00Z","NEON.LTR.UNDE058828.20161024","NEON.LTR.UNDE058828.20161024.LVS","NEON.DOC.001710vE","Leaves",72.18,"N",NA,"P9hftDyV5NLbHB2gcoQF666NEvwuiXGq"
"8a915ed5-a9ec-4d06-aa0e-c8ba47a0db26","UNDE_058.basePlot.ltr","D05","UNDE","UNDE_058","UNDE_058_828","2016-11-04","2016-10-10","2016-10-24","2016-11-01T15:00Z","2016-11-04T06:00Z","NEON.LTR.UNDE058828.20161024","NEON.LTR.UNDE058828.20161024.WDY","NEON.DOC.001710vE","Woody material",0.005,"N",NA,"P9hftDyV5NLbHB2gcoQF666NEvwuiXGq"
"01a10232-6189-48e0-a1ee-d2a4c51c867c","UNDE_058.basePlot.ltr","D05","UNDE","UNDE_058","UNDE_058_828","2016-11-04","2016-10-10","2016-10-24","2016-11-01T15:00Z","2016-11-04T06:00Z","NEON.LTR.UNDE058828.20161024","NEON.LTR.UNDE058828.20161024.TWI","NEON.DOC.001710vE","Twigs/branches",13.44,"N",NA,"P9hftDyV5NLbHB2gcoQF666NEvwuiXGq"
"832977b5-c0a5-4e82-84cf-2ebe42a67149","UNDE_058.basePlot.ltr","D05","UNDE","UNDE_058","UNDE_058_828","2016-11-04","2016-10-10","2016-10-24","2016-11-01T15:00Z","2016-11-04T06:00Z","NEON.LTR.UNDE058828.20161024","NEON.LTR.UNDE058828.20161024.FLR","NEON.DOC.001710vE","Flowers",0,"N",NA,"P9hftDyV5NLbHB2gcoQF666NEvwuiXGq"
"2a10d837-dbd1-4758-84e6-4c7a2981378b","UNDE_058.basePlot.ltr","D05","UNDE","UNDE_058","UNDE_058_828","2016-11-04","2016-10-10","2016-10-24","2016-11-01T15:00Z","2016-11-04T06:00Z","NEON.LTR.UNDE058828.20161024","NEON.LTR.UNDE058828.20161024.SDS","NEON.DOC.001710vE","Seeds",0.01,"N",NA,"P9hftDyV5NLbHB2gcoQF666NEvwuiXGq"
"50a8354c-5f70-42e4-9d94-0ee16ea7e3f3","UNDE_037.basePlot.ltr","D05","UNDE","UNDE_037","UNDE_037_713","2016-11-04","2016-10-10","2016-10-24","2016-11-01T15:00Z","2016-11-04T06:00Z","NEON.LTR.UNDE037713.20161024","NEON.LTR.UNDE037713.20161024.FLR","NEON.DOC.001710vE","Flowers",0,"N",NA,"P9hftDyV5NLbHB2gcoQF666NEvwuiXGq"
"887fe248-e88a-497b-a0f2-e96d29e3dc77","UNDE_037.basePlot.ltr","D05","UNDE","UNDE_037","UNDE_037_713","2016-11-04","2016-10-10","2016-10-24","2016-11-01T15:00Z","2016-11-04T06:00Z","NEON.LTR.UNDE037713.20161024","NEON.LTR.UNDE037713.20161024.TWI","NEON.DOC.001710vE","Twigs/branches",0.17,"N",NA,"P9hftDyV5NLbHB2gcoQF666NEvwuiXGq"
"57ae6f76-843d-4d26-8cd0-6e8d6f29a676","UNDE_037.basePlot.ltr","D05","UNDE","UNDE_037","UNDE_037_713","2016-11-04","2016-10-10","2016-10-24","2016-11-01T15:00Z","2016-11-04T06:00Z","NEON.LTR.UNDE037713.20161024","NEON.LTR.UNDE037713.20161024.NDL","NEON.DOC.001710vE","Needles",9.35,"N",NA,"P9hftDyV5NLbHB2gcoQF666NEvwuiXGq"
"85767ce6-0ec3-444d-9d3d-608a9140c553","UNDE_037.basePlot.ltr","D05","UNDE","UNDE_037","UNDE_037_713","2016-11-04","2016-10-10","2016-10-24","2016-11-01T15:00Z","2016-11-04T06:00Z","NEON.LTR.UNDE037713.20161024","NEON.LTR.UNDE037713.20161024.SDS","NEON.DOC.001710vE","Seeds",0.08,"N",NA,"P9hftDyV5NLbHB2gcoQF666NEvwuiXGq"
"1c7f7f72-7b85-4ce9-aae1-589fa7cb8f8a","UNDE_037.basePlot.ltr","D05","UNDE","UNDE_037","UNDE_037_713","2016-11-04","2016-10-10","2016-10-24","2016-11-01T15:00Z","2016-11-04T06:00Z","NEON.LTR.UNDE037713.20161024","NEON.LTR.UNDE037713.20161024.LVS","NEON.DOC.001710vE","Leaves",13.83,"N",NA,"P9hftDyV5NLbHB2gcoQF666NEvwuiXGq"
"48239655-d13f-4435-b9c5-dbcc5616e571","UNDE_037.basePlot.ltr","D05","UNDE","UNDE_037","UNDE_037_713","2016-11-04","2016-10-10","2016-10-24","2016-11-01T15:00Z","2016-11-04T06:00Z","NEON.LTR.UNDE037713.20161024","NEON.LTR.UNDE037713.20161024.LVS","NEON.DOC.001710vE","Leaves",13.79,"Y",NA,"P9hftDyV5NLbHB2gcoQF666NEvwuiXGq"
"a2acee12-cd01-4b6b-b3bb-fb0af4ade851","UNDE_037.basePlot.ltr","D05","UNDE","UNDE_037","UNDE_037_713","2016-11-04","2016-10-10","2016-10-24","2016-11-01T15:00Z","2016-11-04T06:00Z","NEON.LTR.UNDE037713.20161024","NEON.LTR.UNDE037713.20161024.WDY","NEON.DOC.001710vE","Woody material",0,"N",NA,"P9hftDyV5NLbHB2gcoQF666NEvwuiXGq"
"47d40603-d5a5-478f-ab23-c4d16f71e147","UNDE_037.basePlot.ltr","D05","UNDE","UNDE_037","UNDE_037_713","2016-11-04","2016-10-10","2016-10-24","2016-11-01T15:00Z","2016-11-04T06:00Z","NEON.LTR.UNDE037713.20161024","NEON.LTR.UNDE037713.20161024.OTH","NEON.DOC.001710vE","Other",0.34,"N",NA,"P9hftDyV5NLbHB2gcoQF666NEvwuiXGq"
"58172d65-f87b-4b0b-8f46-f7b9d70ddedd","UNDE_044.basePlot.ltr","D05","UNDE","UNDE_044","UNDE_044_085","2016-11-04","2016-10-10","2016-10-24","2016-11-01T15:00Z","2016-11-04T06:00Z","NEON.LTR.UNDE044085.20161024","NEON.LTR.UNDE044085.20161024.WDY","NEON.DOC.001710vE","Woody material",0,"N",NA,"P9hftDyV5NLbHB2gcoQF666NEvwuiXGq"
"47e715b6-fe20-49f5-85ab-e33326c50af5","UNDE_044.basePlot.ltr","D05","UNDE","UNDE_044","UNDE_044_085","2016-11-04","2016-10-10","2016-10-24","2016-11-01T15:00Z","2016-11-04T06:00Z","NEON.LTR.UNDE044085.20161024","NEON.LTR.UNDE044085.20161024.SDS","NEON.DOC.001710vE","Seeds",0.005,"N",NA,"P9hftDyV5NLbHB2gcoQF666NEvwuiXGq"
"63f9f33e-00e6-4227-b003-a88d0af7cbe9","UNDE_044.basePlot.ltr","D05","UNDE","UNDE_044","UNDE_044_085","2016-11-04","2016-10-10","2016-10-24","2016-11-01T15:00Z","2016-11-04T06:00Z","NEON.LTR.UNDE044085.20161024","NEON.LTR.UNDE044085.20161024.NDL","NEON.DOC.001710vE","Needles",2.44,"N",NA,"P9hftDyV5NLbHB2gcoQF666NEvwuiXGq"
"368b4cd5-2701-4886-8abd-54fa270c445a","UNDE_044.basePlot.ltr","D05","UNDE","UNDE_044","UNDE_044_085","2016-11-04","2016-10-10","2016-10-24","2016-11-01T15:00Z","2016-11-04T06:00Z","NEON.LTR.UNDE044085.20161024","NEON.LTR.UNDE044085.20161024.TWI","NEON.DOC.001710vE","Twigs/branches",1.35,"N",NA,"P9hftDyV5NLbHB2gcoQF666NEvwuiXGq"
"79811509-08c7-4d87-be68-3940ed8460ce","UNDE_044.basePlot.ltr","D05","UNDE","UNDE_044","UNDE_044_085","2016-11-04","2016-10-10","2016-10-24","2016-11-01T15:00Z","2016-11-04T06:00Z","NEON.LTR.UNDE044085.20161024","NEON.LTR.UNDE044085.20161024.LVS","NEON.DOC.001710vE","Leaves",58.3,"N",NA,"P9hftDyV5NLbHB2gcoQF666NEvwuiXGq"
"f3d1ea21-230c-4feb-8a6f-7b9cf26b1424","UNDE_044.basePlot.ltr","D05","UNDE","UNDE_044","UNDE_044_085","2016-11-04","2016-10-10","2016-10-24","2016-11-01T15:00Z","2016-11-04T06:00Z","NEON.LTR.UNDE044085.20161024","NEON.LTR.UNDE044085.20161024.FLR","NEON.DOC.001710vE","Flowers",0,"N",NA,"P9hftDyV5NLbHB2gcoQF666NEvwuiXGq"
"67d1b8d4-969b-4f68-ba71-fd4378b246ac","UNDE_044.basePlot.ltr","D05","UNDE","UNDE_044","UNDE_044_085","2016-11-04","2016-10-10","2016-10-24","2016-11-01T15:00Z","2016-11-04T06:00Z","NEON.LTR.UNDE044085.20161024","NEON.LTR.UNDE044085.20161024.OTH","NEON.DOC.001710vE","Other",1.2,"N",NA,"P9hftDyV5NLbHB2gcoQF666NEvwuiXGq"
"751ad1a7-1a3e-4015-8678-f1373855ebc1","UNDE_061.basePlot.ltr","D05","UNDE","UNDE_061","UNDE_061_300","2016-11-04","2016-10-10","2016-10-24","2016-11-01T15:00Z","2016-11-04T06:00Z","NEON.LTR.UNDE061300.20161024","NEON.LTR.UNDE061300.20161024.NDL","NEON.DOC.001710vE","Needles",0.18,"N",NA,"P9hftDyV5NLbHB2gcoQF666NEvwuiXGq"
"06887be0-d4e1-44d8-bfda-9cb2542fe7f9","UNDE_061.basePlot.ltr","D05","UNDE","UNDE_061","UNDE_061_300","2016-11-04","2016-10-10","2016-10-24","2016-11-01T15:00Z","2016-11-04T06:00Z","NEON.LTR.UNDE061300.20161024","NEON.LTR.UNDE061300.20161024.WDY","NEON.DOC.001710vE","Woody material",0.21,"Y",NA,"P9hftDyV5NLbHB2gcoQF666NEvwuiXGq"
"ce666423-e1cf-4996-a1ba-be1489d1bc51","UNDE_061.basePlot.ltr","D05","UNDE","UNDE_061","UNDE_061_300","2016-11-04","2016-10-10","2016-10-24","2016-11-01T15:00Z","2016-11-04T06:00Z","NEON.LTR.UNDE061300.20161024","NEON.LTR.UNDE061300.20161024.OTH","NEON.DOC.001710vE","Other",0.63,"N",NA,"P9hftDyV5NLbHB2gcoQF666NEvwuiXGq"
"0b8c13ad-a797-488d-b919-9ecc6b21659d","UNDE_061.basePlot.ltr","D05","UNDE","UNDE_061","UNDE_061_300","2016-11-04","2016-10-10","2016-10-24","2016-11-01T15:00Z","2016-11-04T06:00Z","NEON.LTR.UNDE061300.20161024","NEON.LTR.UNDE061300.20161024.SDS","NEON.DOC.001710vE","Seeds",0,"N",NA,"P9hftDyV5NLbHB2gcoQF666NEvwuiXGq"
"b7b06b40-ab7d-442b-b83e-3f1fe85fe209","UNDE_061.basePlot.ltr","D05","UNDE","UNDE_061","UNDE_061_300","2016-11-04","2016-10-10","2016-10-24","2016-11-01T15:00Z","2016-11-04T06:00Z","NEON.LTR.UNDE061300.20161024","NEON.LTR.UNDE061300.20161024.WDY","NEON.DOC.001710vE","Woody material",0.2,"N",NA,"P9hftDyV5NLbHB2gcoQF666NEvwuiXGq"
"a2d2d751-85e7-46d6-acaf-14993556272c","UNDE_061.basePlot.ltr","D05","UNDE","UNDE_061","UNDE_061_300","2016-11-04","2016-10-10","2016-10-24","2016-11-01T15:00Z","2016-11-04T06:00Z","NEON.LTR.UNDE061300.20161024","NEON.LTR.UNDE061300.20161024.LVS","NEON.DOC.001710vE","Leaves",84.47,"N",NA,"P9hftDyV5NLbHB2gcoQF666NEvwuiXGq"
"930deeb5-6dfc-4811-97b0-9176af675a9f","UNDE_061.basePlot.ltr","D05","UNDE","UNDE_061","UNDE_061_300","2016-11-04","2016-10-10","2016-10-24","2016-11-01T15:00Z","2016-11-04T06:00Z","NEON.LTR.UNDE061300.20161024","NEON.LTR.UNDE061300.20161024.TWI","NEON.DOC.001710vE","Twigs/branches",3.95,"N",NA,"P9hftDyV5NLbHB2gcoQF666NEvwuiXGq"
"01b7a6ba-9ba5-4b84-a64b-6ec9bea76950","UNDE_061.basePlot.ltr","D05","UNDE","UNDE_061","UNDE_061_300","2016-11-04","2016-10-10","2016-10-24","2016-11-01T15:00Z","2016-11-04T06:00Z","NEON.LTR.UNDE061300.20161024","NEON.LTR.UNDE061300.20161024.FLR","NEON.DOC.001710vE","Flowers",0,"N",NA,"P9hftDyV5NLbHB2gcoQF666NEvwuiXGq"
"00eb8cf3-7796-4431-83f9-48e6e88166ce","UNDE_061.basePlot.ltr","D05","UNDE","UNDE_061","UNDE_061_300","2016-11-04","2016-10-10","2016-10-24","2016-11-01T15:00Z","2016-11-04T06:00Z","NEON.LTR.UNDE061300.20161024","NEON.LTR.UNDE061300.20161024.LVS","NEON.DOC.001710vE","Leaves",84.57,"Y",NA,"P9hftDyV5NLbHB2gcoQF666NEvwuiXGq"
"bc199540-c89c-4caf-8e14-953b753b511e","UNDE_047.basePlot.ltr","D05","UNDE","UNDE_047","UNDE_047_030","2016-11-04","2016-10-10","2016-10-24","2016-11-01T15:00Z","2016-11-04T06:00Z","NEON.LTR.UNDE047030.20161024","NEON.LTR.UNDE047030.20161024.SDS","NEON.DOC.001710vE","Seeds",0,"N",NA,"P9hftDyV5NLbHB2gcoQF666NEvwuiXGq"
"58ea75ba-aecd-4ca4-8350-fb0df03def3a","UNDE_047.basePlot.ltr","D05","UNDE","UNDE_047","UNDE_047_030","2016-11-04","2016-10-10","2016-10-24","2016-11-01T15:00Z","2016-11-04T06:00Z","NEON.LTR.UNDE047030.20161024","NEON.LTR.UNDE047030.20161024.TWI","NEON.DOC.001710vE","Twigs/branches",0.17,"N",NA,"P9hftDyV5NLbHB2gcoQF666NEvwuiXGq"
"d2ecdf5b-cf19-444c-939c-268124315f2d","UNDE_047.basePlot.ltr","D05","UNDE","UNDE_047","UNDE_047_030","2016-11-04","2016-10-10","2016-10-24","2016-11-01T15:00Z","2016-11-04T06:00Z","NEON.LTR.UNDE047030.20161024","NEON.LTR.UNDE047030.20161024.FLR","NEON.DOC.001710vE","Flowers",0,"N",NA,"P9hftDyV5NLbHB2gcoQF666NEvwuiXGq"
"d85a2a84-8a01-4732-bb0b-ddd0850f5c00","UNDE_047.basePlot.ltr","D05","UNDE","UNDE_047","UNDE_047_030","2016-11-04","2016-10-10","2016-10-24","2016-11-01T15:00Z","2016-11-04T06:00Z","NEON.LTR.UNDE047030.20161024","NEON.LTR.UNDE047030.20161024.OTH","NEON.DOC.001710vE","Other",0.46,"N",NA,"P9hftDyV5NLbHB2gcoQF666NEvwuiXGq"
"8a538280-e008-4811-9209-4b077536cdd2","UNDE_047.basePlot.ltr","D05","UNDE","UNDE_047","UNDE_047_030","2016-11-04","2016-10-10","2016-10-24","2016-11-01T15:00Z","2016-11-04T06:00Z","NEON.LTR.UNDE047030.20161024","NEON.LTR.UNDE047030.20161024.LVS","NEON.DOC.001710vE","Leaves",22.57,"N",NA,"P9hftDyV5NLbHB2gcoQF666NEvwuiXGq"
"bd3f2352-6d7a-47f2-bc78-4b1bd1a33166","UNDE_047.basePlot.ltr","D05","UNDE","UNDE_047","UNDE_047_030","2016-11-04","2016-10-10","2016-10-24","2016-11-01T15:00Z","2016-11-04T06:00Z","NEON.LTR.UNDE047030.20161024","NEON.LTR.UNDE047030.20161024.NDL","NEON.DOC.001710vE","Needles",0.005,"N",NA,"P9hftDyV5NLbHB2gcoQF666NEvwuiXGq"
"9a530bc0-6f22-4064-884b-e091ea6e5895","UNDE_047.basePlot.ltr","D05","UNDE","UNDE_047","UNDE_047_030","2016-11-04","2016-10-10","2016-10-24","2016-11-01T15:00Z","2016-11-04T06:00Z","NEON.LTR.UNDE047030.20161024","NEON.LTR.UNDE047030.20161024.WDY","NEON.DOC.001710vE","Woody material",0.15,"N",NA,"P9hftDyV5NLbHB2gcoQF666NEvwuiXGq"
"40403336-9a1c-4d28-b41f-1362a710b225","UNDE_043.basePlot.ltr","D05","UNDE","UNDE_043","UNDE_043_661","2016-11-04","2016-10-10","2016-10-24","2016-11-01T15:00Z","2016-11-04T06:00Z","NEON.LTR.UNDE043661.20161024","NEON.LTR.UNDE043661.20161024.SDS","NEON.DOC.001710vE","Seeds",0,"N",NA,"P9hftDyV5NLbHB2gcoQF666NEvwuiXGq"
"c0605c15-fdf2-48ce-865d-8b0a956f5262","UNDE_043.basePlot.ltr","D05","UNDE","UNDE_043","UNDE_043_661","2016-11-04","2016-10-10","2016-10-24","2016-11-01T15:00Z","2016-11-04T06:00Z","NEON.LTR.UNDE043661.20161024","NEON.LTR.UNDE043661.20161024.WDY","NEON.DOC.001710vE","Woody material",0,"N",NA,"P9hftDyV5NLbHB2gcoQF666NEvwuiXGq"
"e16a8df9-6b5f-4b0f-8d15-c7e9bc075605","UNDE_043.basePlot.ltr","D05","UNDE","UNDE_043","UNDE_043_661","2016-11-04","2016-10-10","2016-10-24","2016-11-01T15:00Z","2016-11-04T06:00Z","NEON.LTR.UNDE043661.20161024","NEON.LTR.UNDE043661.20161024.NDL","NEON.DOC.001710vE","Needles",0.08,"N",NA,"P9hftDyV5NLbHB2gcoQF666NEvwuiXGq"
"4a34841b-d55d-408b-9869-9621f628d96e","UNDE_043.basePlot.ltr","D05","UNDE","UNDE_043","UNDE_043_661","2016-11-04","2016-10-10","2016-10-24","2016-11-01T15:00Z","2016-11-04T06:00Z","NEON.LTR.UNDE043661.20161024","NEON.LTR.UNDE043661.20161024.TWI","NEON.DOC.001710vE","Twigs/branches",9.24,"Y",NA,"P9hftDyV5NLbHB2gcoQF666NEvwuiXGq"
"568532b4-d519-40e8-b8db-304ec895eb72","UNDE_043.basePlot.ltr","D05","UNDE","UNDE_043","UNDE_043_661","2016-11-04","2016-10-10","2016-10-24","2016-11-01T15:00Z","2016-11-04T06:00Z","NEON.LTR.UNDE043661.20161024","NEON.LTR.UNDE043661.20161024.OTH","NEON.DOC.001710vE","Other",0.32,"N",NA,"P9hftDyV5NLbHB2gcoQF666NEvwuiXGq"
"e6b99dc5-5f27-4848-b934-97f40dda1f16","UNDE_043.basePlot.ltr","D05","UNDE","UNDE_043","UNDE_043_661","2016-11-04","2016-10-10","2016-10-24","2016-11-01T15:00Z","2016-11-04T06:00Z","NEON.LTR.UNDE043661.20161024","NEON.LTR.UNDE043661.20161024.FLR","NEON.DOC.001710vE","Flowers",0,"N",NA,"P9hftDyV5NLbHB2gcoQF666NEvwuiXGq"
"efdc898f-18c6-4634-88d1-73ad85dbb986","UNDE_043.basePlot.ltr","D05","UNDE","UNDE_043","UNDE_043_661","2016-11-04","2016-10-10","2016-10-24","2016-11-01T15:00Z","2016-11-04T06:00Z","NEON.LTR.UNDE043661.20161024","NEON.LTR.UNDE043661.20161024.LVS","NEON.DOC.001710vE","Leaves",79.73,"N",NA,"P9hftDyV5NLbHB2gcoQF666NEvwuiXGq"
"aa74d263-89eb-44fe-a0ac-0d65dfc11362","UNDE_043.basePlot.ltr","D05","UNDE","UNDE_043","UNDE_043_661","2016-11-04","2016-10-10","2016-10-24","2016-11-01T15:00Z","2016-11-04T06:00Z","NEON.LTR.UNDE043661.20161024","NEON.LTR.UNDE043661.20161024.TWI","NEON.DOC.001710vE","Twigs/branches",9.23,"N",NA,"P9hftDyV5NLbHB2gcoQF666NEvwuiXGq"
"fcaba56e-54eb-4731-b42a-bbec1a7e3c92","UNDE_078.basePlot.ltr","D05","UNDE","UNDE_078","UNDE_078_632","2016-11-04","2016-10-10","2016-10-24","2016-11-01T15:00Z","2016-11-04T06:00Z","NEON.LTR.UNDE078632.20161024","NEON.LTR.UNDE078632.20161024.NDL","NEON.DOC.001710vE","Needles",2.08,"N",NA,"P9hftDyV5NLbHB2gcoQF666NEvwuiXGq"
"997e81df-e703-4d04-b8cb-1fbee83849e5","UNDE_078.basePlot.ltr","D05","UNDE","UNDE_078","UNDE_078_632","2016-11-04","2016-10-10","2016-10-24","2016-11-01T15:00Z","2016-11-04T06:00Z","NEON.LTR.UNDE078632.20161024","NEON.LTR.UNDE078632.20161024.OTH","NEON.DOC.001710vE","Other",0.29,"N",NA,"P9hftDyV5NLbHB2gcoQF666NEvwuiXGq"
"961bb6fc-bf2d-478f-800f-ebffcf638784","UNDE_078.basePlot.ltr","D05","UNDE","UNDE_078","UNDE_078_632","2016-11-04","2016-10-10","2016-10-24","2016-11-01T15:00Z","2016-11-04T06:00Z","NEON.LTR.UNDE078632.20161024","NEON.LTR.UNDE078632.20161024.LVS","NEON.DOC.001710vE","Leaves",14.13,"N",NA,"P9hftDyV5NLbHB2gcoQF666NEvwuiXGq"
"7e4db4a5-a8bb-4f23-8ef7-ce86e4ca4137","UNDE_078.basePlot.ltr","D05","UNDE","UNDE_078","UNDE_078_632","2016-11-04","2016-10-10","2016-10-24","2016-11-01T15:00Z","2016-11-04T06:00Z","NEON.LTR.UNDE078632.20161024","NEON.LTR.UNDE078632.20161024.FLR","NEON.DOC.001710vE","Flowers",0,"N",NA,"P9hftDyV5NLbHB2gcoQF666NEvwuiXGq"
"0a5ee6f7-618e-4b9f-b11e-472554a59cd3","UNDE_078.basePlot.ltr","D05","UNDE","UNDE_078","UNDE_078_632","2016-11-04","2016-10-10","2016-10-24","2016-11-01T15:00Z","2016-11-04T06:00Z","NEON.LTR.UNDE078632.20161024","NEON.LTR.UNDE078632.20161024.WDY","NEON.DOC.001710vE","Woody material",0.05,"N",NA,"P9hftDyV5NLbHB2gcoQF666NEvwuiXGq"
"113fd0a9-a5d5-4a68-979c-2f0cd5b1b04a","UNDE_047.basePlot.ltr","D05","UNDE","UNDE_047","UNDE_047_673","2016-11-04","2016-10-10","2016-10-24","2016-11-01T15:00Z","2016-11-04T06:00Z","NEON.LTR.UNDE047673.20161024","NEON.LTR.UNDE047673.20161024.FLR","NEON.DOC.001710vE","Flowers",0.005,"N",NA,"P9hftDyV5NLbHB2gcoQF666NEvwuiXGq"
"8ad22669-a9bd-4c2d-9c2d-5431ed603120","UNDE_078.basePlot.ltr","D05","UNDE","UNDE_078","UNDE_078_045","2016-11-04","2016-10-10","2016-10-24","2016-11-01T15:00Z","2016-11-04T06:00Z","NEON.LTR.UNDE078045.20161024","NEON.LTR.UNDE078045.20161024.SDS","NEON.DOC.001710vE","Seeds",0.005,"N",NA,"P9hftDyV5NLbHB2gcoQF666NEvwuiXGq"
"a5ae9f38-d6f6-45e1-b528-6a204289bccd","UNDE_078.basePlot.ltr","D05","UNDE","UNDE_078","UNDE_078_045","2016-11-04","2016-10-10","2016-10-24","2016-11-01T15:00Z","2016-11-04T06:00Z","NEON.LTR.UNDE078045.20161024","NEON.LTR.UNDE078045.20161024.NDL","NEON.DOC.001710vE","Needles",0.11,"N",NA,"P9hftDyV5NLbHB2gcoQF666NEvwuiXGq"
"35a05c16-41ca-4e6d-852e-782cf0e7a3f9","UNDE_078.basePlot.ltr","D05","UNDE","UNDE_078","UNDE_078_045","2016-11-04","2016-10-10","2016-10-24","2016-11-01T15:00Z","2016-11-04T06:00Z","NEON.LTR.UNDE078045.20161024","NEON.LTR.UNDE078045.20161024.LVS","NEON.DOC.001710vE","Leaves",35.52,"N",NA,"P9hftDyV5NLbHB2gcoQF666NEvwuiXGq"
"743f6cdb-37ca-46a6-a438-7df361b1a131","UNDE_048.basePlot.ltr","D05","UNDE","UNDE_048","UNDE_048_672","2016-11-04","2016-10-10","2016-10-24","2016-11-01T15:00Z","2016-11-04T06:00Z","NEON.LTR.UNDE048672.20161024","NEON.LTR.UNDE048672.20161024.OTH","NEON.DOC.001710vE","Other",0.17,"Y",NA,"P9hftDyV5NLbHB2gcoQF666NEvwuiXGq"
"6b5d52aa-f7f5-4861-b3b8-21cad2e4671b","UNDE_048.basePlot.ltr","D05","UNDE","UNDE_048","UNDE_048_672","2016-11-04","2016-10-10","2016-10-24","2016-11-01T15:00Z","2016-11-04T06:00Z","NEON.LTR.UNDE048672.20161024","NEON.LTR.UNDE048672.20161024.SDS","NEON.DOC.001710vE","Seeds",0.005,"N",NA,"P9hftDyV5NLbHB2gcoQF666NEvwuiXGq"
"acb36161-9baf-4980-9d3d-12d9423556c0","UNDE_048.basePlot.ltr","D05","UNDE","UNDE_048","UNDE_048_672","2016-11-04","2016-10-10","2016-10-24","2016-11-01T15:00Z","2016-11-04T06:00Z","NEON.LTR.UNDE048672.20161024","NEON.LTR.UNDE048672.20161024.FLR","NEON.DOC.001710vE","Flowers",0,"N",NA,"P9hftDyV5NLbHB2gcoQF666NEvwuiXGq"
"9cab15c6-1ba8-4dc4-a1db-2e36c0410fe0","UNDE_048.basePlot.ltr","D05","UNDE","UNDE_048","UNDE_048_672","2016-11-04","2016-10-10","2016-10-24","2016-11-01T15:00Z","2016-11-04T06:00Z","NEON.LTR.UNDE048672.20161024","NEON.LTR.UNDE048672.20161024.WDY","NEON.DOC.001710vE","Woody material",0,"N",NA,"P9hftDyV5NLbHB2gcoQF666NEvwuiXGq"
"3c4f7d54-394e-4dd1-a51d-074c8fd649c4","UNDE_048.basePlot.ltr","D05","UNDE","UNDE_048","UNDE_048_672","2016-11-04","2016-10-10","2016-10-24","2016-11-01T15:00Z","2016-11-04T06:00Z","NEON.LTR.UNDE048672.20161024","NEON.LTR.UNDE048672.20161024.TWI","NEON.DOC.001710vE","Twigs/branches",0,"N",NA,"P9hftDyV5NLbHB2gcoQF666NEvwuiXGq"
"44629d4d-807c-491a-8188-9f11ce3a1591","UNDE_056.basePlot.ltr","D05","UNDE","UNDE_056","UNDE_056_360","2016-11-04","2016-10-10","2016-10-24","2016-11-01T15:00Z","2016-11-04T06:00Z","NEON.LTR.UNDE056360.20161024","NEON.LTR.UNDE056360.20161024.OTH","NEON.DOC.001710vE","Other",0.12,"N",NA,"P9hftDyV5NLbHB2gcoQF666NEvwuiXGq"
"bb54af0e-619b-476d-b390-4b1f13db271f","UNDE_048.basePlot.ltr","D05","UNDE","UNDE_048","UNDE_048_897","2016-11-04","2016-10-10","2016-10-24","2016-11-01T15:00Z","2016-11-04T06:00Z","NEON.LTR.UNDE048897.20161024","NEON.LTR.UNDE048897.20161024.WDY","NEON.DOC.001710vE","Woody material",0,"N",NA,"P9hftDyV5NLbHB2gcoQF666NEvwuiXGq"
"07133d52-5800-44b2-a639-da3410042c10","UNDE_048.basePlot.ltr","D05","UNDE","UNDE_048","UNDE_048_897","2016-11-04","2016-10-10","2016-10-24","2016-11-01T15:00Z","2016-11-04T06:00Z","NEON.LTR.UNDE048897.20161024","NEON.LTR.UNDE048897.20161024.FLR","NEON.DOC.001710vE","Flowers",0,"N",NA,"P9hftDyV5NLbHB2gcoQF666NEvwuiXGq"
"a60f204f-98cb-4a24-b024-6f63c09f7e1f","UNDE_048.basePlot.ltr","D05","UNDE","UNDE_048","UNDE_048_897","2016-11-04","2016-10-10","2016-10-24","2016-11-01T15:00Z","2016-11-04T06:00Z","NEON.LTR.UNDE048897.20161024","NEON.LTR.UNDE048897.20161024.SDS","NEON.DOC.001710vE","Seeds",0,"N",NA,"P9hftDyV5NLbHB2gcoQF666NEvwuiXGq"
"2b3a4998-1695-4e4d-8146-a12ce7d34ec9","UNDE_060.basePlot.ltr","D05","UNDE","UNDE_060","UNDE_060_010","2016-11-04","2016-10-10","2016-10-24","2016-11-01T15:00Z","2016-11-04T06:00Z","NEON.LTR.UNDE060010.20161024","NEON.LTR.UNDE060010.20161024.TWI","NEON.DOC.001710vE","Twigs/branches",0.005,"N",NA,"P9hftDyV5NLbHB2gcoQF666NEvwuiXGq"
"0166fece-cf15-4d14-89fa-2f62af189c1a","UNDE_060.basePlot.ltr","D05","UNDE","UNDE_060","UNDE_060_010","2016-11-04","2016-10-10","2016-10-24","2016-11-01T15:00Z","2016-11-04T06:00Z","NEON.LTR.UNDE060010.20161024","NEON.LTR.UNDE060010.20161024.LVS","NEON.DOC.001710vE","Leaves",14.04,"N",NA,"P9hftDyV5NLbHB2gcoQF666NEvwuiXGq"
"efc4ce95-128e-4e32-ba06-ab8d9a401deb","UNDE_060.basePlot.ltr","D05","UNDE","UNDE_060","UNDE_060_010","2016-11-04","2016-10-10","2016-10-24","2016-11-01T15:00Z","2016-11-04T06:00Z","NEON.LTR.UNDE060010.20161024","NEON.LTR.UNDE060010.20161024.WDY","NEON.DOC.001710vE","Woody material",0,"N",NA,"P9hftDyV5NLbHB2gcoQF666NEvwuiXGq"
"40897902-0a6f-4a73-bb7a-52063d21cee7","UNDE_060.basePlot.ltr","D05","UNDE","UNDE_060","UNDE_060_010","2016-11-04","2016-10-10","2016-10-24","2016-11-01T15:00Z","2016-11-04T06:00Z","NEON.LTR.UNDE060010.20161024","NEON.LTR.UNDE060010.20161024.SDS","NEON.DOC.001710vE","Seeds",0.005,"N",NA,"P9hftDyV5NLbHB2gcoQF666NEvwuiXGq"
"d1714fa1-c3a2-4094-9956-16f23ef5cc95","UNDE_054.basePlot.ltr","D05","UNDE","UNDE_054","UNDE_054_036","2016-11-04","2016-10-10","2016-10-24","2016-11-01T15:00Z","2016-11-04T06:00Z","NEON.LTR.UNDE054036.20161024","NEON.LTR.UNDE054036.20161024.OTH","NEON.DOC.001710vE","Other",0.51,"N",NA,"P9hftDyV5NLbHB2gcoQF666NEvwuiXGq"
"45954efa-aa8b-4305-9a8d-d8be3e464b6c","UNDE_054.basePlot.ltr","D05","UNDE","UNDE_054","UNDE_054_036","2016-11-04","2016-10-10","2016-10-24","2016-11-01T15:00Z","2016-11-04T06:00Z","NEON.LTR.UNDE054036.20161024","NEON.LTR.UNDE054036.20161024.SDS","NEON.DOC.001710vE","Seeds",0.57,"N",NA,"P9hftDyV5NLbHB2gcoQF666NEvwuiXGq"
"abdb7ee7-0f26-424f-823a-8c99e78c3267","UNDE_054.basePlot.ltr","D05","UNDE","UNDE_054","UNDE_054_036","2016-11-04","2016-10-10","2016-10-24","2016-11-01T15:00Z","2016-11-04T06:00Z","NEON.LTR.UNDE054036.20161024","NEON.LTR.UNDE054036.20161024.TWI","NEON.DOC.001710vE","Twigs/branches",0.07,"N",NA,"P9hftDyV5NLbHB2gcoQF666NEvwuiXGq"
"df6122b1-a308-4327-ae15-5715fbe19f6f","UNDE_054.basePlot.ltr","D05","UNDE","UNDE_054","UNDE_054_036","2016-11-04","2016-10-10","2016-10-24","2016-11-01T15:00Z","2016-11-04T06:00Z","NEON.LTR.UNDE054036.20161024","NEON.LTR.UNDE054036.20161024.NDL","NEON.DOC.001710vE","Needles",0.005,"N",NA,"P9hftDyV5NLbHB2gcoQF666NEvwuiXGq"
"897a1625-4e9f-445b-8b32-904beb4b7976","UNDE_054.basePlot.ltr","D05","UNDE","UNDE_054","UNDE_054_036","2016-11-04","2016-10-10","2016-10-24","2016-11-01T15:00Z","2016-11-04T06:00Z","NEON.LTR.UNDE054036.20161024","NEON.LTR.UNDE054036.20161024.LVS","NEON.DOC.001710vE","Leaves",37.11,"N",NA,"P9hftDyV5NLbHB2gcoQF666NEvwuiXGq"
"240df156-12ac-4781-a65d-c210cde00d4a","UNDE_055.basePlot.ltr","D05","UNDE","UNDE_055","UNDE_055_676","2016-11-04","2016-10-10","2016-10-24","2016-11-01T15:00Z","2016-11-04T06:00Z","NEON.LTR.UNDE055676.20161024","NEON.LTR.UNDE055676.20161024.LVS","NEON.DOC.001710vE","Leaves",69.73,"N",NA,"P9hftDyV5NLbHB2gcoQF666NEvwuiXGq"
"28e91e41-08c9-4a4d-a29f-3b2bfa1ecbc2","UNDE_055.basePlot.ltr","D05","UNDE","UNDE_055","UNDE_055_676","2016-11-04","2016-10-10","2016-10-24","2016-11-01T15:00Z","2016-11-04T06:00Z","NEON.LTR.UNDE055676.20161024","NEON.LTR.UNDE055676.20161024.OTH","NEON.DOC.001710vE","Other",0.14,"N",NA,"P9hftDyV5NLbHB2gcoQF666NEvwuiXGq"
"8a465669-c83f-44d9-8bb5-5a17f2b2a262","UNDE_055.basePlot.ltr","D05","UNDE","UNDE_055","UNDE_055_676","2016-11-04","2016-10-10","2016-10-24","2016-11-01T15:00Z","2016-11-04T06:00Z","NEON.LTR.UNDE055676.20161024","NEON.LTR.UNDE055676.20161024.NDL","NEON.DOC.001710vE","Needles",6.37,"Y",NA,"P9hftDyV5NLbHB2gcoQF666NEvwuiXGq"
"de62b13f-aa03-4436-8a27-0db5c62a5a80","UNDE_055.basePlot.ltr","D05","UNDE","UNDE_055","UNDE_055_676","2016-11-04","2016-10-10","2016-10-24","2016-11-01T15:00Z","2016-11-04T06:00Z","NEON.LTR.UNDE055676.20161024","NEON.LTR.UNDE055676.20161024.WDY","NEON.DOC.001710vE","Woody material",0.06,"N",NA,"P9hftDyV5NLbHB2gcoQF666NEvwuiXGq"
"7363f262-ee4e-4a2d-8412-1bc4681f9a39","UNDE_055.basePlot.ltr","D05","UNDE","UNDE_055","UNDE_055_676","2016-11-04","2016-10-10","2016-10-24","2016-11-01T15:00Z","2016-11-04T06:00Z","NEON.LTR.UNDE055676.20161024","NEON.LTR.UNDE055676.20161024.SDS","NEON.DOC.001710vE","Seeds",0,"N",NA,"P9hftDyV5NLbHB2gcoQF666NEvwuiXGq"
"866a23b5-8592-43b8-ab02-4617d98bace6","UNDE_055.basePlot.ltr","D05","UNDE","UNDE_055","UNDE_055_676","2016-11-04","2016-10-10","2016-10-24","2016-11-01T15:00Z","2016-11-04T06:00Z","NEON.LTR.UNDE055676.20161024","NEON.LTR.UNDE055676.20161024.NDL","NEON.DOC.001710vE","Needles",6.36,"N",NA,"P9hftDyV5NLbHB2gcoQF666NEvwuiXGq"
"2b9262b3-863d-475a-819f-ad6d4b7586b6","UNDE_055.basePlot.ltr","D05","UNDE","UNDE_055","UNDE_055_676","2016-11-04","2016-10-10","2016-10-24","2016-11-01T15:00Z","2016-11-04T06:00Z","NEON.LTR.UNDE055676.20161024","NEON.LTR.UNDE055676.20161024.TWI","NEON.DOC.001710vE","Twigs/branches",3.77,"N",NA,"P9hftDyV5NLbHB2gcoQF666NEvwuiXGq"
"ac5333ec-c652-4773-96ea-720065574bbc","UNDE_055.basePlot.ltr","D05","UNDE","UNDE_055","UNDE_055_676","2016-11-04","2016-10-10","2016-10-24","2016-11-01T15:00Z","2016-11-04T06:00Z","NEON.LTR.UNDE055676.20161024","NEON.LTR.UNDE055676.20161024.FLR","NEON.DOC.001710vE","Flowers",0.005,"N",NA,"P9hftDyV5NLbHB2gcoQF666NEvwuiXGq"
"ad5674f6-67d9-430c-9dc8-c7c42927dc00","UNDE_059.basePlot.ltr","D05","UNDE","UNDE_059","UNDE_059_631","2016-11-04","2016-10-10","2016-10-24","2016-11-01T15:00Z","2016-11-04T06:00Z","NEON.LTR.UNDE059631.20161024","NEON.LTR.UNDE059631.20161024.NDL","NEON.DOC.001710vE","Needles",5.86,"N",NA,"P9hftDyV5NLbHB2gcoQF666NEvwuiXGq"
"4826a4ab-6d8d-45c6-b528-c129246ff5db","UNDE_059.basePlot.ltr","D05","UNDE","UNDE_059","UNDE_059_631","2016-11-04","2016-10-10","2016-10-24","2016-11-01T15:00Z","2016-11-04T06:00Z","NEON.LTR.UNDE059631.20161024","NEON.LTR.UNDE059631.20161024.WDY","NEON.DOC.001710vE","Woody material",0.05,"N",NA,"P9hftDyV5NLbHB2gcoQF666NEvwuiXGq"
"baf288f5-f971-4696-8c47-5bd46ddb9ba1","UNDE_059.basePlot.ltr","D05","UNDE","UNDE_059","UNDE_059_631","2016-11-04","2016-10-10","2016-10-24","2016-11-01T15:00Z","2016-11-04T06:00Z","NEON.LTR.UNDE059631.20161024","NEON.LTR.UNDE059631.20161024.FLR","NEON.DOC.001710vE","Flowers",0,"N",NA,"P9hftDyV5NLbHB2gcoQF666NEvwuiXGq"
"71cd0a2f-abf9-44a3-a501-694e861d1ff7","UNDE_059.basePlot.ltr","D05","UNDE","UNDE_059","UNDE_059_631","2016-11-04","2016-10-10","2016-10-24","2016-11-01T15:00Z","2016-11-04T06:00Z","NEON.LTR.UNDE059631.20161024","NEON.LTR.UNDE059631.20161024.OTH","NEON.DOC.001710vE","Other",0.22,"N",NA,"P9hftDyV5NLbHB2gcoQF666NEvwuiXGq"
"c29ad44e-df1f-44fd-8a53-7a7ac310e463","UNDE_059.basePlot.ltr","D05","UNDE","UNDE_059","UNDE_059_631","2016-11-04","2016-10-10","2016-10-24","2016-11-01T15:00Z","2016-11-04T06:00Z","NEON.LTR.UNDE059631.20161024","NEON.LTR.UNDE059631.20161024.LVS","NEON.DOC.001710vE","Leaves",12.01,"N",NA,"P9hftDyV5NLbHB2gcoQF666NEvwuiXGq"
"6436e352-f758-4e25-bb16-b8ac1ac78bda","UNDE_059.basePlot.ltr","D05","UNDE","UNDE_059","UNDE_059_631","2016-11-04","2016-10-10","2016-10-24","2016-11-01T15:00Z","2016-11-04T06:00Z","NEON.LTR.UNDE059631.20161024","NEON.LTR.UNDE059631.20161024.NDL","NEON.DOC.001710vE","Needles",5.86,"Y",NA,"P9hftDyV5NLbHB2gcoQF666NEvwuiXGq"
"93a3632f-c8c6-4090-b3cc-ee18e92faa57","UNDE_060.basePlot.ltr","D05","UNDE","UNDE_060","UNDE_060_010","2016-11-04","2016-10-10","2016-10-24","2016-11-01T15:00Z","2016-11-04T06:00Z","NEON.LTR.UNDE060010.20161024","NEON.LTR.UNDE060010.20161024.FLR","NEON.DOC.001710vE","Flowers",0.07,"N",NA,"P9hftDyV5NLbHB2gcoQF666NEvwuiXGq"
"0ad1cc06-cdc2-4dc7-a345-b4a4c0a4a308","UNDE_060.basePlot.ltr","D05","UNDE","UNDE_060","UNDE_060_010","2016-11-04","2016-10-10","2016-10-24","2016-11-01T15:00Z","2016-11-04T06:00Z","NEON.LTR.UNDE060010.20161024","NEON.LTR.UNDE060010.20161024.OTH","NEON.DOC.001710vE","Other",0.005,"N",NA,"P9hftDyV5NLbHB2gcoQF666NEvwuiXGq"
"04023cf7-3d4c-4c76-b407-1616c700c0aa","UNDE_060.basePlot.ltr","D05","UNDE","UNDE_060","UNDE_060_010","2016-11-04","2016-10-10","2016-10-24","2016-11-01T15:00Z","2016-11-04T06:00Z","NEON.LTR.UNDE060010.20161024","NEON.LTR.UNDE060010.20161024.NDL","NEON.DOC.001710vE","Needles",1.83,"N",NA,"P9hftDyV5NLbHB2gcoQF666NEvwuiXGq"
"cfecea8f-6c88-41ed-a69f-a2cf90a88db8","UNDE_048.basePlot.ltr","D05","UNDE","UNDE_048","UNDE_048_897","2016-11-04","2016-10-10","2016-10-24","2016-11-01T15:00Z","2016-11-04T06:00Z","NEON.LTR.UNDE048897.20161024","NEON.LTR.UNDE048897.20161024.NDL","NEON.DOC.001710vE","Needles",0.71,"N",NA,"P9hftDyV5NLbHB2gcoQF666NEvwuiXGq"
"e1c042a5-f6b0-4e0a-9591-50833ad6a9bb","UNDE_048.basePlot.ltr","D05","UNDE","UNDE_048","UNDE_048_897","2016-11-04","2016-10-10","2016-10-24","2016-11-01T15:00Z","2016-11-04T06:00Z","NEON.LTR.UNDE048897.20161024","NEON.LTR.UNDE048897.20161024.LVS","NEON.DOC.001710vE","Leaves",15.14,"Y",NA,"P9hftDyV5NLbHB2gcoQF666NEvwuiXGq"
"cd2dd228-f222-4921-a874-c5ad6468daa5","UNDE_048.basePlot.ltr","D05","UNDE","UNDE_048","UNDE_048_897","2016-11-04","2016-10-10","2016-10-24","2016-11-01T15:00Z","2016-11-04T06:00Z","NEON.LTR.UNDE048897.20161024","NEON.LTR.UNDE048897.20161024.OTH","NEON.DOC.001710vE","Other",0.09,"N",NA,"P9hftDyV5NLbHB2gcoQF666NEvwuiXGq"
"5f276713-5211-4925-98dd-f8edaf9d4cef","UNDE_048.basePlot.ltr","D05","UNDE","UNDE_048","UNDE_048_897","2016-11-04","2016-10-10","2016-10-24","2016-11-01T15:00Z","2016-11-04T06:00Z","NEON.LTR.UNDE048897.20161024","NEON.LTR.UNDE048897.20161024.TWI","NEON.DOC.001710vE","Twigs/branches",0.1,"N",NA,"P9hftDyV5NLbHB2gcoQF666NEvwuiXGq"
"db00fa69-3bb8-4a36-b280-71e8b44a1add","UNDE_048.basePlot.ltr","D05","UNDE","UNDE_048","UNDE_048_897","2016-11-04","2016-10-10","2016-10-24","2016-11-01T15:00Z","2016-11-04T06:00Z","NEON.LTR.UNDE048897.20161024","NEON.LTR.UNDE048897.20161024.LVS","NEON.DOC.001710vE","Leaves",15.16,"N",NA,"P9hftDyV5NLbHB2gcoQF666NEvwuiXGq"
"4c9e7647-d757-4aa7-959a-71cba17b5276","UNDE_052.basePlot.ltr","D05","UNDE","UNDE_052","UNDE_052_584","2016-11-04","2016-10-10","2016-10-24","2016-11-01T15:00Z","2016-11-04T06:00Z","NEON.LTR.UNDE052584.20161024","NEON.LTR.UNDE052584.20161024.LVS","NEON.DOC.001710vE","Leaves",40.91,"N",NA,"P9hftDyV5NLbHB2gcoQF666NEvwuiXGq"
"c4f83c34-2e7b-4701-864e-62775b69cad3","UNDE_052.basePlot.ltr","D05","UNDE","UNDE_052","UNDE_052_584","2016-11-04","2016-10-10","2016-10-24","2016-11-01T15:00Z","2016-11-04T06:00Z","NEON.LTR.UNDE052584.20161024","NEON.LTR.UNDE052584.20161024.OTH","NEON.DOC.001710vE","Other",0.22,"N",NA,"P9hftDyV5NLbHB2gcoQF666NEvwuiXGq"
"2f868566-dc54-4a72-99c3-6a1e2a29c180","UNDE_052.basePlot.ltr","D05","UNDE","UNDE_052","UNDE_052_584","2016-11-04","2016-10-10","2016-10-24","2016-11-01T15:00Z","2016-11-04T06:00Z","NEON.LTR.UNDE052584.20161024","NEON.LTR.UNDE052584.20161024.WDY","NEON.DOC.001710vE","Woody material",0,"N",NA,"P9hftDyV5NLbHB2gcoQF666NEvwuiXGq"
"9cc08328-fa23-41f9-a410-327a6fa5510b","UNDE_052.basePlot.ltr","D05","UNDE","UNDE_052","UNDE_052_584","2016-11-04","2016-10-10","2016-10-24","2016-11-01T15:00Z","2016-11-04T06:00Z","NEON.LTR.UNDE052584.20161024","NEON.LTR.UNDE052584.20161024.FLR","NEON.DOC.001710vE","Flowers",0,"N",NA,"P9hftDyV5NLbHB2gcoQF666NEvwuiXGq"
"0190b7b4-f18c-40f9-9923-682bc02663fc","UNDE_052.basePlot.ltr","D05","UNDE","UNDE_052","UNDE_052_584","2016-11-04","2016-10-10","2016-10-24","2016-11-01T15:00Z","2016-11-04T06:00Z","NEON.LTR.UNDE052584.20161024","NEON.LTR.UNDE052584.20161024.SDS","NEON.DOC.001710vE","Seeds",0,"N",NA,"P9hftDyV5NLbHB2gcoQF666NEvwuiXGq"
"a3bdf004-cb7d-43f7-ac72-e620b491f2a7","UNDE_052.basePlot.ltr","D05","UNDE","UNDE_052","UNDE_052_584","2016-11-04","2016-10-10","2016-10-24","2016-11-01T15:00Z","2016-11-04T06:00Z","NEON.LTR.UNDE052584.20161024","NEON.LTR.UNDE052584.20161024.TWI","NEON.DOC.001710vE","Twigs/branches",0.59,"N",NA,"P9hftDyV5NLbHB2gcoQF666NEvwuiXGq"
"a4846d7b-c32e-44be-8e3c-8da7a398d2d6","UNDE_052.basePlot.ltr","D05","UNDE","UNDE_052","UNDE_052_584","2016-11-04","2016-10-10","2016-10-24","2016-11-01T15:00Z","2016-11-04T06:00Z","NEON.LTR.UNDE052584.20161024","NEON.LTR.UNDE052584.20161024.NDL","NEON.DOC.001710vE","Needles",0.21,"N",NA,"P9hftDyV5NLbHB2gcoQF666NEvwuiXGq"
"e4ac5203-0c0f-4c9d-909b-0912d09536d5","UNDE_052.basePlot.ltr","D05","UNDE","UNDE_052","UNDE_052_584","2016-11-04","2016-10-10","2016-10-24","2016-11-01T15:00Z","2016-11-04T06:00Z","NEON.LTR.UNDE052584.20161024","NEON.LTR.UNDE052584.20161024.OTH","NEON.DOC.001710vE","Other",0.22,"Y",NA,"P9hftDyV5NLbHB2gcoQF666NEvwuiXGq"
"921b5678-24e4-4857-8794-88aed9a601e4","UNDE_065.basePlot.ltr","D05","UNDE","UNDE_065","UNDE_065_363","2016-11-04","2016-10-10","2016-10-24","2016-11-01T15:00Z","2016-11-04T06:00Z","NEON.LTR.UNDE065363.20161024","NEON.LTR.UNDE065363.20161024.TWI","NEON.DOC.001710vE","Twigs/branches",3.47,"N",NA,"P9hftDyV5NLbHB2gcoQF666NEvwuiXGq"
"f331a461-9482-45e6-b60c-602437882c94","UNDE_065.basePlot.ltr","D05","UNDE","UNDE_065","UNDE_065_363","2016-11-04","2016-10-10","2016-10-24","2016-11-01T15:00Z","2016-11-04T06:00Z","NEON.LTR.UNDE065363.20161024","NEON.LTR.UNDE065363.20161024.SDS","NEON.DOC.001710vE","Seeds",0.005,"N",NA,"P9hftDyV5NLbHB2gcoQF666NEvwuiXGq"
"2f4b3b2a-5eba-4ba9-b95a-a1ac03e32e44","UNDE_057.basePlot.ltr","D05","UNDE","UNDE_057","UNDE_057_413","2016-11-04","2016-10-10","2016-10-24","2016-11-01T15:00Z","2016-11-04T06:00Z","NEON.LTR.UNDE057413.20161024","NEON.LTR.UNDE057413.20161024.NDL","NEON.DOC.001710vE","Needles",11.6,"N",NA,"P9hftDyV5NLbHB2gcoQF666NEvwuiXGq"
"5f95b036-2a3a-4912-8e02-b4cb11137140","UNDE_050.basePlot.ltr","D05","UNDE","UNDE_050","UNDE_050_673","2016-11-04","2016-10-10","2016-10-24","2016-11-01T15:00Z","2016-11-04T06:00Z","NEON.LTR.UNDE050673.20161024","NEON.LTR.UNDE050673.20161024.FLR","NEON.DOC.001710vE","Flowers",0,"N",NA,"P9hftDyV5NLbHB2gcoQF666NEvwuiXGq"
"667dc39e-f7fe-4d1e-b554-465f4fa2d7ae","UNDE_050.basePlot.ltr","D05","UNDE","UNDE_050","UNDE_050_673","2016-11-04","2016-10-10","2016-10-24","2016-11-01T15:00Z","2016-11-04T06:00Z","NEON.LTR.UNDE050673.20161024","NEON.LTR.UNDE050673.20161024.TWI","NEON.DOC.001710vE","Twigs/branches",1.95,"N",NA,"P9hftDyV5NLbHB2gcoQF666NEvwuiXGq"
"254e3dc6-883d-4e60-b930-9733cf191627","UNDE_050.basePlot.ltr","D05","UNDE","UNDE_050","UNDE_050_673","2016-11-04","2016-10-10","2016-10-24","2016-11-01T15:00Z","2016-11-04T06:00Z","NEON.LTR.UNDE050673.20161024","NEON.LTR.UNDE050673.20161024.SDS","NEON.DOC.001710vE","Seeds",0,"N",NA,"P9hftDyV5NLbHB2gcoQF666NEvwuiXGq"
"037997ff-7bf3-4140-a4cf-245e99ccba00","UNDE_050.basePlot.ltr","D05","UNDE","UNDE_050","UNDE_050_673","2016-11-04","2016-10-10","2016-10-24","2016-11-01T15:00Z","2016-11-04T06:00Z","NEON.LTR.UNDE050673.20161024","NEON.LTR.UNDE050673.20161024.WDY","NEON.DOC.001710vE","Woody material",0.1,"N",NA,"P9hftDyV5NLbHB2gcoQF666NEvwuiXGq"
"d2868198-541b-4d05-82b8-545ec9baa6d7","UNDE_038.basePlot.ltr","D05","UNDE","UNDE_038","UNDE_038_919","2016-11-04","2016-10-10","2016-10-24","2016-11-01T15:00Z","2016-11-04T06:00Z","NEON.LTR.UNDE038919.20161024","NEON.LTR.UNDE038919.20161024.OTH","NEON.DOC.001710vE","Other",0.15,"N",NA,"P9hftDyV5NLbHB2gcoQF666NEvwuiXGq"
"debe6384-72e4-453e-aaf5-9c41488e4d06","UNDE_038.basePlot.ltr","D05","UNDE","UNDE_038","UNDE_038_919","2016-11-04","2016-10-10","2016-10-24","2016-11-01T15:00Z","2016-11-04T06:00Z","NEON.LTR.UNDE038919.20161024","NEON.LTR.UNDE038919.20161024.TWI","NEON.DOC.001710vE","Twigs/branches",3.28,"N",NA,"P9hftDyV5NLbHB2gcoQF666NEvwuiXGq"
"306deb79-dda6-4bf4-8e17-c08a19e51514","UNDE_038.basePlot.ltr","D05","UNDE","UNDE_038","UNDE_038_919","2016-11-04","2016-10-10","2016-10-24","2016-11-01T15:00Z","2016-11-04T06:00Z","NEON.LTR.UNDE038919.20161024","NEON.LTR.UNDE038919.20161024.FLR","NEON.DOC.001710vE","Flowers",0,"N",NA,"P9hftDyV5NLbHB2gcoQF666NEvwuiXGq"
"61c62404-e33b-483c-9e96-f0958c8f4cda","UNDE_038.basePlot.ltr","D05","UNDE","UNDE_038","UNDE_038_919","2016-11-04","2016-10-10","2016-10-24","2016-11-01T15:00Z","2016-11-04T06:00Z","NEON.LTR.UNDE038919.20161024","NEON.LTR.UNDE038919.20161024.LVS","NEON.DOC.001710vE","Leaves",58.95,"N",NA,"P9hftDyV5NLbHB2gcoQF666NEvwuiXGq"
"040e8359-a720-4c76-baa9-bdeea018cefb","UNDE_038.basePlot.ltr","D05","UNDE","UNDE_038","UNDE_038_919","2016-11-04","2016-10-10","2016-10-24","2016-11-01T15:00Z","2016-11-04T06:00Z","NEON.LTR.UNDE038919.20161024","NEON.LTR.UNDE038919.20161024.NDL","NEON.DOC.001710vE","Needles",1.54,"N",NA,"P9hftDyV5NLbHB2gcoQF666NEvwuiXGq"
"56639e11-254e-4a17-9118-a785e8bc8d3a","UNDE_054.basePlot.ltr","D05","UNDE","UNDE_054","UNDE_054_036","2016-11-04","2016-10-10","2016-10-24","2016-11-01T15:00Z","2016-11-04T06:00Z","NEON.LTR.UNDE054036.20161024","NEON.LTR.UNDE054036.20161024.FLR","NEON.DOC.001710vE","Flowers",0,"N",NA,"P9hftDyV5NLbHB2gcoQF666NEvwuiXGq"
"2d4e9779-579f-4366-a439-56d0befe8d2e","UNDE_058.basePlot.ltr","D05","UNDE","UNDE_058","UNDE_058_300","2016-11-04","2016-10-10","2016-10-24","2016-11-01T15:00Z","2016-11-04T06:00Z","NEON.LTR.UNDE058300.20161024","NEON.LTR.UNDE058300.20161024.WDY","NEON.DOC.001710vE","Woody material",0.005,"N",NA,"P9hftDyV5NLbHB2gcoQF666NEvwuiXGq"
"dac0cc2c-69c4-4f85-aa67-8f6e9d49882e","UNDE_058.basePlot.ltr","D05","UNDE","UNDE_058","UNDE_058_300","2016-11-04","2016-10-10","2016-10-24","2016-11-01T15:00Z","2016-11-04T06:00Z","NEON.LTR.UNDE058300.20161024","NEON.LTR.UNDE058300.20161024.OTH","NEON.DOC.001710vE","Other",0.73,"Y",NA,"P9hftDyV5NLbHB2gcoQF666NEvwuiXGq"
"e2d42e62-0eb7-4f19-8a4a-84e4becd993f","UNDE_058.basePlot.ltr","D05","UNDE","UNDE_058","UNDE_058_300","2016-11-04","2016-10-10","2016-10-24","2016-11-01T15:00Z","2016-11-04T06:00Z","NEON.LTR.UNDE058300.20161024","NEON.LTR.UNDE058300.20161024.SDS","NEON.DOC.001710vE","Seeds",0.005,"N",NA,"P9hftDyV5NLbHB2gcoQF666NEvwuiXGq"
"7d3306a6-b515-438a-957a-9a160cabd40a","UNDE_058.basePlot.ltr","D05","UNDE","UNDE_058","UNDE_058_300","2016-11-04","2016-10-10","2016-10-24","2016-11-01T15:00Z","2016-11-04T06:00Z","NEON.LTR.UNDE058300.20161024","NEON.LTR.UNDE058300.20161024.NDL","NEON.DOC.001710vE","Needles",0.005,"N",NA,"P9hftDyV5NLbHB2gcoQF666NEvwuiXGq"
"66baf320-bd8b-4fcd-9948-e4d643579493","UNDE_058.basePlot.ltr","D05","UNDE","UNDE_058","UNDE_058_300","2016-11-04","2016-10-10","2016-10-24","2016-11-01T15:00Z","2016-11-04T06:00Z","NEON.LTR.UNDE058300.20161024","NEON.LTR.UNDE058300.20161024.LVS","NEON.DOC.001710vE","Leaves",41.35,"N",NA,"P9hftDyV5NLbHB2gcoQF666NEvwuiXGq"
"6ee9918a-a34f-4803-87e8-dfe03fcc7c62","UNDE_058.basePlot.ltr","D05","UNDE","UNDE_058","UNDE_058_300","2016-11-04","2016-10-10","2016-10-24","2016-11-01T15:00Z","2016-11-04T06:00Z","NEON.LTR.UNDE058300.20161024","NEON.LTR.UNDE058300.20161024.FLR","NEON.DOC.001710vE","Flowers",0,"N",NA,"P9hftDyV5NLbHB2gcoQF666NEvwuiXGq"
"e5b922a7-8b07-4783-b141-4a7490a14b6b","UNDE_058.basePlot.ltr","D05","UNDE","UNDE_058","UNDE_058_300","2016-11-04","2016-10-10","2016-10-24","2016-11-01T15:00Z","2016-11-04T06:00Z","NEON.LTR.UNDE058300.20161024","NEON.LTR.UNDE058300.20161024.OTH","NEON.DOC.001710vE","Other",0.74,"N",NA,"P9hftDyV5NLbHB2gcoQF666NEvwuiXGq"
"36c441b2-68d0-4b36-9e74-c758eef3fbc3","UNDE_058.basePlot.ltr","D05","UNDE","UNDE_058","UNDE_058_300","2016-11-04","2016-10-10","2016-10-24","2016-11-01T15:00Z","2016-11-04T06:00Z","NEON.LTR.UNDE058300.20161024","NEON.LTR.UNDE058300.20161024.TWI","NEON.DOC.001710vE","Twigs/branches",0.81,"N",NA,"P9hftDyV5NLbHB2gcoQF666NEvwuiXGq"
"ec1b6a88-9f6d-4ab2-b1df-468d68c3cfdc","UNDE_057.basePlot.ltr","D05","UNDE","UNDE_057","UNDE_057_413","2016-11-04","2016-10-10","2016-10-24","2016-11-01T15:00Z","2016-11-04T06:00Z","NEON.LTR.UNDE057413.20161024","NEON.LTR.UNDE057413.20161024.TWI","NEON.DOC.001710vE","Twigs/branches",0.28,"N",NA,"P9hftDyV5NLbHB2gcoQF666NEvwuiXGq"
"49e49a11-15fb-4b45-bb32-6203266fbd7f","UNDE_057.basePlot.ltr","D05","UNDE","UNDE_057","UNDE_057_413","2016-11-04","2016-10-10","2016-10-24","2016-11-01T15:00Z","2016-11-04T06:00Z","NEON.LTR.UNDE057413.20161024","NEON.LTR.UNDE057413.20161024.LVS","NEON.DOC.001710vE","Leaves",2.4,"N",NA,"P9hftDyV5NLbHB2gcoQF666NEvwuiXGq"
"269da798-eb6b-4d23-b417-1ac8c1842cb4","UNDE_057.basePlot.ltr","D05","UNDE","UNDE_057","UNDE_057_413","2016-11-04","2016-10-10","2016-10-24","2016-11-01T15:00Z","2016-11-04T06:00Z","NEON.LTR.UNDE057413.20161024","NEON.LTR.UNDE057413.20161024.OTH","NEON.DOC.001710vE","Other",0.15,"N",NA,"P9hftDyV5NLbHB2gcoQF666NEvwuiXGq"
"385b5ab5-801b-4ee8-b173-80efa320ac3a","UNDE_057.basePlot.ltr","D05","UNDE","UNDE_057","UNDE_057_413","2016-11-04","2016-10-10","2016-10-24","2016-11-01T15:00Z","2016-11-04T06:00Z","NEON.LTR.UNDE057413.20161024","NEON.LTR.UNDE057413.20161024.FLR","NEON.DOC.001710vE","Flowers",0,"N",NA,"P9hftDyV5NLbHB2gcoQF666NEvwuiXGq"
"f73de772-26de-4436-9f61-d6b4504cc285","UNDE_057.basePlot.ltr","D05","UNDE","UNDE_057","UNDE_057_413","2016-11-04","2016-10-10","2016-10-24","2016-11-01T15:00Z","2016-11-04T06:00Z","NEON.LTR.UNDE057413.20161024","NEON.LTR.UNDE057413.20161024.WDY","NEON.DOC.001710vE","Woody material",0.25,"N",NA,"P9hftDyV5NLbHB2gcoQF666NEvwuiXGq"
"e14cd2ad-2874-4f73-b674-ae459f07ad0e","UNDE_057.basePlot.ltr","D05","UNDE","UNDE_057","UNDE_057_413","2016-11-04","2016-10-10","2016-10-24","2016-11-01T15:00Z","2016-11-04T06:00Z","NEON.LTR.UNDE057413.20161024","NEON.LTR.UNDE057413.20161024.SDS","NEON.DOC.001710vE","Seeds",0.005,"N",NA,"P9hftDyV5NLbHB2gcoQF666NEvwuiXGq"
"a278c577-a3f9-4a96-83f6-9d51153155e7","UNDE_065.basePlot.ltr","D05","UNDE","UNDE_065","UNDE_065_010","2016-11-04","2016-10-10","2016-10-24","2016-11-01T15:00Z","2016-11-04T06:00Z","NEON.LTR.UNDE065010.20161024","NEON.LTR.UNDE065010.20161024.SDS","NEON.DOC.001710vE","Seeds",0.005,"N",NA,"P9hftDyV5NLbHB2gcoQF666NEvwuiXGq"
"529fa2a3-6821-4829-a01c-8bf0f35f1657","UNDE_057.basePlot.ltr","D05","UNDE","UNDE_057","UNDE_057_010","2016-11-04","2016-10-10","2016-10-24","2016-11-01T15:00Z","2016-11-04T06:00Z","NEON.LTR.UNDE057010.20161024","NEON.LTR.UNDE057010.20161024.SDS","NEON.DOC.001710vE","Seeds",0.005,"N",NA,"P9hftDyV5NLbHB2gcoQF666NEvwuiXGq"
"7bf1b49d-189f-419f-9119-8d6d98e30e68","UNDE_057.basePlot.ltr","D05","UNDE","UNDE_057","UNDE_057_010","2016-11-04","2016-10-10","2016-10-24","2016-11-01T15:00Z","2016-11-04T06:00Z","NEON.LTR.UNDE057010.20161024","NEON.LTR.UNDE057010.20161024.LVS","NEON.DOC.001710vE","Leaves",1.51,"N",NA,"P9hftDyV5NLbHB2gcoQF666NEvwuiXGq"
"0e93abd3-8d02-4cfd-a75f-086619bc86d3","UNDE_057.basePlot.ltr","D05","UNDE","UNDE_057","UNDE_057_010","2016-11-04","2016-10-10","2016-10-24","2016-11-01T15:00Z","2016-11-04T06:00Z","NEON.LTR.UNDE057010.20161024","NEON.LTR.UNDE057010.20161024.OTH","NEON.DOC.001710vE","Other",0.16,"N",NA,"P9hftDyV5NLbHB2gcoQF666NEvwuiXGq"
"1b9e92c8-22f2-42d0-a68a-dfcf7e81b1ec","UNDE_057.basePlot.ltr","D05","UNDE","UNDE_057","UNDE_057_010","2016-11-04","2016-10-10","2016-10-24","2016-11-01T15:00Z","2016-11-04T06:00Z","NEON.LTR.UNDE057010.20161024","NEON.LTR.UNDE057010.20161024.TWI","NEON.DOC.001710vE","Twigs/branches",0.21,"N",NA,"P9hftDyV5NLbHB2gcoQF666NEvwuiXGq"
"a5ab3803-4f73-48ed-8ea7-6b54ead74e70","UNDE_057.basePlot.ltr","D05","UNDE","UNDE_057","UNDE_057_010","2016-11-04","2016-10-10","2016-10-24","2016-11-01T15:00Z","2016-11-04T06:00Z","NEON.LTR.UNDE057010.20161024","NEON.LTR.UNDE057010.20161024.FLR","NEON.DOC.001710vE","Flowers",0,"N",NA,"P9hftDyV5NLbHB2gcoQF666NEvwuiXGq"
"6a2ae448-c513-4525-9148-d958fe18ac59","UNDE_057.basePlot.ltr","D05","UNDE","UNDE_057","UNDE_057_010","2016-11-04","2016-10-10","2016-10-24","2016-11-01T15:00Z","2016-11-04T06:00Z","NEON.LTR.UNDE057010.20161024","NEON.LTR.UNDE057010.20161024.WDY","NEON.DOC.001710vE","Woody material",0.05,"N",NA,"P9hftDyV5NLbHB2gcoQF666NEvwuiXGq"
"f93dd6be-475f-4984-ad12-6dbe794844f0","UNDE_057.basePlot.ltr","D05","UNDE","UNDE_057","UNDE_057_010","2016-11-04","2016-10-10","2016-10-24","2016-11-01T15:00Z","2016-11-04T06:00Z","NEON.LTR.UNDE057010.20161024","NEON.LTR.UNDE057010.20161024.NDL","NEON.DOC.001710vE","Needles",11.25,"N",NA,"P9hftDyV5NLbHB2gcoQF666NEvwuiXGq"
"50e9f216-e229-44b0-bb1a-0cfc81a32367","UNDE_061.basePlot.ltr","D05","UNDE","UNDE_061","UNDE_061_828","2016-11-04","2016-10-10","2016-10-24","2016-11-01T15:00Z","2016-11-04T06:00Z","NEON.LTR.UNDE061828.20161024","NEON.LTR.UNDE061828.20161024.LVS","NEON.DOC.001710vE","Leaves",94.11,"N",NA,"P9hftDyV5NLbHB2gcoQF666NEvwuiXGq"
"79dffbfd-2709-439f-9419-096d3acd9e6d","UNDE_061.basePlot.ltr","D05","UNDE","UNDE_061","UNDE_061_828","2016-11-04","2016-10-10","2016-10-24","2016-11-01T15:00Z","2016-11-04T06:00Z","NEON.LTR.UNDE061828.20161024","NEON.LTR.UNDE061828.20161024.WDY","NEON.DOC.001710vE","Woody material",0.09,"N",NA,"P9hftDyV5NLbHB2gcoQF666NEvwuiXGq"
"b859d222-f07d-49be-8d01-724a3eabbac7","UNDE_061.basePlot.ltr","D05","UNDE","UNDE_061","UNDE_061_828","2016-11-04","2016-10-10","2016-10-24","2016-11-01T15:00Z","2016-11-04T06:00Z","NEON.LTR.UNDE061828.20161024","NEON.LTR.UNDE061828.20161024.OTH","NEON.DOC.001710vE","Other",1.13,"N",NA,"P9hftDyV5NLbHB2gcoQF666NEvwuiXGq"
"1fedb972-f647-4620-a748-32ccc48f009c","UNDE_061.basePlot.ltr","D05","UNDE","UNDE_061","UNDE_061_828","2016-11-04","2016-10-10","2016-10-24","2016-11-01T15:00Z","2016-11-04T06:00Z","NEON.LTR.UNDE061828.20161024","NEON.LTR.UNDE061828.20161024.SDS","NEON.DOC.001710vE","Seeds",0.02,"N",NA,"P9hftDyV5NLbHB2gcoQF666NEvwuiXGq"
"b0f3d6e8-a55e-4e05-9115-20764306b62e","UNDE_061.basePlot.ltr","D05","UNDE","UNDE_061","UNDE_061_828","2016-11-04","2016-10-10","2016-10-24","2016-11-01T15:00Z","2016-11-04T06:00Z","NEON.LTR.UNDE061828.20161024","NEON.LTR.UNDE061828.20161024.FLR","NEON.DOC.001710vE","Flowers",0,"N",NA,"P9hftDyV5NLbHB2gcoQF666NEvwuiXGq"
"af955086-67c9-495e-a186-2fdaa75b26df","UNDE_061.basePlot.ltr","D05","UNDE","UNDE_061","UNDE_061_828","2016-11-04","2016-10-10","2016-10-24","2016-11-01T15:00Z","2016-11-04T06:00Z","NEON.LTR.UNDE061828.20161024","NEON.LTR.UNDE061828.20161024.NDL","NEON.DOC.001710vE","Needles",0.02,"N",NA,"P9hftDyV5NLbHB2gcoQF666NEvwuiXGq"
"daf3278d-0ea4-446e-a0ea-4d4b881e1d51","UNDE_061.basePlot.ltr","D05","UNDE","UNDE_061","UNDE_061_828","2016-11-04","2016-10-10","2016-10-24","2016-11-01T15:00Z","2016-11-04T06:00Z","NEON.LTR.UNDE061828.20161024","NEON.LTR.UNDE061828.20161024.TWI","NEON.DOC.001710vE","Twigs/branches",1.37,"N",NA,"P9hftDyV5NLbHB2gcoQF666NEvwuiXGq"
"2aee2ecf-9194-45a5-aa27-d9ea5a66070b","UNDE_054.basePlot.ltr","D05","UNDE","UNDE_054","UNDE_054_436","2016-11-04","2016-10-10","2016-10-24","2016-11-01T15:00Z","2016-11-04T06:00Z","NEON.LTR.UNDE054436.20161024","NEON.LTR.UNDE054436.20161024.LVS","NEON.DOC.001710vE","Leaves",39.23,"N",NA,"P9hftDyV5NLbHB2gcoQF666NEvwuiXGq"
"f8ba96b8-3f77-43b5-9827-32719268c265","UNDE_054.basePlot.ltr","D05","UNDE","UNDE_054","UNDE_054_436","2016-11-04","2016-10-10","2016-10-24","2016-11-01T15:00Z","2016-11-04T06:00Z","NEON.LTR.UNDE054436.20161024","NEON.LTR.UNDE054436.20161024.OTH","NEON.DOC.001710vE","Other",0.6,"N",NA,"P9hftDyV5NLbHB2gcoQF666NEvwuiXGq"
"f918574c-7b88-4fce-a234-2c81b880d931","UNDE_054.basePlot.ltr","D05","UNDE","UNDE_054","UNDE_054_436","2016-11-04","2016-10-10","2016-10-24","2016-11-01T15:00Z","2016-11-04T06:00Z","NEON.LTR.UNDE054436.20161024","NEON.LTR.UNDE054436.20161024.WDY","NEON.DOC.001710vE","Woody material",0.005,"N",NA,"P9hftDyV5NLbHB2gcoQF666NEvwuiXGq"
"e649f336-5b54-4e9a-bf71-cb46478e1fb9","UNDE_054.basePlot.ltr","D05","UNDE","UNDE_054","UNDE_054_436","2016-11-04","2016-10-10","2016-10-24","2016-11-01T15:00Z","2016-11-04T06:00Z","NEON.LTR.UNDE054436.20161024","NEON.LTR.UNDE054436.20161024.NDL","NEON.DOC.001710vE","Needles",0,"N",NA,"P9hftDyV5NLbHB2gcoQF666NEvwuiXGq"
"8e4a0fc7-4850-4e32-a3ca-a7be9e3e8613","UNDE_054.basePlot.ltr","D05","UNDE","UNDE_054","UNDE_054_436","2016-11-04","2016-10-10","2016-10-24","2016-11-01T15:00Z","2016-11-04T06:00Z","NEON.LTR.UNDE054436.20161024","NEON.LTR.UNDE054436.20161024.FLR","NEON.DOC.001710vE","Flowers",0,"N",NA,"P9hftDyV5NLbHB2gcoQF666NEvwuiXGq"
"cebaf441-56aa-4045-83e4-387c066824ea","UNDE_054.basePlot.ltr","D05","UNDE","UNDE_054","UNDE_054_436","2016-11-04","2016-10-10","2016-10-24","2016-11-01T15:00Z","2016-11-04T06:00Z","NEON.LTR.UNDE054436.20161024","NEON.LTR.UNDE054436.20161024.TWI","NEON.DOC.001710vE","Twigs/branches",0.23,"N",NA,"P9hftDyV5NLbHB2gcoQF666NEvwuiXGq"
"30056288-54ea-4f1a-8da9-31ddadd9308f","UNDE_054.basePlot.ltr","D05","UNDE","UNDE_054","UNDE_054_436","2016-11-04","2016-10-10","2016-10-24","2016-11-01T15:00Z","2016-11-04T06:00Z","NEON.LTR.UNDE054436.20161024","NEON.LTR.UNDE054436.20161024.SDS","NEON.DOC.001710vE","Seeds",1.05,"N",NA,"P9hftDyV5NLbHB2gcoQF666NEvwuiXGq"
"9f7af495-fdca-4a01-8a28-3900fcdf02e1","UNDE_060.basePlot.ltr","D05","UNDE","UNDE_060","UNDE_060_413","2016-11-04","2016-10-10","2016-10-24","2016-11-01T15:00Z","2016-11-04T06:00Z","NEON.LTR.UNDE060413.20161024","NEON.LTR.UNDE060413.20161024.SDS","NEON.DOC.001710vE","Seeds",0.04,"N",NA,"P9hftDyV5NLbHB2gcoQF666NEvwuiXGq"
"6379c2e1-d4ce-4f15-acb9-425c406ab42a","UNDE_038.basePlot.ltr","D05","UNDE","UNDE_038","UNDE_038_400","2016-11-04","2016-10-10","2016-10-24","2016-11-01T15:00Z","2016-11-04T06:00Z","NEON.LTR.UNDE038400.20161024","NEON.LTR.UNDE038400.20161024.NDL","NEON.DOC.001710vE","Needles",8.02,"N",NA,"P9hftDyV5NLbHB2gcoQF666NEvwuiXGq"
"e39f094a-2f7d-414e-a694-202357fd03a9","UNDE_038.basePlot.ltr","D05","UNDE","UNDE_038","UNDE_038_400","2016-11-04","2016-10-10","2016-10-24","2016-11-01T15:00Z","2016-11-04T06:00Z","NEON.LTR.UNDE038400.20161024","NEON.LTR.UNDE038400.20161024.OTH","NEON.DOC.001710vE","Other",0.38,"N",NA,"P9hftDyV5NLbHB2gcoQF666NEvwuiXGq"
"33c48801-0b1a-4169-abd6-dbf292b95b7f","UNDE_043.basePlot.ltr","D05","UNDE","UNDE_043","UNDE_043_315","2016-11-04","2016-10-10","2016-10-24","2016-11-01T15:00Z","2016-11-04T06:00Z","NEON.LTR.UNDE043315.20161024","NEON.LTR.UNDE043315.20161024.TWI","NEON.DOC.001710vE","Twigs/branches",14.52,"N",NA,"P9hftDyV5NLbHB2gcoQF666NEvwuiXGq"
"9ffbca47-750b-45c6-a77b-838d4d7a0d31","UNDE_043.basePlot.ltr","D05","UNDE","UNDE_043","UNDE_043_315","2016-11-04","2016-10-10","2016-10-24","2016-11-01T15:00Z","2016-11-04T06:00Z","NEON.LTR.UNDE043315.20161024","NEON.LTR.UNDE043315.20161024.OTH","NEON.DOC.001710vE","Other",0.24,"N",NA,"P9hftDyV5NLbHB2gcoQF666NEvwuiXGq"
"9a48973e-9934-407f-971f-5d66fb90b38b","UNDE_043.basePlot.ltr","D05","UNDE","UNDE_043","UNDE_043_315","2016-11-04","2016-10-10","2016-10-24","2016-11-01T15:00Z","2016-11-04T06:00Z","NEON.LTR.UNDE043315.20161024","NEON.LTR.UNDE043315.20161024.WDY","NEON.DOC.001710vE","Woody material",0.24,"N",NA,"P9hftDyV5NLbHB2gcoQF666NEvwuiXGq"
"a0709424-5eee-4eba-9635-4570a0f90c8d","UNDE_043.basePlot.ltr","D05","UNDE","UNDE_043","UNDE_043_315","2016-11-04","2016-10-10","2016-10-24","2016-11-01T15:00Z","2016-11-04T06:00Z","NEON.LTR.UNDE043315.20161024","NEON.LTR.UNDE043315.20161024.FLR","NEON.DOC.001710vE","Flowers",0,"N",NA,"P9hftDyV5NLbHB2gcoQF666NEvwuiXGq"
"9597c7cd-ebbd-4e02-9fac-fc3b8a569dc8","UNDE_043.basePlot.ltr","D05","UNDE","UNDE_043","UNDE_043_315","2016-11-04","2016-10-10","2016-10-24","2016-11-01T15:00Z","2016-11-04T06:00Z","NEON.LTR.UNDE043315.20161024","NEON.LTR.UNDE043315.20161024.LVS","NEON.DOC.001710vE","Leaves",66.16,"N",NA,"P9hftDyV5NLbHB2gcoQF666NEvwuiXGq"
"57ff53ff-8f75-43fb-ace4-44b2df6801c9","UNDE_043.basePlot.ltr","D05","UNDE","UNDE_043","UNDE_043_315","2016-11-04","2016-10-10","2016-10-24","2016-11-01T15:00Z","2016-11-04T06:00Z","NEON.LTR.UNDE043315.20161024","NEON.LTR.UNDE043315.20161024.SDS","NEON.DOC.001710vE","Seeds",0.005,"N",NA,"P9hftDyV5NLbHB2gcoQF666NEvwuiXGq"
"7489d2d0-90b2-488c-b4cc-bd6be5c912c6","UNDE_043.basePlot.ltr","D05","UNDE","UNDE_043","UNDE_043_315","2016-11-04","2016-10-10","2016-10-24","2016-11-01T15:00Z","2016-11-04T06:00Z","NEON.LTR.UNDE043315.20161024","NEON.LTR.UNDE043315.20161024.NDL","NEON.DOC.001710vE","Needles",0.005,"N",NA,"P9hftDyV5NLbHB2gcoQF666NEvwuiXGq"
"612052d4-a29e-4b3e-8371-02c2e5de2c20","UNDE_056.basePlot.ltr","D05","UNDE","UNDE_056","UNDE_056_360","2016-11-04","2016-10-10","2016-10-24","2016-11-01T15:00Z","2016-11-04T06:00Z","NEON.LTR.UNDE056360.20161024","NEON.LTR.UNDE056360.20161024.WDY","NEON.DOC.001710vE","Woody material",0,"N",NA,"P9hftDyV5NLbHB2gcoQF666NEvwuiXGq"
"a1a541e0-7bd6-4fd5-a54d-b519477677bd","UNDE_056.basePlot.ltr","D05","UNDE","UNDE_056","UNDE_056_360","2016-11-04","2016-10-10","2016-10-24","2016-11-01T15:00Z","2016-11-04T06:00Z","NEON.LTR.UNDE056360.20161024","NEON.LTR.UNDE056360.20161024.FLR","NEON.DOC.001710vE","Flowers",0,"N",NA,"P9hftDyV5NLbHB2gcoQF666NEvwuiXGq"
"17a6bcd4-eb7c-48ce-9eb2-67834c6cb5a8","UNDE_056.basePlot.ltr","D05","UNDE","UNDE_056","UNDE_056_360","2016-11-04","2016-10-10","2016-10-24","2016-11-01T15:00Z","2016-11-04T06:00Z","NEON.LTR.UNDE056360.20161024","NEON.LTR.UNDE056360.20161024.SDS","NEON.DOC.001710vE","Seeds",0,"N",NA,"P9hftDyV5NLbHB2gcoQF666NEvwuiXGq"
"e0809f41-6dbe-4bf7-bca1-34974307ab03","UNDE_056.basePlot.ltr","D05","UNDE","UNDE_056","UNDE_056_360","2016-11-04","2016-10-10","2016-10-24","2016-11-01T15:00Z","2016-11-04T06:00Z","NEON.LTR.UNDE056360.20161024","NEON.LTR.UNDE056360.20161024.LVS","NEON.DOC.001710vE","Leaves",73.91,"N",NA,"P9hftDyV5NLbHB2gcoQF666NEvwuiXGq"
"77e612a6-3e65-422a-9875-e82429be9fa7","UNDE_056.basePlot.ltr","D05","UNDE","UNDE_056","UNDE_056_360","2016-11-04","2016-10-10","2016-10-24","2016-11-01T15:00Z","2016-11-04T06:00Z","NEON.LTR.UNDE056360.20161024","NEON.LTR.UNDE056360.20161024.TWI","NEON.DOC.001710vE","Twigs/branches",0.26,"N",NA,"P9hftDyV5NLbHB2gcoQF666NEvwuiXGq"
"df694795-95b1-4aae-9b8f-32243bb5d9b6","UNDE_056.basePlot.ltr","D05","UNDE","UNDE_056","UNDE_056_360","2016-11-04","2016-10-10","2016-10-24","2016-11-01T15:00Z","2016-11-04T06:00Z","NEON.LTR.UNDE056360.20161024","NEON.LTR.UNDE056360.20161024.NDL","NEON.DOC.001710vE","Needles",0.32,"N",NA,"P9hftDyV5NLbHB2gcoQF666NEvwuiXGq"
"70eccf53-5715-40ab-aaca-296ce98f4e35","UNDE_044.basePlot.ltr","D05","UNDE","UNDE_044","UNDE_044_515","2016-11-04","2016-10-10","2016-10-24","2016-11-01T15:00Z","2016-11-04T06:00Z","NEON.LTR.UNDE044515.20161024","NEON.LTR.UNDE044515.20161024.FLR","NEON.DOC.001710vE","Flowers",0,"N",NA,"P9hftDyV5NLbHB2gcoQF666NEvwuiXGq"
"048ebdb9-f094-4ed2-8fbb-6b92cc27854e","UNDE_044.basePlot.ltr","D05","UNDE","UNDE_044","UNDE_044_515","2016-11-04","2016-10-10","2016-10-24","2016-11-01T15:00Z","2016-11-04T06:00Z","NEON.LTR.UNDE044515.20161024","NEON.LTR.UNDE044515.20161024.OTH","NEON.DOC.001710vE","Other",0.59,"N",NA,"P9hftDyV5NLbHB2gcoQF666NEvwuiXGq"
"5447bebc-184a-4d9c-b24f-683b3b64654f","UNDE_044.basePlot.ltr","D05","UNDE","UNDE_044","UNDE_044_515","2016-11-04","2016-10-10","2016-10-24","2016-11-01T15:00Z","2016-11-04T06:00Z","NEON.LTR.UNDE044515.20161024","NEON.LTR.UNDE044515.20161024.TWI","NEON.DOC.001710vE","Twigs/branches",1.23,"N",NA,"P9hftDyV5NLbHB2gcoQF666NEvwuiXGq"
"5dbee325-2a04-4272-bdd6-cf4506e87817","UNDE_044.basePlot.ltr","D05","UNDE","UNDE_044","UNDE_044_515","2016-11-04","2016-10-10","2016-10-24","2016-11-01T15:00Z","2016-11-04T06:00Z","NEON.LTR.UNDE044515.20161024","NEON.LTR.UNDE044515.20161024.SDS","NEON.DOC.001710vE","Seeds",0,"N",NA,"P9hftDyV5NLbHB2gcoQF666NEvwuiXGq"
"94454701-a191-4eae-ada1-d6589fb94d6d","UNDE_044.basePlot.ltr","D05","UNDE","UNDE_044","UNDE_044_515","2016-11-04","2016-10-10","2016-10-24","2016-11-01T15:00Z","2016-11-04T06:00Z","NEON.LTR.UNDE044515.20161024","NEON.LTR.UNDE044515.20161024.WDY","NEON.DOC.001710vE","Woody material",0.1,"N",NA,"P9hftDyV5NLbHB2gcoQF666NEvwuiXGq"
"9d963709-5743-4ce2-800a-1c1b99a8823d","UNDE_047.basePlot.ltr","D05","UNDE","UNDE_047","UNDE_047_673","2016-11-04","2016-10-10","2016-10-24","2016-11-01T15:00Z","2016-11-04T06:00Z","NEON.LTR.UNDE047673.20161024","NEON.LTR.UNDE047673.20161024.TWI","NEON.DOC.001710vE","Twigs/branches",0,"N",NA,"P9hftDyV5NLbHB2gcoQF666NEvwuiXGq"
"54a82c3a-dd7c-4c37-892a-cf0410043f14","UNDE_047.basePlot.ltr","D05","UNDE","UNDE_047","UNDE_047_673","2016-11-04","2016-10-10","2016-10-24","2016-11-01T15:00Z","2016-11-04T06:00Z","NEON.LTR.UNDE047673.20161024","NEON.LTR.UNDE047673.20161024.NDL","NEON.DOC.001710vE","Needles",0.005,"N",NA,"P9hftDyV5NLbHB2gcoQF666NEvwuiXGq"
"84dd302e-7399-4ee5-a8c0-f66a1d1fbb20","UNDE_047.basePlot.ltr","D05","UNDE","UNDE_047","UNDE_047_673","2016-11-04","2016-10-10","2016-10-24","2016-11-01T15:00Z","2016-11-04T06:00Z","NEON.LTR.UNDE047673.20161024","NEON.LTR.UNDE047673.20161024.LVS","NEON.DOC.001710vE","Leaves",27.31,"N",NA,"P9hftDyV5NLbHB2gcoQF666NEvwuiXGq"
"c957ccdb-0754-4497-9a34-4dba48f13a8b","UNDE_047.basePlot.ltr","D05","UNDE","UNDE_047","UNDE_047_673","2016-11-04","2016-10-10","2016-10-24","2016-11-01T15:00Z","2016-11-04T06:00Z","NEON.LTR.UNDE047673.20161024","NEON.LTR.UNDE047673.20161024.WDY","NEON.DOC.001710vE","Woody material",0.005,"N",NA,"P9hftDyV5NLbHB2gcoQF666NEvwuiXGq"
"cc008961-0c57-48b6-9816-b6347df2528e","UNDE_047.basePlot.ltr","D05","UNDE","UNDE_047","UNDE_047_673","2016-11-04","2016-10-10","2016-10-24","2016-11-01T15:00Z","2016-11-04T06:00Z","NEON.LTR.UNDE047673.20161024","NEON.LTR.UNDE047673.20161024.OTH","NEON.DOC.001710vE","Other",0.4,"N",NA,"P9hftDyV5NLbHB2gcoQF666NEvwuiXGq"
"ebdf1df6-4a02-4b9e-a4ab-e3f29e96328d","UNDE_047.basePlot.ltr","D05","UNDE","UNDE_047","UNDE_047_673","2016-11-04","2016-10-10","2016-10-24","2016-11-01T15:00Z","2016-11-04T06:00Z","NEON.LTR.UNDE047673.20161024","NEON.LTR.UNDE047673.20161024.SDS","NEON.DOC.001710vE","Seeds",0.005,"N",NA,"P9hftDyV5NLbHB2gcoQF666NEvwuiXGq"
"491bd478-64e0-49bc-aea0-4e5ac893757c","UNDE_048.basePlot.ltr","D05","UNDE","UNDE_048","UNDE_048_672","2016-11-04","2016-10-10","2016-10-24","2016-11-01T15:00Z","2016-11-04T06:00Z","NEON.LTR.UNDE048672.20161024","NEON.LTR.UNDE048672.20161024.LVS","NEON.DOC.001710vE","Leaves",17.66,"N",NA,"P9hftDyV5NLbHB2gcoQF666NEvwuiXGq"
"243ca0bc-264b-4f97-9a6a-77ef77488dcd","UNDE_048.basePlot.ltr","D05","UNDE","UNDE_048","UNDE_048_672","2016-11-04","2016-10-10","2016-10-24","2016-11-01T15:00Z","2016-11-04T06:00Z","NEON.LTR.UNDE048672.20161024","NEON.LTR.UNDE048672.20161024.OTH","NEON.DOC.001710vE","Other",0.16,"N",NA,"P9hftDyV5NLbHB2gcoQF666NEvwuiXGq"
"14a31104-4bad-40bf-8a0c-0104bb11efa1","UNDE_048.basePlot.ltr","D05","UNDE","UNDE_048","UNDE_048_672","2016-11-04","2016-10-10","2016-10-24","2016-11-01T15:00Z","2016-11-04T06:00Z","NEON.LTR.UNDE048672.20161024","NEON.LTR.UNDE048672.20161024.NDL","NEON.DOC.001710vE","Needles",1.96,"N",NA,"P9hftDyV5NLbHB2gcoQF666NEvwuiXGq"
"c7a7051e-052d-4e49-ad4a-07ab78d6d65c","UNDE_038.basePlot.ltr","D05","UNDE","UNDE_038","UNDE_038_400","2016-11-04","2016-10-10","2016-10-24","2016-11-01T15:00Z","2016-11-04T06:00Z","NEON.LTR.UNDE038400.20161024","NEON.LTR.UNDE038400.20161024.WDY","NEON.DOC.001710vE","Woody material",0.24,"N",NA,"P9hftDyV5NLbHB2gcoQF666NEvwuiXGq"
"cfc8a6b8-3b79-4692-8393-119abfe7d775","UNDE_038.basePlot.ltr","D05","UNDE","UNDE_038","UNDE_038_400","2016-11-04","2016-10-10","2016-10-24","2016-11-01T15:00Z","2016-11-04T06:00Z","NEON.LTR.UNDE038400.20161024","NEON.LTR.UNDE038400.20161024.WDY","NEON.DOC.001710vE","Woody material",0.25,"Y",NA,"P9hftDyV5NLbHB2gcoQF666NEvwuiXGq"
"7ab3924a-d189-49aa-9afe-c72a1608159b","UNDE_038.basePlot.ltr","D05","UNDE","UNDE_038","UNDE_038_400","2016-11-04","2016-10-10","2016-10-24","2016-11-01T15:00Z","2016-11-04T06:00Z","NEON.LTR.UNDE038400.20161024","NEON.LTR.UNDE038400.20161024.FLR","NEON.DOC.001710vE","Flowers",0,"N",NA,"P9hftDyV5NLbHB2gcoQF666NEvwuiXGq"
"8775332c-dac5-4567-a408-07c31b2f10ab","UNDE_038.basePlot.ltr","D05","UNDE","UNDE_038","UNDE_038_400","2016-11-04","2016-10-10","2016-10-24","2016-11-01T15:00Z","2016-11-04T06:00Z","NEON.LTR.UNDE038400.20161024","NEON.LTR.UNDE038400.20161024.TWI","NEON.DOC.001710vE","Twigs/branches",0.15,"N",NA,"P9hftDyV5NLbHB2gcoQF666NEvwuiXGq"
"80c38b07-54ea-497c-a9a4-8ef479bf10b8","UNDE_056.basePlot.ltr","D05","UNDE","UNDE_056","UNDE_056_951","2016-11-04","2016-10-10","2016-10-24","2016-11-01T15:00Z","2016-11-04T06:00Z","NEON.LTR.UNDE056951.20161024","NEON.LTR.UNDE056951.20161024.LVS","NEON.DOC.001710vE","Leaves",42.38,"Y",NA,"P9hftDyV5NLbHB2gcoQF666NEvwuiXGq"
"e77464df-4386-415a-861b-82597c842ba8","UNDE_056.basePlot.ltr","D05","UNDE","UNDE_056","UNDE_056_951","2016-11-04","2016-10-10","2016-10-24","2016-11-01T15:00Z","2016-11-04T06:00Z","NEON.LTR.UNDE056951.20161024","NEON.LTR.UNDE056951.20161024.OTH","NEON.DOC.001710vE","Other",0.19,"N",NA,"P9hftDyV5NLbHB2gcoQF666NEvwuiXGq"
"b6b7546c-0853-445b-bf8b-e12ddf8a62bd","UNDE_056.basePlot.ltr","D05","UNDE","UNDE_056","UNDE_056_951","2016-11-04","2016-10-10","2016-10-24","2016-11-01T15:00Z","2016-11-04T06:00Z","NEON.LTR.UNDE056951.20161024","NEON.LTR.UNDE056951.20161024.TWI","NEON.DOC.001710vE","Twigs/branches",0,"N",NA,"P9hftDyV5NLbHB2gcoQF666NEvwuiXGq"
"aaf602b8-381c-4f8e-9c4b-353f29765cc4","UNDE_056.basePlot.ltr","D05","UNDE","UNDE_056","UNDE_056_951","2016-11-04","2016-10-10","2016-10-24","2016-11-01T15:00Z","2016-11-04T06:00Z","NEON.LTR.UNDE056951.20161024","NEON.LTR.UNDE056951.20161024.WDY","NEON.DOC.001710vE","Woody material",0,"N",NA,"P9hftDyV5NLbHB2gcoQF666NEvwuiXGq"
"2f918316-90f4-43f1-8d46-78d5393d05ba","UNDE_056.basePlot.ltr","D05","UNDE","UNDE_056","UNDE_056_951","2016-11-04","2016-10-10","2016-10-24","2016-11-01T15:00Z","2016-11-04T06:00Z","NEON.LTR.UNDE056951.20161024","NEON.LTR.UNDE056951.20161024.SDS","NEON.DOC.001710vE","Seeds",0,"N",NA,"P9hftDyV5NLbHB2gcoQF666NEvwuiXGq"
"1dfeeed0-c0c7-4b86-a9f6-2c3749014b02","UNDE_056.basePlot.ltr","D05","UNDE","UNDE_056","UNDE_056_951","2016-11-04","2016-10-10","2016-10-24","2016-11-01T15:00Z","2016-11-04T06:00Z","NEON.LTR.UNDE056951.20161024","NEON.LTR.UNDE056951.20161024.LVS","NEON.DOC.001710vE","Leaves",42.36,"N",NA,"P9hftDyV5NLbHB2gcoQF666NEvwuiXGq"
"933fccc1-bc45-4290-a2af-11a01c79499f","UNDE_056.basePlot.ltr","D05","UNDE","UNDE_056","UNDE_056_951","2016-11-04","2016-10-10","2016-10-24","2016-11-01T15:00Z","2016-11-04T06:00Z","NEON.LTR.UNDE056951.20161024","NEON.LTR.UNDE056951.20161024.NDL","NEON.DOC.001710vE","Needles",0.02,"N",NA,"P9hftDyV5NLbHB2gcoQF666NEvwuiXGq"
"a6ab30d7-4c8d-4270-b6c9-ae86836da2bc","UNDE_056.basePlot.ltr","D05","UNDE","UNDE_056","UNDE_056_951","2016-11-04","2016-10-10","2016-10-24","2016-11-01T15:00Z","2016-11-04T06:00Z","NEON.LTR.UNDE056951.20161024","NEON.LTR.UNDE056951.20161024.FLR","NEON.DOC.001710vE","Flowers",0,"N",NA,"P9hftDyV5NLbHB2gcoQF666NEvwuiXGq"
"e8970789-9a0e-4412-aa49-2f3af4a68efb","UNDE_059.basePlot.ltr","D05","UNDE","UNDE_059","UNDE_059_406","2016-11-04","2016-10-10","2016-10-24","2016-11-01T15:00Z","2016-11-04T06:00Z","NEON.LTR.UNDE059406.20161024","NEON.LTR.UNDE059406.20161024.LVS","NEON.DOC.001710vE","Leaves",18.31,"N",NA,"P9hftDyV5NLbHB2gcoQF666NEvwuiXGq"
"19a9078f-42db-45fd-ab4c-c126c0b4c4cd","UNDE_059.basePlot.ltr","D05","UNDE","UNDE_059","UNDE_059_406","2016-11-04","2016-10-10","2016-10-24","2016-11-01T15:00Z","2016-11-04T06:00Z","NEON.LTR.UNDE059406.20161024","NEON.LTR.UNDE059406.20161024.TWI","NEON.DOC.001710vE","Twigs/branches",0.52,"N",NA,"P9hftDyV5NLbHB2gcoQF666NEvwuiXGq"
"63ba9369-f5ff-48ad-9ba3-f03ee761ee13","UNDE_059.basePlot.ltr","D05","UNDE","UNDE_059","UNDE_059_406","2016-11-04","2016-10-10","2016-10-24","2016-11-01T15:00Z","2016-11-04T06:00Z","NEON.LTR.UNDE059406.20161024","NEON.LTR.UNDE059406.20161024.SDS","NEON.DOC.001710vE","Seeds",0.04,"N",NA,"P9hftDyV5NLbHB2gcoQF666NEvwuiXGq"
"00a66e1d-c040-4552-9e11-e4d97dbb903a","UNDE_059.basePlot.ltr","D05","UNDE","UNDE_059","UNDE_059_406","2016-11-04","2016-10-10","2016-10-24","2016-11-01T15:00Z","2016-11-04T06:00Z","NEON.LTR.UNDE059406.20161024","NEON.LTR.UNDE059406.20161024.WDY","NEON.DOC.001710vE","Woody material",1.17,"N",NA,"P9hftDyV5NLbHB2gcoQF666NEvwuiXGq"
"1fccf89e-4d8c-42ab-a291-316d872539ed","UNDE_059.basePlot.ltr","D05","UNDE","UNDE_059","UNDE_059_406","2016-11-04","2016-10-10","2016-10-24","2016-11-01T15:00Z","2016-11-04T06:00Z","NEON.LTR.UNDE059406.20161024","NEON.LTR.UNDE059406.20161024.NDL","NEON.DOC.001710vE","Needles",12.93,"N",NA,"P9hftDyV5NLbHB2gcoQF666NEvwuiXGq"
"f1260a1a-e622-417a-b8fc-c676b05653a6","UNDE_059.basePlot.ltr","D05","UNDE","UNDE_059","UNDE_059_406","2016-11-04","2016-10-10","2016-10-24","2016-11-01T15:00Z","2016-11-04T06:00Z","NEON.LTR.UNDE059406.20161024","NEON.LTR.UNDE059406.20161024.NDL","NEON.DOC.001710vE","Needles",12.92,"Y",NA,"P9hftDyV5NLbHB2gcoQF666NEvwuiXGq"
"811d7d35-06b9-4b25-bcc3-87cc9e51b659","UNDE_059.basePlot.ltr","D05","UNDE","UNDE_059","UNDE_059_406","2016-11-04","2016-10-10","2016-10-24","2016-11-01T15:00Z","2016-11-04T06:00Z","NEON.LTR.UNDE059406.20161024","NEON.LTR.UNDE059406.20161024.FLR","NEON.DOC.001710vE","Flowers",0,"N",NA,"P9hftDyV5NLbHB2gcoQF666NEvwuiXGq"
"fed30159-93c7-4ebb-a065-94675fc0d52f","UNDE_059.basePlot.ltr","D05","UNDE","UNDE_059","UNDE_059_406","2016-11-04","2016-10-10","2016-10-24","2016-11-01T15:00Z","2016-11-04T06:00Z","NEON.LTR.UNDE059406.20161024","NEON.LTR.UNDE059406.20161024.OTH","NEON.DOC.001710vE","Other",0.15,"N",NA,"P9hftDyV5NLbHB2gcoQF666NEvwuiXGq"
"58d361db-2d52-429c-9a0f-9f1c5fff3dab","UNDE_038.basePlot.ltr","D05","UNDE","UNDE_038","UNDE_038_400","2016-11-04","2016-10-10","2016-10-24","2016-11-01T15:00Z","2016-11-04T06:00Z","NEON.LTR.UNDE038400.20161024","NEON.LTR.UNDE038400.20161024.SDS","NEON.DOC.001710vE","Seeds",0,"N",NA,"P9hftDyV5NLbHB2gcoQF666NEvwuiXGq"
"774bae2d-ce58-4645-9b37-755918936644","UNDE_038.basePlot.ltr","D05","UNDE","UNDE_038","UNDE_038_400","2016-11-04","2016-10-10","2016-10-24","2016-11-01T15:00Z","2016-11-04T06:00Z","NEON.LTR.UNDE038400.20161024","NEON.LTR.UNDE038400.20161024.NDL","NEON.DOC.001710vE","Needles",8.03,"Y",NA,"P9hftDyV5NLbHB2gcoQF666NEvwuiXGq"
"a57499a2-5196-4fad-a597-4eddc0109b12","UNDE_038.basePlot.ltr","D05","UNDE","UNDE_038","UNDE_038_400","2016-11-04","2016-10-10","2016-10-24","2016-11-01T15:00Z","2016-11-04T06:00Z","NEON.LTR.UNDE038400.20161024","NEON.LTR.UNDE038400.20161024.LVS","NEON.DOC.001710vE","Leaves",3.67,"N",NA,"P9hftDyV5NLbHB2gcoQF666NEvwuiXGq"
"54d7eff4-d853-4c44-a617-7fac6ff7cfba","UNDE_065.basePlot.ltr","D05","UNDE","UNDE_065","UNDE_065_363","2016-11-04","2016-10-10","2016-10-24","2016-11-01T15:00Z","2016-11-04T06:00Z","NEON.LTR.UNDE065363.20161024","NEON.LTR.UNDE065363.20161024.LVS","NEON.DOC.001710vE","Leaves",88.41,"N",NA,"P9hftDyV5NLbHB2gcoQF666NEvwuiXGq"
"82d24c14-b86d-409c-9d84-67bb011c2860","UNDE_065.basePlot.ltr","D05","UNDE","UNDE_065","UNDE_065_363","2016-11-04","2016-10-10","2016-10-24","2016-11-01T15:00Z","2016-11-04T06:00Z","NEON.LTR.UNDE065363.20161024","NEON.LTR.UNDE065363.20161024.OTH","NEON.DOC.001710vE","Other",0.18,"N",NA,"P9hftDyV5NLbHB2gcoQF666NEvwuiXGq"
"a47d39db-6fc5-4cc2-871d-50865806677a","UNDE_065.basePlot.ltr","D05","UNDE","UNDE_065","UNDE_065_363","2016-11-04","2016-10-10","2016-10-24","2016-11-01T15:00Z","2016-11-04T06:00Z","NEON.LTR.UNDE065363.20161024","NEON.LTR.UNDE065363.20161024.WDY","NEON.DOC.001710vE","Woody material",0.005,"N",NA,"P9hftDyV5NLbHB2gcoQF666NEvwuiXGq"
"771776ce-1a26-4573-83ac-1b4e557eb5d8","UNDE_065.basePlot.ltr","D05","UNDE","UNDE_065","UNDE_065_363","2016-11-04","2016-10-10","2016-10-24","2016-11-01T15:00Z","2016-11-04T06:00Z","NEON.LTR.UNDE065363.20161024","NEON.LTR.UNDE065363.20161024.NDL","NEON.DOC.001710vE","Needles",0.23,"N",NA,"P9hftDyV5NLbHB2gcoQF666NEvwuiXGq"
"5da7052e-bc59-42e9-869e-0833dd1d578a","UNDE_065.basePlot.ltr","D05","UNDE","UNDE_065","UNDE_065_363","2016-11-04","2016-10-10","2016-10-24","2016-11-01T15:00Z","2016-11-04T06:00Z","NEON.LTR.UNDE065363.20161024","NEON.LTR.UNDE065363.20161024.OTH","NEON.DOC.001710vE","Other",0.19,"Y",NA,"P9hftDyV5NLbHB2gcoQF666NEvwuiXGq"
"357e39da-717a-4a67-9845-db5227cb7aa2","UNDE_065.basePlot.ltr","D05","UNDE","UNDE_065","UNDE_065_363","2016-11-04","2016-10-10","2016-10-24","2016-11-01T15:00Z","2016-11-04T06:00Z","NEON.LTR.UNDE065363.20161024","NEON.LTR.UNDE065363.20161024.FLR","NEON.DOC.001710vE","Flowers",0,"N",NA,"P9hftDyV5NLbHB2gcoQF666NEvwuiXGq"
"8f5f8d7a-39cc-4f21-81cb-bf8a49c2cfe8","UNDE_052.basePlot.ltr","D05","UNDE","UNDE_052","UNDE_052_111","2016-11-04","2016-10-10","2016-10-24","2016-11-01T15:00Z","2016-11-04T06:00Z","NEON.LTR.UNDE052111.20161024","NEON.LTR.UNDE052111.20161024.NDL","NEON.DOC.001710vE","Needles",0.94,"N",NA,"P9hftDyV5NLbHB2gcoQF666NEvwuiXGq"
"3d9b2347-76f4-4d89-982f-77878be1f712","UNDE_052.basePlot.ltr","D05","UNDE","UNDE_052","UNDE_052_111","2016-11-04","2016-10-10","2016-10-24","2016-11-01T15:00Z","2016-11-04T06:00Z","NEON.LTR.UNDE052111.20161024","NEON.LTR.UNDE052111.20161024.FLR","NEON.DOC.001710vE","Flowers",0,"N",NA,"P9hftDyV5NLbHB2gcoQF666NEvwuiXGq"
"6d18b88e-bd83-40a9-99a5-04d29ada3742","UNDE_052.basePlot.ltr","D05","UNDE","UNDE_052","UNDE_052_111","2016-11-04","2016-10-10","2016-10-24","2016-11-01T15:00Z","2016-11-04T06:00Z","NEON.LTR.UNDE052111.20161024","NEON.LTR.UNDE052111.20161024.TWI","NEON.DOC.001710vE","Twigs/branches",1.16,"N",NA,"P9hftDyV5NLbHB2gcoQF666NEvwuiXGq"
"97b439e4-fb9d-4627-b35a-3d3d96b0d9c7","UNDE_052.basePlot.ltr","D05","UNDE","UNDE_052","UNDE_052_111","2016-11-04","2016-10-10","2016-10-24","2016-11-01T15:00Z","2016-11-04T06:00Z","NEON.LTR.UNDE052111.20161024","NEON.LTR.UNDE052111.20161024.LVS","NEON.DOC.001710vE","Leaves",40.48,"N",NA,"P9hftDyV5NLbHB2gcoQF666NEvwuiXGq"
"75b6cf8c-d7e1-427c-ae86-ebcaf7a34f66","UNDE_052.basePlot.ltr","D05","UNDE","UNDE_052","UNDE_052_111","2016-11-04","2016-10-10","2016-10-24","2016-11-01T15:00Z","2016-11-04T06:00Z","NEON.LTR.UNDE052111.20161024","NEON.LTR.UNDE052111.20161024.OTH","NEON.DOC.001710vE","Other",0.13,"N",NA,"P9hftDyV5NLbHB2gcoQF666NEvwuiXGq"
"7f28c527-e5e9-47f4-81b6-3dc1ddc3b764","UNDE_052.basePlot.ltr","D05","UNDE","UNDE_052","UNDE_052_111","2016-11-04","2016-10-10","2016-10-24","2016-11-01T15:00Z","2016-11-04T06:00Z","NEON.LTR.UNDE052111.20161024","NEON.LTR.UNDE052111.20161024.SDS","NEON.DOC.001710vE","Seeds",0.04,"N",NA,"P9hftDyV5NLbHB2gcoQF666NEvwuiXGq"
"fa1133a2-65d1-4ad3-9fb2-c55dcfe06219","UNDE_052.basePlot.ltr","D05","UNDE","UNDE_052","UNDE_052_111","2016-11-04","2016-10-10","2016-10-24","2016-11-01T15:00Z","2016-11-04T06:00Z","NEON.LTR.UNDE052111.20161024","NEON.LTR.UNDE052111.20161024.TWI","NEON.DOC.001710vE","Twigs/branches",1.16,"Y",NA,"P9hftDyV5NLbHB2gcoQF666NEvwuiXGq"
"2d45b15e-11d7-494c-b334-a06c43aab156","UNDE_065.basePlot.ltr","D05","UNDE","UNDE_065","UNDE_065_010","2016-11-04","2016-10-10","2016-10-24","2016-11-01T15:00Z","2016-11-04T06:00Z","NEON.LTR.UNDE065010.20161024","NEON.LTR.UNDE065010.20161024.NDL","NEON.DOC.001710vE","Needles",0.28,"Y",NA,"P9hftDyV5NLbHB2gcoQF666NEvwuiXGq"
"04a141be-4ec4-4522-bb35-3d1267126d6c","UNDE_065.basePlot.ltr","D05","UNDE","UNDE_065","UNDE_065_010","2016-11-04","2016-10-10","2016-10-24","2016-11-01T15:00Z","2016-11-04T06:00Z","NEON.LTR.UNDE065010.20161024","NEON.LTR.UNDE065010.20161024.NDL","NEON.DOC.001710vE","Needles",0.28,"N",NA,"P9hftDyV5NLbHB2gcoQF666NEvwuiXGq"
"9a6d3afe-ca65-413f-af89-8fc6adfd2e5d","UNDE_052.basePlot.ltr","D05","UNDE","UNDE_052","UNDE_052_111","2016-11-04","2016-10-10","2016-10-24","2016-11-01T15:00Z","2016-11-04T06:00Z","NEON.LTR.UNDE052111.20161024","NEON.LTR.UNDE052111.20161024.WDY","NEON.DOC.001710vE","Woody material",0.12,"N",NA,"P9hftDyV5NLbHB2gcoQF666NEvwuiXGq"
"50e40ebc-10d5-463e-b513-e51baeaf9069","UNDE_065.basePlot.ltr","D05","UNDE","UNDE_065","UNDE_065_010","2016-11-04","2016-10-10","2016-10-24","2016-11-01T15:00Z","2016-11-04T06:00Z","NEON.LTR.UNDE065010.20161024","NEON.LTR.UNDE065010.20161024.LVS","NEON.DOC.001710vE","Leaves",74.63,"N",NA,"P9hftDyV5NLbHB2gcoQF666NEvwuiXGq"
"613b97ba-d898-4a0a-b9c7-fd0a17af0a80","UNDE_065.basePlot.ltr","D05","UNDE","UNDE_065","UNDE_065_010","2016-11-04","2016-10-10","2016-10-24","2016-11-01T15:00Z","2016-11-04T06:00Z","NEON.LTR.UNDE065010.20161024","NEON.LTR.UNDE065010.20161024.OTH","NEON.DOC.001710vE","Other",0.3,"N",NA,"P9hftDyV5NLbHB2gcoQF666NEvwuiXGq"
"8075dca4-c87d-4395-b1c8-ba700a22488e","UNDE_065.basePlot.ltr","D05","UNDE","UNDE_065","UNDE_065_010","2016-11-04","2016-10-10","2016-10-24","2016-11-01T15:00Z","2016-11-04T06:00Z","NEON.LTR.UNDE065010.20161024","NEON.LTR.UNDE065010.20161024.TWI","NEON.DOC.001710vE","Twigs/branches",4,"N",NA,"P9hftDyV5NLbHB2gcoQF666NEvwuiXGq"
"65ba4ef1-e928-48fd-8392-ada4dad87db1","UNDE_065.basePlot.ltr","D05","UNDE","UNDE_065","UNDE_065_010","2016-11-04","2016-10-10","2016-10-24","2016-11-01T15:00Z","2016-11-04T06:00Z","NEON.LTR.UNDE065010.20161024","NEON.LTR.UNDE065010.20161024.FLR","NEON.DOC.001710vE","Flowers",0,"N",NA,"P9hftDyV5NLbHB2gcoQF666NEvwuiXGq"
"df298819-b4a7-415d-8d94-a2afc6a29b7f","UNDE_065.basePlot.ltr","D05","UNDE","UNDE_065","UNDE_065_010","2016-11-04","2016-10-10","2016-10-24","2016-11-01T15:00Z","2016-11-04T06:00Z","NEON.LTR.UNDE065010.20161024","NEON.LTR.UNDE065010.20161024.WDY","NEON.DOC.001710vE","Woody material",0.005,"N",NA,"P9hftDyV5NLbHB2gcoQF666NEvwuiXGq"
"93056acc-1939-4b62-9356-09861388f9b2","UNDE_065.basePlot.ltr","D05","UNDE","UNDE_065","UNDE_065_010","2016-11-04","2016-10-10","2016-10-24","2016-11-01T15:00Z","2016-11-04T06:00Z","NEON.LTR.UNDE065010.20161024","NEON.LTR.UNDE065010.20161024.TWI","NEON.DOC.001710vE","Twigs/branches",4,"Y",NA,"P9hftDyV5NLbHB2gcoQF666NEvwuiXGq"
"87a68946-56eb-48fc-ad01-e9f20fa33668","UNDE_060.basePlot.ltr","D05","UNDE","UNDE_060","UNDE_060_413","2016-11-04","2016-10-10","2016-10-24","2016-11-01T15:00Z","2016-11-04T06:00Z","NEON.LTR.UNDE060413.20161024","NEON.LTR.UNDE060413.20161024.TWI","NEON.DOC.001710vE","Twigs/branches",1.44,"N",NA,"P9hftDyV5NLbHB2gcoQF666NEvwuiXGq"
"d0992223-7130-488f-9f22-c640b4642fed","UNDE_060.basePlot.ltr","D05","UNDE","UNDE_060","UNDE_060_413","2016-11-04","2016-10-10","2016-10-24","2016-11-01T15:00Z","2016-11-04T06:00Z","NEON.LTR.UNDE060413.20161024","NEON.LTR.UNDE060413.20161024.LVS","NEON.DOC.001710vE","Leaves",10.23,"N",NA,"P9hftDyV5NLbHB2gcoQF666NEvwuiXGq"
"e23c29b0-14c7-4319-be80-aecc6ebc120f","UNDE_060.basePlot.ltr","D05","UNDE","UNDE_060","UNDE_060_413","2016-11-04","2016-10-10","2016-10-24","2016-11-01T15:00Z","2016-11-04T06:00Z","NEON.LTR.UNDE060413.20161024","NEON.LTR.UNDE060413.20161024.WDY","NEON.DOC.001710vE","Woody material",0.82,"N",NA,"P9hftDyV5NLbHB2gcoQF666NEvwuiXGq"
"ac7651ee-d02f-4c30-a737-77ad7dc3a253","UNDE_060.basePlot.ltr","D05","UNDE","UNDE_060","UNDE_060_413","2016-11-04","2016-10-10","2016-10-24","2016-11-01T15:00Z","2016-11-04T06:00Z","NEON.LTR.UNDE060413.20161024","NEON.LTR.UNDE060413.20161024.NDL","NEON.DOC.001710vE","Needles",23.91,"N",NA,"P9hftDyV5NLbHB2gcoQF666NEvwuiXGq"
"94750d60-5e91-4f27-b884-28b31cb497c7","UNDE_060.basePlot.ltr","D05","UNDE","UNDE_060","UNDE_060_413","2016-11-04","2016-10-10","2016-10-24","2016-11-01T15:00Z","2016-11-04T06:00Z","NEON.LTR.UNDE060413.20161024","NEON.LTR.UNDE060413.20161024.NDL","NEON.DOC.001710vE","Needles",23.96,"Y",NA,"P9hftDyV5NLbHB2gcoQF666NEvwuiXGq"
"b2fc8230-69bc-4d83-bf66-e0a12ec43de7","UNDE_060.basePlot.ltr","D05","UNDE","UNDE_060","UNDE_060_413","2016-11-04","2016-10-10","2016-10-24","2016-11-01T15:00Z","2016-11-04T06:00Z","NEON.LTR.UNDE060413.20161024","NEON.LTR.UNDE060413.20161024.FLR","NEON.DOC.001710vE","Flowers",0,"N",NA,"P9hftDyV5NLbHB2gcoQF666NEvwuiXGq"
"77a4bcd9-fcd2-4b00-adcf-06934cce2935","UNDE_060.basePlot.ltr","D05","UNDE","UNDE_060","UNDE_060_413","2016-11-04","2016-10-10","2016-10-24","2016-11-01T15:00Z","2016-11-04T06:00Z","NEON.LTR.UNDE060413.20161024","NEON.LTR.UNDE060413.20161024.OTH","NEON.DOC.001710vE","Other",0.04,"N",NA,"P9hftDyV5NLbHB2gcoQF666NEvwuiXGq"
"106bf6eb-60b0-40a4-ae22-5602bc94e25c","UNDE_060.basePlot.ltr","D05","UNDE","UNDE_060","UNDE_060_413","2016-11-04","2016-10-10","2016-10-24","2016-11-01T15:00Z","2016-11-04T06:00Z","NEON.LTR.UNDE060413.20161024","NEON.LTR.UNDE060413.20161024.TWI","NEON.DOC.001710vE","Twigs/branches",1.44,"Y",NA,"P9hftDyV5NLbHB2gcoQF666NEvwuiXGq"
"94d28d41-5049-4883-88e3-acfa4add9253","UNDE_055.basePlot.ltr","D05","UNDE","UNDE_055","UNDE_055_269","2016-11-04","2016-10-10","2016-10-24","2016-11-01T15:00Z","2016-11-04T06:00Z","NEON.LTR.UNDE055269.20161024","NEON.LTR.UNDE055269.20161024.NDL","NEON.DOC.001710vE","Needles",0.86,"N",NA,"P9hftDyV5NLbHB2gcoQF666NEvwuiXGq"
"97c21dfe-98e2-48fe-99bf-dffb6e319ee3","UNDE_055.basePlot.ltr","D05","UNDE","UNDE_055","UNDE_055_269","2016-11-04","2016-10-10","2016-10-24","2016-11-01T15:00Z","2016-11-04T06:00Z","NEON.LTR.UNDE055269.20161024","NEON.LTR.UNDE055269.20161024.LVS","NEON.DOC.001710vE","Leaves",43.81,"N",NA,"P9hftDyV5NLbHB2gcoQF666NEvwuiXGq"
"7824135c-db3f-49cf-bc5a-a9d9ae862d67","UNDE_055.basePlot.ltr","D05","UNDE","UNDE_055","UNDE_055_269","2016-11-04","2016-10-10","2016-10-24","2016-11-01T15:00Z","2016-11-04T06:00Z","NEON.LTR.UNDE055269.20161024","NEON.LTR.UNDE055269.20161024.WDY","NEON.DOC.001710vE","Woody material",0,"N",NA,"P9hftDyV5NLbHB2gcoQF666NEvwuiXGq"
"ff4b8f31-36c6-4173-aca4-91bc69ff807d","UNDE_055.basePlot.ltr","D05","UNDE","UNDE_055","UNDE_055_269","2016-11-04","2016-10-10","2016-10-24","2016-11-01T15:00Z","2016-11-04T06:00Z","NEON.LTR.UNDE055269.20161024","NEON.LTR.UNDE055269.20161024.OTH","NEON.DOC.001710vE","Other",0.25,"N",NA,"P9hftDyV5NLbHB2gcoQF666NEvwuiXGq"
"17ee0c44-076b-4d85-a7f8-2ebc879b18e8","UNDE_055.basePlot.ltr","D05","UNDE","UNDE_055","UNDE_055_269","2016-11-04","2016-10-10","2016-10-24","2016-11-01T15:00Z","2016-11-04T06:00Z","NEON.LTR.UNDE055269.20161024","NEON.LTR.UNDE055269.20161024.SDS","NEON.DOC.001710vE","Seeds",0.005,"N",NA,"P9hftDyV5NLbHB2gcoQF666NEvwuiXGq"
"de467418-da81-46c5-bf16-0e593a9cbfac","UNDE_055.basePlot.ltr","D05","UNDE","UNDE_055","UNDE_055_269","2016-11-04","2016-10-10","2016-10-24","2016-11-01T15:00Z","2016-11-04T06:00Z","NEON.LTR.UNDE055269.20161024","NEON.LTR.UNDE055269.20161024.TWI","NEON.DOC.001710vE","Twigs/branches",0.32,"N",NA,"P9hftDyV5NLbHB2gcoQF666NEvwuiXGq"
"5ff8a96a-a491-400e-8790-2d3d80ea7523","UNDE_055.basePlot.ltr","D05","UNDE","UNDE_055","UNDE_055_269","2016-11-04","2016-10-10","2016-10-24","2016-11-01T15:00Z","2016-11-04T06:00Z","NEON.LTR.UNDE055269.20161024","NEON.LTR.UNDE055269.20161024.FLR","NEON.DOC.001710vE","Flowers",0,"N",NA,"P9hftDyV5NLbHB2gcoQF666NEvwuiXGq"
"f18d7334-4fd1-4c9f-89c3-e68f160da27f","UNDE_054.basePlot.ltr","D05","UNDE","UNDE_054","UNDE_054_036","2016-11-04","2016-10-10","2016-10-24","2016-11-01T15:00Z","2016-11-04T06:00Z","NEON.LTR.UNDE054036.20161024","NEON.LTR.UNDE054036.20161024.WDY","NEON.DOC.001710vE","Woody material",0.005,"N",NA,"P9hftDyV5NLbHB2gcoQF666NEvwuiXGq"
"b4911fb4-39f7-475c-8537-000878e2763e","SRER_059.basePlot.ltr","D14","SRER","SRER_059","SRER_059_788","2016-05-12","2016-04-04","2016-05-05","2016-05-10T21:17Z","2016-05-12T21:25Z","NEON.LTR.SRER059788.20160505","NEON.LTR.SRER059788.20160505.OTH","NEON.DOC.001710vE","Other",0,"N","","UIJq0EC2zUCy2xPAxK9r79bnMR9wnxET"
"0fd155c4-b406-4c40-9451-96419fcff7c5","SRER_059.basePlot.ltr","D14","SRER","SRER_059","SRER_059_788","2016-05-12","2016-04-04","2016-05-05","2016-05-10T21:17Z","2016-05-12T21:25Z","NEON.LTR.SRER059788.20160505","NEON.LTR.SRER059788.20160505.WDY","NEON.DOC.001710vE","Woody material",0,"N","","UIJq0EC2zUCy2xPAxK9r79bnMR9wnxET"
"ba225da6-2e53-4eeb-a810-3bea051934fe","SRER_059.basePlot.ltr","D14","SRER","SRER_059","SRER_059_788","2016-05-12","2016-04-04","2016-05-05","2016-05-10T21:17Z","2016-05-12T21:25Z","NEON.LTR.SRER059788.20160505","NEON.LTR.SRER059788.20160505.FLR","NEON.DOC.001710vE","Flowers",0.08,"N","","UIJq0EC2zUCy2xPAxK9r79bnMR9wnxET"
"4c6153c7-da50-463e-90ca-b63de4d7ed2c","SRER_059.basePlot.ltr","D14","SRER","SRER_059","SRER_059_788","2016-05-12","2016-04-04","2016-05-05","2016-05-10T21:17Z","2016-05-12T21:25Z","NEON.LTR.SRER059788.20160505","NEON.LTR.SRER059788.20160505.SDS","NEON.DOC.001710vE","Seeds",0.96,"N","","UIJq0EC2zUCy2xPAxK9r79bnMR9wnxET"
"a6d844eb-c6bc-47dd-9c9b-94e349ce00ff","SRER_059.basePlot.ltr","D14","SRER","SRER_059","SRER_059_788","2016-05-12","2016-04-04","2016-05-05","2016-05-10T21:17Z","2016-05-12T21:25Z","NEON.LTR.SRER059788.20160505","NEON.LTR.SRER059788.20160505.TWI","NEON.DOC.001710vE","Twigs/branches",1.22,"N","","UIJq0EC2zUCy2xPAxK9r79bnMR9wnxET"
"e5ce071e-f288-4940-be77-4f9b4f8397a5","SRER_059.basePlot.ltr","D14","SRER","SRER_059","SRER_059_788","2016-05-12","2016-04-04","2016-05-05","2016-05-10T21:17Z","2016-05-12T21:25Z","NEON.LTR.SRER059788.20160505","NEON.LTR.SRER059788.20160505.NDL","NEON.DOC.001710vE","Needles",0,"N","","UIJq0EC2zUCy2xPAxK9r79bnMR9wnxET"
"a377ed2e-ccaa-4e58-b9cc-4c37fedb9ed1","SRER_059.basePlot.ltr","D14","SRER","SRER_059","SRER_059_143","2016-05-12","2016-04-04","2016-05-05","2016-05-10T21:17Z","2016-05-12T21:25Z","NEON.LTR.SRER059143.20160505","NEON.LTR.SRER059143.20160505.WDY","NEON.DOC.001710vE","Woody material",0.01,"N","","UIJq0EC2zUCy2xPAxK9r79bnMR9wnxET"
"7c461168-bfee-488a-8f93-a31713d1b11a","SRER_059.basePlot.ltr","D14","SRER","SRER_059","SRER_059_143","2016-05-12","2016-04-04","2016-05-05","2016-05-10T21:17Z","2016-05-12T21:25Z","NEON.LTR.SRER059143.20160505","NEON.LTR.SRER059143.20160505.SDS","NEON.DOC.001710vE","Seeds",0.09,"N","","UIJq0EC2zUCy2xPAxK9r79bnMR9wnxET"
"51961265-9a62-4293-99b7-20f879712164","SRER_059.basePlot.ltr","D14","SRER","SRER_059","SRER_059_788","2016-05-12","2016-04-04","2016-05-05","2016-05-10T21:17Z","2016-05-12T21:25Z","NEON.LTR.SRER059788.20160505","NEON.LTR.SRER059788.20160505.LVS","NEON.DOC.001710vE","Leaves",3.36,"Y","","UIJq0EC2zUCy2xPAxK9r79bnMR9wnxET"
"534805a2-ac71-49c7-9ac6-adcd2034c2e8","SRER_059.basePlot.ltr","D14","SRER","SRER_059","SRER_059_143","2016-05-12","2016-04-04","2016-05-05","2016-05-10T21:17Z","2016-05-12T21:25Z","NEON.LTR.SRER059143.20160505","NEON.LTR.SRER059143.20160505.NDL","NEON.DOC.001710vE","Needles",0,"N","","UIJq0EC2zUCy2xPAxK9r79bnMR9wnxET"
"de6a904e-4488-4a27-8153-1692bc7d02cd","SRER_059.basePlot.ltr","D14","SRER","SRER_059","SRER_059_143","2016-05-12","2016-04-04","2016-05-05","2016-05-10T21:17Z","2016-05-12T21:25Z","NEON.LTR.SRER059143.20160505","NEON.LTR.SRER059143.20160505.OTH","NEON.DOC.001710vE","Other",0,"N","","UIJq0EC2zUCy2xPAxK9r79bnMR9wnxET"
"f3e99cad-a3ba-4eb6-9d06-8b2d68d60f05","SRER_059.basePlot.ltr","D14","SRER","SRER_059","SRER_059_143","2016-05-12","2016-04-04","2016-05-05","2016-05-10T21:17Z","2016-05-12T21:25Z","NEON.LTR.SRER059143.20160505","NEON.LTR.SRER059143.20160505.FLR","NEON.DOC.001710vE","Flowers",0.01,"N","","UIJq0EC2zUCy2xPAxK9r79bnMR9wnxET"
"0c4167cd-fdea-480c-bc1d-1b6f7a1931ce","SRER_059.basePlot.ltr","D14","SRER","SRER_059","SRER_059_143","2016-05-12","2016-04-04","2016-05-05","2016-05-10T21:17Z","2016-05-12T21:25Z","NEON.LTR.SRER059143.20160505","NEON.LTR.SRER059143.20160505.LVS","NEON.DOC.001710vE","Leaves",0.43,"N","","UIJq0EC2zUCy2xPAxK9r79bnMR9wnxET"
"c47e5de0-bfa7-475c-aee6-68c8f44b6687","SRER_059.basePlot.ltr","D14","SRER","SRER_059","SRER_059_143","2016-05-12","2016-04-04","2016-05-05","2016-05-10T21:17Z","2016-05-12T21:25Z","NEON.LTR.SRER059143.20160505","NEON.LTR.SRER059143.20160505.TWI","NEON.DOC.001710vE","Twigs/branches",0.07,"N","","UIJq0EC2zUCy2xPAxK9r79bnMR9wnxET"
"abc536b8-05a1-409f-bf27-f944e0a499f6","SRER_058.basePlot.ltr","D14","SRER","SRER_058","SRER_058_834","2016-05-12","2016-04-04","2016-05-05","2016-05-10T21:17Z","2016-05-12T21:25Z","NEON.LTR.SRER058834.20160505","NEON.LTR.SRER058834.20160505.TWI","NEON.DOC.001710vE","Twigs/branches",0.34,"N","","UIJq0EC2zUCy2xPAxK9r79bnMR9wnxET"
"5961a7e9-bac8-486a-b36f-7dd44899f708","SRER_058.basePlot.ltr","D14","SRER","SRER_058","SRER_058_834","2016-05-12","2016-04-04","2016-05-05","2016-05-10T21:17Z","2016-05-12T21:25Z","NEON.LTR.SRER058834.20160505","NEON.LTR.SRER058834.20160505.WDY","NEON.DOC.001710vE","Woody material",0.01,"N","","UIJq0EC2zUCy2xPAxK9r79bnMR9wnxET"
"d742c180-d23c-4006-acb7-2c36d90946c7","SRER_058.basePlot.ltr","D14","SRER","SRER_058","SRER_058_834","2016-05-12","2016-04-04","2016-05-05","2016-05-10T21:17Z","2016-05-12T21:25Z","NEON.LTR.SRER058834.20160505","NEON.LTR.SRER058834.20160505.NDL","NEON.DOC.001710vE","Needles",0,"N","","UIJq0EC2zUCy2xPAxK9r79bnMR9wnxET"
"0bbb73c8-c58c-463a-a6e6-9d97ee1c9f44","SRER_058.basePlot.ltr","D14","SRER","SRER_058","SRER_058_834","2016-05-12","2016-04-04","2016-05-05","2016-05-10T21:17Z","2016-05-12T21:25Z","NEON.LTR.SRER058834.20160505","NEON.LTR.SRER058834.20160505.LVS","NEON.DOC.001710vE","Leaves",0.78,"N","","UIJq0EC2zUCy2xPAxK9r79bnMR9wnxET"
"1d76361a-53f0-44c9-be2d-bfd9788e863a","SRER_058.basePlot.ltr","D14","SRER","SRER_058","SRER_058_834","2016-05-12","2016-04-04","2016-05-05","2016-05-10T21:17Z","2016-05-12T21:25Z","NEON.LTR.SRER058834.20160505","NEON.LTR.SRER058834.20160505.FLR","NEON.DOC.001710vE","Flowers",0.005,"N","","UIJq0EC2zUCy2xPAxK9r79bnMR9wnxET"
"a21157b1-b6d8-4d0d-b6da-9ff4f01dedd8","SRER_058.basePlot.ltr","D14","SRER","SRER_058","SRER_058_426","2016-05-12","2016-04-04","2016-05-05","2016-05-10T21:17Z","2016-05-12T21:25Z","NEON.LTR.SRER058426.20160505","NEON.LTR.SRER058426.20160505.OTH","NEON.DOC.001710vE","Other",0,"N","","UIJq0EC2zUCy2xPAxK9r79bnMR9wnxET"
"3f862fb8-4b05-452a-b964-ee82fa0ce4a8","SRER_058.basePlot.ltr","D14","SRER","SRER_058","SRER_058_834","2016-05-12","2016-04-04","2016-05-05","2016-05-10T21:17Z","2016-05-12T21:25Z","NEON.LTR.SRER058834.20160505","NEON.LTR.SRER058834.20160505.OTH","NEON.DOC.001710vE","Other",0.05,"N","","UIJq0EC2zUCy2xPAxK9r79bnMR9wnxET"
"c158f881-8669-4579-8fb9-a5fd0e0f91eb","SRER_058.basePlot.ltr","D14","SRER","SRER_058","SRER_058_834","2016-05-12","2016-04-04","2016-05-05","2016-05-10T21:17Z","2016-05-12T21:25Z","NEON.LTR.SRER058834.20160505","NEON.LTR.SRER058834.20160505.SDS","NEON.DOC.001710vE","Seeds",0.3,"N","","UIJq0EC2zUCy2xPAxK9r79bnMR9wnxET"
"3fc81cc6-3ebd-48fb-bed2-261fdd6bda2c","SRER_058.basePlot.ltr","D14","SRER","SRER_058","SRER_058_426","2016-05-12","2016-04-04","2016-05-05","2016-05-10T21:17Z","2016-05-12T21:25Z","NEON.LTR.SRER058426.20160505","NEON.LTR.SRER058426.20160505.TWI","NEON.DOC.001710vE","Twigs/branches",7.51,"N","","UIJq0EC2zUCy2xPAxK9r79bnMR9wnxET"
"435f94e1-56a3-4c85-baba-73b53336580d","SRER_058.basePlot.ltr","D14","SRER","SRER_058","SRER_058_426","2016-05-12","2016-04-04","2016-05-05","2016-05-10T21:17Z","2016-05-12T21:25Z","NEON.LTR.SRER058426.20160505","NEON.LTR.SRER058426.20160505.NDL","NEON.DOC.001710vE","Needles",0,"N","","UIJq0EC2zUCy2xPAxK9r79bnMR9wnxET"
"bcd15dc7-4751-4dc3-b525-386f1f12863f","SRER_058.basePlot.ltr","D14","SRER","SRER_058","SRER_058_426","2016-05-12","2016-04-04","2016-05-05","2016-05-10T21:17Z","2016-05-12T21:25Z","NEON.LTR.SRER058426.20160505","NEON.LTR.SRER058426.20160505.WDY","NEON.DOC.001710vE","Woody material",0,"N","","UIJq0EC2zUCy2xPAxK9r79bnMR9wnxET"
"e7b70480-7503-43ed-b147-f2d84f9c3608","SRER_058.basePlot.ltr","D14","SRER","SRER_058","SRER_058_426","2016-05-12","2016-04-04","2016-05-05","2016-05-10T21:17Z","2016-05-12T21:25Z","NEON.LTR.SRER058426.20160505","NEON.LTR.SRER058426.20160505.FLR","NEON.DOC.001710vE","Flowers",0.7,"N","","UIJq0EC2zUCy2xPAxK9r79bnMR9wnxET"
"f99dde05-77d9-48cc-9475-c968367488ea","SRER_058.basePlot.ltr","D14","SRER","SRER_058","SRER_058_426","2016-05-12","2016-04-04","2016-05-05","2016-05-10T21:17Z","2016-05-12T21:25Z","NEON.LTR.SRER058426.20160505","NEON.LTR.SRER058426.20160505.LVS","NEON.DOC.001710vE","Leaves",0.46,"N","","UIJq0EC2zUCy2xPAxK9r79bnMR9wnxET"
"a2ac4469-7c3f-4293-a08a-b6909784a9be","SRER_058.basePlot.ltr","D14","SRER","SRER_058","SRER_058_426","2016-05-12","2016-04-04","2016-05-05","2016-05-10T21:17Z","2016-05-12T21:25Z","NEON.LTR.SRER058426.20160505","NEON.LTR.SRER058426.20160505.SDS","NEON.DOC.001710vE","Seeds",0.13,"N","","UIJq0EC2zUCy2xPAxK9r79bnMR9wnxET"
"1d1a9016-a1e6-4584-b363-46f16eac7cba","SRER_054.basePlot.ltr","D14","SRER","SRER_054","SRER_054_859","2016-05-12","2016-04-04","2016-05-05","2016-05-10T21:17Z","2016-05-12T21:25Z","NEON.LTR.SRER054859.20160505","NEON.LTR.SRER054859.20160505.SDS","NEON.DOC.001710vE","Seeds",0.42,"N","","UIJq0EC2zUCy2xPAxK9r79bnMR9wnxET"
"38e8f463-83a0-42e4-b834-6c4baee38ef5","SRER_054.basePlot.ltr","D14","SRER","SRER_054","SRER_054_859","2016-05-12","2016-04-04","2016-05-05","2016-05-10T21:17Z","2016-05-12T21:25Z","NEON.LTR.SRER054859.20160505","NEON.LTR.SRER054859.20160505.FLR","NEON.DOC.001710vE","Flowers",0.13,"N","","UIJq0EC2zUCy2xPAxK9r79bnMR9wnxET"
"3850ca64-ddff-40ea-97b4-33ae91cb1b92","SRER_054.basePlot.ltr","D14","SRER","SRER_054","SRER_054_859","2016-05-12","2016-04-04","2016-05-05","2016-05-10T21:17Z","2016-05-12T21:25Z","NEON.LTR.SRER054859.20160505","NEON.LTR.SRER054859.20160505.WDY","NEON.DOC.001710vE","Woody material",0.005,"N","","UIJq0EC2zUCy2xPAxK9r79bnMR9wnxET"
"b817f677-86e4-4562-9df2-287e31314abb","SRER_054.basePlot.ltr","D14","SRER","SRER_054","SRER_054_859","2016-05-12","2016-04-04","2016-05-05","2016-05-10T21:17Z","2016-05-12T21:25Z","NEON.LTR.SRER054859.20160505","NEON.LTR.SRER054859.20160505.TWI","NEON.DOC.001710vE","Twigs/branches",0.48,"Y","","UIJq0EC2zUCy2xPAxK9r79bnMR9wnxET"
"d17ea9c1-31af-4ab3-851c-ee0eeefe950d","SRER_054.basePlot.ltr","D14","SRER","SRER_054","SRER_054_524","2016-05-12","2016-04-04","2016-05-05","2016-05-10T21:17Z","2016-05-12T21:25Z","NEON.LTR.SRER054524.20160505","NEON.LTR.SRER054524.20160505.OTH","NEON.DOC.001710vE","Other",0,"N","","UIJq0EC2zUCy2xPAxK9r79bnMR9wnxET"
"78ca24a2-dc2c-4153-b356-67b8e9c7cbd1","SRER_054.basePlot.ltr","D14","SRER","SRER_054","SRER_054_859","2016-05-12","2016-04-04","2016-05-05","2016-05-10T21:17Z","2016-05-12T21:25Z","NEON.LTR.SRER054859.20160505","NEON.LTR.SRER054859.20160505.OTH","NEON.DOC.001710vE","Other",0,"N","","UIJq0EC2zUCy2xPAxK9r79bnMR9wnxET"
"fdfce909-d1f8-44ea-95bb-a749a7e4c7ce","SRER_054.basePlot.ltr","D14","SRER","SRER_054","SRER_054_859","2016-05-12","2016-04-04","2016-05-05","2016-05-10T21:17Z","2016-05-12T21:25Z","NEON.LTR.SRER054859.20160505","NEON.LTR.SRER054859.20160505.LVS","NEON.DOC.001710vE","Leaves",0.61,"N","","UIJq0EC2zUCy2xPAxK9r79bnMR9wnxET"
"d1373f28-90b2-4071-a4f3-171484c5143c","SRER_055.basePlot.ltr","D14","SRER","SRER_055","SRER_055_675","2016-05-12","2016-04-04","2016-05-05","2016-05-10T21:17Z","2016-05-12T21:25Z","NEON.LTR.SRER055675.20160505","NEON.LTR.SRER055675.20160505.LVS","NEON.DOC.001710vE","Leaves",0.07,"N","","UIJq0EC2zUCy2xPAxK9r79bnMR9wnxET"
"a447aefb-a2f1-46eb-8548-b7ac49168eb5","SRER_055.basePlot.ltr","D14","SRER","SRER_055","SRER_055_675","2016-05-12","2016-04-04","2016-05-05","2016-05-10T21:17Z","2016-05-12T21:25Z","NEON.LTR.SRER055675.20160505","NEON.LTR.SRER055675.20160505.FLR","NEON.DOC.001710vE","Flowers",14.15,"Y","This functional group was in 2 bags only one bag got placed back in the drying oven for the QC weights","UIJq0EC2zUCy2xPAxK9r79bnMR9wnxET"
"3078f8b6-8d5a-4d58-af82-7c73fb09862a","SRER_054.basePlot.ltr","D14","SRER","SRER_054","SRER_054_859","2016-05-12","2016-04-04","2016-05-05","2016-05-10T21:17Z","2016-05-12T21:25Z","NEON.LTR.SRER054859.20160505","NEON.LTR.SRER054859.20160505.NDL","NEON.DOC.001710vE","Needles",0,"N","","UIJq0EC2zUCy2xPAxK9r79bnMR9wnxET"
"257888e5-de32-4b99-9142-1d43ed7a20d5","SRER_055.basePlot.ltr","D14","SRER","SRER_055","SRER_055_675","2016-05-12","2016-04-04","2016-05-05","2016-05-10T21:17Z","2016-05-12T21:25Z","NEON.LTR.SRER055675.20160505","NEON.LTR.SRER055675.20160505.WDY","NEON.DOC.001710vE","Woody material",0.1,"N","","UIJq0EC2zUCy2xPAxK9r79bnMR9wnxET"
"ea1fd85c-2841-4654-8ee5-8b1e24694ee1","SRER_055.basePlot.ltr","D14","SRER","SRER_055","SRER_055_675","2016-05-12","2016-04-04","2016-05-05","2016-05-10T21:17Z","2016-05-12T21:25Z","NEON.LTR.SRER055675.20160505","NEON.LTR.SRER055675.20160505.NDL","NEON.DOC.001710vE","Needles",0,"N","","UIJq0EC2zUCy2xPAxK9r79bnMR9wnxET"
"49fb3894-3087-483c-84f4-76a8e5929ebd","SRER_055.basePlot.ltr","D14","SRER","SRER_055","SRER_055_675","2016-05-12","2016-04-04","2016-05-05","2016-05-10T21:17Z","2016-05-12T21:25Z","NEON.LTR.SRER055675.20160505","NEON.LTR.SRER055675.20160505.SDS","NEON.DOC.001710vE","Seeds",1.26,"N","","UIJq0EC2zUCy2xPAxK9r79bnMR9wnxET"
"e74623e7-275f-4b58-bd58-124e32f2b392","SRER_055.basePlot.ltr","D14","SRER","SRER_055","SRER_055_838","2016-05-12","2016-04-04","2016-05-05","2016-05-10T21:17Z","2016-05-12T21:25Z","NEON.LTR.SRER055838.20160505","NEON.LTR.SRER055838.20160505.LVS","NEON.DOC.001710vE","Leaves",2.12,"N","","UIJq0EC2zUCy2xPAxK9r79bnMR9wnxET"
"66803d4b-aaab-4d13-badc-baa5c8aaf52a","SRER_055.basePlot.ltr","D14","SRER","SRER_055","SRER_055_675","2016-05-12","2016-04-04","2016-05-05","2016-05-10T21:17Z","2016-05-12T21:25Z","NEON.LTR.SRER055675.20160505","NEON.LTR.SRER055675.20160505.TWI","NEON.DOC.001710vE","Twigs/branches",0.23,"N","","UIJq0EC2zUCy2xPAxK9r79bnMR9wnxET"
"d3678595-ee82-4390-9567-15238369240d","SRER_055.basePlot.ltr","D14","SRER","SRER_055","SRER_055_838","2016-05-12","2016-04-04","2016-05-05","2016-05-10T21:17Z","2016-05-12T21:25Z","NEON.LTR.SRER055838.20160505","NEON.LTR.SRER055838.20160505.SDS","NEON.DOC.001710vE","Seeds",0.17,"Y","","UIJq0EC2zUCy2xPAxK9r79bnMR9wnxET"
"32f95737-a765-4a2a-8b32-ee32e84aa385","SRER_055.basePlot.ltr","D14","SRER","SRER_055","SRER_055_838","2016-05-12","2016-04-04","2016-05-05","2016-05-10T21:17Z","2016-05-12T21:25Z","NEON.LTR.SRER055838.20160505","NEON.LTR.SRER055838.20160505.TWI","NEON.DOC.001710vE","Twigs/branches",1.01,"Y","","UIJq0EC2zUCy2xPAxK9r79bnMR9wnxET"
"74c0c237-0b3e-40cc-89d8-5e8ac177849b","SRER_055.basePlot.ltr","D14","SRER","SRER_055","SRER_055_675","2016-05-12","2016-04-04","2016-05-05","2016-05-10T21:17Z","2016-05-12T21:25Z","NEON.LTR.SRER055675.20160505","NEON.LTR.SRER055675.20160505.OTH","NEON.DOC.001710vE","Other",0,"N","","UIJq0EC2zUCy2xPAxK9r79bnMR9wnxET"
"7d69148b-f9c1-4dd9-8868-73e99e8542b5","SRER_055.basePlot.ltr","D14","SRER","SRER_055","SRER_055_838","2016-05-12","2016-04-04","2016-05-05","2016-05-10T21:17Z","2016-05-12T21:25Z","NEON.LTR.SRER055838.20160505","NEON.LTR.SRER055838.20160505.WDY","NEON.DOC.001710vE","Woody material",0,"N","","UIJq0EC2zUCy2xPAxK9r79bnMR9wnxET"
"ed5c4fcd-9a40-40b5-a89a-564ebc1e902b","SRER_055.basePlot.ltr","D14","SRER","SRER_055","SRER_055_838","2016-05-12","2016-04-04","2016-05-05","2016-05-10T21:17Z","2016-05-12T21:25Z","NEON.LTR.SRER055838.20160505","NEON.LTR.SRER055838.20160505.OTH","NEON.DOC.001710vE","Other",0,"N","","UIJq0EC2zUCy2xPAxK9r79bnMR9wnxET"
"7846e2b7-8ea1-4951-a19e-2e5dde8d3383","SRER_055.basePlot.ltr","D14","SRER","SRER_055","SRER_055_838","2016-05-12","2016-04-04","2016-05-05","2016-05-10T21:17Z","2016-05-12T21:25Z","NEON.LTR.SRER055838.20160505","NEON.LTR.SRER055838.20160505.FLR","NEON.DOC.001710vE","Flowers",0.09,"N","","UIJq0EC2zUCy2xPAxK9r79bnMR9wnxET"
"a7c394e8-914c-4c0d-b124-1302063b1995","SRER_056.basePlot.ltr","D14","SRER","SRER_056","SRER_056_510","2016-05-12","2016-04-04","2016-05-05","2016-05-10T21:17Z","2016-05-12T21:25Z","NEON.LTR.SRER056510.20160505","NEON.LTR.SRER056510.20160505.LVS","NEON.DOC.001710vE","Leaves",2.2,"N","","UIJq0EC2zUCy2xPAxK9r79bnMR9wnxET"
"6b3fb462-b543-4125-b157-ba1ad7981359","SRER_055.basePlot.ltr","D14","SRER","SRER_055","SRER_055_838","2016-05-12","2016-04-04","2016-05-05","2016-05-10T21:17Z","2016-05-12T21:25Z","NEON.LTR.SRER055838.20160505","NEON.LTR.SRER055838.20160505.NDL","NEON.DOC.001710vE","Needles",0,"N","","UIJq0EC2zUCy2xPAxK9r79bnMR9wnxET"
"2fda7967-ee62-41fc-a1dc-02831d733476","SRER_056.basePlot.ltr","D14","SRER","SRER_056","SRER_056_510","2016-05-12","2016-04-04","2016-05-05","2016-05-10T21:17Z","2016-05-12T21:25Z","NEON.LTR.SRER056510.20160505","NEON.LTR.SRER056510.20160505.TWI","NEON.DOC.001710vE","Twigs/branches",0.9,"N","","UIJq0EC2zUCy2xPAxK9r79bnMR9wnxET"
"cd3180d6-3d7a-469a-94ea-bf463b530aa2","SRER_056.basePlot.ltr","D14","SRER","SRER_056","SRER_056_510","2016-05-12","2016-04-04","2016-05-05","2016-05-10T21:17Z","2016-05-12T21:25Z","NEON.LTR.SRER056510.20160505","NEON.LTR.SRER056510.20160505.WDY","NEON.DOC.001710vE","Woody material",0.07,"N","","UIJq0EC2zUCy2xPAxK9r79bnMR9wnxET"
"29814cdd-3e3b-42b3-8886-dad303fbd4ef","SRER_056.basePlot.ltr","D14","SRER","SRER_056","SRER_056_510","2016-05-12","2016-04-04","2016-05-05","2016-05-10T21:17Z","2016-05-12T21:25Z","NEON.LTR.SRER056510.20160505","NEON.LTR.SRER056510.20160505.SDS","NEON.DOC.001710vE","Seeds",0.46,"N","","UIJq0EC2zUCy2xPAxK9r79bnMR9wnxET"
"d9fe5c92-86e4-4552-bc67-d83f8ae12dec","SRER_056.basePlot.ltr","D14","SRER","SRER_056","SRER_056_510","2016-05-12","2016-04-04","2016-05-05","2016-05-10T21:17Z","2016-05-12T21:25Z","NEON.LTR.SRER056510.20160505","NEON.LTR.SRER056510.20160505.NDL","NEON.DOC.001710vE","Needles",0,"N","","UIJq0EC2zUCy2xPAxK9r79bnMR9wnxET"
"029a9359-3cd5-4b23-b22b-28951f9ae519","SRER_056.basePlot.ltr","D14","SRER","SRER_056","SRER_056_795","2016-05-12","2016-04-04","2016-05-05","2016-05-10T21:17Z","2016-05-12T21:25Z","NEON.LTR.SRER056795.20160505","NEON.LTR.SRER056795.20160505.LVS","NEON.DOC.001710vE","Leaves",0.6,"N","","UIJq0EC2zUCy2xPAxK9r79bnMR9wnxET"
"bb850199-d9e7-462e-9424-d1112d0bd558","SRER_056.basePlot.ltr","D14","SRER","SRER_056","SRER_056_510","2016-05-12","2016-04-04","2016-05-05","2016-05-10T21:17Z","2016-05-12T21:25Z","NEON.LTR.SRER056510.20160505","NEON.LTR.SRER056510.20160505.FLR","NEON.DOC.001710vE","Flowers",0.17,"N","","UIJq0EC2zUCy2xPAxK9r79bnMR9wnxET"
"ef2f4d8a-8997-4c9b-81df-cf94269caac8","SRER_056.basePlot.ltr","D14","SRER","SRER_056","SRER_056_795","2016-05-12","2016-04-04","2016-05-05","2016-05-10T21:17Z","2016-05-12T21:25Z","NEON.LTR.SRER056795.20160505","NEON.LTR.SRER056795.20160505.SDS","NEON.DOC.001710vE","Seeds",0.22,"N","","UIJq0EC2zUCy2xPAxK9r79bnMR9wnxET"
"c04ed18c-afa4-4a56-9cf6-7280db4c42a5","SRER_056.basePlot.ltr","D14","SRER","SRER_056","SRER_056_510","2016-05-12","2016-04-04","2016-05-05","2016-05-10T21:17Z","2016-05-12T21:25Z","NEON.LTR.SRER056510.20160505","NEON.LTR.SRER056510.20160505.OTH","NEON.DOC.001710vE","Other",0,"N","","UIJq0EC2zUCy2xPAxK9r79bnMR9wnxET"
"97f4b530-0925-44f9-9614-826ea9b934c1","SRER_056.basePlot.ltr","D14","SRER","SRER_056","SRER_056_795","2016-05-12","2016-04-04","2016-05-05","2016-05-10T21:17Z","2016-05-12T21:25Z","NEON.LTR.SRER056795.20160505","NEON.LTR.SRER056795.20160505.TWI","NEON.DOC.001710vE","Twigs/branches",0.98,"N","","UIJq0EC2zUCy2xPAxK9r79bnMR9wnxET"
"b25c8f27-4c84-4c7b-9b74-991291e1f6d4","SRER_056.basePlot.ltr","D14","SRER","SRER_056","SRER_056_795","2016-05-12","2016-04-04","2016-05-05","2016-05-10T21:17Z","2016-05-12T21:25Z","NEON.LTR.SRER056795.20160505","NEON.LTR.SRER056795.20160505.NDL","NEON.DOC.001710vE","Needles",0,"N","","UIJq0EC2zUCy2xPAxK9r79bnMR9wnxET"
"4b1572d6-147f-44eb-b791-92d8540522ab","SRER_056.basePlot.ltr","D14","SRER","SRER_056","SRER_056_795","2016-05-12","2016-04-04","2016-05-05","2016-05-10T21:17Z","2016-05-12T21:25Z","NEON.LTR.SRER056795.20160505","NEON.LTR.SRER056795.20160505.FLR","NEON.DOC.001710vE","Flowers",0.07,"N","","UIJq0EC2zUCy2xPAxK9r79bnMR9wnxET"
"ba3a2b13-d946-4dcf-80cd-0bf26d315736","SRER_057.basePlot.ltr","D14","SRER","SRER_057","SRER_057_357","2016-05-12","2016-04-04","2016-05-05","2016-05-10T21:17Z","2016-05-12T21:25Z","NEON.LTR.SRER057357.20160505","NEON.LTR.SRER057357.20160505.FLR","NEON.DOC.001710vE","Flowers",0.03,"N","","UIJq0EC2zUCy2xPAxK9r79bnMR9wnxET"
"9b8be7c2-d6a1-4d98-bae7-3c6ea36f1552","SRER_057.basePlot.ltr","D14","SRER","SRER_057","SRER_057_357","2016-05-12","2016-04-04","2016-05-05","2016-05-10T21:17Z","2016-05-12T21:25Z","NEON.LTR.SRER057357.20160505","NEON.LTR.SRER057357.20160505.SDS","NEON.DOC.001710vE","Seeds",0.22,"N","","UIJq0EC2zUCy2xPAxK9r79bnMR9wnxET"
"c06d61c6-389b-4155-84e8-9b83e39f11c4","SRER_056.basePlot.ltr","D14","SRER","SRER_056","SRER_056_795","2016-05-12","2016-04-04","2016-05-05","2016-05-10T21:17Z","2016-05-12T21:25Z","NEON.LTR.SRER056795.20160505","NEON.LTR.SRER056795.20160505.WDY","NEON.DOC.001710vE","Woody material",0.04,"N","","UIJq0EC2zUCy2xPAxK9r79bnMR9wnxET"
"d4f31d60-865d-4163-8441-ef34cf6a880e","SRER_057.basePlot.ltr","D14","SRER","SRER_057","SRER_057_357","2016-05-12","2016-04-04","2016-05-05","2016-05-10T21:17Z","2016-05-12T21:25Z","NEON.LTR.SRER057357.20160505","NEON.LTR.SRER057357.20160505.TWI","NEON.DOC.001710vE","Twigs/branches",0.55,"N","","UIJq0EC2zUCy2xPAxK9r79bnMR9wnxET"
"ccc82cfc-2499-4c1a-9453-713ac9b07fca","SRER_056.basePlot.ltr","D14","SRER","SRER_056","SRER_056_795","2016-05-12","2016-04-04","2016-05-05","2016-05-10T21:17Z","2016-05-12T21:25Z","NEON.LTR.SRER056795.20160505","NEON.LTR.SRER056795.20160505.OTH","NEON.DOC.001710vE","Other",0,"N","","UIJq0EC2zUCy2xPAxK9r79bnMR9wnxET"
"559ce796-27f7-429d-bcf5-5d14fc52b1cb","SRER_057.basePlot.ltr","D14","SRER","SRER_057","SRER_057_357","2016-05-12","2016-04-04","2016-05-05","2016-05-10T21:17Z","2016-05-12T21:25Z","NEON.LTR.SRER057357.20160505","NEON.LTR.SRER057357.20160505.WDY","NEON.DOC.001710vE","Woody material",0,"N","","UIJq0EC2zUCy2xPAxK9r79bnMR9wnxET"
"141bad29-2acb-4745-ae9a-43a691604136","SRER_057.basePlot.ltr","D14","SRER","SRER_057","SRER_057_357","2016-05-12","2016-04-04","2016-05-05","2016-05-10T21:17Z","2016-05-12T21:25Z","NEON.LTR.SRER057357.20160505","NEON.LTR.SRER057357.20160505.OTH","NEON.DOC.001710vE","Other",0,"N","","UIJq0EC2zUCy2xPAxK9r79bnMR9wnxET"
"443eebf1-b406-4702-8a9e-942fbe9d7aa0","SRER_057.basePlot.ltr","D14","SRER","SRER_057","SRER_057_357","2016-05-12","2016-04-04","2016-05-05","2016-05-10T21:17Z","2016-05-12T21:25Z","NEON.LTR.SRER057357.20160505","NEON.LTR.SRER057357.20160505.LVS","NEON.DOC.001710vE","Leaves",0.48,"N","","UIJq0EC2zUCy2xPAxK9r79bnMR9wnxET"
"151c2032-51f9-4439-83f2-5a332b93f4bd","SRER_057.basePlot.ltr","D14","SRER","SRER_057","SRER_057_916","2016-05-12","2016-04-04","2016-05-05","2016-05-10T21:17Z","2016-05-12T21:25Z","NEON.LTR.SRER057916.20160505","NEON.LTR.SRER057916.20160505.SDS","NEON.DOC.001710vE","Seeds",0.13,"N","","UIJq0EC2zUCy2xPAxK9r79bnMR9wnxET"
"ce1eeba1-cf4b-4b66-abf8-0257d5f397d3","SRER_057.basePlot.ltr","D14","SRER","SRER_057","SRER_057_916","2016-05-12","2016-04-04","2016-05-05","2016-05-10T21:17Z","2016-05-12T21:25Z","NEON.LTR.SRER057916.20160505","NEON.LTR.SRER057916.20160505.LVS","NEON.DOC.001710vE","Leaves",0.8,"N","","UIJq0EC2zUCy2xPAxK9r79bnMR9wnxET"
"0e30f6fb-5775-453e-9739-e76d70652f3b","SRER_057.basePlot.ltr","D14","SRER","SRER_057","SRER_057_357","2016-05-12","2016-04-04","2016-05-05","2016-05-10T21:17Z","2016-05-12T21:25Z","NEON.LTR.SRER057357.20160505","NEON.LTR.SRER057357.20160505.NDL","NEON.DOC.001710vE","Needles",0,"N","","UIJq0EC2zUCy2xPAxK9r79bnMR9wnxET"
"cf5a7f72-b2d6-46dd-b3fa-f17201ae089b","SRER_057.basePlot.ltr","D14","SRER","SRER_057","SRER_057_916","2016-05-12","2016-04-04","2016-05-05","2016-05-10T21:17Z","2016-05-12T21:25Z","NEON.LTR.SRER057916.20160505","NEON.LTR.SRER057916.20160505.NDL","NEON.DOC.001710vE","Needles",0,"N","","UIJq0EC2zUCy2xPAxK9r79bnMR9wnxET"
"61326ffc-e001-4170-9273-28ac961a30ba","SRER_057.basePlot.ltr","D14","SRER","SRER_057","SRER_057_916","2016-05-12","2016-04-04","2016-05-05","2016-05-10T21:17Z","2016-05-12T21:25Z","NEON.LTR.SRER057916.20160505","NEON.LTR.SRER057916.20160505.FLR","NEON.DOC.001710vE","Flowers",0.01,"N","","UIJq0EC2zUCy2xPAxK9r79bnMR9wnxET"
"d1485283-91b1-4463-834f-419fcae876f7","SRER_057.basePlot.ltr","D14","SRER","SRER_057","SRER_057_916","2016-05-12","2016-04-04","2016-05-05","2016-05-10T21:17Z","2016-05-12T21:25Z","NEON.LTR.SRER057916.20160505","NEON.LTR.SRER057916.20160505.TWI","NEON.DOC.001710vE","Twigs/branches",0.15,"N","","UIJq0EC2zUCy2xPAxK9r79bnMR9wnxET"
"4ebd2c41-1acc-4dcd-99f4-a8e1dbf91202","SRER_057.basePlot.ltr","D14","SRER","SRER_057","SRER_057_916","2016-05-12","2016-04-04","2016-05-05","2016-05-10T21:17Z","2016-05-12T21:25Z","NEON.LTR.SRER057916.20160505","NEON.LTR.SRER057916.20160505.WDY","NEON.DOC.001710vE","Woody material",0.03,"N","","UIJq0EC2zUCy2xPAxK9r79bnMR9wnxET"
"39cb11eb-21f6-44a2-ae7b-a71bcdd7260c","SRER_057.basePlot.ltr","D14","SRER","SRER_057","SRER_057_916","2016-05-12","2016-04-04","2016-05-05","2016-05-10T21:17Z","2016-05-12T21:25Z","NEON.LTR.SRER057916.20160505","NEON.LTR.SRER057916.20160505.OTH","NEON.DOC.001710vE","Other",0,"N","","UIJq0EC2zUCy2xPAxK9r79bnMR9wnxET"
"f366e1ea-b2c4-4af6-95fc-702106ca2863","SRER_053.basePlot.ltr","D14","SRER","SRER_053","SRER_053_519","2016-05-12","2016-04-04","2016-05-05","2016-05-10T21:17Z","2016-05-12T21:25Z","NEON.LTR.SRER053519.20160505","NEON.LTR.SRER053519.20160505.SDS","NEON.DOC.001710vE","Seeds",0.53,"N","","UIJq0EC2zUCy2xPAxK9r79bnMR9wnxET"
"3d412fce-91c4-4b7a-a4bd-12df2104deef","SRER_053.basePlot.ltr","D14","SRER","SRER_053","SRER_053_519","2016-05-12","2016-04-04","2016-05-05","2016-05-10T21:17Z","2016-05-12T21:25Z","NEON.LTR.SRER053519.20160505","NEON.LTR.SRER053519.20160505.FLR","NEON.DOC.001710vE","Flowers",0.38,"Y","","UIJq0EC2zUCy2xPAxK9r79bnMR9wnxET"
"0950c200-7846-49da-bd84-6f3b3e24a36c","SRER_053.basePlot.ltr","D14","SRER","SRER_053","SRER_053_519","2016-05-12","2016-04-04","2016-05-05","2016-05-10T21:17Z","2016-05-12T21:25Z","NEON.LTR.SRER053519.20160505","NEON.LTR.SRER053519.20160505.TWI","NEON.DOC.001710vE","Twigs/branches",0.64,"N","","UIJq0EC2zUCy2xPAxK9r79bnMR9wnxET"
"7f271203-d7ea-4ae9-89ae-8f62ea7fe7a1","SRER_053.basePlot.ltr","D14","SRER","SRER_053","SRER_053_519","2016-05-12","2016-04-04","2016-05-05","2016-05-10T21:17Z","2016-05-12T21:25Z","NEON.LTR.SRER053519.20160505","NEON.LTR.SRER053519.20160505.NDL","NEON.DOC.001710vE","Needles",0,"N","","UIJq0EC2zUCy2xPAxK9r79bnMR9wnxET"
"17dcb9c5-d8d7-4261-94f3-9d5e2a61fee5","SRER_053.basePlot.ltr","D14","SRER","SRER_053","SRER_053_519","2016-05-12","2016-04-04","2016-05-05","2016-05-10T21:17Z","2016-05-12T21:25Z","NEON.LTR.SRER053519.20160505","NEON.LTR.SRER053519.20160505.WDY","NEON.DOC.001710vE","Woody material",0,"N","","UIJq0EC2zUCy2xPAxK9r79bnMR9wnxET"
"7e2953d5-20ac-4f4f-a054-67bcad2006db","SRER_053.basePlot.ltr","D14","SRER","SRER_053","SRER_053_519","2016-05-12","2016-04-04","2016-05-05","2016-05-10T21:17Z","2016-05-12T21:25Z","NEON.LTR.SRER053519.20160505","NEON.LTR.SRER053519.20160505.OTH","NEON.DOC.001710vE","Other",0,"N","","UIJq0EC2zUCy2xPAxK9r79bnMR9wnxET"
"9f85745f-0d95-48fd-a78e-7406be1d1dea","SRER_053.basePlot.ltr","D14","SRER","SRER_053","SRER_053_878","2016-05-12","2016-04-04","2016-05-05","2016-05-10T21:17Z","2016-05-12T21:25Z","NEON.LTR.SRER053878.20160505","NEON.LTR.SRER053878.20160505.FLR","NEON.DOC.001710vE","Flowers",0.08,"N","","UIJq0EC2zUCy2xPAxK9r79bnMR9wnxET"
"8c00c833-c91d-4cae-adda-4a58bd8aa2ec","SRER_053.basePlot.ltr","D14","SRER","SRER_053","SRER_053_878","2016-05-12","2016-04-04","2016-05-05","2016-05-10T21:17Z","2016-05-12T21:25Z","NEON.LTR.SRER053878.20160505","NEON.LTR.SRER053878.20160505.LVS","NEON.DOC.001710vE","Leaves",2.54,"N","","UIJq0EC2zUCy2xPAxK9r79bnMR9wnxET"
"62c5589c-fc04-47bf-97be-c800562535d4","SRER_053.basePlot.ltr","D14","SRER","SRER_053","SRER_053_878","2016-05-12","2016-04-04","2016-05-05","2016-05-10T21:17Z","2016-05-12T21:25Z","NEON.LTR.SRER053878.20160505","NEON.LTR.SRER053878.20160505.SDS","NEON.DOC.001710vE","Seeds",0.36,"N","","UIJq0EC2zUCy2xPAxK9r79bnMR9wnxET"
"4b2c9143-5a5a-4492-8ad9-ad017b5761d3","SRER_053.basePlot.ltr","D14","SRER","SRER_053","SRER_053_878","2016-05-12","2016-04-04","2016-05-05","2016-05-10T21:17Z","2016-05-12T21:25Z","NEON.LTR.SRER053878.20160505","NEON.LTR.SRER053878.20160505.TWI","NEON.DOC.001710vE","Twigs/branches",1.48,"N","","UIJq0EC2zUCy2xPAxK9r79bnMR9wnxET"
"0b08ce0f-17fc-42b8-a92d-84aeba5b1060","SRER_053.basePlot.ltr","D14","SRER","SRER_053","SRER_053_878","2016-05-12","2016-04-04","2016-05-05","2016-05-10T21:17Z","2016-05-12T21:25Z","NEON.LTR.SRER053878.20160505","NEON.LTR.SRER053878.20160505.WDY","NEON.DOC.001710vE","Woody material",0.14,"N","","UIJq0EC2zUCy2xPAxK9r79bnMR9wnxET"
"aaf4ea55-0e8d-48c8-a698-b13f6fd7b458","SRER_053.basePlot.ltr","D14","SRER","SRER_053","SRER_053_878","2016-05-12","2016-04-04","2016-05-05","2016-05-10T21:17Z","2016-05-12T21:25Z","NEON.LTR.SRER053878.20160505","NEON.LTR.SRER053878.20160505.NDL","NEON.DOC.001710vE","Needles",0,"N","","UIJq0EC2zUCy2xPAxK9r79bnMR9wnxET"
"61ae9fd2-c1a6-4850-bc6f-ab485165c494","SRER_053.basePlot.ltr","D14","SRER","SRER_053","SRER_053_878","2016-05-12","2016-04-04","2016-05-05","2016-05-10T21:17Z","2016-05-12T21:25Z","NEON.LTR.SRER053878.20160505","NEON.LTR.SRER053878.20160505.OTH","NEON.DOC.001710vE","Other",0,"N","","UIJq0EC2zUCy2xPAxK9r79bnMR9wnxET"
"510bbd7a-287a-4d1c-bd36-b5684069cee7","SRER_054.basePlot.ltr","D14","SRER","SRER_054","SRER_054_524","2016-05-12","2016-04-04","2016-05-05","2016-05-10T21:17Z","2016-05-12T21:25Z","NEON.LTR.SRER054524.20160505","NEON.LTR.SRER054524.20160505.FLR","NEON.DOC.001710vE","Flowers",6.71,"N","","UIJq0EC2zUCy2xPAxK9r79bnMR9wnxET"
"b7456f41-9b05-4647-88c6-990ed8135f39","SRER_054.basePlot.ltr","D14","SRER","SRER_054","SRER_054_524","2016-05-12","2016-04-04","2016-05-05","2016-05-10T21:17Z","2016-05-12T21:25Z","NEON.LTR.SRER054524.20160505","NEON.LTR.SRER054524.20160505.LVS","NEON.DOC.001710vE","Leaves",0.28,"N","","UIJq0EC2zUCy2xPAxK9r79bnMR9wnxET"
"44cbb57c-7152-4d6d-983e-d2603cf65173","SRER_054.basePlot.ltr","D14","SRER","SRER_054","SRER_054_524","2016-05-12","2016-04-04","2016-05-05","2016-05-10T21:17Z","2016-05-12T21:25Z","NEON.LTR.SRER054524.20160505","NEON.LTR.SRER054524.20160505.SDS","NEON.DOC.001710vE","Seeds",0.01,"N","","UIJq0EC2zUCy2xPAxK9r79bnMR9wnxET"
"57067691-d95b-4a03-a377-1e17879b8d39","SRER_054.basePlot.ltr","D14","SRER","SRER_054","SRER_054_524","2016-05-12","2016-04-04","2016-05-05","2016-05-10T21:17Z","2016-05-12T21:25Z","NEON.LTR.SRER054524.20160505","NEON.LTR.SRER054524.20160505.TWI","NEON.DOC.001710vE","Twigs/branches",22.46,"N","","UIJq0EC2zUCy2xPAxK9r79bnMR9wnxET"
"f417567c-ebfc-4664-8c00-563f7a539f94","SRER_054.basePlot.ltr","D14","SRER","SRER_054","SRER_054_524","2016-05-12","2016-04-04","2016-05-05","2016-05-10T21:17Z","2016-05-12T21:25Z","NEON.LTR.SRER054524.20160505","NEON.LTR.SRER054524.20160505.WDY","NEON.DOC.001710vE","Woody material",0.23,"N","","UIJq0EC2zUCy2xPAxK9r79bnMR9wnxET"
"c5fb18aa-b67b-433d-ad43-1ed800e843ab","SRER_054.basePlot.ltr","D14","SRER","SRER_054","SRER_054_524","2016-05-12","2016-04-04","2016-05-05","2016-05-10T21:17Z","2016-05-12T21:25Z","NEON.LTR.SRER054524.20160505","NEON.LTR.SRER054524.20160505.NDL","NEON.DOC.001710vE","Needles",0,"N","","UIJq0EC2zUCy2xPAxK9r79bnMR9wnxET"
"8a42bfc8-0859-403c-94cc-849434cc2a3c","SRER_052.basePlot.ltr","D14","SRER","SRER_052","SRER_052_514","2016-05-12","2016-04-04","2016-05-05","2016-05-10T21:17Z","2016-05-12T21:25Z","NEON.LTR.SRER052514.20160505","NEON.LTR.SRER052514.20160505.WDY","NEON.DOC.001710vE","Woody material",0,"N","","UIJq0EC2zUCy2xPAxK9r79bnMR9wnxET"
"aa063bf7-58ad-42a9-b56c-37baf90acb9c","SRER_052.basePlot.ltr","D14","SRER","SRER_052","SRER_052_514","2016-05-12","2016-04-04","2016-05-05","2016-05-10T21:17Z","2016-05-12T21:25Z","NEON.LTR.SRER052514.20160505","NEON.LTR.SRER052514.20160505.OTH","NEON.DOC.001710vE","Other",0,"N","","UIJq0EC2zUCy2xPAxK9r79bnMR9wnxET"
"db37305f-e7ac-4763-a740-1cf6f05b477c","SRER_053.basePlot.ltr","D14","SRER","SRER_053","SRER_053_519","2016-05-12","2016-04-04","2016-05-05","2016-05-10T21:17Z","2016-05-12T21:25Z","NEON.LTR.SRER053519.20160505","NEON.LTR.SRER053519.20160505.LVS","NEON.DOC.001710vE","Leaves",1.2,"N","","UIJq0EC2zUCy2xPAxK9r79bnMR9wnxET"
"cbf49713-7ef6-4809-a407-4fa02dd7967b","SRER_052.basePlot.ltr","D14","SRER","SRER_052","SRER_052_514","2016-05-12","2016-04-04","2016-05-05","2016-05-10T21:17Z","2016-05-12T21:25Z","NEON.LTR.SRER052514.20160505","NEON.LTR.SRER052514.20160505.TWI","NEON.DOC.001710vE","Twigs/branches",4.08,"N","","UIJq0EC2zUCy2xPAxK9r79bnMR9wnxET"
"1227232d-42ea-4915-bfc9-bfba10e9eb4d","SRER_052.basePlot.ltr","D14","SRER","SRER_052","SRER_052_514","2016-05-12","2016-04-04","2016-05-05","2016-05-10T21:17Z","2016-05-12T21:25Z","NEON.LTR.SRER052514.20160505","NEON.LTR.SRER052514.20160505.NDL","NEON.DOC.001710vE","Needles",0,"N","","UIJq0EC2zUCy2xPAxK9r79bnMR9wnxET"
"50377a74-a2c3-4504-bcd8-f99f0c72a9ae","SRER_052.basePlot.ltr","D14","SRER","SRER_052","SRER_052_514","2016-05-12","2016-04-04","2016-05-05","2016-05-10T21:17Z","2016-05-12T21:25Z","NEON.LTR.SRER052514.20160505","NEON.LTR.SRER052514.20160505.LVS","NEON.DOC.001710vE","Leaves",5.91,"N","","UIJq0EC2zUCy2xPAxK9r79bnMR9wnxET"
"7ad21f12-80a9-493c-8509-0d1310d794ac","SRER_052.basePlot.ltr","D14","SRER","SRER_052","SRER_052_514","2016-05-12","2016-04-04","2016-05-05","2016-05-10T21:17Z","2016-05-12T21:25Z","NEON.LTR.SRER052514.20160505","NEON.LTR.SRER052514.20160505.FLR","NEON.DOC.001710vE","Flowers",0.57,"N","","UIJq0EC2zUCy2xPAxK9r79bnMR9wnxET"
"f1e4d5bc-665a-4f0d-a63d-524bda4e3c22","SRER_052.basePlot.ltr","D14","SRER","SRER_052","SRER_052_514","2016-05-12","2016-04-04","2016-05-05","2016-05-10T21:17Z","2016-05-12T21:25Z","NEON.LTR.SRER052514.20160505","NEON.LTR.SRER052514.20160505.SDS","NEON.DOC.001710vE","Seeds",0.82,"N","","UIJq0EC2zUCy2xPAxK9r79bnMR9wnxET"
"3208dcf4-abea-457b-be7d-a82db70531c5","SRER_052.basePlot.ltr","D14","SRER","SRER_052","SRER_052_122","2016-05-12","2016-04-04","2016-05-05","2016-05-10T21:17Z","2016-05-12T21:25Z","NEON.LTR.SRER052122.20160505","NEON.LTR.SRER052122.20160505.WDY","NEON.DOC.001710vE","Woody material",0.01,"N","","UIJq0EC2zUCy2xPAxK9r79bnMR9wnxET"
"a26124a7-885e-4670-971c-6d2a788674ee","SRER_052.basePlot.ltr","D14","SRER","SRER_052","SRER_052_122","2016-05-12","2016-04-04","2016-05-05","2016-05-10T21:17Z","2016-05-12T21:25Z","NEON.LTR.SRER052122.20160505","NEON.LTR.SRER052122.20160505.NDL","NEON.DOC.001710vE","Needles",0,"N","","UIJq0EC2zUCy2xPAxK9r79bnMR9wnxET"
"13092929-99f1-4c91-bb8c-ca367e93bfcc","SRER_052.basePlot.ltr","D14","SRER","SRER_052","SRER_052_122","2016-05-12","2016-04-04","2016-05-05","2016-05-10T21:17Z","2016-05-12T21:25Z","NEON.LTR.SRER052122.20160505","NEON.LTR.SRER052122.20160505.OTH","NEON.DOC.001710vE","Other",0,"N","","UIJq0EC2zUCy2xPAxK9r79bnMR9wnxET"
"ba3b0588-2fae-4b4c-a369-cc06dbf62209","SRER_052.basePlot.ltr","D14","SRER","SRER_052","SRER_052_122","2016-05-12","2016-04-04","2016-05-05","2016-05-10T21:17Z","2016-05-12T21:25Z","NEON.LTR.SRER052122.20160505","NEON.LTR.SRER052122.20160505.SDS","NEON.DOC.001710vE","Seeds",0.01,"N","","UIJq0EC2zUCy2xPAxK9r79bnMR9wnxET"
"ca2dab15-1722-4543-9e5b-5823bb46c5e7","SRER_052.basePlot.ltr","D14","SRER","SRER_052","SRER_052_122","2016-05-12","2016-04-04","2016-05-05","2016-05-10T21:17Z","2016-05-12T21:25Z","NEON.LTR.SRER052122.20160505","NEON.LTR.SRER052122.20160505.TWI","NEON.DOC.001710vE","Twigs/branches",0.005,"N","","UIJq0EC2zUCy2xPAxK9r79bnMR9wnxET"
"710077c9-a76e-435b-ae3b-347bc7b803da","SRER_051.basePlot.ltr","D14","SRER","SRER_051","SRER_051_842","2016-05-12","2016-04-04","2016-05-05","2016-05-10T21:17Z","2016-05-12T21:25Z","NEON.LTR.SRER051842.20160505","NEON.LTR.SRER051842.20160505.OTH","NEON.DOC.001710vE","Other",0,"N","","UIJq0EC2zUCy2xPAxK9r79bnMR9wnxET"
"95a9c590-d67f-48d3-adf0-9119ceafd4df","SRER_052.basePlot.ltr","D14","SRER","SRER_052","SRER_052_122","2016-05-12","2016-04-04","2016-05-05","2016-05-10T21:17Z","2016-05-12T21:25Z","NEON.LTR.SRER052122.20160505","NEON.LTR.SRER052122.20160505.FLR","NEON.DOC.001710vE","Flowers",0.27,"N","","UIJq0EC2zUCy2xPAxK9r79bnMR9wnxET"
"e247468a-01ea-49f2-8713-ffff26fd246e","SRER_052.basePlot.ltr","D14","SRER","SRER_052","SRER_052_122","2016-05-12","2016-04-04","2016-05-05","2016-05-10T21:17Z","2016-05-12T21:25Z","NEON.LTR.SRER052122.20160505","NEON.LTR.SRER052122.20160505.LVS","NEON.DOC.001710vE","Leaves",0.07,"N","","UIJq0EC2zUCy2xPAxK9r79bnMR9wnxET"
"5fbfcfb4-b9ea-44b6-b02c-808a7a93351c","SRER_051.basePlot.ltr","D14","SRER","SRER_051","SRER_051_842","2016-05-12","2016-04-04","2016-05-05","2016-05-10T21:17Z","2016-05-12T21:25Z","NEON.LTR.SRER051842.20160505","NEON.LTR.SRER051842.20160505.TWI","NEON.DOC.001710vE","Twigs/branches",0.01,"N","","UIJq0EC2zUCy2xPAxK9r79bnMR9wnxET"
"6cce3c4d-b9bb-4d65-bfd3-7c7443b724bc","SRER_051.basePlot.ltr","D14","SRER","SRER_051","SRER_051_842","2016-05-12","2016-04-04","2016-05-05","2016-05-10T21:17Z","2016-05-12T21:25Z","NEON.LTR.SRER051842.20160505","NEON.LTR.SRER051842.20160505.NDL","NEON.DOC.001710vE","Needles",0,"N","","UIJq0EC2zUCy2xPAxK9r79bnMR9wnxET"
"5d8ad654-f01a-49b8-ab3e-6490121a24a6","SRER_051.basePlot.ltr","D14","SRER","SRER_051","SRER_051_842","2016-05-12","2016-04-04","2016-05-05","2016-05-10T21:17Z","2016-05-12T21:25Z","NEON.LTR.SRER051842.20160505","NEON.LTR.SRER051842.20160505.WDY","NEON.DOC.001710vE","Woody material",0,"N","","UIJq0EC2zUCy2xPAxK9r79bnMR9wnxET"
"25632190-8228-4f27-8a7f-495f0335f5b8","SRER_051.basePlot.ltr","D14","SRER","SRER_051","SRER_051_842","2016-05-12","2016-04-04","2016-05-05","2016-05-10T21:17Z","2016-05-12T21:25Z","NEON.LTR.SRER051842.20160505","NEON.LTR.SRER051842.20160505.LVS","NEON.DOC.001710vE","Leaves",0.23,"N","","UIJq0EC2zUCy2xPAxK9r79bnMR9wnxET"
"4d739fa8-1b50-429c-86ec-b3e7882d8ec7","SRER_051.basePlot.ltr","D14","SRER","SRER_051","SRER_051_842","2016-05-12","2016-04-04","2016-05-05","2016-05-10T21:17Z","2016-05-12T21:25Z","NEON.LTR.SRER051842.20160505","NEON.LTR.SRER051842.20160505.SDS","NEON.DOC.001710vE","Seeds",0.005,"N","","UIJq0EC2zUCy2xPAxK9r79bnMR9wnxET"
"b069f023-dce4-47a5-bcb6-8307ffd362fa","SRER_051.basePlot.ltr","D14","SRER","SRER_051","SRER_051_371","2016-05-12","2016-04-04","2016-05-05","2016-05-10T21:17Z","2016-05-12T21:25Z","NEON.LTR.SRER051371.20160505","NEON.LTR.SRER051371.20160505.WDY","NEON.DOC.001710vE","Woody material",0,"N","","UIJq0EC2zUCy2xPAxK9r79bnMR9wnxET"
"df60c281-8a5a-4a74-b328-cb383104c368","SRER_051.basePlot.ltr","D14","SRER","SRER_051","SRER_051_371","2016-05-12","2016-04-04","2016-05-05","2016-05-10T21:17Z","2016-05-12T21:25Z","NEON.LTR.SRER051371.20160505","NEON.LTR.SRER051371.20160505.OTH","NEON.DOC.001710vE","Other",0,"N","","UIJq0EC2zUCy2xPAxK9r79bnMR9wnxET"
"01217cdb-f74e-4af5-88ea-a5f8f0ff93fa","SRER_051.basePlot.ltr","D14","SRER","SRER_051","SRER_051_842","2016-05-12","2016-04-04","2016-05-05","2016-05-10T21:17Z","2016-05-12T21:25Z","NEON.LTR.SRER051842.20160505","NEON.LTR.SRER051842.20160505.FLR","NEON.DOC.001710vE","Flowers",0.26,"N","","UIJq0EC2zUCy2xPAxK9r79bnMR9wnxET"
"5df06dfb-390c-497f-8361-c638b505abbb","SRER_051.basePlot.ltr","D14","SRER","SRER_051","SRER_051_371","2016-05-12","2016-04-04","2016-05-05","2016-05-10T21:17Z","2016-05-12T21:25Z","NEON.LTR.SRER051371.20160505","NEON.LTR.SRER051371.20160505.SDS","NEON.DOC.001710vE","Seeds",0.94,"N","","UIJq0EC2zUCy2xPAxK9r79bnMR9wnxET"
"0b1d26de-1021-4b1c-a6f8-fdea4e454581","SRER_051.basePlot.ltr","D14","SRER","SRER_051","SRER_051_371","2016-05-12","2016-04-04","2016-05-05","2016-05-10T21:17Z","2016-05-12T21:25Z","NEON.LTR.SRER051371.20160505","NEON.LTR.SRER051371.20160505.TWI","NEON.DOC.001710vE","Twigs/branches",1.02,"N","","UIJq0EC2zUCy2xPAxK9r79bnMR9wnxET"
"08092c6a-f6e9-452c-9801-0f983213acf0","SRER_051.basePlot.ltr","D14","SRER","SRER_051","SRER_051_371","2016-05-12","2016-04-04","2016-05-05","2016-05-10T21:17Z","2016-05-12T21:25Z","NEON.LTR.SRER051371.20160505","NEON.LTR.SRER051371.20160505.NDL","NEON.DOC.001710vE","Needles",0,"N","","UIJq0EC2zUCy2xPAxK9r79bnMR9wnxET"
"279dc941-0ed0-433e-b2c6-df4e0bb530cf","SRER_051.basePlot.ltr","D14","SRER","SRER_051","SRER_051_371","2016-05-12","2016-04-04","2016-05-05","2016-05-10T21:17Z","2016-05-12T21:25Z","NEON.LTR.SRER051371.20160505","NEON.LTR.SRER051371.20160505.FLR","NEON.DOC.001710vE","Flowers",0.48,"N","","UIJq0EC2zUCy2xPAxK9r79bnMR9wnxET"
"04cf7e51-7285-4148-b03e-5136700b1465","SRER_051.basePlot.ltr","D14","SRER","SRER_051","SRER_051_371","2016-05-12","2016-04-04","2016-05-05","2016-05-10T21:17Z","2016-05-12T21:25Z","NEON.LTR.SRER051371.20160505","NEON.LTR.SRER051371.20160505.LVS","NEON.DOC.001710vE","Leaves",3.12,"Y","","UIJq0EC2zUCy2xPAxK9r79bnMR9wnxET"
"140ab94e-64b0-46d0-b8a8-2653333358b7","SRER_050.basePlot.ltr","D14","SRER","SRER_050","SRER_050_716","2016-05-12","2016-04-04","2016-05-05","2016-05-10T21:17Z","2016-05-12T21:25Z","NEON.LTR.SRER050716.20160505","NEON.LTR.SRER050716.20160505.NDL","NEON.DOC.001710vE","Needles",0,"N","","UIJq0EC2zUCy2xPAxK9r79bnMR9wnxET"
"bdc096f5-51e1-4865-a40d-cfe366365b5f","SRER_050.basePlot.ltr","D14","SRER","SRER_050","SRER_050_716","2016-05-12","2016-04-04","2016-05-05","2016-05-10T21:17Z","2016-05-12T21:25Z","NEON.LTR.SRER050716.20160505","NEON.LTR.SRER050716.20160505.OTH","NEON.DOC.001710vE","Other",0,"N","","UIJq0EC2zUCy2xPAxK9r79bnMR9wnxET"
"8a03be77-9fcb-4a4d-b0a7-27b546acdb2e","SRER_047.basePlot.ltr","D14","SRER","SRER_047","SRER_047_568","2016-05-12","2016-04-04","2016-05-05","2016-05-10T21:17Z","2016-05-12T21:25Z","NEON.LTR.SRER047568.20160505","NEON.LTR.SRER047568.20160505.NDL","NEON.DOC.001710vE","Needles",0,"N","","UIJq0EC2zUCy2xPAxK9r79bnMR9wnxET"
"1da768c0-6a41-42ea-83ad-6702b920ae77","SRER_046.basePlot.ltr","D14","SRER","SRER_046","SRER_046_795","2016-05-12","2016-04-04","2016-05-05","2016-05-10T21:17Z","2016-05-12T21:25Z","NEON.LTR.SRER046795.20160505","NEON.LTR.SRER046795.20160505.NDL","NEON.DOC.001710vE","Needles",0,"N","","UIJq0EC2zUCy2xPAxK9r79bnMR9wnxET"
"435dcf96-02c0-4c81-b61c-cfd540cd84e6","SRER_046.basePlot.ltr","D14","SRER","SRER_046","SRER_046_795","2016-05-12","2016-04-04","2016-05-05","2016-05-10T21:17Z","2016-05-12T21:25Z","NEON.LTR.SRER046795.20160505","NEON.LTR.SRER046795.20160505.WDY","NEON.DOC.001710vE","Woody material",0,"N","","UIJq0EC2zUCy2xPAxK9r79bnMR9wnxET"
"dd8213cb-e998-404a-b906-bc3beef21321","SRER_047.basePlot.ltr","D14","SRER","SRER_047","SRER_047_568","2016-05-12","2016-04-04","2016-05-05","2016-05-10T21:17Z","2016-05-12T21:25Z","NEON.LTR.SRER047568.20160505","NEON.LTR.SRER047568.20160505.SDS","NEON.DOC.001710vE","Seeds",0.16,"N","","UIJq0EC2zUCy2xPAxK9r79bnMR9wnxET"
"b7d4d870-2096-4c37-9b21-c4c226c7407f","SRER_046.basePlot.ltr","D14","SRER","SRER_046","SRER_046_795","2016-05-12","2016-04-04","2016-05-05","2016-05-10T21:17Z","2016-05-12T21:25Z","NEON.LTR.SRER046795.20160505","NEON.LTR.SRER046795.20160505.OTH","NEON.DOC.001710vE","Other",0,"N","","UIJq0EC2zUCy2xPAxK9r79bnMR9wnxET"
"e12f8762-f3f2-433d-b92d-15e12c67f716","SRER_047.basePlot.ltr","D14","SRER","SRER_047","SRER_047_568","2016-05-12","2016-04-04","2016-05-05","2016-05-10T21:17Z","2016-05-12T21:25Z","NEON.LTR.SRER047568.20160505","NEON.LTR.SRER047568.20160505.TWI","NEON.DOC.001710vE","Twigs/branches",0.87,"N","","UIJq0EC2zUCy2xPAxK9r79bnMR9wnxET"
"03a4c97f-69c5-4c5c-9897-40e1f6ed3721","SRER_047.basePlot.ltr","D14","SRER","SRER_047","SRER_047_568","2016-05-12","2016-04-04","2016-05-05","2016-05-10T21:17Z","2016-05-12T21:25Z","NEON.LTR.SRER047568.20160505","NEON.LTR.SRER047568.20160505.WDY","NEON.DOC.001710vE","Woody material",0.01,"N","","UIJq0EC2zUCy2xPAxK9r79bnMR9wnxET"
"fde43763-7e83-47ff-8371-1ad4aa337de9","SRER_047.basePlot.ltr","D14","SRER","SRER_047","SRER_047_568","2016-05-12","2016-04-04","2016-05-05","2016-05-10T21:17Z","2016-05-12T21:25Z","NEON.LTR.SRER047568.20160505","NEON.LTR.SRER047568.20160505.FLR","NEON.DOC.001710vE","Flowers",0.13,"N","","UIJq0EC2zUCy2xPAxK9r79bnMR9wnxET"
"6a2f917c-097a-40c1-a3e6-ef9cf766699c","SRER_047.basePlot.ltr","D14","SRER","SRER_047","SRER_047_568","2016-05-12","2016-04-04","2016-05-05","2016-05-10T21:17Z","2016-05-12T21:25Z","NEON.LTR.SRER047568.20160505","NEON.LTR.SRER047568.20160505.LVS","NEON.DOC.001710vE","Leaves",1.53,"Y","","UIJq0EC2zUCy2xPAxK9r79bnMR9wnxET"
"0597f844-075d-4cff-80ad-6d8b0880e3d2","SRER_047.basePlot.ltr","D14","SRER","SRER_047","SRER_047_826","2016-05-12","2016-04-04","2016-05-05","2016-05-10T21:17Z","2016-05-12T21:25Z","NEON.LTR.SRER047826.20160505","NEON.LTR.SRER047826.20160505.LVS","NEON.DOC.001710vE","Leaves",1.92,"N","","UIJq0EC2zUCy2xPAxK9r79bnMR9wnxET"
"9669e9cb-2cdc-48a2-adfb-88e09e842976","SRER_047.basePlot.ltr","D14","SRER","SRER_047","SRER_047_568","2016-05-12","2016-04-04","2016-05-05","2016-05-10T21:17Z","2016-05-12T21:25Z","NEON.LTR.SRER047568.20160505","NEON.LTR.SRER047568.20160505.OTH","NEON.DOC.001710vE","Other",0.04,"N","","UIJq0EC2zUCy2xPAxK9r79bnMR9wnxET"
"c553d4be-4887-4cc3-8b66-58b932bf40ef","SRER_047.basePlot.ltr","D14","SRER","SRER_047","SRER_047_826","2016-05-12","2016-04-04","2016-05-05","2016-05-10T21:17Z","2016-05-12T21:25Z","NEON.LTR.SRER047826.20160505","NEON.LTR.SRER047826.20160505.WDY","NEON.DOC.001710vE","Woody material",0.01,"N","","UIJq0EC2zUCy2xPAxK9r79bnMR9wnxET"
"237a536a-6c09-411f-ab53-4e9a013f0bbe","SRER_047.basePlot.ltr","D14","SRER","SRER_047","SRER_047_826","2016-05-12","2016-04-04","2016-05-05","2016-05-10T21:17Z","2016-05-12T21:25Z","NEON.LTR.SRER047826.20160505","NEON.LTR.SRER047826.20160505.SDS","NEON.DOC.001710vE","Seeds",0.36,"N","","UIJq0EC2zUCy2xPAxK9r79bnMR9wnxET"
"84a42135-e72e-4734-aaa6-5fc926cacd06","SRER_047.basePlot.ltr","D14","SRER","SRER_047","SRER_047_826","2016-05-12","2016-04-04","2016-05-05","2016-05-10T21:17Z","2016-05-12T21:25Z","NEON.LTR.SRER047826.20160505","NEON.LTR.SRER047826.20160505.OTH","NEON.DOC.001710vE","Other",0,"N","","UIJq0EC2zUCy2xPAxK9r79bnMR9wnxET"
"2006fb36-ac8b-4200-be6e-8b527e2c3e54","SRER_048.basePlot.ltr","D14","SRER","SRER_048","SRER_048_308","2016-05-12","2016-04-04","2016-05-05","2016-05-10T21:17Z","2016-05-12T21:25Z","NEON.LTR.SRER048308.20160505","NEON.LTR.SRER048308.20160505.FLR","NEON.DOC.001710vE","Flowers",2.18,"Y","","UIJq0EC2zUCy2xPAxK9r79bnMR9wnxET"
"4fe612fc-f0c2-497e-91de-055e2afc5684","SRER_047.basePlot.ltr","D14","SRER","SRER_047","SRER_047_826","2016-05-12","2016-04-04","2016-05-05","2016-05-10T21:17Z","2016-05-12T21:25Z","NEON.LTR.SRER047826.20160505","NEON.LTR.SRER047826.20160505.FLR","NEON.DOC.001710vE","Flowers",0.11,"N","","UIJq0EC2zUCy2xPAxK9r79bnMR9wnxET"
"50640edc-0967-40c2-bbd8-698d5b264fb6","SRER_047.basePlot.ltr","D14","SRER","SRER_047","SRER_047_826","2016-05-12","2016-04-04","2016-05-05","2016-05-10T21:17Z","2016-05-12T21:25Z","NEON.LTR.SRER047826.20160505","NEON.LTR.SRER047826.20160505.TWI","NEON.DOC.001710vE","Twigs/branches",1.08,"N","","UIJq0EC2zUCy2xPAxK9r79bnMR9wnxET"
"58e5d7bc-d034-4ca4-9927-a9b4f976b1a0","SRER_048.basePlot.ltr","D14","SRER","SRER_048","SRER_048_308","2016-05-12","2016-04-04","2016-05-05","2016-05-10T21:17Z","2016-05-12T21:25Z","NEON.LTR.SRER048308.20160505","NEON.LTR.SRER048308.20160505.LVS","NEON.DOC.001710vE","Leaves",1.37,"N","","UIJq0EC2zUCy2xPAxK9r79bnMR9wnxET"
"098fd453-c9d7-437d-81be-420898df30f6","SRER_047.basePlot.ltr","D14","SRER","SRER_047","SRER_047_826","2016-05-12","2016-04-04","2016-05-05","2016-05-10T21:17Z","2016-05-12T21:25Z","NEON.LTR.SRER047826.20160505","NEON.LTR.SRER047826.20160505.NDL","NEON.DOC.001710vE","Needles",0,"N","","UIJq0EC2zUCy2xPAxK9r79bnMR9wnxET"
"49062726-22e2-4206-a35d-b8648ffcfc76","SRER_048.basePlot.ltr","D14","SRER","SRER_048","SRER_048_308","2016-05-12","2016-04-04","2016-05-05","2016-05-10T21:17Z","2016-05-12T21:25Z","NEON.LTR.SRER048308.20160505","NEON.LTR.SRER048308.20160505.WDY","NEON.DOC.001710vE","Woody material",0,"N","","UIJq0EC2zUCy2xPAxK9r79bnMR9wnxET"
"d6c0a35a-7a3e-4539-971e-3da69289d39d","SRER_048.basePlot.ltr","D14","SRER","SRER_048","SRER_048_308","2016-05-12","2016-04-04","2016-05-05","2016-05-10T21:17Z","2016-05-12T21:25Z","NEON.LTR.SRER048308.20160505","NEON.LTR.SRER048308.20160505.SDS","NEON.DOC.001710vE","Seeds",0.29,"N","","UIJq0EC2zUCy2xPAxK9r79bnMR9wnxET"
"7685cf7b-32e0-45c9-87c6-2b23b6f5b421","SRER_048.basePlot.ltr","D14","SRER","SRER_048","SRER_048_815","2016-05-12","2016-04-04","2016-05-05","2016-05-10T21:17Z","2016-05-12T21:25Z","NEON.LTR.SRER048815.20160505","NEON.LTR.SRER048815.20160505.FLR","NEON.DOC.001710vE","Flowers",0.63,"N","","UIJq0EC2zUCy2xPAxK9r79bnMR9wnxET"
"43eb8a2e-ff8d-487a-840e-08128ba5760b","SRER_048.basePlot.ltr","D14","SRER","SRER_048","SRER_048_815","2016-05-12","2016-04-04","2016-05-05","2016-05-10T21:17Z","2016-05-12T21:25Z","NEON.LTR.SRER048815.20160505","NEON.LTR.SRER048815.20160505.LVS","NEON.DOC.001710vE","Leaves",0.39,"N","","UIJq0EC2zUCy2xPAxK9r79bnMR9wnxET"
"38611a77-7372-4a3c-b771-a9c06d3252e9","SRER_048.basePlot.ltr","D14","SRER","SRER_048","SRER_048_308","2016-05-12","2016-04-04","2016-05-05","2016-05-10T21:17Z","2016-05-12T21:25Z","NEON.LTR.SRER048308.20160505","NEON.LTR.SRER048308.20160505.TWI","NEON.DOC.001710vE","Twigs/branches",0.46,"N","","UIJq0EC2zUCy2xPAxK9r79bnMR9wnxET"
"ba35ea66-892a-4b20-a553-5ae1a0ede243","SRER_048.basePlot.ltr","D14","SRER","SRER_048","SRER_048_308","2016-05-12","2016-04-04","2016-05-05","2016-05-10T21:17Z","2016-05-12T21:25Z","NEON.LTR.SRER048308.20160505","NEON.LTR.SRER048308.20160505.NDL","NEON.DOC.001710vE","Needles",0,"N","","UIJq0EC2zUCy2xPAxK9r79bnMR9wnxET"
"beddd2ab-b131-4b42-92ef-70378be1cae3","SRER_048.basePlot.ltr","D14","SRER","SRER_048","SRER_048_815","2016-05-12","2016-04-04","2016-05-05","2016-05-10T21:17Z","2016-05-12T21:25Z","NEON.LTR.SRER048815.20160505","NEON.LTR.SRER048815.20160505.TWI","NEON.DOC.001710vE","Twigs/branches",0.24,"N","","UIJq0EC2zUCy2xPAxK9r79bnMR9wnxET"
"5b130f46-3e9e-4efb-a7af-6e95e1224388","SRER_048.basePlot.ltr","D14","SRER","SRER_048","SRER_048_308","2016-05-12","2016-04-04","2016-05-05","2016-05-10T21:17Z","2016-05-12T21:25Z","NEON.LTR.SRER048308.20160505","NEON.LTR.SRER048308.20160505.OTH","NEON.DOC.001710vE","Other",0,"N","","UIJq0EC2zUCy2xPAxK9r79bnMR9wnxET"
"3324d9b0-266a-4a50-b20f-f7145069be61","SRER_048.basePlot.ltr","D14","SRER","SRER_048","SRER_048_815","2016-05-12","2016-04-04","2016-05-05","2016-05-10T21:17Z","2016-05-12T21:25Z","NEON.LTR.SRER048815.20160505","NEON.LTR.SRER048815.20160505.OTH","NEON.DOC.001710vE","Other",0,"N","","UIJq0EC2zUCy2xPAxK9r79bnMR9wnxET"
"0d1c50f0-34e1-4952-bedd-8fd5f2a2f7db","SRER_048.basePlot.ltr","D14","SRER","SRER_048","SRER_048_815","2016-05-12","2016-04-04","2016-05-05","2016-05-10T21:17Z","2016-05-12T21:25Z","NEON.LTR.SRER048815.20160505","NEON.LTR.SRER048815.20160505.SDS","NEON.DOC.001710vE","Seeds",0.29,"N","","UIJq0EC2zUCy2xPAxK9r79bnMR9wnxET"
"d44bcfc9-143d-455e-94ef-9c698e7b0b03","SRER_049.basePlot.ltr","D14","SRER","SRER_049","SRER_049_050","2016-05-12","2016-04-04","2016-05-05","2016-05-10T21:17Z","2016-05-12T21:25Z","NEON.LTR.SRER049050.20160505","NEON.LTR.SRER049050.20160505.SDS","NEON.DOC.001710vE","Seeds",0.77,"N","","UIJq0EC2zUCy2xPAxK9r79bnMR9wnxET"
"be9c8cc5-01b1-43be-a06f-15c820ac44c3","SRER_049.basePlot.ltr","D14","SRER","SRER_049","SRER_049_050","2016-05-12","2016-04-04","2016-05-05","2016-05-10T21:17Z","2016-05-12T21:25Z","NEON.LTR.SRER049050.20160505","NEON.LTR.SRER049050.20160505.OTH","NEON.DOC.001710vE","Other",0.07,"N","","UIJq0EC2zUCy2xPAxK9r79bnMR9wnxET"
"07d88e8f-254b-40ab-a281-b91f2b0b41a2","SRER_048.basePlot.ltr","D14","SRER","SRER_048","SRER_048_815","2016-05-12","2016-04-04","2016-05-05","2016-05-10T21:17Z","2016-05-12T21:25Z","NEON.LTR.SRER048815.20160505","NEON.LTR.SRER048815.20160505.NDL","NEON.DOC.001710vE","Needles",0,"N","","UIJq0EC2zUCy2xPAxK9r79bnMR9wnxET"
"3c51525f-4a6c-402f-b8eb-5b3be073d1e2","SRER_048.basePlot.ltr","D14","SRER","SRER_048","SRER_048_815","2016-05-12","2016-04-04","2016-05-05","2016-05-10T21:17Z","2016-05-12T21:25Z","NEON.LTR.SRER048815.20160505","NEON.LTR.SRER048815.20160505.WDY","NEON.DOC.001710vE","Woody material",0,"N","","UIJq0EC2zUCy2xPAxK9r79bnMR9wnxET"
"4cb48090-fa7a-4adf-8c75-6e484dfd3d4d","SRER_049.basePlot.ltr","D14","SRER","SRER_049","SRER_049_050","2016-05-12","2016-04-04","2016-05-05","2016-05-10T21:17Z","2016-05-12T21:25Z","NEON.LTR.SRER049050.20160505","NEON.LTR.SRER049050.20160505.WDY","NEON.DOC.001710vE","Woody material",0.02,"N","","UIJq0EC2zUCy2xPAxK9r79bnMR9wnxET"
"fb84dc48-e8b6-41f1-9e86-d4e39976a469","SRER_049.basePlot.ltr","D14","SRER","SRER_049","SRER_049_050","2016-05-12","2016-04-04","2016-05-05","2016-05-10T21:17Z","2016-05-12T21:25Z","NEON.LTR.SRER049050.20160505","NEON.LTR.SRER049050.20160505.FLR","NEON.DOC.001710vE","Flowers",0.07,"Y","","UIJq0EC2zUCy2xPAxK9r79bnMR9wnxET"
"c52dd897-be13-4e30-af81-702a48bbb11c","SRER_049.basePlot.ltr","D14","SRER","SRER_049","SRER_049_579","2016-05-12","2016-04-04","2016-05-05","2016-05-10T21:17Z","2016-05-12T21:25Z","NEON.LTR.SRER049579.20160505","NEON.LTR.SRER049579.20160505.OTH","NEON.DOC.001710vE","Other",0.07,"N","","UIJq0EC2zUCy2xPAxK9r79bnMR9wnxET"
"26729e10-a045-480f-a3f6-a27cd8db7467","SRER_049.basePlot.ltr","D14","SRER","SRER_049","SRER_049_050","2016-05-12","2016-04-04","2016-05-05","2016-05-10T21:17Z","2016-05-12T21:25Z","NEON.LTR.SRER049050.20160505","NEON.LTR.SRER049050.20160505.LVS","NEON.DOC.001710vE","Leaves",4.03,"N","","UIJq0EC2zUCy2xPAxK9r79bnMR9wnxET"
"d520085c-53f9-44a4-9937-dd584cd7f1f9","SRER_049.basePlot.ltr","D14","SRER","SRER_049","SRER_049_579","2016-05-12","2016-04-04","2016-05-05","2016-05-10T21:17Z","2016-05-12T21:25Z","NEON.LTR.SRER049579.20160505","NEON.LTR.SRER049579.20160505.FLR","NEON.DOC.001710vE","Flowers",0.13,"N","","UIJq0EC2zUCy2xPAxK9r79bnMR9wnxET"
"7e29c2ff-3bbe-4303-8219-9fe0d8b1fb94","SRER_049.basePlot.ltr","D14","SRER","SRER_049","SRER_049_579","2016-05-12","2016-04-04","2016-05-05","2016-05-10T21:17Z","2016-05-12T21:25Z","NEON.LTR.SRER049579.20160505","NEON.LTR.SRER049579.20160505.LVS","NEON.DOC.001710vE","Leaves",8.05,"N","","UIJq0EC2zUCy2xPAxK9r79bnMR9wnxET"
"6a639dc0-7496-4763-bd83-ee6d1f78e73c","SRER_049.basePlot.ltr","D14","SRER","SRER_049","SRER_049_050","2016-05-12","2016-04-04","2016-05-05","2016-05-10T21:17Z","2016-05-12T21:25Z","NEON.LTR.SRER049050.20160505","NEON.LTR.SRER049050.20160505.TWI","NEON.DOC.001710vE","Twigs/branches",1.77,"N","","UIJq0EC2zUCy2xPAxK9r79bnMR9wnxET"
"6805ecea-b21d-4e5a-9e3b-f106fa096690","SRER_049.basePlot.ltr","D14","SRER","SRER_049","SRER_049_050","2016-05-12","2016-04-04","2016-05-05","2016-05-10T21:17Z","2016-05-12T21:25Z","NEON.LTR.SRER049050.20160505","NEON.LTR.SRER049050.20160505.NDL","NEON.DOC.001710vE","Needles",0,"N","","UIJq0EC2zUCy2xPAxK9r79bnMR9wnxET"
"f1649b6d-27e2-40fe-baf0-cfae6be60483","SRER_049.basePlot.ltr","D14","SRER","SRER_049","SRER_049_579","2016-05-12","2016-04-04","2016-05-05","2016-05-10T21:17Z","2016-05-12T21:25Z","NEON.LTR.SRER049579.20160505","NEON.LTR.SRER049579.20160505.NDL","NEON.DOC.001710vE","Needles",0,"N","","UIJq0EC2zUCy2xPAxK9r79bnMR9wnxET"
"a9c484af-48c2-4573-8c99-1fe982ce1e24","SRER_049.basePlot.ltr","D14","SRER","SRER_049","SRER_049_579","2016-05-12","2016-04-04","2016-05-05","2016-05-10T21:17Z","2016-05-12T21:25Z","NEON.LTR.SRER049579.20160505","NEON.LTR.SRER049579.20160505.SDS","NEON.DOC.001710vE","Seeds",2.49,"N","","UIJq0EC2zUCy2xPAxK9r79bnMR9wnxET"
"3d49f0fa-9d8d-4760-9529-087b40f07a18","SRER_050.basePlot.ltr","D14","SRER","SRER_050","SRER_050_716","2016-05-12","2016-04-04","2016-05-05","2016-05-10T21:17Z","2016-05-12T21:25Z","NEON.LTR.SRER050716.20160505","NEON.LTR.SRER050716.20160505.LVS","NEON.DOC.001710vE","Leaves",0.37,"N","","UIJq0EC2zUCy2xPAxK9r79bnMR9wnxET"
"dd7f8d71-7694-4c43-9acc-fd4a7f692fc9","SRER_049.basePlot.ltr","D14","SRER","SRER_049","SRER_049_579","2016-05-12","2016-04-04","2016-05-05","2016-05-10T21:17Z","2016-05-12T21:25Z","NEON.LTR.SRER049579.20160505","NEON.LTR.SRER049579.20160505.TWI","NEON.DOC.001710vE","Twigs/branches",3.16,"N","","UIJq0EC2zUCy2xPAxK9r79bnMR9wnxET"
"777823f8-b3c1-414c-befc-f9c302738257","SRER_050.basePlot.ltr","D14","SRER","SRER_050","SRER_050_716","2016-05-12","2016-04-04","2016-05-05","2016-05-10T21:17Z","2016-05-12T21:25Z","NEON.LTR.SRER050716.20160505","NEON.LTR.SRER050716.20160505.TWI","NEON.DOC.001710vE","Twigs/branches",0.06,"N","","UIJq0EC2zUCy2xPAxK9r79bnMR9wnxET"
"0c7f70eb-3ca8-43be-81e5-9d5ab771f5b8","SRER_050.basePlot.ltr","D14","SRER","SRER_050","SRER_050_716","2016-05-12","2016-04-04","2016-05-05","2016-05-10T21:17Z","2016-05-12T21:25Z","NEON.LTR.SRER050716.20160505","NEON.LTR.SRER050716.20160505.WDY","NEON.DOC.001710vE","Woody material",0.05,"N","","UIJq0EC2zUCy2xPAxK9r79bnMR9wnxET"
"71a5b430-eacc-454d-a2bd-15477ec31a76","SRER_049.basePlot.ltr","D14","SRER","SRER_049","SRER_049_579","2016-05-12","2016-04-04","2016-05-05","2016-05-10T21:17Z","2016-05-12T21:25Z","NEON.LTR.SRER049579.20160505","NEON.LTR.SRER049579.20160505.WDY","NEON.DOC.001710vE","Woody material",0,"N","","UIJq0EC2zUCy2xPAxK9r79bnMR9wnxET"
"ac6752d1-a3c4-4880-b0f6-3b4daddacd2f","SRER_050.basePlot.ltr","D14","SRER","SRER_050","SRER_050_716","2016-05-12","2016-04-04","2016-05-05","2016-05-10T21:17Z","2016-05-12T21:25Z","NEON.LTR.SRER050716.20160505","NEON.LTR.SRER050716.20160505.FLR","NEON.DOC.001710vE","Flowers",0.13,"N","","UIJq0EC2zUCy2xPAxK9r79bnMR9wnxET"
"b7769fe0-e860-4a33-94d4-b9d5adefc13d","SRER_050.basePlot.ltr","D14","SRER","SRER_050","SRER_050_716","2016-05-12","2016-04-04","2016-05-05","2016-05-10T21:17Z","2016-05-12T21:25Z","NEON.LTR.SRER050716.20160505","NEON.LTR.SRER050716.20160505.SDS","NEON.DOC.001710vE","Seeds",0.04,"Y","","UIJq0EC2zUCy2xPAxK9r79bnMR9wnxET"
"e9b7951c-3815-4f14-ac19-39731faf3d2c","SRER_042.basePlot.ltr","D14","SRER","SRER_042","SRER_042_690","2016-05-12","2016-04-04","2016-05-05","2016-05-10T21:17Z","2016-05-12T21:25Z","NEON.LTR.SRER042690.20160505","NEON.LTR.SRER042690.20160505.FLR","NEON.DOC.001710vE","Flowers",2.81,"N","","UIJq0EC2zUCy2xPAxK9r79bnMR9wnxET"
"80abb616-f9a5-4d58-85de-a595025d178f","SRER_042.basePlot.ltr","D14","SRER","SRER_042","SRER_042_690","2016-05-12","2016-04-04","2016-05-05","2016-05-10T21:17Z","2016-05-12T21:25Z","NEON.LTR.SRER042690.20160505","NEON.LTR.SRER042690.20160505.WDY","NEON.DOC.001710vE","Woody material",0,"N","","UIJq0EC2zUCy2xPAxK9r79bnMR9wnxET"
"ac569485-1fbe-4a28-aa91-38b3b4b4cb55","SRER_042.basePlot.ltr","D14","SRER","SRER_042","SRER_042_690","2016-05-12","2016-04-04","2016-05-05","2016-05-10T21:17Z","2016-05-12T21:25Z","NEON.LTR.SRER042690.20160505","NEON.LTR.SRER042690.20160505.OTH","NEON.DOC.001710vE","Other",0,"N","","UIJq0EC2zUCy2xPAxK9r79bnMR9wnxET"
"868265bf-bcaf-4553-aa6b-c56ee36dbda8","SRER_043.basePlot.ltr","D14","SRER","SRER_043","SRER_043_141","2016-05-12","2016-04-04","2016-05-05","2016-05-10T21:17Z","2016-05-12T21:25Z","NEON.LTR.SRER043141.20160505","NEON.LTR.SRER043141.20160505.TWI","NEON.DOC.001710vE","Twigs/branches",0.36,"N","","UIJq0EC2zUCy2xPAxK9r79bnMR9wnxET"
"5d7813f3-9154-4ee0-868b-bacaca47876d","SRER_043.basePlot.ltr","D14","SRER","SRER_043","SRER_043_141","2016-05-12","2016-04-04","2016-05-05","2016-05-10T21:17Z","2016-05-12T21:25Z","NEON.LTR.SRER043141.20160505","NEON.LTR.SRER043141.20160505.SDS","NEON.DOC.001710vE","Seeds",0.44,"N","","UIJq0EC2zUCy2xPAxK9r79bnMR9wnxET"
"8eed6f8b-0cee-458b-8015-9f235562069e","SRER_042.basePlot.ltr","D14","SRER","SRER_042","SRER_042_690","2016-05-12","2016-04-04","2016-05-05","2016-05-10T21:17Z","2016-05-12T21:25Z","NEON.LTR.SRER042690.20160505","NEON.LTR.SRER042690.20160505.NDL","NEON.DOC.001710vE","Needles",0,"N","","UIJq0EC2zUCy2xPAxK9r79bnMR9wnxET"
"34ac7e13-0406-4746-8423-4785cdcfa168","SRER_043.basePlot.ltr","D14","SRER","SRER_043","SRER_043_141","2016-05-12","2016-04-04","2016-05-05","2016-05-10T21:17Z","2016-05-12T21:25Z","NEON.LTR.SRER043141.20160505","NEON.LTR.SRER043141.20160505.FLR","NEON.DOC.001710vE","Flowers",0.23,"N","","UIJq0EC2zUCy2xPAxK9r79bnMR9wnxET"
"114f3b9e-887e-4e8f-bca9-3bbc20f25e3e","SRER_043.basePlot.ltr","D14","SRER","SRER_043","SRER_043_141","2016-05-12","2016-04-04","2016-05-05","2016-05-10T21:17Z","2016-05-12T21:25Z","NEON.LTR.SRER043141.20160505","NEON.LTR.SRER043141.20160505.OTH","NEON.DOC.001710vE","Other",0,"N","","UIJq0EC2zUCy2xPAxK9r79bnMR9wnxET"
"3052ba83-3934-443a-8cc4-0715ab3b8374","SRER_043.basePlot.ltr","D14","SRER","SRER_043","SRER_043_141","2016-05-12","2016-04-04","2016-05-05","2016-05-10T21:17Z","2016-05-12T21:25Z","NEON.LTR.SRER043141.20160505","NEON.LTR.SRER043141.20160505.NDL","NEON.DOC.001710vE","Needles",0,"N","","UIJq0EC2zUCy2xPAxK9r79bnMR9wnxET"
"6aa06713-8d36-47f6-b37a-e3604acc7315","SRER_043.basePlot.ltr","D14","SRER","SRER_043","SRER_043_610","2016-05-12","2016-04-04","2016-05-05","2016-05-10T21:17Z","2016-05-12T21:25Z","NEON.LTR.SRER043610.20160505","NEON.LTR.SRER043610.20160505.TWI","NEON.DOC.001710vE","Twigs/branches",0.86,"Y","","UIJq0EC2zUCy2xPAxK9r79bnMR9wnxET"
"877f3294-3fa0-48c4-8a71-3c9bd562609e","SRER_043.basePlot.ltr","D14","SRER","SRER_043","SRER_043_141","2016-05-12","2016-04-04","2016-05-05","2016-05-10T21:17Z","2016-05-12T21:25Z","NEON.LTR.SRER043141.20160505","NEON.LTR.SRER043141.20160505.LVS","NEON.DOC.001710vE","Leaves",1.2,"N","","UIJq0EC2zUCy2xPAxK9r79bnMR9wnxET"
"e5e3b378-a237-4e84-8706-cc7c9c072128","SRER_043.basePlot.ltr","D14","SRER","SRER_043","SRER_043_610","2016-05-12","2016-04-04","2016-05-05","2016-05-10T21:17Z","2016-05-12T21:25Z","NEON.LTR.SRER043610.20160505","NEON.LTR.SRER043610.20160505.WDY","NEON.DOC.001710vE","Woody material",0.03,"N","","UIJq0EC2zUCy2xPAxK9r79bnMR9wnxET"
"e8d5478e-322c-44ad-8b9c-7110990219d7","SRER_043.basePlot.ltr","D14","SRER","SRER_043","SRER_043_610","2016-05-12","2016-04-04","2016-05-05","2016-05-10T21:17Z","2016-05-12T21:25Z","NEON.LTR.SRER043610.20160505","NEON.LTR.SRER043610.20160505.SDS","NEON.DOC.001710vE","Seeds",0.53,"N","","UIJq0EC2zUCy2xPAxK9r79bnMR9wnxET"
"75011689-e6dd-413a-8e7b-ecaec53efa41","SRER_043.basePlot.ltr","D14","SRER","SRER_043","SRER_043_141","2016-05-12","2016-04-04","2016-05-05","2016-05-10T21:17Z","2016-05-12T21:25Z","NEON.LTR.SRER043141.20160505","NEON.LTR.SRER043141.20160505.WDY","NEON.DOC.001710vE","Woody material",0,"N","","UIJq0EC2zUCy2xPAxK9r79bnMR9wnxET"
"c57bd558-0fdd-41d5-a676-c32b18012d58","SRER_043.basePlot.ltr","D14","SRER","SRER_043","SRER_043_610","2016-05-12","2016-04-04","2016-05-05","2016-05-10T21:17Z","2016-05-12T21:25Z","NEON.LTR.SRER043610.20160505","NEON.LTR.SRER043610.20160505.FLR","NEON.DOC.001710vE","Flowers",2.53,"N","","UIJq0EC2zUCy2xPAxK9r79bnMR9wnxET"
"83c24e2e-9047-4685-a410-3117f164d0ca","SRER_043.basePlot.ltr","D14","SRER","SRER_043","SRER_043_610","2016-05-12","2016-04-04","2016-05-05","2016-05-10T21:17Z","2016-05-12T21:25Z","NEON.LTR.SRER043610.20160505","NEON.LTR.SRER043610.20160505.NDL","NEON.DOC.001710vE","Needles",0,"N","","UIJq0EC2zUCy2xPAxK9r79bnMR9wnxET"
"da257b04-d0dc-4a58-a8f8-cb47ad92cbc0","SRER_044.basePlot.ltr","D14","SRER","SRER_044","SRER_044_624","2016-05-12","2016-04-04","2016-05-05","2016-05-10T21:17Z","2016-05-12T21:25Z","NEON.LTR.SRER044624.20160505","NEON.LTR.SRER044624.20160505.TWI","NEON.DOC.001710vE","Twigs/branches",0.33,"N","","UIJq0EC2zUCy2xPAxK9r79bnMR9wnxET"
"15835fc9-4031-411a-ae1f-7a937c95075e","SRER_044.basePlot.ltr","D14","SRER","SRER_044","SRER_044_624","2016-05-12","2016-04-04","2016-05-05","2016-05-10T21:17Z","2016-05-12T21:25Z","NEON.LTR.SRER044624.20160505","NEON.LTR.SRER044624.20160505.FLR","NEON.DOC.001710vE","Flowers",1.61,"N","","UIJq0EC2zUCy2xPAxK9r79bnMR9wnxET"
"f90022ec-cb28-4330-8323-87f80d718d12","SRER_043.basePlot.ltr","D14","SRER","SRER_043","SRER_043_610","2016-05-12","2016-04-04","2016-05-05","2016-05-10T21:17Z","2016-05-12T21:25Z","NEON.LTR.SRER043610.20160505","NEON.LTR.SRER043610.20160505.LVS","NEON.DOC.001710vE","Leaves",0.35,"N","","UIJq0EC2zUCy2xPAxK9r79bnMR9wnxET"
"88fcf2b6-ccc7-43eb-b379-703c434811da","SRER_044.basePlot.ltr","D14","SRER","SRER_044","SRER_044_624","2016-05-12","2016-04-04","2016-05-05","2016-05-10T21:17Z","2016-05-12T21:25Z","NEON.LTR.SRER044624.20160505","NEON.LTR.SRER044624.20160505.SDS","NEON.DOC.001710vE","Seeds",0.21,"N","","UIJq0EC2zUCy2xPAxK9r79bnMR9wnxET"
"af352196-42bd-495a-a9be-72fed169b572","SRER_044.basePlot.ltr","D14","SRER","SRER_044","SRER_044_624","2016-05-12","2016-04-04","2016-05-05","2016-05-10T21:17Z","2016-05-12T21:25Z","NEON.LTR.SRER044624.20160505","NEON.LTR.SRER044624.20160505.LVS","NEON.DOC.001710vE","Leaves",0.13,"N","","UIJq0EC2zUCy2xPAxK9r79bnMR9wnxET"
"5331f9a8-5f7a-4512-a026-94febfd52c15","SRER_043.basePlot.ltr","D14","SRER","SRER_043","SRER_043_610","2016-05-12","2016-04-04","2016-05-05","2016-05-10T21:17Z","2016-05-12T21:25Z","NEON.LTR.SRER043610.20160505","NEON.LTR.SRER043610.20160505.OTH","NEON.DOC.001710vE","Other",0,"N","","UIJq0EC2zUCy2xPAxK9r79bnMR9wnxET"
"dde93c8f-f7e9-4d4e-93fa-cd7315a13d8a","SRER_044.basePlot.ltr","D14","SRER","SRER_044","SRER_044_624","2016-05-12","2016-04-04","2016-05-05","2016-05-10T21:17Z","2016-05-12T21:25Z","NEON.LTR.SRER044624.20160505","NEON.LTR.SRER044624.20160505.WDY","NEON.DOC.001710vE","Woody material",0,"N","","UIJq0EC2zUCy2xPAxK9r79bnMR9wnxET"
"70b832cb-cce1-42a2-a912-db055e1907bc","SRER_044.basePlot.ltr","D14","SRER","SRER_044","SRER_044_624","2016-05-12","2016-04-04","2016-05-05","2016-05-10T21:17Z","2016-05-12T21:25Z","NEON.LTR.SRER044624.20160505","NEON.LTR.SRER044624.20160505.OTH","NEON.DOC.001710vE","Other",0,"N","","UIJq0EC2zUCy2xPAxK9r79bnMR9wnxET"
"d95601ec-9382-4b0a-9a1b-ab36a6764086","SRER_044.basePlot.ltr","D14","SRER","SRER_044","SRER_044_790","2016-05-12","2016-04-04","2016-05-05","2016-05-10T21:17Z","2016-05-12T21:25Z","NEON.LTR.SRER044790.20160505","NEON.LTR.SRER044790.20160505.LVS","NEON.DOC.001710vE","Leaves",0.62,"N","","UIJq0EC2zUCy2xPAxK9r79bnMR9wnxET"
"c0482253-bf83-47ad-b77e-ea1e3a18c9c8","SRER_044.basePlot.ltr","D14","SRER","SRER_044","SRER_044_790","2016-05-12","2016-04-04","2016-05-05","2016-05-10T21:17Z","2016-05-12T21:25Z","NEON.LTR.SRER044790.20160505","NEON.LTR.SRER044790.20160505.SDS","NEON.DOC.001710vE","Seeds",0.02,"N","","UIJq0EC2zUCy2xPAxK9r79bnMR9wnxET"
"94784d0f-8beb-4352-bf72-5fcbf36dd279","SRER_044.basePlot.ltr","D14","SRER","SRER_044","SRER_044_624","2016-05-12","2016-04-04","2016-05-05","2016-05-10T21:17Z","2016-05-12T21:25Z","NEON.LTR.SRER044624.20160505","NEON.LTR.SRER044624.20160505.NDL","NEON.DOC.001710vE","Needles",0,"N","","UIJq0EC2zUCy2xPAxK9r79bnMR9wnxET"
"e65acc9d-661d-4e36-b6d6-04f0cb3d6847","SRER_044.basePlot.ltr","D14","SRER","SRER_044","SRER_044_790","2016-05-12","2016-04-04","2016-05-05","2016-05-10T21:17Z","2016-05-12T21:25Z","NEON.LTR.SRER044790.20160505","NEON.LTR.SRER044790.20160505.FLR","NEON.DOC.001710vE","Flowers",0.005,"N","","UIJq0EC2zUCy2xPAxK9r79bnMR9wnxET"
"980d2bd3-5786-4469-ac4a-b62e09f7720b","SRER_044.basePlot.ltr","D14","SRER","SRER_044","SRER_044_790","2016-05-12","2016-04-04","2016-05-05","2016-05-10T21:17Z","2016-05-12T21:25Z","NEON.LTR.SRER044790.20160505","NEON.LTR.SRER044790.20160505.WDY","NEON.DOC.001710vE","Woody material",0,"N","","UIJq0EC2zUCy2xPAxK9r79bnMR9wnxET"
"0ab7c194-5952-4e53-a88b-f8519de6759d","SRER_044.basePlot.ltr","D14","SRER","SRER_044","SRER_044_790","2016-05-12","2016-04-04","2016-05-05","2016-05-10T21:17Z","2016-05-12T21:25Z","NEON.LTR.SRER044790.20160505","NEON.LTR.SRER044790.20160505.TWI","NEON.DOC.001710vE","Twigs/branches",0.31,"Y","","UIJq0EC2zUCy2xPAxK9r79bnMR9wnxET"
"2d409597-dbbf-47bb-bf1a-ab2e77e94b4a","SRER_044.basePlot.ltr","D14","SRER","SRER_044","SRER_044_790","2016-05-12","2016-04-04","2016-05-05","2016-05-10T21:17Z","2016-05-12T21:25Z","NEON.LTR.SRER044790.20160505","NEON.LTR.SRER044790.20160505.NDL","NEON.DOC.001710vE","Needles",0,"N","","UIJq0EC2zUCy2xPAxK9r79bnMR9wnxET"
"15c6dc75-8713-4732-a040-0f27a1a884fc","SRER_045.basePlot.ltr","D14","SRER","SRER_045","SRER_045_290","2016-05-12","2016-04-04","2016-05-05","2016-05-10T21:17Z","2016-05-12T21:25Z","NEON.LTR.SRER045290.20160505","NEON.LTR.SRER045290.20160505.LVS","NEON.DOC.001710vE","Leaves",0.67,"N","","UIJq0EC2zUCy2xPAxK9r79bnMR9wnxET"
"2f95696d-32d8-449a-8fcb-d4d77bc5c5c3","SRER_045.basePlot.ltr","D14","SRER","SRER_045","SRER_045_290","2016-05-12","2016-04-04","2016-05-05","2016-05-10T21:17Z","2016-05-12T21:25Z","NEON.LTR.SRER045290.20160505","NEON.LTR.SRER045290.20160505.WDY","NEON.DOC.001710vE","Woody material",0.04,"N","","UIJq0EC2zUCy2xPAxK9r79bnMR9wnxET"
"d7440dad-cc56-44a9-b589-4811016293cc","SRER_045.basePlot.ltr","D14","SRER","SRER_045","SRER_045_290","2016-05-12","2016-04-04","2016-05-05","2016-05-10T21:17Z","2016-05-12T21:25Z","NEON.LTR.SRER045290.20160505","NEON.LTR.SRER045290.20160505.FLR","NEON.DOC.001710vE","Flowers",0.27,"N","","UIJq0EC2zUCy2xPAxK9r79bnMR9wnxET"
"1f628b5a-b1f6-4b12-9069-cdccb0a81797","SRER_044.basePlot.ltr","D14","SRER","SRER_044","SRER_044_790","2016-05-12","2016-04-04","2016-05-05","2016-05-10T21:17Z","2016-05-12T21:25Z","NEON.LTR.SRER044790.20160505","NEON.LTR.SRER044790.20160505.OTH","NEON.DOC.001710vE","Other",0,"N","","UIJq0EC2zUCy2xPAxK9r79bnMR9wnxET"
"50333020-c7e2-4793-b5f1-a7569023956f","SRER_045.basePlot.ltr","D14","SRER","SRER_045","SRER_045_290","2016-05-12","2016-04-04","2016-05-05","2016-05-10T21:17Z","2016-05-12T21:25Z","NEON.LTR.SRER045290.20160505","NEON.LTR.SRER045290.20160505.SDS","NEON.DOC.001710vE","Seeds",0.02,"N","","UIJq0EC2zUCy2xPAxK9r79bnMR9wnxET"
"739ea02f-9d41-4894-a9fd-888898af92f2","SRER_045.basePlot.ltr","D14","SRER","SRER_045","SRER_045_290","2016-05-12","2016-04-04","2016-05-05","2016-05-10T21:17Z","2016-05-12T21:25Z","NEON.LTR.SRER045290.20160505","NEON.LTR.SRER045290.20160505.NDL","NEON.DOC.001710vE","Needles",0,"N","","UIJq0EC2zUCy2xPAxK9r79bnMR9wnxET"
"d53b2d37-0085-441f-a902-de1385284b5f","SRER_045.basePlot.ltr","D14","SRER","SRER_045","SRER_045_290","2016-05-12","2016-04-04","2016-05-05","2016-05-10T21:17Z","2016-05-12T21:25Z","NEON.LTR.SRER045290.20160505","NEON.LTR.SRER045290.20160505.TWI","NEON.DOC.001710vE","Twigs/branches",6.4,"Y","","UIJq0EC2zUCy2xPAxK9r79bnMR9wnxET"
"f53b93e3-cabb-40e0-9a6d-4ffb6d76b510","SRER_046.basePlot.ltr","D14","SRER","SRER_046","SRER_046_337","2016-05-12","2016-04-04","2016-05-05","2016-05-10T21:17Z","2016-05-12T21:25Z","NEON.LTR.SRER046337.20160505","NEON.LTR.SRER046337.20160505.SDS","NEON.DOC.001710vE","Seeds",0.01,"N","","UIJq0EC2zUCy2xPAxK9r79bnMR9wnxET"
"2a05d6fc-ab5e-4fa5-983a-5b7870a9663d","SRER_046.basePlot.ltr","D14","SRER","SRER_046","SRER_046_337","2016-05-12","2016-04-04","2016-05-05","2016-05-10T21:17Z","2016-05-12T21:25Z","NEON.LTR.SRER046337.20160505","NEON.LTR.SRER046337.20160505.LVS","NEON.DOC.001710vE","Leaves",0.08,"N","","UIJq0EC2zUCy2xPAxK9r79bnMR9wnxET"
"bbf32253-05db-420b-a73f-1c5874548a92","SRER_046.basePlot.ltr","D14","SRER","SRER_046","SRER_046_337","2016-05-12","2016-04-04","2016-05-05","2016-05-10T21:17Z","2016-05-12T21:25Z","NEON.LTR.SRER046337.20160505","NEON.LTR.SRER046337.20160505.TWI","NEON.DOC.001710vE","Twigs/branches",0.06,"N","","UIJq0EC2zUCy2xPAxK9r79bnMR9wnxET"
"eaf56201-016a-4913-a08a-48d61c61de4d","SRER_046.basePlot.ltr","D14","SRER","SRER_046","SRER_046_337","2016-05-12","2016-04-04","2016-05-05","2016-05-10T21:17Z","2016-05-12T21:25Z","NEON.LTR.SRER046337.20160505","NEON.LTR.SRER046337.20160505.WDY","NEON.DOC.001710vE","Woody material",0,"N","","UIJq0EC2zUCy2xPAxK9r79bnMR9wnxET"
"6fad5fe8-a10b-4cfc-843d-59acab556cfb","SRER_045.basePlot.ltr","D14","SRER","SRER_045","SRER_045_290","2016-05-12","2016-04-04","2016-05-05","2016-05-10T21:17Z","2016-05-12T21:25Z","NEON.LTR.SRER045290.20160505","NEON.LTR.SRER045290.20160505.OTH","NEON.DOC.001710vE","Other",0,"N","","UIJq0EC2zUCy2xPAxK9r79bnMR9wnxET"
"0604278a-51f9-47c6-b463-8ba058000ced","SRER_046.basePlot.ltr","D14","SRER","SRER_046","SRER_046_337","2016-05-12","2016-04-04","2016-05-05","2016-05-10T21:17Z","2016-05-12T21:25Z","NEON.LTR.SRER046337.20160505","NEON.LTR.SRER046337.20160505.NDL","NEON.DOC.001710vE","Needles",0,"N","","UIJq0EC2zUCy2xPAxK9r79bnMR9wnxET"
"3dfdef08-acbd-40fb-afe3-23e7e6ce4c84","SRER_046.basePlot.ltr","D14","SRER","SRER_046","SRER_046_337","2016-05-12","2016-04-04","2016-05-05","2016-05-10T21:17Z","2016-05-12T21:25Z","NEON.LTR.SRER046337.20160505","NEON.LTR.SRER046337.20160505.OTH","NEON.DOC.001710vE","Other",0,"N","","UIJq0EC2zUCy2xPAxK9r79bnMR9wnxET"
"1c49530c-a53c-44a7-9eeb-ee8258d3197e","SRER_046.basePlot.ltr","D14","SRER","SRER_046","SRER_046_337","2016-05-12","2016-04-04","2016-05-05","2016-05-10T21:17Z","2016-05-12T21:25Z","NEON.LTR.SRER046337.20160505","NEON.LTR.SRER046337.20160505.FLR","NEON.DOC.001710vE","Flowers",0.05,"N","","UIJq0EC2zUCy2xPAxK9r79bnMR9wnxET"
"5f7cb773-2735-4d44-8829-0f956fbeff1f","SRER_046.basePlot.ltr","D14","SRER","SRER_046","SRER_046_795","2016-05-12","2016-04-04","2016-05-05","2016-05-10T21:17Z","2016-05-12T21:25Z","NEON.LTR.SRER046795.20160505","NEON.LTR.SRER046795.20160505.FLR","NEON.DOC.001710vE","Flowers",0.23,"N","","UIJq0EC2zUCy2xPAxK9r79bnMR9wnxET"
"e734de1e-04aa-416d-adc8-a501a67a070f","SRER_046.basePlot.ltr","D14","SRER","SRER_046","SRER_046_795","2016-05-12","2016-04-04","2016-05-05","2016-05-10T21:17Z","2016-05-12T21:25Z","NEON.LTR.SRER046795.20160505","NEON.LTR.SRER046795.20160505.LVS","NEON.DOC.001710vE","Leaves",3.1,"N","","UIJq0EC2zUCy2xPAxK9r79bnMR9wnxET"
"ea8fc3b4-0a82-4060-8245-557780d19da8","SRER_046.basePlot.ltr","D14","SRER","SRER_046","SRER_046_795","2016-05-12","2016-04-04","2016-05-05","2016-05-10T21:17Z","2016-05-12T21:25Z","NEON.LTR.SRER046795.20160505","NEON.LTR.SRER046795.20160505.TWI","NEON.DOC.001710vE","Twigs/branches",0.6,"N","","UIJq0EC2zUCy2xPAxK9r79bnMR9wnxET"
"133ae5ea-689b-4396-bd1c-3e2251bee2f8","SRER_046.basePlot.ltr","D14","SRER","SRER_046","SRER_046_795","2016-05-12","2016-04-04","2016-05-05","2016-05-10T21:17Z","2016-05-12T21:25Z","NEON.LTR.SRER046795.20160505","NEON.LTR.SRER046795.20160505.SDS","NEON.DOC.001710vE","Seeds",0.25,"N","","UIJq0EC2zUCy2xPAxK9r79bnMR9wnxET"
"626ab304-af16-4e2d-9e96-63915945dc0f","SRER_042.basePlot.ltr","D14","SRER","SRER_042","SRER_042_434","2016-05-12","2016-04-04","2016-05-05","2016-05-10T21:17Z","2016-05-12T21:25Z","NEON.LTR.SRER042434.20160505","NEON.LTR.SRER042434.20160505.OTH","NEON.DOC.001710vE","Other",0,"N","","UIJq0EC2zUCy2xPAxK9r79bnMR9wnxET"
"b041df19-ccac-45e9-924e-d26436945064","SRER_042.basePlot.ltr","D14","SRER","SRER_042","SRER_042_690","2016-05-12","2016-04-04","2016-05-05","2016-05-10T21:17Z","2016-05-12T21:25Z","NEON.LTR.SRER042690.20160505","NEON.LTR.SRER042690.20160505.SDS","NEON.DOC.001710vE","Seeds",0.01,"N","","UIJq0EC2zUCy2xPAxK9r79bnMR9wnxET"
"96b00fa6-bf31-48bd-95f8-de37f61c785f","SRER_042.basePlot.ltr","D14","SRER","SRER_042","SRER_042_690","2016-05-12","2016-04-04","2016-05-05","2016-05-10T21:17Z","2016-05-12T21:25Z","NEON.LTR.SRER042690.20160505","NEON.LTR.SRER042690.20160505.LVS","NEON.DOC.001710vE","Leaves",0.77,"N","","UIJq0EC2zUCy2xPAxK9r79bnMR9wnxET"
"8b36bde6-4b19-44aa-83ee-3a568ec3cabe","SRER_042.basePlot.ltr","D14","SRER","SRER_042","SRER_042_434","2016-05-12","2016-04-04","2016-05-05","2016-05-10T21:17Z","2016-05-12T21:25Z","NEON.LTR.SRER042434.20160505","NEON.LTR.SRER042434.20160505.FLR","NEON.DOC.001710vE","Flowers",0.005,"N","","UIJq0EC2zUCy2xPAxK9r79bnMR9wnxET"
"7f83db83-e140-4f81-a87e-bc8e808647ca","SRER_042.basePlot.ltr","D14","SRER","SRER_042","SRER_042_434","2016-05-12","2016-04-04","2016-05-05","2016-05-10T21:17Z","2016-05-12T21:25Z","NEON.LTR.SRER042434.20160505","NEON.LTR.SRER042434.20160505.TWI","NEON.DOC.001710vE","Twigs/branches",0.23,"N","","UIJq0EC2zUCy2xPAxK9r79bnMR9wnxET"
"eb72f5c4-1e0d-498b-b248-90a188296bdd","SRER_042.basePlot.ltr","D14","SRER","SRER_042","SRER_042_434","2016-05-12","2016-04-04","2016-05-05","2016-05-10T21:17Z","2016-05-12T21:25Z","NEON.LTR.SRER042434.20160505","NEON.LTR.SRER042434.20160505.WDY","NEON.DOC.001710vE","Woody material",0,"N","","UIJq0EC2zUCy2xPAxK9r79bnMR9wnxET"
"e41c6d7c-2817-431b-be9b-14d4626d2c14","SRER_042.basePlot.ltr","D14","SRER","SRER_042","SRER_042_434","2016-05-12","2016-04-04","2016-05-05","2016-05-10T21:17Z","2016-05-12T21:25Z","NEON.LTR.SRER042434.20160505","NEON.LTR.SRER042434.20160505.LVS","NEON.DOC.001710vE","Leaves",0.18,"N","","UIJq0EC2zUCy2xPAxK9r79bnMR9wnxET"
"fba4eadb-0d78-4c4b-83a9-2b252d5db03c","SRER_042.basePlot.ltr","D14","SRER","SRER_042","SRER_042_434","2016-05-12","2016-04-04","2016-05-05","2016-05-10T21:17Z","2016-05-12T21:25Z","NEON.LTR.SRER042434.20160505","NEON.LTR.SRER042434.20160505.SDS","NEON.DOC.001710vE","Seeds",0.06,"N","","UIJq0EC2zUCy2xPAxK9r79bnMR9wnxET"
"1a1211a8-f02a-4750-ad32-754453207cce","SRER_042.basePlot.ltr","D14","SRER","SRER_042","SRER_042_690","2016-05-12","2016-04-04","2016-05-05","2016-05-10T21:17Z","2016-05-12T21:25Z","NEON.LTR.SRER042690.20160505","NEON.LTR.SRER042690.20160505.TWI","NEON.DOC.001710vE","Twigs/branches",4.03,"Y","","UIJq0EC2zUCy2xPAxK9r79bnMR9wnxET"
"88fe67bf-fa60-4a75-8191-4e5ac1304bbc","SRER_042.basePlot.ltr","D14","SRER","SRER_042","SRER_042_434","2016-05-12","2016-04-04","2016-05-05","2016-05-10T21:17Z","2016-05-12T21:25Z","NEON.LTR.SRER042434.20160505","NEON.LTR.SRER042434.20160505.NDL","NEON.DOC.001710vE","Needles",0,"N","","UIJq0EC2zUCy2xPAxK9r79bnMR9wnxET"
"f9539e69-d8e0-46a6-9ef1-47e5a7888c75","SRER_058.basePlot.ltr","D14","SRER","SRER_058","SRER_058_834","2016-05-12","2016-05-05","2016-06-06","2016-06-08T18:45Z","2016-06-10T19:00Z","NEON.LTR.SRER058834.20160606","NEON.LTR.SRER058834.20160606.WDY","NEON.DOC.001710vE","Woody material",0,"N",NA,"ON+A0yWFf7igCVIaWru9Pmou+0tujMRK"
"7e7e35f8-c058-4803-9b49-2e6deed790f4","SRER_058.basePlot.ltr","D14","SRER","SRER_058","SRER_058_834","2016-05-12","2016-05-05","2016-06-06","2016-06-08T18:45Z","2016-06-10T19:00Z","NEON.LTR.SRER058834.20160606","NEON.LTR.SRER058834.20160606.OTH","NEON.DOC.001710vE","Other",0,"N",NA,"ON+A0yWFf7igCVIaWru9Pmou+0tujMRK"
"84d573f9-7a54-48f5-bbec-79a108473c0a","SRER_059.basePlot.ltr","D14","SRER","SRER_059","SRER_059_143","2016-05-12","2016-05-05","2016-06-06","2016-06-08T18:45Z","2016-06-10T19:00Z","NEON.LTR.SRER059143.20160606","NEON.LTR.SRER059143.20160606.FLR","NEON.DOC.001710vE","Flowers",0.01,"N",NA,"ON+A0yWFf7igCVIaWru9Pmou+0tujMRK"
"584e4372-04dc-4f2b-adb7-dca40bd08bb7","SRER_059.basePlot.ltr","D14","SRER","SRER_059","SRER_059_143","2016-05-12","2016-05-05","2016-06-06","2016-06-08T18:45Z","2016-06-10T19:00Z","NEON.LTR.SRER059143.20160606","NEON.LTR.SRER059143.20160606.LVS","NEON.DOC.001710vE","Leaves",0.6,"N",NA,"ON+A0yWFf7igCVIaWru9Pmou+0tujMRK"
"d6926ae1-9600-4752-bcc7-4ada11707994","SRER_059.basePlot.ltr","D14","SRER","SRER_059","SRER_059_143","2016-05-12","2016-05-05","2016-06-06","2016-06-08T18:45Z","2016-06-10T19:00Z","NEON.LTR.SRER059143.20160606","NEON.LTR.SRER059143.20160606.NDL","NEON.DOC.001710vE","Needles",0,"N",NA,"ON+A0yWFf7igCVIaWru9Pmou+0tujMRK"
"b87d8935-6d64-4124-879c-b3de7df91d1b","SRER_059.basePlot.ltr","D14","SRER","SRER_059","SRER_059_143","2016-05-12","2016-05-05","2016-06-06","2016-06-08T18:45Z","2016-06-10T19:00Z","NEON.LTR.SRER059143.20160606","NEON.LTR.SRER059143.20160606.SDS","NEON.DOC.001710vE","Seeds",0.35,"N",NA,"ON+A0yWFf7igCVIaWru9Pmou+0tujMRK"
"60db71e9-906d-4b38-86cd-ac630f01d8b4","SRER_059.basePlot.ltr","D14","SRER","SRER_059","SRER_059_143","2016-05-12","2016-05-05","2016-06-06","2016-06-08T18:45Z","2016-06-10T19:00Z","NEON.LTR.SRER059143.20160606","NEON.LTR.SRER059143.20160606.TWI","NEON.DOC.001710vE","Twigs/branches",0.25,"N",NA,"ON+A0yWFf7igCVIaWru9Pmou+0tujMRK"
"0f4c3f51-7fe0-4508-ae0b-46d4570910e6","SRER_059.basePlot.ltr","D14","SRER","SRER_059","SRER_059_143","2016-05-12","2016-05-05","2016-06-06","2016-06-08T18:45Z","2016-06-10T19:00Z","NEON.LTR.SRER059143.20160606","NEON.LTR.SRER059143.20160606.WDY","NEON.DOC.001710vE","Woody material",0.005,"N",NA,"ON+A0yWFf7igCVIaWru9Pmou+0tujMRK"
"2d381d70-61fc-4bd0-b525-a88dff7b1848","SRER_059.basePlot.ltr","D14","SRER","SRER_059","SRER_059_143","2016-05-12","2016-05-05","2016-06-06","2016-06-08T18:45Z","2016-06-10T19:00Z","NEON.LTR.SRER059143.20160606","NEON.LTR.SRER059143.20160606.OTH","NEON.DOC.001710vE","Other",0,"N",NA,"ON+A0yWFf7igCVIaWru9Pmou+0tujMRK"
"e557c41f-0857-4354-bca1-3727f1968a00","SRER_059.basePlot.ltr","D14","SRER","SRER_059","SRER_059_788","2016-05-12","2016-05-05","2016-06-06","2016-06-08T18:45Z","2016-06-10T19:00Z","NEON.LTR.SRER059788.20160606","NEON.LTR.SRER059788.20160606.FLR","NEON.DOC.001710vE","Flowers",0.02,"N",NA,"ON+A0yWFf7igCVIaWru9Pmou+0tujMRK"
"61762fab-6088-4043-bb47-a5032007020b","SRER_059.basePlot.ltr","D14","SRER","SRER_059","SRER_059_788","2016-05-12","2016-05-05","2016-06-06","2016-06-08T18:45Z","2016-06-10T19:00Z","NEON.LTR.SRER059788.20160606","NEON.LTR.SRER059788.20160606.LVS","NEON.DOC.001710vE","Leaves",3.68,"N",NA,"ON+A0yWFf7igCVIaWru9Pmou+0tujMRK"
"5f81b0ec-dda4-4cb4-80ee-930f0367c5c3","SRER_059.basePlot.ltr","D14","SRER","SRER_059","SRER_059_788","2016-05-12","2016-05-05","2016-06-06","2016-06-08T18:45Z","2016-06-10T19:00Z","NEON.LTR.SRER059788.20160606","NEON.LTR.SRER059788.20160606.NDL","NEON.DOC.001710vE","Needles",0,"N",NA,"ON+A0yWFf7igCVIaWru9Pmou+0tujMRK"
"5164470d-4743-4822-ab10-d001b734d14a","SRER_059.basePlot.ltr","D14","SRER","SRER_059","SRER_059_788","2016-05-12","2016-05-05","2016-06-06","2016-06-08T18:45Z","2016-06-10T19:00Z","NEON.LTR.SRER059788.20160606","NEON.LTR.SRER059788.20160606.SDS","NEON.DOC.001710vE","Seeds",1.12,"N",NA,"ON+A0yWFf7igCVIaWru9Pmou+0tujMRK"
"dab49478-3adb-4018-ad5f-64fe07461f9f","SRER_059.basePlot.ltr","D14","SRER","SRER_059","SRER_059_788","2016-05-12","2016-05-05","2016-06-06","2016-06-08T18:45Z","2016-06-10T19:00Z","NEON.LTR.SRER059788.20160606","NEON.LTR.SRER059788.20160606.TWI","NEON.DOC.001710vE","Twigs/branches",3.06,"N",NA,"ON+A0yWFf7igCVIaWru9Pmou+0tujMRK"
"32f75b9f-4bfd-42c5-b639-90bbc306815b","SRER_059.basePlot.ltr","D14","SRER","SRER_059","SRER_059_788","2016-05-12","2016-05-05","2016-06-06","2016-06-08T18:45Z","2016-06-10T19:00Z","NEON.LTR.SRER059788.20160606","NEON.LTR.SRER059788.20160606.WDY","NEON.DOC.001710vE","Woody material",0,"N",NA,"ON+A0yWFf7igCVIaWru9Pmou+0tujMRK"
"fd1c8bd1-8548-4e07-883a-3b9fd4b9f609","SRER_059.basePlot.ltr","D14","SRER","SRER_059","SRER_059_788","2016-05-12","2016-05-05","2016-06-06","2016-06-08T18:45Z","2016-06-10T19:00Z","NEON.LTR.SRER059788.20160606","NEON.LTR.SRER059788.20160606.OTH","NEON.DOC.001710vE","Other",0,"N",NA,"ON+A0yWFf7igCVIaWru9Pmou+0tujMRK"
"27ab93a4-bb3b-400f-b070-18f30334f9d7","SRER_058.basePlot.ltr","D14","SRER","SRER_058","SRER_058_834","2016-05-12","2016-05-05","2016-06-06","2016-06-08T18:45Z","2016-06-10T19:00Z","NEON.LTR.SRER058834.20160606","NEON.LTR.SRER058834.20160606.SDS","NEON.DOC.001710vE","Seeds",1.09,"N",NA,"ON+A0yWFf7igCVIaWru9Pmou+0tujMRK"
"0f82f1b4-5beb-4a13-8b41-0d8b6c9c8605","SRER_058.basePlot.ltr","D14","SRER","SRER_058","SRER_058_834","2016-05-12","2016-05-05","2016-06-06","2016-06-08T18:45Z","2016-06-10T19:00Z","NEON.LTR.SRER058834.20160606","NEON.LTR.SRER058834.20160606.TWI","NEON.DOC.001710vE","Twigs/branches",0.79,"N",NA,"ON+A0yWFf7igCVIaWru9Pmou+0tujMRK"
"c524aae6-2144-485e-848a-5b2407bdd239","SRER_058.basePlot.ltr","D14","SRER","SRER_058","SRER_058_426","2016-05-12","2016-05-05","2016-06-06","2016-06-08T18:45Z","2016-06-10T19:00Z","NEON.LTR.SRER058426.20160606","NEON.LTR.SRER058426.20160606.OTH","NEON.DOC.001710vE","Other",0.01,"N",NA,"ON+A0yWFf7igCVIaWru9Pmou+0tujMRK"
"08116dc9-8f72-4606-808f-c809fc0d815b","SRER_058.basePlot.ltr","D14","SRER","SRER_058","SRER_058_834","2016-05-12","2016-05-05","2016-06-06","2016-06-08T18:45Z","2016-06-10T19:00Z","NEON.LTR.SRER058834.20160606","NEON.LTR.SRER058834.20160606.FLR","NEON.DOC.001710vE","Flowers",0.005,"N",NA,"ON+A0yWFf7igCVIaWru9Pmou+0tujMRK"
"f3d0916e-3155-4218-8044-a5c67551a0d4","SRER_058.basePlot.ltr","D14","SRER","SRER_058","SRER_058_834","2016-05-12","2016-05-05","2016-06-06","2016-06-08T18:45Z","2016-06-10T19:00Z","NEON.LTR.SRER058834.20160606","NEON.LTR.SRER058834.20160606.LVS","NEON.DOC.001710vE","Leaves",1.27,"N",NA,"ON+A0yWFf7igCVIaWru9Pmou+0tujMRK"
"ffd0d706-5ef8-4e2d-92fa-bc377ff46b28","SRER_058.basePlot.ltr","D14","SRER","SRER_058","SRER_058_834","2016-05-12","2016-05-05","2016-06-06","2016-06-08T18:45Z","2016-06-10T19:00Z","NEON.LTR.SRER058834.20160606","NEON.LTR.SRER058834.20160606.NDL","NEON.DOC.001710vE","Needles",0,"N",NA,"ON+A0yWFf7igCVIaWru9Pmou+0tujMRK"
"d26bf945-587e-482e-8346-5134c202cde6","SRER_058.basePlot.ltr","D14","SRER","SRER_058","SRER_058_426","2016-05-12","2016-05-05","2016-06-06","2016-06-08T18:45Z","2016-06-10T19:00Z","NEON.LTR.SRER058426.20160606","NEON.LTR.SRER058426.20160606.TWI","NEON.DOC.001710vE","Twigs/branches",0.37,"N",NA,"ON+A0yWFf7igCVIaWru9Pmou+0tujMRK"
"b6fe2a58-5bfc-4b21-8ee6-627ed28b8629","SRER_058.basePlot.ltr","D14","SRER","SRER_058","SRER_058_426","2016-05-12","2016-05-05","2016-06-06","2016-06-08T18:45Z","2016-06-10T19:00Z","NEON.LTR.SRER058426.20160606","NEON.LTR.SRER058426.20160606.WDY","NEON.DOC.001710vE","Woody material",0.05,"N",NA,"ON+A0yWFf7igCVIaWru9Pmou+0tujMRK"
"efb27d52-48e6-42d9-99a7-cdfa2b146b8e","SRER_058.basePlot.ltr","D14","SRER","SRER_058","SRER_058_426","2016-05-12","2016-05-05","2016-06-06","2016-06-08T18:45Z","2016-06-10T19:00Z","NEON.LTR.SRER058426.20160606","NEON.LTR.SRER058426.20160606.LVS","NEON.DOC.001710vE","Leaves",1.51,"N",NA,"ON+A0yWFf7igCVIaWru9Pmou+0tujMRK"
"12e6ce0d-fac5-4bd5-b70b-e4dcf4bffbbf","SRER_058.basePlot.ltr","D14","SRER","SRER_058","SRER_058_426","2016-05-12","2016-05-05","2016-06-06","2016-06-08T18:45Z","2016-06-10T19:00Z","NEON.LTR.SRER058426.20160606","NEON.LTR.SRER058426.20160606.NDL","NEON.DOC.001710vE","Needles",0,"N",NA,"ON+A0yWFf7igCVIaWru9Pmou+0tujMRK"
"ff8aa622-5be4-4994-a1fa-6323dc084f8d","SRER_058.basePlot.ltr","D14","SRER","SRER_058","SRER_058_426","2016-05-12","2016-05-05","2016-06-06","2016-06-08T18:45Z","2016-06-10T19:00Z","NEON.LTR.SRER058426.20160606","NEON.LTR.SRER058426.20160606.SDS","NEON.DOC.001710vE","Seeds",0.2,"N",NA,"ON+A0yWFf7igCVIaWru9Pmou+0tujMRK"
"cee06514-f054-49ab-97cd-701ce1f663e5","SRER_057.basePlot.ltr","D14","SRER","SRER_057","SRER_057_916","2016-05-12","2016-05-05","2016-06-06","2016-06-08T18:45Z","2016-06-10T19:00Z","NEON.LTR.SRER057916.20160606","NEON.LTR.SRER057916.20160606.WDY","NEON.DOC.001710vE","Woody material",0.03,"Y",NA,"ON+A0yWFf7igCVIaWru9Pmou+0tujMRK"
"8b468a27-6413-4916-9708-a67718416c3b","SRER_057.basePlot.ltr","D14","SRER","SRER_057","SRER_057_916","2016-05-12","2016-05-05","2016-06-06","2016-06-08T18:45Z","2016-06-10T19:00Z","NEON.LTR.SRER057916.20160606","NEON.LTR.SRER057916.20160606.OTH","NEON.DOC.001710vE","Other",0,"N",NA,"ON+A0yWFf7igCVIaWru9Pmou+0tujMRK"
"52ac3de3-6485-4538-afa0-ac02a8dc94fc","SRER_058.basePlot.ltr","D14","SRER","SRER_058","SRER_058_426","2016-05-12","2016-05-05","2016-06-06","2016-06-08T18:45Z","2016-06-10T19:00Z","NEON.LTR.SRER058426.20160606","NEON.LTR.SRER058426.20160606.FLR","NEON.DOC.001710vE","Flowers",0.5,"N",NA,"ON+A0yWFf7igCVIaWru9Pmou+0tujMRK"
"0c338b89-f10a-4dda-ba56-424af931486c","SRER_057.basePlot.ltr","D14","SRER","SRER_057","SRER_057_916","2016-05-12","2016-05-05","2016-06-06","2016-06-08T18:45Z","2016-06-10T19:00Z","NEON.LTR.SRER057916.20160606","NEON.LTR.SRER057916.20160606.SDS","NEON.DOC.001710vE","Seeds",0.4,"N",NA,"ON+A0yWFf7igCVIaWru9Pmou+0tujMRK"
"d5ef3cd4-8eb7-4824-a48e-2057c7ede66f","SRER_057.basePlot.ltr","D14","SRER","SRER_057","SRER_057_916","2016-05-12","2016-05-05","2016-06-06","2016-06-08T18:45Z","2016-06-10T19:00Z","NEON.LTR.SRER057916.20160606","NEON.LTR.SRER057916.20160606.TWI","NEON.DOC.001710vE","Twigs/branches",0.5,"N",NA,"ON+A0yWFf7igCVIaWru9Pmou+0tujMRK"
"829a26a5-df6d-4375-ac94-59a4c56fa033","SRER_057.basePlot.ltr","D14","SRER","SRER_057","SRER_057_916","2016-05-12","2016-05-05","2016-06-06","2016-06-08T18:45Z","2016-06-10T19:00Z","NEON.LTR.SRER057916.20160606","NEON.LTR.SRER057916.20160606.FLR","NEON.DOC.001710vE","Flowers",0,"N",NA,"ON+A0yWFf7igCVIaWru9Pmou+0tujMRK"
"359f2ab0-facd-4aca-af70-c6cc17626199","SRER_057.basePlot.ltr","D14","SRER","SRER_057","SRER_057_916","2016-05-12","2016-05-05","2016-06-06","2016-06-08T18:45Z","2016-06-10T19:00Z","NEON.LTR.SRER057916.20160606","NEON.LTR.SRER057916.20160606.LVS","NEON.DOC.001710vE","Leaves",1.35,"Y",NA,"ON+A0yWFf7igCVIaWru9Pmou+0tujMRK"
"e36e31d8-2212-4c61-82bc-a3e60f4c147d","SRER_057.basePlot.ltr","D14","SRER","SRER_057","SRER_057_916","2016-05-12","2016-05-05","2016-06-06","2016-06-08T18:45Z","2016-06-10T19:00Z","NEON.LTR.SRER057916.20160606","NEON.LTR.SRER057916.20160606.NDL","NEON.DOC.001710vE","Needles",0,"N",NA,"ON+A0yWFf7igCVIaWru9Pmou+0tujMRK"
"d212434d-b48b-4e46-b8c5-3c260632c92c","SRER_057.basePlot.ltr","D14","SRER","SRER_057","SRER_057_357","2016-05-12","2016-05-05","2016-06-06","2016-06-08T18:45Z","2016-06-10T19:00Z","NEON.LTR.SRER057357.20160606","NEON.LTR.SRER057357.20160606.TWI","NEON.DOC.001710vE","Twigs/branches",0.27,"N",NA,"ON+A0yWFf7igCVIaWru9Pmou+0tujMRK"
"cd10ff3d-17e7-4305-8900-da9e0bb8201d","SRER_057.basePlot.ltr","D14","SRER","SRER_057","SRER_057_357","2016-05-12","2016-05-05","2016-06-06","2016-06-08T18:45Z","2016-06-10T19:00Z","NEON.LTR.SRER057357.20160606","NEON.LTR.SRER057357.20160606.WDY","NEON.DOC.001710vE","Woody material",0,"N",NA,"ON+A0yWFf7igCVIaWru9Pmou+0tujMRK"
"a74e359c-da4b-441c-9b56-f152347da784","SRER_057.basePlot.ltr","D14","SRER","SRER_057","SRER_057_357","2016-05-12","2016-05-05","2016-06-06","2016-06-08T18:45Z","2016-06-10T19:00Z","NEON.LTR.SRER057357.20160606","NEON.LTR.SRER057357.20160606.OTH","NEON.DOC.001710vE","Other",0,"N",NA,"ON+A0yWFf7igCVIaWru9Pmou+0tujMRK"
"9daa1405-3645-4489-8b97-7bdf41c0833c","SRER_057.basePlot.ltr","D14","SRER","SRER_057","SRER_057_357","2016-05-12","2016-05-05","2016-06-06","2016-06-08T18:45Z","2016-06-10T19:00Z","NEON.LTR.SRER057357.20160606","NEON.LTR.SRER057357.20160606.NDL","NEON.DOC.001710vE","Needles",0,"N",NA,"ON+A0yWFf7igCVIaWru9Pmou+0tujMRK"
"572e6dbf-0a84-4468-b43b-63dd61aad46b","SRER_057.basePlot.ltr","D14","SRER","SRER_057","SRER_057_357","2016-05-12","2016-05-05","2016-06-06","2016-06-08T18:45Z","2016-06-10T19:00Z","NEON.LTR.SRER057357.20160606","NEON.LTR.SRER057357.20160606.SDS","NEON.DOC.001710vE","Seeds",0.79,"N",NA,"ON+A0yWFf7igCVIaWru9Pmou+0tujMRK"
"04d5377d-0409-4b21-8e9d-5c48a0ddc570","SRER_056.basePlot.ltr","D14","SRER","SRER_056","SRER_056_795","2016-05-12","2016-05-05","2016-06-06","2016-06-08T18:45Z","2016-06-10T19:00Z","NEON.LTR.SRER056795.20160606","NEON.LTR.SRER056795.20160606.OTH","NEON.DOC.001710vE","Other",0,"N",NA,"ON+A0yWFf7igCVIaWru9Pmou+0tujMRK"
"442f9809-8cbb-4535-9562-d7a85cc85aa8","SRER_057.basePlot.ltr","D14","SRER","SRER_057","SRER_057_357","2016-05-12","2016-05-05","2016-06-06","2016-06-08T18:45Z","2016-06-10T19:00Z","NEON.LTR.SRER057357.20160606","NEON.LTR.SRER057357.20160606.FLR","NEON.DOC.001710vE","Flowers",0.02,"N",NA,"ON+A0yWFf7igCVIaWru9Pmou+0tujMRK"
"31ab5a7d-10f0-45ff-94ae-43a6c7aa5b5a","SRER_057.basePlot.ltr","D14","SRER","SRER_057","SRER_057_357","2016-05-12","2016-05-05","2016-06-06","2016-06-08T18:45Z","2016-06-10T19:00Z","NEON.LTR.SRER057357.20160606","NEON.LTR.SRER057357.20160606.LVS","NEON.DOC.001710vE","Leaves",0.63,"N",NA,"ON+A0yWFf7igCVIaWru9Pmou+0tujMRK"
"9b1d3215-4caf-4c09-94bd-d7e4bac7cad6","SRER_056.basePlot.ltr","D14","SRER","SRER_056","SRER_056_795","2016-05-12","2016-05-05","2016-06-06","2016-06-08T18:45Z","2016-06-10T19:00Z","NEON.LTR.SRER056795.20160606","NEON.LTR.SRER056795.20160606.SDS","NEON.DOC.001710vE","Seeds",0.13,"N",NA,"ON+A0yWFf7igCVIaWru9Pmou+0tujMRK"
"bb52a6b3-eba1-45fc-8d4f-98b28c7dab93","SRER_056.basePlot.ltr","D14","SRER","SRER_056","SRER_056_795","2016-05-12","2016-05-05","2016-06-06","2016-06-08T18:45Z","2016-06-10T19:00Z","NEON.LTR.SRER056795.20160606","NEON.LTR.SRER056795.20160606.TWI","NEON.DOC.001710vE","Twigs/branches",0.21,"N",NA,"ON+A0yWFf7igCVIaWru9Pmou+0tujMRK"
"0e6129ae-bebc-4905-9e24-e34ca86b72f7","SRER_056.basePlot.ltr","D14","SRER","SRER_056","SRER_056_795","2016-05-12","2016-05-05","2016-06-06","2016-06-08T18:45Z","2016-06-10T19:00Z","NEON.LTR.SRER056795.20160606","NEON.LTR.SRER056795.20160606.WDY","NEON.DOC.001710vE","Woody material",0.01,"N",NA,"ON+A0yWFf7igCVIaWru9Pmou+0tujMRK"
"2438a50c-7b03-4f63-9b29-00ba298b214b","SRER_056.basePlot.ltr","D14","SRER","SRER_056","SRER_056_795","2016-05-12","2016-05-05","2016-06-06","2016-06-08T18:45Z","2016-06-10T19:00Z","NEON.LTR.SRER056795.20160606","NEON.LTR.SRER056795.20160606.LVS","NEON.DOC.001710vE","Leaves",0.41,"N",NA,"ON+A0yWFf7igCVIaWru9Pmou+0tujMRK"
"b24040ed-23ea-4aeb-9597-2f1429ab1003","SRER_056.basePlot.ltr","D14","SRER","SRER_056","SRER_056_795","2016-05-12","2016-05-05","2016-06-06","2016-06-08T18:45Z","2016-06-10T19:00Z","NEON.LTR.SRER056795.20160606","NEON.LTR.SRER056795.20160606.NDL","NEON.DOC.001710vE","Needles",0,"N",NA,"ON+A0yWFf7igCVIaWru9Pmou+0tujMRK"
"bac9d1e5-dd86-4003-8043-2abe207c80c1","SRER_056.basePlot.ltr","D14","SRER","SRER_056","SRER_056_510","2016-05-12","2016-05-05","2016-06-06","2016-06-08T18:45Z","2016-06-10T19:00Z","NEON.LTR.SRER056510.20160606","NEON.LTR.SRER056510.20160606.WDY","NEON.DOC.001710vE","Woody material",0.005,"N",NA,"ON+A0yWFf7igCVIaWru9Pmou+0tujMRK"
"c674f11f-943c-44d3-bf30-b88d8a1e22c7","SRER_056.basePlot.ltr","D14","SRER","SRER_056","SRER_056_510","2016-05-12","2016-05-05","2016-06-06","2016-06-08T18:45Z","2016-06-10T19:00Z","NEON.LTR.SRER056510.20160606","NEON.LTR.SRER056510.20160606.OTH","NEON.DOC.001710vE","Other",0,"N",NA,"ON+A0yWFf7igCVIaWru9Pmou+0tujMRK"
"93305dca-4033-403c-b2fc-c0f0534d9c30","SRER_056.basePlot.ltr","D14","SRER","SRER_056","SRER_056_795","2016-05-12","2016-05-05","2016-06-06","2016-06-08T18:45Z","2016-06-10T19:00Z","NEON.LTR.SRER056795.20160606","NEON.LTR.SRER056795.20160606.FLR","NEON.DOC.001710vE","Flowers",0.005,"N",NA,"ON+A0yWFf7igCVIaWru9Pmou+0tujMRK"
"986bd640-00e6-4255-9534-65ceb1eb8718","SRER_056.basePlot.ltr","D14","SRER","SRER_056","SRER_056_510","2016-05-12","2016-05-05","2016-06-06","2016-06-08T18:45Z","2016-06-10T19:00Z","NEON.LTR.SRER056510.20160606","NEON.LTR.SRER056510.20160606.NDL","NEON.DOC.001710vE","Needles",0,"N",NA,"ON+A0yWFf7igCVIaWru9Pmou+0tujMRK"
"dc060d3f-ce1a-4ebd-a3a8-16a5f4badb1d","SRER_056.basePlot.ltr","D14","SRER","SRER_056","SRER_056_510","2016-05-12","2016-05-05","2016-06-06","2016-06-08T18:45Z","2016-06-10T19:00Z","NEON.LTR.SRER056510.20160606","NEON.LTR.SRER056510.20160606.SDS","NEON.DOC.001710vE","Seeds",0.68,"N",NA,"ON+A0yWFf7igCVIaWru9Pmou+0tujMRK"
"b4185888-79ac-4fc4-914d-1448a7fa5afc","SRER_056.basePlot.ltr","D14","SRER","SRER_056","SRER_056_510","2016-05-12","2016-05-05","2016-06-06","2016-06-08T18:45Z","2016-06-10T19:00Z","NEON.LTR.SRER056510.20160606","NEON.LTR.SRER056510.20160606.TWI","NEON.DOC.001710vE","Twigs/branches",1.13,"N",NA,"ON+A0yWFf7igCVIaWru9Pmou+0tujMRK"
"1d60ffc4-49ce-4d4b-9042-1bc838abcea3","SRER_056.basePlot.ltr","D14","SRER","SRER_056","SRER_056_510","2016-05-12","2016-05-05","2016-06-06","2016-06-08T18:45Z","2016-06-10T19:00Z","NEON.LTR.SRER056510.20160606","NEON.LTR.SRER056510.20160606.FLR","NEON.DOC.001710vE","Flowers",0,"N",NA,"ON+A0yWFf7igCVIaWru9Pmou+0tujMRK"
"4c097cfc-181c-445f-9ee0-8e84c907b0af","SRER_056.basePlot.ltr","D14","SRER","SRER_056","SRER_056_510","2016-05-12","2016-05-05","2016-06-06","2016-06-08T18:45Z","2016-06-10T19:00Z","NEON.LTR.SRER056510.20160606","NEON.LTR.SRER056510.20160606.LVS","NEON.DOC.001710vE","Leaves",4.53,"N",NA,"ON+A0yWFf7igCVIaWru9Pmou+0tujMRK"
"d219c13b-eefe-4f8e-8085-3200810dbde4","SRER_055.basePlot.ltr","D14","SRER","SRER_055","SRER_055_838","2016-05-12","2016-05-05","2016-06-06","2016-06-08T18:45Z","2016-06-10T19:00Z","NEON.LTR.SRER055838.20160606","NEON.LTR.SRER055838.20160606.TWI","NEON.DOC.001710vE","Twigs/branches",1.25,"N",NA,"ON+A0yWFf7igCVIaWru9Pmou+0tujMRK"
"c28434cf-47e1-4b69-86ba-98314115bebe","SRER_055.basePlot.ltr","D14","SRER","SRER_055","SRER_055_838","2016-05-12","2016-05-05","2016-06-06","2016-06-08T18:45Z","2016-06-10T19:00Z","NEON.LTR.SRER055838.20160606","NEON.LTR.SRER055838.20160606.WDY","NEON.DOC.001710vE","Woody material",0.01,"Y",NA,"ON+A0yWFf7igCVIaWru9Pmou+0tujMRK"
"bdea5f0e-7c65-4d22-844d-084800f9da2b","SRER_055.basePlot.ltr","D14","SRER","SRER_055","SRER_055_838","2016-05-12","2016-05-05","2016-06-06","2016-06-08T18:45Z","2016-06-10T19:00Z","NEON.LTR.SRER055838.20160606","NEON.LTR.SRER055838.20160606.OTH","NEON.DOC.001710vE","Other",0,"N",NA,"ON+A0yWFf7igCVIaWru9Pmou+0tujMRK"
"6e81d93f-8724-4810-b644-1e1ce6501121","SRER_055.basePlot.ltr","D14","SRER","SRER_055","SRER_055_838","2016-05-12","2016-05-05","2016-06-06","2016-06-08T18:45Z","2016-06-10T19:00Z","NEON.LTR.SRER055838.20160606","NEON.LTR.SRER055838.20160606.LVS","NEON.DOC.001710vE","Leaves",3.61,"N",NA,"ON+A0yWFf7igCVIaWru9Pmou+0tujMRK"
"b515303c-8788-4f6c-a09e-cb7e129ea1ce","SRER_055.basePlot.ltr","D14","SRER","SRER_055","SRER_055_838","2016-05-12","2016-05-05","2016-06-06","2016-06-08T18:45Z","2016-06-10T19:00Z","NEON.LTR.SRER055838.20160606","NEON.LTR.SRER055838.20160606.NDL","NEON.DOC.001710vE","Needles",0,"N",NA,"ON+A0yWFf7igCVIaWru9Pmou+0tujMRK"
"caf62c38-fa0c-4884-a0f1-a43c77a5c429","SRER_055.basePlot.ltr","D14","SRER","SRER_055","SRER_055_838","2016-05-12","2016-05-05","2016-06-06","2016-06-08T18:45Z","2016-06-10T19:00Z","NEON.LTR.SRER055838.20160606","NEON.LTR.SRER055838.20160606.SDS","NEON.DOC.001710vE","Seeds",0.04,"N",NA,"ON+A0yWFf7igCVIaWru9Pmou+0tujMRK"
"a37540e0-0793-4c91-a98b-825ec87fca0a","SRER_055.basePlot.ltr","D14","SRER","SRER_055","SRER_055_675","2016-05-12","2016-05-05","2016-06-06","2016-06-08T18:45Z","2016-06-10T19:00Z","NEON.LTR.SRER055675.20160606","NEON.LTR.SRER055675.20160606.OTH","NEON.DOC.001710vE","Other",0,"N",NA,"ON+A0yWFf7igCVIaWru9Pmou+0tujMRK"
"65e2d1bc-f005-49b8-99a5-d0598863600a","SRER_055.basePlot.ltr","D14","SRER","SRER_055","SRER_055_838","2016-05-12","2016-05-05","2016-06-06","2016-06-08T18:45Z","2016-06-10T19:00Z","NEON.LTR.SRER055838.20160606","NEON.LTR.SRER055838.20160606.FLR","NEON.DOC.001710vE","Flowers",0,"N",NA,"ON+A0yWFf7igCVIaWru9Pmou+0tujMRK"
"f52eb2eb-3995-45ae-a93a-6716aec3e5ad","SRER_055.basePlot.ltr","D14","SRER","SRER_055","SRER_055_675","2016-05-12","2016-05-05","2016-06-06","2016-06-08T18:45Z","2016-06-10T19:00Z","NEON.LTR.SRER055675.20160606","NEON.LTR.SRER055675.20160606.TWI","NEON.DOC.001710vE","Twigs/branches",1.3,"N",NA,"ON+A0yWFf7igCVIaWru9Pmou+0tujMRK"
"eadca270-e00e-4de2-9ca8-8942fb1e549d","SRER_055.basePlot.ltr","D14","SRER","SRER_055","SRER_055_675","2016-05-12","2016-05-05","2016-06-06","2016-06-08T18:45Z","2016-06-10T19:00Z","NEON.LTR.SRER055675.20160606","NEON.LTR.SRER055675.20160606.WDY","NEON.DOC.001710vE","Woody material",0.14,"N",NA,"ON+A0yWFf7igCVIaWru9Pmou+0tujMRK"
"37e4b341-448d-4736-939c-14530be1dd58","SRER_050.basePlot.ltr","D14","SRER","SRER_050","SRER_050_962","2016-05-12","2016-05-05","2016-06-06","2016-06-08T18:45Z","2016-06-10T19:00Z","NEON.LTR.SRER050962.20160606","NEON.LTR.SRER050962.20160606.SDS","NEON.DOC.001710vE","Seeds",0.14,"N",NA,"ON+A0yWFf7igCVIaWru9Pmou+0tujMRK"
"a3ad6b73-fd08-4f50-beb9-15bbe1763e2c","SRER_050.basePlot.ltr","D14","SRER","SRER_050","SRER_050_962","2016-05-12","2016-05-05","2016-06-06","2016-06-08T18:45Z","2016-06-10T19:00Z","NEON.LTR.SRER050962.20160606","NEON.LTR.SRER050962.20160606.TWI","NEON.DOC.001710vE","Twigs/branches",0.05,"Y",NA,"ON+A0yWFf7igCVIaWru9Pmou+0tujMRK"
"9794be14-4207-4b5a-9a85-ae3fd55be1ed","SRER_050.basePlot.ltr","D14","SRER","SRER_050","SRER_050_962","2016-05-12","2016-05-05","2016-06-06","2016-06-08T18:45Z","2016-06-10T19:00Z","NEON.LTR.SRER050962.20160606","NEON.LTR.SRER050962.20160606.WDY","NEON.DOC.001710vE","Woody material",0.005,"N",NA,"ON+A0yWFf7igCVIaWru9Pmou+0tujMRK"
"29c0a6b5-b377-4208-8222-b3cf8a0e70ec","SRER_050.basePlot.ltr","D14","SRER","SRER_050","SRER_050_962","2016-05-12","2016-05-05","2016-06-06","2016-06-08T18:45Z","2016-06-10T19:00Z","NEON.LTR.SRER050962.20160606","NEON.LTR.SRER050962.20160606.OTH","NEON.DOC.001710vE","Other",0,"N",NA,"ON+A0yWFf7igCVIaWru9Pmou+0tujMRK"
"8c664c89-78e1-4b20-907a-18aadbf34b03","SRER_051.basePlot.ltr","D14","SRER","SRER_051","SRER_051_371","2016-05-12","2016-05-05","2016-06-06","2016-06-08T18:45Z","2016-06-10T19:00Z","NEON.LTR.SRER051371.20160606","NEON.LTR.SRER051371.20160606.FLR","NEON.DOC.001710vE","Flowers",0.03,"N",NA,"ON+A0yWFf7igCVIaWru9Pmou+0tujMRK"
"3bfef8c8-5193-496d-a18c-cb4346586a30","SRER_051.basePlot.ltr","D14","SRER","SRER_051","SRER_051_371","2016-05-12","2016-05-05","2016-06-06","2016-06-08T18:45Z","2016-06-10T19:00Z","NEON.LTR.SRER051371.20160606","NEON.LTR.SRER051371.20160606.LVS","NEON.DOC.001710vE","Leaves",2.69,"N",NA,"ON+A0yWFf7igCVIaWru9Pmou+0tujMRK"
"2504331a-7b1f-4763-bebd-4a4616196929","SRER_051.basePlot.ltr","D14","SRER","SRER_051","SRER_051_371","2016-05-12","2016-05-05","2016-06-06","2016-06-08T18:45Z","2016-06-10T19:00Z","NEON.LTR.SRER051371.20160606","NEON.LTR.SRER051371.20160606.NDL","NEON.DOC.001710vE","Needles",0,"N",NA,"ON+A0yWFf7igCVIaWru9Pmou+0tujMRK"
"31621c37-3c03-433b-a94c-ad276e650a0e","SRER_051.basePlot.ltr","D14","SRER","SRER_051","SRER_051_371","2016-05-12","2016-05-05","2016-06-06","2016-06-08T18:45Z","2016-06-10T19:00Z","NEON.LTR.SRER051371.20160606","NEON.LTR.SRER051371.20160606.SDS","NEON.DOC.001710vE","Seeds",0.85,"N",NA,"ON+A0yWFf7igCVIaWru9Pmou+0tujMRK"
"1eb47c19-9cb6-42b9-8428-9989e2dfe507","SRER_051.basePlot.ltr","D14","SRER","SRER_051","SRER_051_371","2016-05-12","2016-05-05","2016-06-06","2016-06-08T18:45Z","2016-06-10T19:00Z","NEON.LTR.SRER051371.20160606","NEON.LTR.SRER051371.20160606.TWI","NEON.DOC.001710vE","Twigs/branches",0.91,"N",NA,"ON+A0yWFf7igCVIaWru9Pmou+0tujMRK"
"c735be4e-b619-4ea9-a5d5-40f9e4b4755f","SRER_051.basePlot.ltr","D14","SRER","SRER_051","SRER_051_371","2016-05-12","2016-05-05","2016-06-06","2016-06-08T18:45Z","2016-06-10T19:00Z","NEON.LTR.SRER051371.20160606","NEON.LTR.SRER051371.20160606.WDY","NEON.DOC.001710vE","Woody material",0,"N",NA,"ON+A0yWFf7igCVIaWru9Pmou+0tujMRK"
"88e62b08-a755-4ae3-a9f0-d6ec0d712f1e","SRER_051.basePlot.ltr","D14","SRER","SRER_051","SRER_051_371","2016-05-12","2016-05-05","2016-06-06","2016-06-08T18:45Z","2016-06-10T19:00Z","NEON.LTR.SRER051371.20160606","NEON.LTR.SRER051371.20160606.OTH","NEON.DOC.001710vE","Other",0,"N",NA,"ON+A0yWFf7igCVIaWru9Pmou+0tujMRK"
"cd9ec758-988e-474b-8a68-8ba8f9c1f358","SRER_051.basePlot.ltr","D14","SRER","SRER_051","SRER_051_842","2016-05-12","2016-05-05","2016-06-06","2016-06-08T18:45Z","2016-06-10T19:00Z","NEON.LTR.SRER051842.20160606","NEON.LTR.SRER051842.20160606.FLR","NEON.DOC.001710vE","Flowers",0.25,"N",NA,"ON+A0yWFf7igCVIaWru9Pmou+0tujMRK"
"69030f48-fe01-41a8-9283-8b40b25a214a","SRER_051.basePlot.ltr","D14","SRER","SRER_051","SRER_051_842","2016-05-12","2016-05-05","2016-06-06","2016-06-08T18:45Z","2016-06-10T19:00Z","NEON.LTR.SRER051842.20160606","NEON.LTR.SRER051842.20160606.LVS","NEON.DOC.001710vE","Leaves",0.45,"N",NA,"ON+A0yWFf7igCVIaWru9Pmou+0tujMRK"
"cd4ef200-e38f-41dc-9fea-c7792bc5c227","SRER_051.basePlot.ltr","D14","SRER","SRER_051","SRER_051_842","2016-05-12","2016-05-05","2016-06-06","2016-06-08T18:45Z","2016-06-10T19:00Z","NEON.LTR.SRER051842.20160606","NEON.LTR.SRER051842.20160606.NDL","NEON.DOC.001710vE","Needles",0,"N",NA,"ON+A0yWFf7igCVIaWru9Pmou+0tujMRK"
"25d2ee1d-67b4-4ff6-8173-08d12ca10a8f","SRER_051.basePlot.ltr","D14","SRER","SRER_051","SRER_051_842","2016-05-12","2016-05-05","2016-06-06","2016-06-08T18:45Z","2016-06-10T19:00Z","NEON.LTR.SRER051842.20160606","NEON.LTR.SRER051842.20160606.SDS","NEON.DOC.001710vE","Seeds",0.11,"N",NA,"ON+A0yWFf7igCVIaWru9Pmou+0tujMRK"
"edfe1637-852e-4a28-a756-1b6df0d0a08f","SRER_051.basePlot.ltr","D14","SRER","SRER_051","SRER_051_842","2016-05-12","2016-05-05","2016-06-06","2016-06-08T18:45Z","2016-06-10T19:00Z","NEON.LTR.SRER051842.20160606","NEON.LTR.SRER051842.20160606.TWI","NEON.DOC.001710vE","Twigs/branches",0.02,"N",NA,"ON+A0yWFf7igCVIaWru9Pmou+0tujMRK"
"4dd37bad-0bcd-4c0c-8288-85364e048aaa","SRER_051.basePlot.ltr","D14","SRER","SRER_051","SRER_051_842","2016-05-12","2016-05-05","2016-06-06","2016-06-08T18:45Z","2016-06-10T19:00Z","NEON.LTR.SRER051842.20160606","NEON.LTR.SRER051842.20160606.WDY","NEON.DOC.001710vE","Woody material",0.01,"N",NA,"ON+A0yWFf7igCVIaWru9Pmou+0tujMRK"
"521a8ae1-f1b4-4e10-9ee3-a1caca896b5e","SRER_051.basePlot.ltr","D14","SRER","SRER_051","SRER_051_842","2016-05-12","2016-05-05","2016-06-06","2016-06-08T18:45Z","2016-06-10T19:00Z","NEON.LTR.SRER051842.20160606","NEON.LTR.SRER051842.20160606.OTH","NEON.DOC.001710vE","Other",0,"N",NA,"ON+A0yWFf7igCVIaWru9Pmou+0tujMRK"
"5fd3708c-ef2a-4086-9575-27bdb1c9385b","SRER_052.basePlot.ltr","D14","SRER","SRER_052","SRER_052_122","2016-05-12","2016-05-05","2016-06-06","2016-06-08T18:45Z","2016-06-10T19:00Z","NEON.LTR.SRER052122.20160606","NEON.LTR.SRER052122.20160606.FLR","NEON.DOC.001710vE","Flowers",0.04,"N",NA,"ON+A0yWFf7igCVIaWru9Pmou+0tujMRK"
"a78784ac-fd27-431b-b4fb-8d73db18f85c","SRER_052.basePlot.ltr","D14","SRER","SRER_052","SRER_052_122","2016-05-12","2016-05-05","2016-06-06","2016-06-08T18:45Z","2016-06-10T19:00Z","NEON.LTR.SRER052122.20160606","NEON.LTR.SRER052122.20160606.LVS","NEON.DOC.001710vE","Leaves",0.1,"N",NA,"ON+A0yWFf7igCVIaWru9Pmou+0tujMRK"
"56d4cf5a-8a89-4e37-b75a-6cc185a736a7","SRER_052.basePlot.ltr","D14","SRER","SRER_052","SRER_052_122","2016-05-12","2016-05-05","2016-06-06","2016-06-08T18:45Z","2016-06-10T19:00Z","NEON.LTR.SRER052122.20160606","NEON.LTR.SRER052122.20160606.NDL","NEON.DOC.001710vE","Needles",0,"N",NA,"ON+A0yWFf7igCVIaWru9Pmou+0tujMRK"
"e07bafdd-d9b3-4732-bc72-a935df23cba4","SRER_052.basePlot.ltr","D14","SRER","SRER_052","SRER_052_122","2016-05-12","2016-05-05","2016-06-06","2016-06-08T18:45Z","2016-06-10T19:00Z","NEON.LTR.SRER052122.20160606","NEON.LTR.SRER052122.20160606.SDS","NEON.DOC.001710vE","Seeds",0.05,"N",NA,"ON+A0yWFf7igCVIaWru9Pmou+0tujMRK"
"25392b90-7251-41d6-aefe-be327a5dd3c6","SRER_052.basePlot.ltr","D14","SRER","SRER_052","SRER_052_122","2016-05-12","2016-05-05","2016-06-06","2016-06-08T18:45Z","2016-06-10T19:00Z","NEON.LTR.SRER052122.20160606","NEON.LTR.SRER052122.20160606.TWI","NEON.DOC.001710vE","Twigs/branches",0.005,"N",NA,"ON+A0yWFf7igCVIaWru9Pmou+0tujMRK"
"ec1f42ab-2011-4185-8aaa-bbe59a543b3a","SRER_052.basePlot.ltr","D14","SRER","SRER_052","SRER_052_122","2016-05-12","2016-05-05","2016-06-06","2016-06-08T18:45Z","2016-06-10T19:00Z","NEON.LTR.SRER052122.20160606","NEON.LTR.SRER052122.20160606.WDY","NEON.DOC.001710vE","Woody material",0.06,"N",NA,"ON+A0yWFf7igCVIaWru9Pmou+0tujMRK"
"ed3e5e82-7b75-423c-ace6-f1b3690093db","SRER_052.basePlot.ltr","D14","SRER","SRER_052","SRER_052_122","2016-05-12","2016-05-05","2016-06-06","2016-06-08T18:45Z","2016-06-10T19:00Z","NEON.LTR.SRER052122.20160606","NEON.LTR.SRER052122.20160606.OTH","NEON.DOC.001710vE","Other",0,"N",NA,"ON+A0yWFf7igCVIaWru9Pmou+0tujMRK"
"c3fd95bd-5448-4d41-ba9a-a43ecd260ab0","SRER_052.basePlot.ltr","D14","SRER","SRER_052","SRER_052_514","2016-05-12","2016-05-05","2016-06-06","2016-06-08T18:45Z","2016-06-10T19:00Z","NEON.LTR.SRER052514.20160606","NEON.LTR.SRER052514.20160606.FLR","NEON.DOC.001710vE","Flowers",0,"N",NA,"ON+A0yWFf7igCVIaWru9Pmou+0tujMRK"
"dab05e9c-bae9-405e-b2fd-e33b1abd1929","SRER_052.basePlot.ltr","D14","SRER","SRER_052","SRER_052_514","2016-05-12","2016-05-05","2016-06-06","2016-06-08T18:45Z","2016-06-10T19:00Z","NEON.LTR.SRER052514.20160606","NEON.LTR.SRER052514.20160606.LVS","NEON.DOC.001710vE","Leaves",3.35,"N",NA,"ON+A0yWFf7igCVIaWru9Pmou+0tujMRK"
"3032b6e3-8490-45df-b177-48fbbb31d805","SRER_052.basePlot.ltr","D14","SRER","SRER_052","SRER_052_514","2016-05-12","2016-05-05","2016-06-06","2016-06-08T18:45Z","2016-06-10T19:00Z","NEON.LTR.SRER052514.20160606","NEON.LTR.SRER052514.20160606.NDL","NEON.DOC.001710vE","Needles",0,"N",NA,"ON+A0yWFf7igCVIaWru9Pmou+0tujMRK"
"7b3a6425-93ef-41de-8ae0-dcc096f5a3be","SRER_052.basePlot.ltr","D14","SRER","SRER_052","SRER_052_514","2016-05-12","2016-05-05","2016-06-06","2016-06-08T18:45Z","2016-06-10T19:00Z","NEON.LTR.SRER052514.20160606","NEON.LTR.SRER052514.20160606.SDS","NEON.DOC.001710vE","Seeds",0.45,"N",NA,"ON+A0yWFf7igCVIaWru9Pmou+0tujMRK"
"19b5510f-caa7-42ae-ad0f-c4e3b30fb00d","SRER_052.basePlot.ltr","D14","SRER","SRER_052","SRER_052_514","2016-05-12","2016-05-05","2016-06-06","2016-06-08T18:45Z","2016-06-10T19:00Z","NEON.LTR.SRER052514.20160606","NEON.LTR.SRER052514.20160606.TWI","NEON.DOC.001710vE","Twigs/branches",3.59,"Y",NA,"ON+A0yWFf7igCVIaWru9Pmou+0tujMRK"
"33dc4cc2-d2e3-4b5b-847f-bc76e3e31a1d","SRER_052.basePlot.ltr","D14","SRER","SRER_052","SRER_052_514","2016-05-12","2016-05-05","2016-06-06","2016-06-08T18:45Z","2016-06-10T19:00Z","NEON.LTR.SRER052514.20160606","NEON.LTR.SRER052514.20160606.WDY","NEON.DOC.001710vE","Woody material",0.04,"N",NA,"ON+A0yWFf7igCVIaWru9Pmou+0tujMRK"
"5f81d584-c44f-453f-a33d-dae8786e1cf9","SRER_052.basePlot.ltr","D14","SRER","SRER_052","SRER_052_514","2016-05-12","2016-05-05","2016-06-06","2016-06-08T18:45Z","2016-06-10T19:00Z","NEON.LTR.SRER052514.20160606","NEON.LTR.SRER052514.20160606.OTH","NEON.DOC.001710vE","Other",0,"N",NA,"ON+A0yWFf7igCVIaWru9Pmou+0tujMRK"
"3c6ae461-8fe4-4dd5-aeb3-06792801c52e","SRER_053.basePlot.ltr","D14","SRER","SRER_053","SRER_053_519","2016-05-12","2016-05-05","2016-06-06","2016-06-08T18:45Z","2016-06-10T19:00Z","NEON.LTR.SRER053519.20160606","NEON.LTR.SRER053519.20160606.FLR","NEON.DOC.001710vE","Flowers",0.12,"N",NA,"ON+A0yWFf7igCVIaWru9Pmou+0tujMRK"
"43fb46b5-41e8-46b5-be07-af9c983ffb7f","SRER_053.basePlot.ltr","D14","SRER","SRER_053","SRER_053_519","2016-05-12","2016-05-05","2016-06-06","2016-06-08T18:45Z","2016-06-10T19:00Z","NEON.LTR.SRER053519.20160606","NEON.LTR.SRER053519.20160606.LVS","NEON.DOC.001710vE","Leaves",2.88,"N",NA,"ON+A0yWFf7igCVIaWru9Pmou+0tujMRK"
"96ae6245-58a3-4a32-8f3f-638429c3df6e","SRER_053.basePlot.ltr","D14","SRER","SRER_053","SRER_053_519","2016-05-12","2016-05-05","2016-06-06","2016-06-08T18:45Z","2016-06-10T19:00Z","NEON.LTR.SRER053519.20160606","NEON.LTR.SRER053519.20160606.NDL","NEON.DOC.001710vE","Needles",0,"N",NA,"ON+A0yWFf7igCVIaWru9Pmou+0tujMRK"
"910f5e6b-4a8e-4090-8611-aeeea3765269","SRER_053.basePlot.ltr","D14","SRER","SRER_053","SRER_053_519","2016-05-12","2016-05-05","2016-06-06","2016-06-08T18:45Z","2016-06-10T19:00Z","NEON.LTR.SRER053519.20160606","NEON.LTR.SRER053519.20160606.SDS","NEON.DOC.001710vE","Seeds",0.48,"N",NA,"ON+A0yWFf7igCVIaWru9Pmou+0tujMRK"
"f0a64495-e8bc-4899-8042-735d9e06da35","SRER_053.basePlot.ltr","D14","SRER","SRER_053","SRER_053_519","2016-05-12","2016-05-05","2016-06-06","2016-06-08T18:45Z","2016-06-10T19:00Z","NEON.LTR.SRER053519.20160606","NEON.LTR.SRER053519.20160606.TWI","NEON.DOC.001710vE","Twigs/branches",0.95,"N",NA,"ON+A0yWFf7igCVIaWru9Pmou+0tujMRK"
"0ec2d333-962f-4b02-ba3a-e5f0e26432c4","SRER_053.basePlot.ltr","D14","SRER","SRER_053","SRER_053_519","2016-05-12","2016-05-05","2016-06-06","2016-06-08T18:45Z","2016-06-10T19:00Z","NEON.LTR.SRER053519.20160606","NEON.LTR.SRER053519.20160606.WDY","NEON.DOC.001710vE","Woody material",0.005,"N",NA,"ON+A0yWFf7igCVIaWru9Pmou+0tujMRK"
"91854473-98cb-4fc8-ab05-8e0d7e4181ef","SRER_053.basePlot.ltr","D14","SRER","SRER_053","SRER_053_519","2016-05-12","2016-05-05","2016-06-06","2016-06-08T18:45Z","2016-06-10T19:00Z","NEON.LTR.SRER053519.20160606","NEON.LTR.SRER053519.20160606.OTH","NEON.DOC.001710vE","Other",0,"N",NA,"ON+A0yWFf7igCVIaWru9Pmou+0tujMRK"
"37616187-f0ae-4c77-92d6-7bda62dd79f6","SRER_054.basePlot.ltr","D14","SRER","SRER_054","SRER_054_524","2016-05-12","2016-05-05","2016-06-06","2016-06-08T18:45Z","2016-06-10T19:00Z","NEON.LTR.SRER054524.20160606","NEON.LTR.SRER054524.20160606.FLR","NEON.DOC.001710vE","Flowers",1.05,"N",NA,"ON+A0yWFf7igCVIaWru9Pmou+0tujMRK"
"b34973c3-d3da-4ada-99ed-31e64ac4e174","SRER_054.basePlot.ltr","D14","SRER","SRER_054","SRER_054_524","2016-05-12","2016-05-05","2016-06-06","2016-06-08T18:45Z","2016-06-10T19:00Z","NEON.LTR.SRER054524.20160606","NEON.LTR.SRER054524.20160606.LVS","NEON.DOC.001710vE","Leaves",0.53,"N",NA,"ON+A0yWFf7igCVIaWru9Pmou+0tujMRK"
"545d6202-7bcb-47d1-beb2-ada5fd46f42b","SRER_054.basePlot.ltr","D14","SRER","SRER_054","SRER_054_524","2016-05-12","2016-05-05","2016-06-06","2016-06-08T18:45Z","2016-06-10T19:00Z","NEON.LTR.SRER054524.20160606","NEON.LTR.SRER054524.20160606.NDL","NEON.DOC.001710vE","Needles",0,"N",NA,"ON+A0yWFf7igCVIaWru9Pmou+0tujMRK"
"ffe9d55b-2e21-42f0-a7fe-c479cabefd39","SRER_054.basePlot.ltr","D14","SRER","SRER_054","SRER_054_524","2016-05-12","2016-05-05","2016-06-06","2016-06-08T18:45Z","2016-06-10T19:00Z","NEON.LTR.SRER054524.20160606","NEON.LTR.SRER054524.20160606.SDS","NEON.DOC.001710vE","Seeds",0.19,"N",NA,"ON+A0yWFf7igCVIaWru9Pmou+0tujMRK"
"7fed0dbb-cb58-476f-9796-680d792b0b0d","SRER_054.basePlot.ltr","D14","SRER","SRER_054","SRER_054_524","2016-05-12","2016-05-05","2016-06-06","2016-06-08T18:45Z","2016-06-10T19:00Z","NEON.LTR.SRER054524.20160606","NEON.LTR.SRER054524.20160606.TWI","NEON.DOC.001710vE","Twigs/branches",0.02,"N",NA,"ON+A0yWFf7igCVIaWru9Pmou+0tujMRK"
"737f334c-bad1-455a-b317-55b5901e4462","SRER_054.basePlot.ltr","D14","SRER","SRER_054","SRER_054_524","2016-05-12","2016-05-05","2016-06-06","2016-06-08T18:45Z","2016-06-10T19:00Z","NEON.LTR.SRER054524.20160606","NEON.LTR.SRER054524.20160606.WDY","NEON.DOC.001710vE","Woody material",0,"N",NA,"ON+A0yWFf7igCVIaWru9Pmou+0tujMRK"
"2aa000a0-ea39-4f6a-af1a-28720ebd99a3","SRER_054.basePlot.ltr","D14","SRER","SRER_054","SRER_054_524","2016-05-12","2016-05-05","2016-06-06","2016-06-08T18:45Z","2016-06-10T19:00Z","NEON.LTR.SRER054524.20160606","NEON.LTR.SRER054524.20160606.OTH","NEON.DOC.001710vE","Other",0,"N",NA,"ON+A0yWFf7igCVIaWru9Pmou+0tujMRK"
"88cfb104-a833-4ace-9b14-3a7f8bc6177b","SRER_055.basePlot.ltr","D14","SRER","SRER_055","SRER_055_675","2016-05-12","2016-05-05","2016-06-06","2016-06-08T18:45Z","2016-06-10T19:00Z","NEON.LTR.SRER055675.20160606","NEON.LTR.SRER055675.20160606.FLR","NEON.DOC.001710vE","Flowers",0.3,"N",NA,"ON+A0yWFf7igCVIaWru9Pmou+0tujMRK"
"2f41ccbb-d9b0-4acb-bdcd-ba37938f7436","SRER_055.basePlot.ltr","D14","SRER","SRER_055","SRER_055_675","2016-05-12","2016-05-05","2016-06-06","2016-06-08T18:45Z","2016-06-10T19:00Z","NEON.LTR.SRER055675.20160606","NEON.LTR.SRER055675.20160606.LVS","NEON.DOC.001710vE","Leaves",0.27,"N",NA,"ON+A0yWFf7igCVIaWru9Pmou+0tujMRK"
"434ca41e-ed41-4385-bd1a-10fa00b482b7","SRER_055.basePlot.ltr","D14","SRER","SRER_055","SRER_055_675","2016-05-12","2016-05-05","2016-06-06","2016-06-08T18:45Z","2016-06-10T19:00Z","NEON.LTR.SRER055675.20160606","NEON.LTR.SRER055675.20160606.NDL","NEON.DOC.001710vE","Needles",0,"N",NA,"ON+A0yWFf7igCVIaWru9Pmou+0tujMRK"
"a3a102bd-8bd4-4dce-9b9e-3331ea556e85","SRER_055.basePlot.ltr","D14","SRER","SRER_055","SRER_055_675","2016-05-12","2016-05-05","2016-06-06","2016-06-08T18:45Z","2016-06-10T19:00Z","NEON.LTR.SRER055675.20160606","NEON.LTR.SRER055675.20160606.SDS","NEON.DOC.001710vE","Seeds",0.67,"N",NA,"ON+A0yWFf7igCVIaWru9Pmou+0tujMRK"
"5dda9743-1db7-4f11-a8de-07bb24e1ca87","SRER_050.basePlot.ltr","D14","SRER","SRER_050","SRER_050_962","2016-05-12","2016-05-05","2016-06-06","2016-06-08T18:45Z","2016-06-10T19:00Z","NEON.LTR.SRER050962.20160606","NEON.LTR.SRER050962.20160606.LVS","NEON.DOC.001710vE","Leaves",2.17,"N",NA,"ON+A0yWFf7igCVIaWru9Pmou+0tujMRK"
"bfedee77-e42d-4911-95a5-bd52b9f1d734","SRER_050.basePlot.ltr","D14","SRER","SRER_050","SRER_050_962","2016-05-12","2016-05-05","2016-06-06","2016-06-08T18:45Z","2016-06-10T19:00Z","NEON.LTR.SRER050962.20160606","NEON.LTR.SRER050962.20160606.NDL","NEON.DOC.001710vE","Needles",0,"N",NA,"ON+A0yWFf7igCVIaWru9Pmou+0tujMRK"
"20a754b4-7d98-4c95-92c1-ca4417ab1443","SRER_050.basePlot.ltr","D14","SRER","SRER_050","SRER_050_716","2016-05-12","2016-05-05","2016-06-06","2016-06-08T18:45Z","2016-06-10T19:00Z","NEON.LTR.SRER050716.20160606","NEON.LTR.SRER050716.20160606.OTH","NEON.DOC.001710vE","Other",0,"N",NA,"ON+A0yWFf7igCVIaWru9Pmou+0tujMRK"
"474ef7c0-c132-4be7-a52d-6e003d608ada","SRER_050.basePlot.ltr","D14","SRER","SRER_050","SRER_050_962","2016-05-12","2016-05-05","2016-06-06","2016-06-08T18:45Z","2016-06-10T19:00Z","NEON.LTR.SRER050962.20160606","NEON.LTR.SRER050962.20160606.FLR","NEON.DOC.001710vE","Flowers",0.92,"Y",NA,"ON+A0yWFf7igCVIaWru9Pmou+0tujMRK"
"30a4d978-53ad-4f70-93ed-8ac2193d4937","SRER_050.basePlot.ltr","D14","SRER","SRER_050","SRER_050_716","2016-05-12","2016-05-05","2016-06-06","2016-06-08T18:45Z","2016-06-10T19:00Z","NEON.LTR.SRER050716.20160606","NEON.LTR.SRER050716.20160606.SDS","NEON.DOC.001710vE","Seeds",0.6,"Y",NA,"ON+A0yWFf7igCVIaWru9Pmou+0tujMRK"
"31a4c7c3-89df-4f6a-beb9-24ab2345eb44","SRER_050.basePlot.ltr","D14","SRER","SRER_050","SRER_050_716","2016-05-12","2016-05-05","2016-06-06","2016-06-08T18:45Z","2016-06-10T19:00Z","NEON.LTR.SRER050716.20160606","NEON.LTR.SRER050716.20160606.TWI","NEON.DOC.001710vE","Twigs/branches",0.14,"N",NA,"ON+A0yWFf7igCVIaWru9Pmou+0tujMRK"
"55cf649d-b650-4916-aa1c-e349b0f4ead9","SRER_050.basePlot.ltr","D14","SRER","SRER_050","SRER_050_716","2016-05-12","2016-05-05","2016-06-06","2016-06-08T18:45Z","2016-06-10T19:00Z","NEON.LTR.SRER050716.20160606","NEON.LTR.SRER050716.20160606.WDY","NEON.DOC.001710vE","Woody material",0,"N",NA,"ON+A0yWFf7igCVIaWru9Pmou+0tujMRK"
"52563777-eaeb-478e-a5f6-be1ade2f99c3","SRER_050.basePlot.ltr","D14","SRER","SRER_050","SRER_050_716","2016-05-12","2016-05-05","2016-06-06","2016-06-08T18:45Z","2016-06-10T19:00Z","NEON.LTR.SRER050716.20160606","NEON.LTR.SRER050716.20160606.FLR","NEON.DOC.001710vE","Flowers",0.21,"N",NA,"ON+A0yWFf7igCVIaWru9Pmou+0tujMRK"
"6d2803f8-c2c2-4952-a51b-96cfef0fde6e","SRER_050.basePlot.ltr","D14","SRER","SRER_050","SRER_050_716","2016-05-12","2016-05-05","2016-06-06","2016-06-08T18:45Z","2016-06-10T19:00Z","NEON.LTR.SRER050716.20160606","NEON.LTR.SRER050716.20160606.LVS","NEON.DOC.001710vE","Leaves",1.09,"N",NA,"ON+A0yWFf7igCVIaWru9Pmou+0tujMRK"
"5f21face-dd06-45f0-b41d-7a228755f1bb","SRER_050.basePlot.ltr","D14","SRER","SRER_050","SRER_050_716","2016-05-12","2016-05-05","2016-06-06","2016-06-08T18:45Z","2016-06-10T19:00Z","NEON.LTR.SRER050716.20160606","NEON.LTR.SRER050716.20160606.NDL","NEON.DOC.001710vE","Needles",0,"N",NA,"ON+A0yWFf7igCVIaWru9Pmou+0tujMRK"
"5630fad7-29e2-4617-ad80-00acf2fe555c","SRER_049.basePlot.ltr","D14","SRER","SRER_049","SRER_049_579","2016-05-12","2016-05-05","2016-06-06","2016-06-08T18:45Z","2016-06-10T19:00Z","NEON.LTR.SRER049579.20160606","NEON.LTR.SRER049579.20160606.WDY","NEON.DOC.001710vE","Woody material",0,"N",NA,"ON+A0yWFf7igCVIaWru9Pmou+0tujMRK"
"e3ab00fe-3875-49d1-b28d-6b0cc19284e3","SRER_049.basePlot.ltr","D14","SRER","SRER_049","SRER_049_579","2016-05-12","2016-05-05","2016-06-06","2016-06-08T18:45Z","2016-06-10T19:00Z","NEON.LTR.SRER049579.20160606","NEON.LTR.SRER049579.20160606.OTH","NEON.DOC.001710vE","Other",0,"N",NA,"ON+A0yWFf7igCVIaWru9Pmou+0tujMRK"
"b8f435bd-f128-4b5d-8c75-a0a599a0fd09","SRER_049.basePlot.ltr","D14","SRER","SRER_049","SRER_049_579","2016-05-12","2016-05-05","2016-06-06","2016-06-08T18:45Z","2016-06-10T19:00Z","NEON.LTR.SRER049579.20160606","NEON.LTR.SRER049579.20160606.NDL","NEON.DOC.001710vE","Needles",0,"N",NA,"ON+A0yWFf7igCVIaWru9Pmou+0tujMRK"
"a7c024b0-d5b6-4521-906b-3e9353b3ae94","SRER_049.basePlot.ltr","D14","SRER","SRER_049","SRER_049_579","2016-05-12","2016-05-05","2016-06-06","2016-06-08T18:45Z","2016-06-10T19:00Z","NEON.LTR.SRER049579.20160606","NEON.LTR.SRER049579.20160606.SDS","NEON.DOC.001710vE","Seeds",2.49,"N",NA,"ON+A0yWFf7igCVIaWru9Pmou+0tujMRK"
"63846168-ca93-4659-8290-53250f008a95","SRER_049.basePlot.ltr","D14","SRER","SRER_049","SRER_049_579","2016-05-12","2016-05-05","2016-06-06","2016-06-08T18:45Z","2016-06-10T19:00Z","NEON.LTR.SRER049579.20160606","NEON.LTR.SRER049579.20160606.TWI","NEON.DOC.001710vE","Twigs/branches",3.13,"N",NA,"ON+A0yWFf7igCVIaWru9Pmou+0tujMRK"
"aa4b75e9-9f49-4a4d-a6fe-8c0286d5bded","SRER_049.basePlot.ltr","D14","SRER","SRER_049","SRER_049_050","2016-05-12","2016-05-05","2016-06-06","2016-06-08T18:45Z","2016-06-10T19:00Z","NEON.LTR.SRER049050.20160606","NEON.LTR.SRER049050.20160606.OTH","NEON.DOC.001710vE","Other",0,"N",NA,"ON+A0yWFf7igCVIaWru9Pmou+0tujMRK"
"83f5e3fb-c65f-45c5-b143-ca0c19f087ec","SRER_049.basePlot.ltr","D14","SRER","SRER_049","SRER_049_579","2016-05-12","2016-05-05","2016-06-06","2016-06-08T18:45Z","2016-06-10T19:00Z","NEON.LTR.SRER049579.20160606","NEON.LTR.SRER049579.20160606.FLR","NEON.DOC.001710vE","Flowers",0.1,"N",NA,"ON+A0yWFf7igCVIaWru9Pmou+0tujMRK"
"6658d0c3-bba2-4d52-9b73-b664f921f446","SRER_049.basePlot.ltr","D14","SRER","SRER_049","SRER_049_579","2016-05-12","2016-05-05","2016-06-06","2016-06-08T18:45Z","2016-06-10T19:00Z","NEON.LTR.SRER049579.20160606","NEON.LTR.SRER049579.20160606.LVS","NEON.DOC.001710vE","Leaves",5.5,"N",NA,"ON+A0yWFf7igCVIaWru9Pmou+0tujMRK"
"145095a1-93ef-48e0-a477-199213b350cc","SRER_049.basePlot.ltr","D14","SRER","SRER_049","SRER_049_050","2016-05-12","2016-05-05","2016-06-06","2016-06-08T18:45Z","2016-06-10T19:00Z","NEON.LTR.SRER049050.20160606","NEON.LTR.SRER049050.20160606.TWI","NEON.DOC.001710vE","Twigs/branches",1.65,"N",NA,"ON+A0yWFf7igCVIaWru9Pmou+0tujMRK"
"0650267d-0628-417c-bd09-0b3aa02828e3","SRER_049.basePlot.ltr","D14","SRER","SRER_049","SRER_049_050","2016-05-12","2016-05-05","2016-06-06","2016-06-08T18:45Z","2016-06-10T19:00Z","NEON.LTR.SRER049050.20160606","NEON.LTR.SRER049050.20160606.WDY","NEON.DOC.001710vE","Woody material",0,"N",NA,"ON+A0yWFf7igCVIaWru9Pmou+0tujMRK"
"b0b822a1-2fe8-42e0-b457-1c37571e0d70","SRER_049.basePlot.ltr","D14","SRER","SRER_049","SRER_049_050","2016-05-12","2016-05-05","2016-06-06","2016-06-08T18:45Z","2016-06-10T19:00Z","NEON.LTR.SRER049050.20160606","NEON.LTR.SRER049050.20160606.LVS","NEON.DOC.001710vE","Leaves",3.41,"N",NA,"ON+A0yWFf7igCVIaWru9Pmou+0tujMRK"
"52ef6c72-b01f-489d-872e-9ac562552663","SRER_049.basePlot.ltr","D14","SRER","SRER_049","SRER_049_050","2016-05-12","2016-05-05","2016-06-06","2016-06-08T18:45Z","2016-06-10T19:00Z","NEON.LTR.SRER049050.20160606","NEON.LTR.SRER049050.20160606.NDL","NEON.DOC.001710vE","Needles",0,"N",NA,"ON+A0yWFf7igCVIaWru9Pmou+0tujMRK"
"047d20a7-5f72-4f19-85ec-b29fe677ecf2","SRER_049.basePlot.ltr","D14","SRER","SRER_049","SRER_049_050","2016-05-12","2016-05-05","2016-06-06","2016-06-08T18:45Z","2016-06-10T19:00Z","NEON.LTR.SRER049050.20160606","NEON.LTR.SRER049050.20160606.SDS","NEON.DOC.001710vE","Seeds",0.61,"N",NA,"ON+A0yWFf7igCVIaWru9Pmou+0tujMRK"
"7275bc30-5e1c-42f4-b080-edd9f8736f51","SRER_048.basePlot.ltr","D14","SRER","SRER_048","SRER_048_815","2016-05-12","2016-05-05","2016-06-06","2016-06-08T18:45Z","2016-06-10T19:00Z","NEON.LTR.SRER048815.20160606","NEON.LTR.SRER048815.20160606.WDY","NEON.DOC.001710vE","Woody material",0,"N",NA,"ON+A0yWFf7igCVIaWru9Pmou+0tujMRK"
"84829068-2931-407f-a576-7f7c510fb3f9","SRER_048.basePlot.ltr","D14","SRER","SRER_048","SRER_048_815","2016-05-12","2016-05-05","2016-06-06","2016-06-08T18:45Z","2016-06-10T19:00Z","NEON.LTR.SRER048815.20160606","NEON.LTR.SRER048815.20160606.OTH","NEON.DOC.001710vE","Other",0,"N",NA,"ON+A0yWFf7igCVIaWru9Pmou+0tujMRK"
"0a43a73b-ef55-4df4-95e2-bd3a5f12dbe0","SRER_049.basePlot.ltr","D14","SRER","SRER_049","SRER_049_050","2016-05-12","2016-05-05","2016-06-06","2016-06-08T18:45Z","2016-06-10T19:00Z","NEON.LTR.SRER049050.20160606","NEON.LTR.SRER049050.20160606.FLR","NEON.DOC.001710vE","Flowers",0.02,"N",NA,"ON+A0yWFf7igCVIaWru9Pmou+0tujMRK"
"1a632b89-5c71-4ba8-8c06-2e0e7c28f2b2","SRER_048.basePlot.ltr","D14","SRER","SRER_048","SRER_048_815","2016-05-12","2016-05-05","2016-06-06","2016-06-08T18:45Z","2016-06-10T19:00Z","NEON.LTR.SRER048815.20160606","NEON.LTR.SRER048815.20160606.SDS","NEON.DOC.001710vE","Seeds",0.33,"N",NA,"ON+A0yWFf7igCVIaWru9Pmou+0tujMRK"
"da1da3ac-5ff9-4d8f-9ace-87dc5bf17bcc","SRER_048.basePlot.ltr","D14","SRER","SRER_048","SRER_048_815","2016-05-12","2016-05-05","2016-06-06","2016-06-08T18:45Z","2016-06-10T19:00Z","NEON.LTR.SRER048815.20160606","NEON.LTR.SRER048815.20160606.TWI","NEON.DOC.001710vE","Twigs/branches",0.59,"N",NA,"ON+A0yWFf7igCVIaWru9Pmou+0tujMRK"
"a3a53352-29c5-4dde-b31d-0f19aa49b2d6","SRER_048.basePlot.ltr","D14","SRER","SRER_048","SRER_048_815","2016-05-12","2016-05-05","2016-06-06","2016-06-08T18:45Z","2016-06-10T19:00Z","NEON.LTR.SRER048815.20160606","NEON.LTR.SRER048815.20160606.FLR","NEON.DOC.001710vE","Flowers",0.72,"N",NA,"ON+A0yWFf7igCVIaWru9Pmou+0tujMRK"
"677a5eb5-a347-498f-aff7-5c8b02e77f23","SRER_048.basePlot.ltr","D14","SRER","SRER_048","SRER_048_815","2016-05-12","2016-05-05","2016-06-06","2016-06-08T18:45Z","2016-06-10T19:00Z","NEON.LTR.SRER048815.20160606","NEON.LTR.SRER048815.20160606.LVS","NEON.DOC.001710vE","Leaves",0.85,"N",NA,"ON+A0yWFf7igCVIaWru9Pmou+0tujMRK"
"3a0e0ebf-2d40-48b9-8139-810c4a65b05c","SRER_048.basePlot.ltr","D14","SRER","SRER_048","SRER_048_815","2016-05-12","2016-05-05","2016-06-06","2016-06-08T18:45Z","2016-06-10T19:00Z","NEON.LTR.SRER048815.20160606","NEON.LTR.SRER048815.20160606.NDL","NEON.DOC.001710vE","Needles",0,"N",NA,"ON+A0yWFf7igCVIaWru9Pmou+0tujMRK"
"31aadefb-f9a2-4a6a-9564-8abfe4798eb5","SRER_048.basePlot.ltr","D14","SRER","SRER_048","SRER_048_308","2016-05-12","2016-05-05","2016-06-06","2016-06-08T18:45Z","2016-06-10T19:00Z","NEON.LTR.SRER048308.20160606","NEON.LTR.SRER048308.20160606.TWI","NEON.DOC.001710vE","Twigs/branches",0.17,"N",NA,"ON+A0yWFf7igCVIaWru9Pmou+0tujMRK"
"34ab3587-269a-4c1b-b9c7-1004aa432390","SRER_048.basePlot.ltr","D14","SRER","SRER_048","SRER_048_308","2016-05-12","2016-05-05","2016-06-06","2016-06-08T18:45Z","2016-06-10T19:00Z","NEON.LTR.SRER048308.20160606","NEON.LTR.SRER048308.20160606.WDY","NEON.DOC.001710vE","Woody material",0,"N",NA,"ON+A0yWFf7igCVIaWru9Pmou+0tujMRK"
"4d4f0242-41c3-4610-877a-be8f7efd5b4b","SRER_048.basePlot.ltr","D14","SRER","SRER_048","SRER_048_308","2016-05-12","2016-05-05","2016-06-06","2016-06-08T18:45Z","2016-06-10T19:00Z","NEON.LTR.SRER048308.20160606","NEON.LTR.SRER048308.20160606.OTH","NEON.DOC.001710vE","Other",0,"N",NA,"ON+A0yWFf7igCVIaWru9Pmou+0tujMRK"
"91bb78a1-9c86-40e3-b8a7-d5e486ba9eb2","SRER_048.basePlot.ltr","D14","SRER","SRER_048","SRER_048_308","2016-05-12","2016-05-05","2016-06-06","2016-06-08T18:45Z","2016-06-10T19:00Z","NEON.LTR.SRER048308.20160606","NEON.LTR.SRER048308.20160606.NDL","NEON.DOC.001710vE","Needles",0,"N",NA,"ON+A0yWFf7igCVIaWru9Pmou+0tujMRK"
"a584be55-3e75-4582-b67b-d9453514dd4a","SRER_048.basePlot.ltr","D14","SRER","SRER_048","SRER_048_308","2016-05-12","2016-05-05","2016-06-06","2016-06-08T18:45Z","2016-06-10T19:00Z","NEON.LTR.SRER048308.20160606","NEON.LTR.SRER048308.20160606.SDS","NEON.DOC.001710vE","Seeds",0.13,"Y",NA,"ON+A0yWFf7igCVIaWru9Pmou+0tujMRK"
"91537f24-3cd8-47d4-b182-4f3003a54541","SRER_047.basePlot.ltr","D14","SRER","SRER_047","SRER_047_826","2016-05-12","2016-05-05","2016-06-06","2016-06-08T18:45Z","2016-06-10T19:00Z","NEON.LTR.SRER047826.20160606","NEON.LTR.SRER047826.20160606.OTH","NEON.DOC.001710vE","Other",0,"N",NA,"ON+A0yWFf7igCVIaWru9Pmou+0tujMRK"
"47f94802-a638-4b84-ad86-381d768ce8b7","SRER_048.basePlot.ltr","D14","SRER","SRER_048","SRER_048_308","2016-05-12","2016-05-05","2016-06-06","2016-06-08T18:45Z","2016-06-10T19:00Z","NEON.LTR.SRER048308.20160606","NEON.LTR.SRER048308.20160606.FLR","NEON.DOC.001710vE","Flowers",0.54,"Y",NA,"ON+A0yWFf7igCVIaWru9Pmou+0tujMRK"
"797cd78c-8720-419d-9b24-03a6d6431dd8","SRER_048.basePlot.ltr","D14","SRER","SRER_048","SRER_048_308","2016-05-12","2016-05-05","2016-06-06","2016-06-08T18:45Z","2016-06-10T19:00Z","NEON.LTR.SRER048308.20160606","NEON.LTR.SRER048308.20160606.LVS","NEON.DOC.001710vE","Leaves",1.48,"Y",NA,"ON+A0yWFf7igCVIaWru9Pmou+0tujMRK"
"feda48c5-0710-4dd9-b9f4-bc96bcb6aabf","SRER_047.basePlot.ltr","D14","SRER","SRER_047","SRER_047_826","2016-05-12","2016-05-05","2016-06-06","2016-06-08T18:45Z","2016-06-10T19:00Z","NEON.LTR.SRER047826.20160606","NEON.LTR.SRER047826.20160606.SDS","NEON.DOC.001710vE","Seeds",0.56,"N",NA,"ON+A0yWFf7igCVIaWru9Pmou+0tujMRK"
"1c52da50-b9b1-4111-a494-9f258adb9d5a","SRER_047.basePlot.ltr","D14","SRER","SRER_047","SRER_047_826","2016-05-12","2016-05-05","2016-06-06","2016-06-08T18:45Z","2016-06-10T19:00Z","NEON.LTR.SRER047826.20160606","NEON.LTR.SRER047826.20160606.TWI","NEON.DOC.001710vE","Twigs/branches",1.39,"N",NA,"ON+A0yWFf7igCVIaWru9Pmou+0tujMRK"
"74ef9246-fbd9-4d24-9282-6b44deb3d24f","SRER_047.basePlot.ltr","D14","SRER","SRER_047","SRER_047_826","2016-05-12","2016-05-05","2016-06-06","2016-06-08T18:45Z","2016-06-10T19:00Z","NEON.LTR.SRER047826.20160606","NEON.LTR.SRER047826.20160606.WDY","NEON.DOC.001710vE","Woody material",0.005,"N",NA,"ON+A0yWFf7igCVIaWru9Pmou+0tujMRK"
"028c3a30-911e-4cb3-bf60-be5f2e592771","SRER_047.basePlot.ltr","D14","SRER","SRER_047","SRER_047_826","2016-05-12","2016-05-05","2016-06-06","2016-06-08T18:45Z","2016-06-10T19:00Z","NEON.LTR.SRER047826.20160606","NEON.LTR.SRER047826.20160606.LVS","NEON.DOC.001710vE","Leaves",2.45,"N",NA,"ON+A0yWFf7igCVIaWru9Pmou+0tujMRK"
"af78fd3e-3d27-49c6-ab13-8c48edee214c","SRER_047.basePlot.ltr","D14","SRER","SRER_047","SRER_047_826","2016-05-12","2016-05-05","2016-06-06","2016-06-08T18:45Z","2016-06-10T19:00Z","NEON.LTR.SRER047826.20160606","NEON.LTR.SRER047826.20160606.NDL","NEON.DOC.001710vE","Needles",0,"N",NA,"ON+A0yWFf7igCVIaWru9Pmou+0tujMRK"
"5f6c4a7e-9f84-4649-bce1-138a547040ac","SRER_047.basePlot.ltr","D14","SRER","SRER_047","SRER_047_568","2016-05-12","2016-05-05","2016-06-06","2016-06-08T18:45Z","2016-06-10T19:00Z","NEON.LTR.SRER047568.20160606","NEON.LTR.SRER047568.20160606.WDY","NEON.DOC.001710vE","Woody material",0,"N",NA,"ON+A0yWFf7igCVIaWru9Pmou+0tujMRK"
"1a97d9ce-e60a-4390-93e9-b0fd68a8c7ce","SRER_047.basePlot.ltr","D14","SRER","SRER_047","SRER_047_568","2016-05-12","2016-05-05","2016-06-06","2016-06-08T18:45Z","2016-06-10T19:00Z","NEON.LTR.SRER047568.20160606","NEON.LTR.SRER047568.20160606.OTH","NEON.DOC.001710vE","Other",0,"N",NA,"ON+A0yWFf7igCVIaWru9Pmou+0tujMRK"
"dc216902-e6b0-4e73-b8f9-4bc2c7e16338","SRER_047.basePlot.ltr","D14","SRER","SRER_047","SRER_047_826","2016-05-12","2016-05-05","2016-06-06","2016-06-08T18:45Z","2016-06-10T19:00Z","NEON.LTR.SRER047826.20160606","NEON.LTR.SRER047826.20160606.FLR","NEON.DOC.001710vE","Flowers",0.01,"N",NA,"ON+A0yWFf7igCVIaWru9Pmou+0tujMRK"
"151401e3-1dfd-4a74-b2a4-458cba2d2168","SRER_047.basePlot.ltr","D14","SRER","SRER_047","SRER_047_568","2016-05-12","2016-05-05","2016-06-06","2016-06-08T18:45Z","2016-06-10T19:00Z","NEON.LTR.SRER047568.20160606","NEON.LTR.SRER047568.20160606.NDL","NEON.DOC.001710vE","Needles",0,"N",NA,"ON+A0yWFf7igCVIaWru9Pmou+0tujMRK"
"a281fd1c-3574-4a1d-af2e-95a4cb44d210","SRER_047.basePlot.ltr","D14","SRER","SRER_047","SRER_047_568","2016-05-12","2016-05-05","2016-06-06","2016-06-08T18:45Z","2016-06-10T19:00Z","NEON.LTR.SRER047568.20160606","NEON.LTR.SRER047568.20160606.SDS","NEON.DOC.001710vE","Seeds",0.07,"N",NA,"ON+A0yWFf7igCVIaWru9Pmou+0tujMRK"
"c28167c9-c376-462b-a37e-e0d6290a95fe","SRER_047.basePlot.ltr","D14","SRER","SRER_047","SRER_047_568","2016-05-12","2016-05-05","2016-06-06","2016-06-08T18:45Z","2016-06-10T19:00Z","NEON.LTR.SRER047568.20160606","NEON.LTR.SRER047568.20160606.TWI","NEON.DOC.001710vE","Twigs/branches",0.28,"N",NA,"ON+A0yWFf7igCVIaWru9Pmou+0tujMRK"
"f6f88125-f2c6-4175-92eb-3ab27464b586","SRER_045.basePlot.ltr","D14","SRER","SRER_045","SRER_045_117","2016-05-12","2016-05-05","2016-06-06","2016-06-08T18:45Z","2016-06-10T19:00Z","NEON.LTR.SRER045117.20160606","NEON.LTR.SRER045117.20160606.NDL","NEON.DOC.001710vE","Needles",0,"N",NA,"ON+A0yWFf7igCVIaWru9Pmou+0tujMRK"
"d14d84d7-688e-4fa6-9b49-19fa1122220b","SRER_045.basePlot.ltr","D14","SRER","SRER_045","SRER_045_117","2016-05-12","2016-05-05","2016-06-06","2016-06-08T18:45Z","2016-06-10T19:00Z","NEON.LTR.SRER045117.20160606","NEON.LTR.SRER045117.20160606.SDS","NEON.DOC.001710vE","Seeds",0.005,"N",NA,"ON+A0yWFf7igCVIaWru9Pmou+0tujMRK"
"e99b9973-c5d3-4100-bd61-280667ff80b4","SRER_045.basePlot.ltr","D14","SRER","SRER_045","SRER_045_117","2016-05-12","2016-05-05","2016-06-06","2016-06-08T18:45Z","2016-06-10T19:00Z","NEON.LTR.SRER045117.20160606","NEON.LTR.SRER045117.20160606.TWI","NEON.DOC.001710vE","Twigs/branches",0.03,"N",NA,"ON+A0yWFf7igCVIaWru9Pmou+0tujMRK"
"3635d8b0-dd7b-4f5f-8cfe-18fc85f82efe","SRER_045.basePlot.ltr","D14","SRER","SRER_045","SRER_045_117","2016-05-12","2016-05-05","2016-06-06","2016-06-08T18:45Z","2016-06-10T19:00Z","NEON.LTR.SRER045117.20160606","NEON.LTR.SRER045117.20160606.WDY","NEON.DOC.001710vE","Woody material",0,"N",NA,"ON+A0yWFf7igCVIaWru9Pmou+0tujMRK"
"9621fcc9-3981-4a36-93b8-e80696ed9c35","SRER_045.basePlot.ltr","D14","SRER","SRER_045","SRER_045_117","2016-05-12","2016-05-05","2016-06-06","2016-06-08T18:45Z","2016-06-10T19:00Z","NEON.LTR.SRER045117.20160606","NEON.LTR.SRER045117.20160606.OTH","NEON.DOC.001710vE","Other",0,"N",NA,"ON+A0yWFf7igCVIaWru9Pmou+0tujMRK"
"02e5d421-88bd-4d91-b4f6-b48bf6671587","SRER_045.basePlot.ltr","D14","SRER","SRER_045","SRER_045_117","2016-05-12","2016-05-05","2016-06-06","2016-06-08T18:45Z","2016-06-10T19:00Z","NEON.LTR.SRER045117.20160606","NEON.LTR.SRER045117.20160606.LVS","NEON.DOC.001710vE","Leaves",0.37,"Y",NA,"ON+A0yWFf7igCVIaWru9Pmou+0tujMRK"
"9a8e165c-4f59-4ccc-9e07-af0f2ea1b50b","SRER_045.basePlot.ltr","D14","SRER","SRER_045","SRER_045_290","2016-05-12","2016-05-05","2016-06-06","2016-06-08T18:45Z","2016-06-10T19:00Z","NEON.LTR.SRER045290.20160606","NEON.LTR.SRER045290.20160606.FLR","NEON.DOC.001710vE","Flowers",1.45,"Y",NA,"ON+A0yWFf7igCVIaWru9Pmou+0tujMRK"
"4291f2b1-a6f2-4f57-9c97-90f61a58fc39","SRER_045.basePlot.ltr","D14","SRER","SRER_045","SRER_045_290","2016-05-12","2016-05-05","2016-06-06","2016-06-08T18:45Z","2016-06-10T19:00Z","NEON.LTR.SRER045290.20160606","NEON.LTR.SRER045290.20160606.LVS","NEON.DOC.001710vE","Leaves",1.2,"N",NA,"ON+A0yWFf7igCVIaWru9Pmou+0tujMRK"
"65925585-2893-462f-8b92-2734730483e9","SRER_045.basePlot.ltr","D14","SRER","SRER_045","SRER_045_290","2016-05-12","2016-05-05","2016-06-06","2016-06-08T18:45Z","2016-06-10T19:00Z","NEON.LTR.SRER045290.20160606","NEON.LTR.SRER045290.20160606.NDL","NEON.DOC.001710vE","Needles",0,"N",NA,"ON+A0yWFf7igCVIaWru9Pmou+0tujMRK"
"4de03962-0b1e-4309-b303-08c7b3d66b9b","SRER_045.basePlot.ltr","D14","SRER","SRER_045","SRER_045_290","2016-05-12","2016-05-05","2016-06-06","2016-06-08T18:45Z","2016-06-10T19:00Z","NEON.LTR.SRER045290.20160606","NEON.LTR.SRER045290.20160606.SDS","NEON.DOC.001710vE","Seeds",0.15,"N",NA,"ON+A0yWFf7igCVIaWru9Pmou+0tujMRK"
"fb5c1120-50b9-4833-96ce-46ba60d0a4f3","SRER_045.basePlot.ltr","D14","SRER","SRER_045","SRER_045_290","2016-05-12","2016-05-05","2016-06-06","2016-06-08T18:45Z","2016-06-10T19:00Z","NEON.LTR.SRER045290.20160606","NEON.LTR.SRER045290.20160606.TWI","NEON.DOC.001710vE","Twigs/branches",0,"N",NA,"ON+A0yWFf7igCVIaWru9Pmou+0tujMRK"
"3e04998e-6fe0-4345-84e0-b372bd72327f","SRER_045.basePlot.ltr","D14","SRER","SRER_045","SRER_045_290","2016-05-12","2016-05-05","2016-06-06","2016-06-08T18:45Z","2016-06-10T19:00Z","NEON.LTR.SRER045290.20160606","NEON.LTR.SRER045290.20160606.WDY","NEON.DOC.001710vE","Woody material",0.09,"N",NA,"ON+A0yWFf7igCVIaWru9Pmou+0tujMRK"
"4608ec5e-0448-488f-87ca-9d57f8e2e86a","SRER_045.basePlot.ltr","D14","SRER","SRER_045","SRER_045_290","2016-05-12","2016-05-05","2016-06-06","2016-06-08T18:45Z","2016-06-10T19:00Z","NEON.LTR.SRER045290.20160606","NEON.LTR.SRER045290.20160606.OTH","NEON.DOC.001710vE","Other",0,"N",NA,"ON+A0yWFf7igCVIaWru9Pmou+0tujMRK"
"28d5b442-a5b7-4c12-a736-dc6191de905b","SRER_046.basePlot.ltr","D14","SRER","SRER_046","SRER_046_337","2016-05-12","2016-05-05","2016-06-06","2016-06-08T18:45Z","2016-06-10T19:00Z","NEON.LTR.SRER046337.20160606","NEON.LTR.SRER046337.20160606.FLR","NEON.DOC.001710vE","Flowers",0,"N",NA,"ON+A0yWFf7igCVIaWru9Pmou+0tujMRK"
"bf8d137b-40c5-403d-bb89-b53e331e1823","SRER_046.basePlot.ltr","D14","SRER","SRER_046","SRER_046_337","2016-05-12","2016-05-05","2016-06-06","2016-06-08T18:45Z","2016-06-10T19:00Z","NEON.LTR.SRER046337.20160606","NEON.LTR.SRER046337.20160606.LVS","NEON.DOC.001710vE","Leaves",0.16,"N",NA,"ON+A0yWFf7igCVIaWru9Pmou+0tujMRK"
"157083ba-f429-4800-ad49-61f0fc55b82d","SRER_046.basePlot.ltr","D14","SRER","SRER_046","SRER_046_337","2016-05-12","2016-05-05","2016-06-06","2016-06-08T18:45Z","2016-06-10T19:00Z","NEON.LTR.SRER046337.20160606","NEON.LTR.SRER046337.20160606.NDL","NEON.DOC.001710vE","Needles",0,"N",NA,"ON+A0yWFf7igCVIaWru9Pmou+0tujMRK"
"73363e02-dd9a-4a5d-ad0e-e2c7182be4a0","SRER_046.basePlot.ltr","D14","SRER","SRER_046","SRER_046_337","2016-05-12","2016-05-05","2016-06-06","2016-06-08T18:45Z","2016-06-10T19:00Z","NEON.LTR.SRER046337.20160606","NEON.LTR.SRER046337.20160606.SDS","NEON.DOC.001710vE","Seeds",0.04,"N",NA,"ON+A0yWFf7igCVIaWru9Pmou+0tujMRK"
"d117386a-a58d-4e1b-b372-88495606d0fc","SRER_046.basePlot.ltr","D14","SRER","SRER_046","SRER_046_337","2016-05-12","2016-05-05","2016-06-06","2016-06-08T18:45Z","2016-06-10T19:00Z","NEON.LTR.SRER046337.20160606","NEON.LTR.SRER046337.20160606.TWI","NEON.DOC.001710vE","Twigs/branches",0.12,"N",NA,"ON+A0yWFf7igCVIaWru9Pmou+0tujMRK"
"40cc5eb0-8dda-4e40-80dc-e12097bb65cb","SRER_046.basePlot.ltr","D14","SRER","SRER_046","SRER_046_337","2016-05-12","2016-05-05","2016-06-06","2016-06-08T18:45Z","2016-06-10T19:00Z","NEON.LTR.SRER046337.20160606","NEON.LTR.SRER046337.20160606.WDY","NEON.DOC.001710vE","Woody material",0,"N",NA,"ON+A0yWFf7igCVIaWru9Pmou+0tujMRK"
"8ac1f4cc-c874-49ec-a2bc-db4d71baf77f","SRER_046.basePlot.ltr","D14","SRER","SRER_046","SRER_046_337","2016-05-12","2016-05-05","2016-06-06","2016-06-08T18:45Z","2016-06-10T19:00Z","NEON.LTR.SRER046337.20160606","NEON.LTR.SRER046337.20160606.OTH","NEON.DOC.001710vE","Other",0,"N",NA,"ON+A0yWFf7igCVIaWru9Pmou+0tujMRK"
"0a10e545-8cec-491f-8139-5b67b36131e5","SRER_046.basePlot.ltr","D14","SRER","SRER_046","SRER_046_795","2016-05-12","2016-05-05","2016-06-06","2016-06-08T18:45Z","2016-06-10T19:00Z","NEON.LTR.SRER046795.20160606","NEON.LTR.SRER046795.20160606.FLR","NEON.DOC.001710vE","Flowers",0,"N",NA,"ON+A0yWFf7igCVIaWru9Pmou+0tujMRK"
"8e613de6-cd80-437c-9814-d2a91561df23","SRER_046.basePlot.ltr","D14","SRER","SRER_046","SRER_046_795","2016-05-12","2016-05-05","2016-06-06","2016-06-08T18:45Z","2016-06-10T19:00Z","NEON.LTR.SRER046795.20160606","NEON.LTR.SRER046795.20160606.LVS","NEON.DOC.001710vE","Leaves",1.77,"N",NA,"ON+A0yWFf7igCVIaWru9Pmou+0tujMRK"
"3107e854-9d87-4723-8264-b8c4ecbc41ec","SRER_046.basePlot.ltr","D14","SRER","SRER_046","SRER_046_795","2016-05-12","2016-05-05","2016-06-06","2016-06-08T18:45Z","2016-06-10T19:00Z","NEON.LTR.SRER046795.20160606","NEON.LTR.SRER046795.20160606.NDL","NEON.DOC.001710vE","Needles",0,"N",NA,"ON+A0yWFf7igCVIaWru9Pmou+0tujMRK"
"3280201d-1b45-4834-8a62-8f47b61e286d","SRER_046.basePlot.ltr","D14","SRER","SRER_046","SRER_046_795","2016-05-12","2016-05-05","2016-06-06","2016-06-08T18:45Z","2016-06-10T19:00Z","NEON.LTR.SRER046795.20160606","NEON.LTR.SRER046795.20160606.SDS","NEON.DOC.001710vE","Seeds",0.15,"N",NA,"ON+A0yWFf7igCVIaWru9Pmou+0tujMRK"
"ccc81b02-fbd5-472a-9cef-0a35c71158da","SRER_046.basePlot.ltr","D14","SRER","SRER_046","SRER_046_795","2016-05-12","2016-05-05","2016-06-06","2016-06-08T18:45Z","2016-06-10T19:00Z","NEON.LTR.SRER046795.20160606","NEON.LTR.SRER046795.20160606.TWI","NEON.DOC.001710vE","Twigs/branches",1.5,"N",NA,"ON+A0yWFf7igCVIaWru9Pmou+0tujMRK"
"bb1f433f-f0f5-41ee-ab6e-bfc5db34b1a9","SRER_046.basePlot.ltr","D14","SRER","SRER_046","SRER_046_795","2016-05-12","2016-05-05","2016-06-06","2016-06-08T18:45Z","2016-06-10T19:00Z","NEON.LTR.SRER046795.20160606","NEON.LTR.SRER046795.20160606.WDY","NEON.DOC.001710vE","Woody material",0,"N",NA,"ON+A0yWFf7igCVIaWru9Pmou+0tujMRK"
"9e71ad62-9eb1-425a-b764-773a04d22d09","SRER_046.basePlot.ltr","D14","SRER","SRER_046","SRER_046_795","2016-05-12","2016-05-05","2016-06-06","2016-06-08T18:45Z","2016-06-10T19:00Z","NEON.LTR.SRER046795.20160606","NEON.LTR.SRER046795.20160606.OTH","NEON.DOC.001710vE","Other",0,"N",NA,"ON+A0yWFf7igCVIaWru9Pmou+0tujMRK"
"2a9a34be-5f9c-441a-af84-e5ccf01b9667","SRER_047.basePlot.ltr","D14","SRER","SRER_047","SRER_047_568","2016-05-12","2016-05-05","2016-06-06","2016-06-08T18:45Z","2016-06-10T19:00Z","NEON.LTR.SRER047568.20160606","NEON.LTR.SRER047568.20160606.FLR","NEON.DOC.001710vE","Flowers",0.005,"N",NA,"ON+A0yWFf7igCVIaWru9Pmou+0tujMRK"
"53db211d-f3bd-46ea-b0cb-03fe059bc2c0","SRER_043.basePlot.ltr","D14","SRER","SRER_043","SRER_043_610","2016-05-12","2016-05-05","2016-06-06","2016-06-08T18:45Z","2016-06-10T19:00Z","NEON.LTR.SRER043610.20160606","NEON.LTR.SRER043610.20160606.NDL","NEON.DOC.001710vE","Needles",0,"N",NA,"ON+A0yWFf7igCVIaWru9Pmou+0tujMRK"
"e08de188-3066-4f37-9187-f62d2b35a63a","SRER_047.basePlot.ltr","D14","SRER","SRER_047","SRER_047_568","2016-05-12","2016-05-05","2016-06-06","2016-06-08T18:45Z","2016-06-10T19:00Z","NEON.LTR.SRER047568.20160606","NEON.LTR.SRER047568.20160606.LVS","NEON.DOC.001710vE","Leaves",0.78,"N",NA,"ON+A0yWFf7igCVIaWru9Pmou+0tujMRK"
"110311a0-8946-4903-b5aa-7a183e5be825","SRER_043.basePlot.ltr","D14","SRER","SRER_043","SRER_043_610","2016-05-12","2016-05-05","2016-06-06","2016-06-08T18:45Z","2016-06-10T19:00Z","NEON.LTR.SRER043610.20160606","NEON.LTR.SRER043610.20160606.TWI","NEON.DOC.001710vE","Twigs/branches",1.48,"N",NA,"ON+A0yWFf7igCVIaWru9Pmou+0tujMRK"
"eca476e5-7d7a-4fe0-9f1e-237a500995f7","SRER_043.basePlot.ltr","D14","SRER","SRER_043","SRER_043_610","2016-05-12","2016-05-05","2016-06-06","2016-06-08T18:45Z","2016-06-10T19:00Z","NEON.LTR.SRER043610.20160606","NEON.LTR.SRER043610.20160606.WDY","NEON.DOC.001710vE","Woody material",0.02,"N",NA,"ON+A0yWFf7igCVIaWru9Pmou+0tujMRK"
"7a046082-607a-4fa1-9b53-95eaa4597a43","SRER_043.basePlot.ltr","D14","SRER","SRER_043","SRER_043_610","2016-05-12","2016-05-05","2016-06-06","2016-06-08T18:45Z","2016-06-10T19:00Z","NEON.LTR.SRER043610.20160606","NEON.LTR.SRER043610.20160606.LVS","NEON.DOC.001710vE","Leaves",4.78,"N",NA,"ON+A0yWFf7igCVIaWru9Pmou+0tujMRK"
"8b884dfc-1de4-4b59-ba3c-c614a651ed65","SRER_044.basePlot.ltr","D14","SRER","SRER_044","SRER_044_624","2016-05-12","2016-05-05","2016-06-06","2016-06-08T18:45Z","2016-06-10T19:00Z","NEON.LTR.SRER044624.20160606","NEON.LTR.SRER044624.20160606.FLR","NEON.DOC.001710vE","Flowers",0.92,"N",NA,"ON+A0yWFf7igCVIaWru9Pmou+0tujMRK"
"3e6b25be-cea7-44df-b5a6-bb4a6626afa8","SRER_044.basePlot.ltr","D14","SRER","SRER_044","SRER_044_624","2016-05-12","2016-05-05","2016-06-06","2016-06-08T18:45Z","2016-06-10T19:00Z","NEON.LTR.SRER044624.20160606","NEON.LTR.SRER044624.20160606.LVS","NEON.DOC.001710vE","Leaves",1.02,"N",NA,"ON+A0yWFf7igCVIaWru9Pmou+0tujMRK"
"efbd14d9-6337-4a04-b2c5-cb350378842f","SRER_043.basePlot.ltr","D14","SRER","SRER_043","SRER_043_610","2016-05-12","2016-05-05","2016-06-06","2016-06-08T18:45Z","2016-06-10T19:00Z","NEON.LTR.SRER043610.20160606","NEON.LTR.SRER043610.20160606.SDS","NEON.DOC.001710vE","Seeds",0.74,"N",NA,"ON+A0yWFf7igCVIaWru9Pmou+0tujMRK"
"ff902349-fc79-4dcf-868b-d73d51a67cda","SRER_044.basePlot.ltr","D14","SRER","SRER_044","SRER_044_624","2016-05-12","2016-05-05","2016-06-06","2016-06-08T18:45Z","2016-06-10T19:00Z","NEON.LTR.SRER044624.20160606","NEON.LTR.SRER044624.20160606.NDL","NEON.DOC.001710vE","Needles",0,"N",NA,"ON+A0yWFf7igCVIaWru9Pmou+0tujMRK"
"0ad28d3b-7728-4487-94ae-fcc938552087","SRER_044.basePlot.ltr","D14","SRER","SRER_044","SRER_044_624","2016-05-12","2016-05-05","2016-06-06","2016-06-08T18:45Z","2016-06-10T19:00Z","NEON.LTR.SRER044624.20160606","NEON.LTR.SRER044624.20160606.SDS","NEON.DOC.001710vE","Seeds",2.01,"Y",NA,"ON+A0yWFf7igCVIaWru9Pmou+0tujMRK"
"cbafa094-f801-4aef-a7bf-1db178255be1","SRER_043.basePlot.ltr","D14","SRER","SRER_043","SRER_043_610","2016-05-12","2016-05-05","2016-06-06","2016-06-08T18:45Z","2016-06-10T19:00Z","NEON.LTR.SRER043610.20160606","NEON.LTR.SRER043610.20160606.OTH","NEON.DOC.001710vE","Other",0,"N",NA,"ON+A0yWFf7igCVIaWru9Pmou+0tujMRK"
"c583c1be-f306-45ee-9f9e-55185c286caf","SRER_044.basePlot.ltr","D14","SRER","SRER_044","SRER_044_624","2016-05-12","2016-05-05","2016-06-06","2016-06-08T18:45Z","2016-06-10T19:00Z","NEON.LTR.SRER044624.20160606","NEON.LTR.SRER044624.20160606.WDY","NEON.DOC.001710vE","Woody material",0,"N",NA,"ON+A0yWFf7igCVIaWru9Pmou+0tujMRK"
"d317fb7c-f498-4047-b91f-160fa9ee40fa","SRER_044.basePlot.ltr","D14","SRER","SRER_044","SRER_044_624","2016-05-12","2016-05-05","2016-06-06","2016-06-08T18:45Z","2016-06-10T19:00Z","NEON.LTR.SRER044624.20160606","NEON.LTR.SRER044624.20160606.OTH","NEON.DOC.001710vE","Other",0,"N",NA,"ON+A0yWFf7igCVIaWru9Pmou+0tujMRK"
"c2dbaa13-5a02-42fa-81a5-fc026df85b3b","SRER_044.basePlot.ltr","D14","SRER","SRER_044","SRER_044_790","2016-05-12","2016-05-05","2016-06-06","2016-06-08T18:45Z","2016-06-10T19:00Z","NEON.LTR.SRER044790.20160606","NEON.LTR.SRER044790.20160606.LVS","NEON.DOC.001710vE","Leaves",0.37,"N",NA,"ON+A0yWFf7igCVIaWru9Pmou+0tujMRK"
"6321e228-7c54-4866-895f-de974afbdda4","SRER_044.basePlot.ltr","D14","SRER","SRER_044","SRER_044_790","2016-05-12","2016-05-05","2016-06-06","2016-06-08T18:45Z","2016-06-10T19:00Z","NEON.LTR.SRER044790.20160606","NEON.LTR.SRER044790.20160606.NDL","NEON.DOC.001710vE","Needles",0,"N",NA,"ON+A0yWFf7igCVIaWru9Pmou+0tujMRK"
"af606d1a-b430-4baa-9c54-864cdcfe4e1b","SRER_044.basePlot.ltr","D14","SRER","SRER_044","SRER_044_624","2016-05-12","2016-05-05","2016-06-06","2016-06-08T18:45Z","2016-06-10T19:00Z","NEON.LTR.SRER044624.20160606","NEON.LTR.SRER044624.20160606.TWI","NEON.DOC.001710vE","Twigs/branches",0.07,"N",NA,"ON+A0yWFf7igCVIaWru9Pmou+0tujMRK"
"cc6ce82a-b75e-4b23-aaa6-e6303739a89d","SRER_044.basePlot.ltr","D14","SRER","SRER_044","SRER_044_790","2016-05-12","2016-05-05","2016-06-06","2016-06-08T18:45Z","2016-06-10T19:00Z","NEON.LTR.SRER044790.20160606","NEON.LTR.SRER044790.20160606.SDS","NEON.DOC.001710vE","Seeds",0.02,"N",NA,"ON+A0yWFf7igCVIaWru9Pmou+0tujMRK"
"821c6fec-f645-4eb5-bc13-b89a3df58ca9","SRER_044.basePlot.ltr","D14","SRER","SRER_044","SRER_044_790","2016-05-12","2016-05-05","2016-06-06","2016-06-08T18:45Z","2016-06-10T19:00Z","NEON.LTR.SRER044790.20160606","NEON.LTR.SRER044790.20160606.TWI","NEON.DOC.001710vE","Twigs/branches",0.25,"N",NA,"ON+A0yWFf7igCVIaWru9Pmou+0tujMRK"
"ce226967-2deb-4f6d-82c1-36b21e24ede8","SRER_044.basePlot.ltr","D14","SRER","SRER_044","SRER_044_790","2016-05-12","2016-05-05","2016-06-06","2016-06-08T18:45Z","2016-06-10T19:00Z","NEON.LTR.SRER044790.20160606","NEON.LTR.SRER044790.20160606.FLR","NEON.DOC.001710vE","Flowers",0.005,"N",NA,"ON+A0yWFf7igCVIaWru9Pmou+0tujMRK"
"6a26db25-6693-4445-b235-3e5801e3d427","SRER_044.basePlot.ltr","D14","SRER","SRER_044","SRER_044_790","2016-05-12","2016-05-05","2016-06-06","2016-06-08T18:45Z","2016-06-10T19:00Z","NEON.LTR.SRER044790.20160606","NEON.LTR.SRER044790.20160606.OTH","NEON.DOC.001710vE","Other",0,"N",NA,"ON+A0yWFf7igCVIaWru9Pmou+0tujMRK"
"eeaf7724-8a1a-4dbd-b176-ac5cb7cfa89a","SRER_045.basePlot.ltr","D14","SRER","SRER_045","SRER_045_117","2016-05-12","2016-05-05","2016-06-06","2016-06-08T18:45Z","2016-06-10T19:00Z","NEON.LTR.SRER045117.20160606","NEON.LTR.SRER045117.20160606.FLR","NEON.DOC.001710vE","Flowers",0.3,"N",NA,"ON+A0yWFf7igCVIaWru9Pmou+0tujMRK"
"e73a983d-408c-4dcd-8934-9aefed2dfeef","SRER_044.basePlot.ltr","D14","SRER","SRER_044","SRER_044_790","2016-05-12","2016-05-05","2016-06-06","2016-06-08T18:45Z","2016-06-10T19:00Z","NEON.LTR.SRER044790.20160606","NEON.LTR.SRER044790.20160606.WDY","NEON.DOC.001710vE","Woody material",0,"N",NA,"ON+A0yWFf7igCVIaWru9Pmou+0tujMRK"
"40cc2fef-158b-4fd0-a057-4357c8473438","SRER_042.basePlot.ltr","D14","SRER","SRER_042","SRER_042_434","2016-05-12","2016-05-05","2016-06-06","2016-06-08T18:45Z","2016-06-10T19:00Z","NEON.LTR.SRER042434.20160606","NEON.LTR.SRER042434.20160606.LVS","NEON.DOC.001710vE","Leaves",0.17,"N",NA,"ON+A0yWFf7igCVIaWru9Pmou+0tujMRK"
"280f8f7d-d1e3-47c3-a9d8-547208ad64bf","SRER_042.basePlot.ltr","D14","SRER","SRER_042","SRER_042_434","2016-05-12","2016-05-05","2016-06-06","2016-06-08T18:45Z","2016-06-10T19:00Z","NEON.LTR.SRER042434.20160606","NEON.LTR.SRER042434.20160606.NDL","NEON.DOC.001710vE","Needles",0,"N",NA,"ON+A0yWFf7igCVIaWru9Pmou+0tujMRK"
"57d920ce-c45b-4028-b994-f1e7217708aa","SRER_042.basePlot.ltr","D14","SRER","SRER_042","SRER_042_434","2016-05-12","2016-05-05","2016-06-06","2016-06-08T18:45Z","2016-06-10T19:00Z","NEON.LTR.SRER042434.20160606","NEON.LTR.SRER042434.20160606.FLR","NEON.DOC.001710vE","Flowers",0,"N",NA,"ON+A0yWFf7igCVIaWru9Pmou+0tujMRK"
"84cde677-a7e3-46cd-bdc0-70595e1615c6","SRER_042.basePlot.ltr","D14","SRER","SRER_042","SRER_042_434","2016-05-12","2016-05-05","2016-06-06","2016-06-08T18:45Z","2016-06-10T19:00Z","NEON.LTR.SRER042434.20160606","NEON.LTR.SRER042434.20160606.TWI","NEON.DOC.001710vE","Twigs/branches",0.09,"N",NA,"ON+A0yWFf7igCVIaWru9Pmou+0tujMRK"
"add5e019-6244-43c4-a18f-96dbda038301","SRER_042.basePlot.ltr","D14","SRER","SRER_042","SRER_042_434","2016-05-12","2016-05-05","2016-06-06","2016-06-08T18:45Z","2016-06-10T19:00Z","NEON.LTR.SRER042434.20160606","NEON.LTR.SRER042434.20160606.WDY","NEON.DOC.001710vE","Woody material",0,"N",NA,"ON+A0yWFf7igCVIaWru9Pmou+0tujMRK"
"876185f4-8439-4495-999a-71d9bf01a67d","SRER_042.basePlot.ltr","D14","SRER","SRER_042","SRER_042_690","2016-05-12","2016-05-05","2016-06-06","2016-06-08T18:45Z","2016-06-10T19:00Z","NEON.LTR.SRER042690.20160606","NEON.LTR.SRER042690.20160606.FLR","NEON.DOC.001710vE","Flowers",1.51,"N",NA,"ON+A0yWFf7igCVIaWru9Pmou+0tujMRK"
"345c2029-8e97-437a-8e02-e52eaeb755d1","SRER_042.basePlot.ltr","D14","SRER","SRER_042","SRER_042_690","2016-05-12","2016-05-05","2016-06-06","2016-06-08T18:45Z","2016-06-10T19:00Z","NEON.LTR.SRER042690.20160606","NEON.LTR.SRER042690.20160606.LVS","NEON.DOC.001710vE","Leaves",0.41,"N",NA,"ON+A0yWFf7igCVIaWru9Pmou+0tujMRK"
"810a72a2-e55f-497a-9a36-d77514a9fb89","SRER_042.basePlot.ltr","D14","SRER","SRER_042","SRER_042_434","2016-05-12","2016-05-05","2016-06-06","2016-06-08T18:45Z","2016-06-10T19:00Z","NEON.LTR.SRER042434.20160606","NEON.LTR.SRER042434.20160606.SDS","NEON.DOC.001710vE","Seeds",0.06,"N",NA,"ON+A0yWFf7igCVIaWru9Pmou+0tujMRK"
"d7e1ebb2-0e5f-48b6-9db5-837ba8386c2b","SRER_042.basePlot.ltr","D14","SRER","SRER_042","SRER_042_690","2016-05-12","2016-05-05","2016-06-06","2016-06-08T18:45Z","2016-06-10T19:00Z","NEON.LTR.SRER042690.20160606","NEON.LTR.SRER042690.20160606.NDL","NEON.DOC.001710vE","Needles",0,"N",NA,"ON+A0yWFf7igCVIaWru9Pmou+0tujMRK"
"8bb4ad78-d7ca-480d-8267-71b3a1a0e9a3","SRER_042.basePlot.ltr","D14","SRER","SRER_042","SRER_042_690","2016-05-12","2016-05-05","2016-06-06","2016-06-08T18:45Z","2016-06-10T19:00Z","NEON.LTR.SRER042690.20160606","NEON.LTR.SRER042690.20160606.SDS","NEON.DOC.001710vE","Seeds",0.34,"N",NA,"ON+A0yWFf7igCVIaWru9Pmou+0tujMRK"
"87084e21-bc5c-4cd1-ab82-5879536c4ac3","SRER_042.basePlot.ltr","D14","SRER","SRER_042","SRER_042_434","2016-05-12","2016-05-05","2016-06-06","2016-06-08T18:45Z","2016-06-10T19:00Z","NEON.LTR.SRER042434.20160606","NEON.LTR.SRER042434.20160606.OTH","NEON.DOC.001710vE","Other",0,"N",NA,"ON+A0yWFf7igCVIaWru9Pmou+0tujMRK"
"2315dadb-afe4-481b-951a-a3b07e483901","SRER_042.basePlot.ltr","D14","SRER","SRER_042","SRER_042_690","2016-05-12","2016-05-05","2016-06-06","2016-06-08T18:45Z","2016-06-10T19:00Z","NEON.LTR.SRER042690.20160606","NEON.LTR.SRER042690.20160606.WDY","NEON.DOC.001710vE","Woody material",0.01,"Y",NA,"ON+A0yWFf7igCVIaWru9Pmou+0tujMRK"
"f3ce1eb8-ae7d-470a-841c-c2d4ed068c55","SRER_042.basePlot.ltr","D14","SRER","SRER_042","SRER_042_690","2016-05-12","2016-05-05","2016-06-06","2016-06-08T18:45Z","2016-06-10T19:00Z","NEON.LTR.SRER042690.20160606","NEON.LTR.SRER042690.20160606.OTH","NEON.DOC.001710vE","Other",0,"N",NA,"ON+A0yWFf7igCVIaWru9Pmou+0tujMRK"
"3e132caa-463c-4ea4-a133-7d7b0d1b61c3","SRER_043.basePlot.ltr","D14","SRER","SRER_043","SRER_043_141","2016-05-12","2016-05-05","2016-06-06","2016-06-08T18:45Z","2016-06-10T19:00Z","NEON.LTR.SRER043141.20160606","NEON.LTR.SRER043141.20160606.LVS","NEON.DOC.001710vE","Leaves",1.66,"N",NA,"ON+A0yWFf7igCVIaWru9Pmou+0tujMRK"
"0e83d13a-3acf-4206-83d6-d3294add78fa","SRER_042.basePlot.ltr","D14","SRER","SRER_042","SRER_042_690","2016-05-12","2016-05-05","2016-06-06","2016-06-08T18:45Z","2016-06-10T19:00Z","NEON.LTR.SRER042690.20160606","NEON.LTR.SRER042690.20160606.TWI","NEON.DOC.001710vE","Twigs/branches",0.4,"N",NA,"ON+A0yWFf7igCVIaWru9Pmou+0tujMRK"
"8676f820-c586-4808-ae56-ed65e4870df1","SRER_043.basePlot.ltr","D14","SRER","SRER_043","SRER_043_141","2016-05-12","2016-05-05","2016-06-06","2016-06-08T18:45Z","2016-06-10T19:00Z","NEON.LTR.SRER043141.20160606","NEON.LTR.SRER043141.20160606.SDS","NEON.DOC.001710vE","Seeds",0.57,"N",NA,"ON+A0yWFf7igCVIaWru9Pmou+0tujMRK"
"468377bf-8def-4755-b16d-b11ce65c9648","SRER_043.basePlot.ltr","D14","SRER","SRER_043","SRER_043_141","2016-05-12","2016-05-05","2016-06-06","2016-06-08T18:45Z","2016-06-10T19:00Z","NEON.LTR.SRER043141.20160606","NEON.LTR.SRER043141.20160606.TWI","NEON.DOC.001710vE","Twigs/branches",0.48,"N",NA,"ON+A0yWFf7igCVIaWru9Pmou+0tujMRK"
"1c209403-16db-48db-987f-f279ad1c77c2","SRER_043.basePlot.ltr","D14","SRER","SRER_043","SRER_043_141","2016-05-12","2016-05-05","2016-06-06","2016-06-08T18:45Z","2016-06-10T19:00Z","NEON.LTR.SRER043141.20160606","NEON.LTR.SRER043141.20160606.FLR","NEON.DOC.001710vE","Flowers",0.03,"N",NA,"ON+A0yWFf7igCVIaWru9Pmou+0tujMRK"
"58aeb54d-fcf6-4f24-a261-660a452840ec","SRER_043.basePlot.ltr","D14","SRER","SRER_043","SRER_043_141","2016-05-12","2016-05-05","2016-06-06","2016-06-08T18:45Z","2016-06-10T19:00Z","NEON.LTR.SRER043141.20160606","NEON.LTR.SRER043141.20160606.OTH","NEON.DOC.001710vE","Other",0,"N",NA,"ON+A0yWFf7igCVIaWru9Pmou+0tujMRK"
"5af51444-689b-4f11-a888-15fa2cddb021","SRER_043.basePlot.ltr","D14","SRER","SRER_043","SRER_043_610","2016-05-12","2016-05-05","2016-06-06","2016-06-08T18:45Z","2016-06-10T19:00Z","NEON.LTR.SRER043610.20160606","NEON.LTR.SRER043610.20160606.FLR","NEON.DOC.001710vE","Flowers",0.02,"N",NA,"ON+A0yWFf7igCVIaWru9Pmou+0tujMRK"
"16ce57d6-a7a1-45c4-b989-c6e504b0c085","SRER_043.basePlot.ltr","D14","SRER","SRER_043","SRER_043_141","2016-05-12","2016-05-05","2016-06-06","2016-06-08T18:45Z","2016-06-10T19:00Z","NEON.LTR.SRER043141.20160606","NEON.LTR.SRER043141.20160606.NDL","NEON.DOC.001710vE","Needles",0,"N",NA,"ON+A0yWFf7igCVIaWru9Pmou+0tujMRK"
"580233a5-89ec-4232-af00-8517e467d06e","SRER_043.basePlot.ltr","D14","SRER","SRER_043","SRER_043_141","2016-05-12","2016-05-05","2016-06-06","2016-06-08T18:45Z","2016-06-10T19:00Z","NEON.LTR.SRER043141.20160606","NEON.LTR.SRER043141.20160606.WDY","NEON.DOC.001710vE","Woody material",0.005,"N",NA,"ON+A0yWFf7igCVIaWru9Pmou+0tujMRK"
"dcd39b2f-051d-468b-b867-d3b2fdbbd4f2","SRER_059.basePlot.ltr","D14","SRER","SRER_059","SRER_059_788","2016-07-14","2016-06-06","2016-07-06","2016-07-11T21:40Z","2016-07-14T15:08Z","NEON.LTR.SRER059788.20160706","NEON.LTR.SRER059788.20160706.OTH","NEON.DOC.001710vE","Other",0,"N",NA,"JQNbCmphkBC7cMsM/CUEZhabYz0czz6M"
"58628fd4-8442-44ec-895a-b36cecc97517","SRER_059.basePlot.ltr","D14","SRER","SRER_059","SRER_059_788","2016-07-14","2016-06-06","2016-07-06","2016-07-11T21:40Z","2016-07-14T15:08Z","NEON.LTR.SRER059788.20160706","NEON.LTR.SRER059788.20160706.LVS","NEON.DOC.001710vE","Leaves",2.59,"N",NA,"JQNbCmphkBC7cMsM/CUEZhabYz0czz6M"
"9f26fd0a-2444-4f2c-b2f8-2749704e4309","SRER_059.basePlot.ltr","D14","SRER","SRER_059","SRER_059_788","2016-07-14","2016-06-06","2016-07-06","2016-07-11T21:40Z","2016-07-14T15:08Z","NEON.LTR.SRER059788.20160706","NEON.LTR.SRER059788.20160706.SDS","NEON.DOC.001710vE","Seeds",1.37,"N",NA,"JQNbCmphkBC7cMsM/CUEZhabYz0czz6M"
"3826ccd5-6e96-40a2-ae09-92612e6383c3","SRER_059.basePlot.ltr","D14","SRER","SRER_059","SRER_059_788","2016-07-14","2016-06-06","2016-07-06","2016-07-11T21:40Z","2016-07-14T15:08Z","NEON.LTR.SRER059788.20160706","NEON.LTR.SRER059788.20160706.TWI","NEON.DOC.001710vE","Twigs/branches",2.6,"N",NA,"JQNbCmphkBC7cMsM/CUEZhabYz0czz6M"
"c8837a52-e28e-4c75-9535-fd7023b4a547","SRER_059.basePlot.ltr","D14","SRER","SRER_059","SRER_059_788","2016-07-14","2016-06-06","2016-07-06","2016-07-11T21:40Z","2016-07-14T15:08Z","NEON.LTR.SRER059788.20160706","NEON.LTR.SRER059788.20160706.NDL","NEON.DOC.001710vE","Needles",0,"N",NA,"JQNbCmphkBC7cMsM/CUEZhabYz0czz6M"
"9cc5dc2a-364e-410f-9a61-9e5f07e3e797","SRER_059.basePlot.ltr","D14","SRER","SRER_059","SRER_059_788","2016-07-14","2016-06-06","2016-07-06","2016-07-11T21:40Z","2016-07-14T15:08Z","NEON.LTR.SRER059788.20160706","NEON.LTR.SRER059788.20160706.WDY","NEON.DOC.001710vE","Woody material",0.04,"N",NA,"JQNbCmphkBC7cMsM/CUEZhabYz0czz6M"
"61337712-b182-44a5-b3b0-b942fa908d41","SRER_059.basePlot.ltr","D14","SRER","SRER_059","SRER_059_788","2016-07-14","2016-06-06","2016-07-06","2016-07-11T21:40Z","2016-07-14T15:08Z","NEON.LTR.SRER059788.20160706","NEON.LTR.SRER059788.20160706.FLR","NEON.DOC.001710vE","Flowers",0.01,"N",NA,"JQNbCmphkBC7cMsM/CUEZhabYz0czz6M"
"fabbcc88-ba37-4699-826c-207e2d767427","SRER_059.basePlot.ltr","D14","SRER","SRER_059","SRER_059_143","2016-07-14","2016-06-06","2016-07-06","2016-07-11T21:40Z","2016-07-14T15:08Z","NEON.LTR.SRER059143.20160706","NEON.LTR.SRER059143.20160706.OTH","NEON.DOC.001710vE","Other",0,"N",NA,"JQNbCmphkBC7cMsM/CUEZhabYz0czz6M"
"10090fd8-2d1c-492d-94c9-36414cf8eb9c","SRER_059.basePlot.ltr","D14","SRER","SRER_059","SRER_059_143","2016-07-14","2016-06-06","2016-07-06","2016-07-11T21:40Z","2016-07-14T15:08Z","NEON.LTR.SRER059143.20160706","NEON.LTR.SRER059143.20160706.LVS","NEON.DOC.001710vE","Leaves",1.45,"N",NA,"JQNbCmphkBC7cMsM/CUEZhabYz0czz6M"
"a1ab08bf-6d30-4a4a-b2cb-e55471eae323","SRER_059.basePlot.ltr","D14","SRER","SRER_059","SRER_059_143","2016-07-14","2016-06-06","2016-07-06","2016-07-11T21:40Z","2016-07-14T15:08Z","NEON.LTR.SRER059143.20160706","NEON.LTR.SRER059143.20160706.NDL","NEON.DOC.001710vE","Needles",0,"N",NA,"JQNbCmphkBC7cMsM/CUEZhabYz0czz6M"
"b0cc5566-af0a-4e81-9e27-fc5217c05589","SRER_059.basePlot.ltr","D14","SRER","SRER_059","SRER_059_143","2016-07-14","2016-06-06","2016-07-06","2016-07-11T21:40Z","2016-07-14T15:08Z","NEON.LTR.SRER059143.20160706","NEON.LTR.SRER059143.20160706.FLR","NEON.DOC.001710vE","Flowers",0,"N",NA,"JQNbCmphkBC7cMsM/CUEZhabYz0czz6M"
"c1e52de1-b210-497e-97f1-5f2b4423b4cd","SRER_059.basePlot.ltr","D14","SRER","SRER_059","SRER_059_143","2016-07-14","2016-06-06","2016-07-06","2016-07-11T21:40Z","2016-07-14T15:08Z","NEON.LTR.SRER059143.20160706","NEON.LTR.SRER059143.20160706.TWI","NEON.DOC.001710vE","Twigs/branches",0.61,"N",NA,"JQNbCmphkBC7cMsM/CUEZhabYz0czz6M"
"c2724402-0575-4602-b67a-6667de6d1648","SRER_059.basePlot.ltr","D14","SRER","SRER_059","SRER_059_143","2016-07-14","2016-06-06","2016-07-06","2016-07-11T21:40Z","2016-07-14T15:08Z","NEON.LTR.SRER059143.20160706","NEON.LTR.SRER059143.20160706.WDY","NEON.DOC.001710vE","Woody material",0.07,"N",NA,"JQNbCmphkBC7cMsM/CUEZhabYz0czz6M"
"28d2a472-6a4f-440b-9a8c-dba6669b1465","SRER_059.basePlot.ltr","D14","SRER","SRER_059","SRER_059_143","2016-07-14","2016-06-06","2016-07-06","2016-07-11T21:40Z","2016-07-14T15:08Z","NEON.LTR.SRER059143.20160706","NEON.LTR.SRER059143.20160706.SDS","NEON.DOC.001710vE","Seeds",0.48,"N",NA,"JQNbCmphkBC7cMsM/CUEZhabYz0czz6M"
"63537ec9-3776-47d9-956d-08d4099d0dd5","SRER_058.basePlot.ltr","D14","SRER","SRER_058","SRER_058_834","2016-07-14","2016-06-06","2016-07-06","2016-07-11T21:40Z","2016-07-14T15:08Z","NEON.LTR.SRER058834.20160706","NEON.LTR.SRER058834.20160706.NDL","NEON.DOC.001710vE","Needles",0,"N",NA,"JQNbCmphkBC7cMsM/CUEZhabYz0czz6M"
"8c2befe7-680a-45ad-82a4-389978570d53","SRER_058.basePlot.ltr","D14","SRER","SRER_058","SRER_058_834","2016-07-14","2016-06-06","2016-07-06","2016-07-11T21:40Z","2016-07-14T15:08Z","NEON.LTR.SRER058834.20160706","NEON.LTR.SRER058834.20160706.OTH","NEON.DOC.001710vE","Other",0,"N",NA,"JQNbCmphkBC7cMsM/CUEZhabYz0czz6M"
"e85a5603-6673-48b5-9753-f7a531d8bcee","SRER_058.basePlot.ltr","D14","SRER","SRER_058","SRER_058_834","2016-07-14","2016-06-06","2016-07-06","2016-07-11T21:40Z","2016-07-14T15:08Z","NEON.LTR.SRER058834.20160706","NEON.LTR.SRER058834.20160706.LVS","NEON.DOC.001710vE","Leaves",0.35,"N",NA,"JQNbCmphkBC7cMsM/CUEZhabYz0czz6M"
"6183b757-4bfc-4800-9867-3e925442cbdf","SRER_058.basePlot.ltr","D14","SRER","SRER_058","SRER_058_834","2016-07-14","2016-06-06","2016-07-06","2016-07-11T21:40Z","2016-07-14T15:08Z","NEON.LTR.SRER058834.20160706","NEON.LTR.SRER058834.20160706.FLR","NEON.DOC.001710vE","Flowers",0.02,"Y",NA,"JQNbCmphkBC7cMsM/CUEZhabYz0czz6M"
"4785c160-e4c9-455c-8585-eb12064a347d","SRER_055.basePlot.ltr","D14","SRER","SRER_055","SRER_055_675","2016-07-14","2016-06-06","2016-07-06","2016-07-11T21:40Z","2016-07-14T15:08Z","NEON.LTR.SRER055675.20160706","NEON.LTR.SRER055675.20160706.FLR","NEON.DOC.001710vE","Flowers",0.15,"N",NA,"JQNbCmphkBC7cMsM/CUEZhabYz0czz6M"
"3607f5f5-f33c-4318-b110-64e85ae4b0be","SRER_055.basePlot.ltr","D14","SRER","SRER_055","SRER_055_675","2016-07-14","2016-06-06","2016-07-06","2016-07-11T21:40Z","2016-07-14T15:08Z","NEON.LTR.SRER055675.20160706","NEON.LTR.SRER055675.20160706.LVS","NEON.DOC.001710vE","Leaves",0.52,"N",NA,"JQNbCmphkBC7cMsM/CUEZhabYz0czz6M"
"853e999a-1d09-4200-b404-47a2fedec3c8","SRER_055.basePlot.ltr","D14","SRER","SRER_055","SRER_055_675","2016-07-14","2016-06-06","2016-07-06","2016-07-11T21:40Z","2016-07-14T15:08Z","NEON.LTR.SRER055675.20160706","NEON.LTR.SRER055675.20160706.SDS","NEON.DOC.001710vE","Seeds",2.31,"N",NA,"JQNbCmphkBC7cMsM/CUEZhabYz0czz6M"
"8929f70c-066f-413f-8649-8839dcec5c87","SRER_055.basePlot.ltr","D14","SRER","SRER_055","SRER_055_675","2016-07-14","2016-06-06","2016-07-06","2016-07-11T21:40Z","2016-07-14T15:08Z","NEON.LTR.SRER055675.20160706","NEON.LTR.SRER055675.20160706.NDL","NEON.DOC.001710vE","Needles",0,"N",NA,"JQNbCmphkBC7cMsM/CUEZhabYz0czz6M"
"8175b2f2-6825-45a9-bb20-82502c746cdf","SRER_055.basePlot.ltr","D14","SRER","SRER_055","SRER_055_675","2016-07-14","2016-06-06","2016-07-06","2016-07-11T21:40Z","2016-07-14T15:08Z","NEON.LTR.SRER055675.20160706","NEON.LTR.SRER055675.20160706.OTH","NEON.DOC.001710vE","Other",0,"N",NA,"JQNbCmphkBC7cMsM/CUEZhabYz0czz6M"
"46ebcc18-a144-4aaf-bc80-8ed94e92e7bf","SRER_055.basePlot.ltr","D14","SRER","SRER_055","SRER_055_838","2016-07-14","2016-06-06","2016-07-06","2016-07-11T21:40Z","2016-07-14T15:08Z","NEON.LTR.SRER055838.20160706","NEON.LTR.SRER055838.20160706.WDY","NEON.DOC.001710vE","Woody material",0.02,"N",NA,"JQNbCmphkBC7cMsM/CUEZhabYz0czz6M"
"170ac2ec-c815-48fd-bb9a-8e498d2dbe10","SRER_055.basePlot.ltr","D14","SRER","SRER_055","SRER_055_838","2016-07-14","2016-06-06","2016-07-06","2016-07-11T21:40Z","2016-07-14T15:08Z","NEON.LTR.SRER055838.20160706","NEON.LTR.SRER055838.20160706.TWI","NEON.DOC.001710vE","Twigs/branches",1.75,"N",NA,"JQNbCmphkBC7cMsM/CUEZhabYz0czz6M"
"4c06b2c0-6958-45c8-926f-26d99dac6863","SRER_055.basePlot.ltr","D14","SRER","SRER_055","SRER_055_838","2016-07-14","2016-06-06","2016-07-06","2016-07-11T21:40Z","2016-07-14T15:08Z","NEON.LTR.SRER055838.20160706","NEON.LTR.SRER055838.20160706.FLR","NEON.DOC.001710vE","Flowers",0.005,"N",NA,"JQNbCmphkBC7cMsM/CUEZhabYz0czz6M"
"f8af94c9-504f-4ef4-ae30-cdaff0f4042f","SRER_056.basePlot.ltr","D14","SRER","SRER_056","SRER_056_510","2016-07-14","2016-06-06","2016-07-06","2016-07-11T21:40Z","2016-07-14T15:08Z","NEON.LTR.SRER056510.20160706","NEON.LTR.SRER056510.20160706.WDY","NEON.DOC.001710vE","Woody material",0.16,"N",NA,"JQNbCmphkBC7cMsM/CUEZhabYz0czz6M"
"7501b75a-e9de-4b2d-88e5-fa447e30556a","SRER_055.basePlot.ltr","D14","SRER","SRER_055","SRER_055_838","2016-07-14","2016-06-06","2016-07-06","2016-07-11T21:40Z","2016-07-14T15:08Z","NEON.LTR.SRER055838.20160706","NEON.LTR.SRER055838.20160706.LVS","NEON.DOC.001710vE","Leaves",3.1,"N",NA,"JQNbCmphkBC7cMsM/CUEZhabYz0czz6M"
"5f08c5d4-7a27-41e0-a525-51470bf8c7e5","SRER_055.basePlot.ltr","D14","SRER","SRER_055","SRER_055_838","2016-07-14","2016-06-06","2016-07-06","2016-07-11T21:40Z","2016-07-14T15:08Z","NEON.LTR.SRER055838.20160706","NEON.LTR.SRER055838.20160706.SDS","NEON.DOC.001710vE","Seeds",1.49,"N",NA,"JQNbCmphkBC7cMsM/CUEZhabYz0czz6M"
"79a1e382-1d40-4a04-b4f4-234050a124f0","SRER_056.basePlot.ltr","D14","SRER","SRER_056","SRER_056_510","2016-07-14","2016-06-06","2016-07-06","2016-07-11T21:40Z","2016-07-14T15:08Z","NEON.LTR.SRER056510.20160706","NEON.LTR.SRER056510.20160706.LVS","NEON.DOC.001710vE","Leaves",5.81,"N",NA,"JQNbCmphkBC7cMsM/CUEZhabYz0czz6M"
"1be40532-abc3-49d9-b167-6ece5f08c8e0","SRER_055.basePlot.ltr","D14","SRER","SRER_055","SRER_055_838","2016-07-14","2016-06-06","2016-07-06","2016-07-11T21:40Z","2016-07-14T15:08Z","NEON.LTR.SRER055838.20160706","NEON.LTR.SRER055838.20160706.OTH","NEON.DOC.001710vE","Other",0.13,"Y",NA,"JQNbCmphkBC7cMsM/CUEZhabYz0czz6M"
"0395766b-7061-407b-8b6a-472ffc7160b1","SRER_055.basePlot.ltr","D14","SRER","SRER_055","SRER_055_838","2016-07-14","2016-06-06","2016-07-06","2016-07-11T21:40Z","2016-07-14T15:08Z","NEON.LTR.SRER055838.20160706","NEON.LTR.SRER055838.20160706.NDL","NEON.DOC.001710vE","Needles",0,"N",NA,"JQNbCmphkBC7cMsM/CUEZhabYz0czz6M"
"5974964f-1369-4e75-a61f-dffdd5f052fb","SRER_056.basePlot.ltr","D14","SRER","SRER_056","SRER_056_510","2016-07-14","2016-06-06","2016-07-06","2016-07-11T21:40Z","2016-07-14T15:08Z","NEON.LTR.SRER056510.20160706","NEON.LTR.SRER056510.20160706.OTH","NEON.DOC.001710vE","Other",0,"N",NA,"JQNbCmphkBC7cMsM/CUEZhabYz0czz6M"
"696018a3-de62-42d4-8fe9-e930c37de1cb","SRER_056.basePlot.ltr","D14","SRER","SRER_056","SRER_056_510","2016-07-14","2016-06-06","2016-07-06","2016-07-11T21:40Z","2016-07-14T15:08Z","NEON.LTR.SRER056510.20160706","NEON.LTR.SRER056510.20160706.TWI","NEON.DOC.001710vE","Twigs/branches",0.71,"N",NA,"JQNbCmphkBC7cMsM/CUEZhabYz0czz6M"
"2099a3ca-a3ea-41da-b5b3-0b1230f5b5f1","SRER_056.basePlot.ltr","D14","SRER","SRER_056","SRER_056_795","2016-07-14","2016-06-06","2016-07-06","2016-07-11T21:40Z","2016-07-14T15:08Z","NEON.LTR.SRER056795.20160706","NEON.LTR.SRER056795.20160706.WDY","NEON.DOC.001710vE","Woody material",0.02,"N",NA,"JQNbCmphkBC7cMsM/CUEZhabYz0czz6M"
"e9ab9b9a-c3fc-4d1e-9bf1-e4e73b29196c","SRER_056.basePlot.ltr","D14","SRER","SRER_056","SRER_056_510","2016-07-14","2016-06-06","2016-07-06","2016-07-11T21:40Z","2016-07-14T15:08Z","NEON.LTR.SRER056510.20160706","NEON.LTR.SRER056510.20160706.SDS","NEON.DOC.001710vE","Seeds",1.6,"N",NA,"JQNbCmphkBC7cMsM/CUEZhabYz0czz6M"
"5b3a6cb6-6e03-4f66-9fb6-927e10bea936","SRER_056.basePlot.ltr","D14","SRER","SRER_056","SRER_056_510","2016-07-14","2016-06-06","2016-07-06","2016-07-11T21:40Z","2016-07-14T15:08Z","NEON.LTR.SRER056510.20160706","NEON.LTR.SRER056510.20160706.NDL","NEON.DOC.001710vE","Needles",0,"N",NA,"JQNbCmphkBC7cMsM/CUEZhabYz0czz6M"
"76fddf0f-e3a6-4d0a-b65f-e7d5330382b0","SRER_056.basePlot.ltr","D14","SRER","SRER_056","SRER_056_795","2016-07-14","2016-06-06","2016-07-06","2016-07-11T21:40Z","2016-07-14T15:08Z","NEON.LTR.SRER056795.20160706","NEON.LTR.SRER056795.20160706.LVS","NEON.DOC.001710vE","Leaves",1.56,"N",NA,"JQNbCmphkBC7cMsM/CUEZhabYz0czz6M"
"586e8b3c-b388-4b25-a419-5ed2e1083bab","SRER_056.basePlot.ltr","D14","SRER","SRER_056","SRER_056_510","2016-07-14","2016-06-06","2016-07-06","2016-07-11T21:40Z","2016-07-14T15:08Z","NEON.LTR.SRER056510.20160706","NEON.LTR.SRER056510.20160706.FLR","NEON.DOC.001710vE","Flowers",0,"N",NA,"JQNbCmphkBC7cMsM/CUEZhabYz0czz6M"
"55b45a6f-7090-4cd9-8b40-dc8b6a8842a0","SRER_056.basePlot.ltr","D14","SRER","SRER_056","SRER_056_795","2016-07-14","2016-06-06","2016-07-06","2016-07-11T21:40Z","2016-07-14T15:08Z","NEON.LTR.SRER056795.20160706","NEON.LTR.SRER056795.20160706.TWI","NEON.DOC.001710vE","Twigs/branches",3.64,"N",NA,"JQNbCmphkBC7cMsM/CUEZhabYz0czz6M"
"beb2df11-bc9a-49fa-9564-27256421c595","SRER_056.basePlot.ltr","D14","SRER","SRER_056","SRER_056_795","2016-07-14","2016-06-06","2016-07-06","2016-07-11T21:40Z","2016-07-14T15:08Z","NEON.LTR.SRER056795.20160706","NEON.LTR.SRER056795.20160706.OTH","NEON.DOC.001710vE","Other",0,"N",NA,"JQNbCmphkBC7cMsM/CUEZhabYz0czz6M"
"6970afe1-8269-480c-9db2-e540ab4f3913","SRER_056.basePlot.ltr","D14","SRER","SRER_056","SRER_056_795","2016-07-14","2016-06-06","2016-07-06","2016-07-11T21:40Z","2016-07-14T15:08Z","NEON.LTR.SRER056795.20160706","NEON.LTR.SRER056795.20160706.FLR","NEON.DOC.001710vE","Flowers",0.11,"N",NA,"JQNbCmphkBC7cMsM/CUEZhabYz0czz6M"
"9483fc64-6b52-482a-8333-e6dd650b625c","SRER_057.basePlot.ltr","D14","SRER","SRER_057","SRER_057_357","2016-07-14","2016-06-06","2016-07-06","2016-07-11T21:40Z","2016-07-14T15:08Z","NEON.LTR.SRER057357.20160706","NEON.LTR.SRER057357.20160706.WDY","NEON.DOC.001710vE","Woody material",0.05,"N",NA,"JQNbCmphkBC7cMsM/CUEZhabYz0czz6M"
"53760325-f94c-4ecb-a4e1-4fad4349c8d6","SRER_056.basePlot.ltr","D14","SRER","SRER_056","SRER_056_795","2016-07-14","2016-06-06","2016-07-06","2016-07-11T21:40Z","2016-07-14T15:08Z","NEON.LTR.SRER056795.20160706","NEON.LTR.SRER056795.20160706.SDS","NEON.DOC.001710vE","Seeds",0.73,"N",NA,"JQNbCmphkBC7cMsM/CUEZhabYz0czz6M"
"68be4818-3dc6-467f-8ca0-744d688392da","SRER_056.basePlot.ltr","D14","SRER","SRER_056","SRER_056_795","2016-07-14","2016-06-06","2016-07-06","2016-07-11T21:40Z","2016-07-14T15:08Z","NEON.LTR.SRER056795.20160706","NEON.LTR.SRER056795.20160706.NDL","NEON.DOC.001710vE","Needles",0,"N",NA,"JQNbCmphkBC7cMsM/CUEZhabYz0czz6M"
"982c9b51-4e9c-4cad-9848-980eb505a552","SRER_057.basePlot.ltr","D14","SRER","SRER_057","SRER_057_357","2016-07-14","2016-06-06","2016-07-06","2016-07-11T21:40Z","2016-07-14T15:08Z","NEON.LTR.SRER057357.20160706","NEON.LTR.SRER057357.20160706.FLR","NEON.DOC.001710vE","Flowers",0.03,"N",NA,"JQNbCmphkBC7cMsM/CUEZhabYz0czz6M"
"bc82cf64-aa82-430c-b1dd-c33befcd3af5","SRER_057.basePlot.ltr","D14","SRER","SRER_057","SRER_057_357","2016-07-14","2016-06-06","2016-07-06","2016-07-11T21:40Z","2016-07-14T15:08Z","NEON.LTR.SRER057357.20160706","NEON.LTR.SRER057357.20160706.SDS","NEON.DOC.001710vE","Seeds",0.21,"N",NA,"JQNbCmphkBC7cMsM/CUEZhabYz0czz6M"
"f7a00890-171f-46dd-81ae-7f26d74caf10","SRER_057.basePlot.ltr","D14","SRER","SRER_057","SRER_057_357","2016-07-14","2016-06-06","2016-07-06","2016-07-11T21:40Z","2016-07-14T15:08Z","NEON.LTR.SRER057357.20160706","NEON.LTR.SRER057357.20160706.NDL","NEON.DOC.001710vE","Needles",0,"N",NA,"JQNbCmphkBC7cMsM/CUEZhabYz0czz6M"
"22262e4f-cf3a-42f3-8c15-7444718d5c27","SRER_057.basePlot.ltr","D14","SRER","SRER_057","SRER_057_357","2016-07-14","2016-06-06","2016-07-06","2016-07-11T21:40Z","2016-07-14T15:08Z","NEON.LTR.SRER057357.20160706","NEON.LTR.SRER057357.20160706.OTH","NEON.DOC.001710vE","Other",0,"N",NA,"JQNbCmphkBC7cMsM/CUEZhabYz0czz6M"
"3f3b7120-5a11-46d7-8602-7b6a2c70122c","SRER_057.basePlot.ltr","D14","SRER","SRER_057","SRER_057_357","2016-07-14","2016-06-06","2016-07-06","2016-07-11T21:40Z","2016-07-14T15:08Z","NEON.LTR.SRER057357.20160706","NEON.LTR.SRER057357.20160706.TWI","NEON.DOC.001710vE","Twigs/branches",0.14,"Y",NA,"JQNbCmphkBC7cMsM/CUEZhabYz0czz6M"
"3dd461d7-29b8-4e04-b658-52a93f636378","SRER_057.basePlot.ltr","D14","SRER","SRER_057","SRER_057_916","2016-07-14","2016-06-06","2016-07-06","2016-07-11T21:40Z","2016-07-14T15:08Z","NEON.LTR.SRER057916.20160706","NEON.LTR.SRER057916.20160706.TWI","NEON.DOC.001710vE","Twigs/branches",2.8,"N",NA,"JQNbCmphkBC7cMsM/CUEZhabYz0czz6M"
"dfe21e08-dc42-4bc6-93de-81c08357391d","SRER_057.basePlot.ltr","D14","SRER","SRER_057","SRER_057_916","2016-07-14","2016-06-06","2016-07-06","2016-07-11T21:40Z","2016-07-14T15:08Z","NEON.LTR.SRER057916.20160706","NEON.LTR.SRER057916.20160706.WDY","NEON.DOC.001710vE","Woody material",0.06,"N",NA,"JQNbCmphkBC7cMsM/CUEZhabYz0czz6M"
"e8ec0b78-6d28-4758-93a4-8cd4facb142e","SRER_057.basePlot.ltr","D14","SRER","SRER_057","SRER_057_357","2016-07-14","2016-06-06","2016-07-06","2016-07-11T21:40Z","2016-07-14T15:08Z","NEON.LTR.SRER057357.20160706","NEON.LTR.SRER057357.20160706.LVS","NEON.DOC.001710vE","Leaves",0.29,"N",NA,"JQNbCmphkBC7cMsM/CUEZhabYz0czz6M"
"c6a412b2-6136-486c-82ac-733d70a726cf","SRER_057.basePlot.ltr","D14","SRER","SRER_057","SRER_057_916","2016-07-14","2016-06-06","2016-07-06","2016-07-11T21:40Z","2016-07-14T15:08Z","NEON.LTR.SRER057916.20160706","NEON.LTR.SRER057916.20160706.FLR","NEON.DOC.001710vE","Flowers",0.01,"N",NA,"JQNbCmphkBC7cMsM/CUEZhabYz0czz6M"
"daaa8193-8594-412b-a640-197cf2c3f4c4","SRER_057.basePlot.ltr","D14","SRER","SRER_057","SRER_057_916","2016-07-14","2016-06-06","2016-07-06","2016-07-11T21:40Z","2016-07-14T15:08Z","NEON.LTR.SRER057916.20160706","NEON.LTR.SRER057916.20160706.SDS","NEON.DOC.001710vE","Seeds",1.31,"N",NA,"JQNbCmphkBC7cMsM/CUEZhabYz0czz6M"
"c3d68301-b01d-4bb5-b62d-1926a27ff9d6","SRER_057.basePlot.ltr","D14","SRER","SRER_057","SRER_057_916","2016-07-14","2016-06-06","2016-07-06","2016-07-11T21:40Z","2016-07-14T15:08Z","NEON.LTR.SRER057916.20160706","NEON.LTR.SRER057916.20160706.OTH","NEON.DOC.001710vE","Other",0,"N",NA,"JQNbCmphkBC7cMsM/CUEZhabYz0czz6M"
"20b30098-87f9-4213-b3fc-4fa389ec5e1a","SRER_058.basePlot.ltr","D14","SRER","SRER_058","SRER_058_426","2016-07-14","2016-06-06","2016-07-06","2016-07-11T21:40Z","2016-07-14T15:08Z","NEON.LTR.SRER058426.20160706","NEON.LTR.SRER058426.20160706.TWI","NEON.DOC.001710vE","Twigs/branches",3.17,"N",NA,"JQNbCmphkBC7cMsM/CUEZhabYz0czz6M"
"4e909452-d87d-47d9-8590-0ed66b921400","SRER_057.basePlot.ltr","D14","SRER","SRER_057","SRER_057_916","2016-07-14","2016-06-06","2016-07-06","2016-07-11T21:40Z","2016-07-14T15:08Z","NEON.LTR.SRER057916.20160706","NEON.LTR.SRER057916.20160706.LVS","NEON.DOC.001710vE","Leaves",1.68,"N",NA,"JQNbCmphkBC7cMsM/CUEZhabYz0czz6M"
"757951b5-ef21-4758-8c25-a26c67367c11","SRER_058.basePlot.ltr","D14","SRER","SRER_058","SRER_058_426","2016-07-14","2016-06-06","2016-07-06","2016-07-11T21:40Z","2016-07-14T15:08Z","NEON.LTR.SRER058426.20160706","NEON.LTR.SRER058426.20160706.LVS","NEON.DOC.001710vE","Leaves",3.47,"N",NA,"JQNbCmphkBC7cMsM/CUEZhabYz0czz6M"
"407eb243-d4e4-4949-b5ae-51119e4a7e3b","SRER_058.basePlot.ltr","D14","SRER","SRER_058","SRER_058_426","2016-07-14","2016-06-06","2016-07-06","2016-07-11T21:40Z","2016-07-14T15:08Z","NEON.LTR.SRER058426.20160706","NEON.LTR.SRER058426.20160706.FLR","NEON.DOC.001710vE","Flowers",0.18,"N",NA,"JQNbCmphkBC7cMsM/CUEZhabYz0czz6M"
"a82b9e7c-b0b9-45bd-94bd-278554b963a4","SRER_057.basePlot.ltr","D14","SRER","SRER_057","SRER_057_916","2016-07-14","2016-06-06","2016-07-06","2016-07-11T21:40Z","2016-07-14T15:08Z","NEON.LTR.SRER057916.20160706","NEON.LTR.SRER057916.20160706.NDL","NEON.DOC.001710vE","Needles",0,"N",NA,"JQNbCmphkBC7cMsM/CUEZhabYz0czz6M"
"4dcba8a3-592a-46f0-9393-532590867493","SRER_058.basePlot.ltr","D14","SRER","SRER_058","SRER_058_426","2016-07-14","2016-06-06","2016-07-06","2016-07-11T21:40Z","2016-07-14T15:08Z","NEON.LTR.SRER058426.20160706","NEON.LTR.SRER058426.20160706.SDS","NEON.DOC.001710vE","Seeds",8.84,"N",NA,"JQNbCmphkBC7cMsM/CUEZhabYz0czz6M"
"76d64955-ce8f-4cb4-b5ef-c2e16682b685","SRER_058.basePlot.ltr","D14","SRER","SRER_058","SRER_058_426","2016-07-14","2016-06-06","2016-07-06","2016-07-11T21:40Z","2016-07-14T15:08Z","NEON.LTR.SRER058426.20160706","NEON.LTR.SRER058426.20160706.WDY","NEON.DOC.001710vE","Woody material",0.11,"N",NA,"JQNbCmphkBC7cMsM/CUEZhabYz0czz6M"
"f17c0a40-1111-4075-9e70-46f497376729","SRER_058.basePlot.ltr","D14","SRER","SRER_058","SRER_058_426","2016-07-14","2016-06-06","2016-07-06","2016-07-11T21:40Z","2016-07-14T15:08Z","NEON.LTR.SRER058426.20160706","NEON.LTR.SRER058426.20160706.NDL","NEON.DOC.001710vE","Needles",0,"N",NA,"JQNbCmphkBC7cMsM/CUEZhabYz0czz6M"
"425570c8-24df-4684-9fff-e2d80f218508","SRER_058.basePlot.ltr","D14","SRER","SRER_058","SRER_058_426","2016-07-14","2016-06-06","2016-07-06","2016-07-11T21:40Z","2016-07-14T15:08Z","NEON.LTR.SRER058426.20160706","NEON.LTR.SRER058426.20160706.OTH","NEON.DOC.001710vE","Other",0,"N",NA,"JQNbCmphkBC7cMsM/CUEZhabYz0czz6M"
"4db0e4c3-94ed-431b-b3ac-ef2de2e39872","SRER_058.basePlot.ltr","D14","SRER","SRER_058","SRER_058_834","2016-07-14","2016-06-06","2016-07-06","2016-07-11T21:40Z","2016-07-14T15:08Z","NEON.LTR.SRER058834.20160706","NEON.LTR.SRER058834.20160706.WDY","NEON.DOC.001710vE","Woody material",0.03,"N",NA,"JQNbCmphkBC7cMsM/CUEZhabYz0czz6M"
"195f8f2d-6268-4c12-8c7b-3e72600eca1c","SRER_058.basePlot.ltr","D14","SRER","SRER_058","SRER_058_834","2016-07-14","2016-06-06","2016-07-06","2016-07-11T21:40Z","2016-07-14T15:08Z","NEON.LTR.SRER058834.20160706","NEON.LTR.SRER058834.20160706.TWI","NEON.DOC.001710vE","Twigs/branches",0.91,"N",NA,"JQNbCmphkBC7cMsM/CUEZhabYz0czz6M"
"ffe42ae4-7ab3-4c47-9ab4-c213395c290f","SRER_058.basePlot.ltr","D14","SRER","SRER_058","SRER_058_834","2016-07-14","2016-06-06","2016-07-06","2016-07-11T21:40Z","2016-07-14T15:08Z","NEON.LTR.SRER058834.20160706","NEON.LTR.SRER058834.20160706.SDS","NEON.DOC.001710vE","Seeds",1.02,"N",NA,"JQNbCmphkBC7cMsM/CUEZhabYz0czz6M"
"0f92d165-0101-44a1-82d2-0c8c36432f35","SRER_051.basePlot.ltr","D14","SRER","SRER_051","SRER_051_842","2016-07-14","2016-06-06","2016-07-06","2016-07-11T21:40Z","2016-07-14T15:08Z","NEON.LTR.SRER051842.20160706","NEON.LTR.SRER051842.20160706.TWI","NEON.DOC.001710vE","Twigs/branches",0.19,"N",NA,"JQNbCmphkBC7cMsM/CUEZhabYz0czz6M"
"11b7a4b3-dfa1-4b63-adf7-c5e34976f56c","SRER_051.basePlot.ltr","D14","SRER","SRER_051","SRER_051_842","2016-07-14","2016-06-06","2016-07-06","2016-07-11T21:40Z","2016-07-14T15:08Z","NEON.LTR.SRER051842.20160706","NEON.LTR.SRER051842.20160706.FLR","NEON.DOC.001710vE","Flowers",0.05,"N",NA,"JQNbCmphkBC7cMsM/CUEZhabYz0czz6M"
"2bb34333-deb0-4f94-802c-ed1ee295597c","SRER_051.basePlot.ltr","D14","SRER","SRER_051","SRER_051_842","2016-07-14","2016-06-06","2016-07-06","2016-07-11T21:40Z","2016-07-14T15:08Z","NEON.LTR.SRER051842.20160706","NEON.LTR.SRER051842.20160706.LVS","NEON.DOC.001710vE","Leaves",0.76,"N",NA,"JQNbCmphkBC7cMsM/CUEZhabYz0czz6M"
"252c2505-35a4-49f3-8672-6eb4f19a50c5","SRER_051.basePlot.ltr","D14","SRER","SRER_051","SRER_051_842","2016-07-14","2016-06-06","2016-07-06","2016-07-11T21:40Z","2016-07-14T15:08Z","NEON.LTR.SRER051842.20160706","NEON.LTR.SRER051842.20160706.SDS","NEON.DOC.001710vE","Seeds",0.1,"N",NA,"JQNbCmphkBC7cMsM/CUEZhabYz0czz6M"
"be9c743f-f906-4d0d-8a42-719c3850231d","SRER_051.basePlot.ltr","D14","SRER","SRER_051","SRER_051_842","2016-07-14","2016-06-06","2016-07-06","2016-07-11T21:40Z","2016-07-14T15:08Z","NEON.LTR.SRER051842.20160706","NEON.LTR.SRER051842.20160706.NDL","NEON.DOC.001710vE","Needles",0,"N",NA,"JQNbCmphkBC7cMsM/CUEZhabYz0czz6M"
"239b4567-aca1-457e-94a1-7c5520432795","SRER_051.basePlot.ltr","D14","SRER","SRER_051","SRER_051_842","2016-07-14","2016-06-06","2016-07-06","2016-07-11T21:40Z","2016-07-14T15:08Z","NEON.LTR.SRER051842.20160706","NEON.LTR.SRER051842.20160706.OTH","NEON.DOC.001710vE","Other",0,"N",NA,"JQNbCmphkBC7cMsM/CUEZhabYz0czz6M"
"3db442a5-20f6-4b98-ac43-1a4c20bf40a3","SRER_052.basePlot.ltr","D14","SRER","SRER_052","SRER_052_122","2016-07-14","2016-06-06","2016-07-06","2016-07-11T21:40Z","2016-07-14T15:08Z","NEON.LTR.SRER052122.20160706","NEON.LTR.SRER052122.20160706.WDY","NEON.DOC.001710vE","Woody material",0.01,"Y",NA,"JQNbCmphkBC7cMsM/CUEZhabYz0czz6M"
"8292b631-53b1-479e-a821-79681de7af43","SRER_052.basePlot.ltr","D14","SRER","SRER_052","SRER_052_122","2016-07-14","2016-06-06","2016-07-06","2016-07-11T21:40Z","2016-07-14T15:08Z","NEON.LTR.SRER052122.20160706","NEON.LTR.SRER052122.20160706.TWI","NEON.DOC.001710vE","Twigs/branches",0.18,"Y",NA,"JQNbCmphkBC7cMsM/CUEZhabYz0czz6M"
"339d98c2-9914-4778-b468-a8479be46820","SRER_052.basePlot.ltr","D14","SRER","SRER_052","SRER_052_122","2016-07-14","2016-06-06","2016-07-06","2016-07-11T21:40Z","2016-07-14T15:08Z","NEON.LTR.SRER052122.20160706","NEON.LTR.SRER052122.20160706.FLR","NEON.DOC.001710vE","Flowers",0.11,"N",NA,"JQNbCmphkBC7cMsM/CUEZhabYz0czz6M"
"94cae290-614c-43d0-ae80-a58375cb5976","SRER_052.basePlot.ltr","D14","SRER","SRER_052","SRER_052_122","2016-07-14","2016-06-06","2016-07-06","2016-07-11T21:40Z","2016-07-14T15:08Z","NEON.LTR.SRER052122.20160706","NEON.LTR.SRER052122.20160706.SDS","NEON.DOC.001710vE","Seeds",0.08,"N",NA,"JQNbCmphkBC7cMsM/CUEZhabYz0czz6M"
"a1d4bf31-a047-4a16-a233-80f5348eeb68","SRER_052.basePlot.ltr","D14","SRER","SRER_052","SRER_052_122","2016-07-14","2016-06-06","2016-07-06","2016-07-11T21:40Z","2016-07-14T15:08Z","NEON.LTR.SRER052122.20160706","NEON.LTR.SRER052122.20160706.LVS","NEON.DOC.001710vE","Leaves",0.45,"Y",NA,"JQNbCmphkBC7cMsM/CUEZhabYz0czz6M"
"43c762f6-306c-450d-924b-8d2259cd355c","SRER_052.basePlot.ltr","D14","SRER","SRER_052","SRER_052_122","2016-07-14","2016-06-06","2016-07-06","2016-07-11T21:40Z","2016-07-14T15:08Z","NEON.LTR.SRER052122.20160706","NEON.LTR.SRER052122.20160706.NDL","NEON.DOC.001710vE","Needles",0,"N",NA,"JQNbCmphkBC7cMsM/CUEZhabYz0czz6M"
"49dbca8e-5eb7-4a2c-ba53-5ff0c2c78bd1","SRER_052.basePlot.ltr","D14","SRER","SRER_052","SRER_052_122","2016-07-14","2016-06-06","2016-07-06","2016-07-11T21:40Z","2016-07-14T15:08Z","NEON.LTR.SRER052122.20160706","NEON.LTR.SRER052122.20160706.OTH","NEON.DOC.001710vE","Other",0,"N",NA,"JQNbCmphkBC7cMsM/CUEZhabYz0czz6M"
"6a0e857f-756c-443a-a983-e3fc646de1a8","SRER_052.basePlot.ltr","D14","SRER","SRER_052","SRER_052_514","2016-07-14","2016-06-06","2016-07-06","2016-07-11T21:40Z","2016-07-14T15:08Z","NEON.LTR.SRER052514.20160706","NEON.LTR.SRER052514.20160706.WDY","NEON.DOC.001710vE","Woody material",0.04,"N",NA,"JQNbCmphkBC7cMsM/CUEZhabYz0czz6M"
"542a24c7-e32a-4a75-8dc8-42454d1526f9","SRER_052.basePlot.ltr","D14","SRER","SRER_052","SRER_052_514","2016-07-14","2016-06-06","2016-07-06","2016-07-11T21:40Z","2016-07-14T15:08Z","NEON.LTR.SRER052514.20160706","NEON.LTR.SRER052514.20160706.TWI","NEON.DOC.001710vE","Twigs/branches",3.05,"N",NA,"JQNbCmphkBC7cMsM/CUEZhabYz0czz6M"
"57248f99-5452-40b4-9294-0dc121ee2345","SRER_052.basePlot.ltr","D14","SRER","SRER_052","SRER_052_514","2016-07-14","2016-06-06","2016-07-06","2016-07-11T21:40Z","2016-07-14T15:08Z","NEON.LTR.SRER052514.20160706","NEON.LTR.SRER052514.20160706.LVS","NEON.DOC.001710vE","Leaves",4.74,"N",NA,"JQNbCmphkBC7cMsM/CUEZhabYz0czz6M"
"f1b7258f-50de-417a-9add-d2f4268915f4","SRER_052.basePlot.ltr","D14","SRER","SRER_052","SRER_052_514","2016-07-14","2016-06-06","2016-07-06","2016-07-11T21:40Z","2016-07-14T15:08Z","NEON.LTR.SRER052514.20160706","NEON.LTR.SRER052514.20160706.FLR","NEON.DOC.001710vE","Flowers",0.05,"Y",NA,"JQNbCmphkBC7cMsM/CUEZhabYz0czz6M"
"8a9ad117-09a4-4a96-86f2-338545355670","SRER_052.basePlot.ltr","D14","SRER","SRER_052","SRER_052_514","2016-07-14","2016-06-06","2016-07-06","2016-07-11T21:40Z","2016-07-14T15:08Z","NEON.LTR.SRER052514.20160706","NEON.LTR.SRER052514.20160706.SDS","NEON.DOC.001710vE","Seeds",1.5,"N",NA,"JQNbCmphkBC7cMsM/CUEZhabYz0czz6M"
"cf6d8ed0-6bde-4cc5-8649-7270ec155cec","SRER_052.basePlot.ltr","D14","SRER","SRER_052","SRER_052_514","2016-07-14","2016-06-06","2016-07-06","2016-07-11T21:40Z","2016-07-14T15:08Z","NEON.LTR.SRER052514.20160706","NEON.LTR.SRER052514.20160706.NDL","NEON.DOC.001710vE","Needles",0,"N",NA,"JQNbCmphkBC7cMsM/CUEZhabYz0czz6M"
"a10d34fc-ae3a-424f-8c7b-b392e7c2eda5","SRER_052.basePlot.ltr","D14","SRER","SRER_052","SRER_052_514","2016-07-14","2016-06-06","2016-07-06","2016-07-11T21:40Z","2016-07-14T15:08Z","NEON.LTR.SRER052514.20160706","NEON.LTR.SRER052514.20160706.OTH","NEON.DOC.001710vE","Other",0,"N",NA,"JQNbCmphkBC7cMsM/CUEZhabYz0czz6M"
"0525f44a-2527-442f-b225-44027d927242","SRER_053.basePlot.ltr","D14","SRER","SRER_053","SRER_053_519","2016-07-14","2016-06-06","2016-07-06","2016-07-11T21:40Z","2016-07-14T15:08Z","NEON.LTR.SRER053519.20160706","NEON.LTR.SRER053519.20160706.TWI","NEON.DOC.001710vE","Twigs/branches",0.32,"N",NA,"JQNbCmphkBC7cMsM/CUEZhabYz0czz6M"
"cc08680e-9546-468d-8b5f-b0b738ddfded","SRER_053.basePlot.ltr","D14","SRER","SRER_053","SRER_053_519","2016-07-14","2016-06-06","2016-07-06","2016-07-11T21:40Z","2016-07-14T15:08Z","NEON.LTR.SRER053519.20160706","NEON.LTR.SRER053519.20160706.WDY","NEON.DOC.001710vE","Woody material",0.02,"N",NA,"JQNbCmphkBC7cMsM/CUEZhabYz0czz6M"
"65c997f9-e1f2-4574-8b5d-973ca68beb56","SRER_053.basePlot.ltr","D14","SRER","SRER_053","SRER_053_519","2016-07-14","2016-06-06","2016-07-06","2016-07-11T21:40Z","2016-07-14T15:08Z","NEON.LTR.SRER053519.20160706","NEON.LTR.SRER053519.20160706.LVS","NEON.DOC.001710vE","Leaves",0.41,"N",NA,"JQNbCmphkBC7cMsM/CUEZhabYz0czz6M"
"467dd938-760b-49f0-9afe-8d32d5221a04","SRER_053.basePlot.ltr","D14","SRER","SRER_053","SRER_053_519","2016-07-14","2016-06-06","2016-07-06","2016-07-11T21:40Z","2016-07-14T15:08Z","NEON.LTR.SRER053519.20160706","NEON.LTR.SRER053519.20160706.SDS","NEON.DOC.001710vE","Seeds",0.59,"N",NA,"JQNbCmphkBC7cMsM/CUEZhabYz0czz6M"
"2cc612f7-1a47-41b7-8085-eee0147204e8","SRER_053.basePlot.ltr","D14","SRER","SRER_053","SRER_053_519","2016-07-14","2016-06-06","2016-07-06","2016-07-11T21:40Z","2016-07-14T15:08Z","NEON.LTR.SRER053519.20160706","NEON.LTR.SRER053519.20160706.FLR","NEON.DOC.001710vE","Flowers",0.01,"Y",NA,"JQNbCmphkBC7cMsM/CUEZhabYz0czz6M"
"bc911d79-aa14-401b-a591-11fd727f4278","SRER_053.basePlot.ltr","D14","SRER","SRER_053","SRER_053_519","2016-07-14","2016-06-06","2016-07-06","2016-07-11T21:40Z","2016-07-14T15:08Z","NEON.LTR.SRER053519.20160706","NEON.LTR.SRER053519.20160706.NDL","NEON.DOC.001710vE","Needles",0,"N",NA,"JQNbCmphkBC7cMsM/CUEZhabYz0czz6M"
"e770104d-182d-49e8-b44c-8708067b725b","SRER_053.basePlot.ltr","D14","SRER","SRER_053","SRER_053_519","2016-07-14","2016-06-06","2016-07-06","2016-07-11T21:40Z","2016-07-14T15:08Z","NEON.LTR.SRER053519.20160706","NEON.LTR.SRER053519.20160706.OTH","NEON.DOC.001710vE","Other",0,"N",NA,"JQNbCmphkBC7cMsM/CUEZhabYz0czz6M"
"fe687320-0b4a-40f9-a44c-85484d049423","SRER_053.basePlot.ltr","D14","SRER","SRER_053","SRER_053_878","2016-07-14","2016-06-06","2016-07-06","2016-07-11T21:40Z","2016-07-14T15:08Z","NEON.LTR.SRER053878.20160706","NEON.LTR.SRER053878.20160706.WDY","NEON.DOC.001710vE","Woody material",0.07,"Y",NA,"JQNbCmphkBC7cMsM/CUEZhabYz0czz6M"
"5d0f7d64-34bb-4339-9846-629d3c89fb83","SRER_053.basePlot.ltr","D14","SRER","SRER_053","SRER_053_878","2016-07-14","2016-06-06","2016-07-06","2016-07-11T21:40Z","2016-07-14T15:08Z","NEON.LTR.SRER053878.20160706","NEON.LTR.SRER053878.20160706.TWI","NEON.DOC.001710vE","Twigs/branches",1.46,"N",NA,"JQNbCmphkBC7cMsM/CUEZhabYz0czz6M"
"3979235b-6f4a-4e24-81f4-d6c3c6b73965","SRER_053.basePlot.ltr","D14","SRER","SRER_053","SRER_053_878","2016-07-14","2016-06-06","2016-07-06","2016-07-11T21:40Z","2016-07-14T15:08Z","NEON.LTR.SRER053878.20160706","NEON.LTR.SRER053878.20160706.LVS","NEON.DOC.001710vE","Leaves",0.98,"N",NA,"JQNbCmphkBC7cMsM/CUEZhabYz0czz6M"
"594e28c3-b350-421e-9221-bd1ba9a7d553","SRER_053.basePlot.ltr","D14","SRER","SRER_053","SRER_053_878","2016-07-14","2016-06-06","2016-07-06","2016-07-11T21:40Z","2016-07-14T15:08Z","NEON.LTR.SRER053878.20160706","NEON.LTR.SRER053878.20160706.SDS","NEON.DOC.001710vE","Seeds",1.12,"N",NA,"JQNbCmphkBC7cMsM/CUEZhabYz0czz6M"
"c88c7283-207c-4a51-998e-f7ad4ca6b943","SRER_053.basePlot.ltr","D14","SRER","SRER_053","SRER_053_878","2016-07-14","2016-06-06","2016-07-06","2016-07-11T21:40Z","2016-07-14T15:08Z","NEON.LTR.SRER053878.20160706","NEON.LTR.SRER053878.20160706.FLR","NEON.DOC.001710vE","Flowers",0.25,"N",NA,"JQNbCmphkBC7cMsM/CUEZhabYz0czz6M"
"dc08481e-90a3-4908-b25c-5bfc43259a64","SRER_053.basePlot.ltr","D14","SRER","SRER_053","SRER_053_878","2016-07-14","2016-06-06","2016-07-06","2016-07-11T21:40Z","2016-07-14T15:08Z","NEON.LTR.SRER053878.20160706","NEON.LTR.SRER053878.20160706.NDL","NEON.DOC.001710vE","Needles",0,"N",NA,"JQNbCmphkBC7cMsM/CUEZhabYz0czz6M"
"2af52f97-b797-4f4d-94b9-86571565c919","SRER_053.basePlot.ltr","D14","SRER","SRER_053","SRER_053_878","2016-07-14","2016-06-06","2016-07-06","2016-07-11T21:40Z","2016-07-14T15:08Z","NEON.LTR.SRER053878.20160706","NEON.LTR.SRER053878.20160706.OTH","NEON.DOC.001710vE","Other",0,"N",NA,"JQNbCmphkBC7cMsM/CUEZhabYz0czz6M"
"538a0cfc-e576-46ff-b737-14af97ce3159","SRER_054.basePlot.ltr","D14","SRER","SRER_054","SRER_054_524","2016-07-14","2016-06-06","2016-07-06","2016-07-11T21:40Z","2016-07-14T15:08Z","NEON.LTR.SRER054524.20160706","NEON.LTR.SRER054524.20160706.TWI","NEON.DOC.001710vE","Twigs/branches",0.54,"N",NA,"JQNbCmphkBC7cMsM/CUEZhabYz0czz6M"
"52fb7e98-16ec-46d9-8f16-494ff70d1e87","SRER_054.basePlot.ltr","D14","SRER","SRER_054","SRER_054_524","2016-07-14","2016-06-06","2016-07-06","2016-07-11T21:40Z","2016-07-14T15:08Z","NEON.LTR.SRER054524.20160706","NEON.LTR.SRER054524.20160706.WDY","NEON.DOC.001710vE","Woody material",0.13,"N",NA,"JQNbCmphkBC7cMsM/CUEZhabYz0czz6M"
"c5768145-5488-481f-83df-1c7748ed78b1","SRER_054.basePlot.ltr","D14","SRER","SRER_054","SRER_054_524","2016-07-14","2016-06-06","2016-07-06","2016-07-11T21:40Z","2016-07-14T15:08Z","NEON.LTR.SRER054524.20160706","NEON.LTR.SRER054524.20160706.SDS","NEON.DOC.001710vE","Seeds",3.11,"N",NA,"JQNbCmphkBC7cMsM/CUEZhabYz0czz6M"
"4ba8350c-4f86-4f4a-84c7-da123f6e9665","SRER_054.basePlot.ltr","D14","SRER","SRER_054","SRER_054_524","2016-07-14","2016-06-06","2016-07-06","2016-07-11T21:40Z","2016-07-14T15:08Z","NEON.LTR.SRER054524.20160706","NEON.LTR.SRER054524.20160706.FLR","NEON.DOC.001710vE","Flowers",0.16,"N",NA,"JQNbCmphkBC7cMsM/CUEZhabYz0czz6M"
"7c2e278d-4b08-461b-b3b8-dcf9dc789c47","SRER_054.basePlot.ltr","D14","SRER","SRER_054","SRER_054_524","2016-07-14","2016-06-06","2016-07-06","2016-07-11T21:40Z","2016-07-14T15:08Z","NEON.LTR.SRER054524.20160706","NEON.LTR.SRER054524.20160706.LVS","NEON.DOC.001710vE","Leaves",1.33,"N",NA,"JQNbCmphkBC7cMsM/CUEZhabYz0czz6M"
"b0e8c0c6-12cd-4d07-b777-33afcb7e2727","SRER_054.basePlot.ltr","D14","SRER","SRER_054","SRER_054_524","2016-07-14","2016-06-06","2016-07-06","2016-07-11T21:40Z","2016-07-14T15:08Z","NEON.LTR.SRER054524.20160706","NEON.LTR.SRER054524.20160706.NDL","NEON.DOC.001710vE","Needles",0,"N",NA,"JQNbCmphkBC7cMsM/CUEZhabYz0czz6M"
"30a43e52-545c-45da-9e99-466cfa54d378","SRER_054.basePlot.ltr","D14","SRER","SRER_054","SRER_054_524","2016-07-14","2016-06-06","2016-07-06","2016-07-11T21:40Z","2016-07-14T15:08Z","NEON.LTR.SRER054524.20160706","NEON.LTR.SRER054524.20160706.OTH","NEON.DOC.001710vE","Other",0,"N",NA,"JQNbCmphkBC7cMsM/CUEZhabYz0czz6M"
"b0e2038e-5543-453c-b524-981e7aa67598","SRER_054.basePlot.ltr","D14","SRER","SRER_054","SRER_054_859","2016-07-14","2016-06-06","2016-07-06","2016-07-11T21:40Z","2016-07-14T15:08Z","NEON.LTR.SRER054859.20160706","NEON.LTR.SRER054859.20160706.TWI","NEON.DOC.001710vE","Twigs/branches",1.02,"N",NA,"JQNbCmphkBC7cMsM/CUEZhabYz0czz6M"
"635ed5a4-350e-4a95-acf6-3e8054b96c73","SRER_054.basePlot.ltr","D14","SRER","SRER_054","SRER_054_859","2016-07-14","2016-06-06","2016-07-06","2016-07-11T21:40Z","2016-07-14T15:08Z","NEON.LTR.SRER054859.20160706","NEON.LTR.SRER054859.20160706.WDY","NEON.DOC.001710vE","Woody material",0.16,"N",NA,"JQNbCmphkBC7cMsM/CUEZhabYz0czz6M"
"7ddbc413-3a2b-448f-945b-6c7642ed98e3","SRER_054.basePlot.ltr","D14","SRER","SRER_054","SRER_054_859","2016-07-14","2016-06-06","2016-07-06","2016-07-11T21:40Z","2016-07-14T15:08Z","NEON.LTR.SRER054859.20160706","NEON.LTR.SRER054859.20160706.SDS","NEON.DOC.001710vE","Seeds",3.38,"N",NA,"JQNbCmphkBC7cMsM/CUEZhabYz0czz6M"
"5c76fdfb-9130-437b-91cb-398c4ffa84f0","SRER_054.basePlot.ltr","D14","SRER","SRER_054","SRER_054_859","2016-07-14","2016-06-06","2016-07-06","2016-07-11T21:40Z","2016-07-14T15:08Z","NEON.LTR.SRER054859.20160706","NEON.LTR.SRER054859.20160706.FLR","NEON.DOC.001710vE","Flowers",0.54,"Y",NA,"JQNbCmphkBC7cMsM/CUEZhabYz0czz6M"
"a0533090-4b02-4b7c-9136-5f2dbb196f6e","SRER_054.basePlot.ltr","D14","SRER","SRER_054","SRER_054_859","2016-07-14","2016-06-06","2016-07-06","2016-07-11T21:40Z","2016-07-14T15:08Z","NEON.LTR.SRER054859.20160706","NEON.LTR.SRER054859.20160706.LVS","NEON.DOC.001710vE","Leaves",1.37,"N",NA,"JQNbCmphkBC7cMsM/CUEZhabYz0czz6M"
"1b5eb1d8-f377-44aa-8a58-7af88e262572","SRER_054.basePlot.ltr","D14","SRER","SRER_054","SRER_054_859","2016-07-14","2016-06-06","2016-07-06","2016-07-11T21:40Z","2016-07-14T15:08Z","NEON.LTR.SRER054859.20160706","NEON.LTR.SRER054859.20160706.NDL","NEON.DOC.001710vE","Needles",0,"N",NA,"JQNbCmphkBC7cMsM/CUEZhabYz0czz6M"
"21c23182-c00b-434b-9736-75e26b8f8b7e","SRER_054.basePlot.ltr","D14","SRER","SRER_054","SRER_054_859","2016-07-14","2016-06-06","2016-07-06","2016-07-11T21:40Z","2016-07-14T15:08Z","NEON.LTR.SRER054859.20160706","NEON.LTR.SRER054859.20160706.OTH","NEON.DOC.001710vE","Other",0,"N",NA,"JQNbCmphkBC7cMsM/CUEZhabYz0czz6M"
"4e737b82-3832-46f7-9061-2d034cc40ec9","SRER_055.basePlot.ltr","D14","SRER","SRER_055","SRER_055_675","2016-07-14","2016-06-06","2016-07-06","2016-07-11T21:40Z","2016-07-14T15:08Z","NEON.LTR.SRER055675.20160706","NEON.LTR.SRER055675.20160706.TWI","NEON.DOC.001710vE","Twigs/branches",1.74,"N",NA,"JQNbCmphkBC7cMsM/CUEZhabYz0czz6M"
"b61c0b3f-bb3c-43a8-9ab8-27f904e80b93","SRER_055.basePlot.ltr","D14","SRER","SRER_055","SRER_055_675","2016-07-14","2016-06-06","2016-07-06","2016-07-11T21:40Z","2016-07-14T15:08Z","NEON.LTR.SRER055675.20160706","NEON.LTR.SRER055675.20160706.WDY","NEON.DOC.001710vE","Woody material",0.47,"N",NA,"JQNbCmphkBC7cMsM/CUEZhabYz0czz6M"
"a099e019-a238-4389-8e5f-193259adf3b4","SRER_048.basePlot.ltr","D14","SRER","SRER_048","SRER_048_308","2016-07-14","2016-06-06","2016-07-06","2016-07-11T21:40Z","2016-07-14T15:08Z","NEON.LTR.SRER048308.20160706","NEON.LTR.SRER048308.20160706.LVS","NEON.DOC.001710vE","Leaves",1.59,"N",NA,"JQNbCmphkBC7cMsM/CUEZhabYz0czz6M"
"f420486e-4d0d-4004-916f-e5861fa9af33","SRER_048.basePlot.ltr","D14","SRER","SRER_048","SRER_048_308","2016-07-14","2016-06-06","2016-07-06","2016-07-11T21:40Z","2016-07-14T15:08Z","NEON.LTR.SRER048308.20160706","NEON.LTR.SRER048308.20160706.NDL","NEON.DOC.001710vE","Needles",0,"N",NA,"JQNbCmphkBC7cMsM/CUEZhabYz0czz6M"
"20133b2a-cc6f-488a-8ea4-27152892a329","SRER_048.basePlot.ltr","D14","SRER","SRER_048","SRER_048_308","2016-07-14","2016-06-06","2016-07-06","2016-07-11T21:40Z","2016-07-14T15:08Z","NEON.LTR.SRER048308.20160706","NEON.LTR.SRER048308.20160706.OTH","NEON.DOC.001710vE","Other",0,"N",NA,"JQNbCmphkBC7cMsM/CUEZhabYz0czz6M"
"f6c2e02b-a3d5-4a4b-a045-679288df8e62","SRER_048.basePlot.ltr","D14","SRER","SRER_048","SRER_048_308","2016-07-14","2016-06-06","2016-07-06","2016-07-11T21:40Z","2016-07-14T15:08Z","NEON.LTR.SRER048308.20160706","NEON.LTR.SRER048308.20160706.WDY","NEON.DOC.001710vE","Woody material",0,"N",NA,"JQNbCmphkBC7cMsM/CUEZhabYz0czz6M"
"60a4cfcc-b431-4fa6-909b-f64964a176f6","SRER_048.basePlot.ltr","D14","SRER","SRER_048","SRER_048_815","2016-07-14","2016-06-06","2016-07-06","2016-07-11T21:40Z","2016-07-14T15:08Z","NEON.LTR.SRER048815.20160706","NEON.LTR.SRER048815.20160706.WDY","NEON.DOC.001710vE","Woody material",0.04,"N",NA,"JQNbCmphkBC7cMsM/CUEZhabYz0czz6M"
"b924fddb-a0f6-447f-8762-8db1d084e65c","SRER_048.basePlot.ltr","D14","SRER","SRER_048","SRER_048_815","2016-07-14","2016-06-06","2016-07-06","2016-07-11T21:40Z","2016-07-14T15:08Z","NEON.LTR.SRER048815.20160706","NEON.LTR.SRER048815.20160706.TWI","NEON.DOC.001710vE","Twigs/branches",0.45,"N",NA,"JQNbCmphkBC7cMsM/CUEZhabYz0czz6M"
"915f0daf-b7f8-4fa3-b105-562f18638d39","SRER_048.basePlot.ltr","D14","SRER","SRER_048","SRER_048_815","2016-07-14","2016-06-06","2016-07-06","2016-07-11T21:40Z","2016-07-14T15:08Z","NEON.LTR.SRER048815.20160706","NEON.LTR.SRER048815.20160706.FLR","NEON.DOC.001710vE","Flowers",0.09,"N",NA,"JQNbCmphkBC7cMsM/CUEZhabYz0czz6M"
"53c3aba1-2a24-485b-9ed6-97544df9e6ed","SRER_048.basePlot.ltr","D14","SRER","SRER_048","SRER_048_815","2016-07-14","2016-06-06","2016-07-06","2016-07-11T21:40Z","2016-07-14T15:08Z","NEON.LTR.SRER048815.20160706","NEON.LTR.SRER048815.20160706.LVS","NEON.DOC.001710vE","Leaves",0.68,"Y",NA,"JQNbCmphkBC7cMsM/CUEZhabYz0czz6M"
"9e3581cc-df23-4d05-bd51-54f1d6055bd2","SRER_048.basePlot.ltr","D14","SRER","SRER_048","SRER_048_815","2016-07-14","2016-06-06","2016-07-06","2016-07-11T21:40Z","2016-07-14T15:08Z","NEON.LTR.SRER048815.20160706","NEON.LTR.SRER048815.20160706.SDS","NEON.DOC.001710vE","Seeds",0.08,"N",NA,"JQNbCmphkBC7cMsM/CUEZhabYz0czz6M"
"9fc8cb34-605f-415c-9a00-6246c9da67ec","SRER_048.basePlot.ltr","D14","SRER","SRER_048","SRER_048_815","2016-07-14","2016-06-06","2016-07-06","2016-07-11T21:40Z","2016-07-14T15:08Z","NEON.LTR.SRER048815.20160706","NEON.LTR.SRER048815.20160706.OTH","NEON.DOC.001710vE","Other",1.07,"N",NA,"JQNbCmphkBC7cMsM/CUEZhabYz0czz6M"
"56cf7981-0b76-42b9-ad8f-bf5e81392e61","SRER_048.basePlot.ltr","D14","SRER","SRER_048","SRER_048_815","2016-07-14","2016-06-06","2016-07-06","2016-07-11T21:40Z","2016-07-14T15:08Z","NEON.LTR.SRER048815.20160706","NEON.LTR.SRER048815.20160706.NDL","NEON.DOC.001710vE","Needles",0,"N",NA,"JQNbCmphkBC7cMsM/CUEZhabYz0czz6M"
"d476f4fa-d3af-4659-8139-bde7551e7b7b","SRER_049.basePlot.ltr","D14","SRER","SRER_049","SRER_049_050","2016-07-14","2016-06-06","2016-07-06","2016-07-11T21:40Z","2016-07-14T15:08Z","NEON.LTR.SRER049050.20160706","NEON.LTR.SRER049050.20160706.TWI","NEON.DOC.001710vE","Twigs/branches",1.01,"N",NA,"JQNbCmphkBC7cMsM/CUEZhabYz0czz6M"
"310b0efb-628f-42fd-94f5-5c4d6925d085","SRER_049.basePlot.ltr","D14","SRER","SRER_049","SRER_049_050","2016-07-14","2016-06-06","2016-07-06","2016-07-11T21:40Z","2016-07-14T15:08Z","NEON.LTR.SRER049050.20160706","NEON.LTR.SRER049050.20160706.WDY","NEON.DOC.001710vE","Woody material",0.16,"N",NA,"JQNbCmphkBC7cMsM/CUEZhabYz0czz6M"
"703e516f-5534-409c-96be-e1e26ea6906a","SRER_049.basePlot.ltr","D14","SRER","SRER_049","SRER_049_050","2016-07-14","2016-06-06","2016-07-06","2016-07-11T21:40Z","2016-07-14T15:08Z","NEON.LTR.SRER049050.20160706","NEON.LTR.SRER049050.20160706.FLR","NEON.DOC.001710vE","Flowers",0.29,"N",NA,"JQNbCmphkBC7cMsM/CUEZhabYz0czz6M"
"a0c9d88a-7b91-4d11-b1d5-90da5e4ca88e","SRER_049.basePlot.ltr","D14","SRER","SRER_049","SRER_049_050","2016-07-14","2016-06-06","2016-07-06","2016-07-11T21:40Z","2016-07-14T15:08Z","NEON.LTR.SRER049050.20160706","NEON.LTR.SRER049050.20160706.SDS","NEON.DOC.001710vE","Seeds",2.93,"N",NA,"JQNbCmphkBC7cMsM/CUEZhabYz0czz6M"
"200b7fb5-9841-4a62-9e9e-87c77ec45eaf","SRER_049.basePlot.ltr","D14","SRER","SRER_049","SRER_049_050","2016-07-14","2016-06-06","2016-07-06","2016-07-11T21:40Z","2016-07-14T15:08Z","NEON.LTR.SRER049050.20160706","NEON.LTR.SRER049050.20160706.LVS","NEON.DOC.001710vE","Leaves",2.59,"N",NA,"JQNbCmphkBC7cMsM/CUEZhabYz0czz6M"
"d7ed802e-44f0-496f-b6ce-630059ae441d","SRER_049.basePlot.ltr","D14","SRER","SRER_049","SRER_049_050","2016-07-14","2016-06-06","2016-07-06","2016-07-11T21:40Z","2016-07-14T15:08Z","NEON.LTR.SRER049050.20160706","NEON.LTR.SRER049050.20160706.NDL","NEON.DOC.001710vE","Needles",0,"N",NA,"JQNbCmphkBC7cMsM/CUEZhabYz0czz6M"
"a91dbecd-a0da-499c-9bd1-41f2d3b0d360","SRER_049.basePlot.ltr","D14","SRER","SRER_049","SRER_049_050","2016-07-14","2016-06-06","2016-07-06","2016-07-11T21:40Z","2016-07-14T15:08Z","NEON.LTR.SRER049050.20160706","NEON.LTR.SRER049050.20160706.OTH","NEON.DOC.001710vE","Other",0,"N",NA,"JQNbCmphkBC7cMsM/CUEZhabYz0czz6M"
"2838a613-5c8a-46bf-98e5-27eb4dbe1a68","SRER_049.basePlot.ltr","D14","SRER","SRER_049","SRER_049_579","2016-07-14","2016-06-06","2016-07-06","2016-07-11T21:40Z","2016-07-14T15:08Z","NEON.LTR.SRER049579.20160706","NEON.LTR.SRER049579.20160706.FLR","NEON.DOC.001710vE","Flowers",0.04,"N",NA,"JQNbCmphkBC7cMsM/CUEZhabYz0czz6M"
"f7085e96-dde3-4073-a750-4ce38c2fe87e","SRER_049.basePlot.ltr","D14","SRER","SRER_049","SRER_049_579","2016-07-14","2016-06-06","2016-07-06","2016-07-11T21:40Z","2016-07-14T15:08Z","NEON.LTR.SRER049579.20160706","NEON.LTR.SRER049579.20160706.LVS","NEON.DOC.001710vE","Leaves",1.1,"N",NA,"JQNbCmphkBC7cMsM/CUEZhabYz0czz6M"
"18d5a9d0-8beb-4cc7-a716-c2c5e798e13d","SRER_049.basePlot.ltr","D14","SRER","SRER_049","SRER_049_579","2016-07-14","2016-06-06","2016-07-06","2016-07-11T21:40Z","2016-07-14T15:08Z","NEON.LTR.SRER049579.20160706","NEON.LTR.SRER049579.20160706.TWI","NEON.DOC.001710vE","Twigs/branches",1.27,"N",NA,"JQNbCmphkBC7cMsM/CUEZhabYz0czz6M"
"0949ac85-5325-46f2-b6a6-6f65a59a8e75","SRER_049.basePlot.ltr","D14","SRER","SRER_049","SRER_049_579","2016-07-14","2016-06-06","2016-07-06","2016-07-11T21:40Z","2016-07-14T15:08Z","NEON.LTR.SRER049579.20160706","NEON.LTR.SRER049579.20160706.WDY","NEON.DOC.001710vE","Woody material",0.005,"N",NA,"JQNbCmphkBC7cMsM/CUEZhabYz0czz6M"
"3e9b1977-291a-4627-829e-7b046d1446c7","SRER_049.basePlot.ltr","D14","SRER","SRER_049","SRER_049_579","2016-07-14","2016-06-06","2016-07-06","2016-07-11T21:40Z","2016-07-14T15:08Z","NEON.LTR.SRER049579.20160706","NEON.LTR.SRER049579.20160706.SDS","NEON.DOC.001710vE","Seeds",1.05,"N",NA,"JQNbCmphkBC7cMsM/CUEZhabYz0czz6M"
"a4a22319-d893-4421-9430-55395b5a067d","SRER_049.basePlot.ltr","D14","SRER","SRER_049","SRER_049_579","2016-07-14","2016-06-06","2016-07-06","2016-07-11T21:40Z","2016-07-14T15:08Z","NEON.LTR.SRER049579.20160706","NEON.LTR.SRER049579.20160706.NDL","NEON.DOC.001710vE","Needles",0,"N",NA,"JQNbCmphkBC7cMsM/CUEZhabYz0czz6M"
"1e0140e6-34fb-4402-83a3-58e0e5254c25","SRER_049.basePlot.ltr","D14","SRER","SRER_049","SRER_049_579","2016-07-14","2016-06-06","2016-07-06","2016-07-11T21:40Z","2016-07-14T15:08Z","NEON.LTR.SRER049579.20160706","NEON.LTR.SRER049579.20160706.OTH","NEON.DOC.001710vE","Other",0,"N",NA,"JQNbCmphkBC7cMsM/CUEZhabYz0czz6M"
"07d5a38b-5093-4021-894e-8314cc0084b8","SRER_050.basePlot.ltr","D14","SRER","SRER_050","SRER_050_716","2016-07-14","2016-06-06","2016-07-06","2016-07-11T21:40Z","2016-07-14T15:08Z","NEON.LTR.SRER050716.20160706","NEON.LTR.SRER050716.20160706.TWI","NEON.DOC.001710vE","Twigs/branches",2.46,"N",NA,"JQNbCmphkBC7cMsM/CUEZhabYz0czz6M"
"aee37719-0284-4e62-b228-e5ee76969495","SRER_050.basePlot.ltr","D14","SRER","SRER_050","SRER_050_716","2016-07-14","2016-06-06","2016-07-06","2016-07-11T21:40Z","2016-07-14T15:08Z","NEON.LTR.SRER050716.20160706","NEON.LTR.SRER050716.20160706.WDY","NEON.DOC.001710vE","Woody material",1.41,"N",NA,"JQNbCmphkBC7cMsM/CUEZhabYz0czz6M"
"0a22482b-d8f4-4f96-aab3-91eb73569da8","SRER_050.basePlot.ltr","D14","SRER","SRER_050","SRER_050_716","2016-07-14","2016-06-06","2016-07-06","2016-07-11T21:40Z","2016-07-14T15:08Z","NEON.LTR.SRER050716.20160706","NEON.LTR.SRER050716.20160706.LVS","NEON.DOC.001710vE","Leaves",2.92,"N",NA,"JQNbCmphkBC7cMsM/CUEZhabYz0czz6M"
"4c6bc9bf-76c5-4977-ae60-f9b6c35dfaf5","SRER_050.basePlot.ltr","D14","SRER","SRER_050","SRER_050_716","2016-07-14","2016-06-06","2016-07-06","2016-07-11T21:40Z","2016-07-14T15:08Z","NEON.LTR.SRER050716.20160706","NEON.LTR.SRER050716.20160706.SDS","NEON.DOC.001710vE","Seeds",0.12,"N",NA,"JQNbCmphkBC7cMsM/CUEZhabYz0czz6M"
"bbb2f75d-d9bf-4466-97c7-5d899baa2d55","SRER_050.basePlot.ltr","D14","SRER","SRER_050","SRER_050_716","2016-07-14","2016-06-06","2016-07-06","2016-07-11T21:40Z","2016-07-14T15:08Z","NEON.LTR.SRER050716.20160706","NEON.LTR.SRER050716.20160706.NDL","NEON.DOC.001710vE","Needles",0,"N",NA,"JQNbCmphkBC7cMsM/CUEZhabYz0czz6M"
"9d381a9b-4932-4ba9-931e-33dcb1270d3b","SRER_050.basePlot.ltr","D14","SRER","SRER_050","SRER_050_716","2016-07-14","2016-06-06","2016-07-06","2016-07-11T21:40Z","2016-07-14T15:08Z","NEON.LTR.SRER050716.20160706","NEON.LTR.SRER050716.20160706.FLR","NEON.DOC.001710vE","Flowers",0,"N",NA,"JQNbCmphkBC7cMsM/CUEZhabYz0czz6M"
"aafb9268-93b1-4df5-bc53-e83562e9ae5b","SRER_050.basePlot.ltr","D14","SRER","SRER_050","SRER_050_716","2016-07-14","2016-06-06","2016-07-06","2016-07-11T21:40Z","2016-07-14T15:08Z","NEON.LTR.SRER050716.20160706","NEON.LTR.SRER050716.20160706.OTH","NEON.DOC.001710vE","Other",0,"N",NA,"JQNbCmphkBC7cMsM/CUEZhabYz0czz6M"
"df9d5452-e90b-4842-b55e-01f2520ef40c","SRER_050.basePlot.ltr","D14","SRER","SRER_050","SRER_050_962","2016-07-14","2016-06-06","2016-07-06","2016-07-11T21:40Z","2016-07-14T15:08Z","NEON.LTR.SRER050962.20160706","NEON.LTR.SRER050962.20160706.TWI","NEON.DOC.001710vE","Twigs/branches",0.93,"N",NA,"JQNbCmphkBC7cMsM/CUEZhabYz0czz6M"
"5c19a134-7360-436e-87ce-43be8f499246","SRER_050.basePlot.ltr","D14","SRER","SRER_050","SRER_050_962","2016-07-14","2016-06-06","2016-07-06","2016-07-11T21:40Z","2016-07-14T15:08Z","NEON.LTR.SRER050962.20160706","NEON.LTR.SRER050962.20160706.LVS","NEON.DOC.001710vE","Leaves",7.29,"N",NA,"JQNbCmphkBC7cMsM/CUEZhabYz0czz6M"
"da78f8a5-f289-43ff-8d60-961587dbd28e","SRER_050.basePlot.ltr","D14","SRER","SRER_050","SRER_050_962","2016-07-14","2016-06-06","2016-07-06","2016-07-11T21:40Z","2016-07-14T15:08Z","NEON.LTR.SRER050962.20160706","NEON.LTR.SRER050962.20160706.SDS","NEON.DOC.001710vE","Seeds",0.76,"Y",NA,"JQNbCmphkBC7cMsM/CUEZhabYz0czz6M"
"516ca350-365f-4cf0-a220-95b4de170017","SRER_050.basePlot.ltr","D14","SRER","SRER_050","SRER_050_962","2016-07-14","2016-06-06","2016-07-06","2016-07-11T21:40Z","2016-07-14T15:08Z","NEON.LTR.SRER050962.20160706","NEON.LTR.SRER050962.20160706.FLR","NEON.DOC.001710vE","Flowers",0.06,"N",NA,"JQNbCmphkBC7cMsM/CUEZhabYz0czz6M"
"ed403227-9b80-4c99-8e7e-e98e3ce1e5c9","SRER_050.basePlot.ltr","D14","SRER","SRER_050","SRER_050_962","2016-07-14","2016-06-06","2016-07-06","2016-07-11T21:40Z","2016-07-14T15:08Z","NEON.LTR.SRER050962.20160706","NEON.LTR.SRER050962.20160706.NDL","NEON.DOC.001710vE","Needles",0,"N",NA,"JQNbCmphkBC7cMsM/CUEZhabYz0czz6M"
"e42d20bd-1f22-4c0f-a46c-8eb52b842835","SRER_050.basePlot.ltr","D14","SRER","SRER_050","SRER_050_962","2016-07-14","2016-06-06","2016-07-06","2016-07-11T21:40Z","2016-07-14T15:08Z","NEON.LTR.SRER050962.20160706","NEON.LTR.SRER050962.20160706.OTH","NEON.DOC.001710vE","Other",0,"N",NA,"JQNbCmphkBC7cMsM/CUEZhabYz0czz6M"
"a950cc8f-d31b-43a5-9d15-9e3c3725ba8c","SRER_050.basePlot.ltr","D14","SRER","SRER_050","SRER_050_962","2016-07-14","2016-06-06","2016-07-06","2016-07-11T21:40Z","2016-07-14T15:08Z","NEON.LTR.SRER050962.20160706","NEON.LTR.SRER050962.20160706.WDY","NEON.DOC.001710vE","Woody material",0,"N",NA,"JQNbCmphkBC7cMsM/CUEZhabYz0czz6M"
"6516d5a5-6ade-4121-bb2a-d7f10d69769d","SRER_051.basePlot.ltr","D14","SRER","SRER_051","SRER_051_371","2016-07-14","2016-06-06","2016-07-06","2016-07-11T21:40Z","2016-07-14T15:08Z","NEON.LTR.SRER051371.20160706","NEON.LTR.SRER051371.20160706.WDY","NEON.DOC.001710vE","Woody material",0.03,"N",NA,"JQNbCmphkBC7cMsM/CUEZhabYz0czz6M"
"b167deb1-d4e3-4958-be1f-86558cfd361c","SRER_051.basePlot.ltr","D14","SRER","SRER_051","SRER_051_371","2016-07-14","2016-06-06","2016-07-06","2016-07-11T21:40Z","2016-07-14T15:08Z","NEON.LTR.SRER051371.20160706","NEON.LTR.SRER051371.20160706.TWI","NEON.DOC.001710vE","Twigs/branches",0.15,"N",NA,"JQNbCmphkBC7cMsM/CUEZhabYz0czz6M"
"24b20bfc-7dbf-42d9-9540-c8da359fcf0a","SRER_051.basePlot.ltr","D14","SRER","SRER_051","SRER_051_371","2016-07-14","2016-06-06","2016-07-06","2016-07-11T21:40Z","2016-07-14T15:08Z","NEON.LTR.SRER051371.20160706","NEON.LTR.SRER051371.20160706.SDS","NEON.DOC.001710vE","Seeds",0.37,"N",NA,"JQNbCmphkBC7cMsM/CUEZhabYz0czz6M"
"81fdef7e-4df2-481f-8eb2-ae55d8e4ad25","SRER_051.basePlot.ltr","D14","SRER","SRER_051","SRER_051_371","2016-07-14","2016-06-06","2016-07-06","2016-07-11T21:40Z","2016-07-14T15:08Z","NEON.LTR.SRER051371.20160706","NEON.LTR.SRER051371.20160706.LVS","NEON.DOC.001710vE","Leaves",1.76,"N",NA,"JQNbCmphkBC7cMsM/CUEZhabYz0czz6M"
"702f50da-d7b6-4fe1-b871-c3802e26fde9","SRER_051.basePlot.ltr","D14","SRER","SRER_051","SRER_051_371","2016-07-14","2016-06-06","2016-07-06","2016-07-11T21:40Z","2016-07-14T15:08Z","NEON.LTR.SRER051371.20160706","NEON.LTR.SRER051371.20160706.NDL","NEON.DOC.001710vE","Needles",0,"N",NA,"JQNbCmphkBC7cMsM/CUEZhabYz0czz6M"
"d94f60cf-ac05-40d3-a193-1bcdefdb3df6","SRER_051.basePlot.ltr","D14","SRER","SRER_051","SRER_051_371","2016-07-14","2016-06-06","2016-07-06","2016-07-11T21:40Z","2016-07-14T15:08Z","NEON.LTR.SRER051371.20160706","NEON.LTR.SRER051371.20160706.FLR","NEON.DOC.001710vE","Flowers",0,"N",NA,"JQNbCmphkBC7cMsM/CUEZhabYz0czz6M"
"3cf75ea3-8c8c-47a2-b3e1-a53773fbf470","SRER_051.basePlot.ltr","D14","SRER","SRER_051","SRER_051_371","2016-07-14","2016-06-06","2016-07-06","2016-07-11T21:40Z","2016-07-14T15:08Z","NEON.LTR.SRER051371.20160706","NEON.LTR.SRER051371.20160706.OTH","NEON.DOC.001710vE","Other",0,"N",NA,"JQNbCmphkBC7cMsM/CUEZhabYz0czz6M"
"3042714f-0ea3-40a3-8d14-991fd208fd02","SRER_048.basePlot.ltr","D14","SRER","SRER_048","SRER_048_308","2016-07-14","2016-06-06","2016-07-06","2016-07-11T21:40Z","2016-07-14T15:08Z","NEON.LTR.SRER048308.20160706","NEON.LTR.SRER048308.20160706.SDS","NEON.DOC.001710vE","Seeds",0.16,"N",NA,"JQNbCmphkBC7cMsM/CUEZhabYz0czz6M"
"79fab41f-6304-40a9-a2c1-d0c1163eb73a","SRER_051.basePlot.ltr","D14","SRER","SRER_051","SRER_051_842","2016-07-14","2016-06-06","2016-07-06","2016-07-11T21:40Z","2016-07-14T15:08Z","NEON.LTR.SRER051842.20160706","NEON.LTR.SRER051842.20160706.WDY","NEON.DOC.001710vE","Woody material",0.02,"N",NA,"JQNbCmphkBC7cMsM/CUEZhabYz0czz6M"
"a4c3b43a-5961-4485-b6b5-84c1e56a30e2","SRER_048.basePlot.ltr","D14","SRER","SRER_048","SRER_048_308","2016-07-14","2016-06-06","2016-07-06","2016-07-11T21:40Z","2016-07-14T15:08Z","NEON.LTR.SRER048308.20160706","NEON.LTR.SRER048308.20160706.TWI","NEON.DOC.001710vE","Twigs/branches",0.13,"N",NA,"JQNbCmphkBC7cMsM/CUEZhabYz0czz6M"
"ffed809d-ed38-4394-bb43-63889a9413ca","SRER_048.basePlot.ltr","D14","SRER","SRER_048","SRER_048_308","2016-07-14","2016-06-06","2016-07-06","2016-07-11T21:40Z","2016-07-14T15:08Z","NEON.LTR.SRER048308.20160706","NEON.LTR.SRER048308.20160706.FLR","NEON.DOC.001710vE","Flowers",0.03,"N",NA,"JQNbCmphkBC7cMsM/CUEZhabYz0czz6M"
"9b97aa05-0a27-4120-adeb-23a54ab1aec4","SRER_047.basePlot.ltr","D14","SRER","SRER_047","SRER_047_826","2016-07-14","2016-06-06","2016-07-06","2016-07-11T21:40Z","2016-07-14T15:08Z","NEON.LTR.SRER047826.20160706","NEON.LTR.SRER047826.20160706.NDL","NEON.DOC.001710vE","Needles",0,"N",NA,"JQNbCmphkBC7cMsM/CUEZhabYz0czz6M"
"a23ca8dd-5622-4965-a8d5-b12a35657b8f","SRER_047.basePlot.ltr","D14","SRER","SRER_047","SRER_047_826","2016-07-14","2016-06-06","2016-07-06","2016-07-11T21:40Z","2016-07-14T15:08Z","NEON.LTR.SRER047826.20160706","NEON.LTR.SRER047826.20160706.SDS","NEON.DOC.001710vE","Seeds",0.22,"N",NA,"JQNbCmphkBC7cMsM/CUEZhabYz0czz6M"
"f53e6f5f-e14c-4c48-b7ed-2c78c77acb07","SRER_047.basePlot.ltr","D14","SRER","SRER_047","SRER_047_826","2016-07-14","2016-06-06","2016-07-06","2016-07-11T21:40Z","2016-07-14T15:08Z","NEON.LTR.SRER047826.20160706","NEON.LTR.SRER047826.20160706.OTH","NEON.DOC.001710vE","Other",0,"N",NA,"JQNbCmphkBC7cMsM/CUEZhabYz0czz6M"
"decf1b28-6a48-4648-bf4a-324280ba5d19","SRER_047.basePlot.ltr","D14","SRER","SRER_047","SRER_047_826","2016-07-14","2016-06-06","2016-07-06","2016-07-11T21:40Z","2016-07-14T15:08Z","NEON.LTR.SRER047826.20160706","NEON.LTR.SRER047826.20160706.TWI","NEON.DOC.001710vE","Twigs/branches",0.25,"N",NA,"JQNbCmphkBC7cMsM/CUEZhabYz0czz6M"
"88dd4917-71c5-4ac1-813b-68c502c28001","SRER_047.basePlot.ltr","D14","SRER","SRER_047","SRER_047_826","2016-07-14","2016-06-06","2016-07-06","2016-07-11T21:40Z","2016-07-14T15:08Z","NEON.LTR.SRER047826.20160706","NEON.LTR.SRER047826.20160706.FLR","NEON.DOC.001710vE","Flowers",0.01,"N",NA,"JQNbCmphkBC7cMsM/CUEZhabYz0czz6M"
"9aa4f65f-9395-4c7a-b1e0-60b62c57e192","SRER_047.basePlot.ltr","D14","SRER","SRER_047","SRER_047_826","2016-07-14","2016-06-06","2016-07-06","2016-07-11T21:40Z","2016-07-14T15:08Z","NEON.LTR.SRER047826.20160706","NEON.LTR.SRER047826.20160706.LVS","NEON.DOC.001710vE","Leaves",0.32,"N",NA,"JQNbCmphkBC7cMsM/CUEZhabYz0czz6M"
"79be0f3f-fa6c-455c-a26d-fe0cddb50dc6","SRER_047.basePlot.ltr","D14","SRER","SRER_047","SRER_047_568","2016-07-14","2016-06-06","2016-07-06","2016-07-11T21:40Z","2016-07-14T15:08Z","NEON.LTR.SRER047568.20160706","NEON.LTR.SRER047568.20160706.FLR","NEON.DOC.001710vE","Flowers",0,"N",NA,"JQNbCmphkBC7cMsM/CUEZhabYz0czz6M"
"9969b58f-f3fe-496f-87b5-b311be7ed3bc","SRER_047.basePlot.ltr","D14","SRER","SRER_047","SRER_047_568","2016-07-14","2016-06-06","2016-07-06","2016-07-11T21:40Z","2016-07-14T15:08Z","NEON.LTR.SRER047568.20160706","NEON.LTR.SRER047568.20160706.OTH","NEON.DOC.001710vE","Other",0,"N",NA,"JQNbCmphkBC7cMsM/CUEZhabYz0czz6M"
"10f712d7-746a-45bc-9c55-1fa7fd3b57aa","SRER_047.basePlot.ltr","D14","SRER","SRER_047","SRER_047_826","2016-07-14","2016-06-06","2016-07-06","2016-07-11T21:40Z","2016-07-14T15:08Z","NEON.LTR.SRER047826.20160706","NEON.LTR.SRER047826.20160706.WDY","NEON.DOC.001710vE","Woody material",0.005,"N",NA,"JQNbCmphkBC7cMsM/CUEZhabYz0czz6M"
"aa3713f7-2317-4840-8e13-888f4f54d687","SRER_047.basePlot.ltr","D14","SRER","SRER_047","SRER_047_568","2016-07-14","2016-06-06","2016-07-06","2016-07-11T21:40Z","2016-07-14T15:08Z","NEON.LTR.SRER047568.20160706","NEON.LTR.SRER047568.20160706.LVS","NEON.DOC.001710vE","Leaves",0.27,"N",NA,"JQNbCmphkBC7cMsM/CUEZhabYz0czz6M"
"dbb2b5ca-a541-4ca7-8c54-18e771b0d524","SRER_047.basePlot.ltr","D14","SRER","SRER_047","SRER_047_568","2016-07-14","2016-06-06","2016-07-06","2016-07-11T21:40Z","2016-07-14T15:08Z","NEON.LTR.SRER047568.20160706","NEON.LTR.SRER047568.20160706.NDL","NEON.DOC.001710vE","Needles",0,"N",NA,"JQNbCmphkBC7cMsM/CUEZhabYz0czz6M"
"00883373-bb59-4807-accb-312e5cc5dbab","SRER_047.basePlot.ltr","D14","SRER","SRER_047","SRER_047_568","2016-07-14","2016-06-06","2016-07-06","2016-07-11T21:40Z","2016-07-14T15:08Z","NEON.LTR.SRER047568.20160706","NEON.LTR.SRER047568.20160706.TWI","NEON.DOC.001710vE","Twigs/branches",0.11,"N",NA,"JQNbCmphkBC7cMsM/CUEZhabYz0czz6M"
"62cfd473-7f5a-486b-a9b1-0f311be14301","SRER_047.basePlot.ltr","D14","SRER","SRER_047","SRER_047_568","2016-07-14","2016-06-06","2016-07-06","2016-07-11T21:40Z","2016-07-14T15:08Z","NEON.LTR.SRER047568.20160706","NEON.LTR.SRER047568.20160706.WDY","NEON.DOC.001710vE","Woody material",0.02,"N",NA,"JQNbCmphkBC7cMsM/CUEZhabYz0czz6M"
"b7cd1081-f9c4-4679-a696-6a839965bc87","SRER_047.basePlot.ltr","D14","SRER","SRER_047","SRER_047_568","2016-07-14","2016-06-06","2016-07-06","2016-07-11T21:40Z","2016-07-14T15:08Z","NEON.LTR.SRER047568.20160706","NEON.LTR.SRER047568.20160706.SDS","NEON.DOC.001710vE","Seeds",0.09,"N",NA,"JQNbCmphkBC7cMsM/CUEZhabYz0czz6M"
"8e3b7d95-7006-4a3a-ba36-d254c41965f1","SRER_046.basePlot.ltr","D14","SRER","SRER_046","SRER_046_795","2016-07-14","2016-06-06","2016-07-06","2016-07-11T21:40Z","2016-07-14T15:08Z","NEON.LTR.SRER046795.20160706","NEON.LTR.SRER046795.20160706.FLR","NEON.DOC.001710vE","Flowers",0,"N",NA,"JQNbCmphkBC7cMsM/CUEZhabYz0czz6M"
"929c7dde-f54b-4af5-93b4-4497a1f304b9","SRER_046.basePlot.ltr","D14","SRER","SRER_046","SRER_046_795","2016-07-14","2016-06-06","2016-07-06","2016-07-11T21:40Z","2016-07-14T15:08Z","NEON.LTR.SRER046795.20160706","NEON.LTR.SRER046795.20160706.WDY","NEON.DOC.001710vE","Woody material",0,"N",NA,"JQNbCmphkBC7cMsM/CUEZhabYz0czz6M"
"6092dd6e-fe60-4286-b378-368ebf5110f9","SRER_046.basePlot.ltr","D14","SRER","SRER_046","SRER_046_795","2016-07-14","2016-06-06","2016-07-06","2016-07-11T21:40Z","2016-07-14T15:08Z","NEON.LTR.SRER046795.20160706","NEON.LTR.SRER046795.20160706.OTH","NEON.DOC.001710vE","Other",0,"N",NA,"JQNbCmphkBC7cMsM/CUEZhabYz0czz6M"
"3a8419e2-4630-411a-ad31-7785abcaec52","SRER_046.basePlot.ltr","D14","SRER","SRER_046","SRER_046_795","2016-07-14","2016-06-06","2016-07-06","2016-07-11T21:40Z","2016-07-14T15:08Z","NEON.LTR.SRER046795.20160706","NEON.LTR.SRER046795.20160706.LVS","NEON.DOC.001710vE","Leaves",1.6,"N",NA,"JQNbCmphkBC7cMsM/CUEZhabYz0czz6M"
"73eb71b1-6917-4175-8550-c8b32405c86d","SRER_046.basePlot.ltr","D14","SRER","SRER_046","SRER_046_795","2016-07-14","2016-06-06","2016-07-06","2016-07-11T21:40Z","2016-07-14T15:08Z","NEON.LTR.SRER046795.20160706","NEON.LTR.SRER046795.20160706.NDL","NEON.DOC.001710vE","Needles",0,"N",NA,"JQNbCmphkBC7cMsM/CUEZhabYz0czz6M"
"df30e78b-d6be-465a-8c73-9b4ae10599a3","SRER_046.basePlot.ltr","D14","SRER","SRER_046","SRER_046_337","2016-07-14","2016-06-06","2016-07-06","2016-07-11T21:40Z","2016-07-14T15:08Z","NEON.LTR.SRER046337.20160706","NEON.LTR.SRER046337.20160706.FLR","NEON.DOC.001710vE","Flowers",0,"N",NA,"JQNbCmphkBC7cMsM/CUEZhabYz0czz6M"
"d39c6e6b-c5ff-41e3-803b-6fc6fa650c8e","SRER_046.basePlot.ltr","D14","SRER","SRER_046","SRER_046_795","2016-07-14","2016-06-06","2016-07-06","2016-07-11T21:40Z","2016-07-14T15:08Z","NEON.LTR.SRER046795.20160706","NEON.LTR.SRER046795.20160706.TWI","NEON.DOC.001710vE","Twigs/branches",0.25,"N",NA,"JQNbCmphkBC7cMsM/CUEZhabYz0czz6M"
"fe52541d-be7e-4dd0-970d-16cd2216e7fe","SRER_046.basePlot.ltr","D14","SRER","SRER_046","SRER_046_795","2016-07-14","2016-06-06","2016-07-06","2016-07-11T21:40Z","2016-07-14T15:08Z","NEON.LTR.SRER046795.20160706","NEON.LTR.SRER046795.20160706.SDS","NEON.DOC.001710vE","Seeds",0.22,"N",NA,"JQNbCmphkBC7cMsM/CUEZhabYz0czz6M"
"ef4caa24-78d0-4e8d-8eb6-444ff2892e92","SRER_046.basePlot.ltr","D14","SRER","SRER_046","SRER_046_337","2016-07-14","2016-06-06","2016-07-06","2016-07-11T21:40Z","2016-07-14T15:08Z","NEON.LTR.SRER046337.20160706","NEON.LTR.SRER046337.20160706.OTH","NEON.DOC.001710vE","Other",0.06,"N",NA,"JQNbCmphkBC7cMsM/CUEZhabYz0czz6M"
"70a02a35-3bb6-4745-8bbb-955e8b5a164a","SRER_046.basePlot.ltr","D14","SRER","SRER_046","SRER_046_337","2016-07-14","2016-06-06","2016-07-06","2016-07-11T21:40Z","2016-07-14T15:08Z","NEON.LTR.SRER046337.20160706","NEON.LTR.SRER046337.20160706.SDS","NEON.DOC.001710vE","Seeds",0.15,"N",NA,"JQNbCmphkBC7cMsM/CUEZhabYz0czz6M"
"ac96ef72-89e3-4b2d-9405-4586194d9a1a","SRER_046.basePlot.ltr","D14","SRER","SRER_046","SRER_046_337","2016-07-14","2016-06-06","2016-07-06","2016-07-11T21:40Z","2016-07-14T15:08Z","NEON.LTR.SRER046337.20160706","NEON.LTR.SRER046337.20160706.NDL","NEON.DOC.001710vE","Needles",0,"N",NA,"JQNbCmphkBC7cMsM/CUEZhabYz0czz6M"
"ce737d6e-6a3a-45df-b61d-26333932c6a5","SRER_046.basePlot.ltr","D14","SRER","SRER_046","SRER_046_337","2016-07-14","2016-06-06","2016-07-06","2016-07-11T21:40Z","2016-07-14T15:08Z","NEON.LTR.SRER046337.20160706","NEON.LTR.SRER046337.20160706.WDY","NEON.DOC.001710vE","Woody material",0.03,"Y",NA,"JQNbCmphkBC7cMsM/CUEZhabYz0czz6M"
"d864cb24-b109-4352-9866-fb8c032c62df","SRER_046.basePlot.ltr","D14","SRER","SRER_046","SRER_046_337","2016-07-14","2016-06-06","2016-07-06","2016-07-11T21:40Z","2016-07-14T15:08Z","NEON.LTR.SRER046337.20160706","NEON.LTR.SRER046337.20160706.LVS","NEON.DOC.001710vE","Leaves",0.9,"N",NA,"JQNbCmphkBC7cMsM/CUEZhabYz0czz6M"
"20087437-643e-43fb-9aeb-a5f4cadf73b3","SRER_045.basePlot.ltr","D14","SRER","SRER_045","SRER_045_290","2016-07-14","2016-06-06","2016-07-06","2016-07-11T21:40Z","2016-07-14T15:08Z","NEON.LTR.SRER045290.20160706","NEON.LTR.SRER045290.20160706.NDL","NEON.DOC.001710vE","Needles",0,"N",NA,"JQNbCmphkBC7cMsM/CUEZhabYz0czz6M"
"11f3edb4-a9bd-460d-abe8-54ff288e4de6","SRER_045.basePlot.ltr","D14","SRER","SRER_045","SRER_045_290","2016-07-14","2016-06-06","2016-07-06","2016-07-11T21:40Z","2016-07-14T15:08Z","NEON.LTR.SRER045290.20160706","NEON.LTR.SRER045290.20160706.OTH","NEON.DOC.001710vE","Other",0,"N",NA,"JQNbCmphkBC7cMsM/CUEZhabYz0czz6M"
"dca949fd-b7fe-4856-b00f-691437f9ef46","SRER_046.basePlot.ltr","D14","SRER","SRER_046","SRER_046_337","2016-07-14","2016-06-06","2016-07-06","2016-07-11T21:40Z","2016-07-14T15:08Z","NEON.LTR.SRER046337.20160706","NEON.LTR.SRER046337.20160706.TWI","NEON.DOC.001710vE","Twigs/branches",0.44,"N",NA,"JQNbCmphkBC7cMsM/CUEZhabYz0czz6M"
"6245a184-b234-49f0-992f-b42917f65f0e","SRER_045.basePlot.ltr","D14","SRER","SRER_045","SRER_045_290","2016-07-14","2016-06-06","2016-07-06","2016-07-11T21:40Z","2016-07-14T15:08Z","NEON.LTR.SRER045290.20160706","NEON.LTR.SRER045290.20160706.LVS","NEON.DOC.001710vE","Leaves",2.79,"N",NA,"JQNbCmphkBC7cMsM/CUEZhabYz0czz6M"
"5ed3ef88-a5a8-46a4-9f1d-a569796a24f2","SRER_045.basePlot.ltr","D14","SRER","SRER_045","SRER_045_290","2016-07-14","2016-06-06","2016-07-06","2016-07-11T21:40Z","2016-07-14T15:08Z","NEON.LTR.SRER045290.20160706","NEON.LTR.SRER045290.20160706.SDS","NEON.DOC.001710vE","Seeds",0.17,"N",NA,"JQNbCmphkBC7cMsM/CUEZhabYz0czz6M"
"a5ec4e8d-887c-46c8-a2ad-08cd24f9eef3","SRER_045.basePlot.ltr","D14","SRER","SRER_045","SRER_045_290","2016-07-14","2016-06-06","2016-07-06","2016-07-11T21:40Z","2016-07-14T15:08Z","NEON.LTR.SRER045290.20160706","NEON.LTR.SRER045290.20160706.FLR","NEON.DOC.001710vE","Flowers",0.03,"N",NA,"JQNbCmphkBC7cMsM/CUEZhabYz0czz6M"
"2db7a867-ec21-4ce6-b788-64350629e7e1","SRER_045.basePlot.ltr","D14","SRER","SRER_045","SRER_045_290","2016-07-14","2016-06-06","2016-07-06","2016-07-11T21:40Z","2016-07-14T15:08Z","NEON.LTR.SRER045290.20160706","NEON.LTR.SRER045290.20160706.WDY","NEON.DOC.001710vE","Woody material",0.82,"N",NA,"JQNbCmphkBC7cMsM/CUEZhabYz0czz6M"
"7e047db5-f730-4176-97fa-f6ccc0f183a9","SRER_045.basePlot.ltr","D14","SRER","SRER_045","SRER_045_290","2016-07-14","2016-06-06","2016-07-06","2016-07-11T21:40Z","2016-07-14T15:08Z","NEON.LTR.SRER045290.20160706","NEON.LTR.SRER045290.20160706.TWI","NEON.DOC.001710vE","Twigs/branches",0.43,"N",NA,"JQNbCmphkBC7cMsM/CUEZhabYz0czz6M"
"5e972340-0f20-40f0-b516-fc3f5e6cd4e5","SRER_045.basePlot.ltr","D14","SRER","SRER_045","SRER_045_117","2016-07-14","2016-06-06","2016-07-06","2016-07-11T21:40Z","2016-07-14T15:08Z","NEON.LTR.SRER045117.20160706","NEON.LTR.SRER045117.20160706.SDS","NEON.DOC.001710vE","Seeds",0.91,"N",NA,"JQNbCmphkBC7cMsM/CUEZhabYz0czz6M"
"e1674576-ac55-4722-ba3a-0e91d454865e","SRER_045.basePlot.ltr","D14","SRER","SRER_045","SRER_045_117","2016-07-14","2016-06-06","2016-07-06","2016-07-11T21:40Z","2016-07-14T15:08Z","NEON.LTR.SRER045117.20160706","NEON.LTR.SRER045117.20160706.NDL","NEON.DOC.001710vE","Needles",0,"N",NA,"JQNbCmphkBC7cMsM/CUEZhabYz0czz6M"
"d73ddf1e-14cb-4b1c-9f4c-4be2f9d4e265","SRER_045.basePlot.ltr","D14","SRER","SRER_045","SRER_045_117","2016-07-14","2016-06-06","2016-07-06","2016-07-11T21:40Z","2016-07-14T15:08Z","NEON.LTR.SRER045117.20160706","NEON.LTR.SRER045117.20160706.OTH","NEON.DOC.001710vE","Other",0,"N",NA,"JQNbCmphkBC7cMsM/CUEZhabYz0czz6M"
"b96d5327-29f9-4b73-ae8b-501b2c89bf14","SRER_045.basePlot.ltr","D14","SRER","SRER_045","SRER_045_117","2016-07-14","2016-06-06","2016-07-06","2016-07-11T21:40Z","2016-07-14T15:08Z","NEON.LTR.SRER045117.20160706","NEON.LTR.SRER045117.20160706.TWI","NEON.DOC.001710vE","Twigs/branches",0.81,"N",NA,"JQNbCmphkBC7cMsM/CUEZhabYz0czz6M"
"7e3d1452-a409-4cc1-9aaa-1f482412ac8d","SRER_045.basePlot.ltr","D14","SRER","SRER_045","SRER_045_117","2016-07-14","2016-06-06","2016-07-06","2016-07-11T21:40Z","2016-07-14T15:08Z","NEON.LTR.SRER045117.20160706","NEON.LTR.SRER045117.20160706.FLR","NEON.DOC.001710vE","Flowers",0.01,"Y",NA,"JQNbCmphkBC7cMsM/CUEZhabYz0czz6M"
"5eccf14d-3b3d-4107-a406-7b65032b559c","SRER_045.basePlot.ltr","D14","SRER","SRER_045","SRER_045_117","2016-07-14","2016-06-06","2016-07-06","2016-07-11T21:40Z","2016-07-14T15:08Z","NEON.LTR.SRER045117.20160706","NEON.LTR.SRER045117.20160706.LVS","NEON.DOC.001710vE","Leaves",3.63,"Y",NA,"JQNbCmphkBC7cMsM/CUEZhabYz0czz6M"
"02c152d1-042e-4244-813a-43554d10ad95","SRER_044.basePlot.ltr","D14","SRER","SRER_044","SRER_044_790","2016-07-14","2016-06-06","2016-07-06","2016-07-11T21:40Z","2016-07-14T15:08Z","NEON.LTR.SRER044790.20160706","NEON.LTR.SRER044790.20160706.OTH","NEON.DOC.001710vE","Other",0,"N",NA,"JQNbCmphkBC7cMsM/CUEZhabYz0czz6M"
"98e3a5a5-7b4c-40a0-ae01-7e5a91c2cb1c","SRER_045.basePlot.ltr","D14","SRER","SRER_045","SRER_045_117","2016-07-14","2016-06-06","2016-07-06","2016-07-11T21:40Z","2016-07-14T15:08Z","NEON.LTR.SRER045117.20160706","NEON.LTR.SRER045117.20160706.WDY","NEON.DOC.001710vE","Woody material",0.03,"N",NA,"JQNbCmphkBC7cMsM/CUEZhabYz0czz6M"
"0392b9bd-db92-480b-8961-778e4e0221f1","SRER_044.basePlot.ltr","D14","SRER","SRER_044","SRER_044_790","2016-07-14","2016-06-06","2016-07-06","2016-07-11T21:40Z","2016-07-14T15:08Z","NEON.LTR.SRER044790.20160706","NEON.LTR.SRER044790.20160706.SDS","NEON.DOC.001710vE","Seeds",0.06,"N",NA,"JQNbCmphkBC7cMsM/CUEZhabYz0czz6M"
"c2e61bf2-249f-41f2-8bd2-305e90a7a65b","SRER_044.basePlot.ltr","D14","SRER","SRER_044","SRER_044_790","2016-07-14","2016-06-06","2016-07-06","2016-07-11T21:40Z","2016-07-14T15:08Z","NEON.LTR.SRER044790.20160706","NEON.LTR.SRER044790.20160706.FLR","NEON.DOC.001710vE","Flowers",0,"N",NA,"JQNbCmphkBC7cMsM/CUEZhabYz0czz6M"
"ffc64946-9f41-4fe0-9d60-dc2ebca2f797","SRER_044.basePlot.ltr","D14","SRER","SRER_044","SRER_044_790","2016-07-14","2016-06-06","2016-07-06","2016-07-11T21:40Z","2016-07-14T15:08Z","NEON.LTR.SRER044790.20160706","NEON.LTR.SRER044790.20160706.NDL","NEON.DOC.001710vE","Needles",0,"N",NA,"JQNbCmphkBC7cMsM/CUEZhabYz0czz6M"
"3d820d2d-1e0a-4f36-a5cd-350abaa90bde","SRER_044.basePlot.ltr","D14","SRER","SRER_044","SRER_044_790","2016-07-14","2016-06-06","2016-07-06","2016-07-11T21:40Z","2016-07-14T15:08Z","NEON.LTR.SRER044790.20160706","NEON.LTR.SRER044790.20160706.TWI","NEON.DOC.001710vE","Twigs/branches",0.37,"N",NA,"JQNbCmphkBC7cMsM/CUEZhabYz0czz6M"
"3c9f599c-fd5d-4d4b-801a-7974f5e1c9ec","SRER_044.basePlot.ltr","D14","SRER","SRER_044","SRER_044_790","2016-07-14","2016-06-06","2016-07-06","2016-07-11T21:40Z","2016-07-14T15:08Z","NEON.LTR.SRER044790.20160706","NEON.LTR.SRER044790.20160706.WDY","NEON.DOC.001710vE","Woody material",0.07,"N",NA,"JQNbCmphkBC7cMsM/CUEZhabYz0czz6M"
"a2aa0956-8705-40ca-acae-5e89bad50236","SRER_044.basePlot.ltr","D14","SRER","SRER_044","SRER_044_790","2016-07-14","2016-06-06","2016-07-06","2016-07-11T21:40Z","2016-07-14T15:08Z","NEON.LTR.SRER044790.20160706","NEON.LTR.SRER044790.20160706.LVS","NEON.DOC.001710vE","Leaves",0.41,"N",NA,"JQNbCmphkBC7cMsM/CUEZhabYz0czz6M"
"73a9992d-7cd8-4a51-a170-2cec0409ac6c","SRER_044.basePlot.ltr","D14","SRER","SRER_044","SRER_044_624","2016-07-14","2016-06-06","2016-07-06","2016-07-11T21:40Z","2016-07-14T15:08Z","NEON.LTR.SRER044624.20160706","NEON.LTR.SRER044624.20160706.OTH","NEON.DOC.001710vE","Other",0,"N",NA,"JQNbCmphkBC7cMsM/CUEZhabYz0czz6M"
"c1c32afc-a0c4-41a8-b81f-073d3cfff9df","SRER_042.basePlot.ltr","D14","SRER","SRER_042","SRER_042_434","2016-07-14","2016-06-06","2016-07-06","2016-07-11T21:40Z","2016-07-14T15:08Z","NEON.LTR.SRER042434.20160706","NEON.LTR.SRER042434.20160706.LVS","NEON.DOC.001710vE","Leaves",0.98,"N",NA,"JQNbCmphkBC7cMsM/CUEZhabYz0czz6M"
"32120245-9fd5-4fd8-ba45-965e687cc646","SRER_042.basePlot.ltr","D14","SRER","SRER_042","SRER_042_434","2016-07-14","2016-06-06","2016-07-06","2016-07-11T21:40Z","2016-07-14T15:08Z","NEON.LTR.SRER042434.20160706","NEON.LTR.SRER042434.20160706.WDY","NEON.DOC.001710vE","Woody material",0.07,"N",NA,"JQNbCmphkBC7cMsM/CUEZhabYz0czz6M"
"9baa4931-dc05-4182-89f5-d42c5d8e4804","SRER_042.basePlot.ltr","D14","SRER","SRER_042","SRER_042_434","2016-07-14","2016-06-06","2016-07-06","2016-07-11T21:40Z","2016-07-14T15:08Z","NEON.LTR.SRER042434.20160706","NEON.LTR.SRER042434.20160706.TWI","NEON.DOC.001710vE","Twigs/branches",0.51,"N",NA,"JQNbCmphkBC7cMsM/CUEZhabYz0czz6M"
"d0451c99-2eb8-437a-a202-c4558c68aaa7","SRER_042.basePlot.ltr","D14","SRER","SRER_042","SRER_042_434","2016-07-14","2016-06-06","2016-07-06","2016-07-11T21:40Z","2016-07-14T15:08Z","NEON.LTR.SRER042434.20160706","NEON.LTR.SRER042434.20160706.FLR","NEON.DOC.001710vE","Flowers",0,"N",NA,"JQNbCmphkBC7cMsM/CUEZhabYz0czz6M"
"fa91e80c-8572-4815-89a0-59f4651026b8","SRER_042.basePlot.ltr","D14","SRER","SRER_042","SRER_042_434","2016-07-14","2016-06-06","2016-07-06","2016-07-11T21:40Z","2016-07-14T15:08Z","NEON.LTR.SRER042434.20160706","NEON.LTR.SRER042434.20160706.OTH","NEON.DOC.001710vE","Other",0,"N",NA,"JQNbCmphkBC7cMsM/CUEZhabYz0czz6M"
"6849f1c8-3ede-4726-92ac-3c98e84f4e58","SRER_042.basePlot.ltr","D14","SRER","SRER_042","SRER_042_434","2016-07-14","2016-06-06","2016-07-06","2016-07-11T21:40Z","2016-07-14T15:08Z","NEON.LTR.SRER042434.20160706","NEON.LTR.SRER042434.20160706.SDS","NEON.DOC.001710vE","Seeds",0.94,"N",NA,"JQNbCmphkBC7cMsM/CUEZhabYz0czz6M"
"c580c5d7-5611-4771-a502-5d9bc02ca502","SRER_042.basePlot.ltr","D14","SRER","SRER_042","SRER_042_690","2016-07-14","2016-06-06","2016-07-06","2016-07-11T21:40Z","2016-07-14T15:08Z","NEON.LTR.SRER042690.20160706","NEON.LTR.SRER042690.20160706.TWI","NEON.DOC.001710vE","Twigs/branches",14.32,"N",NA,"JQNbCmphkBC7cMsM/CUEZhabYz0czz6M"
"01d12b04-5d94-40da-a58c-65c050b99711","SRER_042.basePlot.ltr","D14","SRER","SRER_042","SRER_042_690","2016-07-14","2016-06-06","2016-07-06","2016-07-11T21:40Z","2016-07-14T15:08Z","NEON.LTR.SRER042690.20160706","NEON.LTR.SRER042690.20160706.FLR","NEON.DOC.001710vE","Flowers",0.63,"N",NA,"JQNbCmphkBC7cMsM/CUEZhabYz0czz6M"
"3a1d457d-6e55-4299-8fa9-2f88d815021c","SRER_042.basePlot.ltr","D14","SRER","SRER_042","SRER_042_434","2016-07-14","2016-06-06","2016-07-06","2016-07-11T21:40Z","2016-07-14T15:08Z","NEON.LTR.SRER042434.20160706","NEON.LTR.SRER042434.20160706.NDL","NEON.DOC.001710vE","Needles",0,"N",NA,"JQNbCmphkBC7cMsM/CUEZhabYz0czz6M"
"fbe8e924-de70-41e3-9dd6-e797424319e4","SRER_042.basePlot.ltr","D14","SRER","SRER_042","SRER_042_690","2016-07-14","2016-06-06","2016-07-06","2016-07-11T21:40Z","2016-07-14T15:08Z","NEON.LTR.SRER042690.20160706","NEON.LTR.SRER042690.20160706.SDS","NEON.DOC.001710vE","Seeds",2.7,"N",NA,"JQNbCmphkBC7cMsM/CUEZhabYz0czz6M"
"f48ddbd8-cfdf-4fa3-ad89-c794e3ab0d06","SRER_042.basePlot.ltr","D14","SRER","SRER_042","SRER_042_690","2016-07-14","2016-06-06","2016-07-06","2016-07-11T21:40Z","2016-07-14T15:08Z","NEON.LTR.SRER042690.20160706","NEON.LTR.SRER042690.20160706.WDY","NEON.DOC.001710vE","Woody material",0.27,"N",NA,"JQNbCmphkBC7cMsM/CUEZhabYz0czz6M"
"402417ab-7692-4442-a216-b0bff2ef9368","SRER_042.basePlot.ltr","D14","SRER","SRER_042","SRER_042_690","2016-07-14","2016-06-06","2016-07-06","2016-07-11T21:40Z","2016-07-14T15:08Z","NEON.LTR.SRER042690.20160706","NEON.LTR.SRER042690.20160706.OTH","NEON.DOC.001710vE","Other",0,"N",NA,"JQNbCmphkBC7cMsM/CUEZhabYz0czz6M"
"10d30cd9-b94f-45b2-9f2b-3a80143b5fe9","SRER_043.basePlot.ltr","D14","SRER","SRER_043","SRER_043_141","2016-07-14","2016-06-06","2016-07-06","2016-07-11T21:40Z","2016-07-14T15:08Z","NEON.LTR.SRER043141.20160706","NEON.LTR.SRER043141.20160706.WDY","NEON.DOC.001710vE","Woody material",0.06,"N",NA,"JQNbCmphkBC7cMsM/CUEZhabYz0czz6M"
"62a21622-226a-420f-9a2f-66daf9453a3b","SRER_042.basePlot.ltr","D14","SRER","SRER_042","SRER_042_690","2016-07-14","2016-06-06","2016-07-06","2016-07-11T21:40Z","2016-07-14T15:08Z","NEON.LTR.SRER042690.20160706","NEON.LTR.SRER042690.20160706.LVS","NEON.DOC.001710vE","Leaves",4.22,"Y",NA,"JQNbCmphkBC7cMsM/CUEZhabYz0czz6M"
"71721d29-ce77-477a-a0a2-b64e1a6c0b65","SRER_043.basePlot.ltr","D14","SRER","SRER_043","SRER_043_141","2016-07-14","2016-06-06","2016-07-06","2016-07-11T21:40Z","2016-07-14T15:08Z","NEON.LTR.SRER043141.20160706","NEON.LTR.SRER043141.20160706.SDS","NEON.DOC.001710vE","Seeds",0.75,"N",NA,"JQNbCmphkBC7cMsM/CUEZhabYz0czz6M"
"8c91babe-c6d9-4868-9741-db2e74b8f4b6","SRER_043.basePlot.ltr","D14","SRER","SRER_043","SRER_043_141","2016-07-14","2016-06-06","2016-07-06","2016-07-11T21:40Z","2016-07-14T15:08Z","NEON.LTR.SRER043141.20160706","NEON.LTR.SRER043141.20160706.LVS","NEON.DOC.001710vE","Leaves",2.22,"N",NA,"JQNbCmphkBC7cMsM/CUEZhabYz0czz6M"
"4ac3a7a9-06cd-4da2-a70e-e4c9a282ce7a","SRER_042.basePlot.ltr","D14","SRER","SRER_042","SRER_042_690","2016-07-14","2016-06-06","2016-07-06","2016-07-11T21:40Z","2016-07-14T15:08Z","NEON.LTR.SRER042690.20160706","NEON.LTR.SRER042690.20160706.NDL","NEON.DOC.001710vE","Needles",0,"N",NA,"JQNbCmphkBC7cMsM/CUEZhabYz0czz6M"
"42f241b7-ca25-4834-a8f3-66c297f2fae4","SRER_043.basePlot.ltr","D14","SRER","SRER_043","SRER_043_141","2016-07-14","2016-06-06","2016-07-06","2016-07-11T21:40Z","2016-07-14T15:08Z","NEON.LTR.SRER043141.20160706","NEON.LTR.SRER043141.20160706.FLR","NEON.DOC.001710vE","Flowers",0,"N",NA,"JQNbCmphkBC7cMsM/CUEZhabYz0czz6M"
"c22dae02-d51a-4415-a2ed-f04d957874b5","SRER_043.basePlot.ltr","D14","SRER","SRER_043","SRER_043_141","2016-07-14","2016-06-06","2016-07-06","2016-07-11T21:40Z","2016-07-14T15:08Z","NEON.LTR.SRER043141.20160706","NEON.LTR.SRER043141.20160706.TWI","NEON.DOC.001710vE","Twigs/branches",0.19,"N",NA,"JQNbCmphkBC7cMsM/CUEZhabYz0czz6M"
"482f02f6-841f-47a2-b710-64cbad1ff9d0","SRER_043.basePlot.ltr","D14","SRER","SRER_043","SRER_043_610","2016-07-14","2016-06-06","2016-07-06","2016-07-11T21:40Z","2016-07-14T15:08Z","NEON.LTR.SRER043610.20160706","NEON.LTR.SRER043610.20160706.TWI","NEON.DOC.001710vE","Twigs/branches",0.53,"N",NA,"JQNbCmphkBC7cMsM/CUEZhabYz0czz6M"
"20335568-2e68-4e94-b1b9-d5deb4c8db31","SRER_043.basePlot.ltr","D14","SRER","SRER_043","SRER_043_610","2016-07-14","2016-06-06","2016-07-06","2016-07-11T21:40Z","2016-07-14T15:08Z","NEON.LTR.SRER043610.20160706","NEON.LTR.SRER043610.20160706.WDY","NEON.DOC.001710vE","Woody material",0.01,"N",NA,"JQNbCmphkBC7cMsM/CUEZhabYz0czz6M"
"4c1a4dfc-9051-4b74-8a10-d27638b5097e","SRER_043.basePlot.ltr","D14","SRER","SRER_043","SRER_043_141","2016-07-14","2016-06-06","2016-07-06","2016-07-11T21:40Z","2016-07-14T15:08Z","NEON.LTR.SRER043141.20160706","NEON.LTR.SRER043141.20160706.NDL","NEON.DOC.001710vE","Needles",0,"N",NA,"JQNbCmphkBC7cMsM/CUEZhabYz0czz6M"
"5d235535-a184-46b2-bdd9-989e83d56f3b","SRER_043.basePlot.ltr","D14","SRER","SRER_043","SRER_043_610","2016-07-14","2016-06-06","2016-07-06","2016-07-11T21:40Z","2016-07-14T15:08Z","NEON.LTR.SRER043610.20160706","NEON.LTR.SRER043610.20160706.LVS","NEON.DOC.001710vE","Leaves",0.99,"N",NA,"JQNbCmphkBC7cMsM/CUEZhabYz0czz6M"
"1e69a3ef-2f8d-4e7a-ac2d-913052eb60d3","SRER_043.basePlot.ltr","D14","SRER","SRER_043","SRER_043_610","2016-07-14","2016-06-06","2016-07-06","2016-07-11T21:40Z","2016-07-14T15:08Z","NEON.LTR.SRER043610.20160706","NEON.LTR.SRER043610.20160706.SDS","NEON.DOC.001710vE","Seeds",0.3,"Y",NA,"JQNbCmphkBC7cMsM/CUEZhabYz0czz6M"
"80a34490-7516-4bc9-bd0b-d83a210a4bb3","SRER_043.basePlot.ltr","D14","SRER","SRER_043","SRER_043_141","2016-07-14","2016-06-06","2016-07-06","2016-07-11T21:40Z","2016-07-14T15:08Z","NEON.LTR.SRER043141.20160706","NEON.LTR.SRER043141.20160706.OTH","NEON.DOC.001710vE","Other",0,"N",NA,"JQNbCmphkBC7cMsM/CUEZhabYz0czz6M"
"0621cb8b-4cad-4a4f-b476-71f24d60a031","SRER_043.basePlot.ltr","D14","SRER","SRER_043","SRER_043_610","2016-07-14","2016-06-06","2016-07-06","2016-07-11T21:40Z","2016-07-14T15:08Z","NEON.LTR.SRER043610.20160706","NEON.LTR.SRER043610.20160706.OTH","NEON.DOC.001710vE","Other",0,"N",NA,"JQNbCmphkBC7cMsM/CUEZhabYz0czz6M"
"4297b654-76a0-4af5-8e6d-80104098ff3f","SRER_043.basePlot.ltr","D14","SRER","SRER_043","SRER_043_610","2016-07-14","2016-06-06","2016-07-06","2016-07-11T21:40Z","2016-07-14T15:08Z","NEON.LTR.SRER043610.20160706","NEON.LTR.SRER043610.20160706.FLR","NEON.DOC.001710vE","Flowers",0.01,"N",NA,"JQNbCmphkBC7cMsM/CUEZhabYz0czz6M"
"daf7c2ae-5ac9-4b5e-8dc1-50b051d633cb","SRER_044.basePlot.ltr","D14","SRER","SRER_044","SRER_044_624","2016-07-14","2016-06-06","2016-07-06","2016-07-11T21:40Z","2016-07-14T15:08Z","NEON.LTR.SRER044624.20160706","NEON.LTR.SRER044624.20160706.TWI","NEON.DOC.001710vE","Twigs/branches",0.41,"N",NA,"JQNbCmphkBC7cMsM/CUEZhabYz0czz6M"
"682e926e-0d66-4e68-a67b-701c4328a93f","SRER_044.basePlot.ltr","D14","SRER","SRER_044","SRER_044_624","2016-07-14","2016-06-06","2016-07-06","2016-07-11T21:40Z","2016-07-14T15:08Z","NEON.LTR.SRER044624.20160706","NEON.LTR.SRER044624.20160706.FLR","NEON.DOC.001710vE","Flowers",1.17,"N",NA,"JQNbCmphkBC7cMsM/CUEZhabYz0czz6M"
"10094b18-aa15-4a29-9c79-9fbba10dc6f7","SRER_043.basePlot.ltr","D14","SRER","SRER_043","SRER_043_610","2016-07-14","2016-06-06","2016-07-06","2016-07-11T21:40Z","2016-07-14T15:08Z","NEON.LTR.SRER043610.20160706","NEON.LTR.SRER043610.20160706.NDL","NEON.DOC.001710vE","Needles",0,"N",NA,"JQNbCmphkBC7cMsM/CUEZhabYz0czz6M"
"8a92e3b5-1e50-4e9f-9857-d4f357b65d7e","SRER_044.basePlot.ltr","D14","SRER","SRER_044","SRER_044_624","2016-07-14","2016-06-06","2016-07-06","2016-07-11T21:40Z","2016-07-14T15:08Z","NEON.LTR.SRER044624.20160706","NEON.LTR.SRER044624.20160706.SDS","NEON.DOC.001710vE","Seeds",20.81,"N",NA,"JQNbCmphkBC7cMsM/CUEZhabYz0czz6M"
"c637cf76-95df-433e-b5c2-31a15320a4da","SRER_044.basePlot.ltr","D14","SRER","SRER_044","SRER_044_624","2016-07-14","2016-06-06","2016-07-06","2016-07-11T21:40Z","2016-07-14T15:08Z","NEON.LTR.SRER044624.20160706","NEON.LTR.SRER044624.20160706.NDL","NEON.DOC.001710vE","Needles",0,"N",NA,"JQNbCmphkBC7cMsM/CUEZhabYz0czz6M"
"bf264aac-1186-430a-b984-24e502b5e930","SRER_044.basePlot.ltr","D14","SRER","SRER_044","SRER_044_624","2016-07-14","2016-06-06","2016-07-06","2016-07-11T21:40Z","2016-07-14T15:08Z","NEON.LTR.SRER044624.20160706","NEON.LTR.SRER044624.20160706.WDY","NEON.DOC.001710vE","Woody material",0.02,"N",NA,"JQNbCmphkBC7cMsM/CUEZhabYz0czz6M"
"8859a5d0-cc68-46a2-a4fb-04189da18881","SRER_044.basePlot.ltr","D14","SRER","SRER_044","SRER_044_624","2016-07-14","2016-06-06","2016-07-06","2016-07-11T21:40Z","2016-07-14T15:08Z","NEON.LTR.SRER044624.20160706","NEON.LTR.SRER044624.20160706.LVS","NEON.DOC.001710vE","Leaves",1.18,"N",NA,"JQNbCmphkBC7cMsM/CUEZhabYz0czz6M"
"2cb74baf-5c1d-4d92-9679-03e1bdfd6733","SRER_059.basePlot.ltr","D14","SRER","SRER_059","SRER_059_788","2016-09-23","2016-06-06","2016-09-08","2016-09-20T17:50Z","2016-09-23T17:44Z","NEON.LTR.SRER059788.20160908","NEON.LTR.SRER059788.20160908.FLR","NEON.DOC.001710vE","Flowers",0.005,"Y",NA,"1jPgPLJsI1yDGXXXpUXDbv0ukXnnNL8m"
"65068a65-83bc-4156-99f5-4b6053989063","SRER_059.basePlot.ltr","D14","SRER","SRER_059","SRER_059_788","2016-09-23","2016-06-06","2016-09-08","2016-09-20T17:50Z","2016-09-23T17:44Z","NEON.LTR.SRER059788.20160908","NEON.LTR.SRER059788.20160908.OTH","NEON.DOC.001710vE","Other",0.14,"Y",NA,"1jPgPLJsI1yDGXXXpUXDbv0ukXnnNL8m"
"aff58093-5cd1-4d23-a19b-4d8c0c7964f0","SRER_059.basePlot.ltr","D14","SRER","SRER_059","SRER_059_788","2016-09-23","2016-06-06","2016-09-08","2016-09-20T17:50Z","2016-09-23T17:44Z","NEON.LTR.SRER059788.20160908","NEON.LTR.SRER059788.20160908.NDL","NEON.DOC.001710vE","Needles",0,"N",NA,"1jPgPLJsI1yDGXXXpUXDbv0ukXnnNL8m"
"36311d75-6460-41a5-b8e7-1191745dcfc8","SRER_059.basePlot.ltr","D14","SRER","SRER_059","SRER_059_788","2016-09-23","2016-06-06","2016-09-08","2016-09-20T17:50Z","2016-09-23T17:44Z","NEON.LTR.SRER059788.20160908","NEON.LTR.SRER059788.20160908.TWI","NEON.DOC.001710vE","Twigs/branches",4.73,"N",NA,"1jPgPLJsI1yDGXXXpUXDbv0ukXnnNL8m"
"98d72534-037f-4836-bc01-44df8c360849","SRER_059.basePlot.ltr","D14","SRER","SRER_059","SRER_059_788","2016-09-23","2016-06-06","2016-09-08","2016-09-20T17:50Z","2016-09-23T17:44Z","NEON.LTR.SRER059788.20160908","NEON.LTR.SRER059788.20160908.WDY","NEON.DOC.001710vE","Woody material",0.01,"N",NA,"1jPgPLJsI1yDGXXXpUXDbv0ukXnnNL8m"
"b041a99c-7253-4625-b64b-232b4b97f4f7","SRER_059.basePlot.ltr","D14","SRER","SRER_059","SRER_059_788","2016-09-23","2016-06-06","2016-09-08","2016-09-20T17:50Z","2016-09-23T17:44Z","NEON.LTR.SRER059788.20160908","NEON.LTR.SRER059788.20160908.SDS","NEON.DOC.001710vE","Seeds",0.45,"Y",NA,"1jPgPLJsI1yDGXXXpUXDbv0ukXnnNL8m"
"7365086e-c3cc-41b3-a374-95959eb2afab","SRER_059.basePlot.ltr","D14","SRER","SRER_059","SRER_059_143","2016-09-23","2016-06-06","2016-09-08","2016-09-20T17:50Z","2016-09-23T17:44Z","NEON.LTR.SRER059143.20160908","NEON.LTR.SRER059143.20160908.OTH","NEON.DOC.001710vE","Other",0,"N",NA,"1jPgPLJsI1yDGXXXpUXDbv0ukXnnNL8m"
"3eeae58c-5d0b-4b52-b1d4-863fcde973e9","SRER_059.basePlot.ltr","D14","SRER","SRER_059","SRER_059_788","2016-09-23","2016-06-06","2016-09-08","2016-09-20T17:50Z","2016-09-23T17:44Z","NEON.LTR.SRER059788.20160908","NEON.LTR.SRER059788.20160908.LVS","NEON.DOC.001710vE","Leaves",11.91,"N",NA,"1jPgPLJsI1yDGXXXpUXDbv0ukXnnNL8m"
"c7da5cf4-af51-4f45-81e5-7043034d2d81","SRER_059.basePlot.ltr","D14","SRER","SRER_059","SRER_059_143","2016-09-23","2016-06-06","2016-09-08","2016-09-20T17:50Z","2016-09-23T17:44Z","NEON.LTR.SRER059143.20160908","NEON.LTR.SRER059143.20160908.SDS","NEON.DOC.001710vE","Seeds",0.4,"N",NA,"1jPgPLJsI1yDGXXXpUXDbv0ukXnnNL8m"
"16739d25-3b24-4316-9749-1afddae56456","SRER_059.basePlot.ltr","D14","SRER","SRER_059","SRER_059_143","2016-09-23","2016-06-06","2016-09-08","2016-09-20T17:50Z","2016-09-23T17:44Z","NEON.LTR.SRER059143.20160908","NEON.LTR.SRER059143.20160908.FLR","NEON.DOC.001710vE","Flowers",0.005,"N",NA,"1jPgPLJsI1yDGXXXpUXDbv0ukXnnNL8m"
"5a8b50f0-f0d0-4aab-b2f2-c24c34400923","SRER_059.basePlot.ltr","D14","SRER","SRER_059","SRER_059_143","2016-09-23","2016-06-06","2016-09-08","2016-09-20T17:50Z","2016-09-23T17:44Z","NEON.LTR.SRER059143.20160908","NEON.LTR.SRER059143.20160908.WDY","NEON.DOC.001710vE","Woody material",0.005,"Y",NA,"1jPgPLJsI1yDGXXXpUXDbv0ukXnnNL8m"
"42f16db6-9083-455b-8641-3ef64c8751c5","SRER_059.basePlot.ltr","D14","SRER","SRER_059","SRER_059_143","2016-09-23","2016-06-06","2016-09-08","2016-09-20T17:50Z","2016-09-23T17:44Z","NEON.LTR.SRER059143.20160908","NEON.LTR.SRER059143.20160908.NDL","NEON.DOC.001710vE","Needles",0,"N",NA,"1jPgPLJsI1yDGXXXpUXDbv0ukXnnNL8m"
"34d3208c-5354-4b1e-b617-ef31b84d6a1a","SRER_059.basePlot.ltr","D14","SRER","SRER_059","SRER_059_143","2016-09-23","2016-06-06","2016-09-08","2016-09-20T17:50Z","2016-09-23T17:44Z","NEON.LTR.SRER059143.20160908","NEON.LTR.SRER059143.20160908.LVS","NEON.DOC.001710vE","Leaves",4.76,"N",NA,"1jPgPLJsI1yDGXXXpUXDbv0ukXnnNL8m"
"fd28acdb-4697-487b-9421-c9a6b92fe9fe","SRER_058.basePlot.ltr","D14","SRER","SRER_058","SRER_058_834","2016-09-23","2016-06-06","2016-09-08","2016-09-20T17:50Z","2016-09-23T17:44Z","NEON.LTR.SRER058834.20160908","NEON.LTR.SRER058834.20160908.SDS","NEON.DOC.001710vE","Seeds",0.3,"N",NA,"1jPgPLJsI1yDGXXXpUXDbv0ukXnnNL8m"
"580c9b47-db0e-4021-968b-7bc488e5d93e","SRER_059.basePlot.ltr","D14","SRER","SRER_059","SRER_059_143","2016-09-23","2016-06-06","2016-09-08","2016-09-20T17:50Z","2016-09-23T17:44Z","NEON.LTR.SRER059143.20160908","NEON.LTR.SRER059143.20160908.TWI","NEON.DOC.001710vE","Twigs/branches",0.74,"N",NA,"1jPgPLJsI1yDGXXXpUXDbv0ukXnnNL8m"
"8c3b6dd3-c5f1-4a70-8ba1-e21fa23c66a3","SRER_058.basePlot.ltr","D14","SRER","SRER_058","SRER_058_834","2016-09-23","2016-06-06","2016-09-08","2016-09-20T17:50Z","2016-09-23T17:44Z","NEON.LTR.SRER058834.20160908","NEON.LTR.SRER058834.20160908.WDY","NEON.DOC.001710vE","Woody material",0.05,"N",NA,"1jPgPLJsI1yDGXXXpUXDbv0ukXnnNL8m"
"971565c8-f033-4367-ba2f-a080a8fa347c","SRER_058.basePlot.ltr","D14","SRER","SRER_058","SRER_058_834","2016-09-23","2016-06-06","2016-09-08","2016-09-20T17:50Z","2016-09-23T17:44Z","NEON.LTR.SRER058834.20160908","NEON.LTR.SRER058834.20160908.FLR","NEON.DOC.001710vE","Flowers",0,"N",NA,"1jPgPLJsI1yDGXXXpUXDbv0ukXnnNL8m"
"64a14081-b3c9-42c4-a0ee-e18d66e4778f","SRER_058.basePlot.ltr","D14","SRER","SRER_058","SRER_058_834","2016-09-23","2016-06-06","2016-09-08","2016-09-20T17:50Z","2016-09-23T17:44Z","NEON.LTR.SRER058834.20160908","NEON.LTR.SRER058834.20160908.OTH","NEON.DOC.001710vE","Other",0,"N",NA,"1jPgPLJsI1yDGXXXpUXDbv0ukXnnNL8m"
"0477ab07-0697-4802-b435-40ff4ae8e453","SRER_058.basePlot.ltr","D14","SRER","SRER_058","SRER_058_834","2016-09-23","2016-06-06","2016-09-08","2016-09-20T17:50Z","2016-09-23T17:44Z","NEON.LTR.SRER058834.20160908","NEON.LTR.SRER058834.20160908.NDL","NEON.DOC.001710vE","Needles",0,"N",NA,"1jPgPLJsI1yDGXXXpUXDbv0ukXnnNL8m"
"d66113e2-b1a7-4379-bbc4-3ea10462c8f9","SRER_058.basePlot.ltr","D14","SRER","SRER_058","SRER_058_834","2016-09-23","2016-06-06","2016-09-08","2016-09-20T17:50Z","2016-09-23T17:44Z","NEON.LTR.SRER058834.20160908","NEON.LTR.SRER058834.20160908.TWI","NEON.DOC.001710vE","Twigs/branches",2.08,"N",NA,"1jPgPLJsI1yDGXXXpUXDbv0ukXnnNL8m"
"7dbcda07-50ab-4591-9236-e3bee6d64636","SRER_055.basePlot.ltr","D14","SRER","SRER_055","SRER_055_675","2016-09-23","2016-06-06","2016-09-08","2016-09-20T17:50Z","2016-09-23T17:44Z","NEON.LTR.SRER055675.20160908","NEON.LTR.SRER055675.20160908.TWI","NEON.DOC.001710vE","Twigs/branches",7.87,"N",NA,"1jPgPLJsI1yDGXXXpUXDbv0ukXnnNL8m"
"0ff19736-c429-4cbc-8a14-b7fdf99ac742","SRER_055.basePlot.ltr","D14","SRER","SRER_055","SRER_055_675","2016-09-23","2016-06-06","2016-09-08","2016-09-20T17:50Z","2016-09-23T17:44Z","NEON.LTR.SRER055675.20160908","NEON.LTR.SRER055675.20160908.NDL","NEON.DOC.001710vE","Needles",0,"N",NA,"1jPgPLJsI1yDGXXXpUXDbv0ukXnnNL8m"
"b6def2eb-02fc-4b68-88c7-bca71036b07c","SRER_055.basePlot.ltr","D14","SRER","SRER_055","SRER_055_675","2016-09-23","2016-06-06","2016-09-08","2016-09-20T17:50Z","2016-09-23T17:44Z","NEON.LTR.SRER055675.20160908","NEON.LTR.SRER055675.20160908.SDS","NEON.DOC.001710vE","Seeds",0.05,"N",NA,"1jPgPLJsI1yDGXXXpUXDbv0ukXnnNL8m"
"441f6d3e-7f5a-4f4b-8e83-ea4a64740969","SRER_055.basePlot.ltr","D14","SRER","SRER_055","SRER_055_675","2016-09-23","2016-06-06","2016-09-08","2016-09-20T17:50Z","2016-09-23T17:44Z","NEON.LTR.SRER055675.20160908","NEON.LTR.SRER055675.20160908.LVS","NEON.DOC.001710vE","Leaves",1.51,"N",NA,"1jPgPLJsI1yDGXXXpUXDbv0ukXnnNL8m"
"b9643d50-dd4b-4205-b7c0-7249b8e5a1a5","SRER_055.basePlot.ltr","D14","SRER","SRER_055","SRER_055_675","2016-09-23","2016-06-06","2016-09-08","2016-09-20T17:50Z","2016-09-23T17:44Z","NEON.LTR.SRER055675.20160908","NEON.LTR.SRER055675.20160908.FLR","NEON.DOC.001710vE","Flowers",0,"N",NA,"1jPgPLJsI1yDGXXXpUXDbv0ukXnnNL8m"
"ad9a2c14-d094-4065-bb7d-9c3b63ad17fc","SRER_055.basePlot.ltr","D14","SRER","SRER_055","SRER_055_675","2016-09-23","2016-06-06","2016-09-08","2016-09-20T17:50Z","2016-09-23T17:44Z","NEON.LTR.SRER055675.20160908","NEON.LTR.SRER055675.20160908.WDY","NEON.DOC.001710vE","Woody material",1.28,"N",NA,"1jPgPLJsI1yDGXXXpUXDbv0ukXnnNL8m"
"c2d67515-7206-461b-b92a-1e7099958eca","SRER_055.basePlot.ltr","D14","SRER","SRER_055","SRER_055_675","2016-09-23","2016-06-06","2016-09-08","2016-09-20T17:50Z","2016-09-23T17:44Z","NEON.LTR.SRER055675.20160908","NEON.LTR.SRER055675.20160908.OTH","NEON.DOC.001710vE","Other",0,"N",NA,"1jPgPLJsI1yDGXXXpUXDbv0ukXnnNL8m"
"5f8d45fa-c5d9-42c1-b527-17ae073a8f31","SRER_055.basePlot.ltr","D14","SRER","SRER_055","SRER_055_838","2016-09-23","2016-06-06","2016-09-08","2016-09-20T17:50Z","2016-09-23T17:44Z","NEON.LTR.SRER055838.20160908","NEON.LTR.SRER055838.20160908.LVS","NEON.DOC.001710vE","Leaves",23.73,"N",NA,"1jPgPLJsI1yDGXXXpUXDbv0ukXnnNL8m"
"749f0333-f76e-440a-9f4b-44590ee4cff7","SRER_055.basePlot.ltr","D14","SRER","SRER_055","SRER_055_838","2016-09-23","2016-06-06","2016-09-08","2016-09-20T17:50Z","2016-09-23T17:44Z","NEON.LTR.SRER055838.20160908","NEON.LTR.SRER055838.20160908.OTH","NEON.DOC.001710vE","Other",0.39,"N",NA,"1jPgPLJsI1yDGXXXpUXDbv0ukXnnNL8m"
"c4481ab9-0b49-4a4d-9a2c-edefd26df1fc","SRER_055.basePlot.ltr","D14","SRER","SRER_055","SRER_055_838","2016-09-23","2016-06-06","2016-09-08","2016-09-20T17:50Z","2016-09-23T17:44Z","NEON.LTR.SRER055838.20160908","NEON.LTR.SRER055838.20160908.SDS","NEON.DOC.001710vE","Seeds",0.03,"N",NA,"1jPgPLJsI1yDGXXXpUXDbv0ukXnnNL8m"
"57a7435a-903d-4c8c-9703-1e4b962b5bdd","SRER_055.basePlot.ltr","D14","SRER","SRER_055","SRER_055_838","2016-09-23","2016-06-06","2016-09-08","2016-09-20T17:50Z","2016-09-23T17:44Z","NEON.LTR.SRER055838.20160908","NEON.LTR.SRER055838.20160908.NDL","NEON.DOC.001710vE","Needles",0,"N",NA,"1jPgPLJsI1yDGXXXpUXDbv0ukXnnNL8m"
"0bf20bcc-d6a6-4620-952f-bbbdcb352816","SRER_055.basePlot.ltr","D14","SRER","SRER_055","SRER_055_838","2016-09-23","2016-06-06","2016-09-08","2016-09-20T17:50Z","2016-09-23T17:44Z","NEON.LTR.SRER055838.20160908","NEON.LTR.SRER055838.20160908.FLR","NEON.DOC.001710vE","Flowers",0.005,"N",NA,"1jPgPLJsI1yDGXXXpUXDbv0ukXnnNL8m"
"e9e43487-c9cc-426a-9a14-6fe30cf2e699","SRER_055.basePlot.ltr","D14","SRER","SRER_055","SRER_055_838","2016-09-23","2016-06-06","2016-09-08","2016-09-20T17:50Z","2016-09-23T17:44Z","NEON.LTR.SRER055838.20160908","NEON.LTR.SRER055838.20160908.TWI","NEON.DOC.001710vE","Twigs/branches",6.69,"N",NA,"1jPgPLJsI1yDGXXXpUXDbv0ukXnnNL8m"
"574ae4cd-8da8-435b-bcfb-39d67eaa2bde","SRER_055.basePlot.ltr","D14","SRER","SRER_055","SRER_055_838","2016-09-23","2016-06-06","2016-09-08","2016-09-20T17:50Z","2016-09-23T17:44Z","NEON.LTR.SRER055838.20160908","NEON.LTR.SRER055838.20160908.WDY","NEON.DOC.001710vE","Woody material",0.01,"N",NA,"1jPgPLJsI1yDGXXXpUXDbv0ukXnnNL8m"
"d6b3eca0-a4d2-4aba-84d4-94d791be1965","SRER_056.basePlot.ltr","D14","SRER","SRER_056","SRER_056_510","2016-09-23","2016-06-06","2016-09-08","2016-09-20T17:50Z","2016-09-23T17:44Z","NEON.LTR.SRER056510.20160908","NEON.LTR.SRER056510.20160908.LVS","NEON.DOC.001710vE","Leaves",13.6,"N",NA,"1jPgPLJsI1yDGXXXpUXDbv0ukXnnNL8m"
"5d9ecd22-b2e4-465a-80de-4f9c6b33b4e7","SRER_056.basePlot.ltr","D14","SRER","SRER_056","SRER_056_510","2016-09-23","2016-06-06","2016-09-08","2016-09-20T17:50Z","2016-09-23T17:44Z","NEON.LTR.SRER056510.20160908","NEON.LTR.SRER056510.20160908.NDL","NEON.DOC.001710vE","Needles",0,"N",NA,"1jPgPLJsI1yDGXXXpUXDbv0ukXnnNL8m"
"e5664c71-685f-4b4e-bcfd-809267b10659","SRER_056.basePlot.ltr","D14","SRER","SRER_056","SRER_056_510","2016-09-23","2016-06-06","2016-09-08","2016-09-20T17:50Z","2016-09-23T17:44Z","NEON.LTR.SRER056510.20160908","NEON.LTR.SRER056510.20160908.FLR","NEON.DOC.001710vE","Flowers",0.005,"N",NA,"1jPgPLJsI1yDGXXXpUXDbv0ukXnnNL8m"
"4debd184-d7c7-47f1-aff8-da71ee43b2fe","SRER_056.basePlot.ltr","D14","SRER","SRER_056","SRER_056_510","2016-09-23","2016-06-06","2016-09-08","2016-09-20T17:50Z","2016-09-23T17:44Z","NEON.LTR.SRER056510.20160908","NEON.LTR.SRER056510.20160908.SDS","NEON.DOC.001710vE","Seeds",0.07,"N",NA,"1jPgPLJsI1yDGXXXpUXDbv0ukXnnNL8m"
"e481b031-10fa-4036-9eff-3a6daacb58a3","SRER_056.basePlot.ltr","D14","SRER","SRER_056","SRER_056_510","2016-09-23","2016-06-06","2016-09-08","2016-09-20T17:50Z","2016-09-23T17:44Z","NEON.LTR.SRER056510.20160908","NEON.LTR.SRER056510.20160908.TWI","NEON.DOC.001710vE","Twigs/branches",2.55,"N",NA,"1jPgPLJsI1yDGXXXpUXDbv0ukXnnNL8m"
"b60eedfe-bc03-4400-9772-198ae1ea61df","SRER_056.basePlot.ltr","D14","SRER","SRER_056","SRER_056_510","2016-09-23","2016-06-06","2016-09-08","2016-09-20T17:50Z","2016-09-23T17:44Z","NEON.LTR.SRER056510.20160908","NEON.LTR.SRER056510.20160908.WDY","NEON.DOC.001710vE","Woody material",0.12,"N",NA,"1jPgPLJsI1yDGXXXpUXDbv0ukXnnNL8m"
"0386bc2a-a4e2-41d5-ae8e-806d7aaa244d","SRER_056.basePlot.ltr","D14","SRER","SRER_056","SRER_056_510","2016-09-23","2016-06-06","2016-09-08","2016-09-20T17:50Z","2016-09-23T17:44Z","NEON.LTR.SRER056510.20160908","NEON.LTR.SRER056510.20160908.OTH","NEON.DOC.001710vE","Other",0,"N",NA,"1jPgPLJsI1yDGXXXpUXDbv0ukXnnNL8m"
"c9f5f46e-13b7-4471-880c-f4428425a99a","SRER_056.basePlot.ltr","D14","SRER","SRER_056","SRER_056_795","2016-09-23","2016-06-06","2016-09-08","2016-09-20T17:50Z","2016-09-23T17:44Z","NEON.LTR.SRER056795.20160908","NEON.LTR.SRER056795.20160908.LVS","NEON.DOC.001710vE","Leaves",4.03,"N",NA,"1jPgPLJsI1yDGXXXpUXDbv0ukXnnNL8m"
"f5b480af-5947-46df-933b-7f2d9b77823d","SRER_056.basePlot.ltr","D14","SRER","SRER_056","SRER_056_795","2016-09-23","2016-06-06","2016-09-08","2016-09-20T17:50Z","2016-09-23T17:44Z","NEON.LTR.SRER056795.20160908","NEON.LTR.SRER056795.20160908.NDL","NEON.DOC.001710vE","Needles",0,"N",NA,"1jPgPLJsI1yDGXXXpUXDbv0ukXnnNL8m"
"9776e6fa-16b7-40f8-ab3b-ccf40b87fe4e","SRER_056.basePlot.ltr","D14","SRER","SRER_056","SRER_056_795","2016-09-23","2016-06-06","2016-09-08","2016-09-20T17:50Z","2016-09-23T17:44Z","NEON.LTR.SRER056795.20160908","NEON.LTR.SRER056795.20160908.OTH","NEON.DOC.001710vE","Other",0.22,"N",NA,"1jPgPLJsI1yDGXXXpUXDbv0ukXnnNL8m"
"9bc10ca3-ea29-41f3-a12e-24dfc6c21e2e","SRER_056.basePlot.ltr","D14","SRER","SRER_056","SRER_056_795","2016-09-23","2016-06-06","2016-09-08","2016-09-20T17:50Z","2016-09-23T17:44Z","NEON.LTR.SRER056795.20160908","NEON.LTR.SRER056795.20160908.FLR","NEON.DOC.001710vE","Flowers",0.04,"N",NA,"1jPgPLJsI1yDGXXXpUXDbv0ukXnnNL8m"
"7cca0bf7-6b6f-44a7-bebf-3631116b5834","SRER_056.basePlot.ltr","D14","SRER","SRER_056","SRER_056_795","2016-09-23","2016-06-06","2016-09-08","2016-09-20T17:50Z","2016-09-23T17:44Z","NEON.LTR.SRER056795.20160908","NEON.LTR.SRER056795.20160908.SDS","NEON.DOC.001710vE","Seeds",0.16,"N",NA,"1jPgPLJsI1yDGXXXpUXDbv0ukXnnNL8m"
"87eab224-931c-49ef-b5c0-5e7b4ae6aeec","SRER_056.basePlot.ltr","D14","SRER","SRER_056","SRER_056_795","2016-09-23","2016-06-06","2016-09-08","2016-09-20T17:50Z","2016-09-23T17:44Z","NEON.LTR.SRER056795.20160908","NEON.LTR.SRER056795.20160908.TWI","NEON.DOC.001710vE","Twigs/branches",1.52,"N",NA,"1jPgPLJsI1yDGXXXpUXDbv0ukXnnNL8m"
"613b9e81-29a6-4e1b-89d2-d0f325fd692f","SRER_056.basePlot.ltr","D14","SRER","SRER_056","SRER_056_795","2016-09-23","2016-06-06","2016-09-08","2016-09-20T17:50Z","2016-09-23T17:44Z","NEON.LTR.SRER056795.20160908","NEON.LTR.SRER056795.20160908.WDY","NEON.DOC.001710vE","Woody material",0.005,"N",NA,"1jPgPLJsI1yDGXXXpUXDbv0ukXnnNL8m"
"a3b93107-9173-455b-8ce2-0b3148d282c0","SRER_057.basePlot.ltr","D14","SRER","SRER_057","SRER_057_357","2016-09-23","2016-06-06","2016-09-08","2016-09-20T17:50Z","2016-09-23T17:44Z","NEON.LTR.SRER057357.20160908","NEON.LTR.SRER057357.20160908.LVS","NEON.DOC.001710vE","Leaves",2.26,"N",NA,"1jPgPLJsI1yDGXXXpUXDbv0ukXnnNL8m"
"44dc8e27-d994-4297-be24-def566540eee","SRER_057.basePlot.ltr","D14","SRER","SRER_057","SRER_057_357","2016-09-23","2016-06-06","2016-09-08","2016-09-20T17:50Z","2016-09-23T17:44Z","NEON.LTR.SRER057357.20160908","NEON.LTR.SRER057357.20160908.FLR","NEON.DOC.001710vE","Flowers",0.005,"N",NA,"1jPgPLJsI1yDGXXXpUXDbv0ukXnnNL8m"
"8a5b9369-1071-427c-889a-cffd0d269649","SRER_057.basePlot.ltr","D14","SRER","SRER_057","SRER_057_357","2016-09-23","2016-06-06","2016-09-08","2016-09-20T17:50Z","2016-09-23T17:44Z","NEON.LTR.SRER057357.20160908","NEON.LTR.SRER057357.20160908.SDS","NEON.DOC.001710vE","Seeds",0.08,"N",NA,"1jPgPLJsI1yDGXXXpUXDbv0ukXnnNL8m"
"a6cba04b-7b86-4a7a-adb9-3aedcda4a054","SRER_057.basePlot.ltr","D14","SRER","SRER_057","SRER_057_357","2016-09-23","2016-06-06","2016-09-08","2016-09-20T17:50Z","2016-09-23T17:44Z","NEON.LTR.SRER057357.20160908","NEON.LTR.SRER057357.20160908.TWI","NEON.DOC.001710vE","Twigs/branches",1.02,"N",NA,"1jPgPLJsI1yDGXXXpUXDbv0ukXnnNL8m"
"19156376-70ba-4b90-ac56-7daf4f1dc6dd","SRER_057.basePlot.ltr","D14","SRER","SRER_057","SRER_057_357","2016-09-23","2016-06-06","2016-09-08","2016-09-20T17:50Z","2016-09-23T17:44Z","NEON.LTR.SRER057357.20160908","NEON.LTR.SRER057357.20160908.WDY","NEON.DOC.001710vE","Woody material",0,"N",NA,"1jPgPLJsI1yDGXXXpUXDbv0ukXnnNL8m"
"edc8cca3-96e5-46f6-997d-50736f8efbe3","SRER_057.basePlot.ltr","D14","SRER","SRER_057","SRER_057_357","2016-09-23","2016-06-06","2016-09-08","2016-09-20T17:50Z","2016-09-23T17:44Z","NEON.LTR.SRER057357.20160908","NEON.LTR.SRER057357.20160908.OTH","NEON.DOC.001710vE","Other",0,"N",NA,"1jPgPLJsI1yDGXXXpUXDbv0ukXnnNL8m"
"f9756f41-1594-403f-a8da-b51ed38793b8","SRER_057.basePlot.ltr","D14","SRER","SRER_057","SRER_057_357","2016-09-23","2016-06-06","2016-09-08","2016-09-20T17:50Z","2016-09-23T17:44Z","NEON.LTR.SRER057357.20160908","NEON.LTR.SRER057357.20160908.NDL","NEON.DOC.001710vE","Needles",0,"N",NA,"1jPgPLJsI1yDGXXXpUXDbv0ukXnnNL8m"
"861661f9-c572-4e21-a42e-0acc3e7108c5","SRER_057.basePlot.ltr","D14","SRER","SRER_057","SRER_057_916","2016-09-23","2016-06-06","2016-09-08","2016-09-20T17:50Z","2016-09-23T17:44Z","NEON.LTR.SRER057916.20160908","NEON.LTR.SRER057916.20160908.NDL","NEON.DOC.001710vE","Needles",0,"N",NA,"1jPgPLJsI1yDGXXXpUXDbv0ukXnnNL8m"
"aaa9cf17-4c87-4918-aa24-60dc3eda8439","SRER_057.basePlot.ltr","D14","SRER","SRER_057","SRER_057_916","2016-09-23","2016-06-06","2016-09-08","2016-09-20T17:50Z","2016-09-23T17:44Z","NEON.LTR.SRER057916.20160908","NEON.LTR.SRER057916.20160908.LVS","NEON.DOC.001710vE","Leaves",15.81,"N",NA,"1jPgPLJsI1yDGXXXpUXDbv0ukXnnNL8m"
"80a906b9-8da0-4ddc-8404-0a946814d28f","SRER_057.basePlot.ltr","D14","SRER","SRER_057","SRER_057_916","2016-09-23","2016-06-06","2016-09-08","2016-09-20T17:50Z","2016-09-23T17:44Z","NEON.LTR.SRER057916.20160908","NEON.LTR.SRER057916.20160908.WDY","NEON.DOC.001710vE","Woody material",0.005,"N",NA,"1jPgPLJsI1yDGXXXpUXDbv0ukXnnNL8m"
"b14fd059-94b0-45ab-8446-61031a1b5b7a","SRER_057.basePlot.ltr","D14","SRER","SRER_057","SRER_057_916","2016-09-23","2016-06-06","2016-09-08","2016-09-20T17:50Z","2016-09-23T17:44Z","NEON.LTR.SRER057916.20160908","NEON.LTR.SRER057916.20160908.SDS","NEON.DOC.001710vE","Seeds",0.32,"N",NA,"1jPgPLJsI1yDGXXXpUXDbv0ukXnnNL8m"
"7e1274ef-f758-4c75-b17a-77a464a81473","SRER_057.basePlot.ltr","D14","SRER","SRER_057","SRER_057_916","2016-09-23","2016-06-06","2016-09-08","2016-09-20T17:50Z","2016-09-23T17:44Z","NEON.LTR.SRER057916.20160908","NEON.LTR.SRER057916.20160908.TWI","NEON.DOC.001710vE","Twigs/branches",4,"N",NA,"1jPgPLJsI1yDGXXXpUXDbv0ukXnnNL8m"
"2f7200da-0254-43a4-89f9-1ac5c94a8bad","SRER_057.basePlot.ltr","D14","SRER","SRER_057","SRER_057_916","2016-09-23","2016-06-06","2016-09-08","2016-09-20T17:50Z","2016-09-23T17:44Z","NEON.LTR.SRER057916.20160908","NEON.LTR.SRER057916.20160908.OTH","NEON.DOC.001710vE","Other",0.45,"N",NA,"1jPgPLJsI1yDGXXXpUXDbv0ukXnnNL8m"
"5b2c9af3-5a79-4caa-92da-94b493317205","SRER_057.basePlot.ltr","D14","SRER","SRER_057","SRER_057_916","2016-09-23","2016-06-06","2016-09-08","2016-09-20T17:50Z","2016-09-23T17:44Z","NEON.LTR.SRER057916.20160908","NEON.LTR.SRER057916.20160908.FLR","NEON.DOC.001710vE","Flowers",0,"N",NA,"1jPgPLJsI1yDGXXXpUXDbv0ukXnnNL8m"
"6cd865a6-fa98-4cdf-8716-a2fc57a2099d","SRER_058.basePlot.ltr","D14","SRER","SRER_058","SRER_058_426","2016-09-23","2016-06-06","2016-09-08","2016-09-20T17:50Z","2016-09-23T17:44Z","NEON.LTR.SRER058426.20160908","NEON.LTR.SRER058426.20160908.LVS","NEON.DOC.001710vE","Leaves",4.46,"N",NA,"1jPgPLJsI1yDGXXXpUXDbv0ukXnnNL8m"
"551a8280-8f76-46cd-8d40-a645aecc41bc","SRER_058.basePlot.ltr","D14","SRER","SRER_058","SRER_058_426","2016-09-23","2016-06-06","2016-09-08","2016-09-20T17:50Z","2016-09-23T17:44Z","NEON.LTR.SRER058426.20160908","NEON.LTR.SRER058426.20160908.NDL","NEON.DOC.001710vE","Needles",0,"N",NA,"1jPgPLJsI1yDGXXXpUXDbv0ukXnnNL8m"
"8a7aff55-4134-435c-9035-bab0c107f00e","SRER_058.basePlot.ltr","D14","SRER","SRER_058","SRER_058_426","2016-09-23","2016-06-06","2016-09-08","2016-09-20T17:50Z","2016-09-23T17:44Z","NEON.LTR.SRER058426.20160908","NEON.LTR.SRER058426.20160908.OTH","NEON.DOC.001710vE","Other",0.005,"N",NA,"1jPgPLJsI1yDGXXXpUXDbv0ukXnnNL8m"
"b6bbc988-515f-4c9e-aba8-2a79f0dc60d3","SRER_058.basePlot.ltr","D14","SRER","SRER_058","SRER_058_426","2016-09-23","2016-06-06","2016-09-08","2016-09-20T17:50Z","2016-09-23T17:44Z","NEON.LTR.SRER058426.20160908","NEON.LTR.SRER058426.20160908.FLR","NEON.DOC.001710vE","Flowers",0.35,"N",NA,"1jPgPLJsI1yDGXXXpUXDbv0ukXnnNL8m"
"5e9b8fb7-4bbd-47da-97ec-2b99cc272499","SRER_058.basePlot.ltr","D14","SRER","SRER_058","SRER_058_426","2016-09-23","2016-06-06","2016-09-08","2016-09-20T17:50Z","2016-09-23T17:44Z","NEON.LTR.SRER058426.20160908","NEON.LTR.SRER058426.20160908.SDS","NEON.DOC.001710vE","Seeds",0.005,"N",NA,"1jPgPLJsI1yDGXXXpUXDbv0ukXnnNL8m"
"b384466d-346f-41c7-991b-5b4e041d3423","SRER_058.basePlot.ltr","D14","SRER","SRER_058","SRER_058_426","2016-09-23","2016-06-06","2016-09-08","2016-09-20T17:50Z","2016-09-23T17:44Z","NEON.LTR.SRER058426.20160908","NEON.LTR.SRER058426.20160908.TWI","NEON.DOC.001710vE","Twigs/branches",1,"N",NA,"1jPgPLJsI1yDGXXXpUXDbv0ukXnnNL8m"
"726222d9-2259-4612-b464-a3a74dbd8f6b","SRER_058.basePlot.ltr","D14","SRER","SRER_058","SRER_058_426","2016-09-23","2016-06-06","2016-09-08","2016-09-20T17:50Z","2016-09-23T17:44Z","NEON.LTR.SRER058426.20160908","NEON.LTR.SRER058426.20160908.WDY","NEON.DOC.001710vE","Woody material",0.06,"N",NA,"1jPgPLJsI1yDGXXXpUXDbv0ukXnnNL8m"
"3a715c24-8c1b-4464-b3d4-c4c77dfac070","SRER_058.basePlot.ltr","D14","SRER","SRER_058","SRER_058_834","2016-09-23","2016-06-06","2016-09-08","2016-09-20T17:50Z","2016-09-23T17:44Z","NEON.LTR.SRER058834.20160908","NEON.LTR.SRER058834.20160908.LVS","NEON.DOC.001710vE","Leaves",5.77,"N",NA,"1jPgPLJsI1yDGXXXpUXDbv0ukXnnNL8m"
"e11f5d65-6024-47a9-9b90-ca8a1cae065f","SRER_054.basePlot.ltr","D14","SRER","SRER_054","SRER_054_859","2016-09-23","2016-06-06","2016-09-08","2016-09-20T17:50Z","2016-09-23T17:44Z","NEON.LTR.SRER054859.20160908","NEON.LTR.SRER054859.20160908.SDS","NEON.DOC.001710vE","Seeds",0.02,"N",NA,"1jPgPLJsI1yDGXXXpUXDbv0ukXnnNL8m"
"746f64d8-a460-4146-bddb-ef22aa5ff905","SRER_054.basePlot.ltr","D14","SRER","SRER_054","SRER_054_859","2016-09-23","2016-06-06","2016-09-08","2016-09-20T17:50Z","2016-09-23T17:44Z","NEON.LTR.SRER054859.20160908","NEON.LTR.SRER054859.20160908.LVS","NEON.DOC.001710vE","Leaves",0.73,"N",NA,"1jPgPLJsI1yDGXXXpUXDbv0ukXnnNL8m"
"493d5309-873b-4dd7-aa4c-afe62d6dbaa7","SRER_054.basePlot.ltr","D14","SRER","SRER_054","SRER_054_859","2016-09-23","2016-06-06","2016-09-08","2016-09-20T17:50Z","2016-09-23T17:44Z","NEON.LTR.SRER054859.20160908","NEON.LTR.SRER054859.20160908.OTH","NEON.DOC.001710vE","Other",0.005,"N",NA,"1jPgPLJsI1yDGXXXpUXDbv0ukXnnNL8m"
"65716635-0118-484f-b02c-b9723b5cc1bb","SRER_054.basePlot.ltr","D14","SRER","SRER_054","SRER_054_859","2016-09-23","2016-06-06","2016-09-08","2016-09-20T17:50Z","2016-09-23T17:44Z","NEON.LTR.SRER054859.20160908","NEON.LTR.SRER054859.20160908.FLR","NEON.DOC.001710vE","Flowers",0.005,"N",NA,"1jPgPLJsI1yDGXXXpUXDbv0ukXnnNL8m"
"302f3d4e-257b-4f4b-8093-2ea7372228ac","SRER_054.basePlot.ltr","D14","SRER","SRER_054","SRER_054_859","2016-09-23","2016-06-06","2016-09-08","2016-09-20T17:50Z","2016-09-23T17:44Z","NEON.LTR.SRER054859.20160908","NEON.LTR.SRER054859.20160908.NDL","NEON.DOC.001710vE","Needles",0,"N",NA,"1jPgPLJsI1yDGXXXpUXDbv0ukXnnNL8m"
"ace5bfac-53a9-4a85-9703-ad8bf518454c","SRER_054.basePlot.ltr","D14","SRER","SRER_054","SRER_054_524","2016-09-23","2016-06-06","2016-09-08","2016-09-20T17:50Z","2016-09-23T17:44Z","NEON.LTR.SRER054524.20160908","NEON.LTR.SRER054524.20160908.TWI","NEON.DOC.001710vE","Twigs/branches",0.15,"N",NA,"1jPgPLJsI1yDGXXXpUXDbv0ukXnnNL8m"
"e136c56f-3968-4d3c-87ef-9e8f83e2daa0","SRER_054.basePlot.ltr","D14","SRER","SRER_054","SRER_054_524","2016-09-23","2016-06-06","2016-09-08","2016-09-20T17:50Z","2016-09-23T17:44Z","NEON.LTR.SRER054524.20160908","NEON.LTR.SRER054524.20160908.OTH","NEON.DOC.001710vE","Other",0,"N",NA,"1jPgPLJsI1yDGXXXpUXDbv0ukXnnNL8m"
"c058d95e-ea13-4a1a-80eb-a8a634530335","SRER_054.basePlot.ltr","D14","SRER","SRER_054","SRER_054_859","2016-09-23","2016-06-06","2016-09-08","2016-09-20T17:50Z","2016-09-23T17:44Z","NEON.LTR.SRER054859.20160908","NEON.LTR.SRER054859.20160908.TWI","NEON.DOC.001710vE","Twigs/branches",0.7,"Y",NA,"1jPgPLJsI1yDGXXXpUXDbv0ukXnnNL8m"
"94cc35c5-993a-47ff-a49e-df14f4f6419a","SRER_054.basePlot.ltr","D14","SRER","SRER_054","SRER_054_859","2016-09-23","2016-06-06","2016-09-08","2016-09-20T17:50Z","2016-09-23T17:44Z","NEON.LTR.SRER054859.20160908","NEON.LTR.SRER054859.20160908.WDY","NEON.DOC.001710vE","Woody material",0.005,"N",NA,"1jPgPLJsI1yDGXXXpUXDbv0ukXnnNL8m"
"b6daeb59-3596-4d88-8bb5-0ab6b3c188cb","SRER_054.basePlot.ltr","D14","SRER","SRER_054","SRER_054_524","2016-09-23","2016-06-06","2016-09-08","2016-09-20T17:50Z","2016-09-23T17:44Z","NEON.LTR.SRER054524.20160908","NEON.LTR.SRER054524.20160908.FLR","NEON.DOC.001710vE","Flowers",0.54,"N",NA,"1jPgPLJsI1yDGXXXpUXDbv0ukXnnNL8m"
"1ee2bdbb-b046-44bf-ae8e-21428cdf9180","SRER_054.basePlot.ltr","D14","SRER","SRER_054","SRER_054_524","2016-09-23","2016-06-06","2016-09-08","2016-09-20T17:50Z","2016-09-23T17:44Z","NEON.LTR.SRER054524.20160908","NEON.LTR.SRER054524.20160908.SDS","NEON.DOC.001710vE","Seeds",0.06,"N",NA,"1jPgPLJsI1yDGXXXpUXDbv0ukXnnNL8m"
"c6581080-18b1-4426-9903-f1c0f28345fb","SRER_054.basePlot.ltr","D14","SRER","SRER_054","SRER_054_524","2016-09-23","2016-06-06","2016-09-08","2016-09-20T17:50Z","2016-09-23T17:44Z","NEON.LTR.SRER054524.20160908","NEON.LTR.SRER054524.20160908.WDY","NEON.DOC.001710vE","Woody material",0.08,"N",NA,"1jPgPLJsI1yDGXXXpUXDbv0ukXnnNL8m"
"d896ee43-e4cb-4c18-aa77-b59c48453339","SRER_053.basePlot.ltr","D14","SRER","SRER_053","SRER_053_878","2016-09-23","2016-06-06","2016-09-08","2016-09-20T17:50Z","2016-09-23T17:44Z","NEON.LTR.SRER053878.20160908","NEON.LTR.SRER053878.20160908.FLR","NEON.DOC.001710vE","Flowers",0,"N",NA,"1jPgPLJsI1yDGXXXpUXDbv0ukXnnNL8m"
"f76ca21b-411c-46a5-9b83-2398eda14de2","SRER_054.basePlot.ltr","D14","SRER","SRER_054","SRER_054_524","2016-09-23","2016-06-06","2016-09-08","2016-09-20T17:50Z","2016-09-23T17:44Z","NEON.LTR.SRER054524.20160908","NEON.LTR.SRER054524.20160908.LVS","NEON.DOC.001710vE","Leaves",1.61,"N",NA,"1jPgPLJsI1yDGXXXpUXDbv0ukXnnNL8m"
"b62f76f0-f7a6-4acc-866e-0592343fb013","SRER_054.basePlot.ltr","D14","SRER","SRER_054","SRER_054_524","2016-09-23","2016-06-06","2016-09-08","2016-09-20T17:50Z","2016-09-23T17:44Z","NEON.LTR.SRER054524.20160908","NEON.LTR.SRER054524.20160908.NDL","NEON.DOC.001710vE","Needles",0,"N",NA,"1jPgPLJsI1yDGXXXpUXDbv0ukXnnNL8m"
"f69204d7-d751-4080-94db-c2a7d6659d9e","SRER_053.basePlot.ltr","D14","SRER","SRER_053","SRER_053_878","2016-09-23","2016-06-06","2016-09-08","2016-09-20T17:50Z","2016-09-23T17:44Z","NEON.LTR.SRER053878.20160908","NEON.LTR.SRER053878.20160908.TWI","NEON.DOC.001710vE","Twigs/branches",7.47,"N",NA,"1jPgPLJsI1yDGXXXpUXDbv0ukXnnNL8m"
"f776bf46-7fa5-40cd-960e-a9bf9d9f574c","SRER_053.basePlot.ltr","D14","SRER","SRER_053","SRER_053_878","2016-09-23","2016-06-06","2016-09-08","2016-09-20T17:50Z","2016-09-23T17:44Z","NEON.LTR.SRER053878.20160908","NEON.LTR.SRER053878.20160908.OTH","NEON.DOC.001710vE","Other",0,"N",NA,"1jPgPLJsI1yDGXXXpUXDbv0ukXnnNL8m"
"0a326ab8-53ac-4825-a1f8-377af158d320","SRER_053.basePlot.ltr","D14","SRER","SRER_053","SRER_053_878","2016-09-23","2016-06-06","2016-09-08","2016-09-20T17:50Z","2016-09-23T17:44Z","NEON.LTR.SRER053878.20160908","NEON.LTR.SRER053878.20160908.NDL","NEON.DOC.001710vE","Needles",0,"N",NA,"1jPgPLJsI1yDGXXXpUXDbv0ukXnnNL8m"
"f14a7b1d-cb2d-4721-a717-1578bc919239","SRER_053.basePlot.ltr","D14","SRER","SRER_053","SRER_053_878","2016-09-23","2016-06-06","2016-09-08","2016-09-20T17:50Z","2016-09-23T17:44Z","NEON.LTR.SRER053878.20160908","NEON.LTR.SRER053878.20160908.SDS","NEON.DOC.001710vE","Seeds",1.41,"N",NA,"1jPgPLJsI1yDGXXXpUXDbv0ukXnnNL8m"
"b79fecaa-3992-4d99-b9de-8a577ec278f1","SRER_053.basePlot.ltr","D14","SRER","SRER_053","SRER_053_878","2016-09-23","2016-06-06","2016-09-08","2016-09-20T17:50Z","2016-09-23T17:44Z","NEON.LTR.SRER053878.20160908","NEON.LTR.SRER053878.20160908.WDY","NEON.DOC.001710vE","Woody material",0.13,"N",NA,"1jPgPLJsI1yDGXXXpUXDbv0ukXnnNL8m"
"a6118687-091f-4f12-84cb-487aa5cc0b08","SRER_053.basePlot.ltr","D14","SRER","SRER_053","SRER_053_519","2016-09-23","2016-06-06","2016-09-08","2016-09-20T17:50Z","2016-09-23T17:44Z","NEON.LTR.SRER053519.20160908","NEON.LTR.SRER053519.20160908.FLR","NEON.DOC.001710vE","Flowers",0.05,"N",NA,"1jPgPLJsI1yDGXXXpUXDbv0ukXnnNL8m"
"14c48453-9b7d-4893-b278-458dcda91224","SRER_053.basePlot.ltr","D14","SRER","SRER_053","SRER_053_519","2016-09-23","2016-06-06","2016-09-08","2016-09-20T17:50Z","2016-09-23T17:44Z","NEON.LTR.SRER053519.20160908","NEON.LTR.SRER053519.20160908.WDY","NEON.DOC.001710vE","Woody material",0,"N",NA,"1jPgPLJsI1yDGXXXpUXDbv0ukXnnNL8m"
"9dac97a7-7de3-4966-a741-41d6d350d715","SRER_053.basePlot.ltr","D14","SRER","SRER_053","SRER_053_878","2016-09-23","2016-06-06","2016-09-08","2016-09-20T17:50Z","2016-09-23T17:44Z","NEON.LTR.SRER053878.20160908","NEON.LTR.SRER053878.20160908.LVS","NEON.DOC.001710vE","Leaves",24.06,"N",NA,"1jPgPLJsI1yDGXXXpUXDbv0ukXnnNL8m"
"5fe2f453-1c82-40fc-9199-511d2968d04b","SRER_053.basePlot.ltr","D14","SRER","SRER_053","SRER_053_519","2016-09-23","2016-06-06","2016-09-08","2016-09-20T17:50Z","2016-09-23T17:44Z","NEON.LTR.SRER053519.20160908","NEON.LTR.SRER053519.20160908.OTH","NEON.DOC.001710vE","Other",0.12,"N",NA,"1jPgPLJsI1yDGXXXpUXDbv0ukXnnNL8m"
"486875d0-49a5-4f29-9315-f850770a4c33","SRER_053.basePlot.ltr","D14","SRER","SRER_053","SRER_053_519","2016-09-23","2016-06-06","2016-09-08","2016-09-20T17:50Z","2016-09-23T17:44Z","NEON.LTR.SRER053519.20160908","NEON.LTR.SRER053519.20160908.SDS","NEON.DOC.001710vE","Seeds",0.27,"Y",NA,"1jPgPLJsI1yDGXXXpUXDbv0ukXnnNL8m"
"dc568dbb-f263-4b48-9038-ab26ef08a1a6","SRER_053.basePlot.ltr","D14","SRER","SRER_053","SRER_053_519","2016-09-23","2016-06-06","2016-09-08","2016-09-20T17:50Z","2016-09-23T17:44Z","NEON.LTR.SRER053519.20160908","NEON.LTR.SRER053519.20160908.LVS","NEON.DOC.001710vE","Leaves",11.82,"Y",NA,"1jPgPLJsI1yDGXXXpUXDbv0ukXnnNL8m"
"66945cb8-53da-472a-b033-06aa9be51fdd","SRER_053.basePlot.ltr","D14","SRER","SRER_053","SRER_053_519","2016-09-23","2016-06-06","2016-09-08","2016-09-20T17:50Z","2016-09-23T17:44Z","NEON.LTR.SRER053519.20160908","NEON.LTR.SRER053519.20160908.NDL","NEON.DOC.001710vE","Needles",0,"N",NA,"1jPgPLJsI1yDGXXXpUXDbv0ukXnnNL8m"
"e7f63809-d507-40b7-a0b9-955b465aed88","SRER_053.basePlot.ltr","D14","SRER","SRER_053","SRER_053_519","2016-09-23","2016-06-06","2016-09-08","2016-09-20T17:50Z","2016-09-23T17:44Z","NEON.LTR.SRER053519.20160908","NEON.LTR.SRER053519.20160908.TWI","NEON.DOC.001710vE","Twigs/branches",2.95,"N",NA,"1jPgPLJsI1yDGXXXpUXDbv0ukXnnNL8m"
"e32f7c0a-03c9-46bc-8e60-d8fd94745d20","SRER_052.basePlot.ltr","D14","SRER","SRER_052","SRER_052_514","2016-09-23","2016-06-06","2016-09-08","2016-09-20T17:50Z","2016-09-23T17:44Z","NEON.LTR.SRER052514.20160908","NEON.LTR.SRER052514.20160908.SDS","NEON.DOC.001710vE","Seeds",0.31,"N",NA,"1jPgPLJsI1yDGXXXpUXDbv0ukXnnNL8m"
"a7e3f1e8-bf03-4ad8-9f2a-fda3a116f080","SRER_052.basePlot.ltr","D14","SRER","SRER_052","SRER_052_514","2016-09-23","2016-06-06","2016-09-08","2016-09-20T17:50Z","2016-09-23T17:44Z","NEON.LTR.SRER052514.20160908","NEON.LTR.SRER052514.20160908.FLR","NEON.DOC.001710vE","Flowers",0.21,"N",NA,"1jPgPLJsI1yDGXXXpUXDbv0ukXnnNL8m"
"ac00cb2e-37e0-4421-a7b1-789d44c97e08","SRER_052.basePlot.ltr","D14","SRER","SRER_052","SRER_052_514","2016-09-23","2016-06-06","2016-09-08","2016-09-20T17:50Z","2016-09-23T17:44Z","NEON.LTR.SRER052514.20160908","NEON.LTR.SRER052514.20160908.OTH","NEON.DOC.001710vE","Other",0,"N",NA,"1jPgPLJsI1yDGXXXpUXDbv0ukXnnNL8m"
"e72544e1-c802-4dd7-9da8-adb295689b57","SRER_052.basePlot.ltr","D14","SRER","SRER_052","SRER_052_514","2016-09-23","2016-06-06","2016-09-08","2016-09-20T17:50Z","2016-09-23T17:44Z","NEON.LTR.SRER052514.20160908","NEON.LTR.SRER052514.20160908.WDY","NEON.DOC.001710vE","Woody material",0.13,"N",NA,"1jPgPLJsI1yDGXXXpUXDbv0ukXnnNL8m"
"a2347490-b9a3-4abb-8b30-1e8ea52b0edb","SRER_052.basePlot.ltr","D14","SRER","SRER_052","SRER_052_514","2016-09-23","2016-06-06","2016-09-08","2016-09-20T17:50Z","2016-09-23T17:44Z","NEON.LTR.SRER052514.20160908","NEON.LTR.SRER052514.20160908.TWI","NEON.DOC.001710vE","Twigs/branches",4,"N",NA,"1jPgPLJsI1yDGXXXpUXDbv0ukXnnNL8m"
"d1957e64-6577-43e6-b642-2ce9172b2863","SRER_052.basePlot.ltr","D14","SRER","SRER_052","SRER_052_122","2016-09-23","2016-06-06","2016-09-08","2016-09-20T17:50Z","2016-09-23T17:44Z","NEON.LTR.SRER052122.20160908","NEON.LTR.SRER052122.20160908.OTH","NEON.DOC.001710vE","Other",0,"N",NA,"1jPgPLJsI1yDGXXXpUXDbv0ukXnnNL8m"
"449a2bab-c626-4fee-a57c-9209145e0a94","SRER_052.basePlot.ltr","D14","SRER","SRER_052","SRER_052_514","2016-09-23","2016-06-06","2016-09-08","2016-09-20T17:50Z","2016-09-23T17:44Z","NEON.LTR.SRER052514.20160908","NEON.LTR.SRER052514.20160908.LVS","NEON.DOC.001710vE","Leaves",17.31,"N",NA,"1jPgPLJsI1yDGXXXpUXDbv0ukXnnNL8m"
"868788f7-e256-49bb-b776-1ed8d0b513e5","SRER_052.basePlot.ltr","D14","SRER","SRER_052","SRER_052_514","2016-09-23","2016-06-06","2016-09-08","2016-09-20T17:50Z","2016-09-23T17:44Z","NEON.LTR.SRER052514.20160908","NEON.LTR.SRER052514.20160908.NDL","NEON.DOC.001710vE","Needles",0,"N",NA,"1jPgPLJsI1yDGXXXpUXDbv0ukXnnNL8m"
"2b0862ad-fe17-4e9b-ad86-4d69df0dbe99","SRER_052.basePlot.ltr","D14","SRER","SRER_052","SRER_052_122","2016-09-23","2016-06-06","2016-09-08","2016-09-20T17:50Z","2016-09-23T17:44Z","NEON.LTR.SRER052122.20160908","NEON.LTR.SRER052122.20160908.WDY","NEON.DOC.001710vE","Woody material",0.005,"N",NA,"1jPgPLJsI1yDGXXXpUXDbv0ukXnnNL8m"
"2b960da3-6fd7-4301-814e-7ec807c3b7d1","SRER_052.basePlot.ltr","D14","SRER","SRER_052","SRER_052_122","2016-09-23","2016-06-06","2016-09-08","2016-09-20T17:50Z","2016-09-23T17:44Z","NEON.LTR.SRER052122.20160908","NEON.LTR.SRER052122.20160908.SDS","NEON.DOC.001710vE","Seeds",0.005,"N",NA,"1jPgPLJsI1yDGXXXpUXDbv0ukXnnNL8m"
"013340a1-8370-480c-8e94-5e3937ec7d64","SRER_052.basePlot.ltr","D14","SRER","SRER_052","SRER_052_122","2016-09-23","2016-06-06","2016-09-08","2016-09-20T17:50Z","2016-09-23T17:44Z","NEON.LTR.SRER052122.20160908","NEON.LTR.SRER052122.20160908.FLR","NEON.DOC.001710vE","Flowers",0,"N",NA,"1jPgPLJsI1yDGXXXpUXDbv0ukXnnNL8m"
"10d6fc50-4824-468e-affb-d2668f76907b","SRER_052.basePlot.ltr","D14","SRER","SRER_052","SRER_052_122","2016-09-23","2016-06-06","2016-09-08","2016-09-20T17:50Z","2016-09-23T17:44Z","NEON.LTR.SRER052122.20160908","NEON.LTR.SRER052122.20160908.NDL","NEON.DOC.001710vE","Needles",0,"N",NA,"1jPgPLJsI1yDGXXXpUXDbv0ukXnnNL8m"
"871ff5eb-0a0e-44c7-84fa-93aa598ef99d","SRER_052.basePlot.ltr","D14","SRER","SRER_052","SRER_052_122","2016-09-23","2016-06-06","2016-09-08","2016-09-20T17:50Z","2016-09-23T17:44Z","NEON.LTR.SRER052122.20160908","NEON.LTR.SRER052122.20160908.TWI","NEON.DOC.001710vE","Twigs/branches",0.01,"N",NA,"1jPgPLJsI1yDGXXXpUXDbv0ukXnnNL8m"
"2b506032-62dc-488c-a04b-429349998403","SRER_051.basePlot.ltr","D14","SRER","SRER_051","SRER_051_842","2016-09-23","2016-06-06","2016-09-08","2016-09-20T17:50Z","2016-09-23T17:44Z","NEON.LTR.SRER051842.20160908","NEON.LTR.SRER051842.20160908.FLR","NEON.DOC.001710vE","Flowers",0.38,"N",NA,"1jPgPLJsI1yDGXXXpUXDbv0ukXnnNL8m"
"3686d5a0-c31d-44b2-b05e-285cc1cf82bc","SRER_051.basePlot.ltr","D14","SRER","SRER_051","SRER_051_842","2016-09-23","2016-06-06","2016-09-08","2016-09-20T17:50Z","2016-09-23T17:44Z","NEON.LTR.SRER051842.20160908","NEON.LTR.SRER051842.20160908.OTH","NEON.DOC.001710vE","Other",0,"N",NA,"1jPgPLJsI1yDGXXXpUXDbv0ukXnnNL8m"
"086ade70-79bd-4e42-8607-645908ca4a15","SRER_052.basePlot.ltr","D14","SRER","SRER_052","SRER_052_122","2016-09-23","2016-06-06","2016-09-08","2016-09-20T17:50Z","2016-09-23T17:44Z","NEON.LTR.SRER052122.20160908","NEON.LTR.SRER052122.20160908.LVS","NEON.DOC.001710vE","Leaves",2.43,"Y",NA,"1jPgPLJsI1yDGXXXpUXDbv0ukXnnNL8m"
"be90c572-a801-4dd5-852f-aa393758a7e6","SRER_051.basePlot.ltr","D14","SRER","SRER_051","SRER_051_842","2016-09-23","2016-06-06","2016-09-08","2016-09-20T17:50Z","2016-09-23T17:44Z","NEON.LTR.SRER051842.20160908","NEON.LTR.SRER051842.20160908.TWI","NEON.DOC.001710vE","Twigs/branches",1.47,"N",NA,"1jPgPLJsI1yDGXXXpUXDbv0ukXnnNL8m"
"b39d6600-cd5c-4e8f-bd59-71f32e591ecc","SRER_051.basePlot.ltr","D14","SRER","SRER_051","SRER_051_842","2016-09-23","2016-06-06","2016-09-08","2016-09-20T17:50Z","2016-09-23T17:44Z","NEON.LTR.SRER051842.20160908","NEON.LTR.SRER051842.20160908.WDY","NEON.DOC.001710vE","Woody material",0.08,"N",NA,"1jPgPLJsI1yDGXXXpUXDbv0ukXnnNL8m"
"1b86fe1b-3e50-412e-9ae1-80b7a4edcec6","SRER_051.basePlot.ltr","D14","SRER","SRER_051","SRER_051_842","2016-09-23","2016-06-06","2016-09-08","2016-09-20T17:50Z","2016-09-23T17:44Z","NEON.LTR.SRER051842.20160908","NEON.LTR.SRER051842.20160908.SDS","NEON.DOC.001710vE","Seeds",0.37,"N",NA,"1jPgPLJsI1yDGXXXpUXDbv0ukXnnNL8m"
"7cdb82f1-6f6e-4323-8857-d6ad23f87d7c","SRER_051.basePlot.ltr","D14","SRER","SRER_051","SRER_051_842","2016-09-23","2016-06-06","2016-09-08","2016-09-20T17:50Z","2016-09-23T17:44Z","NEON.LTR.SRER051842.20160908","NEON.LTR.SRER051842.20160908.LVS","NEON.DOC.001710vE","Leaves",3.67,"N",NA,"1jPgPLJsI1yDGXXXpUXDbv0ukXnnNL8m"
"11b18033-b870-4969-9aac-b62081dbb556","SRER_051.basePlot.ltr","D14","SRER","SRER_051","SRER_051_842","2016-09-23","2016-06-06","2016-09-08","2016-09-20T17:50Z","2016-09-23T17:44Z","NEON.LTR.SRER051842.20160908","NEON.LTR.SRER051842.20160908.NDL","NEON.DOC.001710vE","Needles",0,"N",NA,"1jPgPLJsI1yDGXXXpUXDbv0ukXnnNL8m"
"1d802278-2c4b-4ea8-b584-10f1871a6333","SRER_051.basePlot.ltr","D14","SRER","SRER_051","SRER_051_371","2016-09-23","2016-06-06","2016-09-08","2016-09-20T17:50Z","2016-09-23T17:44Z","NEON.LTR.SRER051371.20160908","NEON.LTR.SRER051371.20160908.OTH","NEON.DOC.001710vE","Other",0,"N",NA,"1jPgPLJsI1yDGXXXpUXDbv0ukXnnNL8m"
"dc4a01b9-30a7-4060-81c9-4593e052d405","SRER_050.basePlot.ltr","D14","SRER","SRER_050","SRER_050_716","2016-09-23","2016-06-06","2016-09-08","2016-09-20T17:50Z","2016-09-23T17:44Z","NEON.LTR.SRER050716.20160908","NEON.LTR.SRER050716.20160908.NDL","NEON.DOC.001710vE","Needles",0,"N",NA,"1jPgPLJsI1yDGXXXpUXDbv0ukXnnNL8m"
"b9e394bc-c82f-4cb1-93c9-1b5c9ba213f5","SRER_050.basePlot.ltr","D14","SRER","SRER_050","SRER_050_716","2016-09-23","2016-06-06","2016-09-08","2016-09-20T17:50Z","2016-09-23T17:44Z","NEON.LTR.SRER050716.20160908","NEON.LTR.SRER050716.20160908.OTH","NEON.DOC.001710vE","Other",0.83,"N",NA,"1jPgPLJsI1yDGXXXpUXDbv0ukXnnNL8m"
"23facfc4-4f40-4013-9d92-6d3d07f4d8ec","SRER_050.basePlot.ltr","D14","SRER","SRER_050","SRER_050_716","2016-09-23","2016-06-06","2016-09-08","2016-09-20T17:50Z","2016-09-23T17:44Z","NEON.LTR.SRER050716.20160908","NEON.LTR.SRER050716.20160908.WDY","NEON.DOC.001710vE","Woody material",0.26,"Y",NA,"1jPgPLJsI1yDGXXXpUXDbv0ukXnnNL8m"
"0f497232-f2ae-4ec5-a8a4-5dcb2023c7ee","SRER_050.basePlot.ltr","D14","SRER","SRER_050","SRER_050_716","2016-09-23","2016-06-06","2016-09-08","2016-09-20T17:50Z","2016-09-23T17:44Z","NEON.LTR.SRER050716.20160908","NEON.LTR.SRER050716.20160908.TWI","NEON.DOC.001710vE","Twigs/branches",0.77,"N",NA,"1jPgPLJsI1yDGXXXpUXDbv0ukXnnNL8m"
"bfb6e9c8-11c6-445e-93c0-164327feef1a","SRER_050.basePlot.ltr","D14","SRER","SRER_050","SRER_050_716","2016-09-23","2016-06-06","2016-09-08","2016-09-20T17:50Z","2016-09-23T17:44Z","NEON.LTR.SRER050716.20160908","NEON.LTR.SRER050716.20160908.LVS","NEON.DOC.001710vE","Leaves",2.31,"N",NA,"1jPgPLJsI1yDGXXXpUXDbv0ukXnnNL8m"
"9592ef0a-a073-4dcb-ba1d-6a7ea8919117","SRER_049.basePlot.ltr","D14","SRER","SRER_049","SRER_049_579","2016-09-23","2016-06-06","2016-09-08","2016-09-20T17:50Z","2016-09-23T17:44Z","NEON.LTR.SRER049579.20160908","NEON.LTR.SRER049579.20160908.SDS","NEON.DOC.001710vE","Seeds",0.51,"Y",NA,"1jPgPLJsI1yDGXXXpUXDbv0ukXnnNL8m"
"a65ee70c-9b1e-4ddb-9f29-4619ab6d4b07","SRER_049.basePlot.ltr","D14","SRER","SRER_049","SRER_049_579","2016-09-23","2016-06-06","2016-09-08","2016-09-20T17:50Z","2016-09-23T17:44Z","NEON.LTR.SRER049579.20160908","NEON.LTR.SRER049579.20160908.WDY","NEON.DOC.001710vE","Woody material",0,"N",NA,"1jPgPLJsI1yDGXXXpUXDbv0ukXnnNL8m"
"be955d9c-603b-42c4-ba65-36f72e99f4ff","SRER_049.basePlot.ltr","D14","SRER","SRER_049","SRER_049_579","2016-09-23","2016-06-06","2016-09-08","2016-09-20T17:50Z","2016-09-23T17:44Z","NEON.LTR.SRER049579.20160908","NEON.LTR.SRER049579.20160908.NDL","NEON.DOC.001710vE","Needles",0,"N",NA,"1jPgPLJsI1yDGXXXpUXDbv0ukXnnNL8m"
"1d78ee6a-291d-45f0-a1e8-d035bb514566","SRER_049.basePlot.ltr","D14","SRER","SRER_049","SRER_049_579","2016-09-23","2016-06-06","2016-09-08","2016-09-20T17:50Z","2016-09-23T17:44Z","NEON.LTR.SRER049579.20160908","NEON.LTR.SRER049579.20160908.OTH","NEON.DOC.001710vE","Other",0.94,"Y",NA,"1jPgPLJsI1yDGXXXpUXDbv0ukXnnNL8m"
"4c3d1091-c3de-4ec0-b710-c8146250c94d","SRER_049.basePlot.ltr","D14","SRER","SRER_049","SRER_049_579","2016-09-23","2016-06-06","2016-09-08","2016-09-20T17:50Z","2016-09-23T17:44Z","NEON.LTR.SRER049579.20160908","NEON.LTR.SRER049579.20160908.FLR","NEON.DOC.001710vE","Flowers",0.06,"N",NA,"1jPgPLJsI1yDGXXXpUXDbv0ukXnnNL8m"
"6f105eaa-37ca-4ce4-a698-cad9d9282c43","SRER_049.basePlot.ltr","D14","SRER","SRER_049","SRER_049_050","2016-09-23","2016-06-06","2016-09-08","2016-09-20T17:50Z","2016-09-23T17:44Z","NEON.LTR.SRER049050.20160908","NEON.LTR.SRER049050.20160908.OTH","NEON.DOC.001710vE","Other",0,"N",NA,"1jPgPLJsI1yDGXXXpUXDbv0ukXnnNL8m"
"ed1837fc-df7c-4f53-929a-24befd858b7b","SRER_049.basePlot.ltr","D14","SRER","SRER_049","SRER_049_579","2016-09-23","2016-06-06","2016-09-08","2016-09-20T17:50Z","2016-09-23T17:44Z","NEON.LTR.SRER049579.20160908","NEON.LTR.SRER049579.20160908.LVS","NEON.DOC.001710vE","Leaves",24.03,"Y",NA,"1jPgPLJsI1yDGXXXpUXDbv0ukXnnNL8m"
"3bf4dcae-3824-4dbf-80af-ac5075750908","SRER_049.basePlot.ltr","D14","SRER","SRER_049","SRER_049_579","2016-09-23","2016-06-06","2016-09-08","2016-09-20T17:50Z","2016-09-23T17:44Z","NEON.LTR.SRER049579.20160908","NEON.LTR.SRER049579.20160908.TWI","NEON.DOC.001710vE","Twigs/branches",5.81,"N",NA,"1jPgPLJsI1yDGXXXpUXDbv0ukXnnNL8m"
"303c5d5b-0d42-4d16-abee-d613cf681650","SRER_049.basePlot.ltr","D14","SRER","SRER_049","SRER_049_050","2016-09-23","2016-06-06","2016-09-08","2016-09-20T17:50Z","2016-09-23T17:44Z","NEON.LTR.SRER049050.20160908","NEON.LTR.SRER049050.20160908.SDS","NEON.DOC.001710vE","Seeds",0.06,"N",NA,"1jPgPLJsI1yDGXXXpUXDbv0ukXnnNL8m"
"e239aaef-9d1a-4303-9030-fa5e8134f7d8","SRER_049.basePlot.ltr","D14","SRER","SRER_049","SRER_049_050","2016-09-23","2016-06-06","2016-09-08","2016-09-20T17:50Z","2016-09-23T17:44Z","NEON.LTR.SRER049050.20160908","NEON.LTR.SRER049050.20160908.FLR","NEON.DOC.001710vE","Flowers",0.04,"N",NA,"1jPgPLJsI1yDGXXXpUXDbv0ukXnnNL8m"
"5a1c6390-2851-45e3-b084-ef551f8fccbd","SRER_049.basePlot.ltr","D14","SRER","SRER_049","SRER_049_050","2016-09-23","2016-06-06","2016-09-08","2016-09-20T17:50Z","2016-09-23T17:44Z","NEON.LTR.SRER049050.20160908","NEON.LTR.SRER049050.20160908.NDL","NEON.DOC.001710vE","Needles",0,"N",NA,"1jPgPLJsI1yDGXXXpUXDbv0ukXnnNL8m"
"f2907eed-6876-4aee-a127-5e324c690e81","SRER_049.basePlot.ltr","D14","SRER","SRER_049","SRER_049_050","2016-09-23","2016-06-06","2016-09-08","2016-09-20T17:50Z","2016-09-23T17:44Z","NEON.LTR.SRER049050.20160908","NEON.LTR.SRER049050.20160908.TWI","NEON.DOC.001710vE","Twigs/branches",2.35,"N",NA,"1jPgPLJsI1yDGXXXpUXDbv0ukXnnNL8m"
"31b5ea8d-b21e-4971-8c2e-90a7dcd6de60","SRER_049.basePlot.ltr","D14","SRER","SRER_049","SRER_049_050","2016-09-23","2016-06-06","2016-09-08","2016-09-20T17:50Z","2016-09-23T17:44Z","NEON.LTR.SRER049050.20160908","NEON.LTR.SRER049050.20160908.WDY","NEON.DOC.001710vE","Woody material",0.09,"N",NA,"1jPgPLJsI1yDGXXXpUXDbv0ukXnnNL8m"
"f05e8794-cf61-4f15-84f0-97fb397f2563","SRER_049.basePlot.ltr","D14","SRER","SRER_049","SRER_049_050","2016-09-23","2016-06-06","2016-09-08","2016-09-20T17:50Z","2016-09-23T17:44Z","NEON.LTR.SRER049050.20160908","NEON.LTR.SRER049050.20160908.LVS","NEON.DOC.001710vE","Leaves",10,"N",NA,"1jPgPLJsI1yDGXXXpUXDbv0ukXnnNL8m"
"061dc92c-2f7e-4e3a-89bb-ba28baf85c57","SRER_048.basePlot.ltr","D14","SRER","SRER_048","SRER_048_815","2016-09-23","2016-06-06","2016-09-08","2016-09-20T17:50Z","2016-09-23T17:44Z","NEON.LTR.SRER048815.20160908","NEON.LTR.SRER048815.20160908.OTH","NEON.DOC.001710vE","Other",0.15,"N",NA,"1jPgPLJsI1yDGXXXpUXDbv0ukXnnNL8m"
"20773f87-59f7-46ea-9360-04c13ea62596","SRER_048.basePlot.ltr","D14","SRER","SRER_048","SRER_048_815","2016-09-23","2016-06-06","2016-09-08","2016-09-20T17:50Z","2016-09-23T17:44Z","NEON.LTR.SRER048815.20160908","NEON.LTR.SRER048815.20160908.LVS","NEON.DOC.001710vE","Leaves",6.16,"N",NA,"1jPgPLJsI1yDGXXXpUXDbv0ukXnnNL8m"
"420caf35-ce0d-4fad-b43c-3b25d7375b63","SRER_048.basePlot.ltr","D14","SRER","SRER_048","SRER_048_815","2016-09-23","2016-06-06","2016-09-08","2016-09-20T17:50Z","2016-09-23T17:44Z","NEON.LTR.SRER048815.20160908","NEON.LTR.SRER048815.20160908.NDL","NEON.DOC.001710vE","Needles",0,"N",NA,"1jPgPLJsI1yDGXXXpUXDbv0ukXnnNL8m"
"afd3f303-5a11-485d-95bd-b8f1ad96dd56","SRER_048.basePlot.ltr","D14","SRER","SRER_048","SRER_048_815","2016-09-23","2016-06-06","2016-09-08","2016-09-20T17:50Z","2016-09-23T17:44Z","NEON.LTR.SRER048815.20160908","NEON.LTR.SRER048815.20160908.FLR","NEON.DOC.001710vE","Flowers",0.41,"N",NA,"1jPgPLJsI1yDGXXXpUXDbv0ukXnnNL8m"
"5da439ab-3065-428e-bede-eda85c7e80de","SRER_048.basePlot.ltr","D14","SRER","SRER_048","SRER_048_815","2016-09-23","2016-06-06","2016-09-08","2016-09-20T17:50Z","2016-09-23T17:44Z","NEON.LTR.SRER048815.20160908","NEON.LTR.SRER048815.20160908.SDS","NEON.DOC.001710vE","Seeds",0.07,"N",NA,"1jPgPLJsI1yDGXXXpUXDbv0ukXnnNL8m"
"74bb8923-f756-418d-8a0b-21a07692f81c","SRER_048.basePlot.ltr","D14","SRER","SRER_048","SRER_048_308","2016-09-23","2016-06-06","2016-09-08","2016-09-20T17:50Z","2016-09-23T17:44Z","NEON.LTR.SRER048308.20160908","NEON.LTR.SRER048308.20160908.OTH","NEON.DOC.001710vE","Other",0,"N",NA,"1jPgPLJsI1yDGXXXpUXDbv0ukXnnNL8m"
"53c5b79b-345c-4c31-81dc-e09c5dc52518","SRER_048.basePlot.ltr","D14","SRER","SRER_048","SRER_048_815","2016-09-23","2016-06-06","2016-09-08","2016-09-20T17:50Z","2016-09-23T17:44Z","NEON.LTR.SRER048815.20160908","NEON.LTR.SRER048815.20160908.WDY","NEON.DOC.001710vE","Woody material",0.1,"N",NA,"1jPgPLJsI1yDGXXXpUXDbv0ukXnnNL8m"
"3c6ea219-914c-4843-aa1e-762d1d51bc06","SRER_048.basePlot.ltr","D14","SRER","SRER_048","SRER_048_815","2016-09-23","2016-06-06","2016-09-08","2016-09-20T17:50Z","2016-09-23T17:44Z","NEON.LTR.SRER048815.20160908","NEON.LTR.SRER048815.20160908.TWI","NEON.DOC.001710vE","Twigs/branches",2.9,"N",NA,"1jPgPLJsI1yDGXXXpUXDbv0ukXnnNL8m"
"58a4c716-410d-45bc-a0f3-d4067cb9f607","SRER_048.basePlot.ltr","D14","SRER","SRER_048","SRER_048_308","2016-09-23","2016-06-06","2016-09-08","2016-09-20T17:50Z","2016-09-23T17:44Z","NEON.LTR.SRER048308.20160908","NEON.LTR.SRER048308.20160908.FLR","NEON.DOC.001710vE","Flowers",0.18,"Y",NA,"1jPgPLJsI1yDGXXXpUXDbv0ukXnnNL8m"
"1d79f42c-0604-49f1-8ee2-3b87a44e9f99","SRER_048.basePlot.ltr","D14","SRER","SRER_048","SRER_048_308","2016-09-23","2016-06-06","2016-09-08","2016-09-20T17:50Z","2016-09-23T17:44Z","NEON.LTR.SRER048308.20160908","NEON.LTR.SRER048308.20160908.SDS","NEON.DOC.001710vE","Seeds",2.61,"N",NA,"1jPgPLJsI1yDGXXXpUXDbv0ukXnnNL8m"
"bedd39c3-a6c7-4a9b-9c20-f7bc23d70501","SRER_048.basePlot.ltr","D14","SRER","SRER_048","SRER_048_308","2016-09-23","2016-06-06","2016-09-08","2016-09-20T17:50Z","2016-09-23T17:44Z","NEON.LTR.SRER048308.20160908","NEON.LTR.SRER048308.20160908.WDY","NEON.DOC.001710vE","Woody material",0,"N",NA,"1jPgPLJsI1yDGXXXpUXDbv0ukXnnNL8m"
"e7b3f091-51bd-4d35-a7f8-8a9d546c907f","SRER_048.basePlot.ltr","D14","SRER","SRER_048","SRER_048_308","2016-09-23","2016-06-06","2016-09-08","2016-09-20T17:50Z","2016-09-23T17:44Z","NEON.LTR.SRER048308.20160908","NEON.LTR.SRER048308.20160908.NDL","NEON.DOC.001710vE","Needles",0,"N",NA,"1jPgPLJsI1yDGXXXpUXDbv0ukXnnNL8m"
"d19ef46e-09a7-473c-98ab-7356026584d6","SRER_048.basePlot.ltr","D14","SRER","SRER_048","SRER_048_308","2016-09-23","2016-06-06","2016-09-08","2016-09-20T17:50Z","2016-09-23T17:44Z","NEON.LTR.SRER048308.20160908","NEON.LTR.SRER048308.20160908.TWI","NEON.DOC.001710vE","Twigs/branches",0.46,"N",NA,"1jPgPLJsI1yDGXXXpUXDbv0ukXnnNL8m"
"fbe6d3e9-c7ef-4a58-97f7-937c2e5af986","SRER_047.basePlot.ltr","D14","SRER","SRER_047","SRER_047_826","2016-09-23","2016-06-06","2016-09-08","2016-09-20T17:50Z","2016-09-23T17:44Z","NEON.LTR.SRER047826.20160908","NEON.LTR.SRER047826.20160908.WDY","NEON.DOC.001710vE","Woody material",0,"N",NA,"1jPgPLJsI1yDGXXXpUXDbv0ukXnnNL8m"
"7bad2bbe-4984-4ebb-a56a-3e6cf15c3100","SRER_047.basePlot.ltr","D14","SRER","SRER_047","SRER_047_826","2016-09-23","2016-06-06","2016-09-08","2016-09-20T17:50Z","2016-09-23T17:44Z","NEON.LTR.SRER047826.20160908","NEON.LTR.SRER047826.20160908.OTH","NEON.DOC.001710vE","Other",0,"N",NA,"1jPgPLJsI1yDGXXXpUXDbv0ukXnnNL8m"
"3f09d12c-8774-46a5-ad9f-a624689e3e47","SRER_048.basePlot.ltr","D14","SRER","SRER_048","SRER_048_308","2016-09-23","2016-06-06","2016-09-08","2016-09-20T17:50Z","2016-09-23T17:44Z","NEON.LTR.SRER048308.20160908","NEON.LTR.SRER048308.20160908.LVS","NEON.DOC.001710vE","Leaves",4.66,"N",NA,"1jPgPLJsI1yDGXXXpUXDbv0ukXnnNL8m"
"b2f78c2a-f399-45a1-b160-dd2a82c18b8f","SRER_051.basePlot.ltr","D14","SRER","SRER_051","SRER_051_371","2016-09-23","2016-06-06","2016-09-08","2016-09-20T17:50Z","2016-09-23T17:44Z","NEON.LTR.SRER051371.20160908","NEON.LTR.SRER051371.20160908.FLR","NEON.DOC.001710vE","Flowers",0.07,"N",NA,"1jPgPLJsI1yDGXXXpUXDbv0ukXnnNL8m"
"26fcd208-1b07-4a4e-a204-02c999565a5e","SRER_051.basePlot.ltr","D14","SRER","SRER_051","SRER_051_371","2016-09-23","2016-06-06","2016-09-08","2016-09-20T17:50Z","2016-09-23T17:44Z","NEON.LTR.SRER051371.20160908","NEON.LTR.SRER051371.20160908.WDY","NEON.DOC.001710vE","Woody material",0.005,"N",NA,"1jPgPLJsI1yDGXXXpUXDbv0ukXnnNL8m"
"7b4ff968-8e68-4297-9270-2b9463fa5671","SRER_051.basePlot.ltr","D14","SRER","SRER_051","SRER_051_371","2016-09-23","2016-06-06","2016-09-08","2016-09-20T17:50Z","2016-09-23T17:44Z","NEON.LTR.SRER051371.20160908","NEON.LTR.SRER051371.20160908.NDL","NEON.DOC.001710vE","Needles",0,"N",NA,"1jPgPLJsI1yDGXXXpUXDbv0ukXnnNL8m"
"dbe4e0cd-fe91-42bc-bf37-fcbc57b6601a","SRER_051.basePlot.ltr","D14","SRER","SRER_051","SRER_051_371","2016-09-23","2016-06-06","2016-09-08","2016-09-20T17:50Z","2016-09-23T17:44Z","NEON.LTR.SRER051371.20160908","NEON.LTR.SRER051371.20160908.TWI","NEON.DOC.001710vE","Twigs/branches",3.06,"N",NA,"1jPgPLJsI1yDGXXXpUXDbv0ukXnnNL8m"
"1bbb180b-3bd5-4524-9ed9-ede05e838da3","SRER_051.basePlot.ltr","D14","SRER","SRER_051","SRER_051_371","2016-09-23","2016-06-06","2016-09-08","2016-09-20T17:50Z","2016-09-23T17:44Z","NEON.LTR.SRER051371.20160908","NEON.LTR.SRER051371.20160908.SDS","NEON.DOC.001710vE","Seeds",0.51,"Y",NA,"1jPgPLJsI1yDGXXXpUXDbv0ukXnnNL8m"
"ac9abe0c-a5c1-499e-980d-2af3d557de61","SRER_050.basePlot.ltr","D14","SRER","SRER_050","SRER_050_962","2016-09-23","2016-06-06","2016-09-08","2016-09-20T17:50Z","2016-09-23T17:44Z","NEON.LTR.SRER050962.20160908","NEON.LTR.SRER050962.20160908.OTH","NEON.DOC.001710vE","Other",0,"N",NA,"1jPgPLJsI1yDGXXXpUXDbv0ukXnnNL8m"
"b68150f0-88db-4592-884c-39926ed84484","SRER_051.basePlot.ltr","D14","SRER","SRER_051","SRER_051_371","2016-09-23","2016-06-06","2016-09-08","2016-09-20T17:50Z","2016-09-23T17:44Z","NEON.LTR.SRER051371.20160908","NEON.LTR.SRER051371.20160908.LVS","NEON.DOC.001710vE","Leaves",14.26,"N",NA,"1jPgPLJsI1yDGXXXpUXDbv0ukXnnNL8m"
"a440f31e-a0de-420b-99f2-fb12efa1191d","SRER_050.basePlot.ltr","D14","SRER","SRER_050","SRER_050_962","2016-09-23","2016-06-06","2016-09-08","2016-09-20T17:50Z","2016-09-23T17:44Z","NEON.LTR.SRER050962.20160908","NEON.LTR.SRER050962.20160908.LVS","NEON.DOC.001710vE","Leaves",3.85,"N",NA,"1jPgPLJsI1yDGXXXpUXDbv0ukXnnNL8m"
"49468b68-937c-467b-a31a-5c6fb27bcba6","SRER_050.basePlot.ltr","D14","SRER","SRER_050","SRER_050_962","2016-09-23","2016-06-06","2016-09-08","2016-09-20T17:50Z","2016-09-23T17:44Z","NEON.LTR.SRER050962.20160908","NEON.LTR.SRER050962.20160908.FLR","NEON.DOC.001710vE","Flowers",0.63,"N",NA,"1jPgPLJsI1yDGXXXpUXDbv0ukXnnNL8m"
"d0e518bd-6b88-454c-96df-e8b8499ded4b","SRER_050.basePlot.ltr","D14","SRER","SRER_050","SRER_050_962","2016-09-23","2016-06-06","2016-09-08","2016-09-20T17:50Z","2016-09-23T17:44Z","NEON.LTR.SRER050962.20160908","NEON.LTR.SRER050962.20160908.NDL","NEON.DOC.001710vE","Needles",0,"N",NA,"1jPgPLJsI1yDGXXXpUXDbv0ukXnnNL8m"
"ad0976dc-077c-441c-bd4b-50500afb0c9f","SRER_050.basePlot.ltr","D14","SRER","SRER_050","SRER_050_962","2016-09-23","2016-06-06","2016-09-08","2016-09-20T17:50Z","2016-09-23T17:44Z","NEON.LTR.SRER050962.20160908","NEON.LTR.SRER050962.20160908.WDY","NEON.DOC.001710vE","Woody material",0.005,"N",NA,"1jPgPLJsI1yDGXXXpUXDbv0ukXnnNL8m"
"b567048f-3746-46a0-b0f2-1c0fd8b4dced","SRER_050.basePlot.ltr","D14","SRER","SRER_050","SRER_050_962","2016-09-23","2016-06-06","2016-09-08","2016-09-20T17:50Z","2016-09-23T17:44Z","NEON.LTR.SRER050962.20160908","NEON.LTR.SRER050962.20160908.SDS","NEON.DOC.001710vE","Seeds",0.38,"N",NA,"1jPgPLJsI1yDGXXXpUXDbv0ukXnnNL8m"
"0d36b384-3bff-4f8d-81d0-8e116c26fa05","SRER_050.basePlot.ltr","D14","SRER","SRER_050","SRER_050_962","2016-09-23","2016-06-06","2016-09-08","2016-09-20T17:50Z","2016-09-23T17:44Z","NEON.LTR.SRER050962.20160908","NEON.LTR.SRER050962.20160908.TWI","NEON.DOC.001710vE","Twigs/branches",0.43,"Y",NA,"1jPgPLJsI1yDGXXXpUXDbv0ukXnnNL8m"
"1a04d414-43b7-47f3-9fa5-6f5c3669bc5a","SRER_050.basePlot.ltr","D14","SRER","SRER_050","SRER_050_716","2016-09-23","2016-06-06","2016-09-08","2016-09-20T17:50Z","2016-09-23T17:44Z","NEON.LTR.SRER050716.20160908","NEON.LTR.SRER050716.20160908.SDS","NEON.DOC.001710vE","Seeds",0.11,"N",NA,"1jPgPLJsI1yDGXXXpUXDbv0ukXnnNL8m"
"59d2e1ee-1d9c-4608-b7fb-6d68fbca7e0a","SRER_050.basePlot.ltr","D14","SRER","SRER_050","SRER_050_716","2016-09-23","2016-06-06","2016-09-08","2016-09-20T17:50Z","2016-09-23T17:44Z","NEON.LTR.SRER050716.20160908","NEON.LTR.SRER050716.20160908.FLR","NEON.DOC.001710vE","Flowers",0.06,"N",NA,"1jPgPLJsI1yDGXXXpUXDbv0ukXnnNL8m"
"5a8463b7-ef3b-492f-8257-0fb74f5caa9a","SRER_044.basePlot.ltr","D14","SRER","SRER_044","SRER_044_624","2016-09-23","2016-06-06","2016-09-08","2016-09-20T17:50Z","2016-09-23T17:44Z","NEON.LTR.SRER044624.20160908","NEON.LTR.SRER044624.20160908.SDS","NEON.DOC.001710vE","Seeds",0.13,"N",NA,"1jPgPLJsI1yDGXXXpUXDbv0ukXnnNL8m"
"26a3aef6-a738-46cc-ae4a-01b69014aefa","SRER_044.basePlot.ltr","D14","SRER","SRER_044","SRER_044_624","2016-09-23","2016-06-06","2016-09-08","2016-09-20T17:50Z","2016-09-23T17:44Z","NEON.LTR.SRER044624.20160908","NEON.LTR.SRER044624.20160908.OTH","NEON.DOC.001710vE","Other",0,"N",NA,"1jPgPLJsI1yDGXXXpUXDbv0ukXnnNL8m"
"e362b116-3a81-43c9-88e3-9491eddd6543","SRER_044.basePlot.ltr","D14","SRER","SRER_044","SRER_044_624","2016-09-23","2016-06-06","2016-09-08","2016-09-20T17:50Z","2016-09-23T17:44Z","NEON.LTR.SRER044624.20160908","NEON.LTR.SRER044624.20160908.WDY","NEON.DOC.001710vE","Woody material",0,"N",NA,"1jPgPLJsI1yDGXXXpUXDbv0ukXnnNL8m"
"466aa1c6-c501-4625-9889-526692e2f6af","SRER_044.basePlot.ltr","D14","SRER","SRER_044","SRER_044_790","2016-09-23","2016-06-06","2016-09-08","2016-09-20T17:50Z","2016-09-23T17:44Z","NEON.LTR.SRER044790.20160908","NEON.LTR.SRER044790.20160908.LVS","NEON.DOC.001710vE","Leaves",10,"N",NA,"1jPgPLJsI1yDGXXXpUXDbv0ukXnnNL8m"
"56c1fd66-7392-4a15-aae3-b2a1f06a4968","SRER_044.basePlot.ltr","D14","SRER","SRER_044","SRER_044_790","2016-09-23","2016-06-06","2016-09-08","2016-09-20T17:50Z","2016-09-23T17:44Z","NEON.LTR.SRER044790.20160908","NEON.LTR.SRER044790.20160908.SDS","NEON.DOC.001710vE","Seeds",0.09,"N",NA,"1jPgPLJsI1yDGXXXpUXDbv0ukXnnNL8m"
"d472745c-9533-4648-8975-2d0bff7fe0f4","SRER_044.basePlot.ltr","D14","SRER","SRER_044","SRER_044_790","2016-09-23","2016-06-06","2016-09-08","2016-09-20T17:50Z","2016-09-23T17:44Z","NEON.LTR.SRER044790.20160908","NEON.LTR.SRER044790.20160908.TWI","NEON.DOC.001710vE","Twigs/branches",1.9,"N",NA,"1jPgPLJsI1yDGXXXpUXDbv0ukXnnNL8m"
"7723820c-11c2-4aac-a332-d6d2109d3f84","SRER_044.basePlot.ltr","D14","SRER","SRER_044","SRER_044_790","2016-09-23","2016-06-06","2016-09-08","2016-09-20T17:50Z","2016-09-23T17:44Z","NEON.LTR.SRER044790.20160908","NEON.LTR.SRER044790.20160908.OTH","NEON.DOC.001710vE","Other",0.18,"N",NA,"1jPgPLJsI1yDGXXXpUXDbv0ukXnnNL8m"
"46be662f-6fbd-4499-8082-3116e56e773c","SRER_044.basePlot.ltr","D14","SRER","SRER_044","SRER_044_790","2016-09-23","2016-06-06","2016-09-08","2016-09-20T17:50Z","2016-09-23T17:44Z","NEON.LTR.SRER044790.20160908","NEON.LTR.SRER044790.20160908.WDY","NEON.DOC.001710vE","Woody material",0.06,"N",NA,"1jPgPLJsI1yDGXXXpUXDbv0ukXnnNL8m"
"f7fa690b-a798-4c84-a5aa-12c804988631","SRER_044.basePlot.ltr","D14","SRER","SRER_044","SRER_044_790","2016-09-23","2016-06-06","2016-09-08","2016-09-20T17:50Z","2016-09-23T17:44Z","NEON.LTR.SRER044790.20160908","NEON.LTR.SRER044790.20160908.NDL","NEON.DOC.001710vE","Needles",0,"N",NA,"1jPgPLJsI1yDGXXXpUXDbv0ukXnnNL8m"
"878852cc-f807-4284-bd52-651811f6e8d0","SRER_044.basePlot.ltr","D14","SRER","SRER_044","SRER_044_790","2016-09-23","2016-06-06","2016-09-08","2016-09-20T17:50Z","2016-09-23T17:44Z","NEON.LTR.SRER044790.20160908","NEON.LTR.SRER044790.20160908.FLR","NEON.DOC.001710vE","Flowers",0,"N",NA,"1jPgPLJsI1yDGXXXpUXDbv0ukXnnNL8m"
"d6a3dd55-c543-48f1-adf4-2e9163fd5d29","SRER_045.basePlot.ltr","D14","SRER","SRER_045","SRER_045_117","2016-09-23","2016-06-06","2016-09-08","2016-09-20T17:50Z","2016-09-23T17:44Z","NEON.LTR.SRER045117.20160908","NEON.LTR.SRER045117.20160908.LVS","NEON.DOC.001710vE","Leaves",3.02,"N",NA,"1jPgPLJsI1yDGXXXpUXDbv0ukXnnNL8m"
"e174e891-df50-4b49-9850-6a88834c8680","SRER_045.basePlot.ltr","D14","SRER","SRER_045","SRER_045_117","2016-09-23","2016-06-06","2016-09-08","2016-09-20T17:50Z","2016-09-23T17:44Z","NEON.LTR.SRER045117.20160908","NEON.LTR.SRER045117.20160908.NDL","NEON.DOC.001710vE","Needles",0,"N",NA,"1jPgPLJsI1yDGXXXpUXDbv0ukXnnNL8m"
"4e6ffb3a-352b-4791-a9f3-1b2af3dbcf8c","SRER_045.basePlot.ltr","D14","SRER","SRER_045","SRER_045_117","2016-09-23","2016-06-06","2016-09-08","2016-09-20T17:50Z","2016-09-23T17:44Z","NEON.LTR.SRER045117.20160908","NEON.LTR.SRER045117.20160908.FLR","NEON.DOC.001710vE","Flowers",0.64,"N",NA,"1jPgPLJsI1yDGXXXpUXDbv0ukXnnNL8m"
"c8eb68bd-ba99-49ce-ae97-895833d2808e","SRER_045.basePlot.ltr","D14","SRER","SRER_045","SRER_045_117","2016-09-23","2016-06-06","2016-09-08","2016-09-20T17:50Z","2016-09-23T17:44Z","NEON.LTR.SRER045117.20160908","NEON.LTR.SRER045117.20160908.WDY","NEON.DOC.001710vE","Woody material",0.005,"N",NA,"1jPgPLJsI1yDGXXXpUXDbv0ukXnnNL8m"
"ccb7eb0c-88b2-4887-a13d-cd9c9599851f","SRER_045.basePlot.ltr","D14","SRER","SRER_045","SRER_045_290","2016-09-23","2016-06-06","2016-09-08","2016-09-20T17:50Z","2016-09-23T17:44Z","NEON.LTR.SRER045290.20160908","NEON.LTR.SRER045290.20160908.LVS","NEON.DOC.001710vE","Leaves",3.93,"N",NA,"1jPgPLJsI1yDGXXXpUXDbv0ukXnnNL8m"
"fba147db-8b69-4f52-9a7f-394aba091eb0","SRER_045.basePlot.ltr","D14","SRER","SRER_045","SRER_045_290","2016-09-23","2016-06-06","2016-09-08","2016-09-20T17:50Z","2016-09-23T17:44Z","NEON.LTR.SRER045290.20160908","NEON.LTR.SRER045290.20160908.SDS","NEON.DOC.001710vE","Seeds",1.26,"N",NA,"1jPgPLJsI1yDGXXXpUXDbv0ukXnnNL8m"
"1009c060-ed2c-49c5-9e36-28f6de7d97d2","SRER_045.basePlot.ltr","D14","SRER","SRER_045","SRER_045_117","2016-09-23","2016-06-06","2016-09-08","2016-09-20T17:50Z","2016-09-23T17:44Z","NEON.LTR.SRER045117.20160908","NEON.LTR.SRER045117.20160908.TWI","NEON.DOC.001710vE","Twigs/branches",0.33,"Y",NA,"1jPgPLJsI1yDGXXXpUXDbv0ukXnnNL8m"
"d88716c4-e624-4b16-85ea-df9841fb81aa","SRER_045.basePlot.ltr","D14","SRER","SRER_045","SRER_045_117","2016-09-23","2016-06-06","2016-09-08","2016-09-20T17:50Z","2016-09-23T17:44Z","NEON.LTR.SRER045117.20160908","NEON.LTR.SRER045117.20160908.SDS","NEON.DOC.001710vE","Seeds",0,"N",NA,"1jPgPLJsI1yDGXXXpUXDbv0ukXnnNL8m"
"02c853ec-5fc5-4402-b516-216c79f99201","SRER_045.basePlot.ltr","D14","SRER","SRER_045","SRER_045_290","2016-09-23","2016-06-06","2016-09-08","2016-09-20T17:50Z","2016-09-23T17:44Z","NEON.LTR.SRER045290.20160908","NEON.LTR.SRER045290.20160908.NDL","NEON.DOC.001710vE","Needles",0,"N",NA,"1jPgPLJsI1yDGXXXpUXDbv0ukXnnNL8m"
"7b39c078-a242-4d37-9238-62470f683c4a","SRER_045.basePlot.ltr","D14","SRER","SRER_045","SRER_045_290","2016-09-23","2016-06-06","2016-09-08","2016-09-20T17:50Z","2016-09-23T17:44Z","NEON.LTR.SRER045290.20160908","NEON.LTR.SRER045290.20160908.FLR","NEON.DOC.001710vE","Flowers",0.73,"N",NA,"1jPgPLJsI1yDGXXXpUXDbv0ukXnnNL8m"
"7154f365-f804-4d92-afa4-150400e31174","SRER_045.basePlot.ltr","D14","SRER","SRER_045","SRER_045_117","2016-09-23","2016-06-06","2016-09-08","2016-09-20T17:50Z","2016-09-23T17:44Z","NEON.LTR.SRER045117.20160908","NEON.LTR.SRER045117.20160908.OTH","NEON.DOC.001710vE","Other",0,"N",NA,"1jPgPLJsI1yDGXXXpUXDbv0ukXnnNL8m"
"4d941272-54ef-48d7-bb9b-a15d4eb05c71","SRER_045.basePlot.ltr","D14","SRER","SRER_045","SRER_045_290","2016-09-23","2016-06-06","2016-09-08","2016-09-20T17:50Z","2016-09-23T17:44Z","NEON.LTR.SRER045290.20160908","NEON.LTR.SRER045290.20160908.WDY","NEON.DOC.001710vE","Woody material",0.61,"N",NA,"1jPgPLJsI1yDGXXXpUXDbv0ukXnnNL8m"
"4d928bac-9daf-4d6a-9d40-2d4610e21d8f","SRER_045.basePlot.ltr","D14","SRER","SRER_045","SRER_045_290","2016-09-23","2016-06-06","2016-09-08","2016-09-20T17:50Z","2016-09-23T17:44Z","NEON.LTR.SRER045290.20160908","NEON.LTR.SRER045290.20160908.OTH","NEON.DOC.001710vE","Other",0,"N",NA,"1jPgPLJsI1yDGXXXpUXDbv0ukXnnNL8m"
"0ce51f66-cc62-49ce-a5b1-199c0f374235","SRER_046.basePlot.ltr","D14","SRER","SRER_046","SRER_046_795","2016-09-23","2016-06-06","2016-09-08","2016-09-20T17:50Z","2016-09-23T17:44Z","NEON.LTR.SRER046795.20160908","NEON.LTR.SRER046795.20160908.LVS","NEON.DOC.001710vE","Leaves",13.14,"N",NA,"1jPgPLJsI1yDGXXXpUXDbv0ukXnnNL8m"
"29255662-1e60-40de-87f9-049e14fdb3b5","SRER_045.basePlot.ltr","D14","SRER","SRER_045","SRER_045_290","2016-09-23","2016-06-06","2016-09-08","2016-09-20T17:50Z","2016-09-23T17:44Z","NEON.LTR.SRER045290.20160908","NEON.LTR.SRER045290.20160908.TWI","NEON.DOC.001710vE","Twigs/branches",0.13,"N",NA,"1jPgPLJsI1yDGXXXpUXDbv0ukXnnNL8m"
"fce069aa-4641-4e3a-b8a7-b8d2101d37b3","SRER_046.basePlot.ltr","D14","SRER","SRER_046","SRER_046_795","2016-09-23","2016-06-06","2016-09-08","2016-09-20T17:50Z","2016-09-23T17:44Z","NEON.LTR.SRER046795.20160908","NEON.LTR.SRER046795.20160908.WDY","NEON.DOC.001710vE","Woody material",0.03,"N",NA,"1jPgPLJsI1yDGXXXpUXDbv0ukXnnNL8m"
"4a6c7ae6-14a7-4144-a63c-1d05d65e5d91","SRER_046.basePlot.ltr","D14","SRER","SRER_046","SRER_046_795","2016-09-23","2016-06-06","2016-09-08","2016-09-20T17:50Z","2016-09-23T17:44Z","NEON.LTR.SRER046795.20160908","NEON.LTR.SRER046795.20160908.SDS","NEON.DOC.001710vE","Seeds",0.005,"N",NA,"1jPgPLJsI1yDGXXXpUXDbv0ukXnnNL8m"
"a7e1e63a-f088-462f-851b-2e0d8da9c88f","SRER_046.basePlot.ltr","D14","SRER","SRER_046","SRER_046_795","2016-09-23","2016-06-06","2016-09-08","2016-09-20T17:50Z","2016-09-23T17:44Z","NEON.LTR.SRER046795.20160908","NEON.LTR.SRER046795.20160908.NDL","NEON.DOC.001710vE","Needles",0,"N",NA,"1jPgPLJsI1yDGXXXpUXDbv0ukXnnNL8m"
"1589ac8d-b160-4726-8e67-eb5c7dd665bc","SRER_046.basePlot.ltr","D14","SRER","SRER_046","SRER_046_795","2016-09-23","2016-06-06","2016-09-08","2016-09-20T17:50Z","2016-09-23T17:44Z","NEON.LTR.SRER046795.20160908","NEON.LTR.SRER046795.20160908.OTH","NEON.DOC.001710vE","Other",0,"N",NA,"1jPgPLJsI1yDGXXXpUXDbv0ukXnnNL8m"
"e608fa3d-6c91-4991-ad83-1bbe51849b87","SRER_047.basePlot.ltr","D14","SRER","SRER_047","SRER_047_568","2016-09-23","2016-06-06","2016-09-08","2016-09-20T17:50Z","2016-09-23T17:44Z","NEON.LTR.SRER047568.20160908","NEON.LTR.SRER047568.20160908.LVS","NEON.DOC.001710vE","Leaves",7.84,"N",NA,"1jPgPLJsI1yDGXXXpUXDbv0ukXnnNL8m"
"5b4ffa10-eaa7-4578-951e-79005a5a2a50","SRER_046.basePlot.ltr","D14","SRER","SRER_046","SRER_046_795","2016-09-23","2016-06-06","2016-09-08","2016-09-20T17:50Z","2016-09-23T17:44Z","NEON.LTR.SRER046795.20160908","NEON.LTR.SRER046795.20160908.TWI","NEON.DOC.001710vE","Twigs/branches",1.23,"N",NA,"1jPgPLJsI1yDGXXXpUXDbv0ukXnnNL8m"
"a81748af-bb79-41ce-93e5-9036a780f001","SRER_047.basePlot.ltr","D14","SRER","SRER_047","SRER_047_568","2016-09-23","2016-06-06","2016-09-08","2016-09-20T17:50Z","2016-09-23T17:44Z","NEON.LTR.SRER047568.20160908","NEON.LTR.SRER047568.20160908.TWI","NEON.DOC.001710vE","Twigs/branches",3.19,"N",NA,"1jPgPLJsI1yDGXXXpUXDbv0ukXnnNL8m"
"efdfc762-5cc3-4ba7-9253-eacac65ad507","SRER_046.basePlot.ltr","D14","SRER","SRER_046","SRER_046_795","2016-09-23","2016-06-06","2016-09-08","2016-09-20T17:50Z","2016-09-23T17:44Z","NEON.LTR.SRER046795.20160908","NEON.LTR.SRER046795.20160908.FLR","NEON.DOC.001710vE","Flowers",0,"N",NA,"1jPgPLJsI1yDGXXXpUXDbv0ukXnnNL8m"
"a06b5b31-5313-4497-884f-074b4748d9ee","SRER_047.basePlot.ltr","D14","SRER","SRER_047","SRER_047_568","2016-09-23","2016-06-06","2016-09-08","2016-09-20T17:50Z","2016-09-23T17:44Z","NEON.LTR.SRER047568.20160908","NEON.LTR.SRER047568.20160908.FLR","NEON.DOC.001710vE","Flowers",0.005,"N",NA,"1jPgPLJsI1yDGXXXpUXDbv0ukXnnNL8m"
"727faf09-b54a-49c6-8ffa-7230a4915f8f","SRER_047.basePlot.ltr","D14","SRER","SRER_047","SRER_047_568","2016-09-23","2016-06-06","2016-09-08","2016-09-20T17:50Z","2016-09-23T17:44Z","NEON.LTR.SRER047568.20160908","NEON.LTR.SRER047568.20160908.SDS","NEON.DOC.001710vE","Seeds",0.09,"N",NA,"1jPgPLJsI1yDGXXXpUXDbv0ukXnnNL8m"
"8d3a7a41-c2c3-44a7-882a-e0be3c75fde3","SRER_047.basePlot.ltr","D14","SRER","SRER_047","SRER_047_568","2016-09-23","2016-06-06","2016-09-08","2016-09-20T17:50Z","2016-09-23T17:44Z","NEON.LTR.SRER047568.20160908","NEON.LTR.SRER047568.20160908.NDL","NEON.DOC.001710vE","Needles",0,"N",NA,"1jPgPLJsI1yDGXXXpUXDbv0ukXnnNL8m"
"c54f58c6-0efb-43c0-af8c-d03ff9db937c","SRER_047.basePlot.ltr","D14","SRER","SRER_047","SRER_047_826","2016-09-23","2016-06-06","2016-09-08","2016-09-20T17:50Z","2016-09-23T17:44Z","NEON.LTR.SRER047826.20160908","NEON.LTR.SRER047826.20160908.SDS","NEON.DOC.001710vE","Seeds",0.13,"N",NA,"1jPgPLJsI1yDGXXXpUXDbv0ukXnnNL8m"
"aecbe99f-8421-46c5-9871-a8bcad2a472a","SRER_047.basePlot.ltr","D14","SRER","SRER_047","SRER_047_826","2016-09-23","2016-06-06","2016-09-08","2016-09-20T17:50Z","2016-09-23T17:44Z","NEON.LTR.SRER047826.20160908","NEON.LTR.SRER047826.20160908.NDL","NEON.DOC.001710vE","Needles",0,"N",NA,"1jPgPLJsI1yDGXXXpUXDbv0ukXnnNL8m"
"5379acec-e50b-4f09-8f5c-f0b7bc1382ed","SRER_047.basePlot.ltr","D14","SRER","SRER_047","SRER_047_568","2016-09-23","2016-06-06","2016-09-08","2016-09-20T17:50Z","2016-09-23T17:44Z","NEON.LTR.SRER047568.20160908","NEON.LTR.SRER047568.20160908.WDY","NEON.DOC.001710vE","Woody material",0.005,"N",NA,"1jPgPLJsI1yDGXXXpUXDbv0ukXnnNL8m"
"ae52f657-4241-4a54-8a26-596018a4cb7d","SRER_047.basePlot.ltr","D14","SRER","SRER_047","SRER_047_826","2016-09-23","2016-06-06","2016-09-08","2016-09-20T17:50Z","2016-09-23T17:44Z","NEON.LTR.SRER047826.20160908","NEON.LTR.SRER047826.20160908.LVS","NEON.DOC.001710vE","Leaves",10.27,"N",NA,"1jPgPLJsI1yDGXXXpUXDbv0ukXnnNL8m"
"d321cdcb-d235-46a8-8c5b-f54e963f69ff","SRER_047.basePlot.ltr","D14","SRER","SRER_047","SRER_047_568","2016-09-23","2016-06-06","2016-09-08","2016-09-20T17:50Z","2016-09-23T17:44Z","NEON.LTR.SRER047568.20160908","NEON.LTR.SRER047568.20160908.OTH","NEON.DOC.001710vE","Other",0,"N",NA,"1jPgPLJsI1yDGXXXpUXDbv0ukXnnNL8m"
"81f1cbcb-0a55-4e0b-b567-8f939b53da5e","SRER_047.basePlot.ltr","D14","SRER","SRER_047","SRER_047_826","2016-09-23","2016-06-06","2016-09-08","2016-09-20T17:50Z","2016-09-23T17:44Z","NEON.LTR.SRER047826.20160908","NEON.LTR.SRER047826.20160908.FLR","NEON.DOC.001710vE","Flowers",0,"N",NA,"1jPgPLJsI1yDGXXXpUXDbv0ukXnnNL8m"
"e7f01f97-636d-478e-b691-aa6767131aac","SRER_047.basePlot.ltr","D14","SRER","SRER_047","SRER_047_826","2016-09-23","2016-06-06","2016-09-08","2016-09-20T17:50Z","2016-09-23T17:44Z","NEON.LTR.SRER047826.20160908","NEON.LTR.SRER047826.20160908.TWI","NEON.DOC.001710vE","Twigs/branches",1.92,"N",NA,"1jPgPLJsI1yDGXXXpUXDbv0ukXnnNL8m"
"404abfa3-22b5-408c-b7f8-be943fb20827","SRER_044.basePlot.ltr","D14","SRER","SRER_044","SRER_044_624","2016-09-23","2016-06-06","2016-09-08","2016-09-20T17:50Z","2016-09-23T17:44Z","NEON.LTR.SRER044624.20160908","NEON.LTR.SRER044624.20160908.NDL","NEON.DOC.001710vE","Needles",0,"N",NA,"1jPgPLJsI1yDGXXXpUXDbv0ukXnnNL8m"
"b2621236-1c2d-448b-8107-3a1ebc1b971f","SRER_043.basePlot.ltr","D14","SRER","SRER_043","SRER_043_610","2016-09-23","2016-06-06","2016-09-08","2016-09-20T17:50Z","2016-09-23T17:44Z","NEON.LTR.SRER043610.20160908","NEON.LTR.SRER043610.20160908.WDY","NEON.DOC.001710vE","Woody material",0,"N",NA,"1jPgPLJsI1yDGXXXpUXDbv0ukXnnNL8m"
"e0a78cf3-3934-443b-a49b-43f0afdc8b83","SRER_044.basePlot.ltr","D14","SRER","SRER_044","SRER_044_624","2016-09-23","2016-06-06","2016-09-08","2016-09-20T17:50Z","2016-09-23T17:44Z","NEON.LTR.SRER044624.20160908","NEON.LTR.SRER044624.20160908.TWI","NEON.DOC.001710vE","Twigs/branches",0.06,"N",NA,"1jPgPLJsI1yDGXXXpUXDbv0ukXnnNL8m"
"ee5b52ae-46dc-4b24-bbfc-2bf1a2556438","SRER_044.basePlot.ltr","D14","SRER","SRER_044","SRER_044_624","2016-09-23","2016-06-06","2016-09-08","2016-09-20T17:50Z","2016-09-23T17:44Z","NEON.LTR.SRER044624.20160908","NEON.LTR.SRER044624.20160908.LVS","NEON.DOC.001710vE","Leaves",0.52,"N",NA,"1jPgPLJsI1yDGXXXpUXDbv0ukXnnNL8m"
"c72f3b47-62dd-4f98-8570-dbdc3bf1f5bf","SRER_043.basePlot.ltr","D14","SRER","SRER_043","SRER_043_610","2016-09-23","2016-06-06","2016-09-08","2016-09-20T17:50Z","2016-09-23T17:44Z","NEON.LTR.SRER043610.20160908","NEON.LTR.SRER043610.20160908.TWI","NEON.DOC.001710vE","Twigs/branches",2.94,"N",NA,"1jPgPLJsI1yDGXXXpUXDbv0ukXnnNL8m"
"c2beec28-23f1-4b9f-bfa6-cb016bc016c9","SRER_044.basePlot.ltr","D14","SRER","SRER_044","SRER_044_624","2016-09-23","2016-06-06","2016-09-08","2016-09-20T17:50Z","2016-09-23T17:44Z","NEON.LTR.SRER044624.20160908","NEON.LTR.SRER044624.20160908.FLR","NEON.DOC.001710vE","Flowers",0.31,"N",NA,"1jPgPLJsI1yDGXXXpUXDbv0ukXnnNL8m"
"1c086240-4afe-49cb-b0ff-74792126de1e","SRER_043.basePlot.ltr","D14","SRER","SRER_043","SRER_043_610","2016-09-23","2016-06-06","2016-09-08","2016-09-20T17:50Z","2016-09-23T17:44Z","NEON.LTR.SRER043610.20160908","NEON.LTR.SRER043610.20160908.OTH","NEON.DOC.001710vE","Other",0.25,"N",NA,"1jPgPLJsI1yDGXXXpUXDbv0ukXnnNL8m"
"c6f6f555-b92e-4f62-aa4c-eaa3d4ab2ecc","SRER_043.basePlot.ltr","D14","SRER","SRER_043","SRER_043_610","2016-09-23","2016-06-06","2016-09-08","2016-09-20T17:50Z","2016-09-23T17:44Z","NEON.LTR.SRER043610.20160908","NEON.LTR.SRER043610.20160908.NDL","NEON.DOC.001710vE","Needles",0,"N",NA,"1jPgPLJsI1yDGXXXpUXDbv0ukXnnNL8m"
"6b97eeac-fb83-4711-b848-f2554dada73b","SRER_043.basePlot.ltr","D14","SRER","SRER_043","SRER_043_610","2016-09-23","2016-06-06","2016-09-08","2016-09-20T17:50Z","2016-09-23T17:44Z","NEON.LTR.SRER043610.20160908","NEON.LTR.SRER043610.20160908.FLR","NEON.DOC.001710vE","Flowers",0.03,"Y",NA,"1jPgPLJsI1yDGXXXpUXDbv0ukXnnNL8m"
"dfc71063-0a38-426d-9473-4012b208a63c","SRER_043.basePlot.ltr","D14","SRER","SRER_043","SRER_043_610","2016-09-23","2016-06-06","2016-09-08","2016-09-20T17:50Z","2016-09-23T17:44Z","NEON.LTR.SRER043610.20160908","NEON.LTR.SRER043610.20160908.SDS","NEON.DOC.001710vE","Seeds",0.16,"N",NA,"1jPgPLJsI1yDGXXXpUXDbv0ukXnnNL8m"
"da660236-a1a1-45a8-901d-b7ea0c7109f2","SRER_043.basePlot.ltr","D14","SRER","SRER_043","SRER_043_141","2016-09-23","2016-06-06","2016-09-08","2016-09-20T17:50Z","2016-09-23T17:44Z","NEON.LTR.SRER043141.20160908","NEON.LTR.SRER043141.20160908.OTH","NEON.DOC.001710vE","Other",0,"N",NA,"1jPgPLJsI1yDGXXXpUXDbv0ukXnnNL8m"
"c3c13668-9e97-4c35-a82a-28243cb48c04","SRER_043.basePlot.ltr","D14","SRER","SRER_043","SRER_043_610","2016-09-23","2016-06-06","2016-09-08","2016-09-20T17:50Z","2016-09-23T17:44Z","NEON.LTR.SRER043610.20160908","NEON.LTR.SRER043610.20160908.LVS","NEON.DOC.001710vE","Leaves",9.49,"N",NA,"1jPgPLJsI1yDGXXXpUXDbv0ukXnnNL8m"
"c56bf719-9b71-4cba-ba7c-88e189e40d65","SRER_043.basePlot.ltr","D14","SRER","SRER_043","SRER_043_141","2016-09-23","2016-06-06","2016-09-08","2016-09-20T17:50Z","2016-09-23T17:44Z","NEON.LTR.SRER043141.20160908","NEON.LTR.SRER043141.20160908.SDS","NEON.DOC.001710vE","Seeds",0.29,"N",NA,"1jPgPLJsI1yDGXXXpUXDbv0ukXnnNL8m"
"622bc067-2236-489f-bafd-507b7314e27e","SRER_043.basePlot.ltr","D14","SRER","SRER_043","SRER_043_141","2016-09-23","2016-06-06","2016-09-08","2016-09-20T17:50Z","2016-09-23T17:44Z","NEON.LTR.SRER043141.20160908","NEON.LTR.SRER043141.20160908.TWI","NEON.DOC.001710vE","Twigs/branches",3.18,"N",NA,"1jPgPLJsI1yDGXXXpUXDbv0ukXnnNL8m"
"cebf20d6-2220-4dd0-8d96-a19df1c7ca68","SRER_043.basePlot.ltr","D14","SRER","SRER_043","SRER_043_141","2016-09-23","2016-06-06","2016-09-08","2016-09-20T17:50Z","2016-09-23T17:44Z","NEON.LTR.SRER043141.20160908","NEON.LTR.SRER043141.20160908.WDY","NEON.DOC.001710vE","Woody material",0.01,"N",NA,"1jPgPLJsI1yDGXXXpUXDbv0ukXnnNL8m"
"f5c79a0b-02eb-45b8-a1f9-2b5f1a7b8906","SRER_043.basePlot.ltr","D14","SRER","SRER_043","SRER_043_141","2016-09-23","2016-06-06","2016-09-08","2016-09-20T17:50Z","2016-09-23T17:44Z","NEON.LTR.SRER043141.20160908","NEON.LTR.SRER043141.20160908.LVS","NEON.DOC.001710vE","Leaves",18.32,"N",NA,"1jPgPLJsI1yDGXXXpUXDbv0ukXnnNL8m"
"97ee5f3b-d826-49c9-8180-5eff6a888ada","SRER_043.basePlot.ltr","D14","SRER","SRER_043","SRER_043_141","2016-09-23","2016-06-06","2016-09-08","2016-09-20T17:50Z","2016-09-23T17:44Z","NEON.LTR.SRER043141.20160908","NEON.LTR.SRER043141.20160908.NDL","NEON.DOC.001710vE","Needles",0,"N",NA,"1jPgPLJsI1yDGXXXpUXDbv0ukXnnNL8m"
"fca86863-f0c6-4227-a1bc-59a6037863e4","SRER_043.basePlot.ltr","D14","SRER","SRER_043","SRER_043_141","2016-09-23","2016-06-06","2016-09-08","2016-09-20T17:50Z","2016-09-23T17:44Z","NEON.LTR.SRER043141.20160908","NEON.LTR.SRER043141.20160908.FLR","NEON.DOC.001710vE","Flowers",0.18,"N",NA,"1jPgPLJsI1yDGXXXpUXDbv0ukXnnNL8m"
"1be41ead-e10b-4a10-af44-c598343b1733","SRER_042.basePlot.ltr","D14","SRER","SRER_042","SRER_042_690","2016-09-23","2016-06-06","2016-09-08","2016-09-20T17:50Z","2016-09-23T17:44Z","NEON.LTR.SRER042690.20160908","NEON.LTR.SRER042690.20160908.FLR","NEON.DOC.001710vE","Flowers",0,"N",NA,"1jPgPLJsI1yDGXXXpUXDbv0ukXnnNL8m"
"d14dbba2-ec5b-48ba-8c78-cb36b179f9ad","SRER_042.basePlot.ltr","D14","SRER","SRER_042","SRER_042_690","2016-09-23","2016-06-06","2016-09-08","2016-09-20T17:50Z","2016-09-23T17:44Z","NEON.LTR.SRER042690.20160908","NEON.LTR.SRER042690.20160908.OTH","NEON.DOC.001710vE","Other",0,"N",NA,"1jPgPLJsI1yDGXXXpUXDbv0ukXnnNL8m"
"71f52c4e-af62-4668-a809-44e7be4a61fc","SRER_042.basePlot.ltr","D14","SRER","SRER_042","SRER_042_434","2016-09-23","2016-06-06","2016-09-08","2016-09-20T17:50Z","2016-09-23T17:44Z","NEON.LTR.SRER042434.20160908","NEON.LTR.SRER042434.20160908.OTH","NEON.DOC.001710vE","Other",0,"N",NA,"1jPgPLJsI1yDGXXXpUXDbv0ukXnnNL8m"
"6028a431-4fce-4d30-8822-25a76f0f4e0b","SRER_042.basePlot.ltr","D14","SRER","SRER_042","SRER_042_690","2016-09-23","2016-06-06","2016-09-08","2016-09-20T17:50Z","2016-09-23T17:44Z","NEON.LTR.SRER042690.20160908","NEON.LTR.SRER042690.20160908.LVS","NEON.DOC.001710vE","Leaves",7.95,"N",NA,"1jPgPLJsI1yDGXXXpUXDbv0ukXnnNL8m"
"f91b900e-9a79-490d-9b15-86fce5560c75","SRER_042.basePlot.ltr","D14","SRER","SRER_042","SRER_042_690","2016-09-23","2016-06-06","2016-09-08","2016-09-20T17:50Z","2016-09-23T17:44Z","NEON.LTR.SRER042690.20160908","NEON.LTR.SRER042690.20160908.WDY","NEON.DOC.001710vE","Woody material",0.61,"N",NA,"1jPgPLJsI1yDGXXXpUXDbv0ukXnnNL8m"
"e5aa436c-04c3-4ccd-8311-d53c8e709a32","SRER_042.basePlot.ltr","D14","SRER","SRER_042","SRER_042_690","2016-09-23","2016-06-06","2016-09-08","2016-09-20T17:50Z","2016-09-23T17:44Z","NEON.LTR.SRER042690.20160908","NEON.LTR.SRER042690.20160908.TWI","NEON.DOC.001710vE","Twigs/branches",3.64,"N",NA,"1jPgPLJsI1yDGXXXpUXDbv0ukXnnNL8m"
"79af1654-309b-42c1-9462-1cd7494c0784","SRER_042.basePlot.ltr","D14","SRER","SRER_042","SRER_042_434","2016-09-23","2016-06-06","2016-09-08","2016-09-20T17:50Z","2016-09-23T17:44Z","NEON.LTR.SRER042434.20160908","NEON.LTR.SRER042434.20160908.TWI","NEON.DOC.001710vE","Twigs/branches",0.94,"N",NA,"1jPgPLJsI1yDGXXXpUXDbv0ukXnnNL8m"
"8ade8e93-6210-4037-9f45-0c1fced6fb27","SRER_042.basePlot.ltr","D14","SRER","SRER_042","SRER_042_690","2016-09-23","2016-06-06","2016-09-08","2016-09-20T17:50Z","2016-09-23T17:44Z","NEON.LTR.SRER042690.20160908","NEON.LTR.SRER042690.20160908.SDS","NEON.DOC.001710vE","Seeds",0.11,"N",NA,"1jPgPLJsI1yDGXXXpUXDbv0ukXnnNL8m"
"32de0948-60fc-4b85-a2b0-9a55cfdbfce2","SRER_042.basePlot.ltr","D14","SRER","SRER_042","SRER_042_434","2016-09-23","2016-06-06","2016-09-08","2016-09-20T17:50Z","2016-09-23T17:44Z","NEON.LTR.SRER042434.20160908","NEON.LTR.SRER042434.20160908.NDL","NEON.DOC.001710vE","Needles",0,"N",NA,"1jPgPLJsI1yDGXXXpUXDbv0ukXnnNL8m"
"283948a1-6ab8-4194-8e85-f3648ccb1d26","SRER_042.basePlot.ltr","D14","SRER","SRER_042","SRER_042_690","2016-09-23","2016-06-06","2016-09-08","2016-09-20T17:50Z","2016-09-23T17:44Z","NEON.LTR.SRER042690.20160908","NEON.LTR.SRER042690.20160908.NDL","NEON.DOC.001710vE","Needles",0,"N",NA,"1jPgPLJsI1yDGXXXpUXDbv0ukXnnNL8m"
"73b2e349-c813-4f82-a7eb-3765743ae7ea","SRER_042.basePlot.ltr","D14","SRER","SRER_042","SRER_042_434","2016-09-23","2016-06-06","2016-09-08","2016-09-20T17:50Z","2016-09-23T17:44Z","NEON.LTR.SRER042434.20160908","NEON.LTR.SRER042434.20160908.SDS","NEON.DOC.001710vE","Seeds",0.32,"N",NA,"1jPgPLJsI1yDGXXXpUXDbv0ukXnnNL8m"
"68ab82ce-a161-44ff-a235-5ee51498af47","SRER_042.basePlot.ltr","D14","SRER","SRER_042","SRER_042_434","2016-09-23","2016-06-06","2016-09-08","2016-09-20T17:50Z","2016-09-23T17:44Z","NEON.LTR.SRER042434.20160908","NEON.LTR.SRER042434.20160908.LVS","NEON.DOC.001710vE","Leaves",3.16,"N",NA,"1jPgPLJsI1yDGXXXpUXDbv0ukXnnNL8m"
"e466bcc0-613a-43c5-81a1-2fa5625f0f45","SRER_042.basePlot.ltr","D14","SRER","SRER_042","SRER_042_434","2016-09-23","2016-06-06","2016-09-08","2016-09-20T17:50Z","2016-09-23T17:44Z","NEON.LTR.SRER042434.20160908","NEON.LTR.SRER042434.20160908.WDY","NEON.DOC.001710vE","Woody material",0.01,"N",NA,"1jPgPLJsI1yDGXXXpUXDbv0ukXnnNL8m"
"7dcc752f-f731-454f-a5d6-72f11abc8f2b","SRER_042.basePlot.ltr","D14","SRER","SRER_042","SRER_042_434","2016-09-23","2016-06-06","2016-09-08","2016-09-20T17:50Z","2016-09-23T17:44Z","NEON.LTR.SRER042434.20160908","NEON.LTR.SRER042434.20160908.FLR","NEON.DOC.001710vE","Flowers",0.05,"N",NA,"1jPgPLJsI1yDGXXXpUXDbv0ukXnnNL8m"
"b564f341-1923-40c8-a33c-477302400c51","SRER_046.basePlot.ltr","D14","SRER","SRER_046","SRER_046_337","2016-09-23","2016-07-06","2016-09-08","2016-09-20T17:50Z","2016-09-23T17:44Z","NEON.LTR.SRER046337.20160908","NEON.LTR.SRER046337.20160908.OTH","NEON.DOC.001710vE","Other",0,"N",NA,"1jPgPLJsI1yDGXXXpUXDbv0ukXnnNL8m"
"659f003b-007d-431a-afb0-deb8fd22269c","SRER_046.basePlot.ltr","D14","SRER","SRER_046","SRER_046_337","2016-09-23","2016-07-06","2016-09-08","2016-09-20T17:50Z","2016-09-23T17:44Z","NEON.LTR.SRER046337.20160908","NEON.LTR.SRER046337.20160908.TWI","NEON.DOC.001710vE","Twigs/branches",1.88,"N",NA,"1jPgPLJsI1yDGXXXpUXDbv0ukXnnNL8m"
"033a0fd4-61e3-4d20-95f4-121190da0a6d","SRER_046.basePlot.ltr","D14","SRER","SRER_046","SRER_046_337","2016-09-23","2016-07-06","2016-09-08","2016-09-20T17:50Z","2016-09-23T17:44Z","NEON.LTR.SRER046337.20160908","NEON.LTR.SRER046337.20160908.WDY","NEON.DOC.001710vE","Woody material",0.12,"N",NA,"1jPgPLJsI1yDGXXXpUXDbv0ukXnnNL8m"
"0ad76f72-8b1a-41f0-ae7a-08d775a959b2","SRER_046.basePlot.ltr","D14","SRER","SRER_046","SRER_046_337","2016-09-23","2016-07-06","2016-09-08","2016-09-20T17:50Z","2016-09-23T17:44Z","NEON.LTR.SRER046337.20160908","NEON.LTR.SRER046337.20160908.FLR","NEON.DOC.001710vE","Flowers",0.08,"N",NA,"1jPgPLJsI1yDGXXXpUXDbv0ukXnnNL8m"
"76b8a6c7-4642-4bd1-b9d1-bc69328a5a13","SRER_046.basePlot.ltr","D14","SRER","SRER_046","SRER_046_337","2016-09-23","2016-07-06","2016-09-08","2016-09-20T17:50Z","2016-09-23T17:44Z","NEON.LTR.SRER046337.20160908","NEON.LTR.SRER046337.20160908.LVS","NEON.DOC.001710vE","Leaves",9.32,"N",NA,"1jPgPLJsI1yDGXXXpUXDbv0ukXnnNL8m"
"448d5265-8728-4f18-b825-bea30bfa6a2b","SRER_046.basePlot.ltr","D14","SRER","SRER_046","SRER_046_337","2016-09-23","2016-07-06","2016-09-08","2016-09-20T17:50Z","2016-09-23T17:44Z","NEON.LTR.SRER046337.20160908","NEON.LTR.SRER046337.20160908.NDL","NEON.DOC.001710vE","Needles",0,"N",NA,"1jPgPLJsI1yDGXXXpUXDbv0ukXnnNL8m"
"a88debcc-ead4-44a3-96d2-73effcc30456","SRER_046.basePlot.ltr","D14","SRER","SRER_046","SRER_046_337","2016-09-23","2016-07-06","2016-09-08","2016-09-20T17:50Z","2016-09-23T17:44Z","NEON.LTR.SRER046337.20160908","NEON.LTR.SRER046337.20160908.SDS","NEON.DOC.001710vE","Seeds",0.16,"N",NA,"1jPgPLJsI1yDGXXXpUXDbv0ukXnnNL8m"
"fb6693cc-34b6-4e80-8432-fde953bf5b72","SRER_058.basePlot.ltr","D14","SRER","SRER_058","SRER_058_834","2016-11-23","2016-09-08","2016-11-08","2016-11-21T22:30Z","2016-11-24T00:04Z","NEON.LTR.SRER058834.20161108","NEON.LTR.SRER058834.20161108.LVS","NEON.DOC.001710vE","Leaves",7.5,"N",NA,"jsTjq759p0sW6l4HEM4a2vh3YQ8Sowis"
"4359c407-3688-46e5-808c-321dd33c7939","SRER_058.basePlot.ltr","D14","SRER","SRER_058","SRER_058_834","2016-11-23","2016-09-08","2016-11-08","2016-11-21T22:30Z","2016-11-24T00:04Z","NEON.LTR.SRER058834.20161108","NEON.LTR.SRER058834.20161108.OTH","NEON.DOC.001710vE","Other",0,"N",NA,"jsTjq759p0sW6l4HEM4a2vh3YQ8Sowis"
"b7fd2344-3426-4e1d-acc9-5a60cf389808","SRER_058.basePlot.ltr","D14","SRER","SRER_058","SRER_058_834","2016-11-23","2016-09-08","2016-11-08","2016-11-21T22:30Z","2016-11-24T00:04Z","NEON.LTR.SRER058834.20161108","NEON.LTR.SRER058834.20161108.TWI","NEON.DOC.001710vE","Twigs/branches",6.67,"N",NA,"jsTjq759p0sW6l4HEM4a2vh3YQ8Sowis"
"9f954d45-fe8e-44c1-b5d2-1292b2dda858","SRER_058.basePlot.ltr","D14","SRER","SRER_058","SRER_058_834","2016-11-23","2016-09-08","2016-11-08","2016-11-21T22:30Z","2016-11-24T00:04Z","NEON.LTR.SRER058834.20161108","NEON.LTR.SRER058834.20161108.SDS","NEON.DOC.001710vE","Seeds",0.15,"N",NA,"jsTjq759p0sW6l4HEM4a2vh3YQ8Sowis"
"61a33631-986a-45de-ada3-e5fff31dff42","SRER_058.basePlot.ltr","D14","SRER","SRER_058","SRER_058_834","2016-11-23","2016-09-08","2016-11-08","2016-11-21T22:30Z","2016-11-24T00:04Z","NEON.LTR.SRER058834.20161108","NEON.LTR.SRER058834.20161108.WDY","NEON.DOC.001710vE","Woody material",0.005,"N",NA,"jsTjq759p0sW6l4HEM4a2vh3YQ8Sowis"
"e65b3df3-ced9-4013-b03a-5818980c01ec","SRER_059.basePlot.ltr","D14","SRER","SRER_059","SRER_059_143","2016-11-23","2016-09-08","2016-11-08","2016-11-21T22:30Z","2016-11-24T00:09Z","NEON.LTR.SRER059143.20161108","NEON.LTR.SRER059143.20161108.TWI","NEON.DOC.001710vE","Twigs/branches",1.63,"N",NA,"jsTjq759p0sW6l4HEM4a2vh3YQ8Sowis"
"662d4300-19e7-46cb-8565-189588a03f8f","SRER_058.basePlot.ltr","D14","SRER","SRER_058","SRER_058_426","2016-11-23","2016-09-08","2016-11-08","2016-11-21T22:30Z","2016-11-23T23:57Z","NEON.LTR.SRER058426.20161108","NEON.LTR.SRER058426.20161108.NDL","NEON.DOC.001710vE","Needles",0,"N",NA,"jsTjq759p0sW6l4HEM4a2vh3YQ8Sowis"
"3bb53aac-f7a7-4786-b372-ea01ed112890","SRER_058.basePlot.ltr","D14","SRER","SRER_058","SRER_058_834","2016-11-23","2016-09-08","2016-11-08","2016-11-21T22:30Z","2016-11-24T00:04Z","NEON.LTR.SRER058834.20161108","NEON.LTR.SRER058834.20161108.FLR","NEON.DOC.001710vE","Flowers",0,"N",NA,"jsTjq759p0sW6l4HEM4a2vh3YQ8Sowis"
"42c8aabb-9bbe-458d-839a-914a809a5245","SRER_058.basePlot.ltr","D14","SRER","SRER_058","SRER_058_834","2016-11-23","2016-09-08","2016-11-08","2016-11-21T22:30Z","2016-11-24T00:04Z","NEON.LTR.SRER058834.20161108","NEON.LTR.SRER058834.20161108.NDL","NEON.DOC.001710vE","Needles",0,"N",NA,"jsTjq759p0sW6l4HEM4a2vh3YQ8Sowis"
"65f3577d-a4ad-4260-9dca-ab62775db264","SRER_059.basePlot.ltr","D14","SRER","SRER_059","SRER_059_143","2016-11-23","2016-09-08","2016-11-08","2016-11-21T22:30Z","2016-11-24T00:09Z","NEON.LTR.SRER059143.20161108","NEON.LTR.SRER059143.20161108.OTH","NEON.DOC.001710vE","Other",0,"N",NA,"jsTjq759p0sW6l4HEM4a2vh3YQ8Sowis"
"713f8240-61a6-491c-bc79-1d84c3964aa1","SRER_059.basePlot.ltr","D14","SRER","SRER_059","SRER_059_143","2016-11-23","2016-09-08","2016-11-08","2016-11-21T22:30Z","2016-11-24T00:09Z","NEON.LTR.SRER059143.20161108","NEON.LTR.SRER059143.20161108.LVS","NEON.DOC.001710vE","Leaves",3.24,"N",NA,"jsTjq759p0sW6l4HEM4a2vh3YQ8Sowis"
"e15b16dc-15a8-40af-b6a6-a1bdc0d12045","SRER_059.basePlot.ltr","D14","SRER","SRER_059","SRER_059_143","2016-11-23","2016-09-08","2016-11-08","2016-11-21T22:30Z","2016-11-24T00:09Z","NEON.LTR.SRER059143.20161108","NEON.LTR.SRER059143.20161108.NDL","NEON.DOC.001710vE","Needles",0,"N",NA,"jsTjq759p0sW6l4HEM4a2vh3YQ8Sowis"
"f230ef60-7a84-4620-b0d0-d0d70777f821","SRER_059.basePlot.ltr","D14","SRER","SRER_059","SRER_059_788","2016-11-23","2016-09-08","2016-11-08","2016-11-21T22:30Z","2016-11-24T00:13Z","NEON.LTR.SRER059788.20161108","NEON.LTR.SRER059788.20161108.TWI","NEON.DOC.001710vE","Twigs/branches",6.35,"N",NA,"jsTjq759p0sW6l4HEM4a2vh3YQ8Sowis"
"44afa0be-199f-432f-9c05-c70c8fc44472","SRER_059.basePlot.ltr","D14","SRER","SRER_059","SRER_059_143","2016-11-23","2016-09-08","2016-11-08","2016-11-21T22:30Z","2016-11-24T00:09Z","NEON.LTR.SRER059143.20161108","NEON.LTR.SRER059143.20161108.FLR","NEON.DOC.001710vE","Flowers",0,"N",NA,"jsTjq759p0sW6l4HEM4a2vh3YQ8Sowis"
"7443c551-d461-40bc-bf76-7e493066ea53","SRER_059.basePlot.ltr","D14","SRER","SRER_059","SRER_059_788","2016-11-23","2016-09-08","2016-11-08","2016-11-21T22:30Z","2016-11-24T00:13Z","NEON.LTR.SRER059788.20161108","NEON.LTR.SRER059788.20161108.WDY","NEON.DOC.001710vE","Woody material",0.02,"N",NA,"jsTjq759p0sW6l4HEM4a2vh3YQ8Sowis"
"8938d8ba-1ad1-4f96-b160-b5658ed1ccd6","SRER_059.basePlot.ltr","D14","SRER","SRER_059","SRER_059_788","2016-11-23","2016-09-08","2016-11-08","2016-11-21T22:30Z","2016-11-24T00:13Z","NEON.LTR.SRER059788.20161108","NEON.LTR.SRER059788.20161108.LVS","NEON.DOC.001710vE","Leaves",6.76,"N",NA,"jsTjq759p0sW6l4HEM4a2vh3YQ8Sowis"
"f94e5bc1-8ca9-4920-9584-3bb5b64a5e88","SRER_059.basePlot.ltr","D14","SRER","SRER_059","SRER_059_788","2016-11-23","2016-09-08","2016-11-08","2016-11-21T22:30Z","2016-11-24T00:13Z","NEON.LTR.SRER059788.20161108","NEON.LTR.SRER059788.20161108.OTH","NEON.DOC.001710vE","Other",0,"N",NA,"jsTjq759p0sW6l4HEM4a2vh3YQ8Sowis"
"5dd180d9-8350-49f1-874b-9692d9874ad4","SRER_059.basePlot.ltr","D14","SRER","SRER_059","SRER_059_143","2016-11-23","2016-09-08","2016-11-08","2016-11-21T22:30Z","2016-11-24T00:09Z","NEON.LTR.SRER059143.20161108","NEON.LTR.SRER059143.20161108.WDY","NEON.DOC.001710vE","Woody material",0,"N",NA,"jsTjq759p0sW6l4HEM4a2vh3YQ8Sowis"
"a50c0c84-78fd-480c-a76f-073bfec0d4a8","SRER_059.basePlot.ltr","D14","SRER","SRER_059","SRER_059_788","2016-11-23","2016-09-08","2016-11-08","2016-11-21T22:30Z","2016-11-24T00:13Z","NEON.LTR.SRER059788.20161108","NEON.LTR.SRER059788.20161108.SDS","NEON.DOC.001710vE","Seeds",0.34,"N",NA,"jsTjq759p0sW6l4HEM4a2vh3YQ8Sowis"
"f8902d5b-c114-491d-854f-20430da5d619","SRER_059.basePlot.ltr","D14","SRER","SRER_059","SRER_059_788","2016-11-23","2016-09-08","2016-11-08","2016-11-21T22:30Z","2016-11-24T00:13Z","NEON.LTR.SRER059788.20161108","NEON.LTR.SRER059788.20161108.NDL","NEON.DOC.001710vE","Needles",0,"N",NA,"jsTjq759p0sW6l4HEM4a2vh3YQ8Sowis"
"d4970fcc-cf80-4c39-a58e-6d7db577bab8","SRER_059.basePlot.ltr","D14","SRER","SRER_059","SRER_059_143","2016-11-23","2016-09-08","2016-11-08","2016-11-21T22:30Z","2016-11-24T00:09Z","NEON.LTR.SRER059143.20161108","NEON.LTR.SRER059143.20161108.SDS","NEON.DOC.001710vE","Seeds",0.24,"N",NA,"jsTjq759p0sW6l4HEM4a2vh3YQ8Sowis"
"9fbba7e9-d836-42ba-af56-84a25f04e917","SRER_059.basePlot.ltr","D14","SRER","SRER_059","SRER_059_788","2016-11-23","2016-09-08","2016-11-08","2016-11-21T22:30Z","2016-11-24T00:13Z","NEON.LTR.SRER059788.20161108","NEON.LTR.SRER059788.20161108.FLR","NEON.DOC.001710vE","Flowers",0.31,"N",NA,"jsTjq759p0sW6l4HEM4a2vh3YQ8Sowis"
"42b52e78-1833-47ce-8e0e-faf8d969e177","SRER_058.basePlot.ltr","D14","SRER","SRER_058","SRER_058_426","2016-11-23","2016-09-08","2016-11-08","2016-11-21T22:30Z","2016-11-23T23:57Z","NEON.LTR.SRER058426.20161108","NEON.LTR.SRER058426.20161108.WDY","NEON.DOC.001710vE","Woody material",0.09,"N",NA,"jsTjq759p0sW6l4HEM4a2vh3YQ8Sowis"
"62a6578b-dfd9-4b10-b2bd-0204f6d7b468","SRER_058.basePlot.ltr","D14","SRER","SRER_058","SRER_058_426","2016-11-23","2016-09-08","2016-11-08","2016-11-21T22:30Z","2016-11-23T23:57Z","NEON.LTR.SRER058426.20161108","NEON.LTR.SRER058426.20161108.OTH","NEON.DOC.001710vE","Other",0,"N",NA,"jsTjq759p0sW6l4HEM4a2vh3YQ8Sowis"
"62b04314-5fe6-4c1b-af4b-209251c824a0","SRER_058.basePlot.ltr","D14","SRER","SRER_058","SRER_058_426","2016-11-23","2016-09-08","2016-11-08","2016-11-21T22:30Z","2016-11-23T23:57Z","NEON.LTR.SRER058426.20161108","NEON.LTR.SRER058426.20161108.SDS","NEON.DOC.001710vE","Seeds",12.19,"N",NA,"jsTjq759p0sW6l4HEM4a2vh3YQ8Sowis"
"cca8a854-7410-44c8-ad7b-4f7c52f85b20","SRER_058.basePlot.ltr","D14","SRER","SRER_058","SRER_058_426","2016-11-23","2016-09-08","2016-11-08","2016-11-21T22:30Z","2016-11-23T23:57Z","NEON.LTR.SRER058426.20161108","NEON.LTR.SRER058426.20161108.TWI","NEON.DOC.001710vE","Twigs/branches",1.64,"N",NA,"jsTjq759p0sW6l4HEM4a2vh3YQ8Sowis"
"b2cbb21d-0263-4d29-9ee5-df7c1a29a101","SRER_058.basePlot.ltr","D14","SRER","SRER_058","SRER_058_426","2016-11-23","2016-09-08","2016-11-08","2016-11-21T22:30Z","2016-11-23T23:57Z","NEON.LTR.SRER058426.20161108","NEON.LTR.SRER058426.20161108.FLR","NEON.DOC.001710vE","Flowers",0.16,"Y",NA,"jsTjq759p0sW6l4HEM4a2vh3YQ8Sowis"
"df1c7d53-9535-4b48-b0b1-14cc86b55e05","SRER_057.basePlot.ltr","D14","SRER","SRER_057","SRER_057_916","2016-11-23","2016-09-08","2016-11-08","2016-11-21T22:30Z","2016-11-23T23:52Z","NEON.LTR.SRER057916.20161108","NEON.LTR.SRER057916.20161108.NDL","NEON.DOC.001710vE","Needles",0,"N",NA,"jsTjq759p0sW6l4HEM4a2vh3YQ8Sowis"
"ac4c8667-718e-4162-abc7-4465f210076d","SRER_057.basePlot.ltr","D14","SRER","SRER_057","SRER_057_916","2016-11-23","2016-09-08","2016-11-08","2016-11-21T22:30Z","2016-11-23T23:52Z","NEON.LTR.SRER057916.20161108","NEON.LTR.SRER057916.20161108.OTH","NEON.DOC.001710vE","Other",0,"N",NA,"jsTjq759p0sW6l4HEM4a2vh3YQ8Sowis"
"f9fc8ddb-2d7e-414b-b969-160ac988b29b","SRER_058.basePlot.ltr","D14","SRER","SRER_058","SRER_058_426","2016-11-23","2016-09-08","2016-11-08","2016-11-21T22:30Z","2016-11-23T23:57Z","NEON.LTR.SRER058426.20161108","NEON.LTR.SRER058426.20161108.LVS","NEON.DOC.001710vE","Leaves",8.58,"N",NA,"jsTjq759p0sW6l4HEM4a2vh3YQ8Sowis"
"41d7b32b-a7b8-4559-86f9-51b159e2b996","SRER_057.basePlot.ltr","D14","SRER","SRER_057","SRER_057_916","2016-11-23","2016-09-08","2016-11-08","2016-11-21T22:30Z","2016-11-23T23:52Z","NEON.LTR.SRER057916.20161108","NEON.LTR.SRER057916.20161108.FLR","NEON.DOC.001710vE","Flowers",0.04,"N",NA,"jsTjq759p0sW6l4HEM4a2vh3YQ8Sowis"
"66d89dda-f3d7-4e19-a90e-7d6735a2e081","SRER_057.basePlot.ltr","D14","SRER","SRER_057","SRER_057_916","2016-11-23","2016-09-08","2016-11-08","2016-11-21T22:30Z","2016-11-23T23:52Z","NEON.LTR.SRER057916.20161108","NEON.LTR.SRER057916.20161108.WDY","NEON.DOC.001710vE","Woody material",0.1,"N",NA,"jsTjq759p0sW6l4HEM4a2vh3YQ8Sowis"
"59ccad59-334d-43a9-b1d5-26fd358597a9","SRER_057.basePlot.ltr","D14","SRER","SRER_057","SRER_057_916","2016-11-23","2016-09-08","2016-11-08","2016-11-21T22:30Z","2016-11-23T23:52Z","NEON.LTR.SRER057916.20161108","NEON.LTR.SRER057916.20161108.SDS","NEON.DOC.001710vE","Seeds",0.77,"N",NA,"jsTjq759p0sW6l4HEM4a2vh3YQ8Sowis"
"c8ddf443-c3c2-41f5-8faa-63eedbf6462a","SRER_057.basePlot.ltr","D14","SRER","SRER_057","SRER_057_357","2016-11-23","2016-09-08","2016-11-08","2016-11-21T22:30Z","2016-11-23T23:48Z","NEON.LTR.SRER057357.20161108","NEON.LTR.SRER057357.20161108.OTH","NEON.DOC.001710vE","Other",0,"N",NA,"jsTjq759p0sW6l4HEM4a2vh3YQ8Sowis"
"9d5956f1-c681-4030-b0ec-bab7f9033df6","SRER_057.basePlot.ltr","D14","SRER","SRER_057","SRER_057_916","2016-11-23","2016-09-08","2016-11-08","2016-11-21T22:30Z","2016-11-23T23:52Z","NEON.LTR.SRER057916.20161108","NEON.LTR.SRER057916.20161108.LVS","NEON.DOC.001710vE","Leaves",5.03,"N",NA,"jsTjq759p0sW6l4HEM4a2vh3YQ8Sowis"
"b8e31973-0d87-4638-a9e6-094168c1dca2","SRER_057.basePlot.ltr","D14","SRER","SRER_057","SRER_057_916","2016-11-23","2016-09-08","2016-11-08","2016-11-21T22:30Z","2016-11-23T23:52Z","NEON.LTR.SRER057916.20161108","NEON.LTR.SRER057916.20161108.TWI","NEON.DOC.001710vE","Twigs/branches",4.27,"N",NA,"jsTjq759p0sW6l4HEM4a2vh3YQ8Sowis"
"ec5c5802-5efb-4dda-8f05-26034cb917d6","SRER_057.basePlot.ltr","D14","SRER","SRER_057","SRER_057_357","2016-11-23","2016-09-08","2016-11-08","2016-11-21T22:30Z","2016-11-23T23:48Z","NEON.LTR.SRER057357.20161108","NEON.LTR.SRER057357.20161108.TWI","NEON.DOC.001710vE","Twigs/branches",1.33,"N",NA,"jsTjq759p0sW6l4HEM4a2vh3YQ8Sowis"
"e82c4eef-f7c0-4d70-b17d-cef72a7d1154","SRER_057.basePlot.ltr","D14","SRER","SRER_057","SRER_057_357","2016-11-23","2016-09-08","2016-11-08","2016-11-21T22:30Z","2016-11-23T23:48Z","NEON.LTR.SRER057357.20161108","NEON.LTR.SRER057357.20161108.FLR","NEON.DOC.001710vE","Flowers",0.005,"N",NA,"jsTjq759p0sW6l4HEM4a2vh3YQ8Sowis"
"c463e6d8-bca9-448e-8df1-b99f5d350304","SRER_057.basePlot.ltr","D14","SRER","SRER_057","SRER_057_357","2016-11-23","2016-09-08","2016-11-08","2016-11-21T22:30Z","2016-11-23T23:48Z","NEON.LTR.SRER057357.20161108","NEON.LTR.SRER057357.20161108.NDL","NEON.DOC.001710vE","Needles",0,"N",NA,"jsTjq759p0sW6l4HEM4a2vh3YQ8Sowis"
"22e12335-1fa0-4db8-a92b-5f2fb79a3573","SRER_057.basePlot.ltr","D14","SRER","SRER_057","SRER_057_357","2016-11-23","2016-09-08","2016-11-08","2016-11-21T22:30Z","2016-11-23T23:48Z","NEON.LTR.SRER057357.20161108","NEON.LTR.SRER057357.20161108.LVS","NEON.DOC.001710vE","Leaves",1.34,"N",NA,"jsTjq759p0sW6l4HEM4a2vh3YQ8Sowis"
"93583965-a4a1-4f6d-a19b-d68052d9bada","SRER_057.basePlot.ltr","D14","SRER","SRER_057","SRER_057_357","2016-11-23","2016-09-08","2016-11-08","2016-11-21T22:30Z","2016-11-23T23:48Z","NEON.LTR.SRER057357.20161108","NEON.LTR.SRER057357.20161108.SDS","NEON.DOC.001710vE","Seeds",0.12,"N",NA,"jsTjq759p0sW6l4HEM4a2vh3YQ8Sowis"
"b456655e-1a22-478e-b572-a49ae871dc10","SRER_057.basePlot.ltr","D14","SRER","SRER_057","SRER_057_357","2016-11-23","2016-09-08","2016-11-08","2016-11-21T22:30Z","2016-11-23T23:48Z","NEON.LTR.SRER057357.20161108","NEON.LTR.SRER057357.20161108.WDY","NEON.DOC.001710vE","Woody material",0.03,"N",NA,"jsTjq759p0sW6l4HEM4a2vh3YQ8Sowis"
"2b5a38f0-7a0c-45df-83fb-0a928077a62e","SRER_056.basePlot.ltr","D14","SRER","SRER_056","SRER_056_795","2016-11-23","2016-09-08","2016-11-08","2016-11-21T22:30Z","2016-11-23T23:44Z","NEON.LTR.SRER056795.20161108","NEON.LTR.SRER056795.20161108.FLR","NEON.DOC.001710vE","Flowers",0,"N",NA,"jsTjq759p0sW6l4HEM4a2vh3YQ8Sowis"
"fa6395f1-6845-4f9b-9c9a-184d228eb6fd","SRER_056.basePlot.ltr","D14","SRER","SRER_056","SRER_056_795","2016-11-23","2016-09-08","2016-11-08","2016-11-21T22:30Z","2016-11-23T23:44Z","NEON.LTR.SRER056795.20161108","NEON.LTR.SRER056795.20161108.NDL","NEON.DOC.001710vE","Needles",0,"N",NA,"jsTjq759p0sW6l4HEM4a2vh3YQ8Sowis"
"1858cc53-a3cb-42ee-9e18-e79c002641e1","SRER_056.basePlot.ltr","D14","SRER","SRER_056","SRER_056_795","2016-11-23","2016-09-08","2016-11-08","2016-11-21T22:30Z","2016-11-23T23:44Z","NEON.LTR.SRER056795.20161108","NEON.LTR.SRER056795.20161108.OTH","NEON.DOC.001710vE","Other",0,"N",NA,"jsTjq759p0sW6l4HEM4a2vh3YQ8Sowis"
"b195eb63-0f35-464b-b111-ebdab6726a2c","SRER_056.basePlot.ltr","D14","SRER","SRER_056","SRER_056_795","2016-11-23","2016-09-08","2016-11-08","2016-11-21T22:30Z","2016-11-23T23:44Z","NEON.LTR.SRER056795.20161108","NEON.LTR.SRER056795.20161108.TWI","NEON.DOC.001710vE","Twigs/branches",3.06,"N",NA,"jsTjq759p0sW6l4HEM4a2vh3YQ8Sowis"
"a20e0ba8-fcd7-4a8f-a1d1-aa8be4d6c1c6","SRER_056.basePlot.ltr","D14","SRER","SRER_056","SRER_056_795","2016-11-23","2016-09-08","2016-11-08","2016-11-21T22:30Z","2016-11-23T23:44Z","NEON.LTR.SRER056795.20161108","NEON.LTR.SRER056795.20161108.SDS","NEON.DOC.001710vE","Seeds",0.14,"N",NA,"jsTjq759p0sW6l4HEM4a2vh3YQ8Sowis"
"7740ffec-749b-4365-ac98-1337330a1468","SRER_056.basePlot.ltr","D14","SRER","SRER_056","SRER_056_795","2016-11-23","2016-09-08","2016-11-08","2016-11-21T22:30Z","2016-11-23T23:44Z","NEON.LTR.SRER056795.20161108","NEON.LTR.SRER056795.20161108.WDY","NEON.DOC.001710vE","Woody material",0.005,"N",NA,"jsTjq759p0sW6l4HEM4a2vh3YQ8Sowis"
"f62cc624-7774-4f72-baee-22954ab4df29","SRER_056.basePlot.ltr","D14","SRER","SRER_056","SRER_056_510","2016-11-23","2016-09-08","2016-11-08","2016-11-21T22:30Z","2016-11-23T23:38Z","NEON.LTR.SRER056510.20161108","NEON.LTR.SRER056510.20161108.NDL","NEON.DOC.001710vE","Needles",0,"N",NA,"jsTjq759p0sW6l4HEM4a2vh3YQ8Sowis"
"2df83a4c-0cb0-4c58-aece-b51412997e64","SRER_056.basePlot.ltr","D14","SRER","SRER_056","SRER_056_510","2016-11-23","2016-09-08","2016-11-08","2016-11-21T22:30Z","2016-11-23T23:38Z","NEON.LTR.SRER056510.20161108","NEON.LTR.SRER056510.20161108.OTH","NEON.DOC.001710vE","Other",0,"N",NA,"jsTjq759p0sW6l4HEM4a2vh3YQ8Sowis"
"78c48615-ee09-4f7c-9bcf-b3ef4f505c89","SRER_056.basePlot.ltr","D14","SRER","SRER_056","SRER_056_795","2016-11-23","2016-09-08","2016-11-08","2016-11-21T22:30Z","2016-11-23T23:44Z","NEON.LTR.SRER056795.20161108","NEON.LTR.SRER056795.20161108.LVS","NEON.DOC.001710vE","Leaves",4.06,"N",NA,"jsTjq759p0sW6l4HEM4a2vh3YQ8Sowis"
"0b5f2c5d-e30e-4646-87de-b6f25b1da0e9","SRER_056.basePlot.ltr","D14","SRER","SRER_056","SRER_056_510","2016-11-23","2016-09-08","2016-11-08","2016-11-21T22:30Z","2016-11-23T23:38Z","NEON.LTR.SRER056510.20161108","NEON.LTR.SRER056510.20161108.SDS","NEON.DOC.001710vE","Seeds",0.06,"N",NA,"jsTjq759p0sW6l4HEM4a2vh3YQ8Sowis"
"6578c255-4ba2-486a-85d0-b15472310e79","SRER_056.basePlot.ltr","D14","SRER","SRER_056","SRER_056_510","2016-11-23","2016-09-08","2016-11-08","2016-11-21T22:30Z","2016-11-23T23:38Z","NEON.LTR.SRER056510.20161108","NEON.LTR.SRER056510.20161108.FLR","NEON.DOC.001710vE","Flowers",0.005,"N",NA,"jsTjq759p0sW6l4HEM4a2vh3YQ8Sowis"
"fa27020c-bec2-492b-82e4-3400a7da3b4a","SRER_056.basePlot.ltr","D14","SRER","SRER_056","SRER_056_510","2016-11-23","2016-09-08","2016-11-08","2016-11-21T22:30Z","2016-11-23T23:38Z","NEON.LTR.SRER056510.20161108","NEON.LTR.SRER056510.20161108.WDY","NEON.DOC.001710vE","Woody material",0,"N",NA,"jsTjq759p0sW6l4HEM4a2vh3YQ8Sowis"
"e3c99c5b-2459-409a-9615-ea45eafc9255","SRER_055.basePlot.ltr","D14","SRER","SRER_055","SRER_055_838","2016-11-23","2016-09-08","2016-11-08","2016-11-21T22:30Z","2016-11-23T23:28Z","NEON.LTR.SRER055838.20161108","NEON.LTR.SRER055838.20161108.OTH","NEON.DOC.001710vE","Other",0,"N",NA,"jsTjq759p0sW6l4HEM4a2vh3YQ8Sowis"
"0a845f52-8ed6-4863-a530-6b177ff4e2eb","SRER_056.basePlot.ltr","D14","SRER","SRER_056","SRER_056_510","2016-11-23","2016-09-08","2016-11-08","2016-11-21T22:30Z","2016-11-23T23:38Z","NEON.LTR.SRER056510.20161108","NEON.LTR.SRER056510.20161108.LVS","NEON.DOC.001710vE","Leaves",12.09,"N",NA,"jsTjq759p0sW6l4HEM4a2vh3YQ8Sowis"
"1cbb90a8-4b5e-4ce2-80c9-513b08948060","SRER_056.basePlot.ltr","D14","SRER","SRER_056","SRER_056_510","2016-11-23","2016-09-08","2016-11-08","2016-11-21T22:30Z","2016-11-23T23:38Z","NEON.LTR.SRER056510.20161108","NEON.LTR.SRER056510.20161108.TWI","NEON.DOC.001710vE","Twigs/branches",2.67,"Y",NA,"jsTjq759p0sW6l4HEM4a2vh3YQ8Sowis"
"a6376732-c52e-4f80-b703-7a055cd0a00e","SRER_055.basePlot.ltr","D14","SRER","SRER_055","SRER_055_838","2016-11-23","2016-09-08","2016-11-08","2016-11-21T22:30Z","2016-11-23T23:28Z","NEON.LTR.SRER055838.20161108","NEON.LTR.SRER055838.20161108.SDS","NEON.DOC.001710vE","Seeds",0.02,"N",NA,"jsTjq759p0sW6l4HEM4a2vh3YQ8Sowis"
"19ccc167-25f5-41a2-b2ea-613864b842b2","SRER_055.basePlot.ltr","D14","SRER","SRER_055","SRER_055_838","2016-11-23","2016-09-08","2016-11-08","2016-11-21T22:30Z","2016-11-23T23:28Z","NEON.LTR.SRER055838.20161108","NEON.LTR.SRER055838.20161108.FLR","NEON.DOC.001710vE","Flowers",0,"N",NA,"jsTjq759p0sW6l4HEM4a2vh3YQ8Sowis"
"68bf5325-35d5-4478-952a-c13f38ff93bd","SRER_055.basePlot.ltr","D14","SRER","SRER_055","SRER_055_838","2016-11-23","2016-09-08","2016-11-08","2016-11-21T22:30Z","2016-11-23T23:28Z","NEON.LTR.SRER055838.20161108","NEON.LTR.SRER055838.20161108.NDL","NEON.DOC.001710vE","Needles",0,"N",NA,"jsTjq759p0sW6l4HEM4a2vh3YQ8Sowis"
"b2a21394-56dd-47f6-9d5c-53b4fcad12ca","SRER_055.basePlot.ltr","D14","SRER","SRER_055","SRER_055_838","2016-11-23","2016-09-08","2016-11-08","2016-11-21T22:30Z","2016-11-23T23:28Z","NEON.LTR.SRER055838.20161108","NEON.LTR.SRER055838.20161108.LVS","NEON.DOC.001710vE","Leaves",18.33,"N",NA,"jsTjq759p0sW6l4HEM4a2vh3YQ8Sowis"
"569f8170-e064-4f78-94e1-245e33fca8f5","SRER_055.basePlot.ltr","D14","SRER","SRER_055","SRER_055_838","2016-11-23","2016-09-08","2016-11-08","2016-11-21T22:30Z","2016-11-23T23:28Z","NEON.LTR.SRER055838.20161108","NEON.LTR.SRER055838.20161108.TWI","NEON.DOC.001710vE","Twigs/branches",12.73,"N",NA,"jsTjq759p0sW6l4HEM4a2vh3YQ8Sowis"
"0c8ab20c-1eac-4007-99af-8cb52b94f533","SRER_055.basePlot.ltr","D14","SRER","SRER_055","SRER_055_838","2016-11-23","2016-09-08","2016-11-08","2016-11-21T22:30Z","2016-11-23T23:28Z","NEON.LTR.SRER055838.20161108","NEON.LTR.SRER055838.20161108.WDY","NEON.DOC.001710vE","Woody material",0.04,"Y",NA,"jsTjq759p0sW6l4HEM4a2vh3YQ8Sowis"
"85f380a4-097b-465b-b587-eaae1410e9cf","SRER_055.basePlot.ltr","D14","SRER","SRER_055","SRER_055_675","2016-11-23","2016-09-08","2016-11-08","2016-11-21T22:30Z","2016-11-23T23:24Z","NEON.LTR.SRER055675.20161108","NEON.LTR.SRER055675.20161108.NDL","NEON.DOC.001710vE","Needles",0,"N",NA,"jsTjq759p0sW6l4HEM4a2vh3YQ8Sowis"
"b3b2fdec-2893-4f7f-8bc3-7fc97bb4592a","SRER_055.basePlot.ltr","D14","SRER","SRER_055","SRER_055_675","2016-11-23","2016-09-08","2016-11-08","2016-11-21T22:30Z","2016-11-23T23:24Z","NEON.LTR.SRER055675.20161108","NEON.LTR.SRER055675.20161108.SDS","NEON.DOC.001710vE","Seeds",0,"N",NA,"jsTjq759p0sW6l4HEM4a2vh3YQ8Sowis"
"a86bd668-cd79-40ce-bdbe-cbde95d1be9e","SRER_055.basePlot.ltr","D14","SRER","SRER_055","SRER_055_675","2016-11-23","2016-09-08","2016-11-08","2016-11-21T22:30Z","2016-11-23T23:24Z","NEON.LTR.SRER055675.20161108","NEON.LTR.SRER055675.20161108.OTH","NEON.DOC.001710vE","Other",0,"N",NA,"jsTjq759p0sW6l4HEM4a2vh3YQ8Sowis"
"d4d70c67-fdfd-45b3-b1ea-c79177131c55","SRER_055.basePlot.ltr","D14","SRER","SRER_055","SRER_055_675","2016-11-23","2016-09-08","2016-11-08","2016-11-21T22:30Z","2016-11-23T23:24Z","NEON.LTR.SRER055675.20161108","NEON.LTR.SRER055675.20161108.LVS","NEON.DOC.001710vE","Leaves",5.28,"N",NA,"jsTjq759p0sW6l4HEM4a2vh3YQ8Sowis"
"71bf6a7d-8703-48dc-8232-36405060abe5","SRER_055.basePlot.ltr","D14","SRER","SRER_055","SRER_055_675","2016-11-23","2016-09-08","2016-11-08","2016-11-21T22:30Z","2016-11-23T23:24Z","NEON.LTR.SRER055675.20161108","NEON.LTR.SRER055675.20161108.WDY","NEON.DOC.001710vE","Woody material",0.15,"N",NA,"jsTjq759p0sW6l4HEM4a2vh3YQ8Sowis"
"33fb4b27-88b3-470e-88df-8a7673093fe7","SRER_055.basePlot.ltr","D14","SRER","SRER_055","SRER_055_675","2016-11-23","2016-09-08","2016-11-08","2016-11-21T22:30Z","2016-11-23T23:24Z","NEON.LTR.SRER055675.20161108","NEON.LTR.SRER055675.20161108.FLR","NEON.DOC.001710vE","Flowers",0.005,"N",NA,"jsTjq759p0sW6l4HEM4a2vh3YQ8Sowis"
"c7dba9fb-9b64-4c3e-8f9c-a4c40659ee1e","SRER_055.basePlot.ltr","D14","SRER","SRER_055","SRER_055_675","2016-11-23","2016-09-08","2016-11-08","2016-11-21T22:30Z","2016-11-23T23:24Z","NEON.LTR.SRER055675.20161108","NEON.LTR.SRER055675.20161108.TWI","NEON.DOC.001710vE","Twigs/branches",0.88,"N",NA,"jsTjq759p0sW6l4HEM4a2vh3YQ8Sowis"
"40c95000-e43f-4b69-a185-c3486bf992cb","SRER_054.basePlot.ltr","D14","SRER","SRER_054","SRER_054_859","2016-11-23","2016-09-08","2016-11-08","2016-11-21T22:30Z","2016-11-23T23:17Z","NEON.LTR.SRER054859.20161108","NEON.LTR.SRER054859.20161108.OTH","NEON.DOC.001710vE","Other",0,"N",NA,"jsTjq759p0sW6l4HEM4a2vh3YQ8Sowis"
"b4ec8be4-4c63-4c7e-bb59-947a994e3885","SRER_054.basePlot.ltr","D14","SRER","SRER_054","SRER_054_859","2016-11-23","2016-09-08","2016-11-08","2016-11-21T22:30Z","2016-11-23T23:17Z","NEON.LTR.SRER054859.20161108","NEON.LTR.SRER054859.20161108.NDL","NEON.DOC.001710vE","Needles",0,"N",NA,"jsTjq759p0sW6l4HEM4a2vh3YQ8Sowis"
"252e32a3-5371-4576-ab94-782fc5cf6153","SRER_053.basePlot.ltr","D14","SRER","SRER_053","SRER_053_519","2016-11-23","2016-09-08","2016-11-08","2016-11-21T22:30Z","2016-11-23T22:56Z","NEON.LTR.SRER053519.20161108","NEON.LTR.SRER053519.20161108.WDY","NEON.DOC.001710vE","Woody material",0.01,"N",NA,"jsTjq759p0sW6l4HEM4a2vh3YQ8Sowis"
"97ea775d-b792-43ce-9c9e-7a5ec2c04a15","SRER_053.basePlot.ltr","D14","SRER","SRER_053","SRER_053_519","2016-11-23","2016-09-08","2016-11-08","2016-11-21T22:30Z","2016-11-23T22:56Z","NEON.LTR.SRER053519.20161108","NEON.LTR.SRER053519.20161108.SDS","NEON.DOC.001710vE","Seeds",0.53,"Y",NA,"jsTjq759p0sW6l4HEM4a2vh3YQ8Sowis"
"34efd0b9-85a2-41e9-b612-0bbd88cc9434","SRER_053.basePlot.ltr","D14","SRER","SRER_053","SRER_053_519","2016-11-23","2016-09-08","2016-11-08","2016-11-21T22:30Z","2016-11-23T22:56Z","NEON.LTR.SRER053519.20161108","NEON.LTR.SRER053519.20161108.FLR","NEON.DOC.001710vE","Flowers",0.005,"N",NA,"jsTjq759p0sW6l4HEM4a2vh3YQ8Sowis"
"7748e4af-3d2a-447a-9041-b87435d197b8","SRER_053.basePlot.ltr","D14","SRER","SRER_053","SRER_053_519","2016-11-23","2016-09-08","2016-11-08","2016-11-21T22:30Z","2016-11-23T22:56Z","NEON.LTR.SRER053519.20161108","NEON.LTR.SRER053519.20161108.OTH","NEON.DOC.001710vE","Other",0,"N",NA,"jsTjq759p0sW6l4HEM4a2vh3YQ8Sowis"
"470a394d-0fef-40c2-b555-dd4cb8b9b886","SRER_053.basePlot.ltr","D14","SRER","SRER_053","SRER_053_519","2016-11-23","2016-09-08","2016-11-08","2016-11-21T22:30Z","2016-11-23T22:56Z","NEON.LTR.SRER053519.20161108","NEON.LTR.SRER053519.20161108.LVS","NEON.DOC.001710vE","Leaves",4.46,"Y",NA,"jsTjq759p0sW6l4HEM4a2vh3YQ8Sowis"
"81c46891-a90a-4b0b-a220-d777e97d7f4e","SRER_053.basePlot.ltr","D14","SRER","SRER_053","SRER_053_519","2016-11-23","2016-09-08","2016-11-08","2016-11-21T22:30Z","2016-11-23T22:56Z","NEON.LTR.SRER053519.20161108","NEON.LTR.SRER053519.20161108.NDL","NEON.DOC.001710vE","Needles",0,"N",NA,"jsTjq759p0sW6l4HEM4a2vh3YQ8Sowis"
"58bc609d-8811-4266-ba53-99e5b75cf91e","SRER_053.basePlot.ltr","D14","SRER","SRER_053","SRER_053_878","2016-11-23","2016-09-08","2016-11-08","2016-11-21T22:30Z","2016-11-23T23:02Z","NEON.LTR.SRER053878.20161108","NEON.LTR.SRER053878.20161108.TWI","NEON.DOC.001710vE","Twigs/branches",15.59,"N",NA,"jsTjq759p0sW6l4HEM4a2vh3YQ8Sowis"
"6df18e65-e77f-428a-b650-19239845f159","SRER_053.basePlot.ltr","D14","SRER","SRER_053","SRER_053_519","2016-11-23","2016-09-08","2016-11-08","2016-11-21T22:30Z","2016-11-23T22:56Z","NEON.LTR.SRER053519.20161108","NEON.LTR.SRER053519.20161108.TWI","NEON.DOC.001710vE","Twigs/branches",5.47,"N",NA,"jsTjq759p0sW6l4HEM4a2vh3YQ8Sowis"
"4f3a3e02-89df-4833-9a21-0e62821810bf","SRER_052.basePlot.ltr","D14","SRER","SRER_052","SRER_052_514","2016-11-23","2016-09-08","2016-11-08","2016-11-21T22:30Z","2016-11-23T22:49Z","NEON.LTR.SRER052514.20161108","NEON.LTR.SRER052514.20161108.SDS","NEON.DOC.001710vE","Seeds",0.85,"N",NA,"jsTjq759p0sW6l4HEM4a2vh3YQ8Sowis"
"63bf1b75-8c59-46c0-aa4a-7a80d5a32b5a","SRER_052.basePlot.ltr","D14","SRER","SRER_052","SRER_052_514","2016-11-23","2016-09-08","2016-11-08","2016-11-21T22:30Z","2016-11-23T22:49Z","NEON.LTR.SRER052514.20161108","NEON.LTR.SRER052514.20161108.WDY","NEON.DOC.001710vE","Woody material",0.09,"N",NA,"jsTjq759p0sW6l4HEM4a2vh3YQ8Sowis"
"7e78b76c-30a3-422b-b3a1-1c05079238ed","SRER_052.basePlot.ltr","D14","SRER","SRER_052","SRER_052_514","2016-11-23","2016-09-08","2016-11-08","2016-11-21T22:30Z","2016-11-23T22:49Z","NEON.LTR.SRER052514.20161108","NEON.LTR.SRER052514.20161108.FLR","NEON.DOC.001710vE","Flowers",0.01,"N",NA,"jsTjq759p0sW6l4HEM4a2vh3YQ8Sowis"
"1c5a4400-cb98-4cfb-a90f-6ba78b974d25","SRER_052.basePlot.ltr","D14","SRER","SRER_052","SRER_052_514","2016-11-23","2016-09-08","2016-11-08","2016-11-21T22:30Z","2016-11-23T22:49Z","NEON.LTR.SRER052514.20161108","NEON.LTR.SRER052514.20161108.LVS","NEON.DOC.001710vE","Leaves",12.34,"N",NA,"jsTjq759p0sW6l4HEM4a2vh3YQ8Sowis"
"c39d0290-ab48-4619-8668-1e31c9870bb4","SRER_052.basePlot.ltr","D14","SRER","SRER_052","SRER_052_514","2016-11-23","2016-09-08","2016-11-08","2016-11-21T22:30Z","2016-11-23T22:49Z","NEON.LTR.SRER052514.20161108","NEON.LTR.SRER052514.20161108.OTH","NEON.DOC.001710vE","Other",0,"N",NA,"jsTjq759p0sW6l4HEM4a2vh3YQ8Sowis"
"25ad3c2a-3324-4565-93e6-b504f7cdf197","SRER_052.basePlot.ltr","D14","SRER","SRER_052","SRER_052_514","2016-11-23","2016-09-08","2016-11-08","2016-11-21T22:30Z","2016-11-23T22:49Z","NEON.LTR.SRER052514.20161108","NEON.LTR.SRER052514.20161108.NDL","NEON.DOC.001710vE","Needles",0,"N",NA,"jsTjq759p0sW6l4HEM4a2vh3YQ8Sowis"
"b8efb844-860e-456f-9710-f885c026c740","SRER_052.basePlot.ltr","D14","SRER","SRER_052","SRER_052_514","2016-11-23","2016-09-08","2016-11-08","2016-11-21T22:30Z","2016-11-23T22:49Z","NEON.LTR.SRER052514.20161108","NEON.LTR.SRER052514.20161108.TWI","NEON.DOC.001710vE","Twigs/branches",10.05,"N",NA,"jsTjq759p0sW6l4HEM4a2vh3YQ8Sowis"
"b58430d7-bc1f-4577-b918-0a3526c215a0","SRER_052.basePlot.ltr","D14","SRER","SRER_052","SRER_052_122","2016-11-23","2016-09-08","2016-11-08","2016-11-21T22:30Z","2016-11-23T22:47Z","NEON.LTR.SRER052122.20161108","NEON.LTR.SRER052122.20161108.FLR","NEON.DOC.001710vE","Flowers",0,"N",NA,"jsTjq759p0sW6l4HEM4a2vh3YQ8Sowis"
"34508d25-1436-4329-9d9d-ca1ad29f9970","SRER_052.basePlot.ltr","D14","SRER","SRER_052","SRER_052_122","2016-11-23","2016-09-08","2016-11-08","2016-11-21T22:30Z","2016-11-23T22:47Z","NEON.LTR.SRER052122.20161108","NEON.LTR.SRER052122.20161108.WDY","NEON.DOC.001710vE","Woody material",0,"N",NA,"jsTjq759p0sW6l4HEM4a2vh3YQ8Sowis"
"d1fb72d7-ad56-49f4-a04f-64f73b521896","SRER_052.basePlot.ltr","D14","SRER","SRER_052","SRER_052_122","2016-11-23","2016-09-08","2016-11-08","2016-11-21T22:30Z","2016-11-23T22:47Z","NEON.LTR.SRER052122.20161108","NEON.LTR.SRER052122.20161108.OTH","NEON.DOC.001710vE","Other",0,"N",NA,"jsTjq759p0sW6l4HEM4a2vh3YQ8Sowis"
"6e600df8-307d-489d-974e-3c08101f27a9","SRER_052.basePlot.ltr","D14","SRER","SRER_052","SRER_052_122","2016-11-23","2016-09-08","2016-11-08","2016-11-21T22:30Z","2016-11-23T22:47Z","NEON.LTR.SRER052122.20161108","NEON.LTR.SRER052122.20161108.NDL","NEON.DOC.001710vE","Needles",0,"N",NA,"jsTjq759p0sW6l4HEM4a2vh3YQ8Sowis"
"8b681143-4086-431c-83d4-de3ea3eade25","SRER_052.basePlot.ltr","D14","SRER","SRER_052","SRER_052_122","2016-11-23","2016-09-08","2016-11-08","2016-11-21T22:30Z","2016-11-23T22:47Z","NEON.LTR.SRER052122.20161108","NEON.LTR.SRER052122.20161108.TWI","NEON.DOC.001710vE","Twigs/branches",0,"N",NA,"jsTjq759p0sW6l4HEM4a2vh3YQ8Sowis"
"f0dfb907-4ee1-46c5-9e7c-21e77f45c312","SRER_052.basePlot.ltr","D14","SRER","SRER_052","SRER_052_122","2016-11-23","2016-09-08","2016-11-08","2016-11-21T22:30Z","2016-11-23T22:47Z","NEON.LTR.SRER052122.20161108","NEON.LTR.SRER052122.20161108.SDS","NEON.DOC.001710vE","Seeds",0.02,"Y",NA,"jsTjq759p0sW6l4HEM4a2vh3YQ8Sowis"
"693c1396-5a43-40ce-b571-5597722d42b7","SRER_051.basePlot.ltr","D14","SRER","SRER_051","SRER_051_842","2016-11-23","2016-09-08","2016-11-08","2016-11-21T22:30Z","2016-11-23T22:42Z","NEON.LTR.SRER051842.20161108","NEON.LTR.SRER051842.20161108.SDS","NEON.DOC.001710vE","Seeds",0.05,"N",NA,"jsTjq759p0sW6l4HEM4a2vh3YQ8Sowis"
"3bbf6074-cdc3-4d05-9156-573cf404b290","SRER_051.basePlot.ltr","D14","SRER","SRER_051","SRER_051_842","2016-11-23","2016-09-08","2016-11-08","2016-11-21T22:30Z","2016-11-23T22:42Z","NEON.LTR.SRER051842.20161108","NEON.LTR.SRER051842.20161108.OTH","NEON.DOC.001710vE","Other",0,"N",NA,"jsTjq759p0sW6l4HEM4a2vh3YQ8Sowis"
"717ceb1a-abf1-4347-9bc4-214a70aecec9","SRER_051.basePlot.ltr","D14","SRER","SRER_051","SRER_051_842","2016-11-23","2016-09-08","2016-11-08","2016-11-21T22:30Z","2016-11-23T22:42Z","NEON.LTR.SRER051842.20161108","NEON.LTR.SRER051842.20161108.WDY","NEON.DOC.001710vE","Woody material",0,"N",NA,"jsTjq759p0sW6l4HEM4a2vh3YQ8Sowis"
"52427f44-c175-4d34-927c-3d55f7658f9c","SRER_052.basePlot.ltr","D14","SRER","SRER_052","SRER_052_122","2016-11-23","2016-09-08","2016-11-08","2016-11-21T22:30Z","2016-11-23T22:47Z","NEON.LTR.SRER052122.20161108","NEON.LTR.SRER052122.20161108.LVS","NEON.DOC.001710vE","Leaves",2.03,"N",NA,"jsTjq759p0sW6l4HEM4a2vh3YQ8Sowis"
"06150473-7b6f-451f-b68b-8483949ed4b6","SRER_051.basePlot.ltr","D14","SRER","SRER_051","SRER_051_842","2016-11-23","2016-09-08","2016-11-08","2016-11-21T22:30Z","2016-11-23T22:42Z","NEON.LTR.SRER051842.20161108","NEON.LTR.SRER051842.20161108.NDL","NEON.DOC.001710vE","Needles",0,"N",NA,"jsTjq759p0sW6l4HEM4a2vh3YQ8Sowis"
"4f984095-6641-4833-9412-ec73a8ef48d4","SRER_051.basePlot.ltr","D14","SRER","SRER_051","SRER_051_842","2016-11-23","2016-09-08","2016-11-08","2016-11-21T22:30Z","2016-11-23T22:42Z","NEON.LTR.SRER051842.20161108","NEON.LTR.SRER051842.20161108.TWI","NEON.DOC.001710vE","Twigs/branches",0.39,"N",NA,"jsTjq759p0sW6l4HEM4a2vh3YQ8Sowis"
"316f1a10-b50b-4561-8741-143077d9a51f","SRER_051.basePlot.ltr","D14","SRER","SRER_051","SRER_051_842","2016-11-23","2016-09-08","2016-11-08","2016-11-21T22:30Z","2016-11-23T22:42Z","NEON.LTR.SRER051842.20161108","NEON.LTR.SRER051842.20161108.FLR","NEON.DOC.001710vE","Flowers",0.06,"N",NA,"jsTjq759p0sW6l4HEM4a2vh3YQ8Sowis"
"e0b25b77-be6c-443f-95e0-b650ae4a2ef7","SRER_051.basePlot.ltr","D14","SRER","SRER_051","SRER_051_371","2016-11-23","2016-09-08","2016-11-08","2016-11-21T22:30Z","2016-11-23T22:39Z","NEON.LTR.SRER051371.20161108","NEON.LTR.SRER051371.20161108.SDS","NEON.DOC.001710vE","Seeds",0.24,"N",NA,"jsTjq759p0sW6l4HEM4a2vh3YQ8Sowis"
"4495c2e2-9b45-42d4-8e59-15f011d924f4","SRER_051.basePlot.ltr","D14","SRER","SRER_051","SRER_051_371","2016-11-23","2016-09-08","2016-11-08","2016-11-21T22:30Z","2016-11-23T22:39Z","NEON.LTR.SRER051371.20161108","NEON.LTR.SRER051371.20161108.FLR","NEON.DOC.001710vE","Flowers",0.005,"N",NA,"jsTjq759p0sW6l4HEM4a2vh3YQ8Sowis"
"4c28c598-9a5d-49e7-af74-7e75f7747492","SRER_051.basePlot.ltr","D14","SRER","SRER_051","SRER_051_842","2016-11-23","2016-09-08","2016-11-08","2016-11-21T22:30Z","2016-11-23T22:42Z","NEON.LTR.SRER051842.20161108","NEON.LTR.SRER051842.20161108.LVS","NEON.DOC.001710vE","Leaves",9.69,"N",NA,"jsTjq759p0sW6l4HEM4a2vh3YQ8Sowis"
"c7f6531d-8df0-47e4-8232-8c13175e108a","SRER_054.basePlot.ltr","D14","SRER","SRER_054","SRER_054_859","2016-11-23","2016-09-08","2016-11-08","2016-11-21T22:30Z","2016-11-23T23:17Z","NEON.LTR.SRER054859.20161108","NEON.LTR.SRER054859.20161108.FLR","NEON.DOC.001710vE","Flowers",0.005,"N",NA,"jsTjq759p0sW6l4HEM4a2vh3YQ8Sowis"
"480804be-9028-48bb-8e71-a120a80bcb81","SRER_051.basePlot.ltr","D14","SRER","SRER_051","SRER_051_371","2016-11-23","2016-09-08","2016-11-08","2016-11-21T22:30Z","2016-11-23T22:39Z","NEON.LTR.SRER051371.20161108","NEON.LTR.SRER051371.20161108.WDY","NEON.DOC.001710vE","Woody material",0.02,"N",NA,"jsTjq759p0sW6l4HEM4a2vh3YQ8Sowis"
"9906c79c-53fd-4936-93cc-056624521e8a","SRER_054.basePlot.ltr","D14","SRER","SRER_054","SRER_054_859","2016-11-23","2016-09-08","2016-11-08","2016-11-21T22:30Z","2016-11-23T23:17Z","NEON.LTR.SRER054859.20161108","NEON.LTR.SRER054859.20161108.TWI","NEON.DOC.001710vE","Twigs/branches",3.59,"N",NA,"jsTjq759p0sW6l4HEM4a2vh3YQ8Sowis"
"c071ff7c-1075-4ab2-b068-1c9dadcdb5f0","SRER_054.basePlot.ltr","D14","SRER","SRER_054","SRER_054_859","2016-11-23","2016-09-08","2016-11-08","2016-11-21T22:30Z","2016-11-23T23:17Z","NEON.LTR.SRER054859.20161108","NEON.LTR.SRER054859.20161108.WDY","NEON.DOC.001710vE","Woody material",0.28,"Y",NA,"jsTjq759p0sW6l4HEM4a2vh3YQ8Sowis"
"fdf855fd-e9a1-4da6-8690-fb86fa51bf0a","SRER_054.basePlot.ltr","D14","SRER","SRER_054","SRER_054_859","2016-11-23","2016-09-08","2016-11-08","2016-11-21T22:30Z","2016-11-23T23:17Z","NEON.LTR.SRER054859.20161108","NEON.LTR.SRER054859.20161108.SDS","NEON.DOC.001710vE","Seeds",0.14,"N",NA,"jsTjq759p0sW6l4HEM4a2vh3YQ8Sowis"
"8a478114-7026-476f-938e-5db9b03f9198","SRER_054.basePlot.ltr","D14","SRER","SRER_054","SRER_054_524","2016-11-23","2016-09-08","2016-11-08","2016-11-21T22:30Z","2016-11-23T23:11Z","NEON.LTR.SRER054524.20161108","NEON.LTR.SRER054524.20161108.NDL","NEON.DOC.001710vE","Needles",0,"N",NA,"jsTjq759p0sW6l4HEM4a2vh3YQ8Sowis"
"31a92214-fca8-4a0f-9e19-2a397b04020f","SRER_054.basePlot.ltr","D14","SRER","SRER_054","SRER_054_524","2016-11-23","2016-09-08","2016-11-08","2016-11-21T22:30Z","2016-11-23T23:11Z","NEON.LTR.SRER054524.20161108","NEON.LTR.SRER054524.20161108.OTH","NEON.DOC.001710vE","Other",0,"N",NA,"jsTjq759p0sW6l4HEM4a2vh3YQ8Sowis"
"8e711113-b585-46fd-9125-1b5f14956f12","SRER_054.basePlot.ltr","D14","SRER","SRER_054","SRER_054_859","2016-11-23","2016-09-08","2016-11-08","2016-11-21T22:30Z","2016-11-23T23:17Z","NEON.LTR.SRER054859.20161108","NEON.LTR.SRER054859.20161108.LVS","NEON.DOC.001710vE","Leaves",8.84,"N",NA,"jsTjq759p0sW6l4HEM4a2vh3YQ8Sowis"
"8a84fb77-b519-4e26-8912-2fe633455ace","SRER_054.basePlot.ltr","D14","SRER","SRER_054","SRER_054_524","2016-11-23","2016-09-08","2016-11-08","2016-11-21T22:30Z","2016-11-23T23:11Z","NEON.LTR.SRER054524.20161108","NEON.LTR.SRER054524.20161108.FLR","NEON.DOC.001710vE","Flowers",0.06,"N",NA,"jsTjq759p0sW6l4HEM4a2vh3YQ8Sowis"
"85074b11-f6aa-4bb8-a21e-ff9f003c7462","SRER_054.basePlot.ltr","D14","SRER","SRER_054","SRER_054_524","2016-11-23","2016-09-08","2016-11-08","2016-11-21T22:30Z","2016-11-23T23:11Z","NEON.LTR.SRER054524.20161108","NEON.LTR.SRER054524.20161108.TWI","NEON.DOC.001710vE","Twigs/branches",0.94,"N",NA,"jsTjq759p0sW6l4HEM4a2vh3YQ8Sowis"
"b59c7623-81f0-436a-ba41-0a5446420e0c","SRER_054.basePlot.ltr","D14","SRER","SRER_054","SRER_054_524","2016-11-23","2016-09-08","2016-11-08","2016-11-21T22:30Z","2016-11-23T23:11Z","NEON.LTR.SRER054524.20161108","NEON.LTR.SRER054524.20161108.WDY","NEON.DOC.001710vE","Woody material",0.05,"N",NA,"jsTjq759p0sW6l4HEM4a2vh3YQ8Sowis"
"7cefaab7-3b5d-4005-b1e8-6d39257ef34d","SRER_053.basePlot.ltr","D14","SRER","SRER_053","SRER_053_878","2016-11-23","2016-09-08","2016-11-08","2016-11-21T22:30Z","2016-11-23T23:02Z","NEON.LTR.SRER053878.20161108","NEON.LTR.SRER053878.20161108.NDL","NEON.DOC.001710vE","Needles",0,"N",NA,"jsTjq759p0sW6l4HEM4a2vh3YQ8Sowis"
"3a9f65ca-defa-4f4b-bc4c-058d202e3237","SRER_054.basePlot.ltr","D14","SRER","SRER_054","SRER_054_524","2016-11-23","2016-09-08","2016-11-08","2016-11-21T22:30Z","2016-11-23T23:11Z","NEON.LTR.SRER054524.20161108","NEON.LTR.SRER054524.20161108.LVS","NEON.DOC.001710vE","Leaves",10.41,"N",NA,"jsTjq759p0sW6l4HEM4a2vh3YQ8Sowis"
"c4cee26f-e12e-4156-989c-22cbb9083eca","SRER_054.basePlot.ltr","D14","SRER","SRER_054","SRER_054_524","2016-11-23","2016-09-08","2016-11-08","2016-11-21T22:30Z","2016-11-23T23:11Z","NEON.LTR.SRER054524.20161108","NEON.LTR.SRER054524.20161108.SDS","NEON.DOC.001710vE","Seeds",8.3,"N",NA,"jsTjq759p0sW6l4HEM4a2vh3YQ8Sowis"
"1202d917-1037-4c49-a8f6-b5a44f366ec4","SRER_053.basePlot.ltr","D14","SRER","SRER_053","SRER_053_878","2016-11-23","2016-09-08","2016-11-08","2016-11-21T22:30Z","2016-11-23T23:02Z","NEON.LTR.SRER053878.20161108","NEON.LTR.SRER053878.20161108.WDY","NEON.DOC.001710vE","Woody material",0.28,"Y",NA,"jsTjq759p0sW6l4HEM4a2vh3YQ8Sowis"
"74340677-34b2-4e90-836b-4d2b768314b8","SRER_053.basePlot.ltr","D14","SRER","SRER_053","SRER_053_878","2016-11-23","2016-09-08","2016-11-08","2016-11-21T22:30Z","2016-11-23T23:02Z","NEON.LTR.SRER053878.20161108","NEON.LTR.SRER053878.20161108.FLR","NEON.DOC.001710vE","Flowers",0.01,"N",NA,"jsTjq759p0sW6l4HEM4a2vh3YQ8Sowis"
"c1a7be93-e79d-4491-a590-531a51dd7070","SRER_053.basePlot.ltr","D14","SRER","SRER_053","SRER_053_878","2016-11-23","2016-09-08","2016-11-08","2016-11-21T22:30Z","2016-11-23T23:02Z","NEON.LTR.SRER053878.20161108","NEON.LTR.SRER053878.20161108.OTH","NEON.DOC.001710vE","Other",0,"N",NA,"jsTjq759p0sW6l4HEM4a2vh3YQ8Sowis"
"e2e9a208-9482-4776-805c-56e83817d8ad","SRER_053.basePlot.ltr","D14","SRER","SRER_053","SRER_053_878","2016-11-23","2016-09-08","2016-11-08","2016-11-21T22:30Z","2016-11-23T23:02Z","NEON.LTR.SRER053878.20161108","NEON.LTR.SRER053878.20161108.LVS","NEON.DOC.001710vE","Leaves",10.78,"N",NA,"jsTjq759p0sW6l4HEM4a2vh3YQ8Sowis"
"77be0d47-cd0b-4932-8dcf-ef6c2015b7bf","SRER_053.basePlot.ltr","D14","SRER","SRER_053","SRER_053_878","2016-11-23","2016-09-08","2016-11-08","2016-11-21T22:30Z","2016-11-23T23:02Z","NEON.LTR.SRER053878.20161108","NEON.LTR.SRER053878.20161108.SDS","NEON.DOC.001710vE","Seeds",2.91,"N",NA,"jsTjq759p0sW6l4HEM4a2vh3YQ8Sowis"
"c4a45d10-5d4e-4bf4-9752-6253f587347c","SRER_048.basePlot.ltr","D14","SRER","SRER_048","SRER_048_308","2016-11-23","2016-09-08","2016-11-08","2016-11-21T22:30Z","2016-11-23T22:02Z","NEON.LTR.SRER048308.20161108","NEON.LTR.SRER048308.20161108.LVS","NEON.DOC.001710vE","Leaves",10.19,"N",NA,"jsTjq759p0sW6l4HEM4a2vh3YQ8Sowis"
"c78a5e89-6710-45d8-a7f2-c23b24bcb255","SRER_048.basePlot.ltr","D14","SRER","SRER_048","SRER_048_308","2016-11-23","2016-09-08","2016-11-08","2016-11-21T22:30Z","2016-11-23T22:02Z","NEON.LTR.SRER048308.20161108","NEON.LTR.SRER048308.20161108.SDS","NEON.DOC.001710vE","Seeds",7.79,"N",NA,"jsTjq759p0sW6l4HEM4a2vh3YQ8Sowis"
"fce84884-0fa9-4be2-8898-c061a7dde076","SRER_048.basePlot.ltr","D14","SRER","SRER_048","SRER_048_308","2016-11-23","2016-09-08","2016-11-08","2016-11-21T22:30Z","2016-11-23T22:02Z","NEON.LTR.SRER048308.20161108","NEON.LTR.SRER048308.20161108.FLR","NEON.DOC.001710vE","Flowers",0.32,"N",NA,"jsTjq759p0sW6l4HEM4a2vh3YQ8Sowis"
"70af3d74-0a50-4e5f-af25-bb2c580a3737","SRER_047.basePlot.ltr","D14","SRER","SRER_047","SRER_047_826","2016-11-23","2016-09-08","2016-11-08","2016-11-21T22:30Z","2016-11-23T21:51Z","NEON.LTR.SRER047826.20161108","NEON.LTR.SRER047826.20161108.WDY","NEON.DOC.001710vE","Woody material",0.02,"Y",NA,"jsTjq759p0sW6l4HEM4a2vh3YQ8Sowis"
"5bf0a9fa-7050-43a0-af52-22068eefd478","SRER_048.basePlot.ltr","D14","SRER","SRER_048","SRER_048_308","2016-11-23","2016-09-08","2016-11-08","2016-11-21T22:30Z","2016-11-23T22:02Z","NEON.LTR.SRER048308.20161108","NEON.LTR.SRER048308.20161108.NDL","NEON.DOC.001710vE","Needles",0,"N",NA,"jsTjq759p0sW6l4HEM4a2vh3YQ8Sowis"
"5f761d91-60ac-49a1-addd-88177fa629e5","SRER_048.basePlot.ltr","D14","SRER","SRER_048","SRER_048_308","2016-11-23","2016-09-08","2016-11-08","2016-11-21T22:30Z","2016-11-23T22:02Z","NEON.LTR.SRER048308.20161108","NEON.LTR.SRER048308.20161108.WDY","NEON.DOC.001710vE","Woody material",0.005,"N",NA,"jsTjq759p0sW6l4HEM4a2vh3YQ8Sowis"
"2ec03004-cccb-4cfb-b30c-85d76cddbae9","SRER_048.basePlot.ltr","D14","SRER","SRER_048","SRER_048_815","2016-11-23","2016-09-08","2016-11-08","2016-11-21T22:30Z","2016-11-23T22:09Z","NEON.LTR.SRER048815.20161108","NEON.LTR.SRER048815.20161108.TWI","NEON.DOC.001710vE","Twigs/branches",3.69,"N",NA,"jsTjq759p0sW6l4HEM4a2vh3YQ8Sowis"
"0d60144a-bd2d-4107-b7e6-8453b2a25513","SRER_048.basePlot.ltr","D14","SRER","SRER_048","SRER_048_308","2016-11-23","2016-09-08","2016-11-08","2016-11-21T22:30Z","2016-11-23T22:02Z","NEON.LTR.SRER048308.20161108","NEON.LTR.SRER048308.20161108.TWI","NEON.DOC.001710vE","Twigs/branches",3.14,"N",NA,"jsTjq759p0sW6l4HEM4a2vh3YQ8Sowis"
"44fcbfcf-7f7b-460a-b406-43ec9e5218e0","SRER_048.basePlot.ltr","D14","SRER","SRER_048","SRER_048_815","2016-11-23","2016-09-08","2016-11-08","2016-11-21T22:30Z","2016-11-23T22:09Z","NEON.LTR.SRER048815.20161108","NEON.LTR.SRER048815.20161108.NDL","NEON.DOC.001710vE","Needles",0,"N",NA,"jsTjq759p0sW6l4HEM4a2vh3YQ8Sowis"
"4c9f1c32-9169-424b-a341-b7a43697c98d","SRER_048.basePlot.ltr","D14","SRER","SRER_048","SRER_048_815","2016-11-23","2016-09-08","2016-11-08","2016-11-21T22:30Z","2016-11-23T22:09Z","NEON.LTR.SRER048815.20161108","NEON.LTR.SRER048815.20161108.SDS","NEON.DOC.001710vE","Seeds",1.21,"N",NA,"jsTjq759p0sW6l4HEM4a2vh3YQ8Sowis"
"ef0163c0-416d-4109-b79c-fc970a24c3da","SRER_048.basePlot.ltr","D14","SRER","SRER_048","SRER_048_308","2016-11-23","2016-09-08","2016-11-08","2016-11-21T22:30Z","2016-11-23T22:02Z","NEON.LTR.SRER048308.20161108","NEON.LTR.SRER048308.20161108.OTH","NEON.DOC.001710vE","Other",0,"N",NA,"jsTjq759p0sW6l4HEM4a2vh3YQ8Sowis"
"2ce0dcc7-cbce-43c7-abc5-923b50205de0","SRER_048.basePlot.ltr","D14","SRER","SRER_048","SRER_048_815","2016-11-23","2016-09-08","2016-11-08","2016-11-21T22:30Z","2016-11-23T22:09Z","NEON.LTR.SRER048815.20161108","NEON.LTR.SRER048815.20161108.FLR","NEON.DOC.001710vE","Flowers",0.04,"N",NA,"jsTjq759p0sW6l4HEM4a2vh3YQ8Sowis"
"24752c83-c668-401b-ac43-e014123dc6e4","SRER_048.basePlot.ltr","D14","SRER","SRER_048","SRER_048_815","2016-11-23","2016-09-08","2016-11-08","2016-11-21T22:30Z","2016-11-23T22:09Z","NEON.LTR.SRER048815.20161108","NEON.LTR.SRER048815.20161108.WDY","NEON.DOC.001710vE","Woody material",0.01,"N",NA,"jsTjq759p0sW6l4HEM4a2vh3YQ8Sowis"
"07175a68-8b67-4bd9-aac0-284bc4b3d7c0","SRER_049.basePlot.ltr","D14","SRER","SRER_049","SRER_049_050","2016-11-23","2016-09-08","2016-11-08","2016-11-21T22:30Z","2016-11-23T22:15Z","NEON.LTR.SRER049050.20161108","NEON.LTR.SRER049050.20161108.SDS","NEON.DOC.001710vE","Seeds",0.02,"N",NA,"jsTjq759p0sW6l4HEM4a2vh3YQ8Sowis"
"d22d9b53-38ad-40ff-8ed8-a0f1489a5e37","SRER_048.basePlot.ltr","D14","SRER","SRER_048","SRER_048_815","2016-11-23","2016-09-08","2016-11-08","2016-11-21T22:30Z","2016-11-23T22:09Z","NEON.LTR.SRER048815.20161108","NEON.LTR.SRER048815.20161108.LVS","NEON.DOC.001710vE","Leaves",5.19,"N",NA,"jsTjq759p0sW6l4HEM4a2vh3YQ8Sowis"
"403f6f17-dd0e-4197-987c-9e4c4954b9f2","SRER_049.basePlot.ltr","D14","SRER","SRER_049","SRER_049_050","2016-11-23","2016-09-08","2016-11-08","2016-11-21T22:30Z","2016-11-23T22:15Z","NEON.LTR.SRER049050.20161108","NEON.LTR.SRER049050.20161108.WDY","NEON.DOC.001710vE","Woody material",0.01,"N",NA,"jsTjq759p0sW6l4HEM4a2vh3YQ8Sowis"
"739acb3b-53d6-4da6-9fe6-ed0e8195f1b5","SRER_049.basePlot.ltr","D14","SRER","SRER_049","SRER_049_050","2016-11-23","2016-09-08","2016-11-08","2016-11-21T22:30Z","2016-11-23T22:15Z","NEON.LTR.SRER049050.20161108","NEON.LTR.SRER049050.20161108.FLR","NEON.DOC.001710vE","Flowers",0.02,"N",NA,"jsTjq759p0sW6l4HEM4a2vh3YQ8Sowis"
"5f6fef4e-f824-4165-a456-ee0f2d71ebc8","SRER_049.basePlot.ltr","D14","SRER","SRER_049","SRER_049_050","2016-11-23","2016-09-08","2016-11-08","2016-11-21T22:30Z","2016-11-23T22:15Z","NEON.LTR.SRER049050.20161108","NEON.LTR.SRER049050.20161108.TWI","NEON.DOC.001710vE","Twigs/branches",3.35,"N",NA,"jsTjq759p0sW6l4HEM4a2vh3YQ8Sowis"
"b36fa674-e7e0-43f8-8243-659804809af5","SRER_048.basePlot.ltr","D14","SRER","SRER_048","SRER_048_815","2016-11-23","2016-09-08","2016-11-08","2016-11-21T22:30Z","2016-11-23T22:09Z","NEON.LTR.SRER048815.20161108","NEON.LTR.SRER048815.20161108.OTH","NEON.DOC.001710vE","Other",0,"N",NA,"jsTjq759p0sW6l4HEM4a2vh3YQ8Sowis"
"4dcf4aaa-ca4f-4f91-9c0a-2e1a7c4216f7","SRER_049.basePlot.ltr","D14","SRER","SRER_049","SRER_049_050","2016-11-23","2016-09-08","2016-11-08","2016-11-21T22:30Z","2016-11-23T22:15Z","NEON.LTR.SRER049050.20161108","NEON.LTR.SRER049050.20161108.LVS","NEON.DOC.001710vE","Leaves",5.6,"N",NA,"jsTjq759p0sW6l4HEM4a2vh3YQ8Sowis"
"5893aed8-a80e-47d1-98b7-7821af0bc4ed","SRER_049.basePlot.ltr","D14","SRER","SRER_049","SRER_049_050","2016-11-23","2016-09-08","2016-11-08","2016-11-21T22:30Z","2016-11-23T22:15Z","NEON.LTR.SRER049050.20161108","NEON.LTR.SRER049050.20161108.NDL","NEON.DOC.001710vE","Needles",0,"N",NA,"jsTjq759p0sW6l4HEM4a2vh3YQ8Sowis"
"c124d0dd-a2d0-4a34-a31a-57a443ea568a","SRER_049.basePlot.ltr","D14","SRER","SRER_049","SRER_049_050","2016-11-23","2016-09-08","2016-11-08","2016-11-21T22:30Z","2016-11-23T22:15Z","NEON.LTR.SRER049050.20161108","NEON.LTR.SRER049050.20161108.OTH","NEON.DOC.001710vE","Other",0,"N",NA,"jsTjq759p0sW6l4HEM4a2vh3YQ8Sowis"
"50670b80-21e1-412c-9b96-3f158d613fdf","SRER_049.basePlot.ltr","D14","SRER","SRER_049","SRER_049_579","2016-11-23","2016-09-08","2016-11-08","2016-11-21T22:30Z","2016-11-23T22:19Z","NEON.LTR.SRER049579.20161108","NEON.LTR.SRER049579.20161108.LVS","NEON.DOC.001710vE","Leaves",15.05,"N",NA,"jsTjq759p0sW6l4HEM4a2vh3YQ8Sowis"
"ec4d2465-f0f5-4709-86a8-9b8c31efb0da","SRER_049.basePlot.ltr","D14","SRER","SRER_049","SRER_049_579","2016-11-23","2016-09-08","2016-11-08","2016-11-21T22:30Z","2016-11-23T22:19Z","NEON.LTR.SRER049579.20161108","NEON.LTR.SRER049579.20161108.NDL","NEON.DOC.001710vE","Needles",0,"N",NA,"jsTjq759p0sW6l4HEM4a2vh3YQ8Sowis"
"a4244716-8fbe-41f5-8c77-20f6db25d276","SRER_049.basePlot.ltr","D14","SRER","SRER_049","SRER_049_579","2016-11-23","2016-09-08","2016-11-08","2016-11-21T22:30Z","2016-11-23T22:19Z","NEON.LTR.SRER049579.20161108","NEON.LTR.SRER049579.20161108.OTH","NEON.DOC.001710vE","Other",0,"N",NA,"jsTjq759p0sW6l4HEM4a2vh3YQ8Sowis"
"61fa6311-6f05-4482-b3f4-51a87ae444cd","SRER_049.basePlot.ltr","D14","SRER","SRER_049","SRER_049_579","2016-11-23","2016-09-08","2016-11-08","2016-11-21T22:30Z","2016-11-23T22:19Z","NEON.LTR.SRER049579.20161108","NEON.LTR.SRER049579.20161108.TWI","NEON.DOC.001710vE","Twigs/branches",6.68,"N",NA,"jsTjq759p0sW6l4HEM4a2vh3YQ8Sowis"
"de5c08ed-2f7a-4768-bc2b-63dae274c4ea","SRER_049.basePlot.ltr","D14","SRER","SRER_049","SRER_049_579","2016-11-23","2016-09-08","2016-11-08","2016-11-21T22:30Z","2016-11-23T22:19Z","NEON.LTR.SRER049579.20161108","NEON.LTR.SRER049579.20161108.SDS","NEON.DOC.001710vE","Seeds",0.94,"N",NA,"jsTjq759p0sW6l4HEM4a2vh3YQ8Sowis"
"4a5093af-90ab-4a7a-be80-8c16033595dd","SRER_049.basePlot.ltr","D14","SRER","SRER_049","SRER_049_579","2016-11-23","2016-09-08","2016-11-08","2016-11-21T22:30Z","2016-11-23T22:19Z","NEON.LTR.SRER049579.20161108","NEON.LTR.SRER049579.20161108.WDY","NEON.DOC.001710vE","Woody material",0.01,"N",NA,"jsTjq759p0sW6l4HEM4a2vh3YQ8Sowis"
"0202cdb2-a609-4581-aae5-6209cf3ef495","SRER_049.basePlot.ltr","D14","SRER","SRER_049","SRER_049_579","2016-11-23","2016-09-08","2016-11-08","2016-11-21T22:30Z","2016-11-23T22:19Z","NEON.LTR.SRER049579.20161108","NEON.LTR.SRER049579.20161108.FLR","NEON.DOC.001710vE","Flowers",0.005,"N",NA,"jsTjq759p0sW6l4HEM4a2vh3YQ8Sowis"
"833ba3b8-5f44-4d04-9a49-63020b6f6c19","SRER_050.basePlot.ltr","D14","SRER","SRER_050","SRER_050_716","2016-11-23","2016-09-08","2016-11-08","2016-11-21T22:30Z","2016-11-23T22:27Z","NEON.LTR.SRER050716.20161108","NEON.LTR.SRER050716.20161108.LVS","NEON.DOC.001710vE","Leaves",12.15,"N",NA,"jsTjq759p0sW6l4HEM4a2vh3YQ8Sowis"
"f87b6bab-2f35-48ed-8575-109b73133e25","SRER_050.basePlot.ltr","D14","SRER","SRER_050","SRER_050_716","2016-11-23","2016-09-08","2016-11-08","2016-11-21T22:30Z","2016-11-23T22:27Z","NEON.LTR.SRER050716.20161108","NEON.LTR.SRER050716.20161108.TWI","NEON.DOC.001710vE","Twigs/branches",0.12,"N",NA,"jsTjq759p0sW6l4HEM4a2vh3YQ8Sowis"
"6207b1f2-ae18-40b0-a0a9-0351bb004aa0","SRER_050.basePlot.ltr","D14","SRER","SRER_050","SRER_050_716","2016-11-23","2016-09-08","2016-11-08","2016-11-21T22:30Z","2016-11-23T22:27Z","NEON.LTR.SRER050716.20161108","NEON.LTR.SRER050716.20161108.WDY","NEON.DOC.001710vE","Woody material",0.12,"N",NA,"jsTjq759p0sW6l4HEM4a2vh3YQ8Sowis"
"7c10fe6b-9825-4908-a919-48765d67e040","SRER_050.basePlot.ltr","D14","SRER","SRER_050","SRER_050_716","2016-11-23","2016-09-08","2016-11-08","2016-11-21T22:30Z","2016-11-23T22:27Z","NEON.LTR.SRER050716.20161108","NEON.LTR.SRER050716.20161108.NDL","NEON.DOC.001710vE","Needles",0,"N",NA,"jsTjq759p0sW6l4HEM4a2vh3YQ8Sowis"
"47662525-70b9-4f75-ab48-a17e93356a95","SRER_050.basePlot.ltr","D14","SRER","SRER_050","SRER_050_716","2016-11-23","2016-09-08","2016-11-08","2016-11-21T22:30Z","2016-11-23T22:27Z","NEON.LTR.SRER050716.20161108","NEON.LTR.SRER050716.20161108.SDS","NEON.DOC.001710vE","Seeds",0,"N",NA,"jsTjq759p0sW6l4HEM4a2vh3YQ8Sowis"
"f2fbf979-1537-4522-9646-c6b065d4694c","SRER_050.basePlot.ltr","D14","SRER","SRER_050","SRER_050_716","2016-11-23","2016-09-08","2016-11-08","2016-11-21T22:30Z","2016-11-23T22:27Z","NEON.LTR.SRER050716.20161108","NEON.LTR.SRER050716.20161108.FLR","NEON.DOC.001710vE","Flowers",0,"N",NA,"jsTjq759p0sW6l4HEM4a2vh3YQ8Sowis"
"444906da-fb42-461c-a92e-97c61427bce1","SRER_050.basePlot.ltr","D14","SRER","SRER_050","SRER_050_716","2016-11-23","2016-09-08","2016-11-08","2016-11-21T22:30Z","2016-11-23T22:27Z","NEON.LTR.SRER050716.20161108","NEON.LTR.SRER050716.20161108.OTH","NEON.DOC.001710vE","Other",0,"N",NA,"jsTjq759p0sW6l4HEM4a2vh3YQ8Sowis"
"201e2314-184b-498e-8407-d0c8a08d4b7c","SRER_050.basePlot.ltr","D14","SRER","SRER_050","SRER_050_962","2016-11-23","2016-09-08","2016-11-08","2016-11-21T22:30Z","2016-11-23T22:35Z","NEON.LTR.SRER050962.20161108","NEON.LTR.SRER050962.20161108.SDS","NEON.DOC.001710vE","Seeds",0.43,"N",NA,"jsTjq759p0sW6l4HEM4a2vh3YQ8Sowis"
"c92575ff-e4bf-4f93-9d0f-4839257c1716","SRER_050.basePlot.ltr","D14","SRER","SRER_050","SRER_050_962","2016-11-23","2016-09-08","2016-11-08","2016-11-21T22:30Z","2016-11-23T22:35Z","NEON.LTR.SRER050962.20161108","NEON.LTR.SRER050962.20161108.WDY","NEON.DOC.001710vE","Woody material",0.02,"N",NA,"jsTjq759p0sW6l4HEM4a2vh3YQ8Sowis"
"d50f5126-dd65-43c1-8afd-79bfae34aec3","SRER_050.basePlot.ltr","D14","SRER","SRER_050","SRER_050_962","2016-11-23","2016-09-08","2016-11-08","2016-11-21T22:30Z","2016-11-23T22:35Z","NEON.LTR.SRER050962.20161108","NEON.LTR.SRER050962.20161108.TWI","NEON.DOC.001710vE","Twigs/branches",1.9,"N",NA,"jsTjq759p0sW6l4HEM4a2vh3YQ8Sowis"
"4edfde52-a011-49d1-a33f-70b14c68797b","SRER_050.basePlot.ltr","D14","SRER","SRER_050","SRER_050_962","2016-11-23","2016-09-08","2016-11-08","2016-11-21T22:30Z","2016-11-23T22:35Z","NEON.LTR.SRER050962.20161108","NEON.LTR.SRER050962.20161108.LVS","NEON.DOC.001710vE","Leaves",14.79,"N",NA,"jsTjq759p0sW6l4HEM4a2vh3YQ8Sowis"
"cf948789-83aa-4e25-a462-e370df9767bd","SRER_050.basePlot.ltr","D14","SRER","SRER_050","SRER_050_962","2016-11-23","2016-09-08","2016-11-08","2016-11-21T22:30Z","2016-11-23T22:35Z","NEON.LTR.SRER050962.20161108","NEON.LTR.SRER050962.20161108.NDL","NEON.DOC.001710vE","Needles",0,"N",NA,"jsTjq759p0sW6l4HEM4a2vh3YQ8Sowis"
"ac177baf-3942-4f1f-a5a6-a8bfe7d0b758","SRER_051.basePlot.ltr","D14","SRER","SRER_051","SRER_051_371","2016-11-23","2016-09-08","2016-11-08","2016-11-21T22:30Z","2016-11-23T22:39Z","NEON.LTR.SRER051371.20161108","NEON.LTR.SRER051371.20161108.TWI","NEON.DOC.001710vE","Twigs/branches",5.93,"N",NA,"jsTjq759p0sW6l4HEM4a2vh3YQ8Sowis"
"30869309-4957-40b0-9528-0c9a0dff2313","SRER_050.basePlot.ltr","D14","SRER","SRER_050","SRER_050_962","2016-11-23","2016-09-08","2016-11-08","2016-11-21T22:30Z","2016-11-23T22:35Z","NEON.LTR.SRER050962.20161108","NEON.LTR.SRER050962.20161108.FLR","NEON.DOC.001710vE","Flowers",0,"N",NA,"jsTjq759p0sW6l4HEM4a2vh3YQ8Sowis"
"1a265d3b-d8ed-4488-8837-d5dd3e50df66","SRER_051.basePlot.ltr","D14","SRER","SRER_051","SRER_051_371","2016-11-23","2016-09-08","2016-11-08","2016-11-21T22:30Z","2016-11-23T22:39Z","NEON.LTR.SRER051371.20161108","NEON.LTR.SRER051371.20161108.OTH","NEON.DOC.001710vE","Other",0,"N",NA,"jsTjq759p0sW6l4HEM4a2vh3YQ8Sowis"
"208e7b4c-6809-4a42-8717-ccd8542597fb","SRER_051.basePlot.ltr","D14","SRER","SRER_051","SRER_051_371","2016-11-23","2016-09-08","2016-11-08","2016-11-21T22:30Z","2016-11-23T22:39Z","NEON.LTR.SRER051371.20161108","NEON.LTR.SRER051371.20161108.LVS","NEON.DOC.001710vE","Leaves",4.6,"N",NA,"jsTjq759p0sW6l4HEM4a2vh3YQ8Sowis"
"0b9ceb51-a743-4319-be84-41721412f420","SRER_050.basePlot.ltr","D14","SRER","SRER_050","SRER_050_962","2016-11-23","2016-09-08","2016-11-08","2016-11-21T22:30Z","2016-11-23T22:35Z","NEON.LTR.SRER050962.20161108","NEON.LTR.SRER050962.20161108.OTH","NEON.DOC.001710vE","Other",0,"N",NA,"jsTjq759p0sW6l4HEM4a2vh3YQ8Sowis"
"54f6492b-d41f-468b-bd35-9c53b7906550","SRER_051.basePlot.ltr","D14","SRER","SRER_051","SRER_051_371","2016-11-23","2016-09-08","2016-11-08","2016-11-21T22:30Z","2016-11-23T22:39Z","NEON.LTR.SRER051371.20161108","NEON.LTR.SRER051371.20161108.NDL","NEON.DOC.001710vE","Needles",0,"N",NA,"jsTjq759p0sW6l4HEM4a2vh3YQ8Sowis"
"6f1342a4-4668-4044-9e83-a7b8ec060450","SRER_047.basePlot.ltr","D14","SRER","SRER_047","SRER_047_826","2016-11-23","2016-09-08","2016-11-08","2016-11-21T22:30Z","2016-11-23T21:51Z","NEON.LTR.SRER047826.20161108","NEON.LTR.SRER047826.20161108.OTH","NEON.DOC.001710vE","Other",0,"N",NA,"jsTjq759p0sW6l4HEM4a2vh3YQ8Sowis"
"26a804ce-0f0d-463b-b272-aec50fb4429b","SRER_047.basePlot.ltr","D14","SRER","SRER_047","SRER_047_826","2016-11-23","2016-09-08","2016-11-08","2016-11-21T22:30Z","2016-11-23T21:51Z","NEON.LTR.SRER047826.20161108","NEON.LTR.SRER047826.20161108.SDS","NEON.DOC.001710vE","Seeds",0.08,"N",NA,"jsTjq759p0sW6l4HEM4a2vh3YQ8Sowis"
"737d4d54-a821-422f-9ab1-34137c3ebce9","SRER_047.basePlot.ltr","D14","SRER","SRER_047","SRER_047_826","2016-11-23","2016-09-08","2016-11-08","2016-11-21T22:30Z","2016-11-23T21:51Z","NEON.LTR.SRER047826.20161108","NEON.LTR.SRER047826.20161108.FLR","NEON.DOC.001710vE","Flowers",0.005,"N",NA,"jsTjq759p0sW6l4HEM4a2vh3YQ8Sowis"
"53e4ca5f-5415-4a75-a287-a9dae84bf3d5","SRER_047.basePlot.ltr","D14","SRER","SRER_047","SRER_047_568","2016-11-23","2016-09-08","2016-11-08","2016-11-21T22:30Z","2016-11-23T21:46Z","NEON.LTR.SRER047568.20161108","NEON.LTR.SRER047568.20161108.FLR","NEON.DOC.001710vE","Flowers",0.12,"N",NA,"jsTjq759p0sW6l4HEM4a2vh3YQ8Sowis"
"6aecc2e6-8b73-45bb-86f5-d47593bcdf4f","SRER_047.basePlot.ltr","D14","SRER","SRER_047","SRER_047_568","2016-11-23","2016-09-08","2016-11-08","2016-11-21T22:30Z","2016-11-23T21:46Z","NEON.LTR.SRER047568.20161108","NEON.LTR.SRER047568.20161108.WDY","NEON.DOC.001710vE","Woody material",0,"N",NA,"jsTjq759p0sW6l4HEM4a2vh3YQ8Sowis"
"85a8d40c-f97c-4e2c-a413-74c631df0a51","SRER_047.basePlot.ltr","D14","SRER","SRER_047","SRER_047_568","2016-11-23","2016-09-08","2016-11-08","2016-11-21T22:30Z","2016-11-23T21:46Z","NEON.LTR.SRER047568.20161108","NEON.LTR.SRER047568.20161108.OTH","NEON.DOC.001710vE","Other",0,"N",NA,"jsTjq759p0sW6l4HEM4a2vh3YQ8Sowis"
"4f781598-562e-4d53-9675-4de4b98feef4","SRER_047.basePlot.ltr","D14","SRER","SRER_047","SRER_047_568","2016-11-23","2016-09-08","2016-11-08","2016-11-21T22:30Z","2016-11-23T21:46Z","NEON.LTR.SRER047568.20161108","NEON.LTR.SRER047568.20161108.LVS","NEON.DOC.001710vE","Leaves",2.88,"Y",NA,"jsTjq759p0sW6l4HEM4a2vh3YQ8Sowis"
"cf64c3f2-a653-47e2-bc1e-c7186a44ced9","SRER_047.basePlot.ltr","D14","SRER","SRER_047","SRER_047_568","2016-11-23","2016-09-08","2016-11-08","2016-11-21T22:30Z","2016-11-23T21:46Z","NEON.LTR.SRER047568.20161108","NEON.LTR.SRER047568.20161108.SDS","NEON.DOC.001710vE","Seeds",0.04,"N",NA,"jsTjq759p0sW6l4HEM4a2vh3YQ8Sowis"
"af530dc6-7e08-4c15-ae60-09642b9b0f4d","SRER_047.basePlot.ltr","D14","SRER","SRER_047","SRER_047_826","2016-11-23","2016-09-08","2016-11-08","2016-11-21T22:30Z","2016-11-23T21:51Z","NEON.LTR.SRER047826.20161108","NEON.LTR.SRER047826.20161108.TWI","NEON.DOC.001710vE","Twigs/branches",4.16,"N",NA,"jsTjq759p0sW6l4HEM4a2vh3YQ8Sowis"
"84cc4bb3-0d39-446d-a2ba-23a32e506198","SRER_047.basePlot.ltr","D14","SRER","SRER_047","SRER_047_826","2016-11-23","2016-09-08","2016-11-08","2016-11-21T22:30Z","2016-11-23T21:51Z","NEON.LTR.SRER047826.20161108","NEON.LTR.SRER047826.20161108.NDL","NEON.DOC.001710vE","Needles",0,"N",NA,"jsTjq759p0sW6l4HEM4a2vh3YQ8Sowis"
"eb43b2ac-3362-4ce4-bc29-ec1816600640","SRER_047.basePlot.ltr","D14","SRER","SRER_047","SRER_047_568","2016-11-23","2016-09-08","2016-11-08","2016-11-21T22:30Z","2016-11-23T21:46Z","NEON.LTR.SRER047568.20161108","NEON.LTR.SRER047568.20161108.TWI","NEON.DOC.001710vE","Twigs/branches",3.92,"N",NA,"jsTjq759p0sW6l4HEM4a2vh3YQ8Sowis"
"a6b91603-c32d-491d-a999-9f38a52c28ed","SRER_047.basePlot.ltr","D14","SRER","SRER_047","SRER_047_826","2016-11-23","2016-09-08","2016-11-08","2016-11-21T22:30Z","2016-11-23T21:51Z","NEON.LTR.SRER047826.20161108","NEON.LTR.SRER047826.20161108.LVS","NEON.DOC.001710vE","Leaves",4.14,"N",NA,"jsTjq759p0sW6l4HEM4a2vh3YQ8Sowis"
"1a538528-4285-425e-ac3f-39935f656bc8","SRER_044.basePlot.ltr","D14","SRER","SRER_044","SRER_044_624","2016-11-23","2016-09-08","2016-11-08","2016-11-21T22:30Z","2016-11-23T21:17Z","NEON.LTR.SRER044624.20161108","NEON.LTR.SRER044624.20161108.OTH","NEON.DOC.001710vE","Other",0,"N",NA,"jsTjq759p0sW6l4HEM4a2vh3YQ8Sowis"
"7cd308fe-6c46-4c44-ac63-7ae0cf7b36e9","SRER_044.basePlot.ltr","D14","SRER","SRER_044","SRER_044_624","2016-11-23","2016-09-08","2016-11-08","2016-11-21T22:30Z","2016-11-23T21:17Z","NEON.LTR.SRER044624.20161108","NEON.LTR.SRER044624.20161108.WDY","NEON.DOC.001710vE","Woody material",0.02,"N",NA,"jsTjq759p0sW6l4HEM4a2vh3YQ8Sowis"
"3891dda8-68a4-43da-9ea3-bc94880bf31c","SRER_044.basePlot.ltr","D14","SRER","SRER_044","SRER_044_624","2016-11-23","2016-09-08","2016-11-08","2016-11-21T22:30Z","2016-11-23T21:17Z","NEON.LTR.SRER044624.20161108","NEON.LTR.SRER044624.20161108.TWI","NEON.DOC.001710vE","Twigs/branches",0.24,"N",NA,"jsTjq759p0sW6l4HEM4a2vh3YQ8Sowis"
"eb7bd043-f17d-4f7c-911e-08d10d8a33dc","SRER_044.basePlot.ltr","D14","SRER","SRER_044","SRER_044_624","2016-11-23","2016-09-08","2016-11-08","2016-11-21T22:30Z","2016-11-23T21:17Z","NEON.LTR.SRER044624.20161108","NEON.LTR.SRER044624.20161108.NDL","NEON.DOC.001710vE","Needles",0,"N",NA,"jsTjq759p0sW6l4HEM4a2vh3YQ8Sowis"
"4b1e5e28-1549-429b-87d2-01e89258d975","SRER_044.basePlot.ltr","D14","SRER","SRER_044","SRER_044_790","2016-11-23","2016-09-08","2016-11-08","2016-11-21T22:30Z","2016-11-23T21:22Z","NEON.LTR.SRER044790.20161108","NEON.LTR.SRER044790.20161108.NDL","NEON.DOC.001710vE","Needles",0,"N",NA,"jsTjq759p0sW6l4HEM4a2vh3YQ8Sowis"
"28c376ba-47e6-4abf-925f-f36a8167de45","SRER_044.basePlot.ltr","D14","SRER","SRER_044","SRER_044_790","2016-11-23","2016-09-08","2016-11-08","2016-11-21T22:30Z","2016-11-23T21:22Z","NEON.LTR.SRER044790.20161108","NEON.LTR.SRER044790.20161108.LVS","NEON.DOC.001710vE","Leaves",3.48,"Y",NA,"jsTjq759p0sW6l4HEM4a2vh3YQ8Sowis"
"e7a9dd00-b97c-4641-a5e4-2e109a0b1af2","SRER_044.basePlot.ltr","D14","SRER","SRER_044","SRER_044_790","2016-11-23","2016-09-08","2016-11-08","2016-11-21T22:30Z","2016-11-23T21:22Z","NEON.LTR.SRER044790.20161108","NEON.LTR.SRER044790.20161108.SDS","NEON.DOC.001710vE","Seeds",0.01,"N",NA,"jsTjq759p0sW6l4HEM4a2vh3YQ8Sowis"
"555c4690-00fd-4f36-9fd6-295e48c7a750","SRER_044.basePlot.ltr","D14","SRER","SRER_044","SRER_044_790","2016-11-23","2016-09-08","2016-11-08","2016-11-21T22:30Z","2016-11-23T21:22Z","NEON.LTR.SRER044790.20161108","NEON.LTR.SRER044790.20161108.TWI","NEON.DOC.001710vE","Twigs/branches",3.53,"N",NA,"jsTjq759p0sW6l4HEM4a2vh3YQ8Sowis"
"1edf3604-456c-44a5-a479-4f346f30371d","SRER_044.basePlot.ltr","D14","SRER","SRER_044","SRER_044_624","2016-11-23","2016-09-08","2016-11-08","2016-11-21T22:30Z","2016-11-23T21:17Z","NEON.LTR.SRER044624.20161108","NEON.LTR.SRER044624.20161108.FLR","NEON.DOC.001710vE","Flowers",0.07,"N",NA,"jsTjq759p0sW6l4HEM4a2vh3YQ8Sowis"
"0f49f3d8-7898-41b9-9764-5acdf7bae7cd","SRER_045.basePlot.ltr","D14","SRER","SRER_045","SRER_045_117","2016-11-23","2016-09-08","2016-11-08","2016-11-21T22:30Z","2016-11-23T21:26Z","NEON.LTR.SRER045117.20161108","NEON.LTR.SRER045117.20161108.NDL","NEON.DOC.001710vE","Needles",0,"N",NA,"jsTjq759p0sW6l4HEM4a2vh3YQ8Sowis"
"a3352910-8cb6-414f-8c31-11f00dba447d","SRER_044.basePlot.ltr","D14","SRER","SRER_044","SRER_044_790","2016-11-23","2016-09-08","2016-11-08","2016-11-21T22:30Z","2016-11-23T21:22Z","NEON.LTR.SRER044790.20161108","NEON.LTR.SRER044790.20161108.WDY","NEON.DOC.001710vE","Woody material",0.005,"N",NA,"jsTjq759p0sW6l4HEM4a2vh3YQ8Sowis"
"8b84b3dc-1b6f-44c1-a2a3-9014ec2d38ec","SRER_045.basePlot.ltr","D14","SRER","SRER_045","SRER_045_117","2016-11-23","2016-09-08","2016-11-08","2016-11-21T22:30Z","2016-11-23T21:26Z","NEON.LTR.SRER045117.20161108","NEON.LTR.SRER045117.20161108.OTH","NEON.DOC.001710vE","Other",0,"N",NA,"jsTjq759p0sW6l4HEM4a2vh3YQ8Sowis"
"6638d59c-32ba-4a08-ad82-e1acb0810792","SRER_044.basePlot.ltr","D14","SRER","SRER_044","SRER_044_790","2016-11-23","2016-09-08","2016-11-08","2016-11-21T22:30Z","2016-11-23T21:22Z","NEON.LTR.SRER044790.20161108","NEON.LTR.SRER044790.20161108.FLR","NEON.DOC.001710vE","Flowers",0,"N",NA,"jsTjq759p0sW6l4HEM4a2vh3YQ8Sowis"
"8e940895-4241-4113-b113-d5bdc128bcf5","SRER_044.basePlot.ltr","D14","SRER","SRER_044","SRER_044_790","2016-11-23","2016-09-08","2016-11-08","2016-11-21T22:30Z","2016-11-23T21:22Z","NEON.LTR.SRER044790.20161108","NEON.LTR.SRER044790.20161108.OTH","NEON.DOC.001710vE","Other",0,"N",NA,"jsTjq759p0sW6l4HEM4a2vh3YQ8Sowis"
"e142a5e7-7017-489f-bf66-b4b9d66c3e95","SRER_045.basePlot.ltr","D14","SRER","SRER_045","SRER_045_117","2016-11-23","2016-09-08","2016-11-08","2016-11-21T22:30Z","2016-11-23T21:26Z","NEON.LTR.SRER045117.20161108","NEON.LTR.SRER045117.20161108.SDS","NEON.DOC.001710vE","Seeds",4.11,"Y",NA,"jsTjq759p0sW6l4HEM4a2vh3YQ8Sowis"
"c1ff36b7-5a6a-4f40-9901-19e789a4c8dd","SRER_045.basePlot.ltr","D14","SRER","SRER_045","SRER_045_290","2016-11-23","2016-09-08","2016-11-08","2016-11-21T22:30Z","2016-11-23T21:32Z","NEON.LTR.SRER045290.20161108","NEON.LTR.SRER045290.20161108.LVS","NEON.DOC.001710vE","Leaves",9.57,"N",NA,"jsTjq759p0sW6l4HEM4a2vh3YQ8Sowis"
"7bf80c9d-2e7e-435b-8842-d688e038d951","SRER_045.basePlot.ltr","D14","SRER","SRER_045","SRER_045_117","2016-11-23","2016-09-08","2016-11-08","2016-11-21T22:30Z","2016-11-23T21:26Z","NEON.LTR.SRER045117.20161108","NEON.LTR.SRER045117.20161108.LVS","NEON.DOC.001710vE","Leaves",8.52,"N",NA,"jsTjq759p0sW6l4HEM4a2vh3YQ8Sowis"
"601d250a-97c4-47b4-bfc5-3a4278d60d25","SRER_045.basePlot.ltr","D14","SRER","SRER_045","SRER_045_117","2016-11-23","2016-09-08","2016-11-08","2016-11-21T22:30Z","2016-11-23T21:26Z","NEON.LTR.SRER045117.20161108","NEON.LTR.SRER045117.20161108.TWI","NEON.DOC.001710vE","Twigs/branches",2.22,"Y",NA,"jsTjq759p0sW6l4HEM4a2vh3YQ8Sowis"
"0fa494b0-a0d8-460d-863e-a9a11614373b","SRER_045.basePlot.ltr","D14","SRER","SRER_045","SRER_045_290","2016-11-23","2016-09-08","2016-11-08","2016-11-21T22:30Z","2016-11-23T21:32Z","NEON.LTR.SRER045290.20161108","NEON.LTR.SRER045290.20161108.NDL","NEON.DOC.001710vE","Needles",0,"N",NA,"jsTjq759p0sW6l4HEM4a2vh3YQ8Sowis"
"352c8172-f719-43d0-837d-ff0bba1b7292","SRER_045.basePlot.ltr","D14","SRER","SRER_045","SRER_045_117","2016-11-23","2016-09-08","2016-11-08","2016-11-21T22:30Z","2016-11-23T21:26Z","NEON.LTR.SRER045117.20161108","NEON.LTR.SRER045117.20161108.FLR","NEON.DOC.001710vE","Flowers",0.2,"N",NA,"jsTjq759p0sW6l4HEM4a2vh3YQ8Sowis"
"fc4b9b46-1b55-4979-9265-c81db53fd75c","SRER_045.basePlot.ltr","D14","SRER","SRER_045","SRER_045_117","2016-11-23","2016-09-08","2016-11-08","2016-11-21T22:30Z","2016-11-23T21:26Z","NEON.LTR.SRER045117.20161108","NEON.LTR.SRER045117.20161108.WDY","NEON.DOC.001710vE","Woody material",0.005,"N",NA,"jsTjq759p0sW6l4HEM4a2vh3YQ8Sowis"
"d2ca0930-ed2b-48d7-99d6-c3128bf4e628","SRER_045.basePlot.ltr","D14","SRER","SRER_045","SRER_045_290","2016-11-23","2016-09-08","2016-11-08","2016-11-21T22:30Z","2016-11-23T21:32Z","NEON.LTR.SRER045290.20161108","NEON.LTR.SRER045290.20161108.WDY","NEON.DOC.001710vE","Woody material",0.04,"N",NA,"jsTjq759p0sW6l4HEM4a2vh3YQ8Sowis"
"1074f14c-f623-4c3e-b7ee-fe02727efaf1","SRER_045.basePlot.ltr","D14","SRER","SRER_045","SRER_045_290","2016-11-23","2016-09-08","2016-11-08","2016-11-21T22:30Z","2016-11-23T21:32Z","NEON.LTR.SRER045290.20161108","NEON.LTR.SRER045290.20161108.SDS","NEON.DOC.001710vE","Seeds",7.31,"Y",NA,"jsTjq759p0sW6l4HEM4a2vh3YQ8Sowis"
"4faf897a-b294-4226-9081-b1b10f34b7b2","SRER_045.basePlot.ltr","D14","SRER","SRER_045","SRER_045_290","2016-11-23","2016-09-08","2016-11-08","2016-11-21T22:30Z","2016-11-23T21:32Z","NEON.LTR.SRER045290.20161108","NEON.LTR.SRER045290.20161108.FLR","NEON.DOC.001710vE","Flowers",0.02,"N",NA,"jsTjq759p0sW6l4HEM4a2vh3YQ8Sowis"
"c55577a1-f1b1-45f5-9c0c-cb67c8145bce","SRER_046.basePlot.ltr","D14","SRER","SRER_046","SRER_046_337","2016-11-23","2016-09-08","2016-11-08","2016-11-21T22:30Z","2016-11-23T21:37Z","NEON.LTR.SRER046337.20161108","NEON.LTR.SRER046337.20161108.OTH","NEON.DOC.001710vE","Other",0,"N",NA,"jsTjq759p0sW6l4HEM4a2vh3YQ8Sowis"
"f31eef5c-0e65-42ab-8b53-c3e3c89c1f99","SRER_045.basePlot.ltr","D14","SRER","SRER_045","SRER_045_290","2016-11-23","2016-09-08","2016-11-08","2016-11-21T22:30Z","2016-11-23T21:32Z","NEON.LTR.SRER045290.20161108","NEON.LTR.SRER045290.20161108.OTH","NEON.DOC.001710vE","Other",0,"N",NA,"jsTjq759p0sW6l4HEM4a2vh3YQ8Sowis"
"774a2cc9-d054-4308-8aa2-d23927ffb7c1","SRER_045.basePlot.ltr","D14","SRER","SRER_045","SRER_045_290","2016-11-23","2016-09-08","2016-11-08","2016-11-21T22:30Z","2016-11-23T21:32Z","NEON.LTR.SRER045290.20161108","NEON.LTR.SRER045290.20161108.TWI","NEON.DOC.001710vE","Twigs/branches",2.34,"N",NA,"jsTjq759p0sW6l4HEM4a2vh3YQ8Sowis"
"cf9ec989-d2e0-4d04-92eb-ae439b5dae72","SRER_046.basePlot.ltr","D14","SRER","SRER_046","SRER_046_337","2016-11-23","2016-09-08","2016-11-08","2016-11-21T22:30Z","2016-11-23T21:37Z","NEON.LTR.SRER046337.20161108","NEON.LTR.SRER046337.20161108.FLR","NEON.DOC.001710vE","Flowers",0,"N",NA,"jsTjq759p0sW6l4HEM4a2vh3YQ8Sowis"
"27ea6d0e-0548-491f-98e7-bba5cea0da36","SRER_046.basePlot.ltr","D14","SRER","SRER_046","SRER_046_337","2016-11-23","2016-09-08","2016-11-08","2016-11-21T22:30Z","2016-11-23T21:37Z","NEON.LTR.SRER046337.20161108","NEON.LTR.SRER046337.20161108.LVS","NEON.DOC.001710vE","Leaves",4.89,"N",NA,"jsTjq759p0sW6l4HEM4a2vh3YQ8Sowis"
"075c931e-c444-4c35-b798-8b689b5754a9","SRER_046.basePlot.ltr","D14","SRER","SRER_046","SRER_046_337","2016-11-23","2016-09-08","2016-11-08","2016-11-21T22:30Z","2016-11-23T21:37Z","NEON.LTR.SRER046337.20161108","NEON.LTR.SRER046337.20161108.NDL","NEON.DOC.001710vE","Needles",0,"N",NA,"jsTjq759p0sW6l4HEM4a2vh3YQ8Sowis"
"95d5952a-638c-4ef0-b30b-19c91c318f1a","SRER_046.basePlot.ltr","D14","SRER","SRER_046","SRER_046_795","2016-11-23","2016-09-08","2016-11-08","2016-11-21T22:30Z","2016-11-23T21:41Z","NEON.LTR.SRER046795.20161108","NEON.LTR.SRER046795.20161108.LVS","NEON.DOC.001710vE","Leaves",7.77,"N",NA,"jsTjq759p0sW6l4HEM4a2vh3YQ8Sowis"
"3fa6deb7-c264-4455-876b-25165559234e","SRER_046.basePlot.ltr","D14","SRER","SRER_046","SRER_046_337","2016-11-23","2016-09-08","2016-11-08","2016-11-21T22:30Z","2016-11-23T21:37Z","NEON.LTR.SRER046337.20161108","NEON.LTR.SRER046337.20161108.TWI","NEON.DOC.001710vE","Twigs/branches",2.73,"N",NA,"jsTjq759p0sW6l4HEM4a2vh3YQ8Sowis"
"db265548-82f5-4ae3-b3a1-4234864d97ba","SRER_046.basePlot.ltr","D14","SRER","SRER_046","SRER_046_337","2016-11-23","2016-09-08","2016-11-08","2016-11-21T22:30Z","2016-11-23T21:37Z","NEON.LTR.SRER046337.20161108","NEON.LTR.SRER046337.20161108.SDS","NEON.DOC.001710vE","Seeds",0.52,"N",NA,"jsTjq759p0sW6l4HEM4a2vh3YQ8Sowis"
"7c9d8875-0884-406d-a893-f7e1ea68f9af","SRER_046.basePlot.ltr","D14","SRER","SRER_046","SRER_046_795","2016-11-23","2016-09-08","2016-11-08","2016-11-21T22:30Z","2016-11-23T21:41Z","NEON.LTR.SRER046795.20161108","NEON.LTR.SRER046795.20161108.OTH","NEON.DOC.001710vE","Other",0,"N",NA,"jsTjq759p0sW6l4HEM4a2vh3YQ8Sowis"
"0cf0d605-b7ac-497c-a3fc-a0bb9dc1cda6","SRER_046.basePlot.ltr","D14","SRER","SRER_046","SRER_046_795","2016-11-23","2016-09-08","2016-11-08","2016-11-21T22:30Z","2016-11-23T21:41Z","NEON.LTR.SRER046795.20161108","NEON.LTR.SRER046795.20161108.TWI","NEON.DOC.001710vE","Twigs/branches",5.69,"N",NA,"jsTjq759p0sW6l4HEM4a2vh3YQ8Sowis"
"846a6512-4617-45f7-9269-9e604d6f0232","SRER_046.basePlot.ltr","D14","SRER","SRER_046","SRER_046_795","2016-11-23","2016-09-08","2016-11-08","2016-11-21T22:30Z","2016-11-23T21:41Z","NEON.LTR.SRER046795.20161108","NEON.LTR.SRER046795.20161108.SDS","NEON.DOC.001710vE","Seeds",0.29,"Y",NA,"jsTjq759p0sW6l4HEM4a2vh3YQ8Sowis"
"f77126cc-4430-48c0-ac9d-fd4b1ab78711","SRER_046.basePlot.ltr","D14","SRER","SRER_046","SRER_046_337","2016-11-23","2016-09-08","2016-11-08","2016-11-21T22:30Z","2016-11-23T21:37Z","NEON.LTR.SRER046337.20161108","NEON.LTR.SRER046337.20161108.WDY","NEON.DOC.001710vE","Woody material",0,"N",NA,"jsTjq759p0sW6l4HEM4a2vh3YQ8Sowis"
"3797352b-9f3b-4818-9e83-b718f7134803","SRER_046.basePlot.ltr","D14","SRER","SRER_046","SRER_046_795","2016-11-23","2016-09-08","2016-11-08","2016-11-21T22:30Z","2016-11-23T21:41Z","NEON.LTR.SRER046795.20161108","NEON.LTR.SRER046795.20161108.WDY","NEON.DOC.001710vE","Woody material",0.01,"N",NA,"jsTjq759p0sW6l4HEM4a2vh3YQ8Sowis"
"fd6a6456-877c-4b2d-a80a-a35ed11ac917","SRER_046.basePlot.ltr","D14","SRER","SRER_046","SRER_046_795","2016-11-23","2016-09-08","2016-11-08","2016-11-21T22:30Z","2016-11-23T21:41Z","NEON.LTR.SRER046795.20161108","NEON.LTR.SRER046795.20161108.FLR","NEON.DOC.001710vE","Flowers",0,"N",NA,"jsTjq759p0sW6l4HEM4a2vh3YQ8Sowis"
"28c487da-7996-475c-85c9-5873330d964b","SRER_047.basePlot.ltr","D14","SRER","SRER_047","SRER_047_568","2016-11-23","2016-09-08","2016-11-08","2016-11-21T22:30Z","2016-11-23T21:46Z","NEON.LTR.SRER047568.20161108","NEON.LTR.SRER047568.20161108.NDL","NEON.DOC.001710vE","Needles",0,"N",NA,"jsTjq759p0sW6l4HEM4a2vh3YQ8Sowis"
"58387d92-4fbb-4e20-8ad6-0ae2773bce06","SRER_046.basePlot.ltr","D14","SRER","SRER_046","SRER_046_795","2016-11-23","2016-09-08","2016-11-08","2016-11-21T22:30Z","2016-11-23T21:41Z","NEON.LTR.SRER046795.20161108","NEON.LTR.SRER046795.20161108.NDL","NEON.DOC.001710vE","Needles",0,"N",NA,"jsTjq759p0sW6l4HEM4a2vh3YQ8Sowis"
"e97b796d-43c1-401b-bc5a-aa5756f3522d","SRER_042.basePlot.ltr","D14","SRER","SRER_042","SRER_042_434","2016-11-23","2016-09-08","2016-11-08","2016-11-21T22:30Z","2016-11-23T20:45Z","NEON.LTR.SRER042434.20161108","NEON.LTR.SRER042434.20161108.SDS","NEON.DOC.001710vE","Seeds",0.37,"N",NA,"jsTjq759p0sW6l4HEM4a2vh3YQ8Sowis"
"d6994fd0-b2f3-4456-9aeb-aeec2703a665","SRER_042.basePlot.ltr","D14","SRER","SRER_042","SRER_042_434","2016-11-23","2016-09-08","2016-11-08","2016-11-21T22:30Z","2016-11-23T20:45Z","NEON.LTR.SRER042434.20161108","NEON.LTR.SRER042434.20161108.NDL","NEON.DOC.001710vE","Needles",0,"N",NA,"jsTjq759p0sW6l4HEM4a2vh3YQ8Sowis"
"0accac66-77a3-4d4e-996f-6c6ff19eeb69","SRER_042.basePlot.ltr","D14","SRER","SRER_042","SRER_042_434","2016-11-23","2016-09-08","2016-11-08","2016-11-21T22:30Z","2016-11-23T20:45Z","NEON.LTR.SRER042434.20161108","NEON.LTR.SRER042434.20161108.TWI","NEON.DOC.001710vE","Twigs/branches",1.09,"N",NA,"jsTjq759p0sW6l4HEM4a2vh3YQ8Sowis"
"271f22d0-695e-46ef-999d-244c0369affa","SRER_042.basePlot.ltr","D14","SRER","SRER_042","SRER_042_434","2016-11-23","2016-09-08","2016-11-08","2016-11-21T22:30Z","2016-11-23T20:45Z","NEON.LTR.SRER042434.20161108","NEON.LTR.SRER042434.20161108.WDY","NEON.DOC.001710vE","Woody material",0.01,"N",NA,"jsTjq759p0sW6l4HEM4a2vh3YQ8Sowis"
"3d3208fd-e931-4b9e-98af-7281e6b33af2","SRER_042.basePlot.ltr","D14","SRER","SRER_042","SRER_042_434","2016-11-23","2016-09-08","2016-11-08","2016-11-21T22:30Z","2016-11-23T20:45Z","NEON.LTR.SRER042434.20161108","NEON.LTR.SRER042434.20161108.LVS","NEON.DOC.001710vE","Leaves",2.61,"Y",NA,"jsTjq759p0sW6l4HEM4a2vh3YQ8Sowis"
"6d7ac92d-fc04-4bd6-b59e-31141dfefc04","SRER_044.basePlot.ltr","D14","SRER","SRER_044","SRER_044_624","2016-11-23","2016-09-08","2016-11-08","2016-11-21T22:30Z","2016-11-23T21:17Z","NEON.LTR.SRER044624.20161108","NEON.LTR.SRER044624.20161108.SDS","NEON.DOC.001710vE","Seeds",3.51,"N",NA,"jsTjq759p0sW6l4HEM4a2vh3YQ8Sowis"
"237da522-e031-49a9-9b66-4c5618c13f2a","SRER_044.basePlot.ltr","D14","SRER","SRER_044","SRER_044_624","2016-11-23","2016-09-08","2016-11-08","2016-11-21T22:30Z","2016-11-23T21:17Z","NEON.LTR.SRER044624.20161108","NEON.LTR.SRER044624.20161108.LVS","NEON.DOC.001710vE","Leaves",7.53,"N",NA,"jsTjq759p0sW6l4HEM4a2vh3YQ8Sowis"
"e33080c2-48d3-443a-8166-7ded97f08dd1","SRER_043.basePlot.ltr","D14","SRER","SRER_043","SRER_043_610","2016-11-23","2016-09-08","2016-11-08","2016-11-21T22:30Z","2016-11-23T21:11Z","NEON.LTR.SRER043610.20161108","NEON.LTR.SRER043610.20161108.TWI","NEON.DOC.001710vE","Twigs/branches",9.05,"N",NA,"jsTjq759p0sW6l4HEM4a2vh3YQ8Sowis"
"39695007-72a9-49ae-8caf-71fb5dc71616","SRER_043.basePlot.ltr","D14","SRER","SRER_043","SRER_043_610","2016-11-23","2016-09-08","2016-11-08","2016-11-21T22:30Z","2016-11-23T21:11Z","NEON.LTR.SRER043610.20161108","NEON.LTR.SRER043610.20161108.SDS","NEON.DOC.001710vE","Seeds",0.44,"N",NA,"jsTjq759p0sW6l4HEM4a2vh3YQ8Sowis"
"df771a3b-e22c-4697-a078-53c69b773938","SRER_043.basePlot.ltr","D14","SRER","SRER_043","SRER_043_610","2016-11-23","2016-09-08","2016-11-08","2016-11-21T22:30Z","2016-11-23T21:11Z","NEON.LTR.SRER043610.20161108","NEON.LTR.SRER043610.20161108.LVS","NEON.DOC.001710vE","Leaves",7.93,"N",NA,"jsTjq759p0sW6l4HEM4a2vh3YQ8Sowis"
"709aed82-c91a-4213-bb3c-4bc6f026066a","SRER_043.basePlot.ltr","D14","SRER","SRER_043","SRER_043_610","2016-11-23","2016-09-08","2016-11-08","2016-11-21T22:30Z","2016-11-23T21:11Z","NEON.LTR.SRER043610.20161108","NEON.LTR.SRER043610.20161108.FLR","NEON.DOC.001710vE","Flowers",0,"N",NA,"jsTjq759p0sW6l4HEM4a2vh3YQ8Sowis"
"85fd7ba1-8ec9-4b8e-b07b-9be92aa5f661","SRER_043.basePlot.ltr","D14","SRER","SRER_043","SRER_043_610","2016-11-23","2016-09-08","2016-11-08","2016-11-21T22:30Z","2016-11-23T21:11Z","NEON.LTR.SRER043610.20161108","NEON.LTR.SRER043610.20161108.OTH","NEON.DOC.001710vE","Other",0,"N",NA,"jsTjq759p0sW6l4HEM4a2vh3YQ8Sowis"
"f1be2711-2501-475a-834d-200bd49ff1dd","SRER_043.basePlot.ltr","D14","SRER","SRER_043","SRER_043_610","2016-11-23","2016-09-08","2016-11-08","2016-11-21T22:30Z","2016-11-23T21:11Z","NEON.LTR.SRER043610.20161108","NEON.LTR.SRER043610.20161108.WDY","NEON.DOC.001710vE","Woody material",0.005,"N",NA,"jsTjq759p0sW6l4HEM4a2vh3YQ8Sowis"
"729c2d72-aae2-45f6-83b7-c722c6114b71","SRER_043.basePlot.ltr","D14","SRER","SRER_043","SRER_043_141","2016-11-23","2016-09-08","2016-11-08","2016-11-21T22:30Z","2016-11-23T21:05Z","NEON.LTR.SRER043141.20161108","NEON.LTR.SRER043141.20161108.NDL","NEON.DOC.001710vE","Needles",0,"N",NA,"jsTjq759p0sW6l4HEM4a2vh3YQ8Sowis"
"a1b2aeda-065e-486b-9e1b-cd8a8c79097c","SRER_043.basePlot.ltr","D14","SRER","SRER_043","SRER_043_141","2016-11-23","2016-09-08","2016-11-08","2016-11-21T22:30Z","2016-11-23T21:05Z","NEON.LTR.SRER043141.20161108","NEON.LTR.SRER043141.20161108.OTH","NEON.DOC.001710vE","Other",0,"N",NA,"jsTjq759p0sW6l4HEM4a2vh3YQ8Sowis"
"6e1121de-64b5-45c9-929f-7f6a467dbdd9","SRER_043.basePlot.ltr","D14","SRER","SRER_043","SRER_043_610","2016-11-23","2016-09-08","2016-11-08","2016-11-21T22:30Z","2016-11-23T21:11Z","NEON.LTR.SRER043610.20161108","NEON.LTR.SRER043610.20161108.NDL","NEON.DOC.001710vE","Needles",0,"N",NA,"jsTjq759p0sW6l4HEM4a2vh3YQ8Sowis"
"abef48b1-5dfb-4d49-98f3-95d124072476","SRER_043.basePlot.ltr","D14","SRER","SRER_043","SRER_043_141","2016-11-23","2016-09-08","2016-11-08","2016-11-21T22:30Z","2016-11-23T21:05Z","NEON.LTR.SRER043141.20161108","NEON.LTR.SRER043141.20161108.WDY","NEON.DOC.001710vE","Woody material",0.005,"N",NA,"jsTjq759p0sW6l4HEM4a2vh3YQ8Sowis"
"53917d52-1174-4a29-9426-1bdd454cdee7","SRER_043.basePlot.ltr","D14","SRER","SRER_043","SRER_043_141","2016-11-23","2016-09-08","2016-11-08","2016-11-21T22:30Z","2016-11-23T21:05Z","NEON.LTR.SRER043141.20161108","NEON.LTR.SRER043141.20161108.LVS","NEON.DOC.001710vE","Leaves",8.02,"N",NA,"jsTjq759p0sW6l4HEM4a2vh3YQ8Sowis"
"007cd85b-7a87-4ae4-8663-5741d0cabdb9","SRER_043.basePlot.ltr","D14","SRER","SRER_043","SRER_043_141","2016-11-23","2016-09-08","2016-11-08","2016-11-21T22:30Z","2016-11-23T21:05Z","NEON.LTR.SRER043141.20161108","NEON.LTR.SRER043141.20161108.SDS","NEON.DOC.001710vE","Seeds",0.68,"N",NA,"jsTjq759p0sW6l4HEM4a2vh3YQ8Sowis"
"1f68ccb9-08ff-414e-a1a4-675581366a9c","SRER_043.basePlot.ltr","D14","SRER","SRER_043","SRER_043_141","2016-11-23","2016-09-08","2016-11-08","2016-11-21T22:30Z","2016-11-23T21:05Z","NEON.LTR.SRER043141.20161108","NEON.LTR.SRER043141.20161108.TWI","NEON.DOC.001710vE","Twigs/branches",7.01,"N",NA,"jsTjq759p0sW6l4HEM4a2vh3YQ8Sowis"
"bc04c9d1-091b-47aa-98ef-4951a131e4f8","SRER_042.basePlot.ltr","D14","SRER","SRER_042","SRER_042_690","2016-11-23","2016-09-08","2016-11-08","2016-11-08T22:30Z","2016-11-23T20:57Z","NEON.LTR.SRER042690.20161108","NEON.LTR.SRER042690.20161108.SDS","NEON.DOC.001710vE","Seeds",0,"N",NA,"jsTjq759p0sW6l4HEM4a2vh3YQ8Sowis"
"8b1d9c09-b757-44e7-bf9e-ca63f2adbe4b","SRER_042.basePlot.ltr","D14","SRER","SRER_042","SRER_042_690","2016-11-23","2016-09-08","2016-11-08","2016-11-08T22:30Z","2016-11-23T20:57Z","NEON.LTR.SRER042690.20161108","NEON.LTR.SRER042690.20161108.OTH","NEON.DOC.001710vE","Other",0,"N",NA,"jsTjq759p0sW6l4HEM4a2vh3YQ8Sowis"
"405a7668-4767-4bea-853f-7d008edb50fd","SRER_043.basePlot.ltr","D14","SRER","SRER_043","SRER_043_141","2016-11-23","2016-09-08","2016-11-08","2016-11-21T22:30Z","2016-11-23T21:05Z","NEON.LTR.SRER043141.20161108","NEON.LTR.SRER043141.20161108.FLR","NEON.DOC.001710vE","Flowers",0.005,"N",NA,"jsTjq759p0sW6l4HEM4a2vh3YQ8Sowis"
"2034adab-6a3e-4b11-aa66-8275a8137f7c","SRER_042.basePlot.ltr","D14","SRER","SRER_042","SRER_042_690","2016-11-23","2016-09-08","2016-11-08","2016-11-08T22:30Z","2016-11-23T20:57Z","NEON.LTR.SRER042690.20161108","NEON.LTR.SRER042690.20161108.TWI","NEON.DOC.001710vE","Twigs/branches",1.07,"N",NA,"jsTjq759p0sW6l4HEM4a2vh3YQ8Sowis"
"d47be280-1b1f-4035-91d4-e0cd8a4a4a46","SRER_042.basePlot.ltr","D14","SRER","SRER_042","SRER_042_690","2016-11-23","2016-09-08","2016-11-08","2016-11-08T22:30Z","2016-11-23T20:57Z","NEON.LTR.SRER042690.20161108","NEON.LTR.SRER042690.20161108.WDY","NEON.DOC.001710vE","Woody material",0.03,"N",NA,"jsTjq759p0sW6l4HEM4a2vh3YQ8Sowis"
"243ee1c4-59f1-478d-be40-37c071b798c0","SRER_042.basePlot.ltr","D14","SRER","SRER_042","SRER_042_690","2016-11-23","2016-09-08","2016-11-08","2016-11-08T22:30Z","2016-11-23T20:57Z","NEON.LTR.SRER042690.20161108","NEON.LTR.SRER042690.20161108.NDL","NEON.DOC.001710vE","Needles",0,"N",NA,"jsTjq759p0sW6l4HEM4a2vh3YQ8Sowis"
"03e4c5d5-f2bb-4225-9332-1a399460fae2","SRER_042.basePlot.ltr","D14","SRER","SRER_042","SRER_042_434","2016-11-23","2016-09-08","2016-11-08","2016-11-21T22:30Z","2016-11-23T20:45Z","NEON.LTR.SRER042434.20161108","NEON.LTR.SRER042434.20161108.OTH","NEON.DOC.001710vE","Other",0,"N",NA,"jsTjq759p0sW6l4HEM4a2vh3YQ8Sowis"
"c46feca1-4455-420a-b929-2e7a433c71c5","SRER_042.basePlot.ltr","D14","SRER","SRER_042","SRER_042_690","2016-11-23","2016-09-08","2016-11-08","2016-11-08T22:30Z","2016-11-23T20:57Z","NEON.LTR.SRER042690.20161108","NEON.LTR.SRER042690.20161108.LVS","NEON.DOC.001710vE","Leaves",15.21,"N",NA,"jsTjq759p0sW6l4HEM4a2vh3YQ8Sowis"
"40498037-035a-40fe-9b52-959534346dbe","SRER_042.basePlot.ltr","D14","SRER","SRER_042","SRER_042_690","2016-11-23","2016-09-08","2016-11-08","2016-11-08T22:30Z","2016-11-23T20:57Z","NEON.LTR.SRER042690.20161108","NEON.LTR.SRER042690.20161108.FLR","NEON.DOC.001710vE","Flowers",0.005,"N",NA,"jsTjq759p0sW6l4HEM4a2vh3YQ8Sowis"
"a9582c53-c25e-4557-81f6-bae1d2705afb","SRER_042.basePlot.ltr","D14","SRER","SRER_042","SRER_042_434","2016-11-23","2016-09-08","2016-11-08","2016-11-21T22:30Z","2016-11-23T20:45Z","NEON.LTR.SRER042434.20161108","NEON.LTR.SRER042434.20161108.FLR","NEON.DOC.001710vE","Flowers",0,"N",NA,"jsTjq759p0sW6l4HEM4a2vh3YQ8Sowis"
"5d5386e9-9eee-4a43-a339-7438c19fce40","SRER_058.basePlot.ltr","D14","SRER","SRER_058","SRER_058_834","2017-01-12","2016-11-08","2017-01-05","2017-01-10T19:55Z","2017-01-12T20:12Z","NEON.LTR.SRER058834.20170105","NEON.LTR.SRER058834.20170105.LVS","NEON.DOC.001710vE","Leaves",0.66,"N",NA,"j8Qlsy+mKIFpPXmlKY7NH5kCBm442+nv"
"3470269e-3d30-445e-8b5b-ac7e2885e36c","SRER_058.basePlot.ltr","D14","SRER","SRER_058","SRER_058_834","2017-01-12","2016-11-08","2017-01-05","2017-01-10T19:55Z","2017-01-12T20:12Z","NEON.LTR.SRER058834.20170105","NEON.LTR.SRER058834.20170105.WDY","NEON.DOC.001710vE","Woody material",0.005,"N",NA,"j8Qlsy+mKIFpPXmlKY7NH5kCBm442+nv"
"24adeb21-0dd8-4411-bdf5-5e4400a37288","SRER_058.basePlot.ltr","D14","SRER","SRER_058","SRER_058_834","2017-01-12","2016-11-08","2017-01-05","2017-01-10T19:55Z","2017-01-12T20:12Z","NEON.LTR.SRER058834.20170105","NEON.LTR.SRER058834.20170105.TWI","NEON.DOC.001710vE","Twigs/branches",1.13,"N",NA,"j8Qlsy+mKIFpPXmlKY7NH5kCBm442+nv"
"782e2555-bdb1-4484-96be-9b38e211463b","SRER_058.basePlot.ltr","D14","SRER","SRER_058","SRER_058_834","2017-01-12","2016-11-08","2017-01-05","2017-01-10T19:55Z","2017-01-13T00:12Z","NEON.LTR.SRER058834.20170105","NEON.LTR.SRER058834.20170105.NDL","NEON.DOC.001710vE","Needles",0,"N",NA,"j8Qlsy+mKIFpPXmlKY7NH5kCBm442+nv"
"ecea4b68-f6d1-4f49-8a47-b965f22304ff","SRER_058.basePlot.ltr","D14","SRER","SRER_058","SRER_058_834","2017-01-12","2016-11-08","2017-01-05","2017-01-10T19:55Z","2017-01-13T00:12Z","NEON.LTR.SRER058834.20170105","NEON.LTR.SRER058834.20170105.SDS","NEON.DOC.001710vE","Seeds",0,"N",NA,"j8Qlsy+mKIFpPXmlKY7NH5kCBm442+nv"
"85cd6127-ba4c-4536-b7a6-901a9781127a","SRER_058.basePlot.ltr","D14","SRER","SRER_058","SRER_058_834","2017-01-12","2016-11-08","2017-01-05","2017-01-10T19:55Z","2017-01-13T00:12Z","NEON.LTR.SRER058834.20170105","NEON.LTR.SRER058834.20170105.FLR","NEON.DOC.001710vE","Flowers",0,"N",NA,"j8Qlsy+mKIFpPXmlKY7NH5kCBm442+nv"
"bea631b6-586c-4273-9d6d-eeef15d0251b","SRER_046.basePlot.ltr","D14","SRER","SRER_046","SRER_046_337","2017-01-12","2016-11-08","2017-01-05","2017-01-10T19:55Z","2017-01-13T00:09Z","NEON.LTR.SRER046337.20170105","NEON.LTR.SRER046337.20170105.OTH","NEON.DOC.001710vE","Other",0,"N",NA,"j8Qlsy+mKIFpPXmlKY7NH5kCBm442+nv"
"5d176a03-faab-498e-9df3-84d3b6217de0","SRER_058.basePlot.ltr","D14","SRER","SRER_058","SRER_058_834","2017-01-12","2016-11-08","2017-01-05","2017-01-10T19:55Z","2017-01-13T00:12Z","NEON.LTR.SRER058834.20170105","NEON.LTR.SRER058834.20170105.OTH","NEON.DOC.001710vE","Other",0,"N",NA,"j8Qlsy+mKIFpPXmlKY7NH5kCBm442+nv"
"88cab6b7-1ba5-4e73-a075-6c638a0973b3","SRER_058.basePlot.ltr","D14","SRER","SRER_058","SRER_058_834","2017-01-12","2016-11-08","2017-01-05","2017-01-12T20:00Z","2017-01-13T21:12Z","NEON.LTR.SRER058834.20170105","NEON.LTR.SRER058834.20170105.TWI","NEON.DOC.001710vE","Twigs/branches",1.14,"Y",NA,"j8Qlsy+mKIFpPXmlKY7NH5kCBm442+nv"
"ba3dae5b-16db-446f-8192-c16f57de4f51","SRER_043.basePlot.ltr","D14","SRER","SRER_043","SRER_043_141","2017-01-12","2016-11-08","2017-01-05","2017-01-10T19:55Z","2017-01-12T23:58Z","NEON.LTR.SRER043141.20170105","NEON.LTR.SRER043141.20170105.NDL","NEON.DOC.001710vE","Needles",0,"N",NA,"j8Qlsy+mKIFpPXmlKY7NH5kCBm442+nv"
"740f67c8-af69-4346-983c-9fb85673b3d4","SRER_043.basePlot.ltr","D14","SRER","SRER_043","SRER_043_141","2017-01-12","2016-11-08","2017-01-05","2017-01-10T19:55Z","2017-01-12T23:58Z","NEON.LTR.SRER043141.20170105","NEON.LTR.SRER043141.20170105.FLR","NEON.DOC.001710vE","Flowers",0,"N",NA,"j8Qlsy+mKIFpPXmlKY7NH5kCBm442+nv"
"80ff07f9-b0c8-49e7-bc86-b3ecd645c8a8","SRER_043.basePlot.ltr","D14","SRER","SRER_043","SRER_043_141","2017-01-12","2016-11-08","2017-01-05","2017-01-10T19:55Z","2017-01-12T20:12Z","NEON.LTR.SRER043141.20170105","NEON.LTR.SRER043141.20170105.WDY","NEON.DOC.001710vE","Woody material",0.005,"N",NA,"j8Qlsy+mKIFpPXmlKY7NH5kCBm442+nv"
"7d169d85-e3e6-4a45-86ce-0adb7ddc393a","SRER_052.basePlot.ltr","D14","SRER","SRER_052","SRER_052_514","2017-01-12","2016-11-08","2017-01-05","2017-01-10T19:55Z","2017-01-12T20:12Z","NEON.LTR.SRER052514.20170105","NEON.LTR.SRER052514.20170105.LVS","NEON.DOC.001710vE","Leaves",5.11,"N",NA,"j8Qlsy+mKIFpPXmlKY7NH5kCBm442+nv"
"a3c55ebf-96b0-4120-9cc6-3ef835ab0028","SRER_043.basePlot.ltr","D14","SRER","SRER_043","SRER_043_141","2017-01-12","2016-11-08","2017-01-05","2017-01-10T19:55Z","2017-01-12T20:12Z","NEON.LTR.SRER043141.20170105","NEON.LTR.SRER043141.20170105.TWI","NEON.DOC.001710vE","Twigs/branches",1.4,"N",NA,"j8Qlsy+mKIFpPXmlKY7NH5kCBm442+nv"
"912e2d35-03ae-4a10-afe8-e7725f97f60e","SRER_052.basePlot.ltr","D14","SRER","SRER_052","SRER_052_514","2017-01-12","2016-11-08","2017-01-05","2017-01-10T19:55Z","2017-01-12T20:12Z","NEON.LTR.SRER052514.20170105","NEON.LTR.SRER052514.20170105.SDS","NEON.DOC.001710vE","Seeds",0.005,"N",NA,"j8Qlsy+mKIFpPXmlKY7NH5kCBm442+nv"
"7625a73e-6716-43ef-ac7a-a69e349cab44","SRER_052.basePlot.ltr","D14","SRER","SRER_052","SRER_052_514","2017-01-12","2016-11-08","2017-01-05","2017-01-10T19:55Z","2017-01-13T00:04Z","NEON.LTR.SRER052514.20170105","NEON.LTR.SRER052514.20170105.NDL","NEON.DOC.001710vE","Needles",0,"N",NA,"j8Qlsy+mKIFpPXmlKY7NH5kCBm442+nv"
"d53bc42a-ab8f-458f-bd8c-94b2ef4e23fc","SRER_043.basePlot.ltr","D14","SRER","SRER_043","SRER_043_141","2017-01-12","2016-11-08","2017-01-05","2017-01-10T19:55Z","2017-01-12T23:58Z","NEON.LTR.SRER043141.20170105","NEON.LTR.SRER043141.20170105.OTH","NEON.DOC.001710vE","Other",0,"N",NA,"j8Qlsy+mKIFpPXmlKY7NH5kCBm442+nv"
"f563a4ed-0577-46ca-b71a-c3482fd62dd8","SRER_043.basePlot.ltr","D14","SRER","SRER_043","SRER_043_141","2017-01-12","2016-11-08","2017-01-05","2017-01-12T20:00Z","2017-01-13T21:10Z","NEON.LTR.SRER043141.20170105","NEON.LTR.SRER043141.20170105.TWI","NEON.DOC.001710vE","Twigs/branches",1.39,"Y",NA,"j8Qlsy+mKIFpPXmlKY7NH5kCBm442+nv"
"d0cb9af1-8f1a-4d46-ac2f-2d77fb4150d0","SRER_052.basePlot.ltr","D14","SRER","SRER_052","SRER_052_514","2017-01-12","2016-11-08","2017-01-05","2017-01-10T19:55Z","2017-01-13T00:04Z","NEON.LTR.SRER052514.20170105","NEON.LTR.SRER052514.20170105.OTH","NEON.DOC.001710vE","Other",0,"N",NA,"j8Qlsy+mKIFpPXmlKY7NH5kCBm442+nv"
"5b232323-e4dc-4e82-a7f4-045b3ee6f053","SRER_052.basePlot.ltr","D14","SRER","SRER_052","SRER_052_514","2017-01-12","2016-11-08","2017-01-05","2017-01-12T20:00Z","2017-01-13T20:55Z","NEON.LTR.SRER052514.20170105","NEON.LTR.SRER052514.20170105.LVS","NEON.DOC.001710vE","Leaves",4.99,"Y",NA,"j8Qlsy+mKIFpPXmlKY7NH5kCBm442+nv"
"50fc03bd-5aca-4856-9886-fdc949168725","SRER_052.basePlot.ltr","D14","SRER","SRER_052","SRER_052_514","2017-01-12","2016-11-08","2017-01-05","2017-01-10T19:55Z","2017-01-12T20:12Z","NEON.LTR.SRER052514.20170105","NEON.LTR.SRER052514.20170105.WDY","NEON.DOC.001710vE","Woody material",0.09,"N",NA,"j8Qlsy+mKIFpPXmlKY7NH5kCBm442+nv"
"a12f5a5c-b27f-4303-8cc7-62137fa6e103","SRER_052.basePlot.ltr","D14","SRER","SRER_052","SRER_052_514","2017-01-12","2016-11-08","2017-01-05","2017-01-10T19:55Z","2017-01-12T20:12Z","NEON.LTR.SRER052514.20170105","NEON.LTR.SRER052514.20170105.TWI","NEON.DOC.001710vE","Twigs/branches",4.2,"N",NA,"j8Qlsy+mKIFpPXmlKY7NH5kCBm442+nv"
"c213ef2a-db00-4d04-bff6-372f2f8074cc","SRER_046.basePlot.ltr","D14","SRER","SRER_046","SRER_046_337","2017-01-12","2016-11-08","2017-01-05","2017-01-10T19:55Z","2017-01-12T20:12Z","NEON.LTR.SRER046337.20170105","NEON.LTR.SRER046337.20170105.TWI","NEON.DOC.001710vE","Twigs/branches",0.41,"N",NA,"j8Qlsy+mKIFpPXmlKY7NH5kCBm442+nv"
"98de020b-453d-4183-8fde-fa4976ce9299","SRER_046.basePlot.ltr","D14","SRER","SRER_046","SRER_046_337","2017-01-12","2016-11-08","2017-01-05","2017-01-10T19:55Z","2017-01-13T00:08Z","NEON.LTR.SRER046337.20170105","NEON.LTR.SRER046337.20170105.NDL","NEON.DOC.001710vE","Needles",0,"N",NA,"j8Qlsy+mKIFpPXmlKY7NH5kCBm442+nv"
"3e6df3b7-9f3c-43ad-9a37-ef4987dc14f7","SRER_052.basePlot.ltr","D14","SRER","SRER_052","SRER_052_514","2017-01-12","2016-11-08","2017-01-05","2017-01-10T19:55Z","2017-01-13T00:04Z","NEON.LTR.SRER052514.20170105","NEON.LTR.SRER052514.20170105.FLR","NEON.DOC.001710vE","Flowers",0,"N",NA,"j8Qlsy+mKIFpPXmlKY7NH5kCBm442+nv"
"b887ba36-64f0-4a89-a494-39ce65986268","SRER_046.basePlot.ltr","D14","SRER","SRER_046","SRER_046_337","2017-01-12","2016-11-08","2017-01-05","2017-01-10T19:55Z","2017-01-13T00:08Z","NEON.LTR.SRER046337.20170105","NEON.LTR.SRER046337.20170105.SDS","NEON.DOC.001710vE","Seeds",0,"N",NA,"j8Qlsy+mKIFpPXmlKY7NH5kCBm442+nv"
"c080aecf-a00e-45a6-bd3d-888cea94def8","SRER_046.basePlot.ltr","D14","SRER","SRER_046","SRER_046_337","2017-01-12","2016-11-08","2017-01-05","2017-01-10T19:55Z","2017-01-13T00:08Z","NEON.LTR.SRER046337.20170105","NEON.LTR.SRER046337.20170105.FLR","NEON.DOC.001710vE","Flowers",0,"N",NA,"j8Qlsy+mKIFpPXmlKY7NH5kCBm442+nv"
"00e3cd6f-15b7-4402-9255-ae201c70fbd6","SRER_046.basePlot.ltr","D14","SRER","SRER_046","SRER_046_337","2017-01-12","2016-11-08","2017-01-05","2017-01-10T19:55Z","2017-01-12T20:12Z","NEON.LTR.SRER046337.20170105","NEON.LTR.SRER046337.20170105.LVS","NEON.DOC.001710vE","Leaves",0.55,"N",NA,"j8Qlsy+mKIFpPXmlKY7NH5kCBm442+nv"
"6f0e0d38-0cb3-4945-983c-ca6e557b76f9","SRER_046.basePlot.ltr","D14","SRER","SRER_046","SRER_046_337","2017-01-12","2016-11-08","2017-01-05","2017-01-10T19:55Z","2017-01-12T20:12Z","NEON.LTR.SRER046337.20170105","NEON.LTR.SRER046337.20170105.WDY","NEON.DOC.001710vE","Woody material",0,"N",NA,"j8Qlsy+mKIFpPXmlKY7NH5kCBm442+nv"
"dcaa6e85-d844-4264-b96a-39cf1440ee25","SRER_043.basePlot.ltr","D14","SRER","SRER_043","SRER_043_610","2017-01-12","2016-11-08","2017-01-05","2017-01-10T19:55Z","2017-01-12T20:12Z","NEON.LTR.SRER043610.20170105","NEON.LTR.SRER043610.20170105.WDY","NEON.DOC.001710vE","Woody material",0.005,"N",NA,"j8Qlsy+mKIFpPXmlKY7NH5kCBm442+nv"
"c28bd3a1-98e2-463e-a080-5de6c2af111a","SRER_043.basePlot.ltr","D14","SRER","SRER_043","SRER_043_610","2017-01-12","2016-11-08","2017-01-05","2017-01-10T19:55Z","2017-01-12T20:12Z","NEON.LTR.SRER043610.20170105","NEON.LTR.SRER043610.20170105.TWI","NEON.DOC.001710vE","Twigs/branches",1.34,"N",NA,"j8Qlsy+mKIFpPXmlKY7NH5kCBm442+nv"
"1cf56112-1142-4f1e-8c44-727b7e834c75","SRER_043.basePlot.ltr","D14","SRER","SRER_043","SRER_043_610","2017-01-12","2016-11-08","2017-01-05","2017-01-10T19:55Z","2017-01-12T23:20Z","NEON.LTR.SRER043610.20170105","NEON.LTR.SRER043610.20170105.NDL","NEON.DOC.001710vE","Needles",0,"N",NA,"j8Qlsy+mKIFpPXmlKY7NH5kCBm442+nv"
"1e388fd0-791b-4f4f-9ce8-ba83d42934a7","SRER_043.basePlot.ltr","D14","SRER","SRER_043","SRER_043_610","2017-01-12","2016-11-08","2017-01-05","2017-01-10T19:55Z","2017-01-12T23:20Z","NEON.LTR.SRER043610.20170105","NEON.LTR.SRER043610.20170105.SDS","NEON.DOC.001710vE","Seeds",0,"N",NA,"j8Qlsy+mKIFpPXmlKY7NH5kCBm442+nv"
"8e4530ff-ae19-4e4a-97fa-1ed4da8a2667","SRER_043.basePlot.ltr","D14","SRER","SRER_043","SRER_043_610","2017-01-12","2016-11-08","2017-01-05","2017-01-10T19:55Z","2017-01-12T23:20Z","NEON.LTR.SRER043610.20170105","NEON.LTR.SRER043610.20170105.FLR","NEON.DOC.001710vE","Flowers",0,"N",NA,"j8Qlsy+mKIFpPXmlKY7NH5kCBm442+nv"
"f1f9d208-78ac-49bf-bcfa-f03c9e93a58a","SRER_043.basePlot.ltr","D14","SRER","SRER_043","SRER_043_610","2017-01-12","2016-11-08","2017-01-05","2017-01-10T19:55Z","2017-01-12T23:21Z","NEON.LTR.SRER043610.20170105","NEON.LTR.SRER043610.20170105.OTH","NEON.DOC.001710vE","Other",0,"N",NA,"j8Qlsy+mKIFpPXmlKY7NH5kCBm442+nv"
"91211b57-297b-4026-b527-369b6e451486","SRER_053.basePlot.ltr","D14","SRER","SRER_053","SRER_053_519","2017-01-12","2016-11-08","2017-01-05","2017-01-10T19:55Z","2017-01-12T20:12Z","NEON.LTR.SRER053519.20170105","NEON.LTR.SRER053519.20170105.LVS","NEON.DOC.001710vE","Leaves",2.02,"N",NA,"j8Qlsy+mKIFpPXmlKY7NH5kCBm442+nv"
"725778e5-b327-4c72-b554-fd1b00e15fb8","SRER_053.basePlot.ltr","D14","SRER","SRER_053","SRER_053_519","2017-01-12","2016-11-08","2017-01-05","2017-01-10T19:55Z","2017-01-12T20:12Z","NEON.LTR.SRER053519.20170105","NEON.LTR.SRER053519.20170105.SDS","NEON.DOC.001710vE","Seeds",0.005,"N",NA,"j8Qlsy+mKIFpPXmlKY7NH5kCBm442+nv"
"2c422900-be0e-4b8d-8c12-9c0e1097dd7a","SRER_053.basePlot.ltr","D14","SRER","SRER_053","SRER_053_519","2017-01-12","2016-11-08","2017-01-05","2017-01-10T19:55Z","2017-01-12T20:12Z","NEON.LTR.SRER053519.20170105","NEON.LTR.SRER053519.20170105.TWI","NEON.DOC.001710vE","Twigs/branches",1,"N",NA,"j8Qlsy+mKIFpPXmlKY7NH5kCBm442+nv"
"0d6ffc47-fb24-4c63-9875-a41476dc9521","SRER_053.basePlot.ltr","D14","SRER","SRER_053","SRER_053_519","2017-01-12","2016-11-08","2017-01-05","2017-01-10T19:55Z","2017-01-12T20:12Z","NEON.LTR.SRER053519.20170105","NEON.LTR.SRER053519.20170105.WDY","NEON.DOC.001710vE","Woody material",0.005,"N",NA,"j8Qlsy+mKIFpPXmlKY7NH5kCBm442+nv"
"e3acb10e-d5bd-416b-ab92-8a528cdf8c91","SRER_053.basePlot.ltr","D14","SRER","SRER_053","SRER_053_519","2017-01-12","2016-11-08","2017-01-05","2017-01-10T19:55Z","2017-01-12T23:27Z","NEON.LTR.SRER053519.20170105","NEON.LTR.SRER053519.20170105.NDL","NEON.DOC.001710vE","Needles",0,"N",NA,"j8Qlsy+mKIFpPXmlKY7NH5kCBm442+nv"
"e84d9c3c-917f-48a9-a86a-e8300774ca6a","SRER_053.basePlot.ltr","D14","SRER","SRER_053","SRER_053_519","2017-01-12","2016-11-08","2017-01-05","2017-01-10T19:55Z","2017-01-12T23:28Z","NEON.LTR.SRER053519.20170105","NEON.LTR.SRER053519.20170105.FLR","NEON.DOC.001710vE","Flowers",0,"N",NA,"j8Qlsy+mKIFpPXmlKY7NH5kCBm442+nv"
"cac81a6e-6ee6-482d-b5f2-78fe09b45ae3","SRER_053.basePlot.ltr","D14","SRER","SRER_053","SRER_053_519","2017-01-12","2016-11-08","2017-01-05","2017-01-10T19:55Z","2017-01-12T23:28Z","NEON.LTR.SRER053519.20170105","NEON.LTR.SRER053519.20170105.OTH","NEON.DOC.001710vE","Other",0,"N",NA,"j8Qlsy+mKIFpPXmlKY7NH5kCBm442+nv"
"380bd53b-f950-4edb-a66e-96bbc158204d","SRER_057.basePlot.ltr","D14","SRER","SRER_057","SRER_057_357","2017-01-12","2016-11-08","2017-01-05","2017-01-10T19:55Z","2017-01-12T20:12Z","NEON.LTR.SRER057357.20170105","NEON.LTR.SRER057357.20170105.TWI","NEON.DOC.001710vE","Twigs/branches",0.7,"N",NA,"j8Qlsy+mKIFpPXmlKY7NH5kCBm442+nv"
"512066b1-7f84-4a52-bf7b-f0bc7c5b8d57","SRER_057.basePlot.ltr","D14","SRER","SRER_057","SRER_057_357","2017-01-12","2016-11-08","2017-01-05","2017-01-10T19:55Z","2017-01-12T20:12Z","NEON.LTR.SRER057357.20170105","NEON.LTR.SRER057357.20170105.WDY","NEON.DOC.001710vE","Woody material",0.005,"N",NA,"j8Qlsy+mKIFpPXmlKY7NH5kCBm442+nv"
"eaffab21-6f42-4a2a-934e-d57c7fc1bb3d","SRER_057.basePlot.ltr","D14","SRER","SRER_057","SRER_057_357","2017-01-12","2016-11-08","2017-01-05","2017-01-10T19:55Z","2017-01-12T20:12Z","NEON.LTR.SRER057357.20170105","NEON.LTR.SRER057357.20170105.LVS","NEON.DOC.001710vE","Leaves",0.88,"N",NA,"j8Qlsy+mKIFpPXmlKY7NH5kCBm442+nv"
"2eb71c82-f2a2-4fdb-b2a6-2e3a5d1a3c86","SRER_057.basePlot.ltr","D14","SRER","SRER_057","SRER_057_357","2017-01-12","2016-11-08","2017-01-05","2017-01-10T19:55Z","2017-01-12T20:12Z","NEON.LTR.SRER057357.20170105","NEON.LTR.SRER057357.20170105.SDS","NEON.DOC.001710vE","Seeds",0.005,"N",NA,"j8Qlsy+mKIFpPXmlKY7NH5kCBm442+nv"
"5143113f-66c4-4741-834d-7de2a55aac47","SRER_057.basePlot.ltr","D14","SRER","SRER_057","SRER_057_357","2017-01-12","2016-11-08","2017-01-05","2017-01-10T19:55Z","2017-01-12T23:32Z","NEON.LTR.SRER057357.20170105","NEON.LTR.SRER057357.20170105.NDL","NEON.DOC.001710vE","Needles",0,"N",NA,"j8Qlsy+mKIFpPXmlKY7NH5kCBm442+nv"
"da53e9d3-5825-4620-bca6-f57a5c112312","SRER_057.basePlot.ltr","D14","SRER","SRER_057","SRER_057_357","2017-01-12","2016-11-08","2017-01-05","2017-01-10T19:55Z","2017-01-12T23:33Z","NEON.LTR.SRER057357.20170105","NEON.LTR.SRER057357.20170105.FLR","NEON.DOC.001710vE","Flowers",0,"N",NA,"j8Qlsy+mKIFpPXmlKY7NH5kCBm442+nv"
"9ffa91b6-d7d7-4136-b94a-9dac372f2b85","SRER_057.basePlot.ltr","D14","SRER","SRER_057","SRER_057_357","2017-01-12","2016-11-08","2017-01-05","2017-01-10T19:55Z","2017-01-12T23:33Z","NEON.LTR.SRER057357.20170105","NEON.LTR.SRER057357.20170105.OTH","NEON.DOC.001710vE","Other",0,"N",NA,"j8Qlsy+mKIFpPXmlKY7NH5kCBm442+nv"
"4690b564-7940-420a-b791-8fb5876e7c69","SRER_057.basePlot.ltr","D14","SRER","SRER_057","SRER_057_916","2017-01-12","2016-11-08","2017-01-05","2017-01-10T19:55Z","2017-01-12T20:12Z","NEON.LTR.SRER057916.20170105","NEON.LTR.SRER057916.20170105.WDY","NEON.DOC.001710vE","Woody material",0.01,"N",NA,"j8Qlsy+mKIFpPXmlKY7NH5kCBm442+nv"
"bb63b8cf-09ca-42ec-bb01-0d886dec5f14","SRER_057.basePlot.ltr","D14","SRER","SRER_057","SRER_057_916","2017-01-12","2016-11-08","2017-01-05","2017-01-10T19:55Z","2017-01-12T20:12Z","NEON.LTR.SRER057916.20170105","NEON.LTR.SRER057916.20170105.TWI","NEON.DOC.001710vE","Twigs/branches",1.13,"N",NA,"j8Qlsy+mKIFpPXmlKY7NH5kCBm442+nv"
"81ad8684-fbd4-4d2a-8ea4-05f8bfb17e1e","SRER_057.basePlot.ltr","D14","SRER","SRER_057","SRER_057_916","2017-01-12","2016-11-08","2017-01-05","2017-01-10T19:55Z","2017-01-12T20:12Z","NEON.LTR.SRER057916.20170105","NEON.LTR.SRER057916.20170105.LVS","NEON.DOC.001710vE","Leaves",1.81,"N",NA,"j8Qlsy+mKIFpPXmlKY7NH5kCBm442+nv"
"74cb7680-4ef3-4ea3-9ee0-621a951ffffe","SRER_057.basePlot.ltr","D14","SRER","SRER_057","SRER_057_916","2017-01-12","2016-11-08","2017-01-05","2017-01-10T19:55Z","2017-01-12T20:12Z","NEON.LTR.SRER057916.20170105","NEON.LTR.SRER057916.20170105.SDS","NEON.DOC.001710vE","Seeds",0.12,"N",NA,"j8Qlsy+mKIFpPXmlKY7NH5kCBm442+nv"
"03a8d4b9-9664-4d29-9865-964338330020","SRER_057.basePlot.ltr","D14","SRER","SRER_057","SRER_057_916","2017-01-12","2016-11-08","2017-01-05","2017-01-10T19:55Z","2017-01-12T23:38Z","NEON.LTR.SRER057916.20170105","NEON.LTR.SRER057916.20170105.NDL","NEON.DOC.001710vE","Needles",0,"N",NA,"j8Qlsy+mKIFpPXmlKY7NH5kCBm442+nv"
"a2f02fc7-d3c8-4a28-9f6f-cda048edcddb","SRER_057.basePlot.ltr","D14","SRER","SRER_057","SRER_057_916","2017-01-12","2016-11-08","2017-01-05","2017-01-10T19:55Z","2017-01-12T23:38Z","NEON.LTR.SRER057916.20170105","NEON.LTR.SRER057916.20170105.FLR","NEON.DOC.001710vE","Flowers",0,"N",NA,"j8Qlsy+mKIFpPXmlKY7NH5kCBm442+nv"
"9a0ec792-d037-4c35-bc36-65fd5a7b4631","SRER_057.basePlot.ltr","D14","SRER","SRER_057","SRER_057_916","2017-01-12","2016-11-08","2017-01-05","2017-01-10T19:55Z","2017-01-12T23:38Z","NEON.LTR.SRER057916.20170105","NEON.LTR.SRER057916.20170105.OTH","NEON.DOC.001710vE","Other",0,"N",NA,"j8Qlsy+mKIFpPXmlKY7NH5kCBm442+nv"
"7c7addf2-f3fb-4f9d-b6cc-88a5c841fc69","SRER_046.basePlot.ltr","D14","SRER","SRER_046","SRER_046_795","2017-01-12","2016-11-08","2017-01-05","2017-01-10T19:55Z","2017-01-12T20:22Z","NEON.LTR.SRER046795.20170105","NEON.LTR.SRER046795.20170105.SDS","NEON.DOC.001710vE","Seeds",0.005,"N",NA,"j8Qlsy+mKIFpPXmlKY7NH5kCBm442+nv"
"f2c4df8d-f1d9-486f-ae86-22931c2100c3","SRER_046.basePlot.ltr","D14","SRER","SRER_046","SRER_046_795","2017-01-12","2016-11-08","2017-01-05","2017-01-10T19:55Z","2017-01-12T20:12Z","NEON.LTR.SRER046795.20170105","NEON.LTR.SRER046795.20170105.LVS","NEON.DOC.001710vE","Leaves",5,"N",NA,"j8Qlsy+mKIFpPXmlKY7NH5kCBm442+nv"
"c3581628-4377-4d31-8b08-f4496f6d3427","SRER_046.basePlot.ltr","D14","SRER","SRER_046","SRER_046_795","2017-01-12","2016-11-08","2017-01-05","2017-01-10T19:55Z","2017-01-12T20:12Z","NEON.LTR.SRER046795.20170105","NEON.LTR.SRER046795.20170105.WDY","NEON.DOC.001710vE","Woody material",0.005,"N",NA,"j8Qlsy+mKIFpPXmlKY7NH5kCBm442+nv"
"66f220b6-7f3f-4c4e-b306-effb343bae62","SRER_046.basePlot.ltr","D14","SRER","SRER_046","SRER_046_795","2017-01-12","2016-11-08","2017-01-05","2017-01-10T19:55Z","2017-01-12T20:12Z","NEON.LTR.SRER046795.20170105","NEON.LTR.SRER046795.20170105.TWI","NEON.DOC.001710vE","Twigs/branches",1.62,"N",NA,"j8Qlsy+mKIFpPXmlKY7NH5kCBm442+nv"
"d39c6928-2eb5-48ad-bbb2-9489a0246426","SRER_046.basePlot.ltr","D14","SRER","SRER_046","SRER_046_795","2017-01-12","2016-11-08","2017-01-05","2017-01-10T19:55Z","2017-01-12T23:43Z","NEON.LTR.SRER046795.20170105","NEON.LTR.SRER046795.20170105.NDL","NEON.DOC.001710vE","Needles",0,"N",NA,"j8Qlsy+mKIFpPXmlKY7NH5kCBm442+nv"
"621ab5d3-7549-4761-bcee-a34a196fbc1b","SRER_046.basePlot.ltr","D14","SRER","SRER_046","SRER_046_795","2017-01-12","2016-11-08","2017-01-05","2017-01-10T19:55Z","2017-01-12T23:43Z","NEON.LTR.SRER046795.20170105","NEON.LTR.SRER046795.20170105.FLR","NEON.DOC.001710vE","Flowers",0,"N",NA,"j8Qlsy+mKIFpPXmlKY7NH5kCBm442+nv"
"a30128c0-64dc-4c0f-8740-60de4a07ddb1","SRER_046.basePlot.ltr","D14","SRER","SRER_046","SRER_046_795","2017-01-12","2016-11-08","2017-01-05","2017-01-10T19:55Z","2017-01-12T23:44Z","NEON.LTR.SRER046795.20170105","NEON.LTR.SRER046795.20170105.OTH","NEON.DOC.001710vE","Other",0,"N",NA,"j8Qlsy+mKIFpPXmlKY7NH5kCBm442+nv"
"6ee77a70-d2a1-4662-a142-528b5e06d62a","SRER_059.basePlot.ltr","D14","SRER","SRER_059","SRER_059_143","2017-01-12","2016-11-08","2017-01-05","2017-01-10T19:55Z","2017-01-12T23:45Z","NEON.LTR.SRER059143.20170105","NEON.LTR.SRER059143.20170105.TWI","NEON.DOC.001710vE","Twigs/branches",0.28,"N",NA,"j8Qlsy+mKIFpPXmlKY7NH5kCBm442+nv"
"9eaaadf9-f6e7-43c7-aa36-fd12bcc8fb37","SRER_059.basePlot.ltr","D14","SRER","SRER_059","SRER_059_143","2017-01-12","2016-11-08","2017-01-05","2017-01-10T19:55Z","2017-01-12T20:12Z","NEON.LTR.SRER059143.20170105","NEON.LTR.SRER059143.20170105.LVS","NEON.DOC.001710vE","Leaves",0.73,"N",NA,"j8Qlsy+mKIFpPXmlKY7NH5kCBm442+nv"
"f863a904-44a6-4943-8530-d28f4bbe0b0b","SRER_059.basePlot.ltr","D14","SRER","SRER_059","SRER_059_143","2017-01-12","2016-11-08","2017-01-05","2017-01-10T19:55Z","2017-01-12T20:12Z","NEON.LTR.SRER059143.20170105","NEON.LTR.SRER059143.20170105.SDS","NEON.DOC.001710vE","Seeds",0.005,"N",NA,"j8Qlsy+mKIFpPXmlKY7NH5kCBm442+nv"
"167bc800-f613-47af-9c49-7ab9a343f590","SRER_059.basePlot.ltr","D14","SRER","SRER_059","SRER_059_143","2017-01-12","2016-11-08","2017-01-05","2017-01-10T19:55Z","2017-01-12T23:47Z","NEON.LTR.SRER059143.20170105","NEON.LTR.SRER059143.20170105.WDY","NEON.DOC.001710vE","Woody material",0,"N",NA,"j8Qlsy+mKIFpPXmlKY7NH5kCBm442+nv"
"8b378ba1-a2c5-4175-a2f6-a86e67dca42f","SRER_059.basePlot.ltr","D14","SRER","SRER_059","SRER_059_143","2017-01-12","2016-11-08","2017-01-05","2017-01-10T19:55Z","2017-01-12T23:47Z","NEON.LTR.SRER059143.20170105","NEON.LTR.SRER059143.20170105.NDL","NEON.DOC.001710vE","Needles",0,"N",NA,"j8Qlsy+mKIFpPXmlKY7NH5kCBm442+nv"
"b34eea81-e24a-44bc-8131-18358c19b2bb","SRER_059.basePlot.ltr","D14","SRER","SRER_059","SRER_059_143","2017-01-12","2016-11-08","2017-01-05","2017-01-10T19:55Z","2017-01-12T23:47Z","NEON.LTR.SRER059143.20170105","NEON.LTR.SRER059143.20170105.FLR","NEON.DOC.001710vE","Flowers",0,"N",NA,"j8Qlsy+mKIFpPXmlKY7NH5kCBm442+nv"
"b7bc0323-606c-459c-a4d2-6cb2fdfc1971","SRER_059.basePlot.ltr","D14","SRER","SRER_059","SRER_059_143","2017-01-12","2016-11-08","2017-01-05","2017-01-10T19:55Z","2017-01-12T23:48Z","NEON.LTR.SRER059143.20170105","NEON.LTR.SRER059143.20170105.OTH","NEON.DOC.001710vE","Other",0,"N",NA,"j8Qlsy+mKIFpPXmlKY7NH5kCBm442+nv"
"4da15447-0d0d-413e-92a7-e506243e7386","SRER_054.basePlot.ltr","D14","SRER","SRER_054","SRER_054_859","2017-01-12","2016-11-08","2017-01-05","2017-01-10T19:55Z","2017-01-12T20:12Z","NEON.LTR.SRER054859.20170105","NEON.LTR.SRER054859.20170105.SDS","NEON.DOC.001710vE","Seeds",0.005,"N",NA,"j8Qlsy+mKIFpPXmlKY7NH5kCBm442+nv"
"ada70076-95f7-42b7-96d5-f56dea5e4f31","SRER_054.basePlot.ltr","D14","SRER","SRER_054","SRER_054_859","2017-01-12","2016-11-08","2017-01-05","2017-01-10T19:55Z","2017-01-12T20:12Z","NEON.LTR.SRER054859.20170105","NEON.LTR.SRER054859.20170105.LVS","NEON.DOC.001710vE","Leaves",2.19,"N",NA,"j8Qlsy+mKIFpPXmlKY7NH5kCBm442+nv"
"935d9a86-cd84-4aab-a06f-764f4bcf4cdf","SRER_054.basePlot.ltr","D14","SRER","SRER_054","SRER_054_859","2017-01-12","2016-11-08","2017-01-05","2017-01-10T19:55Z","2017-01-12T20:12Z","NEON.LTR.SRER054859.20170105","NEON.LTR.SRER054859.20170105.WDY","NEON.DOC.001710vE","Woody material",0.05,"N",NA,"j8Qlsy+mKIFpPXmlKY7NH5kCBm442+nv"
"0dbc0413-fff3-449e-9e93-92f6c1052513","SRER_054.basePlot.ltr","D14","SRER","SRER_054","SRER_054_859","2017-01-12","2016-11-08","2017-01-05","2017-01-10T19:55Z","2017-01-12T20:12Z","NEON.LTR.SRER054859.20170105","NEON.LTR.SRER054859.20170105.TWI","NEON.DOC.001710vE","Twigs/branches",1.32,"N",NA,"j8Qlsy+mKIFpPXmlKY7NH5kCBm442+nv"
"569fb096-63ae-4889-ab9d-e25e8e04bbd7","SRER_054.basePlot.ltr","D14","SRER","SRER_054","SRER_054_859","2017-01-12","2016-11-08","2017-01-05","2017-01-10T19:55Z","2017-01-12T23:53Z","NEON.LTR.SRER054859.20170105","NEON.LTR.SRER054859.20170105.NDL","NEON.DOC.001710vE","Needles",0,"N",NA,"j8Qlsy+mKIFpPXmlKY7NH5kCBm442+nv"
"641f1adf-788c-4037-9c42-634c43af1e41","SRER_054.basePlot.ltr","D14","SRER","SRER_054","SRER_054_859","2017-01-12","2016-11-08","2017-01-05","2017-01-10T19:55Z","2017-01-12T23:54Z","NEON.LTR.SRER054859.20170105","NEON.LTR.SRER054859.20170105.FLR","NEON.DOC.001710vE","Flowers",0,"N",NA,"j8Qlsy+mKIFpPXmlKY7NH5kCBm442+nv"
"99b1ca52-a66c-4e6c-a4d6-36ae873337c0","SRER_054.basePlot.ltr","D14","SRER","SRER_054","SRER_054_859","2017-01-12","2016-11-08","2017-01-05","2017-01-10T19:55Z","2017-01-12T23:54Z","NEON.LTR.SRER054859.20170105","NEON.LTR.SRER054859.20170105.OTH","NEON.DOC.001710vE","Other",0,"N",NA,"j8Qlsy+mKIFpPXmlKY7NH5kCBm442+nv"
"591130f9-ba5b-44fc-8d2b-33ad1a3078ff","SRER_043.basePlot.ltr","D14","SRER","SRER_043","SRER_043_141","2017-01-12","2016-11-08","2017-01-05","2017-01-10T19:55Z","2017-01-12T20:12Z","NEON.LTR.SRER043141.20170105","NEON.LTR.SRER043141.20170105.SDS","NEON.DOC.001710vE","Seeds",0.12,"N",NA,"j8Qlsy+mKIFpPXmlKY7NH5kCBm442+nv"
"f411508b-0d24-487d-a0fc-c101fb8b6095","SRER_043.basePlot.ltr","D14","SRER","SRER_043","SRER_043_141","2017-01-12","2016-11-08","2017-01-05","2017-01-10T19:55Z","2017-01-12T20:12Z","NEON.LTR.SRER043141.20170105","NEON.LTR.SRER043141.20170105.LVS","NEON.DOC.001710vE","Leaves",3.22,"N",NA,"j8Qlsy+mKIFpPXmlKY7NH5kCBm442+nv"
"ba70cd58-79b0-483b-a97b-d3af7deaf777","SRER_043.basePlot.ltr","D14","SRER","SRER_043","SRER_043_610","2017-01-12","2016-11-08","2017-01-05","2017-01-10T19:55Z","2017-01-12T20:12Z","NEON.LTR.SRER043610.20170105","NEON.LTR.SRER043610.20170105.LVS","NEON.DOC.001710vE","Leaves",2.64,"N",NA,"j8Qlsy+mKIFpPXmlKY7NH5kCBm442+nv"
"de247331-db4e-4c8a-b34b-488bf607fbb5","SRER_052.basePlot.ltr","D14","SRER","SRER_052","SRER_052_122","2017-01-12","2016-11-08","2017-01-05","2017-01-10T19:55Z","2017-01-12T23:15Z","NEON.LTR.SRER052122.20170105","NEON.LTR.SRER052122.20170105.WDY","NEON.DOC.001710vE","Woody material",0,"N",NA,"j8Qlsy+mKIFpPXmlKY7NH5kCBm442+nv"
"c382c3f9-3eba-4d1f-a8d1-fb8132508cc6","SRER_052.basePlot.ltr","D14","SRER","SRER_052","SRER_052_122","2017-01-12","2016-11-08","2017-01-05","2017-01-10T19:55Z","2017-01-12T23:16Z","NEON.LTR.SRER052122.20170105","NEON.LTR.SRER052122.20170105.FLR","NEON.DOC.001710vE","Flowers",0,"N",NA,"j8Qlsy+mKIFpPXmlKY7NH5kCBm442+nv"
"0f2fdd2b-0128-40d5-b5f8-17b5ad9c4f61","SRER_052.basePlot.ltr","D14","SRER","SRER_052","SRER_052_122","2017-01-12","2016-11-08","2017-01-05","2017-01-10T19:55Z","2017-01-12T23:16Z","NEON.LTR.SRER052122.20170105","NEON.LTR.SRER052122.20170105.OTH","NEON.DOC.001710vE","Other",0,"N",NA,"j8Qlsy+mKIFpPXmlKY7NH5kCBm442+nv"
"2febbb31-2454-4ad9-bd70-cd5ff921a7c1","SRER_052.basePlot.ltr","D14","SRER","SRER_052","SRER_052_122","2017-01-12","2016-11-08","2017-01-05","2017-01-10T19:55Z","2017-01-12T20:12Z","NEON.LTR.SRER052122.20170105","NEON.LTR.SRER052122.20170105.LVS","NEON.DOC.001710vE","Leaves",0.15,"N",NA,"j8Qlsy+mKIFpPXmlKY7NH5kCBm442+nv"
"d5779efe-c8d9-4761-bb1a-4da90f6b4a5d","SRER_052.basePlot.ltr","D14","SRER","SRER_052","SRER_052_122","2017-01-12","2016-11-08","2017-01-05","2017-01-10T19:55Z","2017-01-12T20:12Z","NEON.LTR.SRER052122.20170105","NEON.LTR.SRER052122.20170105.SDS","NEON.DOC.001710vE","Seeds",0.005,"N",NA,"j8Qlsy+mKIFpPXmlKY7NH5kCBm442+nv"
"82783a6a-67bf-4ab5-93ca-2a047fc5e46b","SRER_052.basePlot.ltr","D14","SRER","SRER_052","SRER_052_122","2017-01-12","2016-11-08","2017-01-05","2017-01-10T19:55Z","2017-01-12T23:15Z","NEON.LTR.SRER052122.20170105","NEON.LTR.SRER052122.20170105.NDL","NEON.DOC.001710vE","Needles",0,"N",NA,"j8Qlsy+mKIFpPXmlKY7NH5kCBm442+nv"
"2866ee48-6f69-46ce-95ff-2a8c8574f78a","SRER_051.basePlot.ltr","D14","SRER","SRER_051","SRER_051_371","2017-01-12","2016-11-08","2017-01-05","2017-01-10T19:55Z","2017-01-12T23:11Z","NEON.LTR.SRER051371.20170105","NEON.LTR.SRER051371.20170105.NDL","NEON.DOC.001710vE","Needles",0,"N",NA,"j8Qlsy+mKIFpPXmlKY7NH5kCBm442+nv"
"6c6c03b7-c5e2-4449-8edb-e2a3f0eeb7ff","SRER_051.basePlot.ltr","D14","SRER","SRER_051","SRER_051_371","2017-01-12","2016-11-08","2017-01-05","2017-01-10T19:55Z","2017-01-12T23:11Z","NEON.LTR.SRER051371.20170105","NEON.LTR.SRER051371.20170105.OTH","NEON.DOC.001710vE","Other",0,"N",NA,"j8Qlsy+mKIFpPXmlKY7NH5kCBm442+nv"
"55c45932-3e06-49f8-8923-d4afd045b676","SRER_051.basePlot.ltr","D14","SRER","SRER_051","SRER_051_371","2017-01-12","2016-11-08","2017-01-05","2017-01-12T20:00Z","2017-01-13T21:04Z","NEON.LTR.SRER051371.20170105","NEON.LTR.SRER051371.20170105.WDY","NEON.DOC.001710vE","Woody material",0.005,"Y",NA,"j8Qlsy+mKIFpPXmlKY7NH5kCBm442+nv"
"6e10149f-967f-4670-a3a2-c383c507f8bb","SRER_052.basePlot.ltr","D14","SRER","SRER_052","SRER_052_122","2017-01-12","2016-11-08","2017-01-05","2017-01-10T19:55Z","2017-01-12T20:12Z","NEON.LTR.SRER052122.20170105","NEON.LTR.SRER052122.20170105.TWI","NEON.DOC.001710vE","Twigs/branches",0.05,"N",NA,"j8Qlsy+mKIFpPXmlKY7NH5kCBm442+nv"
"4f73140e-28b0-4084-9c9a-e15e2c80537b","SRER_051.basePlot.ltr","D14","SRER","SRER_051","SRER_051_371","2017-01-12","2016-11-08","2017-01-05","2017-01-10T19:55Z","2017-01-12T20:12Z","NEON.LTR.SRER051371.20170105","NEON.LTR.SRER051371.20170105.SDS","NEON.DOC.001710vE","Seeds",0.005,"N",NA,"j8Qlsy+mKIFpPXmlKY7NH5kCBm442+nv"
"feba846a-68b1-4a48-adce-159bc4f8b6c9","SRER_051.basePlot.ltr","D14","SRER","SRER_051","SRER_051_371","2017-01-12","2016-11-08","2017-01-05","2017-01-10T19:55Z","2017-01-12T20:12Z","NEON.LTR.SRER051371.20170105","NEON.LTR.SRER051371.20170105.FLR","NEON.DOC.001710vE","Flowers",0.005,"N",NA,"j8Qlsy+mKIFpPXmlKY7NH5kCBm442+nv"
"2b28fe2c-4902-42ff-9816-b42a38d00fd0","SRER_051.basePlot.ltr","D14","SRER","SRER_051","SRER_051_371","2017-01-12","2016-11-08","2017-01-05","2017-01-10T19:55Z","2017-01-12T20:12Z","NEON.LTR.SRER051371.20170105","NEON.LTR.SRER051371.20170105.LVS","NEON.DOC.001710vE","Leaves",4.35,"N",NA,"j8Qlsy+mKIFpPXmlKY7NH5kCBm442+nv"
"540486d4-9493-433c-a7d0-2f5b65865c52","SRER_048.basePlot.ltr","D14","SRER","SRER_048","SRER_048_815","2017-01-12","2016-11-08","2017-01-05","2017-01-10T19:55Z","2017-01-12T23:02Z","NEON.LTR.SRER048815.20170105","NEON.LTR.SRER048815.20170105.OTH","NEON.DOC.001710vE","Other",0,"N",NA,"j8Qlsy+mKIFpPXmlKY7NH5kCBm442+nv"
"fb8aa7d3-0e75-4b19-9df6-07928cb49c78","SRER_051.basePlot.ltr","D14","SRER","SRER_051","SRER_051_371","2017-01-12","2016-11-08","2017-01-05","2017-01-10T19:55Z","2017-01-12T20:12Z","NEON.LTR.SRER051371.20170105","NEON.LTR.SRER051371.20170105.WDY","NEON.DOC.001710vE","Woody material",0.005,"N",NA,"j8Qlsy+mKIFpPXmlKY7NH5kCBm442+nv"
"022dffcc-6c7e-4c42-b69e-703271d1bd4a","SRER_051.basePlot.ltr","D14","SRER","SRER_051","SRER_051_371","2017-01-12","2016-11-08","2017-01-05","2017-01-10T19:55Z","2017-01-12T20:12Z","NEON.LTR.SRER051371.20170105","NEON.LTR.SRER051371.20170105.TWI","NEON.DOC.001710vE","Twigs/branches",2.84,"N",NA,"j8Qlsy+mKIFpPXmlKY7NH5kCBm442+nv"
"d9ac8599-618c-4216-9219-e5b5966d3a54","SRER_048.basePlot.ltr","D14","SRER","SRER_048","SRER_048_815","2017-01-12","2016-11-08","2017-01-05","2017-01-10T19:55Z","2017-01-12T20:12Z","NEON.LTR.SRER048815.20170105","NEON.LTR.SRER048815.20170105.TWI","NEON.DOC.001710vE","Twigs/branches",1.38,"N",NA,"j8Qlsy+mKIFpPXmlKY7NH5kCBm442+nv"
"7c17c14e-c73c-4bd3-ba62-be27ccbd6fcc","SRER_048.basePlot.ltr","D14","SRER","SRER_048","SRER_048_815","2017-01-12","2016-11-08","2017-01-05","2017-01-10T19:55Z","2017-01-12T23:01Z","NEON.LTR.SRER048815.20170105","NEON.LTR.SRER048815.20170105.NDL","NEON.DOC.001710vE","Needles",0,"N",NA,"j8Qlsy+mKIFpPXmlKY7NH5kCBm442+nv"
"36abdfb7-f7f2-4034-a6d2-3206ee194263","SRER_048.basePlot.ltr","D14","SRER","SRER_048","SRER_048_815","2017-01-12","2016-11-08","2017-01-05","2017-01-10T19:55Z","2017-01-12T23:02Z","NEON.LTR.SRER048815.20170105","NEON.LTR.SRER048815.20170105.FLR","NEON.DOC.001710vE","Flowers",0,"N",NA,"j8Qlsy+mKIFpPXmlKY7NH5kCBm442+nv"
"ce64f164-8be3-4293-b91d-e1c217c45481","SRER_048.basePlot.ltr","D14","SRER","SRER_048","SRER_048_815","2017-01-12","2016-11-08","2017-01-05","2017-01-10T19:55Z","2017-01-12T20:12Z","NEON.LTR.SRER048815.20170105","NEON.LTR.SRER048815.20170105.LVS","NEON.DOC.001710vE","Leaves",6.71,"N",NA,"j8Qlsy+mKIFpPXmlKY7NH5kCBm442+nv"
"a12a2fe5-5c58-4774-92c9-e3dca8521939","SRER_048.basePlot.ltr","D14","SRER","SRER_048","SRER_048_815","2017-01-12","2016-11-08","2017-01-05","2017-01-10T19:55Z","2017-01-12T20:12Z","NEON.LTR.SRER048815.20170105","NEON.LTR.SRER048815.20170105.SDS","NEON.DOC.001710vE","Seeds",0.03,"N",NA,"j8Qlsy+mKIFpPXmlKY7NH5kCBm442+nv"
"cec02a6a-c8c6-4991-b14f-c6d838b1f4eb","SRER_048.basePlot.ltr","D14","SRER","SRER_048","SRER_048_815","2017-01-12","2016-11-08","2017-01-05","2017-01-10T19:55Z","2017-01-12T20:12Z","NEON.LTR.SRER048815.20170105","NEON.LTR.SRER048815.20170105.WDY","NEON.DOC.001710vE","Woody material",0.04,"N",NA,"j8Qlsy+mKIFpPXmlKY7NH5kCBm442+nv"
"0d69f33d-541f-4e1b-b253-aac65743d7f5","SRER_056.basePlot.ltr","D14","SRER","SRER_056","SRER_056_510","2017-01-12","2016-11-08","2017-01-05","2017-01-10T19:55Z","2017-01-12T22:55Z","NEON.LTR.SRER056510.20170105","NEON.LTR.SRER056510.20170105.SDS","NEON.DOC.001710vE","Seeds",0,"N",NA,"j8Qlsy+mKIFpPXmlKY7NH5kCBm442+nv"
"944a7f31-5ccd-4546-bd5f-cbed7986141e","SRER_056.basePlot.ltr","D14","SRER","SRER_056","SRER_056_510","2017-01-12","2016-11-08","2017-01-05","2017-01-10T19:55Z","2017-01-12T22:55Z","NEON.LTR.SRER056510.20170105","NEON.LTR.SRER056510.20170105.FLR","NEON.DOC.001710vE","Flowers",0,"N",NA,"j8Qlsy+mKIFpPXmlKY7NH5kCBm442+nv"
"16aa66c1-a9ee-44b2-adeb-39c904fa6769","SRER_056.basePlot.ltr","D14","SRER","SRER_056","SRER_056_510","2017-01-12","2016-11-08","2017-01-05","2017-01-10T19:55Z","2017-01-12T22:55Z","NEON.LTR.SRER056510.20170105","NEON.LTR.SRER056510.20170105.OTH","NEON.DOC.001710vE","Other",0,"N",NA,"j8Qlsy+mKIFpPXmlKY7NH5kCBm442+nv"
"fbe97113-31d5-4229-a05a-67656a85ef75","SRER_056.basePlot.ltr","D14","SRER","SRER_056","SRER_056_510","2017-01-12","2016-11-08","2017-01-05","2017-01-10T19:55Z","2017-01-12T20:12Z","NEON.LTR.SRER056510.20170105","NEON.LTR.SRER056510.20170105.WDY","NEON.DOC.001710vE","Woody material",0.005,"N",NA,"j8Qlsy+mKIFpPXmlKY7NH5kCBm442+nv"
"0eb7c413-050e-4158-8e8d-d782d380efbc","SRER_056.basePlot.ltr","D14","SRER","SRER_056","SRER_056_510","2017-01-12","2016-11-08","2017-01-05","2017-01-10T19:55Z","2017-01-12T20:12Z","NEON.LTR.SRER056510.20170105","NEON.LTR.SRER056510.20170105.TWI","NEON.DOC.001710vE","Twigs/branches",1.22,"N",NA,"j8Qlsy+mKIFpPXmlKY7NH5kCBm442+nv"
"4c4f87c4-f94a-43b6-af9a-2bb7984a0ec8","SRER_056.basePlot.ltr","D14","SRER","SRER_056","SRER_056_510","2017-01-12","2016-11-08","2017-01-05","2017-01-10T19:55Z","2017-01-12T22:54Z","NEON.LTR.SRER056510.20170105","NEON.LTR.SRER056510.20170105.NDL","NEON.DOC.001710vE","Needles",0,"N",NA,"j8Qlsy+mKIFpPXmlKY7NH5kCBm442+nv"
"df2d0536-352d-41c3-9134-e75f66c2d8b8","SRER_049.basePlot.ltr","D14","SRER","SRER_049","SRER_049_579","2017-01-12","2016-11-08","2017-01-05","2017-01-10T19:55Z","2017-01-12T22:47Z","NEON.LTR.SRER049579.20170105","NEON.LTR.SRER049579.20170105.FLR","NEON.DOC.001710vE","Flowers",0,"N",NA,"j8Qlsy+mKIFpPXmlKY7NH5kCBm442+nv"
"2f02294e-5621-40ce-b009-44a150ca5c6a","SRER_049.basePlot.ltr","D14","SRER","SRER_049","SRER_049_579","2017-01-12","2016-11-08","2017-01-05","2017-01-10T19:55Z","2017-01-12T22:47Z","NEON.LTR.SRER049579.20170105","NEON.LTR.SRER049579.20170105.OTH","NEON.DOC.001710vE","Other",0,"N",NA,"j8Qlsy+mKIFpPXmlKY7NH5kCBm442+nv"
"476ba7f4-93be-4fc9-b492-80a74b384397","SRER_056.basePlot.ltr","D14","SRER","SRER_056","SRER_056_510","2017-01-12","2016-11-08","2017-01-05","2017-01-10T19:55Z","2017-01-12T20:12Z","NEON.LTR.SRER056510.20170105","NEON.LTR.SRER056510.20170105.LVS","NEON.DOC.001710vE","Leaves",7.25,"N",NA,"j8Qlsy+mKIFpPXmlKY7NH5kCBm442+nv"
"08a83002-d21a-461a-85e7-66b73417f721","SRER_049.basePlot.ltr","D14","SRER","SRER_049","SRER_049_579","2017-01-12","2016-11-08","2017-01-05","2017-01-10T19:55Z","2017-01-12T20:12Z","NEON.LTR.SRER049579.20170105","NEON.LTR.SRER049579.20170105.WDY","NEON.DOC.001710vE","Woody material",0.005,"N",NA,"j8Qlsy+mKIFpPXmlKY7NH5kCBm442+nv"
"7b97b7ac-d35a-4bc4-8570-024d65dff08a","SRER_049.basePlot.ltr","D14","SRER","SRER_049","SRER_049_579","2017-01-12","2016-11-08","2017-01-05","2017-01-10T19:55Z","2017-01-12T20:12Z","NEON.LTR.SRER049579.20170105","NEON.LTR.SRER049579.20170105.TWI","NEON.DOC.001710vE","Twigs/branches",2.41,"N",NA,"j8Qlsy+mKIFpPXmlKY7NH5kCBm442+nv"
"6d7ee1a0-7733-4cba-a316-e9b41ffd5c42","SRER_049.basePlot.ltr","D14","SRER","SRER_049","SRER_049_579","2017-01-12","2016-11-08","2017-01-05","2017-01-10T19:55Z","2017-01-12T22:47Z","NEON.LTR.SRER049579.20170105","NEON.LTR.SRER049579.20170105.NDL","NEON.DOC.001710vE","Needles",0,"N",NA,"j8Qlsy+mKIFpPXmlKY7NH5kCBm442+nv"
"0d474fd7-0dc2-4811-aff8-18aa9c2e0f63","SRER_044.basePlot.ltr","D14","SRER","SRER_044","SRER_044_790","2017-01-12","2016-11-08","2017-01-05","2017-01-12T20:00Z","2017-01-13T20:42Z","NEON.LTR.SRER044790.20170105","NEON.LTR.SRER044790.20170105.LVS","NEON.DOC.001710vE","Leaves",2.41,"Y",NA,"j8Qlsy+mKIFpPXmlKY7NH5kCBm442+nv"
"f02cb6ca-25ad-4233-828a-f53a70388444","SRER_049.basePlot.ltr","D14","SRER","SRER_049","SRER_049_579","2017-01-12","2016-11-08","2017-01-05","2017-01-10T19:55Z","2017-01-12T20:12Z","NEON.LTR.SRER049579.20170105","NEON.LTR.SRER049579.20170105.SDS","NEON.DOC.001710vE","Seeds",0.08,"N",NA,"j8Qlsy+mKIFpPXmlKY7NH5kCBm442+nv"
"209c8246-b2b8-4d27-be4a-7eeb8b1513c7","SRER_049.basePlot.ltr","D14","SRER","SRER_049","SRER_049_579","2017-01-12","2016-11-08","2017-01-05","2017-01-10T19:55Z","2017-01-12T20:12Z","NEON.LTR.SRER049579.20170105","NEON.LTR.SRER049579.20170105.LVS","NEON.DOC.001710vE","Leaves",6.49,"N",NA,"j8Qlsy+mKIFpPXmlKY7NH5kCBm442+nv"
"d8b48295-4c52-4587-8634-ca774127e32f","SRER_044.basePlot.ltr","D14","SRER","SRER_044","SRER_044_790","2017-01-12","2016-11-08","2017-01-05","2017-01-10T19:55Z","2017-01-12T22:37Z","NEON.LTR.SRER044790.20170105","NEON.LTR.SRER044790.20170105.SDS","NEON.DOC.001710vE","Seeds",0,"N",NA,"j8Qlsy+mKIFpPXmlKY7NH5kCBm442+nv"
"bbf8451c-fb16-487d-a456-57bac0b95d4a","SRER_044.basePlot.ltr","D14","SRER","SRER_044","SRER_044_790","2017-01-12","2016-11-08","2017-01-05","2017-01-10T19:55Z","2017-01-12T22:37Z","NEON.LTR.SRER044790.20170105","NEON.LTR.SRER044790.20170105.FLR","NEON.DOC.001710vE","Flowers",0,"N",NA,"j8Qlsy+mKIFpPXmlKY7NH5kCBm442+nv"
"a852175a-8c50-40d1-af01-d8771157be8b","SRER_044.basePlot.ltr","D14","SRER","SRER_044","SRER_044_790","2017-01-12","2016-11-08","2017-01-05","2017-01-10T19:55Z","2017-01-12T22:37Z","NEON.LTR.SRER044790.20170105","NEON.LTR.SRER044790.20170105.OTH","NEON.DOC.001710vE","Other",0,"N",NA,"j8Qlsy+mKIFpPXmlKY7NH5kCBm442+nv"
"77af994c-999a-4e2b-94f6-20289930ddcf","SRER_044.basePlot.ltr","D14","SRER","SRER_044","SRER_044_790","2017-01-12","2016-11-08","2017-01-05","2017-01-10T19:55Z","2017-01-12T20:12Z","NEON.LTR.SRER044790.20170105","NEON.LTR.SRER044790.20170105.TWI","NEON.DOC.001710vE","Twigs/branches",1.09,"N",NA,"j8Qlsy+mKIFpPXmlKY7NH5kCBm442+nv"
"05addd31-b4eb-4431-8510-15cd748ce41f","SRER_044.basePlot.ltr","D14","SRER","SRER_044","SRER_044_790","2017-01-12","2016-11-08","2017-01-05","2017-01-10T19:55Z","2017-01-12T22:36Z","NEON.LTR.SRER044790.20170105","NEON.LTR.SRER044790.20170105.NDL","NEON.DOC.001710vE","Needles",0,"N",NA,"j8Qlsy+mKIFpPXmlKY7NH5kCBm442+nv"
"be45d445-0d83-4985-97cf-368463e5d624","SRER_044.basePlot.ltr","D14","SRER","SRER_044","SRER_044_790","2017-01-12","2016-11-08","2017-01-05","2017-01-10T19:55Z","2017-01-12T22:37Z","NEON.LTR.SRER044790.20170105","NEON.LTR.SRER044790.20170105.WDY","NEON.DOC.001710vE","Woody material",0,"N",NA,"j8Qlsy+mKIFpPXmlKY7NH5kCBm442+nv"
"20088e46-3ad7-4f2a-af20-e6b010d7cd97","SRER_047.basePlot.ltr","D14","SRER","SRER_047","SRER_047_826","2017-01-12","2016-11-08","2017-01-05","2017-01-10T19:55Z","2017-01-12T22:32Z","NEON.LTR.SRER047826.20170105","NEON.LTR.SRER047826.20170105.FLR","NEON.DOC.001710vE","Flowers",0,"N",NA,"j8Qlsy+mKIFpPXmlKY7NH5kCBm442+nv"
"031fafc9-449f-4dc9-aa1f-89633152a6e2","SRER_047.basePlot.ltr","D14","SRER","SRER_047","SRER_047_826","2017-01-12","2016-11-08","2017-01-05","2017-01-10T19:55Z","2017-01-12T22:32Z","NEON.LTR.SRER047826.20170105","NEON.LTR.SRER047826.20170105.OTH","NEON.DOC.001710vE","Other",0,"N",NA,"j8Qlsy+mKIFpPXmlKY7NH5kCBm442+nv"
"73d8a92c-182f-4b8b-acaf-b05d5aa3cf15","SRER_044.basePlot.ltr","D14","SRER","SRER_044","SRER_044_790","2017-01-12","2016-11-08","2017-01-05","2017-01-10T19:55Z","2017-01-12T20:12Z","NEON.LTR.SRER044790.20170105","NEON.LTR.SRER044790.20170105.LVS","NEON.DOC.001710vE","Leaves",2.47,"N",NA,"j8Qlsy+mKIFpPXmlKY7NH5kCBm442+nv"
"05e5d7af-a955-4be7-9470-c506ea941afd","SRER_047.basePlot.ltr","D14","SRER","SRER_047","SRER_047_826","2017-01-12","2016-11-08","2017-01-05","2017-01-10T19:55Z","2017-01-12T20:12Z","NEON.LTR.SRER047826.20170105","NEON.LTR.SRER047826.20170105.WDY","NEON.DOC.001710vE","Woody material",0.005,"N",NA,"j8Qlsy+mKIFpPXmlKY7NH5kCBm442+nv"
"af170fc4-b7f5-4130-ad90-1a588323c3e4","SRER_047.basePlot.ltr","D14","SRER","SRER_047","SRER_047_826","2017-01-12","2016-11-08","2017-01-05","2017-01-10T19:55Z","2017-01-12T20:12Z","NEON.LTR.SRER047826.20170105","NEON.LTR.SRER047826.20170105.TWI","NEON.DOC.001710vE","Twigs/branches",1.59,"N",NA,"j8Qlsy+mKIFpPXmlKY7NH5kCBm442+nv"
"a13b6922-fe7e-4fa5-879e-72eeeed5df6d","SRER_047.basePlot.ltr","D14","SRER","SRER_047","SRER_047_826","2017-01-12","2016-11-08","2017-01-05","2017-01-10T19:55Z","2017-01-12T22:32Z","NEON.LTR.SRER047826.20170105","NEON.LTR.SRER047826.20170105.NDL","NEON.DOC.001710vE","Needles",0,"N",NA,"j8Qlsy+mKIFpPXmlKY7NH5kCBm442+nv"
"6daf4b2a-1910-4f09-b15d-60b1dd816479","SRER_045.basePlot.ltr","D14","SRER","SRER_045","SRER_045_117","2017-01-12","2016-11-08","2017-01-05","2017-01-10T19:55Z","2017-01-12T20:12Z","NEON.LTR.SRER045117.20170105","NEON.LTR.SRER045117.20170105.FLR","NEON.DOC.001710vE","Flowers",0.005,"N",NA,"j8Qlsy+mKIFpPXmlKY7NH5kCBm442+nv"
"9af015af-0a2c-4c8b-901b-de4b39607168","SRER_045.basePlot.ltr","D14","SRER","SRER_045","SRER_045_117","2017-01-12","2016-11-08","2017-01-05","2017-01-10T19:55Z","2017-01-12T20:12Z","NEON.LTR.SRER045117.20170105","NEON.LTR.SRER045117.20170105.LVS","NEON.DOC.001710vE","Leaves",3.28,"N",NA,"j8Qlsy+mKIFpPXmlKY7NH5kCBm442+nv"
"caefba38-8b48-4f2b-9873-90da081e29cf","SRER_045.basePlot.ltr","D14","SRER","SRER_045","SRER_045_117","2017-01-12","2016-11-08","2017-01-05","2017-01-10T19:55Z","2017-01-12T20:12Z","NEON.LTR.SRER045117.20170105","NEON.LTR.SRER045117.20170105.SDS","NEON.DOC.001710vE","Seeds",0,"N",NA,"j8Qlsy+mKIFpPXmlKY7NH5kCBm442+nv"
"e2444047-0761-4f07-b050-21c2a083588e","SRER_045.basePlot.ltr","D14","SRER","SRER_045","SRER_045_117","2017-01-12","2016-11-08","2017-01-05","2017-01-10T19:55Z","2017-01-12T20:12Z","NEON.LTR.SRER045117.20170105","NEON.LTR.SRER045117.20170105.NDL","NEON.DOC.001710vE","Needles",0,"N",NA,"j8Qlsy+mKIFpPXmlKY7NH5kCBm442+nv"
"8fa9ae01-c323-4578-9506-cd9af6ec45d0","SRER_045.basePlot.ltr","D14","SRER","SRER_045","SRER_045_117","2017-01-12","2016-11-08","2017-01-05","2017-01-10T19:55Z","2017-01-12T20:12Z","NEON.LTR.SRER045117.20170105","NEON.LTR.SRER045117.20170105.OTH","NEON.DOC.001710vE","Other",0,"N",NA,"j8Qlsy+mKIFpPXmlKY7NH5kCBm442+nv"
"3bd14353-3bbc-47c6-968f-1d96bd36d8e8","SRER_045.basePlot.ltr","D14","SRER","SRER_045","SRER_045_117","2017-01-12","2016-11-08","2017-01-05","2017-01-12T20:00Z","2017-01-13T21:02Z","NEON.LTR.SRER045117.20170105","NEON.LTR.SRER045117.20170105.TWI","NEON.DOC.001710vE","Twigs/branches",0.42,"Y",NA,"j8Qlsy+mKIFpPXmlKY7NH5kCBm442+nv"
"884f5ac2-23ba-44e3-8ffb-d6b3fe47a1fc","SRER_047.basePlot.ltr","D14","SRER","SRER_047","SRER_047_568","2017-01-12","2016-11-08","2017-01-05","2017-01-10T19:55Z","2017-01-12T20:12Z","NEON.LTR.SRER047568.20170105","NEON.LTR.SRER047568.20170105.TWI","NEON.DOC.001710vE","Twigs/branches",0.88,"N",NA,"j8Qlsy+mKIFpPXmlKY7NH5kCBm442+nv"
"fe56d6fa-8269-41cc-8c52-3a04c33b2c07","SRER_047.basePlot.ltr","D14","SRER","SRER_047","SRER_047_568","2017-01-12","2016-11-08","2017-01-05","2017-01-10T19:55Z","2017-01-12T20:12Z","NEON.LTR.SRER047568.20170105","NEON.LTR.SRER047568.20170105.LVS","NEON.DOC.001710vE","Leaves",1.04,"N",NA,"j8Qlsy+mKIFpPXmlKY7NH5kCBm442+nv"
"df8917f7-cd31-40ed-856f-9c654394e689","SRER_047.basePlot.ltr","D14","SRER","SRER_047","SRER_047_568","2017-01-12","2016-11-08","2017-01-05","2017-01-10T19:55Z","2017-01-12T20:12Z","NEON.LTR.SRER047568.20170105","NEON.LTR.SRER047568.20170105.SDS","NEON.DOC.001710vE","Seeds",0.005,"N",NA,"j8Qlsy+mKIFpPXmlKY7NH5kCBm442+nv"
"cd33f375-4e18-498d-a954-ba4bbb018ecf","SRER_047.basePlot.ltr","D14","SRER","SRER_047","SRER_047_568","2017-01-12","2016-11-08","2017-01-05","2017-01-10T19:55Z","2017-01-12T21:51Z","NEON.LTR.SRER047568.20170105","NEON.LTR.SRER047568.20170105.NDL","NEON.DOC.001710vE","Needles",0,"N",NA,"j8Qlsy+mKIFpPXmlKY7NH5kCBm442+nv"
"675ed935-31a8-412b-abd9-533cf4364d52","SRER_047.basePlot.ltr","D14","SRER","SRER_047","SRER_047_568","2017-01-12","2016-11-08","2017-01-05","2017-01-10T19:55Z","2017-01-12T21:52Z","NEON.LTR.SRER047568.20170105","NEON.LTR.SRER047568.20170105.WDY","NEON.DOC.001710vE","Woody material",0,"N",NA,"j8Qlsy+mKIFpPXmlKY7NH5kCBm442+nv"
"4d45d41e-7abb-4bd7-9580-7121b880030b","SRER_047.basePlot.ltr","D14","SRER","SRER_047","SRER_047_568","2017-01-12","2016-11-08","2017-01-05","2017-01-10T19:55Z","2017-01-12T21:52Z","NEON.LTR.SRER047568.20170105","NEON.LTR.SRER047568.20170105.FLR","NEON.DOC.001710vE","Flowers",0,"N",NA,"j8Qlsy+mKIFpPXmlKY7NH5kCBm442+nv"
"dfc03327-5a7d-4807-a368-85ff3ebb936c","SRER_047.basePlot.ltr","D14","SRER","SRER_047","SRER_047_568","2017-01-12","2016-11-08","2017-01-05","2017-01-10T19:55Z","2017-01-12T21:52Z","NEON.LTR.SRER047568.20170105","NEON.LTR.SRER047568.20170105.OTH","NEON.DOC.001710vE","Other",0,"N",NA,"j8Qlsy+mKIFpPXmlKY7NH5kCBm442+nv"
"584a90c8-6963-40c1-bdc1-7552170dbaf8","SRER_051.basePlot.ltr","D14","SRER","SRER_051","SRER_051_842","2017-01-12","2016-11-08","2017-01-05","2017-01-10T19:55Z","2017-01-12T20:12Z","NEON.LTR.SRER051842.20170105","NEON.LTR.SRER051842.20170105.WDY","NEON.DOC.001710vE","Woody material",0.03,"N",NA,"j8Qlsy+mKIFpPXmlKY7NH5kCBm442+nv"
"bd98615b-7741-42e2-a1e7-4284cd7e0443","SRER_051.basePlot.ltr","D14","SRER","SRER_051","SRER_051_842","2017-01-12","2016-11-08","2017-01-05","2017-01-10T19:55Z","2017-01-12T20:12Z","NEON.LTR.SRER051842.20170105","NEON.LTR.SRER051842.20170105.TWI","NEON.DOC.001710vE","Twigs/branches",0.54,"N",NA,"j8Qlsy+mKIFpPXmlKY7NH5kCBm442+nv"
"534b5502-71df-4efb-a236-89b81b702cc2","SRER_051.basePlot.ltr","D14","SRER","SRER_051","SRER_051_842","2017-01-12","2016-11-08","2017-01-05","2017-01-10T19:55Z","2017-01-12T20:12Z","NEON.LTR.SRER051842.20170105","NEON.LTR.SRER051842.20170105.FLR","NEON.DOC.001710vE","Flowers",0.05,"N",NA,"j8Qlsy+mKIFpPXmlKY7NH5kCBm442+nv"
"6ef8eac3-e633-407e-a4e2-ce4be641d96d","SRER_051.basePlot.ltr","D14","SRER","SRER_051","SRER_051_842","2017-01-12","2016-11-08","2017-01-05","2017-01-10T19:55Z","2017-01-12T20:12Z","NEON.LTR.SRER051842.20170105","NEON.LTR.SRER051842.20170105.SDS","NEON.DOC.001710vE","Seeds",0.03,"N",NA,"j8Qlsy+mKIFpPXmlKY7NH5kCBm442+nv"
"0cae98cf-80f6-4dd6-a6fd-cb4693cfb2b2","SRER_051.basePlot.ltr","D14","SRER","SRER_051","SRER_051_842","2017-01-12","2016-11-08","2017-01-05","2017-01-10T19:55Z","2017-01-12T20:12Z","NEON.LTR.SRER051842.20170105","NEON.LTR.SRER051842.20170105.LVS","NEON.DOC.001710vE","Leaves",6.06,"N",NA,"j8Qlsy+mKIFpPXmlKY7NH5kCBm442+nv"
"f3f141ca-7117-451b-aa84-9f180e5d3e75","SRER_051.basePlot.ltr","D14","SRER","SRER_051","SRER_051_842","2017-01-12","2016-11-08","2017-01-05","2017-01-10T19:55Z","2017-01-12T22:00Z","NEON.LTR.SRER051842.20170105","NEON.LTR.SRER051842.20170105.NDL","NEON.DOC.001710vE","Needles",0,"N",NA,"j8Qlsy+mKIFpPXmlKY7NH5kCBm442+nv"
"db99fa01-1d51-4c82-969c-254ff7b82605","SRER_051.basePlot.ltr","D14","SRER","SRER_051","SRER_051_842","2017-01-12","2016-11-08","2017-01-05","2017-01-10T19:55Z","2017-01-12T22:00Z","NEON.LTR.SRER051842.20170105","NEON.LTR.SRER051842.20170105.OTH","NEON.DOC.001710vE","Other",0,"N",NA,"j8Qlsy+mKIFpPXmlKY7NH5kCBm442+nv"
"5a59b704-7895-464e-b106-cfb3a6ee46ad","SRER_042.basePlot.ltr","D14","SRER","SRER_042","SRER_042_434","2017-01-12","2016-11-08","2017-01-05","2017-01-10T19:55Z","2017-01-12T20:12Z","NEON.LTR.SRER042434.20170105","NEON.LTR.SRER042434.20170105.TWI","NEON.DOC.001710vE","Twigs/branches",0.43,"N",NA,"j8Qlsy+mKIFpPXmlKY7NH5kCBm442+nv"
"c70d03ef-4565-4849-9bfa-24683e70fc92","SRER_042.basePlot.ltr","D14","SRER","SRER_042","SRER_042_434","2017-01-12","2016-11-08","2017-01-05","2017-01-10T19:55Z","2017-01-12T20:12Z","NEON.LTR.SRER042434.20170105","NEON.LTR.SRER042434.20170105.LVS","NEON.DOC.001710vE","Leaves",0.56,"N",NA,"j8Qlsy+mKIFpPXmlKY7NH5kCBm442+nv"
"f73c3d6d-f594-43e8-b350-0135964e16d4","SRER_042.basePlot.ltr","D14","SRER","SRER_042","SRER_042_434","2017-01-12","2016-11-08","2017-01-05","2017-01-10T19:55Z","2017-01-12T22:03Z","NEON.LTR.SRER042434.20170105","NEON.LTR.SRER042434.20170105.NDL","NEON.DOC.001710vE","Needles",0,"N",NA,"j8Qlsy+mKIFpPXmlKY7NH5kCBm442+nv"
"dee9446f-1e2b-4f19-b5df-f0451dbb503b","SRER_042.basePlot.ltr","D14","SRER","SRER_042","SRER_042_434","2017-01-12","2016-11-08","2017-01-05","2017-01-10T19:55Z","2017-01-12T22:03Z","NEON.LTR.SRER042434.20170105","NEON.LTR.SRER042434.20170105.WDY","NEON.DOC.001710vE","Woody material",0,"N",NA,"j8Qlsy+mKIFpPXmlKY7NH5kCBm442+nv"
"7136a69c-c848-4254-bb26-829fea2967aa","SRER_042.basePlot.ltr","D14","SRER","SRER_042","SRER_042_434","2017-01-12","2016-11-08","2017-01-05","2017-01-10T19:55Z","2017-01-12T22:03Z","NEON.LTR.SRER042434.20170105","NEON.LTR.SRER042434.20170105.SDS","NEON.DOC.001710vE","Seeds",0,"N",NA,"j8Qlsy+mKIFpPXmlKY7NH5kCBm442+nv"
"1fa71b89-eee6-463c-ac64-bd737ae1c49f","SRER_042.basePlot.ltr","D14","SRER","SRER_042","SRER_042_434","2017-01-12","2016-11-08","2017-01-05","2017-01-10T19:55Z","2017-01-12T22:03Z","NEON.LTR.SRER042434.20170105","NEON.LTR.SRER042434.20170105.OTH","NEON.DOC.001710vE","Other",0,"N",NA,"j8Qlsy+mKIFpPXmlKY7NH5kCBm442+nv"
"9e586991-55c4-446b-b090-7792356f69ff","SRER_042.basePlot.ltr","D14","SRER","SRER_042","SRER_042_434","2017-01-12","2016-11-08","2017-01-05","2017-01-10T19:55Z","2017-01-12T22:04Z","NEON.LTR.SRER042434.20170105","NEON.LTR.SRER042434.20170105.FLR","NEON.DOC.001710vE","Flowers",0,"N",NA,"j8Qlsy+mKIFpPXmlKY7NH5kCBm442+nv"
"1d1d6c60-69aa-4f5d-8df6-a84100554854","SRER_044.basePlot.ltr","D14","SRER","SRER_044","SRER_044_624","2017-01-12","2016-11-08","2017-01-05","2017-01-10T19:55Z","2017-01-12T20:12Z","NEON.LTR.SRER044624.20170105","NEON.LTR.SRER044624.20170105.LVS","NEON.DOC.001710vE","Leaves",10.76,"N",NA,"j8Qlsy+mKIFpPXmlKY7NH5kCBm442+nv"
"0f374e88-5998-4532-b790-305f1816de00","SRER_044.basePlot.ltr","D14","SRER","SRER_044","SRER_044_624","2017-01-12","2016-11-08","2017-01-05","2017-01-10T19:55Z","2017-01-12T20:12Z","NEON.LTR.SRER044624.20170105","NEON.LTR.SRER044624.20170105.SDS","NEON.DOC.001710vE","Seeds",0.03,"N",NA,"j8Qlsy+mKIFpPXmlKY7NH5kCBm442+nv"
"130936bb-37de-4e36-ae5c-9fb8c1be85f9","SRER_044.basePlot.ltr","D14","SRER","SRER_044","SRER_044_624","2017-01-12","2016-11-08","2017-01-05","2017-01-10T19:55Z","2017-01-12T20:12Z","NEON.LTR.SRER044624.20170105","NEON.LTR.SRER044624.20170105.FLR","NEON.DOC.001710vE","Flowers",0.09,"N",NA,"j8Qlsy+mKIFpPXmlKY7NH5kCBm442+nv"
"256662e3-4c14-45ef-ba29-3fd8538221de","SRER_044.basePlot.ltr","D14","SRER","SRER_044","SRER_044_624","2017-01-12","2016-11-08","2017-01-05","2017-01-10T19:55Z","2017-01-12T20:12Z","NEON.LTR.SRER044624.20170105","NEON.LTR.SRER044624.20170105.WDY","NEON.DOC.001710vE","Woody material",0.005,"N",NA,"j8Qlsy+mKIFpPXmlKY7NH5kCBm442+nv"
"ffc7c12c-5b8d-40ac-a541-bfedf21ee64b","SRER_044.basePlot.ltr","D14","SRER","SRER_044","SRER_044_624","2017-01-12","2016-11-08","2017-01-05","2017-01-10T19:55Z","2017-01-12T20:12Z","NEON.LTR.SRER044624.20170105","NEON.LTR.SRER044624.20170105.TWI","NEON.DOC.001710vE","Twigs/branches",0.89,"N",NA,"j8Qlsy+mKIFpPXmlKY7NH5kCBm442+nv"
"0d62fc8b-ec36-46a5-85b4-57544b2bb1e4","SRER_044.basePlot.ltr","D14","SRER","SRER_044","SRER_044_624","2017-01-12","2016-11-08","2017-01-05","2017-01-10T19:55Z","2017-01-12T20:12Z","NEON.LTR.SRER044624.20170105","NEON.LTR.SRER044624.20170105.NDL","NEON.DOC.001710vE","Needles",0,"N",NA,"j8Qlsy+mKIFpPXmlKY7NH5kCBm442+nv"
"86b53d45-8637-4f02-af16-a057519f446d","SRER_044.basePlot.ltr","D14","SRER","SRER_044","SRER_044_624","2017-01-12","2016-11-08","2017-01-05","2017-01-10T19:55Z","2017-01-12T22:12Z","NEON.LTR.SRER044624.20170105","NEON.LTR.SRER044624.20170105.OTH","NEON.DOC.001710vE","Other",0,"N",NA,"j8Qlsy+mKIFpPXmlKY7NH5kCBm442+nv"
"2bfd9473-c862-4163-9923-f52535533981","SRER_050.basePlot.ltr","D14","SRER","SRER_050","SRER_050_962","2017-01-12","2016-11-08","2017-01-05","2017-01-10T19:55Z","2017-01-12T20:12Z","NEON.LTR.SRER050962.20170105","NEON.LTR.SRER050962.20170105.TWI","NEON.DOC.001710vE","Twigs/branches",0.66,"N",NA,"j8Qlsy+mKIFpPXmlKY7NH5kCBm442+nv"
"2dc469de-aba2-4936-8904-9735554c9744","SRER_050.basePlot.ltr","D14","SRER","SRER_050","SRER_050_962","2017-01-12","2016-11-08","2017-01-05","2017-01-10T19:55Z","2017-01-12T20:12Z","NEON.LTR.SRER050962.20170105","NEON.LTR.SRER050962.20170105.WDY","NEON.DOC.001710vE","Woody material",0.005,"N",NA,"j8Qlsy+mKIFpPXmlKY7NH5kCBm442+nv"
"5c82b251-80cb-433c-8ee3-9c411a2127fd","SRER_050.basePlot.ltr","D14","SRER","SRER_050","SRER_050_962","2017-01-12","2016-11-08","2017-01-05","2017-01-10T19:55Z","2017-01-12T20:12Z","NEON.LTR.SRER050962.20170105","NEON.LTR.SRER050962.20170105.LVS","NEON.DOC.001710vE","Leaves",10.16,"N",NA,"j8Qlsy+mKIFpPXmlKY7NH5kCBm442+nv"
"57f13b46-3462-4912-926a-351d8487f43d","SRER_050.basePlot.ltr","D14","SRER","SRER_050","SRER_050_962","2017-01-12","2016-11-08","2017-01-05","2017-01-10T19:55Z","2017-01-12T20:12Z","NEON.LTR.SRER050962.20170105","NEON.LTR.SRER050962.20170105.SDS","NEON.DOC.001710vE","Seeds",0.01,"N",NA,"j8Qlsy+mKIFpPXmlKY7NH5kCBm442+nv"
"f70e5395-ad3b-43b6-bcb9-c880d092bad4","SRER_050.basePlot.ltr","D14","SRER","SRER_050","SRER_050_962","2017-01-12","2016-11-08","2017-01-05","2017-01-10T19:55Z","2017-01-12T22:19Z","NEON.LTR.SRER050962.20170105","NEON.LTR.SRER050962.20170105.NDL","NEON.DOC.001710vE","Needles",0,"N",NA,"j8Qlsy+mKIFpPXmlKY7NH5kCBm442+nv"
"0beff9cf-4817-4058-bdf5-98a8af2dd38d","SRER_050.basePlot.ltr","D14","SRER","SRER_050","SRER_050_962","2017-01-12","2016-11-08","2017-01-05","2017-01-10T19:55Z","2017-01-12T22:20Z","NEON.LTR.SRER050962.20170105","NEON.LTR.SRER050962.20170105.FLR","NEON.DOC.001710vE","Flowers",0,"N",NA,"j8Qlsy+mKIFpPXmlKY7NH5kCBm442+nv"
"c448e9c9-9fe9-4a9b-bd6e-b1380d953bb1","SRER_050.basePlot.ltr","D14","SRER","SRER_050","SRER_050_962","2017-01-12","2016-11-08","2017-01-05","2017-01-10T19:55Z","2017-01-12T22:20Z","NEON.LTR.SRER050962.20170105","NEON.LTR.SRER050962.20170105.OTH","NEON.DOC.001710vE","Other",0,"N",NA,"j8Qlsy+mKIFpPXmlKY7NH5kCBm442+nv"
"03fb3d29-2938-4b07-994c-06d54a7bfb0f","SRER_055.basePlot.ltr","D14","SRER","SRER_055","SRER_055_838","2017-01-12","2016-11-08","2017-01-05","2017-01-10T19:55Z","2017-01-12T20:12Z","NEON.LTR.SRER055838.20170105","NEON.LTR.SRER055838.20170105.TWI","NEON.DOC.001710vE","Twigs/branches",3.99,"N",NA,"j8Qlsy+mKIFpPXmlKY7NH5kCBm442+nv"
"8564b311-821a-4734-a5c8-ab9c558d2af1","SRER_055.basePlot.ltr","D14","SRER","SRER_055","SRER_055_838","2017-01-12","2016-11-08","2017-01-05","2010-01-10T19:55Z","2017-01-12T20:12Z","NEON.LTR.SRER055838.20170105","NEON.LTR.SRER055838.20170105.LVS","NEON.DOC.001710vE","Leaves",2.88,"N",NA,"j8Qlsy+mKIFpPXmlKY7NH5kCBm442+nv"
"477b3f9d-60a4-4425-82f0-b7a347e791d2","SRER_055.basePlot.ltr","D14","SRER","SRER_055","SRER_055_838","2017-01-12","2016-11-08","2017-01-05","2017-01-10T19:55Z","2017-01-12T22:25Z","NEON.LTR.SRER055838.20170105","NEON.LTR.SRER055838.20170105.NDL","NEON.DOC.001710vE","Needles",0,"N",NA,"j8Qlsy+mKIFpPXmlKY7NH5kCBm442+nv"
"0dce0ca7-85bd-4a60-81f4-e4e8117977e9","SRER_055.basePlot.ltr","D14","SRER","SRER_055","SRER_055_838","2017-01-12","2016-11-08","2017-01-05","2017-01-10T19:55Z","2017-01-12T22:25Z","NEON.LTR.SRER055838.20170105","NEON.LTR.SRER055838.20170105.WDY","NEON.DOC.001710vE","Woody material",0,"N",NA,"j8Qlsy+mKIFpPXmlKY7NH5kCBm442+nv"
"b71bf8ed-f026-4396-807a-10c322acf1b6","SRER_055.basePlot.ltr","D14","SRER","SRER_055","SRER_055_838","2017-01-12","2016-11-08","2017-01-05","2017-01-10T19:55Z","2017-01-12T22:25Z","NEON.LTR.SRER055838.20170105","NEON.LTR.SRER055838.20170105.SDS","NEON.DOC.001710vE","Seeds",0,"N",NA,"j8Qlsy+mKIFpPXmlKY7NH5kCBm442+nv"
"4560bed1-7b7b-4419-8792-27538a198766","SRER_055.basePlot.ltr","D14","SRER","SRER_055","SRER_055_838","2017-01-12","2016-11-08","2017-01-05","2017-01-10T19:55Z","2017-01-12T20:12Z","NEON.LTR.SRER055838.20170105","NEON.LTR.SRER055838.20170105.FLR","NEON.DOC.001710vE","Flowers",0,"N",NA,"j8Qlsy+mKIFpPXmlKY7NH5kCBm442+nv"
"e372b901-ae2f-4481-b49f-d156348c336c","SRER_055.basePlot.ltr","D14","SRER","SRER_055","SRER_055_838","2017-01-12","2016-11-08","2017-01-05","2017-01-10T19:55Z","2017-01-12T22:26Z","NEON.LTR.SRER055838.20170105","NEON.LTR.SRER055838.20170105.OTH","NEON.DOC.001710vE","Other",0,"N",NA,"j8Qlsy+mKIFpPXmlKY7NH5kCBm442+nv"
"326191b3-6050-4f7e-a6e2-001dd7ea5654","SRER_047.basePlot.ltr","D14","SRER","SRER_047","SRER_047_826","2017-01-12","2016-11-08","2017-01-05","2017-01-10T19:55Z","2017-01-12T20:12Z","NEON.LTR.SRER047826.20170105","NEON.LTR.SRER047826.20170105.SDS","NEON.DOC.001710vE","Seeds",0.005,"N",NA,"j8Qlsy+mKIFpPXmlKY7NH5kCBm442+nv"
"45b2e4b7-505b-4254-bcbb-2a2729b94215","SRER_047.basePlot.ltr","D14","SRER","SRER_047","SRER_047_826","2017-01-12","2016-11-08","2017-01-05","2017-01-10T19:55Z","2017-01-12T20:12Z","NEON.LTR.SRER047826.20170105","NEON.LTR.SRER047826.20170105.LVS","NEON.DOC.001710vE","Leaves",2.43,"N",NA,"j8Qlsy+mKIFpPXmlKY7NH5kCBm442+nv"
"8672236d-a420-459b-a84c-80bd0d5c3d9a","SRER_045.basePlot.ltr","D14","SRER","SRER_045","SRER_045_117","2017-01-12","2016-11-08","2017-01-05","2017-01-10T19:55Z","2017-01-12T20:12Z","NEON.LTR.SRER045117.20170105","NEON.LTR.SRER045117.20170105.WDY","NEON.DOC.001710vE","Woody material",0.005,"N",NA,"j8Qlsy+mKIFpPXmlKY7NH5kCBm442+nv"
"c93263af-2e17-4091-a744-b4f96f7d106d","SRER_058.basePlot.ltr","D14","SRER","SRER_058","SRER_058_426","2017-01-12","2016-11-08","2017-01-05","2017-01-10T19:55Z","2017-01-12T20:12Z","NEON.LTR.SRER058426.20170105","NEON.LTR.SRER058426.20170105.NDL","NEON.DOC.001710vE","Needles",0,"N",NA,"j8Qlsy+mKIFpPXmlKY7NH5kCBm442+nv"
"bc2d4a27-b7d2-44b2-b2f1-5ee6dae4dcc3","SRER_045.basePlot.ltr","D14","SRER","SRER_045","SRER_045_117","2017-01-12","2016-11-08","2017-01-05","2017-01-10T19:55Z","2017-01-12T20:12Z","NEON.LTR.SRER045117.20170105","NEON.LTR.SRER045117.20170105.TWI","NEON.DOC.001710vE","Twigs/branches",0.43,"N",NA,"j8Qlsy+mKIFpPXmlKY7NH5kCBm442+nv"
"b03365f5-f01a-4d57-acc9-d42651e5916a","SRER_058.basePlot.ltr","D14","SRER","SRER_058","SRER_058_426","2017-01-12","2016-11-08","2017-01-05","2017-01-10T19:55Z","2017-01-12T20:12Z","NEON.LTR.SRER058426.20170105","NEON.LTR.SRER058426.20170105.FLR","NEON.DOC.001710vE","Flowers",0,"N",NA,"j8Qlsy+mKIFpPXmlKY7NH5kCBm442+nv"
"e2ef6c8f-ddb5-4a49-a67c-5ff3fe283364","SRER_058.basePlot.ltr","D14","SRER","SRER_058","SRER_058_426","2017-01-12","2016-11-08","2017-01-05","2017-01-10T19:55Z","2017-01-12T20:12Z","NEON.LTR.SRER058426.20170105","NEON.LTR.SRER058426.20170105.OTH","NEON.DOC.001710vE","Other",0,"N",NA,"j8Qlsy+mKIFpPXmlKY7NH5kCBm442+nv"
"31df39b7-827a-4b86-82ec-66781d8aac68","SRER_058.basePlot.ltr","D14","SRER","SRER_058","SRER_058_426","2017-01-12","2016-11-08","2017-01-05","2017-01-10T19:55Z","2017-01-12T20:12Z","NEON.LTR.SRER058426.20170105","NEON.LTR.SRER058426.20170105.LVS","NEON.DOC.001710vE","Leaves",6.68,"N",NA,"j8Qlsy+mKIFpPXmlKY7NH5kCBm442+nv"
"fcbbe610-0074-4fef-87cb-cb26275f9159","SRER_058.basePlot.ltr","D14","SRER","SRER_058","SRER_058_426","2017-01-12","2016-11-08","2017-01-05","2017-01-10T19:55Z","2017-01-12T20:12Z","NEON.LTR.SRER058426.20170105","NEON.LTR.SRER058426.20170105.WDY","NEON.DOC.001710vE","Woody material",0.02,"N",NA,"j8Qlsy+mKIFpPXmlKY7NH5kCBm442+nv"
"37453429-2eb6-44ae-9412-4684cf3409d8","SRER_058.basePlot.ltr","D14","SRER","SRER_058","SRER_058_426","2017-01-12","2016-11-08","2017-01-05","2017-01-10T19:55Z","2017-01-12T20:12Z","NEON.LTR.SRER058426.20170105","NEON.LTR.SRER058426.20170105.TWI","NEON.DOC.001710vE","Twigs/branches",1.52,"N",NA,"j8Qlsy+mKIFpPXmlKY7NH5kCBm442+nv"
"a779938e-7230-4884-8001-96eb81bbfa56","SRER_059.basePlot.ltr","D14","SRER","SRER_059","SRER_059_788","2017-01-12","2016-11-08","2017-01-05","2017-01-12T20:00Z","2017-01-13T20:46Z","NEON.LTR.SRER059788.20170105","NEON.LTR.SRER059788.20170105.LVS","NEON.DOC.001710vE","Leaves",3.28,"Y",NA,"j8Qlsy+mKIFpPXmlKY7NH5kCBm442+nv"
"9dd69adc-22d2-4e85-a9da-3cf5140fe015","SRER_059.basePlot.ltr","D14","SRER","SRER_059","SRER_059_788","2017-01-12","2016-11-08","2017-01-05","2017-01-12T20:00Z","2017-01-13T21:06Z","NEON.LTR.SRER059788.20170105","NEON.LTR.SRER059788.20170105.WDY","NEON.DOC.001710vE","Woody material",0.06,"Y",NA,"j8Qlsy+mKIFpPXmlKY7NH5kCBm442+nv"
"4a94e6f2-c8bc-41d8-9142-27da28fab536","SRER_058.basePlot.ltr","D14","SRER","SRER_058","SRER_058_426","2017-01-12","2016-11-08","2017-01-05","2017-01-10T19:55Z","2017-01-12T20:12Z","NEON.LTR.SRER058426.20170105","NEON.LTR.SRER058426.20170105.SDS","NEON.DOC.001710vE","Seeds",0.005,"N",NA,"j8Qlsy+mKIFpPXmlKY7NH5kCBm442+nv"
"e2d96cc5-6620-42b4-bded-6c448f5ea5cd","SRER_059.basePlot.ltr","D14","SRER","SRER_059","SRER_059_788","2017-01-12","2016-11-08","2017-01-05","2017-01-10T19:55Z","2017-01-12T20:12Z","NEON.LTR.SRER059788.20170105","NEON.LTR.SRER059788.20170105.NDL","NEON.DOC.001710vE","Needles",0,"N",NA,"j8Qlsy+mKIFpPXmlKY7NH5kCBm442+nv"
"766a2468-947a-4f99-a829-60b4e05ad602","SRER_059.basePlot.ltr","D14","SRER","SRER_059","SRER_059_788","2017-01-12","2016-11-08","2017-01-05","2017-01-10T19:55Z","2017-01-12T20:12Z","NEON.LTR.SRER059788.20170105","NEON.LTR.SRER059788.20170105.FLR","NEON.DOC.001710vE","Flowers",0,"N",NA,"j8Qlsy+mKIFpPXmlKY7NH5kCBm442+nv"
"4364583b-1668-4f04-8b42-b661499328fc","SRER_059.basePlot.ltr","D14","SRER","SRER_059","SRER_059_788","2017-01-12","2016-11-08","2017-01-05","2017-01-10T19:55Z","2017-01-12T20:12Z","NEON.LTR.SRER059788.20170105","NEON.LTR.SRER059788.20170105.OTH","NEON.DOC.001710vE","Other",0,"N",NA,"j8Qlsy+mKIFpPXmlKY7NH5kCBm442+nv"
"2cbbb3da-8c10-4e5f-970d-80ac1a2db268","SRER_059.basePlot.ltr","D14","SRER","SRER_059","SRER_059_788","2017-01-12","2016-11-08","2017-01-05","2017-01-10T19:55Z","2017-01-12T20:12Z","NEON.LTR.SRER059788.20170105","NEON.LTR.SRER059788.20170105.TWI","NEON.DOC.001710vE","Twigs/branches",1.48,"N",NA,"j8Qlsy+mKIFpPXmlKY7NH5kCBm442+nv"
"8e24d4e2-815d-47c8-93ed-92f193bef723","SRER_059.basePlot.ltr","D14","SRER","SRER_059","SRER_059_788","2017-01-12","2016-11-08","2017-01-05","2017-01-10T19:55Z","2017-01-12T20:12Z","NEON.LTR.SRER059788.20170105","NEON.LTR.SRER059788.20170105.SDS","NEON.DOC.001710vE","Seeds",0.005,"N",NA,"j8Qlsy+mKIFpPXmlKY7NH5kCBm442+nv"
"fccc4b57-a664-4c8c-9de6-9a00c0d7cf16","SRER_059.basePlot.ltr","D14","SRER","SRER_059","SRER_059_788","2017-01-12","2016-11-08","2017-01-05","2017-01-10T19:55Z","2017-01-12T20:12Z","NEON.LTR.SRER059788.20170105","NEON.LTR.SRER059788.20170105.LVS","NEON.DOC.001710vE","Leaves",3.32,"N",NA,"j8Qlsy+mKIFpPXmlKY7NH5kCBm442+nv"
"29bdd320-44fb-4f8e-a241-91284aee21a2","SRER_056.basePlot.ltr","D14","SRER","SRER_056","SRER_056_795","2017-01-12","2016-11-08","2017-01-05","2017-01-10T19:55Z","2017-01-12T20:12Z","NEON.LTR.SRER056795.20170105","NEON.LTR.SRER056795.20170105.FLR","NEON.DOC.001710vE","Flowers",0,"N",NA,"j8Qlsy+mKIFpPXmlKY7NH5kCBm442+nv"
"8d810f35-720c-4cb1-9360-95efbda40346","SRER_056.basePlot.ltr","D14","SRER","SRER_056","SRER_056_795","2017-01-12","2016-11-08","2017-01-05","2017-01-10T19:55Z","2017-01-12T20:12Z","NEON.LTR.SRER056795.20170105","NEON.LTR.SRER056795.20170105.OTH","NEON.DOC.001710vE","Other",0,"N",NA,"j8Qlsy+mKIFpPXmlKY7NH5kCBm442+nv"
"33649a37-a352-4ccd-95d7-07465e256df0","SRER_059.basePlot.ltr","D14","SRER","SRER_059","SRER_059_788","2017-01-12","2016-11-08","2017-01-05","2017-01-10T19:55Z","2017-01-12T20:12Z","NEON.LTR.SRER059788.20170105","NEON.LTR.SRER059788.20170105.WDY","NEON.DOC.001710vE","Woody material",0.06,"N",NA,"j8Qlsy+mKIFpPXmlKY7NH5kCBm442+nv"
"410b9a78-594e-44d6-a986-861fae4f0f3e","SRER_056.basePlot.ltr","D14","SRER","SRER_056","SRER_056_795","2017-01-12","2016-11-08","2017-01-05","2017-01-10T19:55Z","2017-01-12T20:12Z","NEON.LTR.SRER056795.20170105","NEON.LTR.SRER056795.20170105.WDY","NEON.DOC.001710vE","Woody material",0,"N",NA,"j8Qlsy+mKIFpPXmlKY7NH5kCBm442+nv"
"8505bc5c-cc7c-43fd-a037-f3b4ed72e19e","SRER_056.basePlot.ltr","D14","SRER","SRER_056","SRER_056_795","2017-01-12","2016-11-08","2017-01-05","2017-01-10T19:55Z","2017-01-12T20:12Z","NEON.LTR.SRER056795.20170105","NEON.LTR.SRER056795.20170105.TWI","NEON.DOC.001710vE","Twigs/branches",0.42,"N",NA,"j8Qlsy+mKIFpPXmlKY7NH5kCBm442+nv"
"f1b5f6c7-63f2-44d7-811e-53b18f03ce22","SRER_056.basePlot.ltr","D14","SRER","SRER_056","SRER_056_795","2017-01-12","2016-11-08","2017-01-05","2017-01-10T19:55Z","2017-01-12T20:12Z","NEON.LTR.SRER056795.20170105","NEON.LTR.SRER056795.20170105.NDL","NEON.DOC.001710vE","Needles",0,"N",NA,"j8Qlsy+mKIFpPXmlKY7NH5kCBm442+nv"
"b1c505e4-2b28-4ef6-af50-503fb0b720a5","SRER_049.basePlot.ltr","D14","SRER","SRER_049","SRER_049_050","2017-01-12","2016-11-08","2017-01-05","2017-01-12T20:00Z","2017-01-13T21:14Z","NEON.LTR.SRER049050.20170105","NEON.LTR.SRER049050.20170105.TWI","NEON.DOC.001710vE","Twigs/branches",1.51,"Y",NA,"j8Qlsy+mKIFpPXmlKY7NH5kCBm442+nv"
"e818d1ab-2d01-4616-96e3-5925fcae03ac","SRER_056.basePlot.ltr","D14","SRER","SRER_056","SRER_056_795","2017-01-12","2016-11-08","2017-01-05","2017-01-10T19:55Z","2017-01-12T20:12Z","NEON.LTR.SRER056795.20170105","NEON.LTR.SRER056795.20170105.SDS","NEON.DOC.001710vE","Seeds",0.005,"N",NA,"j8Qlsy+mKIFpPXmlKY7NH5kCBm442+nv"
"eadc8e5b-f4f6-4703-94e9-f377e5cb5451","SRER_056.basePlot.ltr","D14","SRER","SRER_056","SRER_056_795","2017-01-12","2016-11-08","2017-01-05","2017-01-10T19:55Z","2017-01-12T20:12Z","NEON.LTR.SRER056795.20170105","NEON.LTR.SRER056795.20170105.LVS","NEON.DOC.001710vE","Leaves",0.81,"N",NA,"j8Qlsy+mKIFpPXmlKY7NH5kCBm442+nv"
"7ef3e8c8-eb06-4e88-ac3a-5907e4d79a84","SRER_049.basePlot.ltr","D14","SRER","SRER_049","SRER_049_050","2017-01-12","2016-11-08","2017-01-05","2017-01-10T19:55Z","2017-01-12T20:12Z","NEON.LTR.SRER049050.20170105","NEON.LTR.SRER049050.20170105.NDL","NEON.DOC.001710vE","Needles",0,"N",NA,"j8Qlsy+mKIFpPXmlKY7NH5kCBm442+nv"
"f0d034d2-9616-4b47-8de5-4b80271b2582","SRER_049.basePlot.ltr","D14","SRER","SRER_049","SRER_049_050","2017-01-12","2016-11-08","2017-01-05","2017-01-10T19:55Z","2017-01-12T20:12Z","NEON.LTR.SRER049050.20170105","NEON.LTR.SRER049050.20170105.FLR","NEON.DOC.001710vE","Flowers",0,"N",NA,"j8Qlsy+mKIFpPXmlKY7NH5kCBm442+nv"
"fe00cd11-59e6-45cd-8e73-88a9c6823393","SRER_049.basePlot.ltr","D14","SRER","SRER_049","SRER_049_050","2017-01-12","2016-11-08","2017-01-05","2017-01-10T19:55Z","2017-01-12T20:12Z","NEON.LTR.SRER049050.20170105","NEON.LTR.SRER049050.20170105.OTH","NEON.DOC.001710vE","Other",0,"N",NA,"j8Qlsy+mKIFpPXmlKY7NH5kCBm442+nv"
"7337cff6-d74a-49de-a264-643cac5e643b","SRER_049.basePlot.ltr","D14","SRER","SRER_049","SRER_049_050","2017-01-12","2016-11-08","2017-01-05","2017-01-10T19:55Z","2017-01-12T20:12Z","NEON.LTR.SRER049050.20170105","NEON.LTR.SRER049050.20170105.SDS","NEON.DOC.001710vE","Seeds",0.01,"N",NA,"j8Qlsy+mKIFpPXmlKY7NH5kCBm442+nv"
"de29ed68-20c6-4a6a-b999-7e3b535e57a1","SRER_049.basePlot.ltr","D14","SRER","SRER_049","SRER_049_050","2017-01-12","2016-11-08","2017-01-05","2017-01-10T19:55Z","2017-01-12T20:12Z","NEON.LTR.SRER049050.20170105","NEON.LTR.SRER049050.20170105.WDY","NEON.DOC.001710vE","Woody material",0.005,"N",NA,"j8Qlsy+mKIFpPXmlKY7NH5kCBm442+nv"
"6dfdea76-a31b-4063-ae87-665fc07ce635","SRER_049.basePlot.ltr","D14","SRER","SRER_049","SRER_049_050","2017-01-12","2016-11-08","2017-01-05","2017-01-10T19:55Z","2017-01-12T20:12Z","NEON.LTR.SRER049050.20170105","NEON.LTR.SRER049050.20170105.TWI","NEON.DOC.001710vE","Twigs/branches",1.5,"N",NA,"j8Qlsy+mKIFpPXmlKY7NH5kCBm442+nv"
"293b4203-e919-48f1-a298-aef927ab4019","SRER_053.basePlot.ltr","D14","SRER","SRER_053","SRER_053_878","2017-01-12","2016-11-08","2017-01-05","2017-01-10T19:55Z","2017-01-12T20:12Z","NEON.LTR.SRER053878.20170105","NEON.LTR.SRER053878.20170105.FLR","NEON.DOC.001710vE","Flowers",0,"N",NA,"j8Qlsy+mKIFpPXmlKY7NH5kCBm442+nv"
"4b882ffa-6ec0-4f15-92ee-9a09a5278b94","SRER_053.basePlot.ltr","D14","SRER","SRER_053","SRER_053_878","2017-01-12","2016-11-08","2017-01-05","2017-01-10T19:55Z","2017-01-12T20:12Z","NEON.LTR.SRER053878.20170105","NEON.LTR.SRER053878.20170105.OTH","NEON.DOC.001710vE","Other",0,"N",NA,"j8Qlsy+mKIFpPXmlKY7NH5kCBm442+nv"
"59fc409e-97b5-48fb-a1dd-c0a82c9c8422","SRER_049.basePlot.ltr","D14","SRER","SRER_049","SRER_049_050","2017-01-12","2016-11-08","2017-01-05","2017-01-10T19:55Z","2017-01-12T20:12Z","NEON.LTR.SRER049050.20170105","NEON.LTR.SRER049050.20170105.LVS","NEON.DOC.001710vE","Leaves",2.75,"N",NA,"j8Qlsy+mKIFpPXmlKY7NH5kCBm442+nv"
"3dc53ecb-7d6e-4221-bfc8-feb964309422","SRER_053.basePlot.ltr","D14","SRER","SRER_053","SRER_053_878","2017-01-12","2016-11-08","2017-01-05","2017-01-10T19:55Z","2017-01-12T20:12Z","NEON.LTR.SRER053878.20170105","NEON.LTR.SRER053878.20170105.SDS","NEON.DOC.001710vE","Seeds",0.08,"N",NA,"j8Qlsy+mKIFpPXmlKY7NH5kCBm442+nv"
"8f919b46-2709-493c-adbb-11b28de95c0b","SRER_053.basePlot.ltr","D14","SRER","SRER_053","SRER_053_878","2017-01-12","2016-11-08","2017-01-05","2017-01-10T19:55Z","2017-01-12T20:12Z","NEON.LTR.SRER053878.20170105","NEON.LTR.SRER053878.20170105.WDY","NEON.DOC.001710vE","Woody material",0.2,"N",NA,"j8Qlsy+mKIFpPXmlKY7NH5kCBm442+nv"
"f7593b60-f1ba-49fd-ade0-b11b60981f2c","SRER_053.basePlot.ltr","D14","SRER","SRER_053","SRER_053_878","2017-01-12","2016-11-08","2017-01-05","2017-01-10T19:55Z","2017-01-12T20:12Z","NEON.LTR.SRER053878.20170105","NEON.LTR.SRER053878.20170105.TWI","NEON.DOC.001710vE","Twigs/branches",6.55,"N",NA,"j8Qlsy+mKIFpPXmlKY7NH5kCBm442+nv"
"9b88ddde-ed51-4b2a-a5cc-47192511a448","SRER_053.basePlot.ltr","D14","SRER","SRER_053","SRER_053_878","2017-01-12","2016-11-08","2017-01-05","2017-01-10T19:55Z","2017-01-12T20:12Z","NEON.LTR.SRER053878.20170105","NEON.LTR.SRER053878.20170105.NDL","NEON.DOC.001710vE","Needles",0,"N",NA,"j8Qlsy+mKIFpPXmlKY7NH5kCBm442+nv"
"33fa56dc-6d93-46b9-9191-7bc0d0a91abc","SRER_045.basePlot.ltr","D14","SRER","SRER_045","SRER_045_290","2017-01-12","2016-11-08","2017-01-05","2017-01-10T19:55Z","2017-01-12T20:12Z","NEON.LTR.SRER045290.20170105","NEON.LTR.SRER045290.20170105.OTH","NEON.DOC.001710vE","Other",0,"N",NA,"j8Qlsy+mKIFpPXmlKY7NH5kCBm442+nv"
"7197d8b9-672c-46b6-b0d3-e337745ab0e7","SRER_045.basePlot.ltr","D14","SRER","SRER_045","SRER_045_290","2017-01-12","2016-11-08","2017-01-05","2017-01-12T20:00Z","2017-01-13T20:51Z","NEON.LTR.SRER045290.20170105","NEON.LTR.SRER045290.20170105.LVS","NEON.DOC.001710vE","Leaves",26.79,"Y",NA,"j8Qlsy+mKIFpPXmlKY7NH5kCBm442+nv"
"bd96f2ab-bd36-4922-b45c-05ad4e8e93ef","SRER_053.basePlot.ltr","D14","SRER","SRER_053","SRER_053_878","2017-01-12","2016-11-08","2017-01-05","2017-01-10T19:55Z","2017-01-12T20:12Z","NEON.LTR.SRER053878.20170105","NEON.LTR.SRER053878.20170105.LVS","NEON.DOC.001710vE","Leaves",5.83,"N",NA,"j8Qlsy+mKIFpPXmlKY7NH5kCBm442+nv"
"416da44c-5fa9-4e71-bc7b-e179036007d1","SRER_045.basePlot.ltr","D14","SRER","SRER_045","SRER_045_290","2017-01-12","2016-11-08","2017-01-05","2017-01-10T19:55Z","2017-01-12T20:12Z","NEON.LTR.SRER045290.20170105","NEON.LTR.SRER045290.20170105.WDY","NEON.DOC.001710vE","Woody material",0.005,"N",NA,"j8Qlsy+mKIFpPXmlKY7NH5kCBm442+nv"
"47470744-80eb-458a-a165-9aba5a0b5a96","SRER_045.basePlot.ltr","D14","SRER","SRER_045","SRER_045_290","2017-01-12","2016-11-08","2017-01-05","2017-01-10T19:55Z","2017-01-12T20:12Z","NEON.LTR.SRER045290.20170105","NEON.LTR.SRER045290.20170105.TWI","NEON.DOC.001710vE","Twigs/branches",0.91,"N",NA,"j8Qlsy+mKIFpPXmlKY7NH5kCBm442+nv"
"5ca19ff6-a73f-4744-823f-b1c18cd7dcac","SRER_045.basePlot.ltr","D14","SRER","SRER_045","SRER_045_290","2017-01-12","2016-11-08","2017-01-05","2017-01-10T19:55Z","2017-01-12T20:12Z","NEON.LTR.SRER045290.20170105","NEON.LTR.SRER045290.20170105.NDL","NEON.DOC.001710vE","Needles",0,"N",NA,"j8Qlsy+mKIFpPXmlKY7NH5kCBm442+nv"
"1c832d60-a6cf-4b69-9f6b-e81c11c3145a","SRER_045.basePlot.ltr","D14","SRER","SRER_045","SRER_045_290","2017-01-12","2016-11-08","2017-01-05","2017-01-10T19:55Z","2017-01-12T20:12Z","NEON.LTR.SRER045290.20170105","NEON.LTR.SRER045290.20170105.LVS","NEON.DOC.001710vE","Leaves",26.94,"N",NA,"j8Qlsy+mKIFpPXmlKY7NH5kCBm442+nv"
"98d7b88c-dbcd-40ed-b198-d7768416b4bb","SRER_045.basePlot.ltr","D14","SRER","SRER_045","SRER_045_290","2017-01-12","2016-11-08","2017-01-05","2017-01-10T19:55Z","2017-01-12T20:12Z","NEON.LTR.SRER045290.20170105","NEON.LTR.SRER045290.20170105.SDS","NEON.DOC.001710vE","Seeds",0.005,"N",NA,"j8Qlsy+mKIFpPXmlKY7NH5kCBm442+nv"
"5cab261c-95f2-432d-ac21-a6239ba541ac","SRER_045.basePlot.ltr","D14","SRER","SRER_045","SRER_045_290","2017-01-12","2016-11-08","2017-01-05","2017-01-10T19:55Z","2017-01-12T20:12Z","NEON.LTR.SRER045290.20170105","NEON.LTR.SRER045290.20170105.FLR","NEON.DOC.001710vE","Flowers",0.005,"N",NA,"j8Qlsy+mKIFpPXmlKY7NH5kCBm442+nv"
"a213924b-5b77-4f27-ad39-7f55575ca228","SRER_055.basePlot.ltr","D14","SRER","SRER_055","SRER_055_675","2017-01-12","2016-11-08","2017-01-05","2017-01-12T20:00Z","2017-01-13T20:58Z","NEON.LTR.SRER055675.20170105","NEON.LTR.SRER055675.20170105.LVS","NEON.DOC.001710vE","Leaves",14.93,"Y",NA,"j8Qlsy+mKIFpPXmlKY7NH5kCBm442+nv"
"9fe38aff-2c87-4553-914c-20ed462f7e5e","SRER_055.basePlot.ltr","D14","SRER","SRER_055","SRER_055_675","2017-01-12","2016-11-08","2017-01-05","2017-01-12T20:00Z","2017-01-13T21:08Z","NEON.LTR.SRER055675.20170105","NEON.LTR.SRER055675.20170105.TWI","NEON.DOC.001710vE","Twigs/branches",1.32,"Y",NA,"j8Qlsy+mKIFpPXmlKY7NH5kCBm442+nv"
"51bf03e4-10ce-41d9-b5ac-77f23337ec13","SRER_048.basePlot.ltr","D14","SRER","SRER_048","SRER_048_308","2017-01-12","2016-11-08","2017-01-05","2017-01-10T19:55Z","2017-01-12T20:12Z","NEON.LTR.SRER048308.20170105","NEON.LTR.SRER048308.20170105.NDL","NEON.DOC.001710vE","Needles",0,"N",NA,"j8Qlsy+mKIFpPXmlKY7NH5kCBm442+nv"
"7d4a49c0-0729-4962-b5af-c31adf8de3aa","SRER_048.basePlot.ltr","D14","SRER","SRER_048","SRER_048_308","2017-01-12","2016-11-08","2017-01-05","2017-01-10T19:55Z","2017-01-12T20:12Z","NEON.LTR.SRER048308.20170105","NEON.LTR.SRER048308.20170105.LVS","NEON.DOC.001710vE","Leaves",22.68,"N",NA,"j8Qlsy+mKIFpPXmlKY7NH5kCBm442+nv"
"69281d80-f5a6-47b9-9f93-a9f7ab7ee220","SRER_048.basePlot.ltr","D14","SRER","SRER_048","SRER_048_308","2017-01-12","2016-11-08","2017-01-05","2017-01-10T19:55Z","2017-01-12T20:24Z","NEON.LTR.SRER048308.20170105","NEON.LTR.SRER048308.20170105.OTH","NEON.DOC.001710vE","Other",0,"N",NA,"j8Qlsy+mKIFpPXmlKY7NH5kCBm442+nv"
"19bfe0c8-0646-4814-9402-06e553b98deb","SRER_048.basePlot.ltr","D14","SRER","SRER_048","SRER_048_308","2017-01-12","2016-11-08","2017-01-05","2017-01-10T19:55Z","2017-01-12T20:12Z","NEON.LTR.SRER048308.20170105","NEON.LTR.SRER048308.20170105.WDY","NEON.DOC.001710vE","Woody material",0.005,"N",NA,"j8Qlsy+mKIFpPXmlKY7NH5kCBm442+nv"
"03f355f2-3735-4333-9922-2db45a5f8847","SRER_048.basePlot.ltr","D14","SRER","SRER_048","SRER_048_308","2017-01-12","2016-11-08","2017-01-05","2017-01-10T19:55Z","2017-01-12T20:12Z","NEON.LTR.SRER048308.20170105","NEON.LTR.SRER048308.20170105.TWI","NEON.DOC.001710vE","Twigs/branches",0.58,"N",NA,"j8Qlsy+mKIFpPXmlKY7NH5kCBm442+nv"
"c1a273fa-6aea-480b-ae4c-776b7e830403","SRER_054.basePlot.ltr","D14","SRER","SRER_054","SRER_054_524","2017-01-12","2016-11-08","2017-01-05","2017-01-10T19:55Z","2017-01-12T20:12Z","NEON.LTR.SRER054524.20170105","NEON.LTR.SRER054524.20170105.WDY","NEON.DOC.001710vE","Woody material",0.005,"N",NA,"j8Qlsy+mKIFpPXmlKY7NH5kCBm442+nv"
"83061359-9a2e-4c3c-96a0-355d99beaf7d","SRER_048.basePlot.ltr","D14","SRER","SRER_048","SRER_048_308","2017-01-12","2016-11-08","2017-01-05","2017-01-10T19:55Z","2017-01-12T20:12Z","NEON.LTR.SRER048308.20170105","NEON.LTR.SRER048308.20170105.SDS","NEON.DOC.001710vE","Seeds",0,"N",NA,"j8Qlsy+mKIFpPXmlKY7NH5kCBm442+nv"
"a8cfe60a-dfeb-4754-83f1-6a293860ee1d","SRER_048.basePlot.ltr","D14","SRER","SRER_048","SRER_048_308","2017-01-12","2016-11-08","2017-01-05","2017-01-10T19:55Z","2017-01-12T20:12Z","NEON.LTR.SRER048308.20170105","NEON.LTR.SRER048308.20170105.FLR","NEON.DOC.001710vE","Flowers",0,"N",NA,"j8Qlsy+mKIFpPXmlKY7NH5kCBm442+nv"
"aa95869e-d585-4c5f-afeb-21930b0b81f0","SRER_054.basePlot.ltr","D14","SRER","SRER_054","SRER_054_524","2017-01-12","2016-11-08","2017-01-05","2017-01-10T19:55Z","2017-01-12T20:12Z","NEON.LTR.SRER054524.20170105","NEON.LTR.SRER054524.20170105.NDL","NEON.DOC.001710vE","Needles",0,"N",NA,"j8Qlsy+mKIFpPXmlKY7NH5kCBm442+nv"
"2e1cd762-cb57-4076-9c01-893478880403","SRER_054.basePlot.ltr","D14","SRER","SRER_054","SRER_054_524","2017-01-12","2016-11-08","2017-01-05","2017-01-10T19:55Z","2017-01-12T20:12Z","NEON.LTR.SRER054524.20170105","NEON.LTR.SRER054524.20170105.LVS","NEON.DOC.001710vE","Leaves",22.24,"N",NA,"j8Qlsy+mKIFpPXmlKY7NH5kCBm442+nv"
"e453e582-9997-456d-82b3-9fda3482e4c0","SRER_054.basePlot.ltr","D14","SRER","SRER_054","SRER_054_524","2017-01-12","2016-11-08","2017-01-05","2017-01-10T19:55Z","2017-01-12T20:12Z","NEON.LTR.SRER054524.20170105","NEON.LTR.SRER054524.20170105.TWI","NEON.DOC.001710vE","Twigs/branches",0.75,"N",NA,"j8Qlsy+mKIFpPXmlKY7NH5kCBm442+nv"
"eb317765-aa9c-4343-84fe-9b7afe033240","SRER_042.basePlot.ltr","D14","SRER","SRER_042","SRER_042_690","2017-01-12","2016-11-08","2017-01-05","2017-01-10T19:55Z","2017-01-12T20:12Z","NEON.LTR.SRER042690.20170105","NEON.LTR.SRER042690.20170105.SDS","NEON.DOC.001710vE","Seeds",0.005,"N",NA,"j8Qlsy+mKIFpPXmlKY7NH5kCBm442+nv"
"0403437e-9529-4547-a623-970fc18470e1","SRER_054.basePlot.ltr","D14","SRER","SRER_054","SRER_054_524","2017-01-12","2016-11-08","2017-01-05","2017-01-10T19:55Z","2017-01-12T20:12Z","NEON.LTR.SRER054524.20170105","NEON.LTR.SRER054524.20170105.FLR","NEON.DOC.001710vE","Flowers",0.005,"N",NA,"j8Qlsy+mKIFpPXmlKY7NH5kCBm442+nv"
"bbc51521-dbdc-456f-a99b-f43b3a8f67af","SRER_054.basePlot.ltr","D14","SRER","SRER_054","SRER_054_524","2017-01-12","2016-11-08","2017-01-05","2017-01-10T19:55Z","2017-01-12T20:12Z","NEON.LTR.SRER054524.20170105","NEON.LTR.SRER054524.20170105.SDS","NEON.DOC.001710vE","Seeds",0.005,"N",NA,"j8Qlsy+mKIFpPXmlKY7NH5kCBm442+nv"
"3e0bb7ac-6511-4caa-8d93-876768a66e0a","SRER_042.basePlot.ltr","D14","SRER","SRER_042","SRER_042_690","2017-01-12","2016-11-08","2017-01-05","2017-01-10T19:55Z","2017-01-12T20:12Z","NEON.LTR.SRER042690.20170105","NEON.LTR.SRER042690.20170105.NDL","NEON.DOC.001710vE","Needles",0,"N",NA,"j8Qlsy+mKIFpPXmlKY7NH5kCBm442+nv"
"2bd3913b-3996-42bd-86b2-f1097bdbc3f1","SRER_054.basePlot.ltr","D14","SRER","SRER_054","SRER_054_524","2017-01-12","2016-11-08","2017-01-05","2017-01-10T19:55Z","2017-01-12T20:12Z","NEON.LTR.SRER054524.20170105","NEON.LTR.SRER054524.20170105.OTH","NEON.DOC.001710vE","Other",0,"N",NA,"j8Qlsy+mKIFpPXmlKY7NH5kCBm442+nv"
"80533e31-45ed-42c4-8ee0-ec576fbfa7ef","SRER_042.basePlot.ltr","D14","SRER","SRER_042","SRER_042_690","2017-01-12","2016-11-08","2017-01-05","2017-01-10T19:55Z","2017-01-12T20:12Z","NEON.LTR.SRER042690.20170105","NEON.LTR.SRER042690.20170105.LVS","NEON.DOC.001710vE","Leaves",24.02,"N",NA,"j8Qlsy+mKIFpPXmlKY7NH5kCBm442+nv"
"754be91c-48f6-4af4-9972-1d1e82e90125","SRER_055.basePlot.ltr","D14","SRER","SRER_055","SRER_055_675","2017-01-12","2016-11-08","2017-01-05","2017-01-10T19:55Z","2017-01-12T20:12Z","NEON.LTR.SRER055675.20170105","NEON.LTR.SRER055675.20170105.LVS","NEON.DOC.001710vE","Leaves",15.05,"N",NA,"j8Qlsy+mKIFpPXmlKY7NH5kCBm442+nv"
"1141b860-3992-43d6-92fc-f60b684f7062","SRER_042.basePlot.ltr","D14","SRER","SRER_042","SRER_042_690","2017-01-12","2016-11-08","2017-01-05","2017-01-10T19:55Z","2017-01-12T20:12Z","NEON.LTR.SRER042690.20170105","NEON.LTR.SRER042690.20170105.WDY","NEON.DOC.001710vE","Woody material",0.13,"N",NA,"j8Qlsy+mKIFpPXmlKY7NH5kCBm442+nv"
"46abaca8-f5e3-4880-964e-bd67bbfe0f86","SRER_042.basePlot.ltr","D14","SRER","SRER_042","SRER_042_690","2017-01-12","2016-11-08","2017-01-05","2017-01-10T19:55Z","2017-01-12T20:12Z","NEON.LTR.SRER042690.20170105","NEON.LTR.SRER042690.20170105.TWI","NEON.DOC.001710vE","Twigs/branches",2.06,"N",NA,"j8Qlsy+mKIFpPXmlKY7NH5kCBm442+nv"
"5eae2c45-f41d-4107-9e54-b9ff826b24bc","SRER_055.basePlot.ltr","D14","SRER","SRER_055","SRER_055_675","2017-01-12","2016-11-08","2017-01-05","2017-01-10T19:55Z","2017-01-12T20:12Z","NEON.LTR.SRER055675.20170105","NEON.LTR.SRER055675.20170105.NDL","NEON.DOC.001710vE","Needles",0,"N",NA,"j8Qlsy+mKIFpPXmlKY7NH5kCBm442+nv"
"5f96b033-566d-4d3f-9de7-70d91f3e90b7","SRER_042.basePlot.ltr","D14","SRER","SRER_042","SRER_042_690","2017-01-12","2016-11-08","2017-01-05","2017-01-10T19:55Z","2017-01-12T20:12Z","NEON.LTR.SRER042690.20170105","NEON.LTR.SRER042690.20170105.FLR","NEON.DOC.001710vE","Flowers",0,"N",NA,"j8Qlsy+mKIFpPXmlKY7NH5kCBm442+nv"
"ffcb93fa-affc-40c3-83fe-9e98bae39c16","SRER_042.basePlot.ltr","D14","SRER","SRER_042","SRER_042_690","2017-01-12","2016-11-08","2017-01-05","2017-01-10T19:55Z","2017-01-12T20:12Z","NEON.LTR.SRER042690.20170105","NEON.LTR.SRER042690.20170105.OTH","NEON.DOC.001710vE","Other",0,"N",NA,"j8Qlsy+mKIFpPXmlKY7NH5kCBm442+nv"
"1bac4828-a1f8-41ce-aaf9-9aff56f7883e","SRER_055.basePlot.ltr","D14","SRER","SRER_055","SRER_055_675","2017-01-12","2016-11-08","2017-01-05","2017-01-10T19:55Z","2017-01-12T20:12Z","NEON.LTR.SRER055675.20170105","NEON.LTR.SRER055675.20170105.OTH","NEON.DOC.001710vE","Other",0,"N",NA,"j8Qlsy+mKIFpPXmlKY7NH5kCBm442+nv"
"601fc8ff-0746-4541-a3ca-74bdce698060","SRER_055.basePlot.ltr","D14","SRER","SRER_055","SRER_055_675","2017-01-12","2016-11-08","2017-01-05","2017-01-10T19:55Z","2017-01-12T20:12Z","NEON.LTR.SRER055675.20170105","NEON.LTR.SRER055675.20170105.WDY","NEON.DOC.001710vE","Woody material",0.05,"N",NA,"j8Qlsy+mKIFpPXmlKY7NH5kCBm442+nv"
"19cf0fd7-8fdf-47aa-96f6-68189408bf77","SRER_055.basePlot.ltr","D14","SRER","SRER_055","SRER_055_675","2017-01-12","2016-11-08","2017-01-05","2017-01-10T19:55Z","2017-01-12T20:12Z","NEON.LTR.SRER055675.20170105","NEON.LTR.SRER055675.20170105.TWI","NEON.DOC.001710vE","Twigs/branches",1.35,"N",NA,"j8Qlsy+mKIFpPXmlKY7NH5kCBm442+nv"
"8a103ab7-2c7b-47d0-aa10-2cf0cb483686","SRER_055.basePlot.ltr","D14","SRER","SRER_055","SRER_055_675","2017-01-12","2016-11-08","2017-01-05","2017-01-10T19:55Z","2017-01-12T20:12Z","NEON.LTR.SRER055675.20170105","NEON.LTR.SRER055675.20170105.SDS","NEON.DOC.001710vE","Seeds",0,"N",NA,"j8Qlsy+mKIFpPXmlKY7NH5kCBm442+nv"
"9934708e-4f53-4d5a-9fd4-5c102e92d636","SRER_055.basePlot.ltr","D14","SRER","SRER_055","SRER_055_675","2017-01-12","2016-11-08","2017-01-05","2017-01-10T19:55Z","2017-01-12T20:12Z","NEON.LTR.SRER055675.20170105","NEON.LTR.SRER055675.20170105.FLR","NEON.DOC.001710vE","Flowers",0,"N",NA,"j8Qlsy+mKIFpPXmlKY7NH5kCBm442+nv"
